24
CAA47401                	0           	0.20362128  	0.1928836   	0.16415297  	0.14771295  	0.19750574  	0.17516154  	0.10539261  	0.20015589  	0.13478226  	0.12362765  	0.17129386  	0.14776919  	0.19481158  	0.10275375  	0.1714016   	0.1289154   	0.16537836  	0.10508373  	0.13941226  	0.16852076  	0.12058639  	0.17182111  	0.12275998  	
AAB26739                	0.20362128  	0           	0.16914009  	0.09782815  	0.12170333  	0.01541442  	0.09375307  	0.12107288  	0.00438656  	0.11817681  	0.11503148  	0.09059801  	0.1185253   	0.01320085  	0.12097039  	0.0907167   	0.12078672  	0.06123655  	0.11601596  	0.11810098  	0.0956188   	0.11508789  	0.08843594  	0.12071966  	
AAA43731                	0.1928836   	0.16914009  	0           	0.14666468  	0.11933039  	0.16333077  	0.13676385  	0.11347709  	0.16590546  	0.11390249  	0.11063636  	0.13485991  	0.11936701  	0.16072181  	0.11100003  	0.13496863  	0.10849147  	0.14485111  	0.1082376   	0.11364541  	0.13221275  	0.10578804  	0.13527712  	0.11607922  	
AAA43747                	0.16415297  	0.09782815  	0.14666468  	0           	0.09830264  	0.09271594  	0.07452421  	0.09396945  	0.09509396  	0.1020115   	0.09414746  	0.07167702  	0.09789085  	0.09032192  	0.09411045  	0.07162687  	0.09895563  	0.04537984  	0.09149659  	0.09490005  	0.07157489  	0.09190875  	0.07189464  	0.08513486  	
ACA33373                	0.14771295  	0.12170333  	0.11933039  	0.09830264  	0           	0.11634958  	0.08709316  	0.08356432  	0.11879916  	0.04535931  	0.06870382  	0.08170341  	0.0066546   	0.11387827  	0.07616913  	0.0865343   	0.04302113  	0.09637041  	0.0811309   	0.02692183  	0.08403936  	0.06891421  	0.08195236  	0.04066014  	
AAA43735                	0.19750574  	0.01541442  	0.16333077  	0.09271594  	0.11634958  	0           	0.08639146  	0.11574849  	0.01097291  	0.11288043  	0.10978966  	0.08188652  	0.11321267  	0.00218745  	0.11565052  	0.08341549  	0.11546823  	0.05420682  	0.11072935  	0.11281023  	0.08827843  	0.10757612  	0.07970528  	0.11540593  	
AAU94753                	0.17516154  	0.09375307  	0.13676385  	0.07452421  	0.08709316  	0.08639146  	0           	0.09321322  	0.08877102  	0.09124784  	0.09110932  	0.03576591  	0.08671797  	0.08402988  	0.09365227  	0.02003739  	0.09122726  	0.06407548  	0.08831359  	0.08404561  	0.02002363  	0.08877809  	0.0335918   	0.08884257  	
AEP20325                	0.10539261  	0.12107288  	0.11347709  	0.09396945  	0.08356432  	0.11574849  	0.09321322  	0           	0.11818569  	0.07594618  	0.05229426  	0.09009171  	0.0832038   	0.11328978  	0.02917062  	0.09018224  	0.06854793  	0.0880006   	0.01554054  	0.08038556  	0.08767003  	0.04972292  	0.0903625   	0.06371229  	
AAA43729                	0.20015589  	0.00438656  	0.16590546  	0.09509396  	0.11879916  	0.01097291  	0.08877102  	0.11818569  	0           	0.11530954  	0.112199    	0.08566061  	0.11564866  	0.00877115  	0.11808582  	0.08577775  	0.11790313  	0.05650253  	0.11315766  	0.11523691  	0.09064959  	0.1099869   	0.08349864  	0.11783878  	
AEP20391                	0.13478226  	0.11817681  	0.11390249  	0.1020115   	0.04535931  	0.11288043  	0.09124784  	0.07594618  	0.11530954  	0           	0.07329882  	0.08067981  	0.04536261  	0.11043067  	0.05710425  	0.08821646  	0.02458965  	0.09304569  	0.07353928  	0.04053109  	0.08569766  	0.06867703  	0.0809232   	0.04974341  	
AEQ39521                	0.12362765  	0.11503148  	0.11063636  	0.09414746  	0.06870382  	0.10978966  	0.09110932  	0.05229426  	0.112199    	0.07329882  	0           	0.09272618  	0.06871412  	0.10736044  	0.04769879  	0.09281828  	0.06374283  	0.09496106  	0.0499394   	0.06366691  	0.09029131  	0.01776952  	0.09300544  	0.05664386  	
AEF59514                	0.17129386  	0.09059801  	0.13485991  	0.07167702  	0.08170341  	0.08188652  	0.03576591  	0.09009171  	0.08566061  	0.08067981  	0.09272618  	0           	0.08134645  	0.08092355  	0.09550347  	0.03335713  	0.0855426   	0.05664231  	0.08765867  	0.07841668  	0.03336323  	0.08568056  	0.00438965  	0.08574164  	
ACB11757                	0.14776919  	0.1185253   	0.11936701  	0.09789085  	0.0066546   	0.11321267  	0.08671797  	0.0832038   	0.11564866  	0.04536261  	0.06871412  	0.08134645  	0           	0.11075589  	0.07618239  	0.08616266  	0.04302392  	0.09336328  	0.08077794  	0.02692202  	0.08364175  	0.06892462  	0.08159362  	0.04066243  	
AAA43741                	0.19481158  	0.01320085  	0.16072181  	0.09032192  	0.11387827  	0.00218745  	0.08402988  	0.11328978  	0.00877115  	0.11043067  	0.10736044  	0.08092355  	0.11075589  	0           	0.11319376  	0.08103901  	0.11301201  	0.05190368  	0.10828076  	0.11036291  	0.085892    	0.10514595  	0.07875713  	0.11295178  	
AAV28231                	0.10275375  	0.12097039  	0.11100003  	0.09411045  	0.07616913  	0.11565052  	0.09365227  	0.02917062  	0.11808582  	0.05710425  	0.04769879  	0.09550347  	0.07618239  	0.11319376  	0           	0.09559727  	0.05464679  	0.09289099  	0.02461267  	0.07104193  	0.09305196  	0.04516315  	0.09333293  	0.0544913   	
ABL77138                	0.1714016   	0.0907167   	0.13496863  	0.07162687  	0.0865343   	0.08341549  	0.02003739  	0.09018224  	0.08577775  	0.08821646  	0.09281828  	0.03335713  	0.08616266  	0.08103901  	0.09559727  	0           	0.08819751  	0.05894628  	0.08774786  	0.08103941  	0.01321022  	0.08576905  	0.03345701  	0.08583024  	
ACA33427                	0.1289154   	0.12078672  	0.10849147  	0.09895563  	0.04302113  	0.11546823  	0.09122726  	0.06854793  	0.11790313  	0.02458965  	0.06374283  	0.0855426   	0.04302392  	0.11301201  	0.05464679  	0.08819751  	0           	0.09557231  	0.06616767  	0.03821747  	0.08567995  	0.05915502  	0.08580065  	0.04973865  	
AAA43749                	0.16537836  	0.06123655  	0.14485111  	0.04537984  	0.09637041  	0.05420682  	0.06407548  	0.0880006   	0.05650253  	0.09304569  	0.09496106  	0.05664231  	0.09336328  	0.05190368  	0.09289099  	0.05894628  	0.09557231  	0           	0.08556444  	0.09303722  	0.06125246  	0.08791994  	0.05681263  	0.08343264  	
ABO72370                	0.10508373  	0.11601596  	0.1082376   	0.09149659  	0.0811309   	0.11072935  	0.08831359  	0.01554054  	0.11315766  	0.07353928  	0.0499394   	0.08765867  	0.08077794  	0.10828076  	0.02461267  	0.08774786  	0.06616767  	0.08556444  	0           	0.07797826  	0.08524417  	0.04739351  	0.08591701  	0.06134828  	
AEQ39455                	0.13941226  	0.11810098  	0.11364541  	0.09490005  	0.02692183  	0.11281023  	0.08404561  	0.08038556  	0.11523691  	0.04053109  	0.06366691  	0.07841668  	0.02692202  	0.11036291  	0.07104193  	0.08103941  	0.03821747  	0.09303722  	0.07797826  	0           	0.07854514  	0.06386063  	0.07865353  	0.03821453  	
AET21728                	0.16852076  	0.0956188   	0.13221275  	0.07157489  	0.08403936  	0.08827843  	0.02002363  	0.08767003  	0.09064959  	0.08569766  	0.09029131  	0.03336323  	0.08364175  	0.085892    	0.09305196  	0.01321022  	0.08567995  	0.06125246  	0.08524417  	0.07854514  	0           	0.08326058  	0.03346314  	0.08331928  	
AEA92532                	0.12058639  	0.11508789  	0.10578804  	0.09190875  	0.06891421  	0.10757612  	0.08877809  	0.04972292  	0.1099869   	0.06867703  	0.01776952  	0.08568056  	0.06892462  	0.10514595  	0.04516315  	0.08576905  	0.05915502  	0.08791994  	0.04739351  	0.06386063  	0.08326058  	0           	0.08593939  	0.05208184  	
AEF59530                	0.17182111  	0.08843594  	0.13527712  	0.07189464  	0.08195236  	0.07970528  	0.0335918   	0.0903625   	0.08349864  	0.0809232   	0.09300544  	0.00438965  	0.08159362  	0.07875713  	0.09333293  	0.03345701  	0.08580065  	0.05681263  	0.08591701  	0.07865353  	0.03346314  	0.08593939  	0           	0.08600088  	
ABL76874                	0.12275998  	0.12071966  	0.11607922  	0.08513486  	0.04066014  	0.11540593  	0.08884257  	0.06371229  	0.11783878  	0.04974341  	0.05664386  	0.08574164  	0.04066243  	0.11295178  	0.0544913   	0.08583024  	0.04973865  	0.08343264  	0.06134828  	0.03821453  	0.08331928  	0.05208184  	0.08600088  	0           	
