24
T21            0.00000000    0.27406040    0.31815192    0.21165629    0.21165629    0.23386402    0.22563847    0.18628510    0.16274222    0.16760379    0.18057385    0.16319750    0.14989579    0.16636362    0.14918939    0.15248246    0.14221548    0.16274222    0.14791893    0.14791893    0.24561311    0.28092659    0.27258807    0.12953491
T13            0.27406040    0.00000000    0.08267849    0.34112068    0.34112068    0.33156915    0.32214139    0.28372769    0.26031590    0.28005307    0.30455885    0.26895332    0.26536995    0.29173565    0.25835408    0.27491393    0.26536995    0.28184386    0.26031590    0.26895332    0.34529884    0.38781254    0.36684255    0.29543424
T1             0.31815192    0.08267849    0.00000000    0.40216493    0.40216493    0.36618928    0.36244653    0.32403725    0.31627940    0.33156915    0.35811971    0.31974866    0.30993263    0.34473494    0.31130899    0.32619167    0.31574732    0.33387262    0.31046432    0.31737902    0.40042706    0.42845191    0.40216493    0.31990300
T14            0.21165629    0.34112068    0.40216493    0.00000000    0.00000000    0.17764442    0.16475035    0.13246767    0.10577922    0.10795427    0.13201214    0.18554791    0.17990818    0.19103445    0.17154273    0.18260679    0.16925771    0.19607444    0.17249949    0.17742985    0.29881272    0.35138422    0.32455767    0.26278202
T16            0.21165629    0.34112068    0.40216493    0.00000000    0.00000000    0.17764442    0.16475035    0.13246767    0.10577922    0.10795427    0.13201214    0.18554791    0.17990818    0.19103445    0.17154273    0.18260679    0.16925771    0.19607444    0.17249949    0.17742985    0.29881272    0.35138422    0.32455767    0.26278202
T23            0.23386402    0.33156915    0.36618928    0.17764442    0.17764442    0.00000000    0.01415495    0.09664528    0.09889209    0.10577922    0.13481000    0.18379771    0.18354176    0.18379771    0.17990818    0.18904364    0.17004734    0.18878133    0.18158506    0.17563490    0.30652273    0.35385283    0.33626494    0.27684117
T4             0.22563847    0.32214139    0.36244653    0.16475035    0.16475035    0.01415495    0.00000000    0.08984139    0.09206803    0.09889209    0.12764354    0.17612823    0.17587722    0.18158506    0.17229058    0.18131909    0.16252726    0.18106188    0.17393519    0.16805351    0.29741342    0.34776165    0.33030389    0.27448176
T9             0.18628510    0.28372769    0.32403725    0.13246767    0.13246767    0.09664528    0.08984139    0.00000000    0.06296987    0.06952968    0.08320481    0.15051241    0.14297389    0.15837493    0.14696596    0.15289888    0.14257847    0.16586029    0.15096446    0.14533888    0.26982985    0.32030474    0.30129697    0.23513449
T8             0.16274222    0.26031590    0.31627940    0.10577922    0.10577922    0.09889209    0.09206803    0.06296987    0.00000000    0.02233618    0.06056286    0.14297389    0.12024823    0.14297389    0.13201214    0.13263550    0.12270115    0.15029865    0.13572072    0.13030271    0.22861107    0.28560519    0.26117356    0.20986016
T10            0.16760379    0.28005307    0.33156915    0.10795427    0.10795427    0.10577922    0.09889209    0.06952968    0.02233618    0.00000000    0.06488161    0.15029865    0.13230782    0.15029865    0.13921750    0.14494643    0.12981815    0.15769645    0.14297389    0.13749741    0.23386402    0.28793070    0.26346706    0.21788844
T12            0.18057385    0.30455885    0.35811971    0.13201214    0.13201214    0.13481000    0.12764354    0.08320481    0.06056286    0.06488161    0.00000000    0.17097549    0.15488004    0.16562130    0.15932660    0.16054888    0.14714010    0.17317844    0.16078207    0.15248246    0.26304383    0.31974866    0.29407209    0.23127409
T11            0.16319750    0.26895332    0.31974866    0.18554791    0.18554791    0.18379771    0.17612823    0.15051241    0.14297389    0.15029865    0.17097549    0.00000000    0.06744611    0.08563929    0.06044142    0.06505352    0.06061725    0.07170345    0.06304993    0.06067856    0.21908855    0.26708215    0.23724976    0.19354991
T5             0.14989579    0.26536995    0.30993263    0.17990818    0.17990818    0.18354176    0.17587722    0.14297389    0.12024823    0.13230782    0.15488004    0.06744611    0.00000000    0.07404645    0.05606608    0.06498922    0.06056286    0.07614770    0.06296987    0.05622017    0.21877414    0.26346706    0.23989923    0.18782199
T15            0.16636362    0.29173565    0.34473494    0.19103445    0.19103445    0.18379771    0.18158506    0.15837493    0.14297389    0.15029865    0.16562130    0.08563929    0.07404645    0.00000000    0.07150742    0.07632029    0.07404645    0.08773138    0.07434257    0.07186945    0.23236829    0.27547135    0.26078228    0.21103601
T7             0.14918939    0.25835408    0.31130899    0.17154273    0.17154273    0.17990818    0.17229058    0.14696596    0.13201214    0.13921750    0.15932660    0.06044142    0.05606608    0.07150742    0.00000000    0.05823577    0.05175487    0.06918940    0.05613773    0.05391800    0.21243478    0.26496831    0.24146077    0.18431666
T22            0.15248246    0.27491393    0.32619167    0.18260679    0.18260679    0.18904364    0.18131909    0.15289888    0.13263550    0.14494643    0.16054888    0.06505352    0.06498922    0.07632029    0.05823577    0.00000000    0.05182647    0.06271876    0.05413636    0.05403610    0.21587943    0.26346706    0.23989923    0.19055763
T20            0.14221548    0.26536995    0.31574732    0.16925771    0.16925771    0.17004734    0.16252726    0.14257847    0.12270115    0.12981815    0.14714010    0.06061725    0.06056286    0.07404645    0.05175487    0.05182647    0.00000000    0.03910664    0.03069989    0.04117320    0.20446601    0.25407279    0.23687248    0.18510129
T19            0.16274222    0.28184386    0.33387262    0.19607444    0.19607444    0.18878133    0.18106188    0.16586029    0.15029865    0.15769645    0.17317844    0.07170345    0.07614770    0.08773138    0.06918940    0.06271876    0.03910664    0.00000000    0.04560079    0.05627170    0.22722996    0.27581058    0.25802231    0.20986016
T2             0.14791893    0.26031590    0.31046432    0.17249949    0.17249949    0.18158506    0.17393519    0.15096446    0.13572072    0.14297389    0.16078207    0.06304993    0.06296987    0.07434257    0.05613773    0.05413636    0.03069989    0.04560079    0.00000000    0.04344032    0.20816622    0.26800139    0.25036683    0.18081345
T3             0.14791893    0.26895332    0.31737902    0.17742985    0.17742985    0.17563490    0.16805351    0.14533888    0.13030271    0.13749741    0.15248246    0.06067856    0.05622017    0.07186945    0.05391800    0.05403610    0.04117320    0.05627170    0.04344032    0.00000000    0.21329900    0.26073954    0.24334042    0.18034308
T0             0.24561311    0.34529884    0.40042706    0.29881272    0.29881272    0.30652273    0.29741342    0.26982985    0.22861107    0.23386402    0.26304383    0.21908855    0.21877414    0.23236829    0.21243478    0.21587943    0.20446601    0.22722996    0.20816622    0.21329900    0.00000000    0.16436626    0.14173222    0.26934254
T6             0.28092659    0.38781254    0.42845191    0.35138422    0.35138422    0.35385283    0.34776165    0.32030474    0.28560519    0.28793070    0.31974866    0.26708215    0.26346706    0.27547135    0.26496831    0.26346706    0.25407279    0.27581058    0.26800139    0.26073954    0.16436626    0.00000000    0.02866732    0.32352900
T17            0.27258807    0.36684255    0.40216493    0.32455767    0.32455767    0.33626494    0.33030389    0.30129697    0.26117356    0.26346706    0.29407209    0.23724976    0.23989923    0.26078228    0.24146077    0.23989923    0.23687248    0.25802231    0.25036683    0.24334042    0.14173222    0.02866732    0.00000000    0.29789900
T18            0.12953491    0.29543424    0.31990300    0.26278202    0.26278202    0.27684117    0.27448176    0.23513449    0.20986016    0.21788844    0.23127409    0.19354991    0.18782199    0.21103601    0.18431666    0.19055763    0.18510129    0.20986016    0.18081345    0.18034308    0.26934254    0.32352900    0.29789900    0.00000000

