24
T7             0.00000000    0.42663656    0.43756844    0.42600116    0.41594779    0.39827502    0.39007992    0.40153567    0.40153567    0.39768783    0.47925200    0.39276758    0.39276758    0.29436585    0.29480383    0.29352360    0.27266161    0.26090315    0.26951605    0.25014925    0.31187027    0.30171801    0.31374409    0.32681846
T10            0.42663656    0.00000000    0.07155326    0.06926266    0.04965990    0.09418384    0.09876814    0.10112129    0.10112129    0.09876814    0.16673755    0.09859046    0.11041236    0.37901057    0.38339915    0.37785375    0.38532212    0.37768493    0.38148893    0.35385817    0.47609152    0.44369057    0.45558482    0.46771327
T14            0.43756844    0.07155326    0.00000000    0.07161861    0.05835610    0.09886811    0.10348557    0.10586109    0.10586109    0.10112129    0.17658144    0.10328571    0.11522056    0.40349316    0.40821238    0.40210201    0.41049910    0.40243021    0.40644837    0.37329817    0.47484417    0.44672366    0.45018087    0.46228003
T15            0.42600116    0.06926266    0.07161861    0.00000000    0.05831338    0.09876814    0.10102320    0.10338189    0.10338189    0.10102320    0.16853610    0.09851280    0.11030678    0.40279038    0.40747922    0.40142807    0.40568796    0.39771565    0.40168590    0.36898111    0.48567106    0.46417341    0.46338183    0.47565861
T3             0.41594779    0.04965990    0.05835610    0.05831338    0.00000000    0.08052506    0.08501995    0.08731897    0.08731897    0.08501995    0.16411936    0.08487733    0.09642602    0.38785949    0.39239305    0.38278580    0.37897708    0.37139777    0.37517306    0.34521014    0.45759170    0.44098861    0.44025586    0.44787687
T19            0.39827502    0.09418384    0.09886811    0.09876814    0.08052506    0.00000000    0.01212488    0.01417409    0.01417409    0.01212488    0.12716130    0.04123981    0.05206321    0.35350676    0.35775319    0.34521014    0.35223300    0.34495711    0.34858181    0.31884949    0.43341738    0.41060132    0.41390837    0.42526654
T23            0.39007992    0.09876814    0.10348557    0.10102320    0.08501995    0.01212488    0.00000000    0.00603631    0.00603631    0.00401610    0.12949332    0.04334257    0.05418945    0.35293772    0.35715792    0.34469244    0.35162623    0.34437674    0.34798834    0.31839157    0.42876301    0.40603056    0.40541338    0.41658151
T18            0.40153567    0.10112129    0.10586109    0.10338189    0.08731897    0.01417409    0.00603631    0.00000000    0.00000000    0.00603631    0.13445672    0.04765311    0.05859500    0.36393172    0.36827424    0.35544970    0.35529080    0.34798834    0.35162623    0.32866947    0.43278095    0.40995394    0.40932141    0.42056747
T17            0.40153567    0.10112129    0.10586109    0.10338189    0.08731897    0.01417409    0.00603631    0.00000000    0.00000000    0.00603631    0.13445672    0.04765311    0.05859500    0.36393172    0.36827424    0.35544970    0.35529080    0.34798834    0.35162623    0.32866947    0.43278095    0.40995394    0.40932141    0.42056747
T16            0.39768783    0.09876814    0.10112129    0.10102320    0.08501995    0.01212488    0.00401610    0.00603631    0.00603631    0.00000000    0.13196886    0.04549319    0.05638737    0.36024011    0.36454125    0.35183815    0.35898244    0.35162623    0.35529080    0.32521996    0.43683147    0.41390837    0.41326024    0.42458548
T6             0.47925200    0.16673755    0.17658144    0.16853610    0.16411936    0.12716130    0.12949332    0.13445672    0.13445672    0.13196886    0.00000000    0.11052553    0.12021208    0.43907854    0.44407901    0.43756844    0.46664673    0.45348023    0.46221924    0.43004668    0.52937074    0.50841589    0.48931553    0.50203339
T5             0.39276758    0.09859046    0.10328571    0.09851280    0.08487733    0.04123981    0.04334257    0.04765311    0.04765311    0.04549319    0.11052553    0.00000000    0.01010142    0.35798721    0.36218196    0.35335368    0.36765080    0.36024011    0.36393172    0.33369377    0.43962417    0.40870374    0.39655704    0.40751309
T22            0.39276758    0.11041236    0.11522056    0.11030678    0.09642602    0.05206321    0.05418945    0.05859500    0.05859500    0.05638737    0.12021208    0.01010142    0.00000000    0.36528953    0.36956522    0.36055078    0.37517306    0.36765080    0.37139777    0.34066500    0.44370776    0.42056747    0.40810096    0.41928360
T13            0.29436585    0.37901057    0.40349316    0.40279038    0.38785949    0.35350676    0.35293772    0.36393172    0.36393172    0.36024011    0.43907854    0.35798721    0.36528953    0.00000000    0.00805149    0.03701131    0.16386857    0.15854841    0.16871425    0.15045209    0.29558204    0.24773405    0.27749190    0.27400333
T4             0.29480383    0.38339915    0.40821238    0.40747922    0.39239305    0.35775319    0.35715792    0.36827424    0.36827424    0.36454125    0.44407901    0.36218196    0.36956522    0.00805149    0.00000000    0.03280739    0.15352001    0.14829716    0.15830695    0.14036166    0.29924316    0.25104756    0.27470030    0.27749190
T1             0.29352360    0.37785375    0.40210201    0.40142807    0.38278580    0.34521014    0.34469244    0.35544970    0.35544970    0.35183815    0.43756844    0.35335368    0.36055078    0.03701131    0.03280739    0.00000000    0.15807367    0.15283716    0.16289580    0.14489250    0.30132754    0.25921512    0.28310799    0.27400333
T8             0.27266161    0.38532212    0.41049910    0.40568796    0.37897708    0.35223300    0.35162623    0.35529080    0.35529080    0.35898244    0.46664673    0.36765080    0.37517306    0.16386857    0.15352001    0.15807367    0.00000000    0.03082307    0.03073308    0.08760285    0.30212006    0.27942013    0.28784907    0.29068075
T21            0.26090315    0.37768493    0.40243021    0.39771565    0.37139777    0.34495711    0.34437674    0.34798834    0.34798834    0.35162623    0.45348023    0.36024011    0.36765080    0.15854841    0.14829716    0.15283716    0.03082307    0.00000000    0.03284732    0.08298351    0.28988214    0.26752398    0.27582709    0.27861621
T0             0.26951605    0.38148893    0.40644837    0.40168590    0.37517306    0.34858181    0.34798834    0.35162623    0.35162623    0.35529080    0.46221924    0.36393172    0.37139777    0.16871425    0.15830695    0.16289580    0.03073308    0.03284732    0.00000000    0.08740640    0.29234483    0.26364141    0.27266161    0.27544068
T9             0.25014925    0.35385817    0.37329817    0.36898111    0.34521014    0.31884949    0.31839157    0.32866947    0.32866947    0.32521996    0.43004668    0.33369377    0.34066500    0.15045209    0.14036166    0.14489250    0.08760285    0.08298351    0.08740640    0.00000000    0.26383480    0.25345111    0.26471273    0.27056479
T12            0.31187027    0.47609152    0.47484417    0.48567106    0.45759170    0.43341738    0.42876301    0.43278095    0.43278095    0.43683147    0.52937074    0.43962417    0.44370776    0.29558204    0.29924316    0.30132754    0.30212006    0.28988214    0.29234483    0.26383480    0.00000000    0.09947818    0.10837047    0.11547774
T2             0.30171801    0.44369057    0.44672366    0.46417341    0.44098861    0.41060132    0.40603056    0.40995394    0.40995394    0.41390837    0.50841589    0.40870374    0.42056747    0.24773405    0.25104756    0.25921512    0.27942013    0.26752398    0.26364141    0.25345111    0.09947818    0.00000000    0.08808138    0.09029325
T11            0.31374409    0.45558482    0.45018087    0.46338183    0.44025586    0.41390837    0.40541338    0.40932141    0.40932141    0.41326024    0.48931553    0.39655704    0.40810096    0.27749190    0.27470030    0.28310799    0.28784907    0.27582709    0.27266161    0.26471273    0.10837047    0.08808138    0.00000000    0.02664905
T20            0.32681846    0.46771327    0.46228003    0.47565861    0.44787687    0.42526654    0.41658151    0.42056747    0.42056747    0.42458548    0.50203339    0.40751309    0.41928360    0.27400333    0.27749190    0.27400333    0.29068075    0.27861621    0.27544068    0.27056479    0.11547774    0.09029325    0.02664905    0.00000000

