24
T20            0.00000000    0.22589700    0.18712403    0.22771274    0.23941548    0.19197372    0.19508956    0.18963765    0.29130734    0.20529572    0.18461944    0.20082944    0.20571667    0.28226201    0.14406598    0.12703703    0.15394396    0.14644900    0.14392297    0.14659842    0.14884025    0.10059572    0.11720193    0.12668973
T8             0.22589700    0.00000000    0.10426987    0.22881407    0.22824375    0.17131577    0.16379872    0.17430158    0.26691564    0.18461944    0.21984870    0.24001560    0.24209078    0.31937456    0.22712015    0.20777524    0.22712015    0.21578102    0.21290589    0.22483792    0.22942348    0.21751288    0.22299688    0.23766896
T21            0.18712403    0.10426987    0.00000000    0.17677406    0.18712403    0.13373318    0.12902950    0.13890895    0.23229214    0.14870096    0.17626279    0.19488627    0.19705035    0.27195678    0.18845403    0.17020656    0.18571304    0.17780239    0.17511307    0.18896868    0.19071586    0.17696218    0.19299841    0.19852585
T11            0.22771274    0.22881407    0.17677406    0.00000000    0.03073359    0.14930794    0.15927447    0.15927447    0.23566550    0.15893476    0.23275702    0.25017781    0.25289415    0.32872750    0.23469984    0.21519874    0.23704651    0.22852401    0.22561546    0.24435909    0.25207175    0.23618774    0.24537136    0.24903030
T15            0.23941548    0.22824375    0.18712403    0.03073359    0.00000000    0.15927447    0.16938275    0.16938275    0.24101768    0.16902253    0.23275702    0.25017781    0.24989844    0.32184863    0.24972522    0.22974277    0.25513183    0.24634046    0.24332654    0.25353976    0.26130886    0.24506868    0.25444057    0.25207175
T9             0.19197372    0.17131577    0.13373318    0.14930794    0.15927447    0.00000000    0.03277433    0.03701195    0.16431063    0.08033390    0.19146926    0.20529572    0.21267788    0.27789466    0.19095853    0.17757923    0.20386109    0.19575448    0.19299841    0.19929608    0.20667145    0.18675275    0.20060167    0.20617533
T7             0.19508956    0.16379872    0.12902950    0.15927447    0.16938275    0.03277433    0.00000000    0.02041166    0.17449138    0.08716876    0.18641788    0.20017401    0.20749147    0.28185420    0.19704454    0.18074547    0.20720482    0.19903023    0.19624336    0.19481316    0.20493282    0.18983518    0.20386109    0.20949773
T14            0.18963765    0.17430158    0.13890895    0.15927447    0.16938275    0.03701195    0.02041166    0.00000000    0.17984116    0.09177788    0.19450740    0.20851126    0.21585180    0.28831072    0.19704454    0.18074547    0.20156813    0.19347196    0.19071586    0.20045001    0.20777524    0.18712403    0.20106646    0.20667145
T3             0.29130734    0.26691564    0.23229214    0.23566550    0.24101768    0.16431063    0.17449138    0.17984116    0.00000000    0.14184410    0.28660147    0.30281754    0.30769330    0.38429498    0.29276923    0.27403923    0.29774275    0.29487338    0.29165569    0.29770483    0.29928882    0.28150035    0.28495384    0.29383189
T12            0.20529572    0.18461944    0.14870096    0.15893476    0.16902253    0.08033390    0.08716876    0.09177788    0.14184410    0.00000000    0.19926885    0.21324981    0.22070564    0.30546905    0.20437852    0.18524890    0.21751288    0.20923701    0.20641872    0.21290589    0.22038796    0.19723330    0.21132157    0.22272375
T22            0.18461944    0.21984870    0.17626279    0.23275702    0.23275702    0.19146926    0.18641788    0.19450740    0.28660147    0.19926885    0.00000000    0.03492672    0.06735390    0.20807427    0.17202928    0.16998776    0.18547654    0.17489715    0.17222940    0.18322488    0.18547654    0.17944177    0.19828738    0.20106646
T2             0.20082944    0.24001560    0.19488627    0.25017781    0.25017781    0.20529572    0.20017401    0.20851126    0.30281754    0.21324981    0.03492672    0.00000000    0.08088626    0.22223528    0.18298702    0.17511307    0.19903023    0.18821001    0.18547654    0.20238936    0.20465108    0.19277522    0.21207129    0.21207129
T1             0.20571667    0.24209078    0.19705035    0.25289415    0.24989844    0.21267788    0.20749147    0.21585180    0.30769330    0.22070564    0.06735390    0.08088626    0.00000000    0.23304094    0.20667145    0.19071586    0.21234009    0.20131270    0.19852585    0.19650140    0.19599438    0.20828824    0.21414779    0.22038796
T4             0.28226201    0.31937456    0.27195678    0.32872750    0.32184863    0.27789466    0.28185420    0.28831072    0.38429498    0.30546905    0.20807427    0.22223528    0.23304094    0.00000000    0.27058367    0.26783897    0.27841787    0.27564163    0.27242367    0.27518953    0.27431722    0.25750063    0.25242343    0.26404668
T17            0.14406598    0.22712015    0.18845403    0.23469984    0.24972522    0.19095853    0.19704454    0.19704454    0.29276923    0.20437852    0.17202928    0.18298702    0.20667145    0.27058367    0.00000000    0.04349305    0.06067133    0.05194696    0.04977282    0.08289550    0.09428424    0.13947910    0.15025184    0.15503310
T0             0.12703703    0.20777524    0.17020656    0.21519874    0.22974277    0.17757923    0.18074547    0.18074547    0.27403923    0.18524890    0.16998776    0.17511307    0.19071586    0.26783897    0.04349305    0.00000000    0.04988098    0.04343660    0.04128585    0.07387342    0.08740985    0.11522654    0.12761053    0.13259966
T6             0.15394396    0.22712015    0.18571304    0.23704651    0.25513183    0.20386109    0.20720482    0.20156813    0.29774275    0.21751288    0.18547654    0.19903023    0.21234009    0.27841787    0.06067133    0.04988098    0.00000000    0.01619032    0.01414108    0.09177788    0.10093667    0.14421718    0.15984720    0.16511248
T23            0.14644900    0.21578102    0.17780239    0.22852401    0.24634046    0.19575448    0.19903023    0.19347196    0.29487338    0.20923701    0.17489715    0.18821001    0.20131270    0.27564163    0.05194696    0.04343660    0.01619032    0.00000000    0.00200402    0.08494789    0.09401667    0.13681739    0.15223922    0.15743602
T18            0.14392297    0.21290589    0.17511307    0.22561546    0.24332654    0.19299841    0.19624336    0.19071586    0.29165569    0.20641872    0.17222940    0.18547654    0.19852585    0.27242367    0.04977282    0.04128585    0.01414108    0.00200402    0.00000000    0.08266442    0.09170145    0.13432289    0.14966097    0.15483086
T16            0.14659842    0.22483792    0.18896868    0.24435909    0.25353976    0.19929608    0.19481316    0.20045001    0.29770483    0.21290589    0.18322488    0.20238936    0.19650140    0.27518953    0.08289550    0.07387342    0.09177788    0.08494789    0.08266442    0.00000000    0.02862818    0.14421718    0.15463686    0.15723523
T13            0.14884025    0.22942348    0.19071586    0.25207175    0.26130886    0.20667145    0.20493282    0.20777524    0.29928882    0.22038796    0.18547654    0.20465108    0.19599438    0.27431722    0.09428424    0.08740985    0.10093667    0.09401667    0.09170145    0.02862818    0.00000000    0.15410467    0.15945698    0.16206893
T5             0.10059572    0.21751288    0.17696218    0.23618774    0.24506868    0.18675275    0.18983518    0.18712403    0.28150035    0.19723330    0.17944177    0.19277522    0.20828824    0.25750063    0.13947910    0.11522654    0.14421718    0.13681739    0.13432289    0.14421718    0.15410467    0.00000000    0.04116971    0.05403020
T19            0.11720193    0.22299688    0.19299841    0.24537136    0.25444057    0.20060167    0.20386109    0.20106646    0.28495384    0.21132157    0.19828738    0.21207129    0.21414779    0.25242343    0.15025184    0.12761053    0.15984720    0.15223922    0.14966097    0.15463686    0.15945698    0.04116971    0.00000000    0.05846354
T10            0.12668973    0.23766896    0.19852585    0.24903030    0.25207175    0.20617533    0.20949773    0.20667145    0.29383189    0.22272375    0.20106646    0.21207129    0.22038796    0.26404668    0.15503310    0.13259966    0.16511248    0.15743602    0.15483086    0.15723523    0.16206893    0.05403020    0.05846354    0.00000000

