24
T20            0.00000000    0.22327758    0.26442233    0.21491988    0.17449056    0.26521231    0.18712350    0.20183064    0.19877175    0.19347029    0.17202837    0.17944114    0.18027435    0.19347029    0.23941377    0.22172805    0.23088036    0.22272219    0.23439022    0.18845219    0.20267855    0.18178648    0.20777260    0.21774868
T3             0.22327758    0.00000000    0.04988083    0.04124053    0.10102735    0.22096314    0.14421663    0.13728562    0.13461442    0.13227164    0.12993675    0.13917742    0.23269995    0.22911145    0.27195387    0.25864282    0.25924512    0.25017665    0.25924512    0.20949590    0.21206956    0.18923680    0.22190038    0.23075496
T16            0.26442233    0.04988083    0.00000000    0.06960118    0.12716818    0.24972173    0.16957484    0.16776448    0.16489799    0.15723405    0.15482961    0.16169803    0.27154565    0.26442233    0.31643624    0.29201321    0.29276617    0.28633111    0.29928524    0.24065294    0.24633747    0.22552413    0.25392760    0.26330890
T2             0.21491988    0.04124053    0.06960118    0.00000000    0.09642982    0.19852436    0.13432251    0.14509393    0.13728562    0.13493819    0.12513378    0.13681693    0.22711707    0.21836603    0.25682992    0.24691994    0.24747055    0.23859022    0.24747055    0.20411341    0.20666977    0.18124773    0.20777260    0.21639777
T4             0.17449056    0.10102735    0.12716818    0.09642982    0.00000000    0.16998639    0.09859431    0.10610723    0.10360135    0.09428396    0.08281115    0.09394236    0.15945605    0.15651503    0.20923542    0.19469202    0.18963722    0.19552257    0.20385955    0.15170152    0.16449740    0.14253556    0.17243687    0.17287983
T18            0.26521231    0.22096314    0.24972173    0.19852436    0.16998639    0.00000000    0.19902828    0.21157989    0.20837940    0.20297937    0.18372472    0.18346954    0.25744717    0.25663334    0.28426519    0.29683475    0.29356454    0.28466096    0.28788892    0.25432990    0.26647559    0.24444668    0.26647559    0.27380532
T0             0.18712350    0.14421663    0.16957484    0.13432251    0.09859431    0.19902828    0.00000000    0.04982347    0.04545272    0.04982347    0.03274720    0.04323635    0.17715817    0.17944114    0.22771170    0.20183560    0.20216480    0.21888593    0.22746129    0.17183712    0.18232537    0.14984857    0.18502909    0.18547505
T19            0.20183064    0.13728562    0.16776448    0.14509393    0.10610723    0.21157989    0.04982347    0.00000000    0.01008409    0.03710351    0.04146051    0.05200234    0.18621042    0.18845219    0.24365761    0.21934718    0.21414668    0.21751109    0.22618600    0.17803251    0.19146850    0.17142553    0.19985236    0.19762072
T5             0.19877175    0.13461442    0.16489799    0.13728562    0.10360135    0.20837940    0.04545272    0.01008409    0.00000000    0.03492665    0.03924503    0.04977276    0.18322310    0.18547505    0.23439022    0.20828767    0.20874266    0.21724518    0.22589500    0.17511166    0.18845219    0.16847525    0.18845219    0.18621042
T6             0.19347029    0.13227164    0.15723405    0.13493819    0.09428396    0.20297937    0.04982347    0.03710351    0.03492665    0.00000000    0.03715899    0.04765407    0.18346954    0.18571134    0.23766625    0.21934718    0.21984729    0.22272219    0.23144755    0.16998639    0.18050462    0.16604694    0.19424751    0.19481041
T1             0.17202837    0.12993675    0.15482961    0.12513378    0.08281115    0.18372472    0.03274720    0.04146051    0.03924503    0.03715899    0.00000000    0.01822286    0.16489799    0.16712989    0.20898434    0.18910013    0.18944903    0.20315370    0.21156078    0.15445024    0.16469346    0.14272867    0.16998639    0.17043216
T17            0.17944114    0.13917742    0.16169803    0.13681693    0.09394236    0.18346954    0.04323635    0.05200234    0.04977276    0.04765407    0.01822286    0.00000000    0.17449056    0.17944114    0.22771170    0.20183560    0.20216480    0.21605990    0.22458644    0.16396037    0.18232537    0.15463578    0.18774753    0.18547505
T12            0.18027435    0.23269995    0.27154565    0.22711707    0.15945605    0.25744717    0.17715817    0.18621042    0.18322310    0.18346954    0.16489799    0.17449056    0.00000000    0.04982347    0.21898341    0.21004490    0.20493034    0.21519660    0.22679706    0.17091193    0.18151278    0.16173757    0.19823514    0.20393608
T8             0.19347029    0.22911145    0.26442233    0.21836603    0.15651503    0.25663334    0.17944114    0.18845219    0.18547505    0.18571134    0.16712989    0.17944114    0.04982347    0.00000000    0.20693157    0.21233811    0.20437651    0.21181044    0.22327758    0.15984591    0.18099133    0.15856164    0.18647315    0.20328925
T23            0.23941377    0.27195387    0.31643624    0.25682992    0.20923542    0.28426519    0.22771170    0.24365761    0.23439022    0.23766625    0.20898434    0.22771170    0.21898341    0.20693157    0.00000000    0.14965992    0.13477234    0.16152584    0.16152584    0.20976573    0.21751109    0.19956860    0.22327758    0.23799209
T13            0.22172805    0.25864282    0.29201321    0.24691994    0.19469202    0.29683475    0.20183560    0.21934718    0.20828767    0.21934718    0.18910013    0.20183560    0.21004490    0.21233811    0.14965992    0.00000000    0.05213326    0.15170152    0.15685780    0.19552257    0.21439489    0.19372038    0.22011184    0.22299505
T21            0.23088036    0.25924512    0.29276617    0.24747055    0.18963722    0.29356454    0.20216480    0.21414668    0.20874266    0.21984729    0.18944903    0.20216480    0.20493034    0.20437651    0.13477234    0.05213326    0.00000000    0.13932388    0.14437585    0.19877175    0.21491988    0.19424751    0.21491988    0.21778656
T10            0.22272219    0.25017665    0.28633111    0.23859022    0.19552257    0.28466096    0.21888593    0.21751109    0.21724518    0.22272219    0.20315370    0.21605990    0.21519660    0.21181044    0.16152584    0.15170152    0.13932388    0.00000000    0.01214656    0.21233811    0.21206956    0.18870488    0.22648669    0.23534112
T9             0.23439022    0.25924512    0.29928524    0.24747055    0.20385955    0.28788892    0.22746129    0.22618600    0.22589500    0.23144755    0.21156078    0.22458644    0.22679706    0.22327758    0.16152584    0.15685780    0.14437585    0.01214656    0.00000000    0.21807154    0.21778656    0.19424751    0.23832784    0.24739670
T15            0.18845219    0.20949590    0.24065294    0.20411341    0.15170152    0.25432990    0.17183712    0.17803251    0.17511166    0.16998639    0.15445024    0.16396037    0.17091193    0.15984591    0.20976573    0.19552257    0.19877175    0.21233811    0.21807154    0.00000000    0.12239225    0.08982498    0.12730751    0.12978341
T11            0.20267855    0.21206956    0.24633747    0.20666977    0.16449740    0.26647559    0.18232537    0.19146850    0.18845219    0.18050462    0.16469346    0.18232537    0.18151278    0.18099133    0.21751109    0.21439489    0.21491988    0.21206956    0.21778656    0.12239225    0.00000000    0.09673561    0.14217340    0.14984857
T7             0.18178648    0.18923680    0.22552413    0.18124773    0.14253556    0.24444668    0.14984857    0.17142553    0.16847525    0.16604694    0.14272867    0.15463578    0.16173757    0.15856164    0.19956860    0.19372038    0.19424751    0.18870488    0.19424751    0.08982498    0.09673561    0.00000000    0.07880270    0.08574858
T14            0.20777260    0.22190038    0.25392760    0.20777260    0.17243687    0.26647559    0.18502909    0.19985236    0.18845219    0.19424751    0.16998639    0.18774753    0.19823514    0.18647315    0.22327758    0.22011184    0.21491988    0.22648669    0.23832784    0.12730751    0.14217340    0.07880270    0.00000000    0.05200234
T22            0.21774868    0.23075496    0.26330890    0.21639777    0.17287983    0.27380532    0.18547505    0.19762072    0.18621042    0.19481041    0.17043216    0.18547505    0.20393608    0.20328925    0.23799209    0.22299505    0.21778656    0.23534112    0.24739670    0.12978341    0.14984857    0.08574858    0.05200234    0.00000000

