24
T5             0.00000000    0.27444500    0.29609311    0.27376492    0.24426619    0.24482298    0.23975783    0.25755795    0.25721690    0.26511568    0.27409947    0.25323196    0.28113962    0.35096422    0.28004299    0.22828560    0.20697025    0.23975783    0.19880707    0.20109924    0.14968004    0.15465707    0.16559036    0.19855835
T16            0.27444500    0.00000000    0.01415474    0.08520052    0.10776008    0.10085971    0.09410457    0.11753538    0.11741936    0.14583885    0.15328093    0.25721690    0.28473720    0.35256782    0.28113962    0.24038088    0.20724277    0.23946144    0.21037669    0.20415048    0.30156751    0.30780465    0.29632504    0.35985538
T4             0.29609311    0.01415474    0.00000000    0.10135316    0.12436797    0.11731112    0.11042650    0.13447892    0.13433621    0.16080871    0.16842431    0.26337893    0.28796790    0.35985538    0.28755941    0.25790945    0.22391929    0.25081816    0.22131349    0.21496065    0.32442722    0.33088770    0.31908114    0.37727972
T19            0.27376492    0.08520052    0.10135316    0.00000000    0.11952301    0.11032024    0.11042650    0.12704877    0.12447826    0.15570356    0.16325300    0.26204432    0.29284147    0.35763786    0.28923697    0.25656628    0.22332210    0.25625676    0.23242405    0.22593977    0.31070314    0.32390591    0.32255997    0.36606133
T9             0.24426619    0.10776008    0.12436797    0.11952301    0.00000000    0.03690721    0.03697676    0.07169730    0.07162452    0.11445606    0.12153737    0.23837738    0.26788009    0.33338692    0.26756494    0.20553174    0.18256460    0.20810529    0.19326155    0.18734971    0.28971328    0.29585010    0.29348326    0.33386942
T20            0.24482298    0.10085971    0.11731112    0.11032024    0.03690721    0.00000000    0.02031456    0.06511996    0.06074265    0.11220400    0.11927516    0.23889905    0.26854292    0.33085143    0.27131578    0.21677883    0.18527700    0.21371279    0.19375531    0.18777706    0.27038852    0.27633636    0.28038931    0.32339664
T12            0.23975783    0.09410457    0.11042650    0.11042650    0.03697676    0.02031456    0.00000000    0.06537566    0.06528359    0.11242384    0.11952301    0.23385129    0.26337893    0.32882626    0.25994836    0.21469195    0.18325475    0.21159708    0.18900231    0.18301586    0.27804453    0.28408421    0.28175055    0.32496056
T14            0.25755795    0.11753538    0.13447892    0.12704877    0.07169730    0.06511996    0.06537566    0.00000000    0.01414120    0.13892198    0.14632255    0.25145248    0.28514631    0.34591968    0.28152730    0.22593977    0.19960807    0.22856714    0.19989327    0.18873944    0.29065255    0.30353454    0.29446679    0.33497412
T23            0.25721690    0.11741936    0.13433621    0.12447826    0.07162452    0.06074265    0.06528359    0.01414120    0.00000000    0.13879923    0.14618907    0.25113014    0.28473720    0.34896361    0.28113962    0.22276365    0.19653583    0.22538391    0.19960807    0.18848545    0.29348326    0.30641011    0.29065255    0.34515173
T1             0.26511568    0.14583885    0.16080871    0.15570356    0.11445606    0.11220400    0.11242384    0.13892198    0.13879923    0.00000000    0.00602723    0.23863311    0.27131578    0.32696134    0.26788009    0.23975783    0.20160313    0.23179445    0.20752459    0.20134657    0.30156751    0.30110429    0.30540368    0.34288839
T13            0.27409947    0.15328093    0.16842431    0.16325300    0.12153737    0.11927516    0.11952301    0.14632255    0.14618907    0.00602723    0.00000000    0.24723690    0.27409947    0.33685314    0.27689407    0.24842757    0.20980606    0.24038088    0.21582372    0.20953479    0.31118891    0.31070314    0.30829054    0.35312827
T10            0.25323196    0.25721690    0.26337893    0.26204432    0.23837738    0.23889905    0.23385129    0.25145248    0.25113014    0.23863311    0.24723690    0.00000000    0.05639181    0.10372959    0.05413290    0.14380214    0.12253990    0.16154556    0.12240417    0.12215616    0.30352885    0.30308900    0.32442722    0.33780830
T8             0.28113962    0.28473720    0.28796790    0.29284147    0.26788009    0.26854292    0.26337893    0.28514631    0.28473720    0.27131578    0.27409947    0.05639181    0.00000000    0.11578477    0.05413290    0.17225353    0.14986964    0.19326155    0.15485188    0.15447057    0.32148181    0.32096061    0.33612799    0.35677204
T15            0.35096422    0.35256782    0.35985538    0.35763786    0.33338692    0.33085143    0.32882626    0.34591968    0.34896361    0.32696134    0.33685314    0.10372959    0.11578477    0.00000000    0.11563628    0.22423234    0.20242795    0.24639444    0.21294696    0.21008671    0.38238008    0.38172114    0.39871696    0.40631880
T6             0.28004299    0.28113962    0.28755941    0.28923697    0.26756494    0.27131578    0.25994836    0.28152730    0.28113962    0.26788009    0.27689407    0.05413290    0.05413290    0.11563628    0.00000000    0.16154556    0.15485188    0.19302827    0.14949865    0.15171991    0.31313939    0.31267736    0.33441562    0.34790754
T11            0.22828560    0.24038088    0.25790945    0.25656628    0.20553174    0.21677883    0.21469195    0.22593977    0.22276365    0.23975783    0.24842757    0.14380214    0.17225353    0.22423234    0.16154556    0.00000000    0.06960571    0.10814690    0.10599238    0.10599238    0.27760131    0.28363069    0.28783281    0.31751794
T3             0.20697025    0.20724277    0.22391929    0.22332210    0.18256460    0.18527700    0.18325475    0.19960807    0.19653583    0.20160313    0.20980606    0.12253990    0.14986964    0.20242795    0.15485188    0.06960571    0.00000000    0.06282560    0.08343052    0.07880957    0.25399706    0.25982298    0.26382020    0.29254429
T0             0.23975783    0.23946144    0.25081816    0.25625676    0.20810529    0.21371279    0.21159708    0.22856714    0.22538391    0.23179445    0.24038088    0.16154556    0.19326155    0.24639444    0.19302827    0.10814690    0.06282560    0.00000000    0.12283468    0.12037622    0.27315708    0.27912577    0.28318808    0.31702057
T17            0.19880707    0.21037669    0.22131349    0.23242405    0.19326155    0.19375531    0.18900231    0.19989327    0.19960807    0.20752459    0.21582372    0.12240417    0.15485188    0.21294696    0.14949865    0.10599238    0.08343052    0.12283468    0.00000000    0.02857288    0.24515745    0.25090628    0.25481605    0.27995724
T7             0.20109924    0.20415048    0.21496065    0.22593977    0.18734971    0.18777706    0.18301586    0.18873944    0.18848545    0.20134657    0.20953479    0.12215616    0.15447057    0.21008671    0.15171991    0.10599238    0.07880957    0.12037622    0.02857288    0.00000000    0.25360284    0.25941954    0.26338612    0.28556650
T21            0.14968004    0.30156751    0.32442722    0.31070314    0.28971328    0.27038852    0.27804453    0.29065255    0.29348326    0.30156751    0.31118891    0.30352885    0.32148181    0.38238008    0.31313939    0.27760131    0.25399706    0.27315708    0.24515745    0.25360284    0.00000000    0.00805159    0.03077653    0.11753538
T2             0.15465707    0.30780465    0.33088770    0.32390591    0.29585010    0.27633636    0.28408421    0.30353454    0.30641011    0.30110429    0.31070314    0.30308900    0.32096061    0.38172114    0.31267736    0.28363069    0.25982298    0.27912577    0.25090628    0.25941954    0.00805159    0.00000000    0.03924682    0.12718093
T18            0.16559036    0.29632504    0.31908114    0.32255997    0.29348326    0.28038931    0.28175055    0.29446679    0.29065255    0.30540368    0.30829054    0.32442722    0.33612799    0.39871696    0.33441562    0.28783281    0.26382020    0.28318808    0.25481605    0.26338612    0.03077653    0.03924682    0.00000000    0.12995182
T22            0.19855835    0.35985538    0.37727972    0.36606133    0.33386942    0.32339664    0.32496056    0.33497412    0.34515173    0.34288839    0.35312827    0.33780830    0.35677204    0.40631880    0.34790754    0.31751794    0.29254429    0.31702057    0.27995724    0.28556650    0.11753538    0.12718093    0.12995182    0.00000000

