24
T21            0.00000000    0.28424949    0.28424949    0.28707162    0.32182350    0.29396387    0.29274936    0.26570588    0.26640987    0.25007219    0.24901558    0.23940272    0.19551534    0.19024955    0.19299017    0.18774091    0.21413788    0.18275037    0.18026833    0.21367005    0.29274936    0.29926769    0.30060377    0.30676583
T3             0.28424949    0.00000000    0.00401610    0.04116940    0.07599081    0.05200187    0.04330628    0.04349256    0.14017325    0.20292908    0.18909288    0.20549276    0.29354774    0.29070471    0.29396387    0.29439127    0.32525033    0.25783460    0.25511610    0.29681757    0.45293191    0.45293191    0.45642039    0.44303003
T20            0.28424949    0.00401610    0.00000000    0.04116940    0.07599081    0.05200187    0.04330628    0.04349256    0.14017325    0.20292908    0.18909288    0.20549276    0.29354774    0.29070471    0.29396387    0.29439127    0.32525033    0.25783460    0.25511610    0.29681757    0.44448473    0.44448473    0.44793739    0.43479196
T11            0.28707162    0.04116940    0.04116940    0.00000000    0.08045475    0.06060925    0.05616843    0.05200187    0.14984447    0.21723620    0.19741763    0.20528718    0.29070471    0.28787284    0.29112142    0.29154931    0.32229378    0.25819453    0.25547686    0.29724445    0.44945979    0.44523626    0.45293191    0.45642039
T5             0.32182350    0.07599081    0.07599081    0.08045475    0.00000000    0.09652268    0.09177625    0.08750301    0.18570494    0.24961651    0.22370668    0.24345622    0.32302227    0.32344348    0.32684690    0.32048505    0.35956424    0.29236716    0.29599789    0.33326771    0.48493725    0.48493725    0.48858050    0.47467871
T4             0.29396387    0.05200187    0.05200187    0.06060925    0.09652268    0.00000000    0.03077523    0.03492644    0.13801849    0.21180193    0.20037476    0.21958311    0.29768267    0.28829012    0.29154931    0.29198835    0.31934923    0.26167199    0.25894544    0.29768267    0.43349138    0.43349138    0.44523626    0.44031413
T9             0.29274936    0.04330628    0.04330628    0.05616843    0.09177625    0.03077523    0.00000000    0.04128546    0.13529027    0.21389918    0.19162103    0.21887642    0.29640204    0.29354774    0.29681757    0.29724445    0.32821898    0.24901558    0.25783460    0.29314289    0.43139180    0.43139180    0.44303003    0.43007056
T8             0.26570588    0.04349256    0.04349256    0.05200187    0.08750301    0.03492644    0.04128546    0.00000000    0.13567706    0.19804961    0.18692674    0.20016575    0.26677779    0.26402969    0.26715629    0.26754535    0.29314289    0.23765553    0.23500383    0.27546196    0.41395881    0.41395881    0.41462303    0.42061875
T15            0.26640987    0.14017325    0.14017325    0.14984447    0.18570494    0.13801849    0.13529027    0.13567706    0.00000000    0.20975748    0.20059306    0.19782971    0.26440891    0.25856482    0.26167199    0.26519878    0.28829012    0.23601365    0.23938332    0.25442549    0.39692309    0.40474231    0.40017125    0.40735872
T12            0.25007219    0.20292908    0.20292908    0.21723620    0.24961651    0.21180193    0.21389918    0.19804961    0.20975748    0.00000000    0.11052849    0.13418516    0.23765553    0.23204395    0.23500383    0.23533063    0.26991420    0.22189108    0.21929716    0.22588532    0.38282969    0.39046955    0.38602007    0.38541911
T13            0.24901558    0.18909288    0.18909288    0.19741763    0.22370668    0.20037476    0.19162103    0.18692674    0.20059306    0.11052849    0.00000000    0.12892866    0.24632591    0.23765553    0.24064194    0.24097673    0.27346883    0.21576963    0.21319157    0.24567030    0.37215658    0.37965314    0.37530493    0.36734709
T0             0.23940272    0.20549276    0.20549276    0.20528718    0.24345622    0.21958311    0.21887642    0.20016575    0.19782971    0.13418516    0.12892866    0.00000000    0.24031712    0.22588532    0.22880197    0.22910152    0.25649889    0.21003663    0.20747495    0.23087010    0.36369484    0.36369484    0.36317685    0.36629796
T6             0.19551534    0.29354774    0.29354774    0.29070471    0.32302227    0.29768267    0.29640204    0.26677779    0.26440891    0.23765553    0.24632591    0.24031712    0.00000000    0.05206400    0.05425719    0.05213277    0.10348813    0.11854499    0.11625780    0.15722952    0.32573242    0.33268155    0.32525033    0.33867918
T14            0.19024955    0.29070471    0.29070471    0.28787284    0.32344348    0.28829012    0.29354774    0.26402969    0.25856482    0.23204395    0.23765553    0.22588532    0.05206400    0.00000000    0.00200402    0.00805151    0.10359941    0.11872143    0.11643566    0.15004126    0.31934923    0.32622662    0.32573242    0.32870083
T23            0.19299017    0.29396387    0.29396387    0.29112142    0.32684690    0.29154931    0.29681757    0.26715629    0.26167199    0.23500383    0.24064194    0.22880197    0.05425719    0.00200402    0.00000000    0.01008407    0.10598078    0.12119727    0.11890539    0.15263267    0.32277609    0.32970115    0.32919489    0.33217534
T2             0.18774091    0.29439127    0.29439127    0.29154931    0.32048505    0.29198835    0.29724445    0.26754535    0.26519878    0.23533063    0.24097673    0.22910152    0.05213277    0.00805151    0.01008407    0.00000000    0.10371814    0.11890539    0.11662099    0.15242916    0.32327040    0.33021959    0.32970115    0.33268155
T19            0.21413788    0.32525033    0.32525033    0.32229378    0.35956424    0.31934923    0.32821898    0.29314289    0.28829012    0.26991420    0.27346883    0.25649889    0.10348813    0.10359941    0.10598078    0.10371814    0.00000000    0.13493489    0.13009488    0.17983406    0.32821898    0.33516805    0.33719857    0.33767959
T7             0.18275037    0.25783460    0.25783460    0.25819453    0.29236716    0.26167199    0.24901558    0.23765553    0.23601365    0.22189108    0.21576963    0.21003663    0.11854499    0.11872143    0.12119727    0.11890539    0.13493489    0.00000000    0.01829804    0.10586383    0.30054672    0.30721749    0.30920753    0.31302463
T10            0.18026833    0.25511610    0.25511610    0.25547686    0.29599789    0.25894544    0.25783460    0.23500383    0.23938332    0.21929716    0.21319157    0.20747495    0.11625780    0.11643566    0.11890539    0.11662099    0.13009488    0.01829804    0.00000000    0.10359941    0.30099591    0.30768906    0.30965555    0.31349574
T18            0.21367005    0.29681757    0.29681757    0.29724445    0.33326771    0.29768267    0.29314289    0.27546196    0.25442549    0.22588532    0.24567030    0.23087010    0.15722952    0.15004126    0.15263267    0.15242916    0.17983406    0.10586383    0.10359941    0.00000000    0.31630691    0.32302227    0.32599366    0.33326771
T17            0.29274936    0.45293191    0.44448473    0.44945979    0.48493725    0.43349138    0.43139180    0.41395881    0.39692309    0.38282969    0.37215658    0.36369484    0.32573242    0.31934923    0.32277609    0.32327040    0.32821898    0.30054672    0.30099591    0.31630691    0.00000000    0.00603633    0.03919113    0.04776554
T22            0.29926769    0.45293191    0.44448473    0.44523626    0.48493725    0.43349138    0.43139180    0.41395881    0.40474231    0.39046955    0.37965314    0.36369484    0.33268155    0.32622662    0.32970115    0.33021959    0.33516805    0.30721749    0.30768906    0.32302227    0.00603633    0.00000000    0.04565724    0.05433080
T16            0.30060377    0.45642039    0.44793739    0.45293191    0.48858050    0.44523626    0.44303003    0.41462303    0.40017125    0.38602007    0.37530493    0.36317685    0.32525033    0.32573242    0.32919489    0.32970115    0.33719857    0.30920753    0.30965555    0.32599366    0.03919113    0.04565724    0.00000000    0.05852603
T1             0.30676583    0.44303003    0.43479196    0.45642039    0.47467871    0.44031413    0.43007056    0.42061875    0.40735872    0.38541911    0.36734709    0.36629796    0.33867918    0.32870083    0.33217534    0.33268155    0.33767959    0.31302463    0.31349574    0.33326771    0.04776554    0.05433080    0.05852603    0.00000000

