24
T23            0.00000000    0.41804425    0.36540305    0.40184431    0.34479112    0.34176053    0.37110010    0.36597599    0.35141032    0.34428390    0.36224628    0.41019817    0.42347916    0.47585354    0.38610332    0.38735076    0.42495272    0.38613155    0.38932691    0.41753505    0.41422089    0.36324490    0.37424869    0.37110010
T2             0.41804425    0.00000000    0.19348241    0.21641588    0.17758787    0.17512164    0.19829760    0.19148184    0.21579505    0.19651270    0.22247286    0.35555796    0.38035044    0.38992570    0.33823508    0.36716187    0.37403567    0.31940542    0.31893357    0.34428390    0.34228051    0.32827666    0.34584375    0.34033992
T10            0.36540305    0.19348241    0.00000000    0.06074053    0.06304319    0.06089737    0.07613767    0.06988843    0.11320035    0.10837937    0.12203718    0.27074302    0.30822776    0.32141222    0.26171037    0.28730093    0.29675034    0.25086432    0.25356055    0.27669848    0.27392076    0.24437775    0.25977767    0.26019022
T0             0.40184431    0.21641588    0.06074053    0.00000000    0.08808906    0.08588418    0.10159635    0.09532162    0.14550995    0.14037915    0.15704943    0.28638615    0.32141222    0.34566463    0.28683806    0.30686355    0.31663162    0.26291553    0.27200683    0.29579215    0.28965763    0.27434160    0.29059405    0.28545109
T9             0.34479112    0.17758787    0.06304319    0.08808906    0.00000000    0.00200301    0.04554265    0.04349368    0.11349224    0.11349224    0.13212506    0.26210170    0.29579215    0.31555791    0.25626692    0.28496634    0.29107880    0.24245039    0.24817814    0.27115369    0.26523951    0.24437775    0.25977767    0.25477022
T19            0.34176053    0.17512164    0.06089737    0.08588418    0.00200301    0.00000000    0.04343716    0.04139656    0.11121544    0.11121544    0.12978852    0.25937543    0.29295070    0.31264827    0.25356055    0.28216873    0.28825951    0.23979337    0.24550194    0.26839719    0.26250343    0.24170954    0.25706218    0.25207538
T16            0.37110010    0.19829760    0.07613767    0.10159635    0.04554265    0.04343716    0.00000000    0.06067228    0.11548792    0.12498972    0.14645394    0.28313598    0.32488876    0.33489713    0.27392076    0.30246642    0.31317904    0.26291553    0.26881888    0.29248820    0.27990685    0.25174824    0.26719533    0.26210170
T5             0.36597599    0.19148184    0.06988843    0.09532162    0.04349368    0.04139656    0.06067228    0.00000000    0.11822247    0.11334253    0.14201051    0.28077920    0.32248703    0.33248389    0.27477312    0.30112428    0.30398828    0.26061304    0.26650575    0.29012032    0.28402941    0.25010740    0.26565116    0.26061304
T4             0.35141032    0.21579505    0.11320035    0.14550995    0.11349224    0.11121544    0.11548792    0.11822247    0.00000000    0.04982422    0.07825605    0.28730093    0.31317904    0.34689305    0.27157497    0.29775326    0.31082269    0.26377080    0.26969375    0.27799190    0.29157455    0.25551268    0.25860190    0.25665943
T14            0.34428390    0.19651270    0.10837937    0.14037915    0.11349224    0.11121544    0.12498972    0.11334253    0.04982422    0.00000000    0.07599314    0.28402941    0.31901044    0.33963645    0.27477312    0.29775326    0.31082269    0.26061304    0.26650575    0.27799190    0.28825951    0.26171037    0.27115369    0.26607324
T17            0.36224628    0.22247286    0.12203718    0.15704943    0.13212506    0.12978852    0.14645394    0.14201051    0.07825605    0.07599314    0.00000000    0.29074981    0.31893357    0.35361904    0.28791755    0.30774337    0.33489713    0.27034298    0.27948693    0.29116763    0.30485689    0.27550206    0.28509638    0.28228620
T22            0.41019817    0.35555796    0.27074302    0.28638615    0.26210170    0.25937543    0.28313598    0.28077920    0.28730093    0.28402941    0.29074981    0.00000000    0.08045735    0.10598624    0.06504625    0.06727883    0.07849896    0.04988171    0.04982422    0.06492426    0.07169461    0.13932924    0.14692761    0.14710190
T13            0.42347916    0.38035044    0.30822776    0.32141222    0.29579215    0.29295070    0.32488876    0.32248703    0.31317904    0.31901044    0.31893357    0.08045735    0.00000000    0.14422232    0.08939844    0.09634466    0.10565714    0.07374045    0.07818930    0.09619218    0.10093881    0.16396703    0.17449899    0.16153254
T12            0.47585354    0.38992570    0.32141222    0.34566463    0.31555791    0.31264827    0.33489713    0.33248389    0.34689305    0.33963645    0.35361904    0.10598624    0.14422232    0.00000000    0.12036781    0.11855346    0.13260485    0.10398379    0.10384996    0.12253178    0.12513893    0.18548605    0.19930786    0.19625427
T8             0.38610332    0.33823508    0.26171037    0.28683806    0.25626692    0.25356055    0.27392076    0.27477312    0.27157497    0.27477312    0.28791755    0.06504625    0.08939844    0.12036781    0.00000000    0.05419175    0.07403713    0.04982422    0.05413136    0.06067228    0.07403713    0.13918241    0.15187894    0.14184919
T21            0.38735076    0.36716187    0.28730093    0.30686355    0.28496634    0.28216873    0.30246642    0.30112428    0.29775326    0.29775326    0.30774337    0.06727883    0.09634466    0.11855346    0.05419175    0.00000000    0.08550847    0.05859784    0.05852773    0.07395243    0.08298870    0.14710190    0.16006244    0.15504030
T18            0.42495272    0.37403567    0.29675034    0.31663162    0.29107880    0.28825951    0.31317904    0.30398828    0.31082269    0.31082269    0.33489713    0.07849896    0.10565714    0.13260485    0.07403713    0.08550847    0.00000000    0.07195415    0.06960285    0.08298870    0.09215919    0.16207597    0.17534655    0.17021502
T3             0.38613155    0.31940542    0.25086432    0.26291553    0.24245039    0.23979337    0.26291553    0.26061304    0.26377080    0.26061304    0.27034298    0.04988171    0.07374045    0.10398379    0.04982422    0.05859784    0.07195415    0.00000000    0.03289472    0.04982422    0.05646188    0.12022300    0.13260485    0.12777833
T7             0.38932691    0.31893357    0.25356055    0.27200683    0.24817814    0.24550194    0.26881888    0.26650575    0.26969375    0.26650575    0.27948693    0.04982422    0.07818930    0.10384996    0.05413136    0.05852773    0.06960285    0.03289472    0.00000000    0.04977340    0.05200321    0.12008590    0.13243703    0.12761518
T11            0.41753505    0.34428390    0.27669848    0.29579215    0.27115369    0.26839719    0.29248820    0.29012032    0.27799190    0.27799190    0.29116763    0.06492426    0.09619218    0.12253178    0.06067228    0.07395243    0.08298870    0.04982422    0.04977340    0.00000000    0.04565851    0.13668142    0.14422232    0.13932924
T15            0.41422089    0.34228051    0.27392076    0.28965763    0.26523951    0.26250343    0.27990685    0.28402941    0.29157455    0.28825951    0.30485689    0.07169461    0.10093881    0.12513893    0.07403713    0.08298870    0.09215919    0.05646188    0.05200321    0.04565851    0.00000000    0.14438194    0.15724218    0.15224579
T1             0.36324490    0.32827666    0.24437775    0.27434160    0.24437775    0.24170954    0.25174824    0.25010740    0.25551268    0.26171037    0.27550206    0.13932924    0.16396703    0.18548605    0.13918241    0.14710190    0.16207597    0.12022300    0.12008590    0.13668142    0.14438194    0.00000000    0.01827008    0.03692333
T20            0.37424869    0.34584375    0.25977767    0.29059405    0.25977767    0.25706218    0.26719533    0.26565116    0.25860190    0.27115369    0.28509638    0.14692761    0.17449899    0.19930786    0.15187894    0.16006244    0.17534655    0.13260485    0.13243703    0.14422232    0.15724218    0.01827008    0.00000000    0.04330700
T6             0.37110010    0.34033992    0.26019022    0.28545109    0.25477022    0.25207538    0.26210170    0.26061304    0.25665943    0.26607324    0.28228620    0.14710190    0.16153254    0.19625427    0.14184919    0.15504030    0.17021502    0.12777833    0.12761518    0.13932924    0.15224579    0.03692333    0.04330700    0.00000000

