24
T18            0.00000000    0.15187129    0.16957383    0.14692036    0.15723306    0.15984486    0.29814543    0.24902492    0.18620884    0.22552145    0.25241729    0.18870331    0.20869429    0.19480850    0.16313847    0.15004437    0.18322168    0.16898949    0.17169326    0.15856023    0.10575609    0.09215608    0.08308463    0.08088554
T15            0.15187129    0.00000000    0.01414107    0.06296163    0.06743651    0.06968908    0.20720088    0.16938102    0.18547372    0.23501198    0.24065053    0.21836399    0.23567522    0.22189803    0.17803115    0.16733182    0.19575175    0.17852028    0.18124614    0.17335560    0.15651430    0.14454243    0.15704083    0.15463485
T14            0.16957383    0.01414107    0.00000000    0.07849673    0.08308463    0.08539449    0.22356774    0.18481838    0.20130954    0.25206604    0.24869317    0.23269751    0.25277876    0.24168446    0.19649773    0.18547372    0.21465098    0.19704025    0.19985046    0.19173599    0.17430005    0.16206691    0.17489480    0.17243572
T8             0.14692036    0.06296163    0.07849673    0.00000000    0.02241951    0.02450730    0.21548082    0.17757670    0.18845071    0.23236984    0.23734815    0.20492845    0.22711473    0.21062907    0.16754329    0.15964581    0.19047954    0.16799166    0.17066643    0.15764245    0.16187782    0.14984762    0.15723306    0.15482861
T12            0.15723306    0.06743651    0.08308463    0.02241951    0.00000000    0.00602415    0.23006606    0.18570993    0.19397782    0.23832530    0.23438813    0.21350396    0.23006606    0.21930390    0.17287853    0.16754329    0.19599134    0.17877778    0.18151111    0.16822852    0.16712887    0.15503063    0.16247039    0.16005227
T9             0.15984486    0.06968908    0.08539449    0.02450730    0.00602415    0.00000000    0.22711473    0.18298410    0.19120662    0.24132987    0.23734815    0.21639551    0.23303493    0.22222933    0.17556768    0.17020378    0.19877022    0.18151111    0.18425949    0.17091048    0.16977525    0.15764245    0.16510981    0.16268473
T21            0.29814543    0.20720088    0.22356774    0.21548082    0.23006606    0.22711473    0.00000000    0.14593950    0.31399333    0.36771453    0.38091675    0.31691440    0.34084547    0.32484078    0.30434511    0.31448779    0.32526682    0.32593697    0.32243768    0.31950428    0.30677181    0.29575364    0.28591073    0.28873086
T22            0.24902492    0.16938102    0.18481838    0.17757670    0.18570993    0.18298410    0.14593950    0.00000000    0.27308156    0.33023600    0.32624284    0.29769599    0.32189585    0.31208460    0.27666654    0.27347987    0.29683114    0.27112187    0.26795538    0.27473891    0.25410578    0.23832530    0.25277876    0.25241729
T11            0.18620884    0.18547372    0.20130954    0.18845071    0.19397782    0.19120662    0.31399333    0.27308156    0.00000000    0.10348974    0.13418808    0.19649773    0.21319804    0.20267657    0.14965904    0.15482861    0.16977525    0.15785955    0.16049204    0.15808490    0.21350396    0.19792138    0.18620884    0.18372313
T6             0.22552145    0.23501198    0.25206604    0.23236984    0.23832530    0.24132987    0.36771453    0.33023600    0.10348974    0.00000000    0.15704083    0.24242336    0.25122871    0.24015121    0.19704025    0.20551876    0.22973745    0.20902050    0.21191209    0.21225584    0.24168446    0.22849038    0.21608123    0.21350396
T19            0.25241729    0.24065053    0.24869317    0.23734815    0.23438813    0.23734815    0.38091675    0.32624284    0.13418808    0.15704083    0.00000000    0.27795643    0.28492696    0.27563151    0.22418074    0.22483204    0.25820443    0.22778339    0.23075229    0.21930390    0.27308156    0.25623863    0.25241729    0.24971898
T17            0.18870331    0.21836399    0.23269751    0.20492845    0.21350396    0.21639551    0.31691440    0.29769599    0.19649773    0.24242336    0.27795643    0.00000000    0.05194680    0.04128569    0.12745407    0.11764758    0.14914251    0.14292874    0.14037041    0.13548219    0.21319804    0.19761872    0.20267657    0.20014315
T1             0.20869429    0.23567522    0.25277876    0.22711473    0.23006606    0.23303493    0.34084547    0.32189585    0.21319804    0.25122871    0.28492696    0.05194680    0.00000000    0.05425757    0.13227098    0.12239176    0.15153854    0.15046224    0.15306727    0.14292874    0.23040435    0.21447750    0.21157752    0.20614556
T4             0.19480850    0.22189803    0.24168446    0.21062907    0.21930390    0.22222933    0.32484078    0.31208460    0.20267657    0.24015121    0.27563151    0.04128569    0.05425757    0.00000000    0.12528972    0.11065117    0.14184280    0.14078314    0.14335467    0.13081975    0.21963605    0.19823296    0.20328707    0.20075554
T23            0.16313847    0.17803115    0.19649773    0.16754329    0.17287853    0.17556768    0.30434511    0.27666654    0.14965904    0.19704025    0.22418074    0.12745407    0.13227098    0.12528972    0.00000000    0.05859644    0.07606027    0.06999457    0.07227285    0.06107906    0.19230086    0.17714512    0.16579900    0.16337782
T13            0.15004437    0.16733182    0.18547372    0.15964581    0.16754329    0.17020378    0.31448779    0.27347987    0.15482861    0.20551876    0.22483204    0.11764758    0.12239176    0.11065117    0.05859644    0.00000000    0.05835736    0.07227285    0.07456158    0.06332154    0.17311279    0.16362547    0.15524088    0.15284749
T7             0.18322168    0.19575175    0.21465098    0.19047954    0.19599134    0.19877022    0.32526682    0.29683114    0.16977525    0.22973745    0.25820443    0.14914251    0.15153854    0.14184280    0.07606027    0.05835736    0.00000000    0.09710681    0.09948261    0.08783130    0.20464704    0.19480850    0.18595497    0.18346803
T16            0.16898949    0.17852028    0.19704025    0.16799166    0.17877778    0.18151111    0.32593697    0.27112187    0.15785955    0.20902050    0.22778339    0.14292874    0.15046224    0.14078314    0.06999457    0.07227285    0.09710681    0.00000000    0.00200402    0.02875932    0.19855343    0.18328161    0.16898949    0.16656339
T3             0.17169326    0.18124614    0.19985046    0.17066643    0.18151111    0.18425949    0.32243768    0.26795538    0.16049204    0.21191209    0.23075229    0.14037041    0.15306727    0.14335467    0.07227285    0.07456158    0.09948261    0.00200402    0.00000000    0.03087813    0.20140379    0.18607619    0.17169326    0.16925988
T10            0.15856023    0.17335560    0.19173599    0.15764245    0.16822852    0.17091048    0.31950428    0.27473891    0.15808490    0.21225584    0.21930390    0.13548219    0.14292874    0.13081975    0.06107906    0.06332154    0.08783130    0.02875932    0.03087813    0.00000000    0.18483056    0.16711447    0.15856023    0.15616370
T20            0.10575609    0.15651430    0.17430005    0.16187782    0.16712887    0.16977525    0.30677181    0.25410578    0.21350396    0.24168446    0.27308156    0.21319804    0.23040435    0.21963605    0.19230086    0.17311279    0.20464704    0.19855343    0.20140379    0.18483056    0.00000000    0.06073914    0.12266949    0.12036237
T0             0.09215608    0.14454243    0.16206691    0.14984762    0.15503063    0.15764245    0.29575364    0.23832530    0.19792138    0.22849038    0.25623863    0.19761872    0.21447750    0.19823296    0.17714512    0.16362547    0.19480850    0.18328161    0.18607619    0.16711447    0.06073914    0.00000000    0.10637787    0.10412015
T5             0.08308463    0.15704083    0.17489480    0.15723306    0.16247039    0.16510981    0.28591073    0.25277876    0.18620884    0.21608123    0.25241729    0.20267657    0.21157752    0.20328707    0.16579900    0.15524088    0.18595497    0.16898949    0.17169326    0.15856023    0.12266949    0.10637787    0.00000000    0.00805152
T2             0.08088554    0.15463485    0.17243572    0.15482861    0.16005227    0.16268473    0.28873086    0.25241729    0.18372313    0.21350396    0.24971898    0.20014315    0.20614556    0.20075554    0.16337782    0.15284749    0.18346803    0.16656339    0.16925988    0.15616370    0.12036237    0.10412015    0.00805152    0.00000000

