24
T23            0.00000000    0.25291712    0.27214870    0.24344136    0.24279669    0.24612298    0.24985236    0.26939193    0.29977499    0.26811599    0.27683499    0.32160746    0.26861413    0.29332657    0.26861413    0.27209574    0.31372529    0.30840381    0.30791507    0.30607690    0.30791507    0.31471416    0.27405626    0.20728857
T14            0.25291712    0.00000000    0.06952883    0.06952883    0.06715257    0.06945378    0.08061752    0.10114236    0.11732206    0.08725306    0.10321616    0.25490647    0.21635165    0.23125657    0.21398422    0.21139625    0.26107374    0.24680637    0.25562569    0.25119247    0.25871899    0.26811599    0.21329642    0.27451938
T20            0.27214870    0.06952883    0.00000000    0.08079839    0.08061752    0.08299936    0.10148500    0.12516406    0.14441294    0.10827372    0.12719569    0.26381338    0.22706922    0.24517462    0.22754595    0.22491260    0.27562804    0.26107374    0.27642179    0.27173619    0.27962447    0.27725905    0.23879697    0.28047511
T0             0.24344136    0.06952883    0.08079839    0.00000000    0.02029481    0.02239001    0.09675324    0.12024539    0.14441294    0.10612903    0.12255439    0.26001598    0.23390398    0.24949622    0.23390398    0.23125657    0.28201269    0.26731844    0.27642179    0.27173619    0.27642179    0.28609236    0.24181538    0.27487797
T17            0.24279669    0.06715257    0.08061752    0.02029481    0.00000000    0.01006774    0.09653987    0.11997679    0.14409932    0.10588522    0.12228934    0.25936382    0.22754595    0.24279669    0.22754595    0.22491260    0.28122170    0.26656353    0.27562804    0.27104983    0.27562804    0.27881012    0.23512606    0.27417179
T19            0.24612298    0.06945378    0.08299936    0.02239001    0.01006774    0.00000000    0.09196676    0.12255439    0.14679279    0.10362055    0.11997679    0.25119247    0.22491260    0.24012300    0.22491260    0.22228907    0.27841942    0.26381338    0.27284747    0.26827530    0.27284747    0.27601946    0.23248320    0.27138754
T6             0.24985236    0.08061752    0.10148500    0.09675324    0.09653987    0.09196676    0.00000000    0.10374047    0.11537488    0.09206607    0.10815738    0.26969558    0.22443261    0.23951665    0.22204255    0.21942723    0.26035799    0.24612298    0.25490647    0.25057530    0.25185127    0.25798055    0.22136751    0.26827530
T18            0.26939193    0.10114236    0.12516406    0.12024539    0.11997679    0.12255439    0.10374047    0.00000000    0.03697789    0.06938572    0.08955856    0.27628610    0.25456247    0.26381338    0.25219623    0.24949622    0.26263151    0.25448222    0.26263151    0.26183164    0.25718843    0.29845576    0.24460403    0.29701240
T22            0.29977499    0.11732206    0.14441294    0.14441294    0.14409932    0.14679279    0.11537488    0.03697789    0.00000000    0.09411180    0.11501937    0.30705181    0.27524753    0.28482452    0.27209574    0.26932429    0.28935812    0.28092802    0.28609236    0.28848037    0.28048259    0.30941618    0.26347320    0.33192805
T1             0.26811599    0.08725306    0.10827372    0.10612903    0.10588522    0.10362055    0.09206607    0.06938572    0.09411180    0.00000000    0.02236550    0.26456980    0.24817444    0.25798055    0.24579661    0.24311394    0.27562804    0.26107374    0.27642179    0.27173619    0.27962447    0.30263990    0.25407558    0.29332657
T9             0.27683499    0.10321616    0.12719569    0.12255439    0.12228934    0.11997679    0.10815738    0.08955856    0.11501937    0.02236550    0.00000000    0.27881012    0.25000000    0.26585146    0.25359323    0.25087867    0.29008244    0.27524753    0.28848037    0.28365698    0.29415715    0.32108319    0.26183164    0.30233789
T7             0.32160746    0.25490647    0.26381338    0.26001598    0.25936382    0.25119247    0.26969558    0.27628610    0.30705181    0.26456980    0.27881012    0.00000000    0.21942723    0.22228907    0.20906219    0.21215365    0.22020064    0.20674989    0.22599126    0.22833588    0.21500749    0.25910387    0.20501868    0.33005327
T12            0.26861413    0.21635165    0.22706922    0.23390398    0.22754595    0.22491260    0.22443261    0.25456247    0.27524753    0.24817444    0.25000000    0.21942723    0.00000000    0.03489066    0.02646372    0.03481455    0.20773898    0.19456311    0.19405898    0.19916746    0.19984253    0.22806263    0.16858765    0.28760934
T10            0.29332657    0.23125657    0.24517462    0.24949622    0.24279669    0.24012300    0.23951665    0.26381338    0.28482452    0.25798055    0.26585146    0.22228907    0.03489066    0.00000000    0.03694798    0.04545571    0.22466763    0.21116292    0.21052072    0.21014108    0.21658176    0.23390398    0.17647091    0.30367227
T16            0.26861413    0.21398422    0.22754595    0.23390398    0.22754595    0.22491260    0.22204255    0.25219623    0.27209574    0.24579661    0.25359323    0.20906219    0.02646372    0.03694798    0.00000000    0.00805166    0.20814173    0.19494602    0.18364832    0.19676505    0.20023702    0.21422562    0.16889892    0.29973248
T4             0.27209574    0.21139625    0.22491260    0.23125657    0.22491260    0.22228907    0.21942723    0.24949622    0.26932429    0.24311394    0.25087867    0.21215365    0.03481455    0.04545571    0.00805166    0.00000000    0.21398422    0.20066914    0.19184954    0.20516153    0.20881778    0.22308752    0.17701430    0.30986448
T2             0.31372529    0.26107374    0.27562804    0.28201269    0.28122170    0.27841942    0.26035799    0.26263151    0.28935812    0.27562804    0.29008244    0.22020064    0.20773898    0.22466763    0.20814173    0.21398422    0.00000000    0.02031498    0.04757177    0.04966353    0.04982795    0.17587708    0.13048109    0.33261308
T15            0.30840381    0.24680637    0.26107374    0.26731844    0.26656353    0.26381338    0.24612298    0.25448222    0.28092802    0.26107374    0.27524753    0.20674989    0.19456311    0.21116292    0.19494602    0.20066914    0.02031498    0.00000000    0.03910609    0.04117189    0.04134133    0.16319940    0.11858041    0.32706913
T13            0.30791507    0.25562569    0.27642179    0.27642179    0.27562804    0.27284747    0.25490647    0.26263151    0.28609236    0.27642179    0.28848037    0.22599126    0.19405898    0.21052072    0.18364832    0.19184954    0.04757177    0.03910609    0.00000000    0.02444484    0.04334628    0.16296597    0.12548823    0.33349919
T8             0.30607690    0.25119247    0.27173619    0.27173619    0.27104983    0.26827530    0.25057530    0.26183164    0.28848037    0.27173619    0.28365698    0.22833588    0.19916746    0.21014108    0.19676505    0.20516153    0.04966353    0.04117189    0.02444484    0.00000000    0.04542063    0.16782250    0.12269864    0.33605888
T3             0.30791507    0.25871899    0.27962447    0.27642179    0.27562804    0.27284747    0.25185127    0.25718843    0.28048259    0.27962447    0.29415715    0.21500749    0.19984253    0.21658176    0.20023702    0.20881778    0.04982795    0.04134133    0.04334628    0.04542063    0.00000000    0.17639117    0.12584347    0.32323222
T21            0.31471416    0.26811599    0.27725905    0.28609236    0.27881012    0.27601946    0.25798055    0.29845576    0.30941618    0.30263990    0.32108319    0.25910387    0.22806263    0.23390398    0.21422562    0.22308752    0.17587708    0.16319940    0.16296597    0.16782250    0.17639117    0.00000000    0.09675324    0.36933875
T5             0.27405626    0.21329642    0.23879697    0.24181538    0.23512606    0.23248320    0.22136751    0.24460403    0.26347320    0.25407558    0.26183164    0.20501868    0.16858765    0.17647091    0.16889892    0.17701430    0.13048109    0.11858041    0.12548823    0.12269864    0.12584347    0.09675324    0.00000000    0.30193042
T11            0.20728857    0.27451938    0.28047511    0.27487797    0.27417179    0.27138754    0.26827530    0.29701240    0.33192805    0.29332657    0.30233789    0.33005327    0.28760934    0.30367227    0.29973248    0.30986448    0.33261308    0.32706913    0.33349919    0.33605888    0.32323222    0.36933875    0.30193042    0.00000000

