24
T10            0.00000000    0.42125251    0.40976026    0.41956665    0.45269878    0.44704215    0.48003041    0.46292241    0.44607620    0.47100911    0.36714068    0.34743057    0.35415767    0.36095239    0.35854940    0.38957540    0.36231137    0.35787760    0.34440835    0.34377861    0.38565095    0.34872932    0.35176617    0.31364616
T19            0.42125251    0.00000000    0.00602719    0.02234661    0.05412980    0.25240214    0.27623968    0.27584230    0.24298411    0.25511044    0.27749635    0.26402351    0.27306370    0.28308168    0.28308168    0.29069764    0.27516040    0.27793669    0.25973017    0.26328734    0.27706672    0.25240214    0.25511044    0.24364106
T15            0.40976026    0.00602719    0.00000000    0.02029412    0.05200165    0.24970404    0.26714980    0.27306370    0.24031246    0.25240214    0.27471977    0.26440236    0.27346171    0.28352138    0.28352138    0.29111391    0.27561163    0.28490560    0.26014130    0.26371866    0.27749635    0.25584151    0.25855850    0.24097140
T1             0.41956665    0.02234661    0.02029412    0.00000000    0.04765351    0.24433811    0.26793769    0.26753848    0.23499902    0.24935218    0.26919833    0.25893876    0.26793769    0.27793669    0.27793669    0.28546221    0.27009110    0.27932179    0.26099429    0.26689472    0.27749635    0.25351632    0.25622243    0.23566179
T7             0.45269878    0.05412980    0.05200165    0.04765351    0.00000000    0.27623968    0.30098729    0.30053856    0.27267640    0.28786569    0.30240173    0.28589059    0.29527102    0.30577047    0.30577047    0.31348648    0.30003262    0.30967922    0.29053259    0.29668642    0.30432226    0.28914945    0.29197997    0.27029579
T13            0.44704215    0.25240214    0.24970404    0.24433811    0.27623968    0.00000000    0.07195061    0.05846261    0.05852575    0.07177118    0.32059464    0.27009110    0.27284612    0.28308515    0.27980481    0.30732137    0.25601825    0.27055313    0.25872213    0.25121261    0.29384551    0.27654587    0.28588252    0.25472186
T12            0.48003041    0.27623968    0.26714980    0.26793769    0.30098729    0.07195061    0.00000000    0.05194624    0.09238683    0.10637518    0.35481556    0.30391817    0.30679301    0.31533663    0.31186240    0.33596254    0.29253056    0.30786109    0.29201463    0.28397194    0.30240173    0.32235844    0.32175881    0.29536087
T11            0.46292241    0.27584230    0.27306370    0.26753848    0.30053856    0.05846261    0.05194624    0.00000000    0.08993016    0.10384330    0.34316126    0.29336249    0.29620345    0.30679301    0.29768580    0.32481365    0.28210834    0.29718054    0.28163603    0.27706672    0.30865643    0.30786109    0.30732137    0.28490560
T9             0.44607620    0.24298411    0.24031246    0.23499902    0.27267640    0.05852575    0.09238683    0.08993016    0.00000000    0.04972819    0.29620345    0.25082034    0.25351632    0.26014130    0.25701495    0.28352138    0.23409142    0.24813441    0.24279241    0.23865692    0.26286633    0.25472186    0.25742650    0.23600787
T20            0.47100911    0.25511044    0.25240214    0.24935218    0.28786569    0.07177118    0.10637518    0.10384330    0.04972819    0.00000000    0.31548608    0.27516040    0.27793669    0.28819671    0.28490560    0.31257688    0.26188815    0.27980481    0.26143612    0.26645332    0.29668642    0.27516040    0.27793669    0.25043814
T17            0.36714068    0.27749635    0.27471977    0.26919833    0.30240173    0.32059464    0.35481556    0.34316126    0.29620345    0.31548608    0.00000000    0.18673427    0.18922629    0.18397864    0.18950519    0.20209272    0.17685273    0.18760025    0.17440367    0.18177632    0.20327655    0.20520883    0.20776027    0.17556044
T14            0.34743057    0.26402351    0.26440236    0.25893876    0.28589059    0.27009110    0.30391817    0.29336249    0.25082034    0.27516040    0.18673427    0.00000000    0.01008405    0.01826984    0.01826984    0.04554146    0.06735247    0.08088402    0.06519309    0.07849537    0.11052774    0.18620058    0.18869492    0.16489071
T22            0.35415767    0.27306370    0.27346171    0.26793769    0.29527102    0.27284612    0.30679301    0.29620345    0.25351632    0.27793669    0.18922629    0.01008405    0.00000000    0.02031408    0.02031408    0.04765351    0.06951871    0.08308307    0.06735247    0.08069094    0.11281296    0.18869492    0.19119810    0.16732553
T16            0.36095239    0.28308168    0.28352138    0.27793669    0.30577047    0.28308515    0.31533663    0.30679301    0.26014130    0.28819671    0.18397864    0.01826984    0.02031408    0.00000000    0.01620793    0.04770610    0.06959988    0.08318845    0.06743545    0.08078395    0.11534777    0.19172710    0.19423675    0.16753686
T2             0.35854940    0.28308168    0.28352138    0.27793669    0.30577047    0.27980481    0.31186240    0.29768580    0.25701495    0.28490560    0.18950519    0.01826984    0.02031408    0.01620793    0.00000000    0.04770610    0.06959988    0.08318845    0.06743545    0.08078395    0.11534777    0.19172710    0.19423675    0.16753686
T0             0.38957540    0.29069764    0.29111391    0.28546221    0.31348648    0.30732137    0.33596254    0.32481365    0.28352138    0.31257688    0.20209272    0.04554146    0.04765351    0.04770610    0.04770610    0.00000000    0.08280954    0.09662400    0.08060502    0.09418542    0.12936683    0.20719092    0.20975384    0.18252803
T5             0.36231137    0.27516040    0.27561163    0.27009110    0.30003262    0.25601825    0.29253056    0.28210834    0.23409142    0.26188815    0.17685273    0.06735247    0.06951871    0.06959988    0.06959988    0.08280954    0.00000000    0.03289386    0.03502163    0.04343598    0.10146200    0.18177632    0.18425097    0.15785355
T8             0.35787760    0.27793669    0.28490560    0.27932179    0.30967922    0.27055313    0.30786109    0.29718054    0.24813441    0.27980481    0.18760025    0.08088402    0.08308307    0.08318845    0.08318845    0.09662400    0.03289386    0.00000000    0.04355520    0.05206373    0.11091272    0.18701423    0.18950519    0.16290107
T4             0.34440835    0.25973017    0.26014130    0.26099429    0.29053259    0.25872213    0.29201463    0.28163603    0.24279241    0.26143612    0.17440367    0.06519309    0.06735247    0.06743545    0.06743545    0.08060502    0.03502163    0.04355520    0.00000000    0.02866530    0.09684968    0.16313194    0.16555426    0.14765926
T21            0.34377861    0.26328734    0.26371866    0.26689472    0.29668642    0.25121261    0.28397194    0.27706672    0.23865692    0.26645332    0.18177632    0.07849537    0.08069094    0.08078395    0.08078395    0.09418542    0.04343598    0.05206373    0.02866530    0.00000000    0.09673318    0.17580181    0.17826387    0.15482313
T23            0.38565095    0.27706672    0.27749635    0.27749635    0.30432226    0.29384551    0.30240173    0.30865643    0.26286633    0.29668642    0.20327655    0.11052774    0.11281296    0.11534777    0.11534777    0.12936683    0.10146200    0.11091272    0.09684968    0.09673318    0.00000000    0.20106456    0.20359511    0.17532767
T18            0.34872932    0.25240214    0.25584151    0.25351632    0.28914945    0.27654587    0.32235844    0.30786109    0.25472186    0.27516040    0.20520883    0.18620058    0.18869492    0.19172710    0.19172710    0.20719092    0.18177632    0.18701423    0.16313194    0.17580181    0.20106456    0.00000000    0.00602719    0.10837264
T3             0.35176617    0.25511044    0.25855850    0.25622243    0.29197997    0.28588252    0.32175881    0.30732137    0.25742650    0.27793669    0.20776027    0.18869492    0.19119810    0.19423675    0.19423675    0.20975384    0.18425097    0.18950519    0.16555426    0.17826387    0.20359511    0.00602719    0.00000000    0.11064852
T6             0.31364616    0.24364106    0.24097140    0.23566179    0.27029579    0.25472186    0.29536087    0.28490560    0.23600787    0.25043814    0.17556044    0.16489071    0.16732553    0.16753686    0.16753686    0.18252803    0.15785355    0.16290107    0.14765926    0.15482313    0.17532767    0.10837264    0.11064852    0.00000000

