24
T6             0.00000000    0.32028442    0.33604403    0.26237271    0.30093804    0.30622675    0.30811709    0.26394975    0.25304900    0.22837125    0.21918848    0.14479904    0.14717603    0.16197135    0.13790792    0.21279417    0.13735739    0.17594132    0.18885046    0.17892072    0.14717603    0.14993740    0.16911355    0.16015684
T17            0.32028442    0.00000000    0.13016480    0.09198085    0.17500873    0.14479904    0.15753334    0.27577668    0.27187252    0.24193958    0.24460959    0.32521901    0.32819166    0.34725842    0.32028442    0.39249253    0.33018741    0.32273935    0.34471567    0.34327242    0.31794001    0.32867192    0.36319290    0.34117679
T0             0.33604403    0.13016480    0.00000000    0.08605968    0.17456301    0.14939926    0.15919880    0.29762690    0.30781251    0.25730743    0.25367734    0.33953844    0.34254952    0.35840331    0.33477394    0.39711144    0.35111734    0.33953844    0.35595056    0.35857015    0.32828736    0.33953844    0.37839804    0.35723423
T18            0.26237271    0.09198085    0.08605968    0.00000000    0.10855171    0.09269179    0.10416826    0.24157764    0.23556882    0.19842294    0.18470155    0.26946302    0.27223568    0.29308894    0.26158629    0.33465353    0.27936960    0.26946302    0.29064457    0.29237041    0.26288439    0.27260980    0.31456937    0.28822420
T2             0.30093804    0.17500873    0.17456301    0.10855171    0.00000000    0.08965816    0.13703071    0.29283026    0.28301527    0.23362461    0.23327035    0.29921848    0.30209936    0.32300239    0.29349117    0.35290116    0.30293449    0.30499187    0.33070925    0.31544730    0.30131145    0.30499187    0.33582297    0.32475083
T7             0.30622675    0.14479904    0.14939926    0.09269179    0.08965816    0.00000000    0.10150468    0.26707685    0.26084226    0.21081958    0.21338994    0.30670679    0.30960854    0.32819166    0.30186762    0.37591612    0.31734834    0.30336971    0.32569956    0.32078978    0.29963087    0.31006649    0.33766299    0.32669772
T8             0.30811709    0.15753334    0.15919880    0.10416826    0.13703071    0.10150468    0.00000000    0.25811110    0.24528158    0.22733320    0.21825824    0.30209936    0.30499187    0.32003897    0.30049067    0.36683513    0.30582562    0.30626029    0.32867192    0.32619247    0.29842884    0.30872840    0.33281141    0.33214906
T22            0.26394975    0.27577668    0.29762690    0.24157764    0.29283026    0.26707685    0.25811110    0.00000000    0.11769566    0.19779675    0.19189478    0.27501913    0.27781346    0.29231912    0.26707685    0.30093526    0.26598192    0.30005494    0.31794001    0.27781346    0.27152035    0.27818584    0.30383058    0.29064457
T19            0.25304900    0.27187252    0.30781251    0.23556882    0.28301527    0.26084226    0.24528158    0.11769566    0.00000000    0.17300037    0.16743887    0.25340113    0.25612848    0.27331916    0.24559046    0.29378406    0.25370625    0.28380567    0.30131145    0.26530613    0.25310664    0.25948210    0.29411532    0.28176677
T13            0.22837125    0.24193958    0.25730743    0.19842294    0.23362461    0.21081958    0.22733320    0.19779675    0.17300037    0.00000000    0.04771544    0.22700670    0.22963197    0.24322604    0.21660136    0.26909894    0.22146631    0.23523528    0.24927087    0.24766019    0.22085792    0.22700670    0.24498308    0.23856412
T12            0.21918848    0.24460959    0.25367734    0.18470155    0.23327035    0.21338994    0.21825824    0.19189478    0.16743887    0.04771544    0.00000000    0.21796741    0.22056829    0.23400142    0.20765844    0.25643229    0.21251055    0.22901054    0.24828542    0.24122579    0.20913936    0.21796741    0.23003093    0.22346717
T1             0.14479904    0.32521901    0.33953844    0.26946302    0.29921848    0.30670679    0.30209936    0.27501913    0.25340113    0.22700670    0.21796741    0.00000000    0.00200302    0.03481587    0.03701674    0.10806704    0.05195589    0.08081074    0.09421616    0.08321939    0.05403844    0.06068408    0.09404188    0.08743553
T3             0.14717603    0.32819166    0.34254952    0.27223568    0.30209936    0.30960854    0.30499187    0.27781346    0.25612848    0.22963197    0.22056829    0.00200302    0.00000000    0.03690931    0.03910855    0.11034890    0.05408615    0.08301187    0.09645881    0.08542408    0.05617745    0.06283563    0.09628846    0.08965816
T10            0.16197135    0.34725842    0.35840331    0.29308894    0.32300239    0.32819166    0.32003897    0.29231912    0.27331916    0.24322604    0.23400142    0.03481587    0.03690931    0.00000000    0.05841752    0.11254029    0.06056614    0.10363943    0.12231361    0.10138197    0.07381944    0.08071595    0.11263840    0.10568883
T16            0.13790792    0.32028442    0.33477394    0.26158629    0.29349117    0.30186762    0.30049067    0.26707685    0.24559046    0.21660136    0.20765844    0.03701674    0.03910855    0.05841752    0.00000000    0.10855171    0.05222219    0.07894903    0.09465378    0.07907391    0.04989072    0.06100249    0.08054793    0.08321939
T21            0.21279417    0.39249253    0.39711144    0.33465353    0.35290116    0.37591612    0.36683513    0.30093526    0.29378406    0.26909894    0.25643229    0.10806704    0.11034890    0.11254029    0.10855171    0.00000000    0.08531848    0.12751503    0.14974514    0.12984429    0.11274430    0.12013233    0.15901560    0.13176596
T9             0.13735739    0.33018741    0.35111734    0.27936960    0.30293449    0.31734834    0.30582562    0.26598192    0.25370625    0.22146631    0.21251055    0.05195589    0.05408615    0.06056614    0.05222219    0.08531848    0.00000000    0.07633125    0.09198085    0.07187964    0.05627572    0.06745555    0.09645881    0.08522012
T20            0.17594132    0.32273935    0.33953844    0.26946302    0.30499187    0.30336971    0.30626029    0.30005494    0.28380567    0.23523528    0.22901054    0.08081074    0.08301187    0.10363943    0.07894903    0.12751503    0.07633125    0.00000000    0.02650706    0.03716628    0.07405631    0.08565686    0.12000076    0.10363943
T11            0.18885046    0.34471567    0.35595056    0.29064457    0.33070925    0.32569956    0.32867192    0.31794001    0.30131145    0.24927087    0.24828542    0.09421616    0.09645881    0.12231361    0.09465378    0.14974514    0.09198085    0.02650706    0.00000000    0.04766187    0.08504519    0.09677045    0.12429837    0.12476221
T15            0.17892072    0.34327242    0.35857015    0.29237041    0.31544730    0.32078978    0.32619247    0.27781346    0.26530613    0.24766019    0.24122579    0.08321939    0.08542408    0.10138197    0.07907391    0.12984429    0.07187964    0.03716628    0.04766187    0.00000000    0.07414941    0.08578401    0.12013233    0.11338980
T4             0.14717603    0.31794001    0.32828736    0.26288439    0.30131145    0.29963087    0.29842884    0.27152035    0.25310664    0.22085792    0.20913936    0.05403844    0.05617745    0.07381944    0.04989072    0.11274430    0.05627572    0.07405631    0.08504519    0.07414941    0.00000000    0.02656777    0.06933159    0.08734631
T23            0.14993740    0.32867192    0.33953844    0.27260980    0.30499187    0.31006649    0.30872840    0.27818584    0.25948210    0.22700670    0.21796741    0.06068408    0.06283563    0.08071595    0.06100249    0.12013233    0.06745555    0.08565686    0.09677045    0.08578401    0.02656777    0.00000000    0.07843061    0.09913191
T14            0.16911355    0.36319290    0.37839804    0.31456937    0.33582297    0.33766299    0.33281141    0.30383058    0.29411532    0.24498308    0.23003093    0.09404188    0.09628846    0.11263840    0.08054793    0.15901560    0.09645881    0.12000076    0.12429837    0.12013233    0.06933159    0.07843061    0.00000000    0.12942344
T5             0.16015684    0.34117679    0.35723423    0.28822420    0.32475083    0.32669772    0.33214906    0.29064457    0.28176677    0.23856412    0.22346717    0.08743553    0.08965816    0.10568883    0.08321939    0.13176596    0.08522012    0.10363943    0.12476221    0.11338980    0.08734631    0.09913191    0.12942344    0.00000000

