24
T6             0.00000000    0.55626282    0.55521035    0.50321577    0.49950881    0.23928653    0.25112804    0.28814003    0.20316903    0.22950418    0.22576565    0.21370754    0.21470113    0.17079543    0.17324273    0.18387218    0.18361188    0.20540593    0.14281789    0.14302282    0.14518382    0.15556950    0.16084512    0.15797052
T12            0.55626282    0.00000000    0.01617405    0.10568971    0.10105975    0.52872852    0.57280342    0.63253910    0.58152751    0.56069127    0.57927410    0.56759417    0.57111149    0.53169242    0.53068404    0.53944934    0.54335836    0.60686727    0.54728806    0.52872852    0.53163631    0.53646469    0.54134057    0.54036326
T10            0.55521035    0.01617405    0.00000000    0.10559336    0.10096711    0.53743873    0.58217737    0.64291545    0.57483192    0.55444885    0.57280342    0.56133846    0.56470683    0.52107225    0.52013108    0.52872852    0.53258651    0.58630950    0.55123865    0.52778134    0.53070670    0.53551146    0.54036326    0.53940699
T13            0.50321577    0.10568971    0.10559336    0.00000000    0.00804343    0.48665002    0.51846405    0.55746061    0.51411900    0.49582027    0.52226128    0.49305869    0.49582027    0.47135578    0.46172205    0.46963672    0.47320517    0.53764687    0.48680965    0.46286460    0.46564489    0.46996917    0.47433151    0.47792879
T3             0.49950881    0.10105975    0.10096711    0.00804343    0.00000000    0.48302157    0.51468609    0.55869883    0.52012527    0.50144965    0.51846405    0.49856660    0.50144965    0.46779965    0.45820666    0.46608540    0.46963672    0.54372137    0.48317310    0.45933786    0.46210266    0.46640831    0.47075170    0.47433151
T19            0.23928653    0.52872852    0.53743873    0.48665002    0.48302157    0.00000000    0.08512965    0.12042048    0.22131405    0.23030333    0.23251860    0.23212429    0.23030333    0.17673642    0.17919613    0.18718962    0.18968185    0.32479813    0.26912604    0.26869634    0.26238102    0.26321024    0.26956642    0.26912604
T20            0.25112804    0.57280342    0.58217737    0.51846405    0.51468609    0.08512965    0.00000000    0.04147024    0.22689357    0.23596489    0.24433071    0.25010656    0.24210601    0.19875521    0.20127831    0.20381035    0.20635141    0.33127344    0.27832284    0.28204571    0.28111261    0.28437405    0.29096204    0.29047916
T11            0.28814003    0.63253910    0.64291545    0.55746061    0.55869883    0.12042048    0.04147024    0.00000000    0.25323499    0.27570505    0.27795862    0.28177959    0.27570505    0.23375979    0.23638807    0.24520535    0.24167346    0.36964078    0.31361735    0.31417035    0.30623879    0.30964567    0.31653052    0.31598901
T7             0.20316903    0.58152751    0.57483192    0.51411900    0.52012527    0.22131405    0.22689357    0.25323499    0.00000000    0.04995612    0.05861094    0.05414095    0.05214589    0.12838558    0.13323099    0.14323582    0.14045994    0.28066253    0.21952370    0.21986274    0.21693744    0.21986274    0.21986274    0.22245758
T14            0.22950418    0.56069127    0.55444885    0.49582027    0.50144965    0.23030333    0.23596489    0.27570505    0.04995612    0.00000000    0.01415535    0.05195614    0.04995612    0.14368597    0.14865006    0.15893957    0.15603989    0.28718530    0.23436994    0.23399573    0.23399573    0.23700983    0.23700983    0.24270123
T9             0.22576565    0.57927410    0.57280342    0.52226128    0.51846405    0.23251860    0.24433071    0.27795862    0.05861094    0.01415535    0.00000000    0.05841779    0.05640173    0.14581880    0.15079196    0.16109037    0.15820029    0.29615645    0.23663625    0.23627259    0.23627259    0.23928653    0.23928653    0.24498825
T8             0.21370754    0.56759417    0.56133846    0.49305869    0.49856660    0.23212429    0.25010656    0.28177959    0.05414095    0.05195614    0.05841779    0.00000000    0.01414163    0.14559902    0.15056661    0.16084512    0.15797052    0.28259708    0.22733922    0.23293226    0.23293226    0.23591888    0.23591888    0.24158446
T21            0.21470113    0.57111149    0.56470683    0.49582027    0.50144965    0.23030333    0.24210601    0.27570505    0.05214589    0.04995612    0.05640173    0.01414163    0.00000000    0.14368597    0.14865006    0.15893957    0.15079196    0.27743306    0.22837797    0.22802198    0.22802198    0.23099985    0.23099985    0.23663625
T15            0.17079543    0.53169242    0.52107225    0.47135578    0.46779965    0.17673642    0.19875521    0.23375979    0.12838558    0.14368597    0.14581880    0.14559902    0.14368597    0.00000000    0.01623344    0.02660783    0.02447506    0.22932190    0.17277340    0.18063612    0.18336047    0.19162455    0.19162455    0.19693004
T23            0.17324273    0.53068404    0.52013108    0.46172205    0.45820666    0.17919613    0.20127831    0.23638807    0.13323099    0.14865006    0.15079196    0.15056661    0.14865006    0.01623344    0.00000000    0.01008459    0.00804452    0.22901592    0.17255179    0.18040114    0.18311796    0.19135893    0.19135893    0.19665773
T1             0.18387218    0.53944934    0.52872852    0.46963672    0.46608540    0.18718962    0.20381035    0.24520535    0.14323582    0.15893957    0.16109037    0.16084512    0.15893957    0.02660783    0.01008459    0.00000000    0.01824918    0.24055859    0.18311796    0.19387227    0.19665773    0.20510932    0.20510932    0.21052098
T5             0.18361188    0.54335836    0.53258651    0.47320517    0.46963672    0.18968185    0.20635141    0.24167346    0.14045994    0.15603989    0.15820029    0.15797052    0.15079196    0.02447506    0.00804452    0.01824918    0.00000000    0.23491760    0.18063612    0.18810809    0.19085489    0.19918784    0.19918784    0.20454404
T16            0.20540593    0.60686727    0.58630950    0.53764687    0.54372137    0.32479813    0.33127344    0.36964078    0.28066253    0.28718530    0.29615645    0.28259708    0.27743306    0.22932190    0.22901592    0.24055859    0.23491760    0.00000000    0.11082762    0.19867338    0.19589592    0.20710038    0.21279906    0.21251525
T0             0.14281789    0.54728806    0.55123865    0.48680965    0.48317310    0.26912604    0.27832284    0.31361735    0.21952370    0.23436994    0.23663625    0.22733922    0.22837797    0.17277340    0.17255179    0.18311796    0.18063612    0.11082762    0.00000000    0.14207939    0.14207939    0.15492626    0.16015972    0.15994812
T18            0.14302282    0.52872852    0.52778134    0.46286460    0.45933786    0.26869634    0.28204571    0.31417035    0.21986274    0.23399573    0.23627259    0.23293226    0.22802198    0.18063612    0.18040114    0.19387227    0.18810809    0.19867338    0.14207939    0.00000000    0.02854379    0.03902421    0.04328118    0.04325716
T2             0.14518382    0.53163631    0.53070670    0.46564489    0.46210266    0.26238102    0.28111261    0.30623879    0.21693744    0.23399573    0.23627259    0.23293226    0.22802198    0.18336047    0.18311796    0.19665773    0.19085489    0.19589592    0.14207939    0.02854379    0.00000000    0.01823317    0.02236634    0.02234800
T22            0.15556950    0.53646469    0.53551146    0.46996917    0.46640831    0.26321024    0.28437405    0.30964567    0.21986274    0.23700983    0.23928653    0.23591888    0.23099985    0.19162455    0.19135893    0.20510932    0.19918784    0.20710038    0.15492626    0.03902421    0.01823317    0.00000000    0.00401623    0.00401109
T17            0.16084512    0.54134057    0.54036326    0.47433151    0.47075170    0.26956642    0.29096204    0.31653052    0.21986274    0.23700983    0.23928653    0.23591888    0.23099985    0.19162455    0.19135893    0.20510932    0.19918784    0.21279906    0.16015972    0.04328118    0.02236634    0.00401623    0.00000000    0.00805181
T4             0.15797052    0.54036326    0.53940699    0.47792879    0.47433151    0.26912604    0.29047916    0.31598901    0.22245758    0.24270123    0.24498825    0.24158446    0.23663625    0.19693004    0.19665773    0.21052098    0.20454404    0.21251525    0.15994812    0.04325716    0.02234800    0.00401109    0.00805181    0.00000000

