24
T4             0.00000000    0.47980472    0.48797385    0.33990307    0.35823262    0.33583524    0.25278411    0.22709082    0.21346621    0.20205736    0.26995315    0.26817177    0.22879166    0.22909002    0.24064231    0.24399360    0.24477547    0.23703299    0.24434754    0.16042001    0.14997306    0.15496138    0.13662439    0.12944441
T9             0.47980472    0.00000000    0.00805191    0.42940905    0.45265672    0.40441962    0.45423665    0.43619499    0.41236179    0.40049589    0.49529701    0.52347466    0.44995715    0.45075371    0.46730207    0.45075371    0.49069999    0.49257137    0.46463382    0.45505204    0.43807860    0.44571439    0.47631443    0.46478520
T13            0.48797385    0.00805191    0.00000000    0.43698406    0.46045005    0.41167572    0.46207169    0.44383678    0.41971440    0.40770488    0.50364771    0.53217054    0.45343821    0.45855352    0.47531146    0.44995715    0.50835392    0.50090747    0.47262920    0.46290844    0.44571439    0.45343821    0.48439024    0.47272791
T21            0.33990307    0.42940905    0.43698406    0.00000000    0.17691554    0.12465381    0.35128264    0.31118368    0.27629559    0.27311420    0.34901004    0.35357954    0.30351664    0.30396757    0.31702295    0.32096788    0.34186858    0.32985169    0.32045800    0.31409743    0.29404118    0.30019696    0.31560257    0.31313785
T18            0.35823262    0.45265672    0.46045005    0.17691554    0.00000000    0.13205825    0.36868576    0.33833618    0.32242451    0.30554304    0.39013706    0.38076799    0.34086292    0.34135926    0.35153590    0.35934376    0.37386886    0.36133303    0.35991953    0.33434479    0.32742849    0.32698162    0.35207124    0.34239085
T2             0.33583524    0.40441962    0.41167572    0.12465381    0.13205825    0.00000000    0.33283730    0.30396757    0.27670540    0.26406009    0.35207124    0.34952749    0.30223485    0.30265026    0.31560257    0.31947492    0.35101383    0.32836006    0.31653732    0.30685877    0.28713682    0.29321792    0.31267617    0.30685877
T3             0.25278411    0.45423665    0.46207169    0.35128264    0.36868576    0.33283730    0.00000000    0.04983589    0.13269758    0.12521756    0.25624875    0.26681219    0.22447464    0.22480477    0.23038306    0.22775905    0.27434534    0.26649983    0.24241614    0.19295410    0.19021301    0.19548252    0.22822501    0.23172779
T23            0.22709082    0.43619499    0.44383678    0.31118368    0.33833618    0.30396757    0.04983589    0.00000000    0.10390598    0.09209309    0.21863601    0.22879166    0.18590004    0.18615201    0.19141373    0.18890892    0.22971667    0.22219907    0.19698962    0.16952031    0.16200835    0.16933071    0.20638216    0.20689234
T0             0.21346621    0.41236179    0.41971440    0.27629559    0.32242451    0.27670540    0.13269758    0.10390598    0.00000000    0.02236694    0.20578137    0.21286556    0.17353896    0.17379711    0.17625083    0.17651653    0.21668328    0.20931149    0.18724965    0.16220284    0.15181207    0.15679958    0.19090594    0.18864920
T10            0.20205736    0.40049589    0.40770488    0.27311420    0.30554304    0.26406009    0.12521756    0.09209309    0.02236694    0.00000000    0.19168130    0.19594776    0.16019839    0.16042001    0.16283785    0.16306662    0.20233859    0.19504770    0.17353896    0.15181207    0.14163527    0.14178410    0.18000060    0.17774316
T1             0.26995315    0.49529701    0.50364771    0.34901004    0.39013706    0.35207124    0.25624875    0.21863601    0.20578137    0.19168130    0.00000000    0.06062633    0.05627983    0.05633970    0.06513834    0.06298367    0.10139707    0.09244023    0.10857011    0.22879166    0.21153204    0.21696436    0.24776425    0.24536725
T6             0.26817177    0.52347466    0.53217054    0.35357954    0.38076799    0.34952749    0.26681219    0.22879166    0.21286556    0.19594776    0.06062633    0.00000000    0.07151637    0.07157645    0.08055598    0.07835626    0.11758814    0.10843651    0.12491977    0.21932847    0.20251107    0.20508201    0.25592102    0.25290519
T22            0.22879166    0.44995715    0.45343821    0.30351664    0.34086292    0.30223485    0.22447464    0.18590004    0.17353896    0.16019839    0.05627983    0.07151637    0.00000000    0.00401110    0.01211021    0.02037643    0.05640642    0.04574037    0.07852934    0.19295410    0.17673107    0.18188976    0.21106642    0.20591022
T12            0.22909002    0.45075371    0.45855352    0.30396757    0.34135926    0.30265026    0.22480477    0.18615201    0.17379711    0.16042001    0.05633970    0.07157645    0.00401110    0.00000000    0.00805191    0.02250469    0.05647998    0.04581620    0.07634043    0.19318359    0.17691554    0.18207980    0.21129436    0.20614140
T5             0.24064231    0.46730207    0.47531146    0.31702295    0.35153590    0.31560257    0.23038306    0.19141373    0.17625083    0.16283785    0.06513834    0.08055598    0.01211021    0.00805191    0.00000000    0.03088696    0.06530526    0.05452153    0.08543584    0.19848232    0.18207980    0.18728209    0.22243903    0.21721854
T17            0.24399360    0.45075371    0.44995715    0.32096788    0.35934376    0.31947492    0.22775905    0.18890892    0.17651653    0.16306662    0.06298367    0.07835626    0.02037643    0.02250469    0.03088696    0.00000000    0.06765429    0.05684208    0.09021914    0.20433427    0.18770119    0.19021301    0.21982394    0.21462275
T15            0.24477547    0.49069999    0.50835392    0.34186858    0.37386886    0.35101383    0.27434534    0.22971667    0.21668328    0.20233859    0.10139707    0.11758814    0.05640642    0.05647998    0.06530526    0.06765429    0.00000000    0.02236694    0.11071301    0.22008651    0.20312312    0.20848356    0.24719628    0.24180465
T14            0.23703299    0.49257137    0.50090747    0.32985169    0.36133303    0.32836006    0.26649983    0.22219907    0.20931149    0.19504770    0.09244023    0.10843651    0.04574037    0.04581620    0.05452153    0.05684208    0.02236694    0.00000000    0.11128648    0.21775629    0.20079177    0.20614140    0.24237826    0.23703299
T11            0.24434754    0.46463382    0.47262920    0.32045800    0.35991953    0.31653732    0.24241614    0.19698962    0.18724965    0.17353896    0.10857011    0.12491977    0.07852934    0.07634043    0.08543584    0.09021914    0.11071301    0.11128648    0.00000000    0.19342233    0.18248717    0.18770119    0.21436711    0.21488812
T7             0.16042001    0.45505204    0.46290844    0.31409743    0.33434479    0.30685877    0.19295410    0.16952031    0.16220284    0.15181207    0.22879166    0.21932847    0.19295410    0.19318359    0.19848232    0.20433427    0.22008651    0.21775629    0.19342233    0.00000000    0.02034323    0.02447603    0.13413788    0.13191862
T8             0.14997306    0.43807860    0.44571439    0.29404118    0.32742849    0.28713682    0.19021301    0.16200835    0.15181207    0.14163527    0.21153204    0.20251107    0.17673107    0.17691554    0.18207980    0.18770119    0.20312312    0.20079177    0.18248717    0.02034323    0.00000000    0.01210067    0.12431506    0.12209524
T20            0.15496138    0.44571439    0.45343821    0.30019696    0.32698162    0.29321792    0.19548252    0.16933071    0.15679958    0.14178410    0.21696436    0.20508201    0.18188976    0.18207980    0.18728209    0.19021301    0.20848356    0.20614140    0.18770119    0.02447603    0.01210067    0.00000000    0.12909312    0.12686347
T19            0.13662439    0.47631443    0.48439024    0.31560257    0.35207124    0.31267617    0.22822501    0.20638216    0.19090594    0.18000060    0.24776425    0.25592102    0.21106642    0.21129436    0.22243903    0.21982394    0.24719628    0.24237826    0.21436711    0.13413788    0.12431506    0.12909312    0.00000000    0.02440737
T16            0.12944441    0.46478520    0.47272791    0.31313785    0.34239085    0.30685877    0.23172779    0.20689234    0.18864920    0.17774316    0.24536725    0.25290519    0.20591022    0.20614140    0.21721854    0.21462275    0.24180465    0.23703299    0.21488812    0.13191862    0.12209524    0.12686347    0.02440737    0.00000000

