24
T5             0.00000000    0.23561926    0.21717793    0.26873723    0.25738368    0.25386260    0.25386260    0.19040328    0.20148561    0.16441749    0.21905831    0.21458250    0.20634540    0.20634540    0.24097845    0.18436434    0.18725396    0.17653223    0.25678244    0.20739875    0.21569675    0.20712122    0.15886695    0.19756532
T14            0.23561926    0.00000000    0.11083351    0.30629376    0.30446443    0.29384590    0.29384590    0.24091979    0.24393455    0.21799523    0.28914604    0.28141959    0.27227881    0.27543715    0.29382506    0.24531417    0.24863859    0.24863859    0.30918349    0.25969051    0.24770134    0.24464923    0.21174078    0.25071720
T18            0.21717793    0.11083351    0.00000000    0.26686193    0.26504033    0.25509830    0.25509830    0.21084904    0.21955092    0.19164399    0.25102475    0.24661640    0.23792327    0.24091979    0.26844244    0.21226205    0.21540374    0.21540374    0.24930838    0.20484351    0.21311586    0.21024905    0.18019007    0.22320685
T11            0.26873723    0.30629376    0.26686193    0.00000000    0.04124719    0.06290526    0.06290526    0.24703694    0.26185016    0.21181966    0.28588039    0.27192680    0.26282961    0.26282961    0.32836302    0.23067430    0.23402759    0.23402759    0.30145652    0.25597367    0.26185016    0.25553084    0.22877521    0.27236813
T4             0.25738368    0.30446443    0.26504033    0.04124719    0.00000000    0.05442898    0.05442898    0.23906452    0.25059034    0.20705534    0.28395909    0.27006210    0.26095493    0.26095493    0.31951638    0.22579602    0.22915165    0.22915165    0.28959350    0.24480321    0.25059034    0.24436969    0.22993361    0.26731443
T2             0.25386260    0.29384590    0.25509830    0.06290526    0.05442898    0.00000000    0.00000000    0.24480321    0.25642678    0.21251360    0.28677080    0.27605164    0.26686193    0.26686193    0.29954591    0.21955092    0.22283465    0.22283465    0.29242726    0.24436969    0.24394616    0.23782188    0.22654038    0.26686193
T10            0.25386260    0.29384590    0.25509830    0.06290526    0.05442898    0.00000000    0.00000000    0.24480321    0.25642678    0.21251360    0.28677080    0.27605164    0.26686193    0.26686193    0.29954591    0.21955092    0.22283465    0.22283465    0.29242726    0.24436969    0.24394616    0.23782188    0.22654038    0.26686193
T20            0.19040328    0.24091979    0.21084904    0.24703694    0.23906452    0.24480321    0.24480321    0.00000000    0.04995754    0.08753633    0.15644500    0.14192398    0.13453594    0.13453594    0.23494479    0.16238125    0.16523720    0.16789665    0.25134285    0.18337752    0.20542903    0.19976053    0.16745521    0.21828708
T9             0.20148561    0.24393455    0.21955092    0.26185016    0.25059034    0.25642678    0.25642678    0.04995754    0.00000000    0.09689497    0.16724746    0.15254123    0.14499917    0.14756908    0.23792327    0.17301913    0.17325878    0.17596178    0.24293925    0.19500618    0.21989089    0.21116318    0.17817922    0.22703923
T23            0.16441749    0.21799523    0.19164399    0.21181966    0.20705534    0.21251360    0.21251360    0.08753633    0.09689497    0.00000000    0.09854627    0.08504855    0.07827594    0.08513265    0.19315070    0.13485085    0.13754454    0.13754454    0.22004424    0.16813028    0.18416048    0.17596178    0.14481148    0.18836510
T13            0.21905831    0.28914604    0.25102475    0.28588039    0.28395909    0.28677080    0.28677080    0.15644500    0.16724746    0.09854627    0.00000000    0.02853829    0.02233156    0.02854396    0.23492489    0.16087281    0.16358812    0.16358812    0.26502081    0.22149743    0.23229983    0.22349630    0.20916294    0.25405744
T12            0.21458250    0.28141959    0.24661640    0.27192680    0.27006210    0.27605164    0.27605164    0.14192398    0.15254123    0.08504855    0.02853829    0.00000000    0.00602734    0.01619125    0.22167784    0.15104663    0.15372826    0.15372826    0.25438494    0.21148673    0.23630360    0.22736687    0.19920759    0.24594459
T1             0.20634540    0.27227881    0.23792327    0.26282961    0.26095493    0.26686193    0.26686193    0.13453594    0.14499917    0.07827594    0.02233156    0.00602734    0.00000000    0.01007314    0.21340806    0.14864236    0.15131948    0.15131948    0.25167146    0.20605178    0.22770431    0.21889976    0.19112038    0.23728611
T17            0.20634540    0.27543715    0.24091979    0.26282961    0.26095493    0.26686193    0.26686193    0.13453594    0.14756908    0.08513265    0.02854396    0.01619125    0.01007314    0.00000000    0.22190781    0.15372826    0.15644500    0.15644500    0.25779350    0.20605178    0.22770431    0.21889976    0.19112038    0.23728611
T16            0.24097845    0.29382506    0.26844244    0.32836302    0.31951638    0.29954591    0.29954591    0.23494479    0.23792327    0.19315070    0.23492489    0.22167784    0.21340806    0.22190781    0.00000000    0.16879395    0.16895617    0.17423148    0.29607565    0.23640661    0.25405744    0.24501455    0.23082150    0.26844244
T7             0.18436434    0.24531417    0.21226205    0.23067430    0.22579602    0.21955092    0.21955092    0.16238125    0.17301913    0.13485085    0.16087281    0.15104663    0.14864236    0.15372826    0.16879395    0.00000000    0.01212584    0.01623364    0.21842311    0.16180050    0.18245859    0.17441679    0.15387561    0.20610581
T3             0.18725396    0.24863859    0.21540374    0.23402759    0.22915165    0.22283465    0.22283465    0.16523720    0.17325878    0.13754454    0.16358812    0.15372826    0.15131948    0.15644500    0.16895617    0.01212584    0.00000000    0.02041518    0.22145788    0.16724746    0.18539225    0.17728439    0.15146869    0.20354380
T0             0.17653223    0.24863859    0.21540374    0.23402759    0.22915165    0.22283465    0.22283465    0.16789665    0.17596178    0.13754454    0.16358812    0.15372826    0.15131948    0.15644500    0.17423148    0.01623364    0.02041518    0.00000000    0.22145788    0.16989958    0.18539225    0.17728439    0.15660764    0.20916294
T6             0.25678244    0.30918349    0.24930838    0.30145652    0.28959350    0.29242726    0.29242726    0.25134285    0.24293925    0.22004424    0.26502081    0.25438494    0.25167146    0.25779350    0.29607565    0.21842311    0.22145788    0.22145788    0.00000000    0.09383965    0.17708290    0.16912726    0.19798772    0.23907644
T19            0.20739875    0.25969051    0.20484351    0.25597367    0.24480321    0.24436969    0.24436969    0.18337752    0.19500618    0.16813028    0.22149743    0.21148673    0.20605178    0.20605178    0.23640661    0.16180050    0.16724746    0.16989958    0.09383965    0.00000000    0.12091735    0.11355050    0.15798427    0.19976053
T15            0.21569675    0.24770134    0.21311586    0.26185016    0.25059034    0.24394616    0.24394616    0.20542903    0.21989089    0.18416048    0.23229983    0.23630360    0.22770431    0.22770431    0.25405744    0.18245859    0.18539225    0.18539225    0.17708290    0.12091735    0.00000000    0.00603665    0.16039359    0.21438746
T21            0.20712122    0.24464923    0.21024905    0.25553084    0.24436969    0.23782188    0.23782188    0.19976053    0.21116318    0.17596178    0.22349630    0.22736687    0.21889976    0.21889976    0.24501455    0.17441679    0.17728439    0.17728439    0.16912726    0.11355050    0.00603665    0.00000000    0.15254123    0.20573576
T8             0.15886695    0.21174078    0.18019007    0.22877521    0.22993361    0.22654038    0.22654038    0.16745521    0.17817922    0.14481148    0.20916294    0.19920759    0.19112038    0.19112038    0.23082150    0.15387561    0.15146869    0.15660764    0.19798772    0.15798427    0.16039359    0.15254123    0.00000000    0.07843391
T22            0.19756532    0.25071720    0.22320685    0.27236813    0.26731443    0.26686193    0.26686193    0.21828708    0.22703923    0.18836510    0.25405744    0.24594459    0.23728611    0.23728611    0.26844244    0.20610581    0.20354380    0.20916294    0.23907644    0.19976053    0.21438746    0.20573576    0.07843391    0.00000000

