24
T17            0.00000000    0.34027475    0.36327079    0.34783794    0.23320993    0.24262928    0.23463127    0.25201184    0.22528162    0.23728726    0.23347388    0.25951943    0.19040403    0.19040403    0.19567808    0.20712204    0.18245927    0.25201184    0.21883771    0.22190893    0.21978400    0.22214887    0.21668291    0.21060796
T21            0.34027475    0.00000000    0.10376681    0.09465966    0.25134418    0.24896954    0.24393569    0.25309176    0.23432674    0.24966007    0.24863988    0.27543873    0.37407156    0.37407156    0.37345625    0.38551441    0.36718780    0.41102047    0.38703874    0.36120893    0.36175483    0.35810948    0.34783794    0.36179735
T23            0.36327079    0.10376681    0.00000000    0.02860019    0.26844403    0.26914202    0.26399359    0.27343969    0.25405882    0.26988373    0.26258956    0.28423615    0.37917650    0.37917650    0.37858817    0.39061763    0.37977893    0.40820537    0.38494329    0.36744782    0.36432167    0.36067657    0.35039232    0.36088393
T6             0.34783794    0.09465966    0.02860019    0.00000000    0.25472435    0.25236138    0.24733056    0.25657237    0.23760075    0.25618181    0.24594583    0.26088452    0.36347368    0.36347368    0.36658733    0.37093000    0.36780186    0.40773071    0.37269097    0.35089831    0.35141753    0.34783794    0.33773296    0.34543856
T0             0.23320993    0.25134418    0.26844403    0.25472435    0.00000000    0.04120768    0.03070186    0.04339438    0.05414229    0.05861279    0.06062350    0.14957415    0.25236138    0.25236138    0.26125253    0.27426726    0.26831835    0.28827761    0.27434813    0.26165019    0.27121999    0.27121999    0.26226557    0.26052718
T1             0.24262928    0.24896954    0.26914202    0.25236138    0.04120768    0.00000000    0.02031600    0.03281250    0.05427212    0.05877608    0.06075567    0.14737506    0.25002089    0.25002089    0.25890132    0.27192811    0.26598999    0.28264071    0.27823247    0.27470056    0.27191588    0.27823247    0.26914202    0.27304229
T9             0.23463127    0.24393569    0.26399359    0.24733056    0.03070186    0.02031600    0.00000000    0.01211009    0.04791815    0.05239821    0.04995757    0.14539944    0.25116527    0.25116527    0.25386374    0.26686311    0.26731558    0.28070832    0.26674519    0.26950742    0.26674519    0.27304229    0.26399359    0.26476010
T22            0.25201184    0.25309176    0.27343969    0.25657237    0.04339438    0.03281250    0.01211009    0.00000000    0.06100547    0.06560182    0.06306138    0.16062307    0.25347256    0.25347256    0.26242036    0.27236941    0.27605290    0.28959508    0.27861737    0.28786109    0.28503654    0.29154003    0.28222304    0.27983873
T3             0.22528162    0.23432674    0.25405882    0.23760075    0.05414229    0.05427212    0.04791815    0.06100547    0.00000000    0.05002955    0.04766310    0.14499953    0.24733056    0.24733056    0.25618181    0.26283084    0.26325188    0.27662887    0.26602344    0.24501587    0.24232841    0.24832065    0.23965112    0.25779485
T5             0.23728726    0.24966007    0.26988373    0.25618181    0.05861279    0.05877608    0.05239821    0.06560182    0.05002955    0.00000000    0.05869103    0.15296601    0.24770244    0.24770244    0.25657237    0.26325188    0.26368347    0.28350949    0.27582441    0.26602344    0.26950742    0.26327002    0.25438630    0.25815310
T11            0.23347388    0.24863988    0.26258956    0.24594583    0.06062350    0.06075567    0.04995757    0.06306138    0.04766310    0.05869103    0.00000000    0.15234192    0.23760075    0.23760075    0.24627655    0.25890132    0.25309176    0.28222304    0.27156241    0.25890141    0.26226557    0.26226557    0.25343569    0.25711021
T2             0.25951943    0.27543873    0.28423615    0.26088452    0.14957415    0.14737506    0.14539944    0.16062307    0.14499953    0.15296601    0.15234192    0.00000000    0.27027093    0.27027093    0.27942052    0.29289040    0.28677233    0.30966932    0.28560134    0.29236731    0.28951789    0.28630884    0.27714479    0.27647577
T13            0.19040403    0.37407156    0.37917650    0.36347368    0.25236138    0.25002089    0.25116527    0.25347256    0.24733056    0.24770244    0.23760075    0.27027093    0.00000000    0.00000000    0.01619126    0.02242248    0.05207737    0.12028020    0.20201829    0.18939289    0.19463735    0.18921851    0.18669817    0.21149556
T18            0.19040403    0.37407156    0.37917650    0.36347368    0.25236138    0.25002089    0.25116527    0.25347256    0.24733056    0.24770244    0.23760075    0.27027093    0.00000000    0.00000000    0.01619126    0.02242248    0.05207737    0.12028020    0.20201829    0.18939289    0.19463735    0.18921851    0.18669817    0.21149556
T4             0.19567808    0.37345625    0.37858817    0.36658733    0.26125253    0.25890132    0.25386374    0.26242036    0.25618181    0.25657237    0.24627655    0.27942052    0.01619126    0.01619126    0.00000000    0.01619126    0.05640339    0.12505095    0.20174768    0.18889785    0.19445740    0.18905349    0.18653117    0.21692602
T10            0.20712204    0.38551441    0.39061763    0.37093000    0.27426726    0.27192811    0.26686311    0.27236941    0.26283084    0.26325188    0.25890132    0.29289040    0.02242248    0.02242248    0.01619126    0.00000000    0.06539423    0.13519831    0.21342034    0.19445740    0.20011615    0.19463735    0.19210236    0.22292829
T7             0.18245927    0.36718780    0.37977893    0.36780186    0.26831835    0.26598999    0.26731558    0.27605290    0.26325188    0.26368347    0.25309176    0.28677233    0.05207737    0.05207737    0.05640339    0.06539423    0.00000000    0.13285965    0.21373349    0.20565627    0.21149556    0.19756620    0.19502554    0.22088785
T14            0.25201184    0.41102047    0.40820537    0.40773071    0.28827761    0.28264071    0.28070832    0.28959508    0.27662887    0.28350949    0.28222304    0.30966932    0.12028020    0.12028020    0.12505095    0.13519831    0.13285965    0.00000000    0.26515940    0.23225658    0.22959711    0.22959711    0.22694774    0.26258956
T20            0.21883771    0.38703874    0.38494329    0.37269097    0.27434813    0.27823247    0.26674519    0.27861737    0.26602344    0.27582441    0.27156241    0.28560134    0.20201829    0.20201829    0.20174768    0.21342034    0.21373349    0.26515940    0.00000000    0.23739747    0.24051365    0.23760614    0.23492623    0.23492623
T19            0.22190893    0.36120893    0.36744782    0.35089831    0.26165019    0.27470056    0.26950742    0.28786109    0.24501587    0.26602344    0.25890141    0.29236731    0.18939289    0.18939289    0.18889785    0.19445740    0.20565627    0.23225658    0.23739747    0.00000000    0.05207737    0.04989230    0.04560653    0.18861489
T12            0.21978400    0.36175483    0.36432167    0.35141753    0.27121999    0.27191588    0.26674519    0.28503654    0.24232841    0.26950742    0.26226557    0.28951789    0.19463735    0.19463735    0.19445740    0.20011615    0.21149556    0.22959711    0.24051365    0.05207737    0.00000000    0.05214752    0.04784439    0.18875164
T15            0.22214887    0.35810948    0.36067657    0.34783794    0.27121999    0.27823247    0.27304229    0.29154003    0.24832065    0.26327002    0.26226557    0.28630884    0.18921851    0.18921851    0.18905349    0.19463735    0.19756620    0.22959711    0.23760614    0.04989230    0.05214752    0.00000000    0.01212584    0.18343506
T16            0.21668291    0.34783794    0.35039232    0.33773296    0.26226557    0.26914202    0.26399359    0.28222304    0.23965112    0.25438630    0.25343569    0.27714479    0.18669817    0.18669817    0.18653117    0.19210236    0.19502554    0.22694774    0.23492623    0.04560653    0.04784439    0.01212584    0.00000000    0.17829258
T8             0.21060796    0.36179735    0.36088393    0.34543856    0.26052718    0.27304229    0.26476010    0.27983873    0.25779485    0.25815310    0.25711021    0.27647577    0.21149556    0.21149556    0.21692602    0.22292829    0.22088785    0.26258956    0.23492623    0.18861489    0.18875164    0.18343506    0.17829258    0.00000000

