24
T21            0.00000000    0.40491660    0.40491660    0.42612421    0.47052462    0.42950584    0.44046460    0.42745601    0.41006765    0.42474336    0.42006396    0.41608334    0.41762483    0.42894572    0.43022152    0.42137922    0.39510342    0.36106961    0.37212490    0.38213251    0.40163079    0.37574748    0.39186160    0.39246149
T1             0.40491660    0.00000000    0.00401634    0.08361703    0.10904495    0.09259101    0.09468800    0.10406689    0.11620731    0.12865467    0.12845431    0.13861715    0.14289647    0.23153553    0.22231265    0.22635107    0.18953844    0.20018441    0.21164272    0.24028296    0.25848487    0.24028296    0.24561415    0.23914457
T7             0.40491660    0.00401634    0.00000000    0.08361703    0.10904495    0.09259101    0.09468800    0.10406689    0.11620731    0.12865467    0.12845431    0.13861715    0.14289647    0.23745091    0.22823018    0.23235968    0.19513760    0.20302408    0.21164272    0.24028296    0.25848487    0.24028296    0.24561415    0.23914457
T16            0.42612421    0.08361703    0.08361703    0.00000000    0.10211634    0.08581701    0.08324645    0.09245949    0.10921031    0.12153398    0.12383314    0.13394459    0.13818722    0.23448433    0.22231265    0.22635107    0.18676256    0.20080116    0.21525179    0.24417176    0.26258254    0.24417176    0.24952019    0.24910137
T12            0.47052462    0.10904495    0.10904495    0.10211634    0.00000000    0.03278088    0.03063381    0.12309918    0.13818722    0.15375225    0.15614340    0.16199782    0.16846823    0.27250041    0.25679342    0.26438196    0.22526252    0.22673348    0.24504126    0.27033037    0.28287676    0.27681176    0.28008474    0.27959304
T3             0.42950584    0.09259101    0.09259101    0.08581701    0.03278088    0.00000000    0.01007337    0.10632701    0.11849700    0.12845431    0.13584445    0.14354564    0.14784314    0.24548350    0.23613194    0.23121583    0.19988997    0.20112343    0.21856792    0.24910137    0.26758067    0.25533713    0.25848487    0.25804620
T11            0.44046460    0.09468800    0.09468800    0.08324645    0.03063381    0.01007337    0.00000000    0.10367513    0.11817086    0.13564022    0.13798437    0.14568496    0.15002052    0.24787844    0.23843646    0.23951389    0.20214403    0.20333616    0.22077909    0.24522572    0.26349510    0.25449061    0.25761806    0.25720046
T15            0.42745601    0.10406689    0.10406689    0.09245949    0.12309918    0.10632701    0.10367513    0.00000000    0.12327090    0.12826186    0.13058541    0.13310633    0.13995807    0.25120205    0.24412220    0.25138290    0.20753156    0.20469238    0.21905490    0.24180716    0.25992057    0.24180716    0.25639695    0.25911819
T4             0.41006765    0.11620731    0.11620731    0.10921031    0.13818722    0.11849700    0.11817086    0.12327090    0.00000000    0.08361703    0.08815880    0.09287608    0.09942729    0.23096570    0.21873919    0.20526743    0.17803799    0.20018441    0.21164272    0.21356761    0.23384898    0.22301051    0.22526252    0.22491930
T6             0.42474336    0.12865467    0.12865467    0.12153398    0.15375225    0.12845431    0.13564022    0.12826186    0.08361703    0.00000000    0.01414212    0.06766587    0.06730844    0.23922917    0.22982989    0.23085439    0.19400665    0.21099589    0.22561557    0.23348828    0.25138290    0.22823018    0.23878542    0.23843646
T23            0.42006396    0.12845431    0.12845431    0.12383314    0.15614340    0.13584445    0.13798437    0.13058541    0.08815880    0.01414212    0.00000000    0.06982721    0.06947702    0.24191063    0.23246647    0.23649187    0.19932907    0.21356761    0.22823018    0.23914457    0.25720046    0.23384898    0.24447972    0.24412220
T0             0.41608334    0.13861715    0.13861715    0.13394459    0.16199782    0.14354564    0.14568496    0.13310633    0.09287608    0.06766587    0.06982721    0.00000000    0.07625983    0.25391946    0.23843646    0.23050291    0.19374698    0.22526252    0.24028296    0.25138290    0.26987126    0.25220938    0.24144882    0.24716232
T2             0.41762483    0.14289647    0.14289647    0.13818722    0.16846823    0.14784314    0.15002052    0.13995807    0.09942729    0.06730844    0.06947702    0.07625983    0.00000000    0.24087787    0.23418539    0.24110074    0.19880564    0.21525674    0.22688055    0.24680565    0.26498647    0.24144882    0.25601107    0.26109166
T9             0.42894572    0.23153553    0.23745091    0.23448433    0.27250041    0.24548350    0.24787844    0.25120205    0.23096570    0.23922917    0.24191063    0.25391946    0.24087787    0.00000000    0.05183346    0.15137476    0.10781352    0.20646264    0.20928506    0.23868856    0.25633754    0.24460234    0.24758608    0.24730440
T22            0.43022152    0.22231265    0.22823018    0.22231265    0.25679342    0.23613194    0.23843646    0.24412220    0.21873919    0.22982989    0.23246647    0.23843646    0.23418539    0.05183346    0.00000000    0.14250468    0.10606164    0.20242800    0.20526743    0.24110074    0.25911819    0.24110074    0.23511287    0.23776918
T10            0.42137922    0.22635107    0.23235968    0.22635107    0.26438196    0.23121583    0.23951389    0.25138290    0.20526743    0.23085439    0.23649187    0.23050291    0.24110074    0.15137476    0.14250468    0.00000000    0.06723669    0.21068677    0.20843345    0.22656800    0.24716232    0.23246647    0.22950840    0.22982989
T17            0.39510342    0.18953844    0.19513760    0.18676256    0.22526252    0.19988997    0.20214403    0.20753156    0.17803799    0.19400665    0.19932907    0.19374698    0.19880564    0.10781352    0.10606164    0.06723669    0.00000000    0.17020132    0.17827834    0.19349659    0.21296107    0.19906266    0.19627176    0.19880564
T5             0.36106961    0.20018441    0.20302408    0.20080116    0.22673348    0.20112343    0.20333616    0.20469238    0.20018441    0.21099589    0.21356761    0.22526252    0.21525674    0.20646264    0.20242800    0.21068677    0.17020132    0.00000000    0.03067431    0.14725192    0.17878576    0.15241147    0.15022448    0.15261396
T18            0.37212490    0.21164272    0.21164272    0.21525179    0.24504126    0.21856792    0.22077909    0.21905490    0.21164272    0.22561557    0.22823018    0.24028296    0.22688055    0.20928506    0.20526743    0.20843345    0.17827834    0.03067431    0.00000000    0.16555196    0.19262761    0.16555196    0.16336602    0.16312655
T8             0.38213251    0.24028296    0.24028296    0.24417176    0.27033037    0.24910137    0.24522572    0.24180716    0.21356761    0.23348828    0.23914457    0.25138290    0.24680565    0.23868856    0.24110074    0.22656800    0.19349659    0.14725192    0.16555196    0.00000000    0.03281559    0.04550724    0.06934454    0.06928904
T13            0.40163079    0.25848487    0.25848487    0.26258254    0.28287676    0.26758067    0.26349510    0.25992057    0.23384898    0.25138290    0.25720046    0.26987126    0.26498647    0.25633754    0.25911819    0.24716232    0.21296107    0.17878576    0.19262761    0.03281559    0.00000000    0.06299197    0.08745985    0.08736910
T20            0.37574748    0.24028296    0.24028296    0.24417176    0.27681176    0.25533713    0.25449061    0.24180716    0.22301051    0.22823018    0.23384898    0.25220938    0.24144882    0.24460234    0.24110074    0.23246647    0.19906266    0.15241147    0.16555196    0.04550724    0.06299197    0.00000000    0.06278638    0.06273191
T19            0.39186160    0.24561415    0.24561415    0.24952019    0.28008474    0.25848487    0.25761806    0.25639695    0.22526252    0.23878542    0.24447972    0.24144882    0.25601107    0.24758608    0.23511287    0.22950840    0.19627176    0.15022448    0.16336602    0.06934454    0.08745985    0.06278638    0.00000000    0.02853940
T14            0.39246149    0.23914457    0.23914457    0.24910137    0.27959304    0.25804620    0.25720046    0.25911819    0.22491930    0.23843646    0.24412220    0.24716232    0.26109166    0.24730440    0.23776918    0.22982989    0.19880564    0.15261396    0.16312655    0.06928904    0.08736910    0.06273191    0.02853940    0.00000000

