24
T6             0.00000000    0.22586093    0.22586093    0.21720796    0.21176936    0.20971708    0.25138509    0.22849128    0.22295975    0.22295975    0.26538900    0.21543633    0.19042656    0.19065724    0.19570182    0.19341341    0.20715107    0.25749124    0.19618503    0.18207289    0.28429042    0.25988774    0.14431072    0.14639454
T10            0.22586093    0.00000000    0.00401627    0.14924332    0.14431072    0.14482603    0.19979055    0.15164026    0.19366105    0.19593878    0.24868046    0.25715300    0.24476247    0.24266693    0.24207335    0.24566455    0.26057283    0.33384666    0.25784015    0.24152139    0.33131883    0.30842471    0.28876629    0.29401917
T2             0.22586093    0.00401627    0.00000000    0.14924332    0.14431072    0.14482603    0.19979055    0.15164026    0.19366105    0.19593878    0.24566455    0.25715300    0.24476247    0.24266693    0.24207335    0.24566455    0.26057283    0.33384666    0.25784015    0.24152139    0.33131883    0.30842471    0.28876629    0.29401917
T16            0.21720796    0.14924332    0.14924332    0.00000000    0.00401110    0.01413430    0.12537426    0.09678216    0.17424928    0.17424928    0.21931851    0.25476803    0.23939444    0.23732431    0.23968737    0.23436240    0.24901133    0.33229878    0.25006645    0.23616795    0.34338780    0.32016100    0.25784015    0.26606982
T15            0.21176936    0.14431072    0.14431072    0.00401110    0.00000000    0.01006789    0.12059372    0.09219935    0.16914405    0.16914405    0.21387565    0.24901133    0.23378157    0.23171486    0.23406691    0.22877923    0.24330189    0.32931329    0.24737579    0.23058850    0.33685799    0.31385711    0.25205519    0.26022491
T3             0.20971708    0.14482603    0.14482603    0.01413430    0.01006789    0.00000000    0.11863356    0.09021678    0.16706628    0.16181676    0.21461225    0.24701288    0.23171486    0.22970297    0.23202165    0.22092108    0.23530956    0.32042994    0.24545320    0.23141813    0.33480053    0.31176553    0.25006645    0.25819970
T14            0.25138509    0.19979055    0.19979055    0.12537426    0.12059372    0.11863356    0.00000000    0.09209114    0.22615014    0.22615014    0.27668485    0.30440526    0.28833685    0.29204169    0.29774456    0.28227987    0.29488749    0.38368762    0.29865831    0.26883429    0.38886939    0.37122881    0.30440526    0.31993301
T18            0.22849128    0.15164026    0.15164026    0.09678216    0.09219935    0.09021678    0.09209114    0.00000000    0.19801170    0.19801170    0.24598609    0.27867080    0.25956134    0.25749124    0.26296912    0.24836006    0.26331603    0.34741370    0.26679423    0.25017165    0.35973723    0.33942536    0.27549032    0.28390574
T13            0.22295975    0.19366105    0.19366105    0.17424928    0.16914405    0.16706628    0.22615014    0.19801170    0.00000000    0.00804456    0.07872937    0.28227987    0.26367375    0.26481155    0.27032315    0.25171488    0.26367375    0.35511269    0.27113303    0.25410006    0.34949886    0.32271619    0.27587743    0.27233017
T5             0.22295975    0.19593878    0.19593878    0.17424928    0.16914405    0.16181676    0.22615014    0.19801170    0.00804456    0.00000000    0.07872937    0.28876629    0.26993454    0.27113303    0.27668485    0.25784015    0.26993454    0.35511269    0.26796219    0.25410006    0.34949886    0.32271619    0.27587743    0.27867080
T12            0.26538900    0.24868046    0.24566455    0.21931851    0.21387565    0.21461225    0.27668485    0.24598609    0.07872937    0.07872937    0.00000000    0.33580544    0.32239770    0.32388810    0.32288217    0.30928748    0.32584341    0.39150201    0.32388810    0.30842471    0.39036212    0.35829754    0.33229878    0.33180248
T17            0.21543633    0.25715300    0.25715300    0.25476803    0.24901133    0.24701288    0.30440526    0.27867080    0.28227987    0.28876629    0.33580544    0.00000000    0.08268986    0.07608480    0.08505264    0.07397679    0.08532769    0.31358535    0.21862351    0.22907718    0.32881681    0.30594642    0.23498375    0.25511790
T8             0.19042656    0.24476247    0.24476247    0.23939444    0.23378157    0.23171486    0.28833685    0.25956134    0.26367375    0.26993454    0.32239770    0.08268986    0.00000000    0.01824954    0.02234839    0.03706194    0.04560805    0.29974677    0.20356988    0.20356988    0.30470421    0.28282001    0.22644928    0.23732431
T11            0.19065724    0.24266693    0.24266693    0.23732431    0.23171486    0.22970297    0.29204169    0.25749124    0.26481155    0.27113303    0.32388810    0.07608480    0.01824954    0.00000000    0.02034310    0.03508904    0.04581541    0.29774456    0.19593878    0.20432407    0.29933126    0.27754539    0.22675831    0.23763893
T0             0.19570182    0.24207335    0.24207335    0.23968737    0.23406691    0.23202165    0.29774456    0.26296912    0.27032315    0.27668485    0.32288217    0.08505264    0.02234839    0.02034310    0.00000000    0.03925490    0.05003169    0.29687726    0.20101695    0.20101695    0.31176553    0.28957157    0.23202165    0.24297925
T20            0.19341341    0.24566455    0.24566455    0.23436240    0.22877923    0.22092108    0.28227987    0.24836006    0.25171488    0.25784015    0.30928748    0.07397679    0.03706194    0.03508904    0.03925490    0.00000000    0.01008474    0.28791879    0.19871811    0.19593878    0.29280344    0.27126583    0.23266528    0.24363484
T21            0.20715107    0.26057283    0.26057283    0.24901133    0.24330189    0.23530956    0.29488749    0.26331603    0.26367375    0.26993454    0.32584341    0.08532769    0.04560805    0.04581541    0.05003169    0.01008474    0.00000000    0.30394319    0.21256844    0.20406321    0.29974677    0.27790933    0.24130587    0.25240599
T7             0.25749124    0.33384666    0.33384666    0.33229878    0.32931329    0.32042994    0.38368762    0.34741370    0.35511269    0.35511269    0.39150201    0.31358535    0.29974677    0.29774456    0.29687726    0.28791879    0.30394319    0.00000000    0.14227531    0.18999284    0.28147510    0.26022491    0.31358535    0.29646108
T9             0.19618503    0.25784015    0.25784015    0.25006645    0.24737579    0.24545320    0.29865831    0.26679423    0.27113303    0.26796219    0.32388810    0.21862351    0.20356988    0.19593878    0.20101695    0.19871811    0.21256844    0.14227531    0.00000000    0.13470117    0.21747158    0.20662256    0.23334883    0.23599134
T22            0.18207289    0.24152139    0.24152139    0.23616795    0.23058850    0.23141813    0.26883429    0.25017165    0.25410006    0.25410006    0.30842471    0.22907718    0.20356988    0.20432407    0.20101695    0.19593878    0.20406321    0.18999284    0.13470117    0.00000000    0.20013796    0.17887160    0.23564543    0.23530956
T4             0.28429042    0.33131883    0.33131883    0.34338780    0.33685799    0.33480053    0.38886939    0.35973723    0.34949886    0.34949886    0.39036212    0.32881681    0.30470421    0.29933126    0.31176553    0.29280344    0.29974677    0.28147510    0.21747158    0.20013796    0.00000000    0.02242293    0.31265127    0.31993301
T19            0.25988774    0.30842471    0.30842471    0.32016100    0.31385711    0.31176553    0.37122881    0.33942536    0.32271619    0.32271619    0.35829754    0.30594642    0.28282001    0.27754539    0.28957157    0.27126583    0.27790933    0.26022491    0.20662256    0.17887160    0.02242293    0.00000000    0.29687726    0.30394319
T23            0.14431072    0.28876629    0.28876629    0.25784015    0.25205519    0.25006645    0.30440526    0.27549032    0.27587743    0.27587743    0.33229878    0.23498375    0.22644928    0.22675831    0.23202165    0.23266528    0.24130587    0.31358535    0.23334883    0.23564543    0.31265127    0.29687726    0.00000000    0.03692725
T1             0.14639454    0.29401917    0.29401917    0.26606982    0.26022491    0.25819970    0.31993301    0.28390574    0.27233017    0.27867080    0.33180248    0.25511790    0.23732431    0.23763893    0.24297925    0.24363484    0.25240599    0.29646108    0.23599134    0.23530956    0.31993301    0.30394319    0.03692725    0.00000000

