24
T13            0.00000000    0.33580023    0.34723307    0.35491568    0.35239871    0.35438568    0.37846615    0.37214716    0.37588507    0.37529981    0.35747110    0.35438568    0.36531186    0.28378931    0.26287052    0.21429546    0.22607581    0.20841971    0.21381792    0.24468347    0.25467186    0.24727646    0.24354435    0.23724272
T15            0.33580023    0.00000000    0.12475933    0.11782634    0.13189320    0.11987444    0.16722637    0.15195008    0.14682570    0.14666512    0.13203162    0.23258014    0.24459664    0.37679377    0.35029281    0.30249212    0.31205615    0.30538361    0.31162293    0.36368158    0.37157605    0.35238651    0.34520736    0.34980235
T7             0.34723307    0.12475933    0.00000000    0.02866924    0.04983187    0.04995527    0.13016138    0.11567349    0.12303793    0.12287686    0.10150263    0.23194140    0.24156510    0.35596169    0.32936117    0.28699634    0.28983298    0.28983298    0.28945317    0.35491568    0.36164298    0.34628027    0.33667342    0.34369508
T1             0.35491568    0.11782634    0.02866924    0.00000000    0.04350100    0.04363542    0.12819047    0.10883711    0.11614771    0.11598199    0.09477969    0.23291440    0.24268039    0.35645139    0.33669396    0.29062695    0.29347331    0.29347331    0.29961221    0.35910109    0.36588247    0.35045213    0.34078011    0.34773696
T16            0.35239871    0.13189320    0.04983187    0.04350100    0.00000000    0.06305781    0.14498183    0.12766970    0.13518261    0.13500569    0.11324278    0.24321397    0.25303525    0.37208139    0.34143497    0.28306006    0.28908484    0.29230202    0.29841098    0.35491568    0.36056969    0.34520736    0.33562638    0.34275186
T0             0.35438568    0.11987444    0.04995527    0.04363542    0.06305781    0.00000000    0.12800903    0.10868946    0.10868946    0.11338718    0.08996254    0.23625362    0.24614161    0.35955047    0.34321696    0.28699634    0.29633099    0.28983298    0.29592978    0.35131333    0.36531186    0.34270348    0.33314729    0.34018216
T6             0.37846615    0.16722637    0.13016138    0.12819047    0.14498183    0.12800903    0.00000000    0.10854936    0.10375828    0.10363739    0.08521875    0.26431152    0.26825290    0.38637586    0.36680689    0.31205615    0.32864886    0.32176818    0.33163318    0.38164631    0.37846615    0.36277019    0.35294280    0.36109959
T12            0.37214716    0.15195008    0.11567349    0.10883711    0.12766970    0.10868946    0.10854936    0.00000000    0.03914964    0.03486030    0.08080946    0.24727646    0.25110607    0.37258279    0.34980235    0.30714472    0.31250139    0.31928829    0.32567680    0.38283228    0.38344649    0.36025450    0.35045213    0.35747110
T14            0.37588507    0.14682570    0.12303793    0.11614771    0.13518261    0.10868946    0.10375828    0.03914964    0.00000000    0.01212568    0.07623884    0.24802739    0.24574022    0.38371096    0.36056969    0.30958820    0.31250139    0.31928829    0.32223640    0.37905174    0.39112502    0.36767564    0.35776428    0.36475483
T19            0.37529981    0.14666512    0.12287686    0.11598199    0.13500569    0.11338718    0.10363739    0.03486030    0.01212568    0.00000000    0.07615469    0.24764683    0.24534892    0.37574936    0.35287545    0.30249212    0.31205615    0.31205615    0.31498167    0.37472847    0.38283228    0.35967113    0.34988306    0.35336555
T18            0.35747110    0.13203162    0.10150263    0.09477969    0.11324278    0.08996254    0.08521875    0.08080946    0.07623884    0.07615469    0.00000000    0.23225580    0.23590037    0.35457348    0.33580023    0.28097411    0.29022425    0.28378931    0.29633099    0.33669396    0.34773696    0.33263006    0.32320963    0.33368399
T4             0.35438568    0.23258014    0.23194140    0.23291440    0.24321397    0.23625362    0.26431152    0.24727646    0.24802739    0.24764683    0.23225580    0.00000000    0.04344367    0.36578876    0.34674226    0.30425520    0.30714472    0.31390904    0.32026191    0.33624067    0.36646664    0.34270348    0.33462985    0.34369508
T9             0.36531186    0.24459664    0.24156510    0.24268039    0.25303525    0.24614161    0.26825290    0.25110607    0.24574022    0.24534892    0.23590037    0.04344367    0.00000000    0.36578876    0.34674226    0.30425520    0.31390904    0.31390904    0.32026191    0.35386896    0.36646664    0.33915230    0.33813067    0.34723307
T3             0.28378931    0.37679377    0.35596169    0.35645139    0.37208139    0.35955047    0.38637586    0.37258279    0.38371096    0.37574936    0.35457348    0.36578876    0.36578876    0.00000000    0.04969731    0.16877640    0.19267745    0.17386906    0.17899850    0.22000883    0.21689206    0.20120340    0.20351427    0.20285084
T11            0.26287052    0.35029281    0.32936117    0.33669396    0.34143497    0.34321696    0.36680689    0.34980235    0.36056969    0.35287545    0.33580023    0.34674226    0.34674226    0.04969731    0.00000000    0.15917972    0.17212638    0.15642899    0.16143942    0.20375435    0.19015708    0.17768966    0.17994854    0.17935151
T17            0.21429546    0.30249212    0.28699634    0.29062695    0.28306006    0.28699634    0.31205615    0.30714472    0.30958820    0.30249212    0.28097411    0.30425520    0.30425520    0.16877640    0.15917972    0.00000000    0.03289939    0.02866924    0.03710961    0.13659838    0.13923708    0.12999724    0.12969283    0.13176286
T23            0.22607581    0.31205615    0.28983298    0.29347331    0.28908484    0.29633099    0.32864886    0.31250139    0.31250139    0.31205615    0.29022425    0.30714472    0.31390904    0.19267745    0.17212638    0.03289939    0.00000000    0.04140380    0.05002700    0.15417939    0.14921407    0.14242604    0.14207351    0.14666512
T21            0.20841971    0.30538361    0.28983298    0.29347331    0.29230202    0.28983298    0.32176818    0.31928829    0.31928829    0.31205615    0.28378931    0.31390904    0.31390904    0.17386906    0.15642899    0.02866924    0.04140380    0.00000000    0.01210052    0.13896310    0.13909597    0.12984105    0.12955261    0.13164063
T20            0.21381792    0.31162293    0.28945317    0.29961221    0.29841098    0.29592978    0.33163318    0.32567680    0.32223640    0.31498167    0.29633099    0.32026191    0.32026191    0.17899850    0.16143942    0.03710961    0.05002700    0.01210052    0.00000000    0.14890480    0.14905524    0.13970957    0.13938641    0.13896310
T2             0.24468347    0.36368158    0.35491568    0.35910109    0.35491568    0.35131333    0.38164631    0.38283228    0.37905174    0.37472847    0.33669396    0.33624067    0.35386896    0.22000883    0.20375435    0.13659838    0.15417939    0.13896310    0.14890480    0.00000000    0.08496744    0.07623884    0.07834719    0.07814355
T5             0.25467186    0.37157605    0.36164298    0.36588247    0.36056969    0.36531186    0.37846615    0.38344649    0.39112502    0.38283228    0.34773696    0.36646664    0.36646664    0.21689206    0.19015708    0.13923708    0.14921407    0.13909597    0.14905524    0.08496744    0.00000000    0.04554927    0.04978026    0.04966604
T10            0.24727646    0.35238651    0.34628027    0.35045213    0.34520736    0.34270348    0.36277019    0.36025450    0.36767564    0.35967113    0.33263006    0.34270348    0.33915230    0.20120340    0.17768966    0.12999724    0.14242604    0.12984105    0.13970957    0.07623884    0.04554927    0.00000000    0.01415529    0.03064841
T8             0.24354435    0.34520736    0.33667342    0.34078011    0.33562638    0.33314729    0.35294280    0.35045213    0.35776428    0.34988306    0.32320963    0.33462985    0.33813067    0.20351427    0.17994854    0.12969283    0.14207351    0.12955261    0.13938641    0.07834719    0.04978026    0.01415529    0.00000000    0.03271428
T22            0.23724272    0.34980235    0.34369508    0.34773696    0.34275186    0.34018216    0.36109959    0.35747110    0.36475483    0.35336555    0.33368399    0.34369508    0.34723307    0.20285084    0.17935151    0.13176286    0.14666512    0.13164063    0.13896310    0.07814355    0.04966604    0.03064841    0.03271428    0.00000000

