24
T20            0.00000000    0.21045067    0.19923505    0.20175832    0.19824110    0.21839709    0.21580590    0.22161538    0.21127766    0.21127766    0.23805451    0.22193887    0.28698302    0.26431960    0.26204922    0.29929198    0.28326789    0.21111509    0.21089535    0.20083870    0.11865979    0.10845139    0.14855268    0.10316946
T22            0.21045067    0.00000000    0.02876874    0.09302129    0.09272235    0.20299023    0.18097500    0.18646252    0.18760321    0.18760321    0.21353130    0.21521041    0.25595915    0.24023291    0.23192109    0.26936084    0.26661133    0.21494586    0.21754074    0.19624372    0.19456589    0.18791079    0.28792947    0.22593424
T23            0.19923505    0.02876874    0.00000000    0.09796699    0.09286817    0.19481005    0.17309009    0.17850251    0.17958509    0.17958509    0.21384803    0.21557477    0.25017166    0.24063139    0.23231109    0.27626327    0.26705844    0.21236051    0.21494586    0.20211284    0.19492567    0.18822728    0.28183532    0.22037268
T7             0.20175832    0.09302129    0.09796699    0.00000000    0.07923183    0.20299023    0.19481005    0.20045465    0.19040191    0.19040191    0.20778902    0.20938206    0.26533445    0.24636826    0.24103994    0.25986429    0.24479892    0.21209195    0.21467866    0.19624372    0.19456589    0.18791079    0.26533445    0.20839792
T5             0.19824110    0.09272235    0.09286817    0.07923183    0.00000000    0.19173335    0.18371113    0.18922936    0.17930122    0.17930122    0.20211284    0.20649352    0.25522165    0.23644585    0.22818665    0.27168520    0.25017166    0.20876297    0.21134465    0.18752747    0.19387324    0.18730458    0.27084660    0.21353130
T21            0.21839709    0.20299023    0.19481005    0.20299023    0.19173335    0.00000000    0.03692852    0.04117739    0.04546320    0.04546320    0.15823098    0.15121831    0.23680611    0.21209195    0.19299826    0.23572263    0.24187154    0.25297655    0.25570808    0.21892287    0.22261513    0.21580590    0.28805196    0.23242524
T14            0.21580590    0.18097500    0.17309009    0.19481005    0.18371113    0.03692852    0.00000000    0.00401632    0.03695246    0.03695246    0.16608372    0.15907586    0.23120822    0.20387194    0.18231723    0.23710281    0.23740980    0.24429118    0.24699431    0.20831034    0.21417433    0.21035316    0.29088912    0.22915817
T10            0.22161538    0.18646252    0.17850251    0.20045465    0.18922936    0.04117739    0.00401632    0.00000000    0.04121063    0.04121063    0.17130791    0.16428722    0.23710281    0.20951471    0.18774308    0.24007675    0.24039286    0.24726436    0.24997636    0.21111509    0.22001922    0.21611199    0.29744874    0.23507119
T11            0.21127766    0.18760321    0.17958509    0.19040191    0.17930122    0.04546320    0.03695246    0.04121063    0.00000000    0.00401632    0.16150501    0.15460129    0.21781639    0.19929908    0.18048951    0.24306874    0.24339409    0.23358147    0.24215516    0.21158399    0.20683176    0.20015182    0.27640140    0.22161538
T12            0.21127766    0.18760321    0.17958509    0.19040191    0.17930122    0.04546320    0.03695246    0.04121063    0.00401632    0.00000000    0.16150501    0.15460129    0.21781639    0.19929908    0.18048951    0.24306874    0.24339409    0.23947556    0.24215516    0.21158399    0.20972890    0.19732966    0.27960713    0.22454600
T8             0.23805451    0.21353130    0.21384803    0.20778902    0.20211284    0.15823098    0.16608372    0.17130791    0.16150501    0.16150501    0.00000000    0.03698307    0.21442125    0.19095287    0.17825398    0.25692135    0.25115750    0.25817571    0.26396687    0.25025558    0.24250525    0.23539969    0.29254625    0.24813842
T15            0.22193887    0.21521041    0.21557477    0.20938206    0.20649352    0.15121831    0.15907586    0.16428722    0.15460129    0.15460129    0.03698307    0.00000000    0.21292664    0.19229938    0.17958509    0.26728913    0.26141233    0.25660178    0.26240532    0.24877410    0.23839049    0.23117073    0.27840446    0.23179649
T16            0.28698302    0.25595915    0.25017166    0.26533445    0.25522165    0.23680611    0.23120822    0.23710281    0.21781639    0.21781639    0.21442125    0.21292664    0.00000000    0.14330352    0.14848979    0.32286270    0.31989625    0.30444653    0.30484014    0.26396687    0.27403190    0.26032730    0.36010764    0.30076156
T13            0.26431960    0.24023291    0.24063139    0.24636826    0.23644585    0.21209195    0.20387194    0.20951471    0.19929908    0.19929908    0.19095287    0.19229938    0.14330352    0.00000000    0.03498075    0.32601818    0.32305563    0.28685588    0.28969540    0.26617683    0.27397243    0.27256746    0.33875233    0.29075342
T0             0.26204922    0.23192109    0.23231109    0.24103994    0.22818665    0.19299826    0.18231723    0.18774308    0.18048951    0.18048951    0.17825398    0.17958509    0.14848979    0.03498075    0.00000000    0.30320027    0.30031875    0.28441565    0.28724306    0.26378297    0.27170294    0.27026534    0.32921205    0.28841961
T4             0.29929198    0.26936084    0.27626327    0.25986429    0.27168520    0.23572263    0.23710281    0.24007675    0.24306874    0.24306874    0.25692135    0.26728913    0.32286270    0.32601818    0.30320027    0.00000000    0.02447691    0.30943947    0.31573585    0.28564820    0.28792947    0.27767283    0.33750393    0.30409681
T9             0.28326789    0.26661133    0.26705844    0.24479892    0.25017166    0.24187154    0.23740980    0.24039286    0.24339409    0.24339409    0.25115750    0.26141233    0.31989625    0.32305563    0.30031875    0.02447691    0.00000000    0.29659735    0.30276986    0.27960713    0.28183532    0.27403190    0.33101671    0.29789202
T19            0.21111509    0.21494586    0.21236051    0.21209195    0.20876297    0.25297655    0.24429118    0.24726436    0.23358147    0.23947556    0.25817571    0.25660178    0.30444653    0.28685588    0.28441565    0.30943947    0.29659735    0.00000000    0.01212629    0.11530413    0.18983660    0.19743815    0.26396687    0.21029538
T3             0.21089535    0.21754074    0.21494586    0.21467866    0.21134465    0.25570808    0.24699431    0.24997636    0.24215516    0.24215516    0.26396687    0.26240532    0.30484014    0.28969540    0.28724306    0.31573585    0.30276986    0.01212629    0.00000000    0.11277378    0.19509627    0.19724826    0.26674150    0.21289571
T1             0.20083870    0.19624372    0.20211284    0.19624372    0.18752747    0.21892287    0.20831034    0.21111509    0.21158399    0.21158399    0.25025558    0.24877410    0.26396687    0.26617683    0.26378297    0.28564820    0.27960713    0.11530413    0.11277378    0.00000000    0.17447630    0.17394092    0.25903227    0.20552147
T17            0.11865979    0.19456589    0.19492567    0.19456589    0.19387324    0.22261513    0.21417433    0.22001922    0.20683176    0.20972890    0.24250525    0.23839049    0.27403190    0.27397243    0.27170294    0.28792947    0.28183532    0.18983660    0.19509627    0.17447630    0.00000000    0.04147706    0.18619985    0.13290279
T2             0.10845139    0.18791079    0.18822728    0.18791079    0.18730458    0.21580590    0.21035316    0.21611199    0.20015182    0.19732966    0.23539969    0.23117073    0.26032730    0.27256746    0.27026534    0.27767283    0.27403190    0.19743815    0.19724826    0.17394092    0.04147706    0.00000000    0.16936338    0.12248133
T6             0.14855268    0.28792947    0.28183532    0.26533445    0.27084660    0.28805196    0.29088912    0.29744874    0.27640140    0.27960713    0.29254625    0.27840446    0.36010764    0.33875233    0.32921205    0.33750393    0.33101671    0.26396687    0.26674150    0.25903227    0.18619985    0.16936338    0.00000000    0.06272968
T18            0.10316946    0.22593424    0.22037268    0.20839792    0.21353130    0.23242524    0.22915817    0.23507119    0.22161538    0.22454600    0.24813842    0.23179649    0.30076156    0.29075342    0.28841961    0.30409681    0.29789202    0.21029538    0.21289571    0.20552147    0.13290279    0.12248133    0.06272968    0.00000000

