24
T9             0.00000000    0.34533009    0.31266444    0.31065674    0.32069235    0.30873923    0.31664846    0.35188879    0.31266444    0.31266444    0.34393539    0.35116646    0.22098719    0.21235940    0.24101730    0.22389660    0.26799735    0.28595817    0.31090854    0.31676966    0.31718152    0.29605611    0.24975376    0.22682308
T13            0.34533009    0.00000000    0.15264905    0.13697318    0.15047595    0.15244501    0.15765636    0.18100847    0.15446090    0.15446090    0.16432127    0.16958745    0.26851372    0.26541475    0.32334646    0.32437422    0.31894951    0.33475196    0.38325358    0.38967655    0.39022304    0.37057542    0.31942153    0.29730641
T14            0.31266444    0.15264905    0.00000000    0.04541864    0.04355702    0.06969189    0.07651202    0.09948868    0.07849983    0.07849983    0.08266670    0.08724452    0.23870377    0.23570697    0.25938609    0.27939490    0.31319542    0.31266444    0.33825314    0.34430253    0.34480994    0.32285062    0.29013399    0.26970573
T8             0.31065674    0.13697318    0.04541864    0.00000000    0.04765502    0.07162271    0.07387547    0.09898406    0.08273666    0.08273666    0.08472236    0.08927917    0.24035582    0.23737699    0.27352232    0.28079191    0.31557431    0.31746833    0.34332604    0.34942757    0.34990866    0.32782248    0.30487181    0.27435361
T16            0.32069235    0.15047595    0.04355702    0.04765502    0.00000000    0.06762615    0.07444635    0.09502100    0.07640813    0.07640813    0.07374117    0.07825687    0.23641155    0.23341470    0.27614422    0.27710326    0.30400377    0.30687926    0.32285062    0.32877689    0.32927249    0.30775852    0.29441931    0.26422555
T2             0.30873923    0.15244501    0.06969189    0.07162271    0.06762615    0.00000000    0.04559760    0.10173338    0.08298967    0.08298967    0.08260397    0.08717129    0.23835721    0.23536940    0.27478529    0.28218199    0.32069235    0.31664846    0.35670954    0.36658420    0.36718404    0.34450595    0.29492642    0.26062416
T20            0.31664846    0.15765636    0.07651202    0.07387547    0.07444635    0.04559760    0.00000000    0.10173338    0.08298967    0.08298967    0.08260397    0.08717129    0.23835721    0.23536940    0.28450571    0.28876921    0.32069235    0.32012556    0.34945235    0.35922000    0.35979250    0.33735260    0.29392329    0.27015906
T21            0.35188879    0.18100847    0.09948868    0.09898406    0.09502100    0.10173338    0.10173338    0.00000000    0.04588171    0.04588171    0.06296374    0.06743908    0.29060790    0.28731440    0.31083906    0.31893682    0.33666011    0.33137705    0.37599311    0.38233361    0.38293605    0.35979250    0.32657360    0.30062092
T18            0.31266444    0.15446090    0.07849983    0.08273666    0.07640813    0.08298967    0.08298967    0.04588171    0.00000000    0.00000000    0.04760891    0.05194799    0.24335254    0.24035582    0.26484934    0.26883052    0.29205037    0.29402392    0.34332604    0.34942757    0.34990866    0.32782248    0.29161001    0.26172107
T1             0.31266444    0.15446090    0.07849983    0.08273666    0.07640813    0.08298967    0.08298967    0.04588171    0.00000000    0.00000000    0.04760891    0.05194799    0.24335254    0.24035582    0.26484934    0.26883052    0.29205037    0.29402392    0.34332604    0.34942757    0.34990866    0.32782248    0.29161001    0.26172107
T12            0.34393539    0.16432127    0.08266670    0.08472236    0.07374117    0.08260397    0.08260397    0.06296374    0.04760891    0.04760891    0.00000000    0.00401612    0.25381727    0.25381727    0.29819684    0.29913260    0.32334646    0.31848948    0.36226659    0.36852562    0.36901755    0.34637037    0.31263328    0.27551369
T15            0.35116646    0.16958745    0.08724452    0.08927917    0.07825687    0.08717129    0.08717129    0.06743908    0.05194799    0.05194799    0.00401612    0.00000000    0.25381727    0.25381727    0.30487181    0.30585264    0.33030037    0.32189510    0.36952317    0.37583525    0.37635411    0.35347222    0.31942153    0.28189003
T10            0.22098719    0.26851372    0.23870377    0.24035582    0.23641155    0.23835721    0.23835721    0.29060790    0.24335254    0.24335254    0.25381727    0.25381727    0.00000000    0.01823239    0.17044705    0.15464694    0.17678582    0.18694666    0.23835775    0.24373092    0.24398271    0.22484890    0.17964968    0.15171117
T22            0.21235940    0.26541475    0.23570697    0.23737699    0.23341470    0.23536940    0.23536940    0.28731440    0.24035582    0.24035582    0.25381727    0.25381727    0.01823239    0.00000000    0.16734600    0.14948953    0.18483368    0.19237007    0.23835775    0.24373092    0.24398271    0.22484890    0.17964968    0.15171117
T7             0.24101730    0.32334646    0.25938609    0.27352232    0.27614422    0.27478529    0.28450571    0.31083906    0.26484934    0.26484934    0.29819684    0.30487181    0.17044705    0.16734600    0.00000000    0.09685681    0.23835721    0.24706539    0.28036562    0.28600536    0.28317993    0.26609944    0.20951631    0.19678604
T3             0.22389660    0.32437422    0.27939490    0.28079191    0.27710326    0.28218199    0.28876921    0.31893682    0.26883052    0.26883052    0.29913260    0.30585264    0.15464694    0.14948953    0.09685681    0.00000000    0.21838994    0.22389660    0.26541475    0.27095164    0.27128642    0.25446836    0.19879028    0.18622841
T6             0.26799735    0.31894951    0.31319542    0.31557431    0.30400377    0.32069235    0.32069235    0.33666011    0.29205037    0.29205037    0.32334646    0.33030037    0.17678582    0.18483368    0.23835721    0.21838994    0.00000000    0.10320482    0.23355155    0.23594305    0.23620974    0.22591851    0.18277192    0.15724579
T23            0.28595817    0.33475196    0.31266444    0.31746833    0.30687926    0.31664846    0.32012556    0.33137705    0.29402392    0.29402392    0.31848948    0.32189510    0.18694666    0.19237007    0.24706539    0.22389660    0.10320482    0.00000000    0.24398271    0.24643299    0.24668312    0.23037416    0.18213661    0.15669245
T19            0.31090854    0.38325358    0.33825314    0.34332604    0.32285062    0.35670954    0.34945235    0.37599311    0.34332604    0.34332604    0.36226659    0.36952317    0.23835775    0.23835775    0.28036562    0.26541475    0.23355155    0.24398271    0.00000000    0.01209714    0.01210025    0.02862853    0.19510404    0.17413180
T17            0.31676966    0.38967655    0.34430253    0.34942757    0.32877689    0.36658420    0.35922000    0.38233361    0.34942757    0.34942757    0.36852562    0.37583525    0.24373092    0.24373092    0.28600536    0.27095164    0.23594305    0.24643299    0.01209714    0.00000000    0.00401105    0.02857264    0.19743988    0.17643545
T5             0.31718152    0.39022304    0.34480994    0.34990866    0.32927249    0.36718404    0.35979250    0.38293605    0.34990866    0.34990866    0.36901755    0.37635411    0.24398271    0.24398271    0.28317993    0.27128642    0.23620974    0.24668312    0.01210025    0.00401105    0.00000000    0.02859739    0.19764184    0.17660620
T4             0.29605611    0.37057542    0.32285062    0.32782248    0.30775852    0.34450595    0.33735260    0.35979250    0.32782248    0.32782248    0.34637037    0.35347222    0.22484890    0.22484890    0.26609944    0.25446836    0.22591851    0.23037416    0.02862853    0.02857264    0.02859739    0.00000000    0.18233949    0.16694741
T11            0.24975376    0.31942153    0.29013399    0.30487181    0.29441931    0.29492642    0.29392329    0.32657360    0.29161001    0.29161001    0.31263328    0.31942153    0.17964968    0.17964968    0.20951631    0.19879028    0.18277192    0.18213661    0.19510404    0.19743988    0.19764184    0.18233949    0.00000000    0.10103116
T0             0.22682308    0.29730641    0.26970573    0.27435361    0.26422555    0.26062416    0.27015906    0.30062092    0.26172107    0.26172107    0.27551369    0.28189003    0.15171117    0.15171117    0.19678604    0.18622841    0.15724579    0.15669245    0.17413180    0.17643545    0.17660620    0.16694741    0.10103116    0.00000000

