24
T20            0.00000000    0.26342834    0.25528224    0.26430931    0.28976182    0.23912135    0.25714651    0.42081789    0.31732435    0.35749607    0.17392010    0.15812729    0.16877828    0.16367385    0.16342430    0.15333714    0.16609409    0.16877828    0.16584572    0.16780649    0.17857215    0.16342430    0.19152432    0.19430574
T9             0.26342834    0.00000000    0.04338906    0.10094706    0.13632279    0.13731184    0.16295025    0.40358299    0.30072688    0.31174291    0.29590062    0.28976182    0.27042791    0.28043436    0.28000103    0.26492207    0.28323342    0.29971779    0.28367732    0.29875401    0.30209474    0.28087857    0.31174291    0.31174291
T10            0.25528224    0.04338906    0.00000000    0.08495517    0.12437341    0.12531346    0.14276073    0.36300531    0.27901188    0.28648692    0.28740716    0.27809059    0.26218485    0.27210160    0.27166720    0.26300343    0.26848631    0.27721239    0.26179122    0.27637743    0.27637743    0.25596215    0.28886423    0.28886423
T6             0.26430931    0.10094706    0.08495517    0.00000000    0.11962650    0.12269069    0.14256618    0.37234604    0.27623487    0.28930747    0.28133364    0.26573967    0.27443448    0.28459794    0.28087857    0.26258893    0.27531330    0.26103537    0.25522415    0.26652448    0.27916707    0.26179122    0.29169618    0.29169618
T17            0.28976182    0.13632279    0.12437341    0.11962650    0.00000000    0.16416295    0.18529307    0.42337765    0.31676664    0.33393338    0.30403031    0.29368827    0.30357750    0.30403031    0.31028116    0.28801121    0.30357750    0.31366713    0.29739358    0.30936532    0.31952328    0.29453926    0.32938194    0.32938194
T1             0.23912135    0.13731184    0.12531346    0.12269069    0.16416295    0.00000000    0.06061411    0.36794547    0.28133364    0.29213905    0.26179122    0.24911611    0.25216076    0.26179122    0.26140805    0.24073734    0.24911611    0.26377467    0.24878140    0.26306266    0.26616405    0.24911611    0.27205597    0.27205597
T7             0.25714651    0.16295025    0.14276073    0.14256618    0.18529307    0.06061411    0.00000000    0.39163832    0.30411324    0.31860861    0.27401114    0.26103537    0.26727733    0.27401114    0.27359854    0.25251510    0.26103537    0.28237852    0.26689558    0.27837685    0.28156763    0.26414657    0.29084415    0.29084415
T13            0.42081789    0.40358299    0.36300531    0.37234604    0.42337765    0.36794547    0.39163832    0.00000000    0.16473024    0.18236698    0.42337765    0.40785429    0.41341422    0.41012263    0.40935183    0.39091904    0.40935183    0.41041242    0.41518632    0.43767594    0.42108832    0.39989205    0.44963299    0.44963299
T14            0.31732435    0.30072688    0.27901188    0.27623487    0.31676664    0.28133364    0.30411324    0.16473024    0.00000000    0.06926882    0.33919487    0.32207729    0.33979268    0.34040287    0.33263071    0.31622065    0.32557030    0.33393338    0.33095125    0.34709576    0.34350223    0.31757519    0.35014065    0.35014065
T15            0.35749607    0.31174291    0.28648692    0.28930747    0.33393338    0.29213905    0.31860861    0.18236698    0.06926882    0.00000000    0.36921927    0.35864938    0.37750389    0.37820361    0.36987620    0.35620355    0.36366014    0.36857569    0.36794547    0.38498777    0.38115968    0.35377346    0.36444520    0.36444520
T12            0.17392010    0.29590062    0.28740716    0.28133364    0.30403031    0.26179122    0.27401114    0.42337765    0.33919487    0.36921927    0.00000000    0.04988448    0.08551722    0.08100372    0.08089576    0.06969694    0.08070109    0.14678222    0.14186868    0.14171461    0.16416295    0.14424197    0.19076409    0.19352231
T11            0.15812729    0.28976182    0.27809059    0.26573967    0.29368827    0.24911611    0.26103537    0.40785429    0.32207729    0.35864938    0.04988448    0.00000000    0.07186652    0.06744369    0.06736004    0.05639345    0.06276744    0.13934769    0.13199731    0.13434368    0.15397078    0.13683940    0.17206575    0.17472814
T5             0.16877828    0.27042791    0.26218485    0.27443448    0.30357750    0.25216076    0.26727733    0.41341422    0.33979268    0.37750389    0.08551722    0.07186652    0.00000000    0.01623247    0.01620842    0.02242049    0.05860175    0.16210289    0.15707486    0.15688941    0.16697078    0.15726868    0.18779322    0.19052868
T2             0.16367385    0.28043436    0.27210160    0.28459794    0.30403031    0.26179122    0.27401114    0.41012263    0.34040287    0.37820361    0.08100372    0.06744369    0.01623247    0.00000000    0.01212524    0.01829885    0.05426231    0.15707486    0.15208224    0.15190194    0.15930549    0.15227083    0.18529307    0.18802106
T18            0.16342430    0.28000103    0.27166720    0.28087857    0.31028116    0.26140805    0.27359854    0.40935183    0.33263071    0.36987620    0.08089576    0.06736004    0.01620842    0.01212524    0.00000000    0.01827051    0.04982670    0.15172996    0.15190194    0.15172996    0.16434349    0.15208224    0.18507271    0.18779322
T4             0.15333714    0.26492207    0.26300343    0.26258893    0.28801121    0.24073734    0.25251510    0.39091904    0.31622065    0.35620355    0.06969694    0.05639345    0.02242049    0.01829885    0.01827051    0.00000000    0.04343928    0.13934769    0.13448682    0.13434368    0.14917014    0.13463798    0.17206575    0.17472814
T21            0.16609409    0.28323342    0.26848631    0.27531330    0.30357750    0.24911611    0.26103537    0.40935183    0.32557030    0.36366014    0.08070109    0.06276744    0.05860175    0.05426231    0.04982670    0.04343928    0.00000000    0.14156871    0.14171461    0.14156871    0.15913012    0.13683940    0.17967587    0.18236698
T0             0.16877828    0.29971779    0.27721239    0.26103537    0.31366713    0.26377467    0.28237852    0.41041242    0.33393338    0.36857569    0.14678222    0.13934769    0.16210289    0.15707486    0.15172996    0.13934769    0.14156871    0.00000000    0.03904318    0.04323739    0.08503081    0.06721348    0.14749961    0.15007946
T23            0.16584572    0.28367732    0.26179122    0.25522415    0.29739358    0.24878140    0.26689558    0.41518632    0.33095125    0.36794547    0.14186868    0.13199731    0.15707486    0.15208224    0.15190194    0.13448682    0.14171461    0.03904318    0.00000000    0.03271303    0.08070109    0.06296755    0.14001929    0.14256618
T22            0.16780649    0.29875401    0.27637743    0.26652448    0.30936532    0.26306266    0.27837685    0.43767594    0.34709576    0.38498777    0.14171461    0.13434368    0.15688941    0.15190194    0.15172996    0.13434368    0.14156871    0.04323739    0.03271303    0.00000000    0.08503081    0.06721348    0.14457120    0.14712454
T8             0.17857215    0.30209474    0.27637743    0.27916707    0.31952328    0.26616405    0.28156763    0.42108832    0.34350223    0.38115968    0.16416295    0.15397078    0.16697078    0.15930549    0.16434349    0.14917014    0.15913012    0.08503081    0.08070109    0.08503081    0.00000000    0.02444454    0.16272578    0.16537418
T16            0.16342430    0.28087857    0.25596215    0.26179122    0.29453926    0.24911611    0.26414657    0.39989205    0.31757519    0.35377346    0.14424197    0.13683940    0.15726868    0.15227083    0.15208224    0.13463798    0.13683940    0.06721348    0.06296755    0.06721348    0.02444454    0.00000000    0.14276073    0.14532734
T3             0.19152432    0.31174291    0.28886423    0.29169618    0.32938194    0.27205597    0.29084415    0.44963299    0.35014065    0.36444520    0.19076409    0.17206575    0.18779322    0.18529307    0.18507271    0.17206575    0.17967587    0.14749961    0.14001929    0.14457120    0.16272578    0.14276073    0.00000000    0.00200403
T19            0.19430574    0.31174291    0.28886423    0.29169618    0.32938194    0.27205597    0.29084415    0.44963299    0.35014065    0.36444520    0.19352231    0.17472814    0.19052868    0.18802106    0.18779322    0.17472814    0.18236698    0.15007946    0.14256618    0.14712454    0.16537418    0.14532734    0.00200403    0.00000000

