24
T10            0.00000000    0.33801274    0.32540757    0.29452290    0.26580238    0.26615176    0.26822704    0.28116487    0.32790403    0.31225916    0.28738981    0.35187724    0.30176039    0.30409283    0.29020982    0.30070712    0.28974482    0.29167993    0.26177802    0.28692464    0.28692464    0.26257497    0.25324204    0.28278499
T14            0.33801274    0.00000000    0.10852058    0.19178846    0.16250495    0.16803131    0.17537497    0.17291856    0.19303920    0.18875169    0.16392570    0.22393620    0.16716439    0.14857437    0.16634481    0.17202142    0.26117298    0.31181986    0.27482490    0.28236345    0.28236345    0.25757924    0.22539855    0.27204313
T3             0.32540757    0.10852058    0.00000000    0.17452337    0.16172593    0.16716222    0.17452337    0.17783999    0.17350966    0.17967084    0.16030392    0.21990101    0.15549491    0.13531880    0.15226674    0.15506322    0.26921287    0.29712893    0.27346175    0.26206366    0.26206366    0.24186841    0.19930107    0.24059486
T9             0.29452290    0.19178846    0.17452337    0.00000000    0.08290275    0.08741779    0.08964015    0.09674674    0.15366908    0.14423876    0.13825494    0.20161617    0.14384849    0.13104815    0.13804981    0.13825494    0.29248280    0.28820575    0.27726126    0.27204313    0.27204313    0.25996903    0.22776626    0.25597562
T16            0.26580238    0.16250495    0.16172593    0.08290275    0.00000000    0.01212521    0.01823255    0.02447325    0.13656221    0.12732572    0.11610969    0.17472318    0.12852709    0.11610969    0.11594577    0.12103956    0.25871205    0.27938881    0.25324972    0.24513435    0.24513435    0.22776626    0.20001160    0.23280961
T12            0.26615176    0.16803131    0.16716222    0.08741779    0.01212521    0.00000000    0.02234708    0.02862918    0.13669533    0.12747393    0.11628116    0.17493174    0.12872971    0.11628116    0.11610969    0.12122331    0.26513582    0.28606140    0.25963886    0.25147218    0.25147218    0.23386729    0.20575907    0.23891457
T0             0.26822704    0.17537497    0.17452337    0.08964015    0.01823255    0.02234708    0.00000000    0.02238963    0.14380695    0.13448399    0.11823613    0.17699443    0.13317431    0.12069493    0.12299893    0.12814497    0.26421686    0.28503606    0.25871205    0.25355067    0.25355067    0.23891457    0.20791052    0.24107331
T4             0.28116487    0.17291856    0.17783999    0.09674674    0.02447325    0.02862918    0.02238963    0.00000000    0.14394263    0.13714319    0.12334058    0.19075785    0.14361425    0.13084684    0.13065329    0.13084684    0.28323568    0.30475737    0.27761751    0.26305080    0.26305080    0.24275567    0.22225760    0.25627526
T21            0.32790403    0.19303920    0.17350966    0.15366908    0.13656221    0.13669533    0.14380695    0.14394263    0.00000000    0.08511260    0.13463502    0.20297823    0.14987709    0.14219775    0.13698584    0.13714319    0.29679213    0.30688639    0.28536650    0.27067559    0.27067559    0.26175601    0.20477088    0.24646743
T5             0.31225916    0.18875169    0.17967084    0.14423876    0.12732572    0.12747393    0.13448399    0.13714319    0.08511260    0.00000000    0.13804981    0.20135910    0.13550954    0.13298215    0.13531880    0.13046752    0.28503606    0.30475737    0.28006584    0.25627526    0.25627526    0.25053426    0.21893193    0.25871205
T22            0.28738981    0.16392570    0.16030392    0.13825494    0.11610969    0.11628116    0.11823613    0.12334058    0.13463502    0.13804981    0.00000000    0.13730857    0.07687189    0.06773474    0.07674676    0.08150410    0.25214925    0.27677464    0.25672805    0.24251302    0.24251302    0.23382180    0.20527908    0.24480377
T1             0.35187724    0.22393620    0.21990101    0.20161617    0.17472318    0.17493174    0.17699443    0.19075785    0.20297823    0.20135910    0.13730857    0.00000000    0.13479404    0.12240834    0.14730413    0.15266830    0.31018183    0.34136237    0.30934790    0.29082875    0.29082875    0.28078743    0.27204313    0.31563292
T7             0.30176039    0.16716439    0.15549491    0.14384849    0.12852709    0.12872971    0.13317431    0.14361425    0.14987709    0.13550954    0.07687189    0.13479404    0.00000000    0.03294903    0.08164696    0.08649459    0.26688256    0.28884810    0.26847176    0.24480377    0.24480377    0.23682955    0.21326121    0.25016952
T13            0.30409283    0.14857437    0.13531880    0.13104815    0.11610969    0.11628116    0.12069493    0.13084684    0.14219775    0.13298215    0.06773474    0.12240834    0.03294903    0.00000000    0.06784568    0.07253197    0.25451635    0.27596214    0.25594950    0.23875187    0.23875187    0.23014078    0.20188245    0.23806555
T6             0.29020982    0.16634481    0.15226674    0.13804981    0.11594577    0.11610969    0.12299893    0.13065329    0.13698584    0.13531880    0.07674676    0.14730413    0.08164696    0.06784568    0.00000000    0.02447325    0.26340115    0.27241219    0.25866720    0.24748164    0.24748164    0.23277262    0.19327296    0.22887498
T17            0.30070712    0.17202142    0.15506322    0.13825494    0.12103956    0.12122331    0.12814497    0.13084684    0.13714319    0.13046752    0.08150410    0.15266830    0.08649459    0.07253197    0.02447325    0.00000000    0.27081608    0.27998566    0.26614936    0.24863950    0.24863950    0.23382180    0.19907792    0.23212211
T23            0.28974482    0.26117298    0.26921287    0.29248280    0.25871205    0.26513582    0.26421686    0.28323568    0.29679213    0.28503606    0.25214925    0.31018183    0.26688256    0.25451635    0.26340115    0.27081608    0.00000000    0.09635097    0.08061343    0.11472719    0.11472719    0.10298766    0.21729863    0.25418401
T2             0.29167993    0.31181986    0.29712893    0.28820575    0.27938881    0.28606140    0.28503606    0.30475737    0.30688639    0.30475737    0.27677464    0.34136237    0.28884810    0.27596214    0.27241219    0.27998566    0.09635097    0.00000000    0.03910516    0.11984555    0.11984555    0.10086183    0.24039955    0.26927214
T11            0.26177802    0.27482490    0.27346175    0.27726126    0.25324972    0.25963886    0.25871205    0.27761751    0.28536650    0.28006584    0.25672805    0.30934790    0.26847176    0.25594950    0.25866720    0.26614936    0.08061343    0.03910516    0.00000000    0.10124244    0.10124244    0.08717517    0.21842779    0.24641463
T15            0.28692464    0.28236345    0.26206366    0.27204313    0.24513435    0.25147218    0.25355067    0.26305080    0.27067559    0.25627526    0.24251302    0.29082875    0.24480377    0.23875187    0.24748164    0.24863950    0.11472719    0.11984555    0.10124244    0.00000000    0.00000000    0.04325420    0.20273631    0.23311258
T20            0.28692464    0.28236345    0.26206366    0.27204313    0.24513435    0.25147218    0.25355067    0.26305080    0.27067559    0.25627526    0.24251302    0.29082875    0.24480377    0.23875187    0.24748164    0.24863950    0.11472719    0.11984555    0.10124244    0.00000000    0.00000000    0.04325420    0.20273631    0.23311258
T8             0.26257497    0.25757924    0.24186841    0.25996903    0.22776626    0.23386729    0.23891457    0.24275567    0.26175601    0.25053426    0.23382180    0.28078743    0.23682955    0.23014078    0.23277262    0.23382180    0.10298766    0.10086183    0.08717517    0.04325420    0.04325420    0.00000000    0.19125523    0.21525382
T18            0.25324204    0.22539855    0.19930107    0.22776626    0.20001160    0.20575907    0.20791052    0.22225760    0.20477088    0.21893193    0.20527908    0.27204313    0.21326121    0.20188245    0.19327296    0.19907792    0.21729863    0.24039955    0.21842779    0.20273631    0.20273631    0.19125523    0.00000000    0.04554445
T19            0.28278499    0.27204313    0.24059486    0.25597562    0.23280961    0.23891457    0.24107331    0.25627526    0.24646743    0.25871205    0.24480377    0.31563292    0.25016952    0.23806555    0.22887498    0.23212211    0.25418401    0.26927214    0.24641463    0.23311258    0.23311258    0.21525382    0.04554445    0.00000000

