24
T20            0.00000000    0.38512269    0.44284955    0.44284955    0.37335682    0.38135158    0.38397791    0.36707028    0.42906476    0.39214299    0.43316147    0.42303873    0.36815846    0.37817386    0.33175165    0.33905245    0.17721668    0.17476808    0.17996810    0.14770619    0.14362653    0.14858733    0.16394140    0.20369580
T2             0.38512269    0.00000000    0.17104631    0.17630117    0.13670251    0.14157348    0.13935262    0.13670251    0.14395039    0.12437674    0.13421281    0.13684407    0.14750616    0.11295440    0.24161646    0.23893773    0.33603106    0.33302229    0.32916479    0.33819581    0.32320659    0.34800627    0.32617952    0.37760884
T1             0.44284955    0.17104631    0.00000000    0.01007293    0.16399746    0.16416965    0.16416965    0.15881074    0.16961967    0.14917573    0.16435045    0.16494421    0.23183636    0.20002640    0.31240250    0.31276993    0.43382570    0.43042403    0.42576564    0.42679491    0.40234030    0.43858336    0.40563340    0.46512848
T8             0.44284955    0.17630117    0.01007293    0.00000000    0.16923880    0.16942489    0.16942489    0.16139734    0.17494527    0.15430919    0.16961967    0.17025581    0.23183636    0.20002640    0.31240250    0.31276993    0.43382570    0.43042403    0.42576564    0.42679491    0.40234030    0.43858336    0.40563340    0.46512848
T22            0.37335682    0.13670251    0.16399746    0.16923880    0.00000000    0.03485851    0.03485851    0.03483315    0.10161132    0.07395932    0.09451402    0.09018465    0.19964198    0.16697808    0.26859633    0.26583385    0.36031372    0.35721725    0.35312523    0.35789536    0.34253351    0.36930092    0.35980318    0.41033925
T5             0.38135158    0.14157348    0.16416965    0.16942489    0.03485851    0.00000000    0.00401207    0.02439633    0.10414188    0.07631849    0.09228437    0.08797101    0.20500725    0.17207347    0.27765184    0.27485895    0.37558857    0.37243798    0.36815846    0.37283346    0.35980318    0.39401233    0.37760884    0.42977173
T19            0.38397791    0.13935262    0.16416965    0.16942489    0.03485851    0.00401207    0.00000000    0.02439633    0.10414188    0.07631849    0.09228437    0.08797101    0.20500725    0.17207347    0.27765184    0.27485895    0.37817386    0.37500992    0.37074401    0.37548831    0.35620904    0.39015336    0.37760884    0.42977173
T6             0.36707028    0.13670251    0.15881074    0.16139734    0.03483315    0.02439633    0.02439633    0.00000000    0.10161132    0.07395932    0.09451402    0.09018465    0.20190186    0.16923880    0.27171779    0.26894559    0.36503538    0.36192562    0.35774127    0.36241636    0.34699674    0.38057297    0.36083766    0.41566452
T18            0.42906476    0.14395039    0.16961967    0.17494527    0.10161132    0.10414188    0.10414188    0.10161132    0.00000000    0.04560035    0.09712580    0.09281189    0.20530065    0.16923880    0.28683860    0.28401445    0.38892259    0.38571632    0.38135158    0.38985214    0.38135158    0.40905482    0.38078641    0.44299132
T12            0.39214299    0.12437674    0.14917573    0.15430919    0.07395932    0.07631849    0.07631849    0.07395932    0.04560035    0.00000000    0.07641598    0.07217094    0.18080217    0.14633551    0.26549432    0.26274144    0.36760758    0.36448460    0.36394729    0.37599746    0.36031372    0.38313129    0.35980318    0.41166625
T11            0.43316147    0.13421281    0.16435045    0.16961967    0.09451402    0.09228437    0.09228437    0.09451402    0.09712580    0.07641598    0.00000000    0.02028089    0.20022386    0.16961967    0.28762571    0.28480306    0.39275173    0.38953085    0.38512269    0.39745137    0.38512269    0.41708405    0.38832860    0.42639754
T14            0.42303873    0.13684407    0.16494421    0.17025581    0.09018465    0.08797101    0.08797101    0.09018465    0.09281189    0.07217094    0.02028089    0.00000000    0.19769898    0.16717445    0.27599910    0.27321942    0.39079010    0.38758196    0.38313129    0.39923634    0.38313129    0.40718393    0.38252404    0.42449415
T16            0.36815846    0.14750616    0.23183636    0.23183636    0.19964198    0.20500725    0.20500725    0.20190186    0.20530065    0.18080217    0.20022386    0.19769898    0.00000000    0.04790957    0.25524359    0.25253439    0.35882906    0.35574560    0.35158778    0.35005450    0.33839904    0.35323828    0.33440655    0.38957450
T7             0.37817386    0.11295440    0.20002640    0.20002640    0.16697808    0.17207347    0.17207347    0.16923880    0.16923880    0.14633551    0.16961967    0.16717445    0.04790957    0.00000000    0.21966400    0.21706003    0.33996046    0.33694022    0.33302229    0.33517283    0.32024592    0.34141839    0.31647934    0.36448460
T4             0.33175165    0.24161646    0.31240250    0.31240250    0.26859633    0.27765184    0.27765184    0.27171779    0.28683860    0.26549432    0.28762571    0.27599910    0.25524359    0.21966400    0.00000000    0.02238988    0.34253351    0.33950005    0.33905245    0.32424143    0.31276993    0.33093734    0.29618646    0.33517283
T9             0.33905245    0.23893773    0.31276993    0.31276993    0.26583385    0.27485895    0.27485895    0.26894559    0.28401445    0.26274144    0.28480306    0.27321942    0.25253439    0.21706003    0.02238988    0.00000000    0.34299338    0.33996046    0.33950005    0.32460395    0.31314951    0.33839904    0.30294466    0.34346617
T10            0.17721668    0.33603106    0.43382570    0.43382570    0.36031372    0.37558857    0.37817386    0.36503538    0.38892259    0.36760758    0.39275173    0.39079010    0.35882906    0.33996046    0.34253351    0.34299338    0.00000000    0.00200301    0.01617908    0.06938469    0.08309691    0.12622447    0.14882775    0.19048581
T21            0.17476808    0.33302229    0.43042403    0.43042403    0.35721725    0.37243798    0.37500992    0.36192562    0.38571632    0.36448460    0.38953085    0.38758196    0.35574560    0.33694022    0.33950005    0.33996046    0.00200301    0.00000000    0.01414130    0.06721457    0.08089775    0.12391991    0.14646190    0.18799709
T17            0.17996810    0.32916479    0.42576564    0.42576564    0.35312523    0.36815846    0.37074401    0.35774127    0.38135158    0.36394729    0.38512269    0.38313129    0.35158778    0.33302229    0.33905245    0.33950005    0.01617908    0.01414130    0.00000000    0.06938469    0.08309691    0.12622447    0.14622035    0.18213928
T23            0.14770619    0.33819581    0.42679491    0.42679491    0.35789536    0.37283346    0.37548831    0.36241636    0.38985214    0.37599746    0.39745137    0.39923634    0.35005450    0.33517283    0.32424143    0.32460395    0.06938469    0.06721457    0.06938469    0.00000000    0.05831825    0.09923429    0.12565749    0.16828461
T13            0.14362653    0.32320659    0.40234030    0.40234030    0.34253351    0.35980318    0.35620904    0.34699674    0.38135158    0.36031372    0.38512269    0.38313129    0.33839904    0.32024592    0.31276993    0.31314951    0.08309691    0.08089775    0.08309691    0.05831825    0.00000000    0.08576446    0.12412553    0.16153043
T15            0.14858733    0.34800627    0.43858336    0.43858336    0.36930092    0.39401233    0.39015336    0.38057297    0.40905482    0.38313129    0.41708405    0.40718393    0.35323828    0.34141839    0.33093734    0.33839904    0.12622447    0.12391991    0.12622447    0.09923429    0.08576446    0.00000000    0.12939495    0.16718200
T0             0.16394140    0.32617952    0.40563340    0.40563340    0.35980318    0.37760884    0.37760884    0.36083766    0.38078641    0.35980318    0.38832860    0.38252404    0.33440655    0.31647934    0.29618646    0.30294466    0.14882775    0.14646190    0.14622035    0.12565749    0.12412553    0.12939495    0.00000000    0.07870563
T3             0.20369580    0.37760884    0.46512848    0.46512848    0.41033925    0.42977173    0.42977173    0.41566452    0.44299132    0.41166625    0.42639754    0.42449415    0.38957450    0.36448460    0.33517283    0.34346617    0.19048581    0.18799709    0.18213928    0.16828461    0.16153043    0.16718200    0.07870563    0.00000000

