24
T8             0.00000000    0.29685275    0.30506889    0.32186499    0.35554013    0.34886991    0.32874497    0.33821951    0.39250634    0.36740088    0.33124346    0.35651867    0.33330996    0.35343659    0.35036754    0.33977814    0.34637165    0.34941504    0.33821951    0.37795204    0.37795204    0.34226401    0.18596388    0.22451559
T17            0.29685275    0.00000000    0.01617886    0.17361597    0.20045723    0.20015498    0.21159156    0.21159156    0.26060207    0.23076816    0.20141781    0.20523082    0.17469417    0.19600004    0.18798005    0.17606836    0.17905382    0.18981340    0.17852928    0.23041956    0.23041956    0.19986175    0.24838519    0.29728044
T15            0.30506889    0.01617886    0.00000000    0.18897462    0.21064137    0.21034313    0.22191203    0.21609406    0.27156376    0.24134568    0.21159156    0.22127666    0.18462383    0.20338631    0.19530712    0.18323015    0.18621823    0.19705104    0.18571835    0.24100033    0.24100033    0.21005418    0.25925614    0.30548324
T20            0.32186499    0.17361597    0.18897462    0.00000000    0.09438938    0.08963316    0.14509869    0.14509869    0.19957755    0.17043861    0.14293484    0.16291486    0.14200804    0.16490346    0.15723896    0.14490675    0.14509869    0.15524759    0.14472288    0.19147667    0.19147667    0.16269175    0.30548324    0.35192587
T12            0.35554013    0.20045723    0.21064137    0.09438938    0.00000000    0.00805154    0.16269175    0.16269175    0.21931791    0.18648137    0.15005039    0.19425608    0.16469858    0.19121593    0.18323015    0.15985111    0.16005892    0.16511679    0.15965166    0.21321031    0.21321031    0.18621823    0.34886991    0.39897288
T18            0.34886991    0.20015498    0.21034313    0.08963316    0.00805154    0.00000000    0.15723896    0.15723896    0.21321031    0.18075070    0.14472288    0.18845957    0.15927793    0.18548166    0.17758388    0.15965166    0.15985111    0.16490346    0.15946059    0.20721152    0.20721152    0.18051131    0.34123752    0.39053502
T0             0.32874497    0.21159156    0.22191203    0.14509869    0.16269175    0.15723896    0.00000000    0.02450753    0.13027077    0.09428544    0.07640643    0.16511679    0.13446743    0.16227065    0.14948356    0.12513690    0.12529377    0.13260244    0.13243473    0.18051131    0.18051131    0.15483456    0.33772501    0.38032929
T22            0.33821951    0.21159156    0.21609406    0.14509869    0.16269175    0.15723896    0.02450753    0.00000000    0.12777606    0.09898149    0.07640643    0.16511679    0.13446743    0.16227065    0.14948356    0.12513690    0.12529377    0.12761302    0.12745778    0.17780721    0.17780721    0.15224275    0.35192587    0.39966261
T2             0.39250634    0.26060207    0.27156376    0.19957755    0.21931791    0.21321031    0.13027077    0.12777606    0.00000000    0.09004875    0.10159490    0.23008062    0.19048736    0.22158959    0.21321031    0.19202484    0.19231221    0.19202484    0.19174632    0.21291314    0.21291314    0.19147667    0.40088606    0.44423437
T19            0.36740088    0.23076816    0.24134568    0.17043861    0.18648137    0.18075070    0.09428544    0.09898149    0.09004875    0.00000000    0.07395177    0.19231221    0.16188322    0.18775368    0.17984566    0.15704635    0.15723896    0.16755022    0.16207272    0.19372810    0.19372810    0.17288625    0.34987402    0.39698979
T3             0.33124346    0.20141781    0.21159156    0.14293484    0.15005039    0.14472288    0.07640643    0.07640643    0.10159490    0.07395177    0.00000000    0.16556870    0.12484647    0.15704635    0.15205533    0.13010150    0.13027077    0.13764224    0.12745778    0.18099880    0.18099880    0.15005039    0.33872655    0.38413650
T21            0.35651867    0.20523082    0.22127666    0.16291486    0.19425608    0.18845957    0.16511679    0.16511679    0.23008062    0.19231221    0.16556870    0.00000000    0.13044784    0.17203335    0.16431429    0.14454711    0.14472288    0.15743990    0.14437945    0.16978171    0.16978171    0.14966433    0.35343659    0.40350182
T23            0.33330996    0.17469417    0.18462383    0.14200804    0.16469858    0.15927793    0.13446743    0.13446743    0.19048736    0.16188322    0.12484647    0.13044784    0.00000000    0.13654705    0.12925110    0.10547450    0.10556145    0.12226721    0.11250601    0.14660120    0.14660120    0.12226721    0.33124346    0.37595020
T4             0.35343659    0.19600004    0.20338631    0.16490346    0.19121593    0.18548166    0.16227065    0.16227065    0.22158959    0.18775368    0.15704635    0.17203335    0.13654705    0.00000000    0.01417427    0.08946888    0.08954737    0.09409954    0.08482017    0.17716340    0.17716340    0.14660120    0.34074323    0.37971431
T13            0.35036754    0.18798005    0.19530712    0.15723896    0.18323015    0.17758388    0.14948356    0.14948356    0.21321031    0.17984566    0.15205533    0.16431429    0.12925110    0.01417427    0.00000000    0.08039201    0.08045671    0.08266515    0.07807680    0.17469417    0.17469417    0.14421994    0.33772501    0.38289144
T14            0.33977814    0.17606836    0.18323015    0.14490675    0.15985111    0.15965166    0.12513690    0.12513690    0.19202484    0.15704635    0.13010150    0.14454711    0.10547450    0.08946888    0.08039201    0.00000000    0.00401105    0.02653171    0.02028054    0.15723896    0.15723896    0.12745778    0.33222085    0.38095803
T9             0.34637165    0.17905382    0.18621823    0.14509869    0.16005892    0.15985111    0.12529377    0.12529377    0.19231221    0.15723896    0.13027077    0.14472288    0.10556145    0.08954737    0.08045671    0.00401105    0.00000000    0.02656477    0.02029426    0.15743990    0.15743990    0.12761302    0.33624064    0.38543704
T7             0.34941504    0.18981340    0.19705104    0.15524759    0.16511679    0.16490346    0.13260244    0.12761302    0.19202484    0.16755022    0.13764224    0.15743990    0.12226721    0.09409954    0.08266515    0.02653171    0.02656477    0.00000000    0.01623199    0.16777060    0.16777060    0.13746182    0.35360041    0.40434065
T5             0.33821951    0.17852928    0.18571835    0.14472288    0.15965166    0.15946059    0.13243473    0.12745778    0.19174632    0.16207272    0.12745778    0.14437945    0.11250601    0.08482017    0.07807680    0.02028054    0.02029426    0.01623199    0.00000000    0.15704635    0.15704635    0.12731035    0.33872655    0.38797298
T16            0.37795204    0.23041956    0.24100033    0.19147667    0.21321031    0.20721152    0.18051131    0.17780721    0.21291314    0.19372810    0.18099880    0.16978171    0.14660120    0.17716340    0.17469417    0.15723896    0.15743990    0.16777060    0.15704635    0.00000000    0.00000000    0.04334360    0.39375531    0.42681041
T10            0.37795204    0.23041956    0.24100033    0.19147667    0.21321031    0.20721152    0.18051131    0.17780721    0.21291314    0.19372810    0.18099880    0.16978171    0.14660120    0.17716340    0.17469417    0.15723896    0.15743990    0.16777060    0.15704635    0.00000000    0.00000000    0.04334360    0.39375531    0.42681041
T6             0.34226401    0.19986175    0.21005418    0.16269175    0.18621823    0.18051131    0.15483456    0.15224275    0.19147667    0.17288625    0.15005039    0.14966433    0.12226721    0.14660120    0.14421994    0.12745778    0.12761302    0.13746182    0.12731035    0.04334360    0.04334360    0.00000000    0.35247116    0.38350703
T1             0.18596388    0.24838519    0.25925614    0.30548324    0.34886991    0.34123752    0.33772501    0.35192587    0.40088606    0.34987402    0.33872655    0.35343659    0.33124346    0.34074323    0.33772501    0.33222085    0.33624064    0.35360041    0.33872655    0.39375531    0.39375531    0.35247116    0.00000000    0.04776649
T11            0.22451559    0.29728044    0.30548324    0.35192587    0.39897288    0.39053502    0.38032929    0.39966261    0.44423437    0.39698979    0.38413650    0.40350182    0.37595020    0.37971431    0.38289144    0.38095803    0.38543704    0.40434065    0.38797298    0.42681041    0.42681041    0.38350703    0.04776649    0.00000000

