24
T15            0.00000000    0.40490980    0.40752384    0.40752384    0.39321184    0.38616723    0.36229484    0.38383461    0.35918554    0.37691997    0.39846823    0.39259233    0.49854860    0.39794807    0.38234901    0.38234901    0.38302120    0.34945475    0.33985111    0.33985111    0.33985111    0.31806562    0.36041588    0.37159043
T2             0.40490980    0.00000000    0.07380573    0.07380573    0.07380573    0.06492546    0.13433315    0.15446631    0.13198689    0.12938007    0.14661075    0.13172202    0.23442885    0.11320541    0.12052637    0.12052637    0.11334787    0.31762866    0.31851462    0.29282552    0.29934921    0.28998044    0.30307134    0.32146060
T20            0.40752384    0.07380573    0.00000000    0.00401207    0.04966164    0.04112574    0.13904970    0.15966467    0.13918875    0.13185045    0.15428823    0.13891881    0.23091454    0.10576296    0.12731814    0.12731814    0.12009104    0.31345290    0.31092991    0.29854972    0.29854972    0.29568191    0.31220850    0.32397064
T1             0.40752384    0.07380573    0.00401207    0.00000000    0.04966164    0.04112574    0.13904970    0.16189574    0.13918875    0.13185045    0.15428823    0.13891881    0.23329399    0.10576296    0.12731814    0.12731814    0.12009104    0.31345290    0.31092991    0.29854972    0.29854972    0.29568191    0.31220850    0.32397064
T13            0.39321184    0.07380573    0.04966164    0.04966164    0.00000000    0.01210026    0.13904970    0.16189574    0.13668740    0.13407197    0.15911507    0.13891881    0.24452891    0.11535983    0.13228366    0.13228366    0.12499553    0.32101209    0.31851462    0.29854972    0.29529861    0.29568191    0.31220850    0.32397064
T6             0.38616723    0.06492546    0.04112574    0.04112574    0.01210026    0.00000000    0.12925775    0.15171591    0.12692186    0.12436546    0.14900028    0.12914344    0.23888903    0.10587292    0.12253725    0.12253725    0.11535983    0.30801720    0.30553198    0.28602269    0.28284409    0.28319729    0.29934921    0.31092991
T3             0.36229484    0.13433315    0.13904970    0.13904970    0.13904970    0.12925775    0.00000000    0.03705555    0.01619046    0.04982513    0.07186284    0.07162367    0.24399302    0.12268069    0.12979472    0.12979472    0.12253725    0.31762866    0.31762866    0.28885929    0.29529861    0.28602269    0.30471224    0.31385446
T11            0.38383461    0.15446631    0.15966467    0.16189574    0.16189574    0.15171591    0.03705555    0.00000000    0.02450796    0.06744036    0.08783821    0.09450535    0.25928796    0.14255147    0.14473384    0.14473384    0.13729913    0.33778632    0.33429634    0.30801720    0.31469359    0.31177043    0.31092991    0.32015152
T7             0.35918554    0.13198689    0.13918875    0.13918875    0.13668740    0.12692186    0.01619046    0.02450796    0.00000000    0.04554344    0.06969330    0.07169642    0.23836759    0.11792731    0.12499553    0.12499553    0.11778819    0.30801720    0.30801720    0.27968562    0.28602269    0.28319729    0.29529861    0.30431997
T4             0.37691997    0.12938007    0.13185045    0.13185045    0.13407197    0.12436546    0.04982513    0.06744036    0.04554344    0.00000000    0.03284875    0.06714821    0.22944357    0.11535983    0.12240159    0.12240159    0.11523432    0.31345290    0.31092991    0.28250209    0.28885929    0.29322108    0.28850827    0.30722260
T18            0.39846823    0.14661075    0.15428823    0.15428823    0.15911507    0.14900028    0.07186284    0.08783821    0.06969330    0.03284875    0.00000000    0.09439380    0.23766223    0.13729913    0.14455756    0.14455756    0.13713416    0.33037129    0.32784863    0.29779652    0.30431997    0.30222695    0.30722260    0.32650626
T0             0.39259233    0.13172202    0.13891881    0.13891881    0.13891881    0.12914344    0.07162367    0.09450535    0.07169642    0.06714821    0.09439380    0.00000000    0.23788706    0.11765677    0.12471991    0.12471991    0.11753305    0.31134422    0.30885906    0.28676073    0.29322108    0.30595940    0.30264335    0.31513112
T16            0.49854860    0.23442885    0.23091454    0.23329399    0.24452891    0.23888903    0.24399302    0.25928796    0.23836759    0.22944357    0.23766223    0.23788706    0.00000000    0.15594207    0.17117376    0.17117376    0.17396425    0.40932658    0.42222454    0.39138669    0.39513871    0.40327588    0.40056166    0.41101303
T10            0.39794807    0.11320541    0.10576296    0.10576296    0.11535983    0.10587292    0.12268069    0.14255147    0.11792731    0.11535983    0.13729913    0.11765677    0.15594207    0.00000000    0.06511920    0.06511920    0.05852903    0.31651525    0.31407897    0.26923534    0.27237409    0.29536879    0.29777008    0.30684921
T22            0.38234901    0.12052637    0.12731814    0.12731814    0.13228366    0.12253725    0.12979472    0.14473384    0.12499553    0.12240159    0.14455756    0.12471991    0.17117376    0.06511920    0.00000000    0.00000000    0.01008418    0.32337564    0.31407897    0.28191066    0.28837126    0.29868502    0.29207446    0.30351089
T23            0.38234901    0.12052637    0.12731814    0.12731814    0.13228366    0.12253725    0.12979472    0.14473384    0.12499553    0.12240159    0.14455756    0.12471991    0.17117376    0.06511920    0.00000000    0.00000000    0.01008418    0.32337564    0.31407897    0.28191066    0.28837126    0.29868502    0.29207446    0.30351089
T17            0.38302120    0.11334787    0.12009104    0.12009104    0.12499553    0.11535983    0.12253725    0.13729913    0.11778819    0.11523432    0.13713416    0.11753305    0.17396425    0.05852903    0.01008418    0.01008418    0.00000000    0.31700041    0.30778552    0.26960426    0.27592164    0.28598134    0.28598134    0.29732964
T8             0.34945475    0.31762866    0.31345290    0.31345290    0.32101209    0.30801720    0.31762866    0.33778632    0.30801720    0.31345290    0.33037129    0.31134422    0.40932658    0.31651525    0.32337564    0.32337564    0.31700041    0.00000000    0.03497222    0.21727625    0.22302897    0.23974736    0.28642330    0.28555040
T14            0.33985111    0.31851462    0.31092991    0.31092991    0.31851462    0.30553198    0.31762866    0.33429634    0.30801720    0.31092991    0.32784863    0.30885906    0.42222454    0.31407897    0.31407897    0.31407897    0.30778552    0.03497222    0.00000000    0.21495217    0.22070499    0.23739060    0.28406737    0.28642330
T19            0.33985111    0.29282552    0.29854972    0.29854972    0.29854972    0.28602269    0.28885929    0.30801720    0.27968562    0.28250209    0.29779652    0.28676073    0.39138669    0.26923534    0.28191066    0.28191066    0.26960426    0.21727625    0.21495217    0.00000000    0.00806488    0.18158682    0.21066722    0.21581472
T9             0.33985111    0.29934921    0.29854972    0.29854972    0.29529861    0.28284409    0.29529861    0.31469359    0.28602269    0.28885929    0.30431997    0.29322108    0.39513871    0.27237409    0.28837126    0.28837126    0.27592164    0.22302897    0.22070499    0.00806488    0.00000000    0.18965733    0.21643692    0.22161790
T21            0.31806562    0.28998044    0.29568191    0.29568191    0.29568191    0.28319729    0.28602269    0.31177043    0.28319729    0.29322108    0.30222695    0.30595940    0.40327588    0.29536879    0.29868502    0.29868502    0.28598134    0.23974736    0.23739060    0.18158682    0.18965733    0.00000000    0.22946061    0.23178445
T5             0.36041588    0.30307134    0.31220850    0.31220850    0.31220850    0.29934921    0.30471224    0.31092991    0.29529861    0.28850827    0.30722260    0.30264335    0.40056166    0.29777008    0.29207446    0.29207446    0.28598134    0.28642330    0.28406737    0.21066722    0.21643692    0.22946061    0.00000000    0.04120273
T12            0.37159043    0.32146060    0.32397064    0.32397064    0.32397064    0.31092991    0.31385446    0.32015152    0.30431997    0.30722260    0.32650626    0.31513112    0.41101303    0.30684921    0.30351089    0.30351089    0.29732964    0.28555040    0.28642330    0.21581472    0.22161790    0.23178445    0.04120273    0.00000000

