24
T1             0.00000000    0.38270177    0.36207235    0.36255876    0.36932165    0.36669687    0.43223247    0.36152955    0.37517712    0.39881210    0.35277627    0.34970398    0.35586168    0.34970398    0.28866591    0.30450227    0.33202931    0.37036178    0.34876737    0.36255876    0.32970535    0.32970535    0.32629200    0.34616932
T0             0.38270177    0.00000000    0.07156627    0.04969594    0.04542184    0.04757317    0.09700495    0.06289923    0.07170613    0.24262293    0.19775025    0.20311503    0.20884323    0.20951460    0.17616045    0.21756136    0.22830873    0.23850115    0.24224273    0.24955307    0.22205686    0.22205686    0.22499701    0.25374324
T10            0.36207235    0.07156627    0.00000000    0.02442269    0.07594171    0.06488089    0.13701301    0.08948458    0.10567942    0.25956600    0.22989946    0.23550808    0.24151237    0.23620167    0.20449592    0.24454197    0.24955307    0.26315856    0.26229369    0.26976084    0.24017243    0.24017243    0.24017243    0.26938779
T21            0.36255876    0.04969594    0.02442269    0.00000000    0.05396170    0.04325591    0.11284658    0.06927355    0.08267822    0.24686278    0.20761167    0.21303825    0.21881587    0.21365004    0.18307989    0.22761032    0.23850115    0.24886841    0.25027888    0.25768523    0.22926139    0.22926139    0.22926139    0.25804040
T11            0.36932165    0.04542184    0.07594171    0.05396170    0.00000000    0.04334762    0.11056102    0.07156627    0.08733971    0.25027888    0.20505813    0.21046729    0.21397007    0.21108112    0.18332110    0.22499701    0.24187254    0.25225352    0.25606367    0.26351189    0.23253293    0.23253293    0.23253293    0.26151120
T4             0.36669687    0.04757317    0.06488089    0.04325591    0.04334762    0.00000000    0.11056102    0.06932780    0.08046957    0.25027888    0.21076952    0.21622827    0.22205686    0.21687593    0.18605881    0.22795468    0.24491146    0.25225352    0.25606367    0.26351189    0.23550808    0.23550808    0.23550808    0.26151120
T8             0.43223247    0.09700495    0.13701301    0.11284658    0.11056102    0.11056102    0.00000000    0.10867906    0.12055830    0.27267358    0.23770744    0.24341329    0.25583668    0.24733960    0.21397007    0.24262293    0.26398464    0.27690878    0.27777172    0.28531152    0.26270071    0.26270071    0.26585532    0.28989812
T15            0.36152955    0.06289923    0.08948458    0.06927355    0.07156627    0.06932780    0.10867906    0.00000000    0.06289923    0.23429554    0.18992676    0.19523390    0.20662542    0.20155474    0.17126281    0.20089700    0.22904582    0.23620167    0.23996469    0.24722137    0.20820887    0.20820887    0.20820887    0.24224273
T16            0.37517712    0.07170613    0.10567942    0.08267822    0.08733971    0.08046957    0.12055830    0.06289923    0.00000000    0.23129311    0.18437436    0.18963465    0.19242638    0.19585894    0.17075903    0.21756136    0.23731622    0.24759015    0.24608039    0.25335533    0.22205686    0.22205686    0.22205686    0.25065717
T2             0.39881210    0.24262293    0.25956600    0.24686278    0.25027888    0.25027888    0.27267358    0.23429554    0.23129311    0.00000000    0.16882666    0.16856935    0.17669397    0.17452378    0.22499701    0.24491146    0.25297773    0.29889703    0.30323636    0.31639261    0.26818623    0.26818623    0.25878227    0.28573615
T17            0.35277627    0.19775025    0.22989946    0.20761167    0.20505813    0.21076952    0.23770744    0.18992676    0.18437436    0.16882666    0.00000000    0.00805173    0.03716438    0.02876334    0.17320602    0.20280980    0.22795468    0.24722137    0.24116226    0.24316526    0.22695075    0.22695075    0.21820826    0.24651439
T23            0.34970398    0.20311503    0.23550808    0.21303825    0.21046729    0.21622827    0.24341329    0.19523390    0.18963465    0.16856935    0.00805173    0.00000000    0.03285128    0.02450966    0.17296826    0.20251374    0.23356102    0.25297773    0.24686278    0.25190695    0.22663559    0.22663559    0.21791884    0.24617624
T18            0.35586168    0.20884323    0.24151237    0.21881587    0.21397007    0.22205686    0.25583668    0.20662542    0.19242638    0.17669397    0.03716438    0.03285128    0.00000000    0.02450966    0.18658309    0.21687593    0.25185329    0.27733481    0.26543825    0.27053934    0.24151237    0.24151237    0.23253293    0.25532027
T6             0.34970398    0.20951460    0.23620167    0.21365004    0.21108112    0.21687593    0.24733960    0.20155474    0.19585894    0.17452378    0.02876334    0.02450966    0.02450966    0.00000000    0.17075903    0.20311503    0.23429554    0.25916891    0.24759015    0.25261045    0.22433563    0.22433563    0.21561854    0.23782926
T3             0.28866591    0.17616045    0.20449592    0.18307989    0.18332110    0.18605881    0.21397007    0.17126281    0.17075903    0.22499701    0.17320602    0.17296826    0.18658309    0.17075903    0.00000000    0.14279247    0.17320602    0.20505813    0.19106056    0.20142170    0.16762515    0.16762515    0.15971675    0.18284757
T13            0.30450227    0.21756136    0.24454197    0.22761032    0.22499701    0.22795468    0.24262293    0.20089700    0.21756136    0.24491146    0.20280980    0.20251374    0.21687593    0.20311503    0.14279247    0.00000000    0.13769557    0.16519111    0.15510356    0.16497500    0.13248063    0.13248063    0.12011869    0.14442965
T7             0.33202931    0.22830873    0.24955307    0.23850115    0.24187254    0.24491146    0.26398464    0.22904582    0.23731622    0.25297773    0.22795468    0.23356102    0.25185329    0.23429554    0.17320602    0.13769557    0.00000000    0.09403489    0.10105029    0.10786158    0.11296744    0.11296744    0.10341095    0.12242955
T22            0.37036178    0.23850115    0.26315856    0.24886841    0.25225352    0.25225352    0.27690878    0.23620167    0.24759015    0.29889703    0.24722137    0.25297773    0.27733481    0.25916891    0.20505813    0.16519111    0.09403489    0.00000000    0.08250949    0.08919823    0.13686255    0.13686255    0.12694917    0.14635489
T14            0.34876737    0.24224273    0.26229369    0.25027888    0.25606367    0.25606367    0.27777172    0.23996469    0.24608039    0.30323636    0.24116226    0.24686278    0.26543825    0.24759015    0.19106056    0.15510356    0.10105029    0.08250949    0.00000000    0.01822330    0.13686255    0.13686255    0.12694917    0.15143795
T12            0.36255876    0.24955307    0.26976084    0.25768523    0.26351189    0.26351189    0.28531152    0.24722137    0.25335533    0.31639261    0.24316526    0.25190695    0.27053934    0.25261045    0.20142170    0.16497500    0.10786158    0.08919823    0.01822330    0.00000000    0.14396954    0.14396954    0.13398189    0.15611536
T5             0.32970535    0.22205686    0.24017243    0.22926139    0.23253293    0.23550808    0.26270071    0.20820887    0.22205686    0.26818623    0.22695075    0.22663559    0.24151237    0.22433563    0.16762515    0.13248063    0.11296744    0.13686255    0.13686255    0.14396954    0.00000000    0.00000000    0.02857399    0.04982996
T9             0.32970535    0.22205686    0.24017243    0.22926139    0.23253293    0.23550808    0.26270071    0.20820887    0.22205686    0.26818623    0.22695075    0.22663559    0.24151237    0.22433563    0.16762515    0.13248063    0.11296744    0.13686255    0.13686255    0.14396954    0.00000000    0.00000000    0.02857399    0.04982996
T20            0.32629200    0.22499701    0.24017243    0.22926139    0.23253293    0.23550808    0.26585532    0.20820887    0.22205686    0.25878227    0.21820826    0.21791884    0.23253293    0.21561854    0.15971675    0.12011869    0.10341095    0.12694917    0.12694917    0.13398189    0.02857399    0.02857399    0.00000000    0.04120550
T19            0.34616932    0.25374324    0.26938779    0.25804040    0.26151120    0.26151120    0.28989812    0.24224273    0.25065717    0.28573615    0.24651439    0.24617624    0.25532027    0.23782926    0.18284757    0.14442965    0.12242955    0.14635489    0.15143795    0.15611536    0.04982996    0.04982996    0.04120550    0.00000000

