24
T19            0.00000000    0.30396333    0.31515929    0.26889694    0.26686569    0.32835199    0.25827807    0.27166876    0.25930534    0.26962506    0.28797610    0.29834845    0.29498633    0.17094605    0.17094605    0.17094605    0.18430206    0.18155190    0.16052288    0.16876432    0.15485419    0.14749036    0.16660156    0.16929972
T8             0.30396333    0.00000000    0.07859841    0.23385577    0.22304234    0.32340779    0.23709838    0.23256062    0.21308211    0.22276774    0.23092832    0.45020087    0.44745835    0.34386962    0.34386962    0.33686318    0.35149797    0.34791927    0.32356320    0.33251519    0.36908375    0.35922056    0.37175865    0.37548437
T21            0.31515929    0.07859841    0.00000000    0.22538798    0.21989094    0.28716967    0.21135887    0.21568624    0.19945803    0.20878075    0.22250288    0.43984418    0.45669966    0.32787920    0.32787920    0.32104078    0.33530984    0.33181877    0.30804302    0.31016194    0.34201211    0.33251519    0.34436610    0.34791927
T10            0.26889694    0.23385577    0.22538798    0.00000000    0.12951442    0.22101374    0.14677445    0.15125689    0.13395737    0.15429431    0.16736043    0.37223359    0.37223359    0.28640808    0.28640808    0.28640808    0.29570565    0.29246429    0.27410554    0.29610099    0.29103984    0.28219112    0.30353808    0.30687729
T20            0.26686569    0.22304234    0.21989094    0.12951442    0.00000000    0.18256739    0.10329795    0.15140346    0.13905418    0.14711605    0.16536226    0.41086892    0.41885754    0.30734031    0.30734031    0.30066174    0.31023902    0.30687729    0.28797610    0.30398984    0.31179772    0.30266929    0.32097211    0.32443913
T17            0.32835199    0.32340779    0.28716967    0.22101374    0.18256739    0.00000000    0.13934077    0.22250288    0.21443650    0.23507189    0.25631674    0.48494913    0.49588984    0.37667801    0.37667801    0.36919831    0.38746499    0.38363910    0.36978741    0.36550014    0.36751199    0.35765008    0.40777277    0.41179968
T9             0.25827807    0.23709838    0.21135887    0.14677445    0.10329795    0.13934077    0.00000000    0.15850649    0.14355720    0.15189332    0.17291142    0.40429480    0.41222011    0.29494316    0.29494316    0.28839607    0.28557500    0.28882718    0.27039607    0.29165886    0.30598619    0.29692606    0.32551858    0.32903461
T11            0.27166876    0.23256062    0.21568624    0.15125689    0.15140346    0.22250288    0.15850649    0.00000000    0.01620830    0.06952451    0.08761406    0.37490814    0.38501605    0.29570565    0.29570565    0.28924389    0.29857368    0.29532179    0.27690012    0.29246429    0.28439445    0.27563210    0.30309789    0.30642591
T1             0.25930534    0.21308211    0.19945803    0.13395737    0.13905418    0.21443650    0.14355720    0.01620830    0.00000000    0.05413314    0.06952451    0.37490814    0.38501605    0.28852945    0.28852945    0.28219112    0.29137872    0.28818934    0.27004348    0.27905194    0.27815552    0.26947019    0.29650781    0.29979196
T4             0.26962506    0.22276774    0.20878075    0.15429431    0.14711605    0.23507189    0.15189332    0.06952451    0.05413314    0.00000000    0.04994775    0.36919831    0.37175865    0.28716967    0.28716967    0.28076995    0.29324516    0.29000374    0.26854903    0.28076995    0.28924389    0.28040409    0.31119959    0.31460738
T23            0.28797610    0.23092832    0.22250288    0.16736043    0.16536226    0.25631674    0.17291142    0.08761406    0.06952451    0.04994775    0.00000000    0.40237484    0.41291811    0.30598619    0.30598619    0.29937432    0.30555816    0.30225230    0.28678326    0.29610099    0.30473723    0.29570565    0.32739653    0.33090008
T12            0.29834845    0.45020087    0.43984418    0.37223359    0.41086892    0.48494913    0.40429480    0.37490814    0.37490814    0.36919831    0.40237484    0.00000000    0.04139804    0.30111385    0.30111385    0.29779680    0.31410959    0.31071345    0.28839607    0.28234391    0.28434675    0.27873396    0.28736731    0.29066265
T13            0.29498633    0.44745835    0.45669966    0.37223359    0.41885754    0.49588984    0.41222011    0.38501605    0.38501605    0.37175865    0.41291811    0.04139804    0.00000000    0.30111385    0.30111385    0.29779680    0.31752904    0.31410959    0.29165886    0.28882718    0.28756730    0.28515451    0.29397992    0.29731943
T5             0.17094605    0.34386962    0.32787920    0.28640808    0.30734031    0.37667801    0.29494316    0.29570565    0.28852945    0.28716967    0.30598619    0.30111385    0.30111385    0.00000000    0.00000000    0.01214685    0.04770899    0.04554399    0.03492791    0.09239891    0.18506006    0.17739294    0.18077840    0.18350591
T22            0.17094605    0.34386962    0.32787920    0.28640808    0.30734031    0.37667801    0.29494316    0.29570565    0.28852945    0.28716967    0.30598619    0.30111385    0.30111385    0.00000000    0.00000000    0.01214685    0.04770899    0.04554399    0.03492791    0.09239891    0.18506006    0.17739294    0.18077840    0.18350591
T16            0.17094605    0.33686318    0.32104078    0.28640808    0.30066174    0.36919831    0.28839607    0.28924389    0.28219112    0.28076995    0.29937432    0.29779680    0.29779680    0.01214685    0.01214685    0.00000000    0.04770899    0.04554399    0.03492791    0.09005585    0.18506006    0.17739294    0.18077840    0.18350591
T18            0.18430206    0.35149797    0.33530984    0.29570565    0.31023902    0.38746499    0.28557500    0.29857368    0.29137872    0.29324516    0.30555816    0.31410959    0.31752904    0.04770899    0.04770899    0.04770899    0.00000000    0.00200402    0.02871055    0.10653858    0.19028899    0.18256739    0.18874307    0.19150839
T14            0.18155190    0.34791927    0.33181877    0.29246429    0.30687729    0.38363910    0.28882718    0.29532179    0.28818934    0.29000374    0.30225230    0.31071345    0.31410959    0.04554399    0.04554399    0.04554399    0.00200402    0.00000000    0.02660494    0.10413334    0.18756164    0.17986952    0.18599301    0.18874307
T15            0.16052288    0.32356320    0.30804302    0.27410554    0.28797610    0.36978741    0.27039607    0.27690012    0.27004348    0.26854903    0.28678326    0.28839607    0.29165886    0.03492791    0.03492791    0.03492791    0.02871055    0.02660494    0.00000000    0.09252679    0.17451721    0.16696053    0.17291142    0.17560213
T7             0.16876432    0.33251519    0.31016194    0.29610099    0.30398984    0.36550014    0.29165886    0.29246429    0.27905194    0.28076995    0.29610099    0.28234391    0.28882718    0.09239891    0.09239891    0.09005585    0.10653858    0.10413334    0.09252679    0.00000000    0.18550875    0.17783275    0.19515168    0.19797185
T0             0.15485419    0.36908375    0.34201211    0.29103984    0.31179772    0.36751199    0.30598619    0.28439445    0.27815552    0.28924389    0.30473723    0.28434675    0.28756730    0.18506006    0.18506006    0.18506006    0.19028899    0.18756164    0.17451721    0.18550875    0.00000000    0.00602416    0.07841466    0.08069864
T3             0.14749036    0.35922056    0.33251519    0.28219112    0.30266929    0.35765008    0.29692606    0.27563210    0.26947019    0.28040409    0.29570565    0.27873396    0.28515451    0.17739294    0.17739294    0.17739294    0.18256739    0.17986952    0.16696053    0.17783275    0.00602416    0.00000000    0.07177754    0.07404080
T6             0.16660156    0.37175865    0.34436610    0.30353808    0.32097211    0.40777277    0.32551858    0.30309789    0.29650781    0.31119959    0.32739653    0.28736731    0.29397992    0.18077840    0.18077840    0.18077840    0.18874307    0.18599301    0.17291142    0.19515168    0.07841466    0.07177754    0.00000000    0.00200402
T2             0.16929972    0.37548437    0.34791927    0.30687729    0.32443913    0.41179968    0.32903461    0.30642591    0.29979196    0.31460738    0.33090008    0.29066265    0.29731943    0.18350591    0.18350591    0.18350591    0.19150839    0.18874307    0.17560213    0.19797185    0.08069864    0.07404080    0.00200402    0.00000000

