24
T21            0.00000000    0.33207520    0.31517838    0.33264765    0.33394923    0.36059231    0.36363326    0.33151498    0.32209270    0.33151498    0.35253570    0.41043710    0.36175441    0.35929684    0.33621629    0.37999556    0.34645355    0.36989730    0.35498133    0.35073310    0.22859800    0.21585472    0.22166108    0.22720346
T9             0.33207520    0.00000000    0.06744430    0.07614380    0.11512542    0.13950572    0.13714854    0.16942072    0.17515814    0.18826227    0.20245603    0.25116716    0.20444130    0.21297674    0.19710812    0.24375303    0.21498859    0.23158186    0.22266380    0.21070662    0.23543193    0.22787815    0.23015828    0.23949794
T3             0.31517838    0.06744430    0.00000000    0.06276782    0.10094802    0.12473076    0.11997149    0.15913286    0.14951178    0.17003049    0.19431086    0.23653964    0.19909002    0.20189506    0.18626826    0.22919272    0.20673257    0.22007078    0.21133519    0.19963502    0.20956142    0.20217096    0.20444130    0.20755301
T23            0.33264765    0.07614380    0.06276782    0.00000000    0.11481704    0.14409183    0.13421042    0.17681297    0.16737495    0.18802530    0.20444130    0.25025891    0.20929858    0.21213545    0.19630070    0.24041702    0.21705310    0.21011530    0.20727021    0.20417586    0.22859800    0.21526780    0.21758019    0.22656750
T4             0.33394923    0.11512542    0.10094802    0.11481704    0.00000000    0.04751184    0.14368414    0.18410914    0.17415762    0.19260870    0.20904518    0.26119000    0.21114664    0.21965701    0.20367289    0.24815001    0.21940943    0.23213868    0.22335260    0.21162197    0.23920678    0.22859800    0.22514827    0.24009930
T16            0.36059231    0.13950572    0.12473076    0.14409183    0.04751184    0.00000000    0.17169184    0.21731183    0.20137089    0.22656750    0.24410001    0.29901424    0.24609752    0.25216891    0.23842216    0.28562184    0.25487889    0.26892104    0.25946754    0.24677955    0.26342199    0.25252348    0.24878902    0.26453844
T11            0.36363326    0.13714854    0.11997149    0.13421042    0.14368414    0.17169184    0.00000000    0.21137952    0.19240201    0.21758019    0.22889045    0.27316770    0.23682832    0.25182465    0.22919272    0.27243474    0.25085398    0.25597109    0.24677955    0.23152655    0.25692504    0.24609752    0.24246630    0.25795200
T14            0.33151498    0.16942072    0.15913286    0.17681297    0.18410914    0.21731183    0.21137952    0.00000000    0.10826922    0.12500748    0.17832552    0.21965701    0.18529712    0.21327601    0.19180072    0.23510218    0.20727021    0.21133519    0.20275025    0.19076851    0.20904518    0.21585472    0.21814571    0.22720346
T2             0.32209270    0.17515814    0.14951178    0.16737495    0.17415762    0.20137089    0.19240201    0.10826922    0.00000000    0.06055956    0.16537785    0.21965701    0.18576492    0.19180072    0.17096376    0.21297674    0.18601216    0.18432320    0.17883627    0.17538444    0.19788814    0.19883124    0.20112266    0.20983367
T1             0.33151498    0.18826227    0.17003049    0.18802530    0.19260870    0.22656750    0.21758019    0.12500748    0.06055956    0.00000000    0.18653320    0.23653964    0.20189506    0.20755301    0.18626826    0.22919272    0.20162836    0.20275025    0.19710812    0.18802530    0.20065404    0.20673257    0.20904518    0.21785816
T22            0.35253570    0.20245603    0.19431086    0.20444130    0.20904518    0.24410001    0.22889045    0.17832552    0.16537785    0.18653320    0.00000000    0.09635310    0.05195043    0.15836638    0.13847523    0.18130494    0.15507086    0.15382465    0.14598247    0.14276354    0.24677955    0.24520132    0.24750218    0.25715625
T19            0.41043710    0.25116716    0.23653964    0.25025891    0.26119000    0.29901424    0.27316770    0.21965701    0.21965701    0.23653964    0.09635310    0.00000000    0.08061512    0.21268687    0.19126667    0.22568658    0.21187396    0.21585472    0.20444130    0.19580792    0.28966077    0.28478944    0.28721316    0.29740523
T0             0.36175441    0.20444130    0.19909002    0.20929858    0.21114664    0.24609752    0.23682832    0.18529712    0.18576492    0.20189506    0.05195043    0.08061512    0.00000000    0.16295389    0.14812644    0.18601216    0.17292796    0.17121839    0.16318688    0.14988402    0.24878902    0.24108263    0.24341614    0.24982458
T8             0.35929684    0.21297674    0.20189506    0.21213545    0.21965701    0.25216891    0.25182465    0.21327601    0.19180072    0.20755301    0.15836638    0.21268687    0.16295389    0.00000000    0.02029468    0.05395938    0.04753808    0.12515759    0.11779871    0.10804456    0.25559667    0.24178831    0.24410001    0.24750218
T6             0.33621629    0.19710812    0.18626826    0.19630070    0.20367289    0.23842216    0.22919272    0.19180072    0.17096376    0.18626826    0.13847523    0.19126667    0.14812644    0.02029468    0.00000000    0.03481423    0.02647118    0.10148069    0.09440061    0.08503153    0.23279024    0.23121144    0.23348103    0.23684955
T12            0.37999556    0.24375303    0.22919272    0.24041702    0.24815001    0.28562184    0.27243474    0.23510218    0.21297674    0.22919272    0.18130494    0.22568658    0.18601216    0.05395938    0.03481423    0.00000000    0.05822985    0.13684142    0.13434559    0.12437485    0.27243474    0.26453844    0.27004571    0.27360869
T7             0.34645355    0.21498859    0.20673257    0.21705310    0.21940943    0.25487889    0.25085398    0.20727021    0.18601216    0.20162836    0.15507086    0.21187396    0.17292796    0.04753808    0.02647118    0.05822985    0.00000000    0.12228395    0.11501486    0.10086401    0.25759919    0.25364886    0.25597109    0.26574989
T10            0.36989730    0.23158186    0.22007078    0.21011530    0.23213868    0.26892104    0.25597109    0.21133519    0.18432320    0.20275025    0.15382465    0.21585472    0.17121839    0.12515759    0.10148069    0.13684142    0.12228395    0.00000000    0.01833349    0.06492802    0.26219445    0.25757186    0.26617471    0.27624681
T13            0.35498133    0.22266380    0.21133519    0.20727021    0.22335260    0.25946754    0.24677955    0.20275025    0.17883627    0.19710812    0.14598247    0.20444130    0.16318688    0.11779871    0.09440061    0.13434559    0.11501486    0.01833349    0.00000000    0.05831788    0.25597109    0.24826525    0.25675090    0.26661002
T5             0.35073310    0.21070662    0.19963502    0.20417586    0.21162197    0.24677955    0.23152655    0.19076851    0.17538444    0.18802530    0.14276354    0.19580792    0.14988402    0.10804456    0.08503153    0.12437485    0.10086401    0.06492802    0.05831788    0.00000000    0.23447243    0.23577156    0.23808342    0.24750218
T20            0.22859800    0.23543193    0.20956142    0.22859800    0.23920678    0.26342199    0.25692504    0.20904518    0.19788814    0.20065404    0.24677955    0.28966077    0.24878902    0.25559667    0.23279024    0.27243474    0.25759919    0.26219445    0.25597109    0.23447243    0.00000000    0.04120379    0.04765715    0.05413453
T17            0.21585472    0.22787815    0.20217096    0.21526780    0.22859800    0.25252348    0.24609752    0.21585472    0.19883124    0.20673257    0.24520132    0.28478944    0.24108263    0.24178831    0.23121144    0.26453844    0.25364886    0.25757186    0.24826525    0.23577156    0.04120379    0.00000000    0.01620846    0.02238979
T18            0.22166108    0.23015828    0.20444130    0.21758019    0.22514827    0.24878902    0.24246630    0.21814571    0.20112266    0.20904518    0.24750218    0.28721316    0.24341614    0.24410001    0.23348103    0.27004571    0.25597109    0.26617471    0.25675090    0.23808342    0.04765715    0.01620846    0.00000000    0.02238979
T15            0.22720346    0.23949794    0.20755301    0.22656750    0.24009930    0.26453844    0.25795200    0.22720346    0.20983367    0.21785816    0.25715625    0.29740523    0.24982458    0.24750218    0.23684955    0.27360869    0.26574989    0.27624681    0.26661002    0.24750218    0.05413453    0.02238979    0.02238979    0.00000000

