24
T23            0.00000000    0.35624827    0.32348757    0.32298800    0.32399923    0.24644350    0.23544139    0.20591497    0.21939996    0.21973531    0.22135425    0.22721244    0.24640486    0.24908083    0.28660080    0.27903929    0.27533913    0.27302856    0.24599741    0.24788992    0.23878095    0.24559995    0.25020124    0.21328390
T21            0.35624827    0.00000000    0.10340090    0.10804610    0.10588260    0.37059579    0.33098725    0.30118234    0.30316338    0.29698891    0.33696428    0.32992708    0.31418571    0.31710797    0.38388346    0.34548568    0.33891039    0.34713496    0.33343324    0.32004204    0.31662020    0.32801700    0.32594597    0.34906731
T13            0.32348757    0.10340090    0.00000000    0.00401107    0.01006773    0.34299068    0.30895258    0.28762557    0.28646180    0.29656902    0.32250056    0.32250056    0.27450065    0.27729453    0.33891039    0.32407045    0.31772446    0.31861529    0.31568047    0.29863216    0.29537828    0.29943599    0.29464217    0.31394485
T19            0.32298800    0.10804610    0.00401107    0.00000000    0.01413395    0.34245382    0.31522855    0.29371341    0.29252035    0.30273309    0.32891605    0.32891605    0.28045555    0.28327042    0.34548568    0.33047526    0.32407045    0.32498370    0.32202524    0.30479822    0.30151216    0.30562244    0.29751364    0.31354105
T17            0.32399923    0.10588260    0.01006773    0.01413395    0.00000000    0.34713496    0.31275750    0.28803596    0.29006089    0.30028611    0.32644545    0.32644545    0.28440305    0.28722640    0.34657243    0.33489292    0.32498370    0.32594597    0.32298800    0.30562244    0.30231444    0.30649363    0.30151216    0.31772446
T0             0.24644350    0.37059579    0.34299068    0.34245382    0.34713496    0.00000000    0.07631849    0.16494417    0.18032844    0.18601796    0.18601796    0.18553197    0.20591497    0.20846507    0.25176674    0.23649071    0.24446763    0.24216690    0.21815348    0.21328390    0.20472301    0.21391108    0.20700356    0.27839919
T10            0.23544139    0.33098725    0.30895258    0.31522855    0.31275750    0.07631849    0.00000000    0.14220688    0.15190804    0.15988965    0.15988965    0.16211002    0.18432957    0.18681338    0.22935372    0.21749637    0.21586267    0.21359280    0.19077421    0.19431743    0.18601796    0.19208789    0.18826792    0.25388999
T5             0.20591497    0.30118234    0.28762557    0.29371341    0.28803596    0.16494417    0.14220688    0.00000000    0.06296870    0.06528741    0.11524559    0.11985102    0.14276714    0.14513262    0.17858223    0.18627426    0.17025577    0.17341454    0.14440795    0.14969733    0.14203630    0.14750612    0.14424719    0.20648420
T14            0.21939996    0.30316338    0.28646180    0.29252035    0.29006089    0.18032844    0.15190804    0.06296870    0.00000000    0.06505136    0.11997350    0.12705921    0.15507493    0.15747815    0.19711496    0.19431743    0.17494523    0.17538950    0.14901841    0.16211002    0.15430916    0.15988965    0.15141640    0.21941614
T3             0.21973531    0.29698891    0.29656902    0.30273309    0.30028611    0.18601796    0.15988965    0.06528741    0.06505136    0.00000000    0.12966319    0.13186456    0.15267992    0.15507493    0.18903306    0.19683654    0.17785463    0.18105211    0.14662869    0.16494417    0.15708159    0.16273378    0.15931202    0.21681067
T12            0.22135425    0.33696428    0.32250056    0.32891605    0.32644545    0.18601796    0.15988965    0.11524559    0.11997350    0.12966319    0.00000000    0.06067683    0.11418963    0.11646818    0.15647151    0.15334522    0.14238556    0.14533407    0.12500985    0.12583876    0.11840586    0.11875418    0.12054111    0.21681067
T6             0.22721244    0.32992708    0.32250056    0.32891605    0.32644545    0.18553197    0.16211002    0.11985102    0.12705921    0.13186456    0.06067683    0.00000000    0.10686578    0.10912640    0.14858729    0.14296999    0.13731715    0.14021339    0.12010377    0.11351156    0.10625920    0.11139439    0.10839473    0.23654788
T15            0.24640486    0.31418571    0.27450065    0.28045555    0.28440305    0.20591497    0.18432957    0.14276714    0.15507493    0.15267992    0.11418963    0.10686578    0.00000000    0.00200301    0.06558502    0.06763323    0.10429137    0.09980072    0.08320327    0.06547902    0.06323066    0.06343919    0.06528741    0.23214754
T8             0.24908083    0.31710797    0.27729453    0.28327042    0.28722640    0.20846507    0.18681338    0.14513262    0.15747815    0.15507493    0.11646818    0.10912640    0.00200301    0.00000000    0.06773758    0.06979424    0.10654765    0.10204241    0.08540776    0.06763323    0.06537981    0.06558502    0.06744508    0.23479127
T1             0.28660080    0.38388346    0.33891039    0.34548568    0.34657243    0.25176674    0.22935372    0.17858223    0.19711496    0.18903306    0.15647151    0.14858729    0.06558502    0.06773758    0.00000000    0.11893970    0.14061386    0.13338436    0.11336087    0.10444825    0.10204241    0.10236645    0.09936490    0.25524348
T9             0.27903929    0.34548568    0.32407045    0.33047526    0.33489292    0.23649071    0.21749637    0.18627426    0.19431743    0.19683654    0.15334522    0.14296999    0.06763323    0.06979424    0.11893970    0.00000000    0.14276714    0.13299139    0.12531810    0.09699351    0.09936490    0.10444825    0.10386504    0.27560801
T4             0.27533913    0.33891039    0.31772446    0.32407045    0.32498370    0.24446763    0.21586267    0.17025577    0.17494523    0.17785463    0.14238556    0.13731715    0.10429137    0.10654765    0.14061386    0.14276714    0.00000000    0.03294979    0.06313654    0.10161130    0.09451401    0.09950287    0.09664064    0.26209223
T11            0.27302856    0.34713496    0.31861529    0.32498370    0.32594597    0.24216690    0.21359280    0.17341454    0.17538950    0.18105211    0.14533407    0.14021339    0.09980072    0.10204241    0.13338436    0.13299139    0.03294979    0.00000000    0.05885498    0.09712579    0.09006191    0.09503503    0.09217056    0.25966801
T7             0.24599741    0.33343324    0.31568047    0.32202524    0.32298800    0.21815348    0.19077421    0.14440795    0.14901841    0.14662869    0.12500985    0.12010377    0.08320327    0.08540776    0.11336087    0.12531810    0.06313654    0.05885498    0.00000000    0.08070281    0.07388109    0.07860285    0.07599909    0.24189239
T18            0.24788992    0.32004204    0.29863216    0.30479822    0.30562244    0.21328390    0.19431743    0.14969733    0.16211002    0.16494417    0.12583876    0.11351156    0.06547902    0.06763323    0.10444825    0.09699351    0.10161130    0.09712579    0.08070281    0.00000000    0.00603646    0.02660563    0.03701402    0.23921508
T16            0.23878095    0.31662020    0.29537828    0.30151216    0.30231444    0.20472301    0.18601796    0.14203630    0.15430916    0.15708159    0.11840586    0.10625920    0.06323066    0.06537981    0.10204241    0.09936490    0.09451401    0.09006191    0.07388109    0.00603646    0.00000000    0.02034132    0.03067011    0.23042877
T22            0.24559995    0.32801700    0.29943599    0.30562244    0.30649363    0.21391108    0.19208789    0.14750612    0.15988965    0.16273378    0.11875418    0.11139439    0.06343919    0.06558502    0.10236645    0.10444825    0.09950287    0.09503503    0.07860285    0.02660563    0.02034132    0.00000000    0.03497360    0.21941614
T20            0.25020124    0.32594597    0.29464217    0.29751364    0.30151216    0.20700356    0.18826792    0.14424719    0.15141640    0.15931202    0.12054111    0.10839473    0.06528741    0.06744508    0.09936490    0.10386504    0.09664064    0.09217056    0.07599909    0.03701402    0.03067011    0.03497360    0.00000000    0.23334034
T2             0.21328390    0.34906731    0.31394485    0.31354105    0.31772446    0.27839919    0.25388999    0.20648420    0.21941614    0.21681067    0.21681067    0.23654788    0.23214754    0.23479127    0.25524348    0.27560801    0.26209223    0.25966801    0.24189239    0.23921508    0.23042877    0.21941614    0.23334034    0.00000000

