24
T23            0.00000000    0.47139285    0.46572527    0.46151153    0.48009931    0.47287698    0.48148640    0.49762176    0.51037553    0.47365140    0.47365140    0.48412404    0.48608200    0.47724258    0.50247691    0.48085134    0.49258122    0.49178479    0.44977400    0.49715667    0.51041298    0.43713758    0.43713758    0.54336804
T21            0.47139285    0.00000000    0.02034104    0.03914594    0.06721246    0.04120328    0.04120328    0.10587711    0.11536496    0.18599811    0.18599811    0.20725311    0.19402513    0.18901166    0.19681388    0.19376431    0.19099881    0.19351252    0.21113179    0.23864358    0.23918664    0.16452591    0.16452591    0.23445144
T17            0.46572527    0.02034104    0.00000000    0.02236516    0.06289299    0.03701333    0.03701333    0.09899011    0.10838854    0.17831228    0.17831228    0.19934180    0.18351099    0.17315170    0.18351099    0.17783720    0.17514633    0.17761273    0.19219276    0.22177242    0.22802438    0.15967505    0.15967505    0.21756251
T7             0.46151153    0.03914594    0.02236516    0.00000000    0.08290220    0.05626839    0.05626839    0.12009655    0.12980134    0.19709156    0.19709156    0.21872944    0.19961833    0.19457375    0.20527504    0.19934180    0.19654525    0.19907438    0.20832764    0.23864358    0.23918664    0.17514633    0.17514633    0.23507992
T2             0.48009931    0.06721246    0.06289299    0.08290220    0.00000000    0.03701333    0.03701333    0.12009655    0.12980134    0.19934180    0.19934180    0.21238904    0.21038793    0.20243865    0.21388239    0.20725311    0.20442486    0.20698016    0.22250899    0.25295421    0.25354536    0.18551345    0.18551345    0.24876517
T14            0.47287698    0.04120328    0.03701333    0.05626839    0.03701333    0.00000000    0.00806493    0.09196078    0.10124162    0.17291583    0.17291583    0.18279325    0.18351099    0.17315170    0.18351099    0.17783720    0.17514633    0.17761273    0.19533864    0.22177242    0.22513066    0.15447573    0.15447573    0.21756251
T18            0.48148640    0.04120328    0.03701333    0.05626839    0.03701333    0.00806493    0.00000000    0.09663596    0.10599482    0.17831228    0.17831228    0.18824858    0.18901166    0.17856285    0.18901166    0.18326293    0.18054268    0.18302367    0.20086940    0.22750978    0.23093500    0.15967505    0.15967505    0.22333347
T16            0.49762176    0.10587711    0.09899011    0.12009655    0.12009655    0.09196078    0.09663596    0.00000000    0.02650552    0.19934180    0.19934180    0.20725311    0.21038793    0.21388239    0.22490104    0.21645901    0.21645901    0.22132577    0.22776212    0.24995619    0.24753105    0.18599811    0.18599811    0.24574880
T1             0.51037553    0.11536496    0.10838854    0.12980134    0.12980134    0.10124162    0.10599482    0.02650552    0.00000000    0.20243865    0.20243865    0.22072541    0.22229799    0.23118682    0.23645541    0.23609678    0.23310733    0.23874638    0.24512933    0.26789443    0.26545777    0.20187877    0.20187877    0.26375579
T15            0.47365140    0.18599811    0.17831228    0.19709156    0.19934180    0.17291583    0.17831228    0.19934180    0.20243865    0.00000000    0.00401207    0.14769311    0.16418867    0.17445916    0.17663105    0.17908993    0.17636210    0.17339613    0.15637828    0.18948016    0.20365797    0.15027938    0.15027938    0.21325692
T13            0.47365140    0.18599811    0.17831228    0.19709156    0.19934180    0.17291583    0.17831228    0.19934180    0.20243865    0.00401207    0.00000000    0.14987508    0.16903299    0.17445916    0.17663105    0.17908993    0.17636210    0.17339613    0.15637828    0.18948016    0.20365797    0.15027938    0.15027938    0.21325692
T6             0.48412404    0.20725311    0.19934180    0.21872944    0.21238904    0.18279325    0.18824858    0.20725311    0.22072541    0.14769311    0.14987508    0.00000000    0.17936640    0.20399786    0.19829227    0.19295777    0.19015315    0.19206484    0.20064020    0.21395183    0.23121571    0.16294257    0.16294257    0.20981642
T0             0.48608200    0.19402513    0.18351099    0.19961833    0.21038793    0.18351099    0.18901166    0.21038793    0.22229799    0.16418867    0.16903299    0.17936640    0.00000000    0.17534538    0.17748909    0.17719456    0.17445916    0.17146762    0.17225993    0.20161259    0.21872944    0.13766153    0.13766153    0.19990395
T11            0.47724258    0.18901166    0.17315170    0.19457375    0.20243865    0.17315170    0.17856285    0.21388239    0.23118682    0.17445916    0.17445916    0.20399786    0.17534538    0.00000000    0.05433550    0.05206783    0.04988380    0.04765636    0.12009655    0.13669391    0.15485763    0.11350381    0.11350381    0.17023937
T22            0.50247691    0.19681388    0.18351099    0.20527504    0.21388239    0.18351099    0.18901166    0.22490104    0.23645541    0.17663105    0.17663105    0.19829227    0.17748909    0.05433550    0.00000000    0.02866674    0.02656555    0.02648507    0.12995569    0.14677710    0.16008432    0.11079381    0.11079381    0.15929942
T4             0.48085134    0.19376431    0.17783720    0.19934180    0.20725311    0.17783720    0.18326293    0.21645901    0.23609678    0.17908993    0.17908993    0.19295777    0.17719456    0.05206783    0.02866674    0.00000000    0.01007288    0.02439616    0.12980134    0.14661850    0.15466252    0.10612004    0.10612004    0.16172385
T12            0.49258122    0.19099881    0.17514633    0.19654525    0.20442486    0.17514633    0.18054268    0.21645901    0.23310733    0.17636210    0.17636210    0.19015315    0.17445916    0.04988380    0.02656555    0.01007288    0.00000000    0.02232991    0.12732440    0.14408499    0.15726219    0.10373204    0.10373204    0.15653821
T10            0.49178479    0.19351252    0.17761273    0.19907438    0.20698016    0.17761273    0.18302367    0.22132577    0.23874638    0.17339613    0.17339613    0.19206484    0.17146762    0.04765636    0.02648507    0.02439616    0.02232991    0.00000000    0.12448081    0.14117648    0.15412719    0.10576692    0.10576692    0.15895764
T5             0.44977400    0.21113179    0.19219276    0.20832764    0.22250899    0.19533864    0.20086940    0.22776212    0.24512933    0.15637828    0.15637828    0.20064020    0.17225993    0.12009655    0.12995569    0.12980134    0.12732440    0.12448081    0.00000000    0.05607716    0.07387852    0.11935144    0.11935144    0.17862342
T9             0.49715667    0.23864358    0.22177242    0.23864358    0.25295421    0.22177242    0.22750978    0.24995619    0.26789443    0.18948016    0.18948016    0.21395183    0.20161259    0.13669391    0.14677710    0.14661850    0.14408499    0.14117648    0.05607716    0.00000000    0.06945036    0.14086325    0.14086325    0.18614478
T3             0.51041298    0.23918664    0.22802438    0.23918664    0.25354536    0.22513066    0.23093500    0.24753105    0.26545777    0.20365797    0.20365797    0.23121571    0.21872944    0.15485763    0.16008432    0.15466252    0.15726219    0.15412719    0.07387852    0.06945036    0.00000000    0.14606700    0.14606700    0.20513447
T19            0.43713758    0.16452591    0.15967505    0.17514633    0.18551345    0.15447573    0.15967505    0.18599811    0.20187877    0.15027938    0.15027938    0.16294257    0.13766153    0.11350381    0.11079381    0.10612004    0.10373204    0.10576692    0.11935144    0.14086325    0.14606700    0.00000000    0.00000000    0.11307560
T8             0.43713758    0.16452591    0.15967505    0.17514633    0.18551345    0.15447573    0.15967505    0.18599811    0.20187877    0.15027938    0.15027938    0.16294257    0.13766153    0.11350381    0.11079381    0.10612004    0.10373204    0.10576692    0.11935144    0.14086325    0.14606700    0.00000000    0.00000000    0.11307560
T20            0.54336804    0.23445144    0.21756251    0.23507992    0.24876517    0.21756251    0.22333347    0.24574880    0.26375579    0.21325692    0.21325692    0.20981642    0.19990395    0.17023937    0.15929942    0.16172385    0.15653821    0.15895764    0.17862342    0.18614478    0.20513447    0.11307560    0.11307560    0.00000000

