24
T5             0.00000000    0.27808966    0.27003550    0.26341279    0.26103475    0.27082957    0.27042719    0.28740615    0.29259219    0.29410731    0.29696214    0.26532483    0.27124263    0.27124263    0.27124263    0.27166635    0.26573885    0.35071408    0.35102621    0.37358928    0.27042719    0.30021555    0.29971671    0.30308006
T18            0.27808966    0.00000000    0.12352599    0.12122636    0.09964455    0.10669892    0.10866123    0.13126093    0.12814810    0.12038333    0.12269056    0.12391384    0.11874900    0.11874900    0.10896099    0.11366540    0.11107841    0.24444823    0.25759038    0.27210070    0.17391970    0.19930005    0.19895927    0.21343421
T16            0.27003550    0.12352599    0.00000000    0.02866699    0.03280932    0.07169954    0.10576937    0.12053662    0.12254668    0.12472900    0.12705525    0.11335691    0.10599752    0.10599752    0.09888413    0.10135793    0.09888413    0.25759038    0.25569606    0.28886339    0.18875798    0.22933390    0.22300885    0.23195277
T9             0.26341279    0.12122636    0.02866699    0.00000000    0.03284956    0.06728326    0.10113751    0.11579180    0.12023776    0.11996984    0.12228230    0.10866123    0.10135793    0.10135793    0.09429492    0.09674825    0.09429492    0.26103475    0.25296866    0.29922920    0.18626322    0.23883153    0.23234220    0.24147768
T7             0.26103475    0.09964455    0.03280932    0.03284956    0.00000000    0.04545483    0.07368782    0.08751439    0.09187094    0.09170954    0.09395045    0.08070103    0.07380867    0.07380867    0.06709473    0.07387972    0.07156062    0.23446528    0.23572818    0.26140739    0.15988207    0.20401102    0.19799047    0.21233975
T4             0.27082957    0.10669892    0.07169954    0.06728326    0.04545483    0.00000000    0.08281900    0.09699051    0.10135793    0.09644008    0.09868983    0.08772698    0.07841687    0.07841687    0.07614313    0.08309483    0.08070103    0.24374473    0.23892303    0.25794290    0.17561504    0.21233975    0.20622074    0.22077964
T23            0.27042719    0.10866123    0.10576937    0.10113751    0.07368782    0.08281900    0.00000000    0.04776954    0.04545483    0.08955498    0.09178655    0.09910816    0.08964130    0.08964130    0.07819404    0.09419771    0.08733070    0.24946049    0.26272212    0.27003550    0.18352010    0.22300885    0.21679861    0.23157298
T10            0.28740615    0.13126093    0.12053662    0.11579180    0.08751439    0.09699051    0.04776954    0.00000000    0.05646571    0.10625572    0.10852256    0.10686146    0.10639603    0.10639603    0.09923125    0.11350738    0.10639603    0.26807195    0.27280498    0.27957781    0.19179524    0.23577707    0.22933390    0.24456047
T1             0.29259219    0.12814810    0.12254668    0.12023776    0.09187094    0.10135793    0.04545483    0.05646571    0.00000000    0.10826781    0.11054561    0.11093387    0.10599752    0.10599752    0.09653541    0.11066744    0.10361508    0.26377406    0.27101246    0.28886339    0.19935239    0.24679916    0.24025494    0.25571735
T22            0.29410731    0.12038333    0.12472900    0.11996984    0.09170954    0.09644008    0.08955498    0.10625572    0.10826781    0.00000000    0.00401106    0.11550169    0.10361508    0.10361508    0.09868983    0.10804331    0.10557147    0.27242477    0.27659346    0.26892482    0.20443566    0.23084235    0.22458239    0.23647169
T17            0.29696214    0.12269056    0.12705525    0.12228230    0.09395045    0.09868983    0.09178655    0.10852256    0.11054561    0.00401106    0.00000000    0.11779698    0.10587968    0.10587968    0.10094702    0.11032482    0.10784929    0.27520577    0.27940047    0.27169686    0.20699106    0.23347265    0.22719595    0.23912070
T12            0.26532483    0.12391384    0.11335691    0.10866123    0.08070103    0.08772698    0.09910816    0.10686146    0.11093387    0.11550169    0.11779698    0.00000000    0.05441717    0.05441717    0.06989507    0.10639603    0.10386178    0.27808966    0.27876579    0.28648602    0.20335936    0.23012321    0.22374321    0.23883153
T20            0.27124263    0.11874900    0.10599752    0.10135793    0.07380867    0.07841687    0.08964130    0.10639603    0.10599752    0.10361508    0.10587968    0.05441717    0.00000000    0.00000000    0.06528598    0.09439948    0.09196267    0.26807195    0.26892482    0.27003550    0.19179524    0.21199332    0.20590029    0.22041656
T19            0.27124263    0.11874900    0.10599752    0.10135793    0.07380867    0.07841687    0.08964130    0.10639603    0.10599752    0.10361508    0.10587968    0.05441717    0.00000000    0.00000000    0.06528598    0.09439948    0.09196267    0.26807195    0.26892482    0.27003550    0.19179524    0.21199332    0.20590029    0.22041656
T2             0.27124263    0.10896099    0.09888413    0.09429492    0.06709473    0.07614313    0.07819404    0.09923125    0.09653541    0.09868983    0.10094702    0.06989507    0.06528598    0.06528598    0.00000000    0.08973492    0.08733070    0.24946049    0.24514372    0.26377406    0.17807876    0.20622074    0.20021023    0.21455917
T15            0.27166635    0.11366540    0.10135793    0.09674825    0.07387972    0.08309483    0.09419771    0.11350738    0.11066744    0.10804331    0.11032482    0.10639603    0.09439948    0.09439948    0.08973492    0.00000000    0.01008427    0.25363900    0.24845650    0.28000020    0.18377724    0.20943663    0.20909867    0.21783361
T0             0.26573885    0.11107841    0.09888413    0.09429492    0.07156062    0.08070103    0.08733070    0.10639603    0.10361508    0.10557147    0.10784929    0.10386178    0.09196267    0.09196267    0.08733070    0.01008427    0.00000000    0.25634592    0.25115924    0.27319600    0.17807876    0.20909867    0.20876988    0.21747926
T14            0.35071408    0.24444823    0.25759038    0.26103475    0.23446528    0.24374473    0.24946049    0.26807195    0.26377406    0.27242477    0.27520577    0.27808966    0.26807195    0.26807195    0.24946049    0.25363900    0.25634592    0.00000000    0.08751439    0.33836360    0.25558734    0.29353383    0.29637594    0.30646627
T3             0.35102621    0.25759038    0.25569606    0.25296866    0.23572818    0.23892303    0.26272212    0.27280498    0.27101246    0.27659346    0.27940047    0.27876579    0.26892482    0.26892482    0.24514372    0.24845650    0.25115924    0.08751439    0.00000000    0.34696139    0.26581382    0.31075571    0.30691716    0.31707527
T11            0.37358928    0.27210070    0.28886339    0.29922920    0.26140739    0.25794290    0.27003550    0.27957781    0.28886339    0.26892482    0.27169686    0.28648602    0.27003550    0.27003550    0.26377406    0.28000020    0.27319600    0.33836360    0.34696139    0.00000000    0.16827514    0.21857027    0.21819728    0.22115209
T6             0.27042719    0.17391970    0.18875798    0.18626322    0.15988207    0.17561504    0.18352010    0.19179524    0.19935239    0.20443566    0.20699106    0.20335936    0.19179524    0.19179524    0.17807876    0.18377724    0.17807876    0.25558734    0.26581382    0.16827514    0.00000000    0.14199657    0.14434560    0.14695954
T21            0.30021555    0.19930005    0.22933390    0.23883153    0.20401102    0.21233975    0.22300885    0.23577707    0.24679916    0.23084235    0.23347265    0.23012321    0.21199332    0.21199332    0.20622074    0.20943663    0.20909867    0.29353383    0.31075571    0.21857027    0.14199657    0.00000000    0.01212524    0.01829884
T8             0.29971671    0.19895927    0.22300885    0.23234220    0.19799047    0.20622074    0.21679861    0.22933390    0.24025494    0.22458239    0.22719595    0.22374321    0.20590029    0.20590029    0.20021023    0.20909867    0.20876988    0.29637594    0.30691716    0.21819728    0.14434560    0.01212524    0.00000000    0.01010178
T13            0.30308006    0.21343421    0.23195277    0.24147768    0.21233975    0.22077964    0.23157298    0.24456047    0.25571735    0.23647169    0.23912070    0.23883153    0.22041656    0.22041656    0.21455917    0.21783361    0.21747926    0.30646627    0.31707527    0.22115209    0.14695954    0.01829884    0.01010178    0.00000000

