24
T16            0.00000000    0.28190028    0.28392776    0.26335751    0.25686700    0.26026774    0.29101142    0.28794108    0.30729841    0.27063518    0.28431397    0.26610785    0.25979857    0.26526080    0.25628664    0.30825687    0.15594039    0.16098556    0.12581811    0.18623316    0.14788699    0.15724882    0.12620178    0.15810379
T12            0.28190028    0.00000000    0.11320379    0.09462292    0.08982963    0.09227462    0.12447451    0.12979282    0.15947020    0.13642865    0.12692054    0.13713200    0.23473061    0.24303492    0.23442236    0.27552318    0.29815807    0.30760389    0.27001956    0.33850476    0.28124080    0.29552267    0.27757113    0.31468205
T2             0.28392776    0.11320379    0.00000000    0.06276499    0.06926630    0.06055703    0.09607133    0.14949209    0.16939703    0.15139612    0.14676680    0.13697520    0.24571700    0.25719699    0.23355724    0.28713672    0.31425701    0.31719278    0.28532209    0.34241355    0.30320568    0.31129051    0.27407802    0.32100008
T8             0.26335751    0.09462292    0.06276499    0.00000000    0.01824817    0.03073415    0.06704362    0.12964683    0.15669499    0.13184890    0.12731637    0.12761959    0.23802792    0.24940857    0.23177792    0.28879003    0.29606645    0.30552085    0.26786014    0.32268986    0.27967788    0.28436904    0.25686700    0.30594777
T20            0.25686700    0.08982963    0.06926630    0.01824817    0.00000000    0.03697643    0.07359316    0.12731637    0.15911263    0.13419700    0.12964683    0.12994669    0.23770088    0.24906523    0.22855173    0.28836000    0.29567214    0.30510562    0.26754555    0.32905719    0.27934631    0.28407415    0.25959941    0.30552085
T9             0.26026774    0.09227462    0.06055703    0.03073415    0.03697643    0.00000000    0.05395786    0.13212942    0.15411620    0.13407060    0.12950876    0.12979282    0.23504875    0.24637509    0.22884261    0.27910021    0.29606645    0.30552085    0.26786014    0.33290794    0.28283596    0.28436904    0.25992830    0.30683657
T1             0.29101142    0.12447451    0.09607133    0.06704362    0.07359316    0.05395786    0.00000000    0.15836754    0.19452384    0.16816200    0.15849943    0.15849943    0.26786014    0.27967788    0.26142314    0.32056425    0.32153199    0.33125085    0.29264308    0.35960555    0.30481073    0.31629158    0.29068500    0.33938094
T5             0.28794108    0.12979282    0.14949209    0.12964683    0.12731637    0.13212942    0.15836754    0.00000000    0.06938051    0.07606318    0.07177552    0.07195568    0.19830759    0.20900803    0.19532080    0.25481754    0.28318872    0.28601416    0.25020850    0.29323478    0.26113820    0.26588735    0.25686700    0.30181200
T17            0.30729841    0.15947020    0.16939703    0.15669499    0.15911263    0.15411620    0.19452384    0.06938051    0.00000000    0.10339139    0.09428864    0.09922301    0.22945372    0.24068895    0.23147841    0.27870154    0.30221629    0.30510562    0.28002059    0.31051746    0.29853999    0.29996569    0.27514554    0.33877590
T13            0.27063518    0.13642865    0.15139612    0.13184890    0.13419700    0.13407060    0.16816200    0.07606318    0.10339139    0.00000000    0.04770807    0.06296426    0.20531463    0.21047459    0.20236103    0.25351415    0.27251840    0.28153724    0.24574986    0.29264308    0.25711890    0.27101410    0.24965853    0.28751702
T10            0.28431397    0.12692054    0.14676680    0.12731637    0.12964683    0.12950876    0.15849943    0.07177552    0.09428864    0.04770807    0.00000000    0.05875939    0.21441975    0.22536956    0.21134345    0.26610785    0.28283596    0.29205967    0.25537497    0.29293307    0.26389724    0.27477676    0.25959941    0.29169878
T14            0.26610785    0.13713200    0.13697520    0.12761959    0.12994669    0.12979282    0.15849943    0.07195568    0.09922301    0.06296426    0.05875939    0.00000000    0.20084984    0.21441975    0.20062143    0.25753744    0.27095939    0.28002059    0.24398809    0.29354818    0.25237818    0.25759494    0.25111164    0.28037441
T0             0.25979857    0.23473061    0.24571700    0.23802792    0.23770088    0.23504875    0.26786014    0.19830759    0.22945372    0.20531463    0.21441975    0.20084984    0.00000000    0.01210958    0.06296426    0.11855783    0.26760638    0.27672112    0.24335994    0.28037441    0.25176553    0.26478003    0.23571464    0.27950978
T22            0.26526080    0.24303492    0.25719699    0.24940857    0.24906523    0.24637509    0.27967788    0.20900803    0.24068895    0.21047459    0.22536956    0.21441975    0.01210958    0.00000000    0.07177552    0.12315509    0.27313257    0.28230928    0.24873209    0.28601416    0.25111164    0.27342109    0.24102500    0.28511968
T6             0.25628664    0.23442236    0.23355724    0.23177792    0.22855173    0.22884261    0.26142314    0.19532080    0.23147841    0.20236103    0.21134345    0.20062143    0.06296426    0.07177552    0.00000000    0.09017434    0.25481754    0.26061770    0.23707667    0.27687245    0.24540322    0.25537497    0.23537677    0.27036417
T4             0.30825687    0.27552318    0.28713672    0.28879003    0.28836000    0.27910021    0.32056425    0.25481754    0.27870154    0.25351415    0.26610785    0.25753744    0.11855783    0.12315509    0.09017434    0.00000000    0.28997060    0.29688938    0.27129450    0.31972910    0.29933852    0.30320568    0.27910021    0.32438961
T15            0.15594039    0.29815807    0.31425701    0.29606645    0.29567214    0.29606645    0.32153199    0.28318872    0.30221629    0.27251840    0.28283596    0.27095939    0.26760638    0.27313257    0.25481754    0.28997060    0.00000000    0.01824817    0.03919243    0.17985769    0.14676680    0.15878897    0.12546516    0.15206429
T19            0.16098556    0.30760389    0.31719278    0.30552085    0.30510562    0.30552085    0.33125085    0.28601416    0.30510562    0.28153724    0.29205967    0.28002059    0.27672112    0.28230928    0.26061770    0.29688938    0.01824817    0.00000000    0.04559789    0.18776693    0.15171357    0.16381077    0.13278562    0.15484432
T7             0.12581811    0.27001956    0.28532209    0.26786014    0.26754555    0.26786014    0.29264308    0.25020850    0.28002059    0.24574986    0.25537497    0.24398809    0.24335994    0.24873209    0.23707667    0.27129450    0.03919243    0.04559789    0.00000000    0.15380230    0.12447451    0.13620414    0.10611395    0.13198517
T23            0.18623316    0.33850476    0.34241355    0.32268986    0.32905719    0.33290794    0.35960555    0.29323478    0.31051746    0.29264308    0.29293307    0.29354818    0.28037441    0.28601416    0.27687245    0.31972910    0.17985769    0.18776693    0.15380230    0.00000000    0.15380230    0.15824427    0.14170080    0.18255498
T3             0.14788699    0.28124080    0.30320568    0.27967788    0.27934631    0.28283596    0.30481073    0.26113820    0.29853999    0.25711890    0.26389724    0.25237818    0.25176553    0.25111164    0.24540322    0.29933852    0.14676680    0.15171357    0.12447451    0.15380230    0.00000000    0.07387602    0.13244174    0.14393234
T11            0.15724882    0.29552267    0.31129051    0.28436904    0.28407415    0.28436904    0.31629158    0.26588735    0.29996569    0.27101410    0.27477676    0.25759494    0.26478003    0.27342109    0.25537497    0.30320568    0.15878897    0.16381077    0.13620414    0.15824427    0.07387602    0.00000000    0.13918697    0.15849943
T18            0.12620178    0.27757113    0.27407802    0.25686700    0.25959941    0.25992830    0.29068500    0.25686700    0.27514554    0.24965853    0.25959941    0.25111164    0.23571464    0.24102500    0.23537677    0.27910021    0.12546516    0.13278562    0.10611395    0.14170080    0.13244174    0.13918697    0.00000000    0.12761959
T21            0.15810379    0.31468205    0.32100008    0.30594777    0.30552085    0.30683657    0.33938094    0.30181200    0.33877590    0.28751702    0.29169878    0.28037441    0.27950978    0.28511968    0.27036417    0.32438961    0.15206429    0.15484432    0.13198517    0.18255498    0.14393234    0.15849943    0.12761959    0.00000000

