24
T22            0.00000000    0.26650452    0.29123961    0.21068700    0.22264024    0.19737763    0.21356428    0.23013492    0.22718096    0.21583480    0.22632654    0.22196362    0.21388165    0.20366713    0.20334623    0.25092280    0.28603152    0.14730192    0.16802822    0.20442431    0.20725252    0.20725252    0.19709096    0.16583694
T0             0.26650452    0.00000000    0.21160566    0.14916473    0.16492885    0.15412694    0.16922484    0.20671600    0.20390381    0.20365750    0.19709096    0.19326932    0.19654471    0.19429438    0.19402459    0.23839756    0.26298091    0.27760994    0.29746936    0.34292928    0.34644522    0.34644522    0.32996694    0.29897915
T18            0.29123961    0.21160566    0.00000000    0.16366729    0.17966790    0.16642799    0.15850872    0.22917138    0.22333284    0.21497047    0.21295758    0.19787447    0.20390381    0.19051916    0.19303568    0.24909860    0.27164356    0.26822021    0.30556990    0.34644522    0.35099196    0.35099196    0.34388457    0.30226363
T23            0.21068700    0.14916473    0.16366729    0.00000000    0.05632707    0.08266970    0.09394875    0.14170979    0.14170979    0.12938565    0.12299731    0.11753783    0.12268663    0.11079365    0.11066438    0.17046757    0.18679084    0.21136373    0.22726692    0.27099423    0.26789366    0.26789366    0.25385593    0.22539378
T7             0.22264024    0.16492885    0.17966790    0.05632707    0.00000000    0.09429278    0.10576681    0.15726186    0.15466221    0.14202564    0.13825263    0.12995547    0.13531677    0.12352107    0.12333881    0.18211625    0.19327237    0.21497047    0.23386210    0.27518538    0.27835510    0.27835510    0.26101572    0.22333284
T14            0.19737763    0.15412694    0.16642799    0.08266970    0.09429278    0.00000000    0.06061327    0.13213778    0.12965470    0.11753783    0.10880386    0.10587698    0.11093049    0.10399318    0.10385883    0.15527229    0.17663049    0.19029312    0.21185711    0.25657922    0.25963239    0.25963239    0.23976963    0.20954416
T11            0.21356428    0.16922484    0.15850872    0.09394875    0.10576681    0.06061327    0.00000000    0.14677686    0.14423688    0.13185637    0.12299731    0.11996646    0.12515135    0.11807991    0.11793286    0.17046757    0.19457315    0.20902901    0.22829593    0.26789366    0.27411422    0.27411422    0.25689980    0.22595053
T3             0.23013492    0.20671600    0.22917138    0.14170979    0.15726186    0.13213778    0.14677686    0.00000000    0.00603642    0.03485800    0.14039710    0.13245103    0.14256021    0.12779213    0.13011768    0.18928321    0.19990333    0.21211805    0.23976963    0.28154512    0.27914414    0.27914414    0.26650452    0.22980399
T21            0.22718096    0.20390381    0.22333284    0.14170979    0.15466221    0.12965470    0.14423688    0.00603642    0.00000000    0.03274798    0.13785046    0.12995547    0.14001362    0.12037944    0.12268663    0.18103209    0.19151342    0.20928187    0.23680711    0.27835510    0.27595404    0.27595404    0.26339409    0.22685880
T2             0.21583480    0.20365750    0.21497047    0.12938565    0.14202564    0.11753783    0.13185637    0.03485800    0.03274798    0.00000000    0.12547433    0.12485953    0.12547433    0.10838839    0.11066438    0.17315124    0.17806994    0.19512443    0.22487630    0.26545696    0.26304392    0.26304392    0.25083054    0.21211805
T10            0.22632654    0.19709096    0.21295758    0.12299731    0.13825263    0.10880386    0.12299731    0.14039710    0.13785046    0.12547433    0.00000000    0.06753276    0.07228165    0.11683875    0.11664486    0.16687924    0.17719395    0.20415942    0.23445075    0.27278424    0.27595404    0.27595404    0.25179909    0.21524910
T13            0.22196362    0.19326932    0.19787447    0.11753783    0.12995547    0.10587698    0.11996646    0.13245103    0.12995547    0.12485953    0.06753276    0.00000000    0.03488979    0.11122673    0.11107485    0.16317470    0.17882155    0.20878559    0.23331343    0.25963239    0.26270438    0.26270438    0.25052845    0.22566726
T15            0.21388165    0.19654471    0.20390381    0.12268663    0.13531677    0.11093049    0.12515135    0.14256021    0.14001362    0.12547433    0.07228165    0.03488979    0.00000000    0.11190889    0.11172720    0.16903246    0.18488194    0.20646175    0.23386210    0.25354465    0.25052845    0.25052845    0.23918602    0.22043903
T16            0.20366713    0.19429438    0.19051916    0.11079365    0.12352107    0.10399318    0.11807991    0.12779213    0.12037944    0.10838839    0.11683875    0.11122673    0.11190889    0.00000000    0.01212519    0.11839694    0.15094643    0.20415942    0.22333284    0.25417766    0.25114303    0.25114303    0.23680711    0.21872874
T20            0.20334623    0.19402459    0.19303568    0.11066438    0.12333881    0.10385883    0.11793286    0.13011768    0.12268663    0.11066438    0.11664486    0.11107485    0.11172720    0.01212519    0.00000000    0.11823462    0.15332929    0.20390381    0.21729414    0.24782341    0.24782341    0.24782341    0.23066367    0.21842274
T9             0.25092280    0.23839756    0.24909860    0.17046757    0.18211625    0.15527229    0.17046757    0.18928321    0.18103209    0.17315124    0.16687924    0.16317470    0.16903246    0.11839694    0.11823462    0.00000000    0.21893531    0.25485239    0.27167766    0.29897915    0.29571619    0.29571619    0.29651901    0.27001493
T1             0.28603152    0.26298091    0.27164356    0.18679084    0.19327237    0.17663049    0.19457315    0.19990333    0.19151342    0.17806994    0.17719395    0.17882155    0.18488194    0.15094643    0.15332929    0.21893531    0.00000000    0.27676613    0.30400256    0.32934936    0.33284102    0.33284102    0.30978918    0.28277612
T19            0.14730192    0.27760994    0.26822021    0.21136373    0.21497047    0.19029312    0.20902901    0.21211805    0.20928187    0.19512443    0.20415942    0.20878559    0.20646175    0.20415942    0.20390381    0.25485239    0.27676613    0.00000000    0.09186906    0.11536480    0.11779348    0.11779348    0.11079365    0.08741711
T6             0.16802822    0.29746936    0.30556990    0.22726692    0.23386210    0.21185711    0.22829593    0.23976963    0.23680711    0.22487630    0.23445075    0.23331343    0.23386210    0.22333284    0.21729414    0.27167766    0.30400256    0.09186906    0.00000000    0.12204617    0.12448067    0.12448067    0.11766179    0.12009638
T4             0.20442431    0.34292928    0.34644522    0.27099423    0.27518538    0.25657922    0.26789366    0.28154512    0.27835510    0.26545696    0.27278424    0.25963239    0.25354465    0.25417766    0.24782341    0.29897915    0.32934936    0.11536480    0.12204617    0.00000000    0.01827040    0.01827040    0.06709385    0.14694368
T12            0.20725252    0.34644522    0.35099196    0.26789366    0.27835510    0.25963239    0.27411422    0.27914414    0.27595404    0.26304392    0.27595404    0.26270438    0.25052845    0.25114303    0.24782341    0.29571619    0.33284102    0.11779348    0.12448067    0.01827040    0.00000000    0.00000000    0.06932169    0.14694368
T8             0.20725252    0.34644522    0.35099196    0.26789366    0.27835510    0.25963239    0.27411422    0.27914414    0.27595404    0.26304392    0.27595404    0.26270438    0.25052845    0.25114303    0.24782341    0.29571619    0.33284102    0.11779348    0.12448067    0.01827040    0.00000000    0.00000000    0.06932169    0.14694368
T5             0.19709096    0.32996694    0.34388457    0.25385593    0.26101572    0.23976963    0.25689980    0.26650452    0.26339409    0.25083054    0.25179909    0.25052845    0.23918602    0.23680711    0.23066367    0.29651901    0.30978918    0.11079365    0.11766179    0.06709385    0.06932169    0.06932169    0.00000000    0.14001362
T17            0.16583694    0.29897915    0.30226363    0.22539378    0.22333284    0.20954416    0.22595053    0.22980399    0.22685880    0.21211805    0.21524910    0.22566726    0.22043903    0.21872874    0.21842274    0.27001493    0.28277612    0.08741711    0.12009638    0.14694368    0.14694368    0.14694368    0.14001362    0.00000000

