24
T20            0.00000000    0.44691136    0.45198917    0.48206514    0.48206514    0.48568133    0.48860661    0.48761374    0.41739655    0.44536333    0.43434171    0.43434171    0.27908088    0.31064226    0.28636915    0.30727238    0.23112927    0.24741812    0.22989389    0.21676485    0.22826562    0.19830338    0.25991964    0.20108248
T13            0.44691136    0.00000000    0.02656476    0.05859765    0.04343707    0.04565813    0.05009310    0.04798349    0.07195356    0.08099487    0.08771783    0.08771783    0.31760518    0.37529932    0.34784625    0.35056017    0.31355324    0.32235711    0.45896821    0.45547046    0.45980568    0.41610367    0.46085363    0.41349671
T23            0.45198917    0.02656476    0.00000000    0.04770745    0.03919183    0.03924539    0.04362559    0.04153198    0.08822475    0.09754630    0.10442724    0.10442724    0.33874930    0.39932979    0.36287152    0.37347425    0.33845302    0.34751451    0.48663866    0.48301915    0.48761374    0.44164251    0.48837245    0.43904953
T17            0.48206514    0.05859765    0.04770745    0.00000000    0.07186048    0.07195356    0.07662070    0.07444404    0.11381207    0.11855140    0.13063321    0.13063321    0.35502172    0.42552829    0.39120572    0.40659725    0.36346593    0.37280992    0.49959377    0.48663866    0.50536362    0.47132091    0.51074544    0.47322634
T3             0.48206514    0.04343707    0.03919183    0.07186048    0.00000000    0.02031433    0.03701241    0.03492704    0.09962973    0.11398372    0.12102133    0.12102133    0.34531841    0.40659725    0.37718851    0.37798793    0.33788605    0.34694642    0.49959377    0.49591335    0.49591335    0.45367146    0.50129543    0.45106498
T16            0.48568133    0.04565813    0.03924539    0.07195356    0.02031433    0.00000000    0.04133797    0.03924539    0.09978090    0.11416283    0.12120370    0.12120370    0.35556473    0.40987403    0.38035444    0.38893790    0.34809530    0.35727200    0.51283291    0.50908891    0.50908891    0.46594257    0.50973007    0.46332243
T10            0.48860661    0.05009310    0.04362559    0.07662070    0.03701241    0.04133797    0.00000000    0.00200302    0.10962773    0.11930159    0.13144784    0.13144784    0.36345445    0.42720419    0.39253279    0.38431807    0.35602267    0.36528262    0.50908891    0.50536362    0.51499624    0.47132091    0.48744760    0.45981182
T5             0.48761374    0.04798349    0.04153198    0.07444404    0.03492704    0.03924539    0.00200302    0.00000000    0.10737120    0.11701947    0.12913173    0.12913173    0.36035669    0.42385726    0.39321754    0.38114620    0.35296182    0.36218296    0.50536362    0.50165685    0.51124329    0.46777373    0.48381988    0.45631772
T18            0.41739655    0.07195356    0.08822475    0.11381207    0.09962973    0.09978090    0.10962773    0.10737120    0.00000000    0.05441224    0.06519557    0.06519557    0.30469369    0.34176895    0.33080166    0.34639102    0.29729709    0.30593045    0.43849653    0.42684574    0.43094935    0.39702234    0.45154210    0.38932129
T15            0.44536333    0.08099487    0.09754630    0.11855140    0.11398372    0.11416283    0.11930159    0.11701947    0.05441224    0.00000000    0.04776657    0.04776657    0.32098636    0.36656541    0.35502172    0.36405062    0.32038529    0.32579658    0.43925918    0.43169312    0.44426292    0.40418409    0.45929201    0.40418409
T9             0.43434171    0.08771783    0.10442724    0.13063321    0.12102133    0.12120370    0.13144784    0.12913173    0.06519557    0.04776657    0.00000000    0.00000000    0.32691865    0.38035444    0.35397495    0.37028684    0.32976503    0.33874930    0.44882088    0.43701894    0.44117370    0.40681891    0.46205873    0.40681891
T14            0.43434171    0.08771783    0.10442724    0.13063321    0.12102133    0.12120370    0.13144784    0.12913173    0.06519557    0.04776657    0.00000000    0.00000000    0.32691865    0.38035444    0.35397495    0.37028684    0.32976503    0.33874930    0.44882088    0.43701894    0.44117370    0.40681891    0.46205873    0.40681891
T4             0.27908088    0.31760518    0.33874930    0.35502172    0.34531841    0.35556473    0.36345445    0.36035669    0.30469369    0.32098636    0.32691865    0.32691865    0.00000000    0.09673904    0.07583298    0.11562851    0.17804392    0.18277008    0.28995842    0.26645291    0.26334520    0.23706848    0.32283824    0.25515402
T19            0.31064226    0.37529932    0.39932979    0.42552829    0.40659725    0.40987403    0.42720419    0.42385726    0.34176895    0.36656541    0.38035444    0.38035444    0.09673904    0.00000000    0.11294039    0.14550747    0.19651364    0.20694858    0.32628962    0.31503398    0.30150787    0.28313421    0.34809530    0.29390070
T0             0.28636915    0.34784625    0.36287152    0.39120572    0.37718851    0.38035444    0.39253279    0.39321754    0.33080166    0.35502172    0.35397495    0.35397495    0.07583298    0.11294039    0.00000000    0.12051993    0.18572436    0.19049615    0.30220355    0.28792234    0.28792234    0.26060435    0.33574216    0.26681985
T6             0.30727238    0.35056017    0.37347425    0.40659725    0.37798793    0.38893790    0.38431807    0.38114620    0.34639102    0.36405062    0.37028684    0.37028684    0.11562851    0.14550747    0.12051993    0.00000000    0.18924829    0.19399295    0.33433647    0.31264026    0.29911401    0.28729441    0.35173545    0.28402376
T2             0.23112927    0.31355324    0.33845302    0.36346593    0.33788605    0.34809530    0.35602267    0.35296182    0.29729709    0.32038529    0.32976503    0.32976503    0.17804392    0.19651364    0.18572436    0.18924829    0.00000000    0.03274779    0.25746793    0.24096974    0.23187234    0.22404358    0.29594272    0.23305896
T12            0.24741812    0.32235711    0.34751451    0.37280992    0.34694642    0.35727200    0.36528262    0.36218296    0.30593045    0.32579658    0.33874930    0.33874930    0.18277008    0.20694858    0.19049615    0.19399295    0.03274779    0.00000000    0.26483746    0.25125220    0.24207134    0.22224775    0.29674305    0.23713930
T11            0.22989389    0.45896821    0.48663866    0.49959377    0.49959377    0.51283291    0.50908891    0.50536362    0.43849653    0.43925918    0.44882088    0.44882088    0.28995842    0.32628962    0.30220355    0.33433647    0.25746793    0.26483746    0.00000000    0.04330764    0.05632491    0.07395288    0.20573709    0.15879043
T7             0.21676485    0.45547046    0.48301915    0.48663866    0.49591335    0.50908891    0.50536362    0.50165685    0.42684574    0.43169312    0.43701894    0.43701894    0.26645291    0.31503398    0.28792234    0.31264026    0.24096974    0.25125220    0.04330764    0.00000000    0.04139615    0.05867421    0.19027240    0.13918649
T22            0.22826562    0.45980568    0.48761374    0.50536362    0.49591335    0.50908891    0.51499624    0.51124329    0.43094935    0.44426292    0.44117370    0.44117370    0.26334520    0.30150787    0.28792234    0.29911401    0.23187234    0.24207134    0.05632491    0.04139615    0.00000000    0.06312928    0.19576946    0.15188169
T8             0.19830338    0.41610367    0.44164251    0.47132091    0.45367146    0.46594257    0.47132091    0.46777373    0.39702234    0.40418409    0.40681891    0.40681891    0.23706848    0.28313421    0.26060435    0.28729441    0.22404358    0.22224775    0.07395288    0.05867421    0.06312928    0.00000000    0.16676219    0.11983819
T21            0.25991964    0.46085363    0.48837245    0.51074544    0.50129543    0.50973007    0.48744760    0.48381988    0.45154210    0.45929201    0.46205873    0.46205873    0.32283824    0.34809530    0.33574216    0.35173545    0.29594272    0.29674305    0.20573709    0.19027240    0.19576946    0.16676219    0.00000000    0.11778431
T1             0.20108248    0.41349671    0.43904953    0.47322634    0.45106498    0.46332243    0.45981182    0.45631772    0.38932129    0.40418409    0.40681891    0.40681891    0.25515402    0.29390070    0.26681985    0.28402376    0.23305896    0.23713930    0.15879043    0.13918649    0.15188169    0.11983819    0.11778431    0.00000000

