24
T21            0.00000000    0.22592329    0.24303248    0.22041275    0.25992863    0.25992863    0.26445862    0.25481339    0.23707596    0.23837355    0.25566251    0.24993797    0.24722891    0.23383769    0.23974133    0.24840900    0.21674358    0.28217585    0.28217585    0.23383769    0.22621360    0.23208266    0.26959015    0.25245339
T11            0.22592329    0.00000000    0.04120285    0.07387628    0.11306837    0.11306837    0.11042452    0.10360698    0.07593437    0.15687132    0.16959072    0.16451221    0.16208192    0.15787228    0.14710621    0.15206307    0.19678536    0.28217585    0.27903869    0.21467855    0.19324959    0.19879284    0.23442058    0.22389747
T8             0.24303248    0.04120285    0.00000000    0.09205523    0.12994528    0.12994528    0.13212945    0.12514157    0.10113136    0.17224446    0.18526641    0.18007044    0.17759466    0.16534546    0.15966010    0.16470777    0.22192424    0.30722145    0.30393995    0.24335555    0.22389747    0.22976659    0.27035483    0.23870175
T19            0.22041275    0.07387628    0.09205523    0.00000000    0.09887759    0.09887759    0.10103351    0.09663124    0.07599551    0.14170231    0.14900080    0.14407794    0.14170231    0.14218373    0.12964722    0.13447456    0.18872248    0.26391212    0.26087978    0.21727223    0.19301817    0.19577446    0.24004533    0.21263966
T23            0.25992863    0.11306837    0.12994528    0.09887759    0.00000000    0.00401612    0.11523360    0.11320237    0.09663124    0.16137844    0.17149935    0.16642090    0.16397689    0.15446303    0.15155279    0.16171311    0.20695437    0.29744097    0.29422294    0.23916369    0.22855158    0.23442058    0.26267170    0.23504327
T9             0.25992863    0.11306837    0.12994528    0.09887759    0.00401612    0.00000000    0.11523360    0.11320237    0.09663124    0.16658894    0.17149935    0.16642090    0.16397689    0.15446303    0.15155279    0.16171311    0.20695437    0.29744097    0.29422294    0.23916369    0.22855158    0.23442058    0.26267170    0.23504327
T15            0.26445862    0.11042452    0.13212945    0.10103351    0.11523360    0.11523360    0.00000000    0.08053151    0.07380604    0.17759466    0.18300284    0.18052120    0.17804832    0.17558411    0.16800634    0.17312852    0.21610634    0.30470606    0.30142452    0.23147745    0.21236231    0.21809656    0.26097202    0.24474865
T22            0.25481339    0.10360698    0.12514157    0.09663124    0.11320237    0.11320237    0.08053151    0.00000000    0.07177502    0.17781712    0.18822696    0.18300284    0.18052120    0.17853681    0.15985879    0.15446303    0.21352817    0.29206558    0.28885784    0.23707596    0.22069586    0.22651364    0.26996714    0.23835669
T6             0.23707596    0.07593437    0.10113136    0.07599551    0.09663124    0.09663124    0.07380604    0.07177502    0.00000000    0.14915601    0.15911463    0.15411789    0.15171455    0.14710621    0.14201512    0.14693275    0.18847026    0.27282293    0.26974384    0.20019925    0.18195009    0.18734352    0.23091185    0.20388259
T17            0.23837355    0.15687132    0.17224446    0.14170231    0.16137844    0.16658894    0.17759466    0.17781712    0.14915601    0.00000000    0.11741791    0.11271222    0.11042452    0.11294199    0.11535817    0.12499304    0.19808008    0.27174111    0.26869961    0.22702512    0.22223585    0.21937705    0.25840165    0.21937705
T2             0.25566251    0.16959072    0.18526641    0.14900080    0.17149935    0.17149935    0.18300284    0.18822696    0.15911463    0.11741791    0.00000000    0.00401106    0.01415464    0.09652960    0.09634856    0.10566134    0.19491005    0.29239550    0.29239550    0.23478396    0.22990034    0.23279221    0.25840165    0.22800306
T14            0.24993797    0.16451221    0.18007044    0.14407794    0.16642090    0.16642090    0.18052120    0.18300284    0.15411789    0.11271222    0.00401106    0.00000000    0.01008413    0.09195719    0.09178314    0.10103351    0.18966002    0.28952377    0.28952377    0.22924743    0.22438767    0.22725464    0.25265750    0.22248844
T3             0.24722891    0.16208192    0.17759466    0.14170231    0.16397689    0.16397689    0.17804832    0.18052120    0.15171455    0.11042452    0.01415464    0.01008413    0.00000000    0.08972910    0.08955117    0.09877784    0.18714524    0.28044819    0.28044819    0.22092745    0.22176014    0.22461892    0.24993797    0.21987550
T16            0.23383769    0.15787228    0.16534546    0.14218373    0.15446303    0.15446303    0.17558411    0.17853681    0.14710621    0.11294199    0.09652960    0.09195719    0.08972910    0.00000000    0.08750826    0.09674026    0.19324959    0.29070192    0.28753496    0.22725464    0.22248844    0.21962141    0.24722891    0.21442154
T10            0.23974133    0.14710621    0.15966010    0.12964722    0.15155279    0.15155279    0.16800634    0.15985879    0.14201512    0.11535817    0.09634856    0.09178314    0.08955117    0.08750826    0.00000000    0.00805155    0.20439834    0.28500648    0.28185945    0.22199308    0.22592329    0.22302291    0.25382658    0.21727223
T5             0.24840900    0.15206307    0.16470777    0.13447456    0.16171311    0.16171311    0.17312852    0.15446303    0.14693275    0.12499304    0.10566134    0.10103351    0.09877784    0.09674026    0.00805155    0.00000000    0.21550678    0.28784847    0.28469151    0.23329482    0.23738116    0.23442058    0.26576044    0.22855158
T18            0.21674358    0.19678536    0.22192424    0.18872248    0.20695437    0.20695437    0.21610634    0.21352817    0.18847026    0.19808008    0.19491005    0.18966002    0.18714524    0.19324959    0.20439834    0.21550678    0.00000000    0.19301817    0.19301817    0.14967136    0.15092344    0.14572618    0.16269868    0.16900337
T12            0.28217585    0.28217585    0.30722145    0.26391212    0.29744097    0.29744097    0.30470606    0.29206558    0.27282293    0.27174111    0.29239550    0.28952377    0.28044819    0.29070192    0.28500648    0.28784847    0.19301817    0.00000000    0.00806481    0.16777591    0.16842763    0.16325773    0.18336705    0.22800306
T4             0.28217585    0.27903869    0.30393995    0.26087978    0.29422294    0.29422294    0.30142452    0.28885784    0.26974384    0.26869961    0.29239550    0.28952377    0.28044819    0.28753496    0.28185945    0.28469151    0.19301817    0.00806481    0.00000000    0.16777591    0.16842763    0.16325773    0.19134915    0.22800306
T13            0.23383769    0.21467855    0.24335555    0.21727223    0.23916369    0.23916369    0.23147745    0.23707596    0.20019925    0.22702512    0.23478396    0.22924743    0.22092745    0.22725464    0.22199308    0.23329482    0.14967136    0.16777591    0.16777591    0.00000000    0.04776691    0.04776691    0.10113136    0.19073378
T1             0.22621360    0.19324959    0.22389747    0.19301817    0.22855158    0.22855158    0.21236231    0.22069586    0.18195009    0.22223585    0.22990034    0.22438767    0.22176014    0.22248844    0.22592329    0.23738116    0.15092344    0.16842763    0.16842763    0.04776691    0.00000000    0.01626208    0.09239304    0.18898360
T7             0.23208266    0.19879284    0.22976659    0.19577446    0.23442058    0.23442058    0.21809656    0.22651364    0.18734352    0.21937705    0.23279221    0.22725464    0.22461892    0.21962141    0.22302291    0.23442058    0.14572618    0.16325773    0.16325773    0.04776691    0.01626208    0.00000000    0.08771891    0.18898360
T20            0.26959015    0.23442058    0.27035483    0.24004533    0.26267170    0.26267170    0.26097202    0.26996714    0.23091185    0.25840165    0.25840165    0.25265750    0.24993797    0.24722891    0.25382658    0.26576044    0.16269868    0.18336705    0.19134915    0.10113136    0.09239304    0.08771891    0.00000000    0.22192424
T0             0.25245339    0.22389747    0.23870175    0.21263966    0.23504327    0.23504327    0.24474865    0.23835669    0.20388259    0.21937705    0.22800306    0.22248844    0.21987550    0.21442154    0.21727223    0.22855158    0.16900337    0.22800306    0.22800306    0.19073378    0.18898360    0.18898360    0.22192424    0.00000000

