24
T3             0.00000000    0.28187848    0.28509615    0.23569467    0.23076908    0.25248432    0.25746374    0.25746374    0.23535897    0.26209610    0.25976909    0.27843198    0.28920009    0.23869043    0.32358874    0.29491194    0.29565973    0.28469064    0.26880939    0.27843198    0.24480202    0.26299616    0.26609403    0.25551082
T17            0.28187848    0.00000000    0.00200402    0.17431478    0.17223961    0.17244743    0.19027136    0.19027136    0.17678830    0.20317290    0.17185004    0.18463463    0.21726466    0.18233932    0.23503314    0.20993684    0.20751843    0.19435462    0.20019381    0.20853082    0.19095784    0.20718098    0.20171448    0.18628712
T0             0.28509615    0.00200402    0.00000000    0.17697532    0.17490729    0.17244743    0.19301222    0.19301222    0.17945594    0.20595961    0.17450352    0.18733837    0.22013138    0.18504309    0.23801101    0.21270799    0.21028960    0.19707302    0.20295737    0.21134105    0.19362535    0.20993684    0.20444025    0.18896183
T23            0.23569467    0.17431478    0.17697532    0.00000000    0.03289436    0.11091964    0.12022348    0.12022348    0.11511488    0.12484991    0.12267510    0.12499046    0.14422537    0.12499046    0.19511417    0.17102951    0.16610762    0.15395460    0.15428256    0.16734267    0.17166834    0.18548737    0.18548737    0.16432104
T13            0.23076908    0.17223961    0.17490729    0.03289436    0.00000000    0.11381123    0.12314847    0.12314847    0.11306625    0.12529499    0.12314847    0.12545892    0.16291584    0.12298296    0.19889247    0.17149541    0.16921058    0.15705067    0.17067568    0.16800080    0.17717118    0.19121983    0.19121983    0.16755353
T19            0.25248432    0.17244743    0.17244743    0.11091964    0.11381123    0.00000000    0.08550737    0.08550737    0.08760862    0.10146785    0.14057822    0.14550619    0.17067568    0.13783079    0.20428096    0.18733837    0.18233932    0.16958611    0.18675344    0.18952482    0.17166834    0.20158058    0.20158058    0.17044064
T2             0.25746374    0.19027136    0.19301222    0.12022348    0.12314847    0.08550737    0.00000000    0.00000000    0.09662976    0.11306625    0.14254133    0.14747357    0.17804245    0.13729184    0.21775878    0.19217903    0.18714034    0.18504309    0.18924627    0.17021414    0.17909434    0.20643449    0.20643449    0.17781151
T9             0.25746374    0.19027136    0.19301222    0.12022348    0.12314847    0.08550737    0.00000000    0.00000000    0.09662976    0.11306625    0.14254133    0.14747357    0.17804245    0.13729184    0.21775878    0.19217903    0.18714034    0.18504309    0.18924627    0.17021414    0.17909434    0.20643449    0.20643449    0.17781151
T8             0.23535897    0.17678830    0.17945594    0.11511488    0.11306625    0.08760862    0.09662976    0.09662976    0.00000000    0.10134776    0.14218024    0.13948581    0.17490729    0.13447180    0.20553204    0.18677157    0.18176196    0.17661015    0.19096921    0.19425847    0.17612923    0.20595961    0.20084537    0.17737585
T4             0.26209610    0.20317290    0.20595961    0.12484991    0.12529499    0.10146785    0.11306625    0.11306625    0.10134776    0.00000000    0.16511937    0.17021414    0.18028580    0.15705067    0.23186869    0.21111152    0.20830919    0.20061885    0.19096921    0.19930649    0.19490489    0.21493725    0.21263150    0.18548737
T10            0.25976909    0.17185004    0.17450352    0.12267510    0.12314847    0.14057822    0.14254133    0.14254133    0.14218024    0.16511937    0.00000000    0.04554263    0.12253280    0.10576127    0.20903277    0.19490489    0.18985142    0.18233932    0.17557827    0.18373409    0.16596595    0.18714034    0.18176196    0.16676150
T11            0.27843198    0.18463463    0.18733837    0.12499046    0.12545892    0.14550619    0.14747357    0.14747357    0.13948581    0.17021414    0.04554263    0.00000000    0.13227780    0.11042280    0.21159052    0.20019381    0.19510689    0.18483436    0.18572288    0.19958042    0.17892698    0.19785527    0.19237357    0.17717118
T1             0.28920009    0.21726466    0.22013138    0.14422537    0.16291584    0.17067568    0.17804245    0.17804245    0.17490729    0.18028580    0.12253280    0.13227780    0.00000000    0.13477853    0.24856181    0.22438101    0.21913581    0.21134105    0.21005939    0.22388819    0.20040166    0.22013138    0.22013138    0.19930649
T5             0.23869043    0.18233932    0.18504309    0.12499046    0.12298296    0.13783079    0.13729184    0.13729184    0.13447180    0.15705067    0.10576127    0.11042280    0.13477853    0.00000000    0.20870712    0.20295737    0.20061885    0.18754546    0.18622051    0.19453476    0.17396373    0.19553859    0.19553859    0.17223961
T15            0.32358874    0.23503314    0.23801101    0.19511417    0.19889247    0.20428096    0.21775878    0.21775878    0.20553204    0.23186869    0.20903277    0.21159052    0.24856181    0.20870712    0.00000000    0.16227448    0.15744232    0.14509974    0.22484847    0.22258498    0.24871915    0.26095950    0.26406707    0.23238994
T18            0.29491194    0.20993684    0.21270799    0.17102951    0.17149541    0.18733837    0.19217903    0.19217903    0.18677157    0.21111152    0.19490489    0.20019381    0.22438101    0.20295737    0.16227448    0.00000000    0.00401212    0.04325460    0.22175349    0.22563448    0.22010806    0.23706554    0.23706554    0.20702686
T21            0.29565973    0.20751843    0.21028960    0.16610762    0.16921058    0.18233932    0.18714034    0.18714034    0.18176196    0.20830919    0.18985142    0.19510689    0.21913581    0.20061885    0.15744232    0.00401212    0.00000000    0.03904293    0.21937010    0.22329615    0.21761674    0.23457436    0.23457436    0.20459656
T12            0.28469064    0.19435462    0.19707302    0.15395460    0.15705067    0.16958611    0.18504309    0.18504309    0.17661015    0.20061885    0.18233932    0.18483436    0.21134105    0.18754546    0.14509974    0.04325460    0.03904293    0.00000000    0.20876197    0.20694689    0.20977512    0.22092200    0.22092200    0.19418989
T22            0.26880939    0.20019381    0.20295737    0.15428256    0.17067568    0.18675344    0.18924627    0.18924627    0.19096921    0.19096921    0.17557827    0.18572288    0.21005939    0.18622051    0.22484847    0.22175349    0.21937010    0.20876197    0.00000000    0.10398255    0.17661015    0.19005684    0.18733837    0.17223961
T20            0.27843198    0.20853082    0.21134105    0.16734267    0.16800080    0.18952482    0.17021414    0.17021414    0.19425847    0.19930649    0.18373409    0.19958042    0.22388819    0.19453476    0.22258498    0.22563448    0.22329615    0.20694689    0.10398255    0.00000000    0.17102951    0.18463463    0.18695140    0.16658501
T7             0.24480202    0.19095784    0.19362535    0.17166834    0.17717118    0.17166834    0.17909434    0.17909434    0.17612923    0.19490489    0.16596595    0.17892698    0.20040166    0.17396373    0.24871915    0.22010806    0.21761674    0.20977512    0.17661015    0.17102951    0.00000000    0.05407826    0.05846473    0.04977379
T14            0.26299616    0.20718098    0.20993684    0.18548737    0.19121983    0.20158058    0.20643449    0.20643449    0.20595961    0.21493725    0.18714034    0.19785527    0.22013138    0.19553859    0.26095950    0.23706554    0.23457436    0.22092200    0.19005684    0.18463463    0.05407826    0.00000000    0.02444399    0.05852770
T6             0.26609403    0.20171448    0.20444025    0.18548737    0.19121983    0.20158058    0.20643449    0.20643449    0.20084537    0.21263150    0.18176196    0.19237357    0.22013138    0.19553859    0.26406707    0.23706554    0.23457436    0.22092200    0.18733837    0.18695140    0.05846473    0.02444399    0.00000000    0.06296290
T16            0.25551082    0.18628712    0.18896183    0.16432104    0.16755353    0.17044064    0.17781151    0.17781151    0.17737585    0.18548737    0.16676150    0.17717118    0.19930649    0.17223961    0.23238994    0.20702686    0.20459656    0.19418989    0.17223961    0.16658501    0.04977379    0.05852770    0.06296290    0.00000000

