24
T7             0.00000000    0.21654837    0.21654837    0.23092878    0.23385530    0.23890747    0.20575483    0.27377472    0.26174825    0.25962392    0.25995122    0.25267617    0.23547202    0.26450602    0.30687484    0.31682082    0.30184497    0.26450602    0.27238726    0.23571712    0.23571712    0.23066038    0.22177423    0.16875326
T15            0.21654837    0.00000000    0.00000000    0.06487684    0.06709456    0.12951505    0.09898794    0.18215282    0.17134297    0.18030250    0.18278567    0.16123105    0.14368117    0.21871573    0.25514161    0.27345358    0.25324081    0.21831452    0.23092878    0.16058739    0.16058739    0.17397605    0.16367026    0.28406899
T18            0.21654837    0.00000000    0.00000000    0.06487684    0.06709456    0.12951505    0.09898794    0.18215282    0.17134297    0.18030250    0.18278567    0.16123105    0.14368117    0.21871573    0.25514161    0.27345358    0.25324081    0.21831452    0.23092878    0.16058739    0.16058739    0.17397605    0.16367026    0.28406899
T16            0.23092878    0.06487684    0.06487684    0.00000000    0.00200402    0.14456108    0.10879840    0.19350291    0.18235485    0.18127579    0.18375361    0.16715412    0.14932656    0.21915642    0.26480932    0.28040296    0.25995122    0.22155070    0.24337646    0.17645330    0.17645330    0.19280744    0.18256581    0.29630944
T6             0.23385530    0.06709456    0.06709456    0.00200402    0.00000000    0.14711347    0.11122077    0.19627507    0.18505935    0.18401758    0.18650294    0.16980128    0.15189205    0.22200763    0.26480932    0.28358106    0.26303128    0.22440188    0.24639147    0.17910739    0.17910739    0.19555663    0.18527768    0.29964721
T1             0.23890747    0.12951505    0.12951505    0.14456108    0.14711347    0.00000000    0.10624843    0.21703144    0.20554031    0.21523731    0.22361383    0.20041924    0.17910739    0.26089892    0.29391473    0.31016818    0.28569628    0.24894774    0.25626480    0.21569919    0.21569919    0.21871573    0.21372138    0.28433889
T9             0.20575483    0.09898794    0.09898794    0.10879840    0.11122077    0.10624843    0.00000000    0.17225414    0.16677413    0.17583701    0.17829999    0.15412506    0.14170831    0.22200763    0.24724727    0.25930724    0.23651342    0.20513983    0.21755316    0.16857474    0.16857474    0.17134297    0.16695982    0.26174608
T4             0.27377472    0.18215282    0.18215282    0.19350291    0.19627507    0.21703144    0.17225414    0.00000000    0.03069879    0.11610109    0.12333098    0.16611813    0.14846901    0.25514161    0.28604606    0.30887812    0.28755806    0.26117121    0.27202123    0.21871573    0.21871573    0.21851018    0.21871573    0.35005813
T19            0.26174825    0.17134297    0.17134297    0.18235485    0.18505935    0.20554031    0.16677413    0.03069879    0.00000000    0.11839026    0.12315735    0.16367026    0.15087555    0.25190879    0.29209315    0.30845374    0.28716318    0.26089892    0.27166606    0.22703945    0.22703945    0.22968703    0.22991526    0.34591138
T5             0.25962392    0.18030250    0.18030250    0.18127579    0.18401758    0.21523731    0.17583701    0.11610109    0.11839026    0.00000000    0.02447289    0.16677413    0.15155960    0.26854752    0.31069346    0.32790144    0.30588402    0.26613048    0.27758842    0.24842966    0.24842966    0.24875110    0.23120715    0.35980727
T17            0.25995122    0.18278567    0.18278567    0.18375361    0.18650294    0.22361383    0.17829999    0.12333098    0.12315735    0.02447289    0.00000000    0.17186340    0.15912224    0.27132177    0.32044029    0.33795021    0.31560764    0.27516930    0.28037745    0.25113345    0.25113345    0.24605870    0.23976034    0.36798821
T0             0.25267617    0.16123105    0.16123105    0.16715412    0.16980128    0.20041924    0.15412506    0.16611813    0.16367026    0.16677413    0.17186340    0.00000000    0.05407948    0.24894774    0.27875475    0.28819868    0.27377472    0.23769059    0.24185991    0.22133709    0.22133709    0.22726944    0.21049791    0.32931637
T10            0.23547202    0.14368117    0.14368117    0.14932656    0.15189205    0.17910739    0.14170831    0.14846901    0.15087555    0.15155960    0.15912224    0.05407948    0.00000000    0.23192244    0.27314351    0.28252835    0.26821298    0.23523714    0.23651342    0.20257097    0.20257097    0.21113100    0.19982189    0.30641346
T20            0.26450602    0.21871573    0.21871573    0.21915642    0.22200763    0.26089892    0.22200763    0.25514161    0.25190879    0.26854752    0.27132177    0.24894774    0.23192244    0.00000000    0.16888148    0.17150765    0.15653685    0.11742176    0.13982813    0.21395002    0.21395002    0.21939148    0.20927429    0.32882227
T12            0.30687484    0.25514161    0.25514161    0.26480932    0.26480932    0.29391473    0.24724727    0.28604606    0.29209315    0.31069346    0.32044029    0.27875475    0.27314351    0.16888148    0.00000000    0.03272763    0.02862878    0.10313016    0.11563500    0.26117121    0.26117121    0.25788417    0.24671851    0.37981867
T11            0.31682082    0.27345358    0.27345358    0.28040296    0.28358106    0.31016818    0.25930724    0.30887812    0.30845374    0.32790144    0.33795021    0.28819868    0.28252835    0.17150765    0.03272763    0.00000000    0.03284870    0.10784867    0.11563500    0.28286801    0.28286801    0.27938041    0.26788929    0.39517238
T2             0.30184497    0.25324081    0.25324081    0.25995122    0.26303128    0.28569628    0.23651342    0.28755806    0.28716318    0.30588402    0.31560764    0.27377472    0.26821298    0.15653685    0.02862878    0.03284870    0.00000000    0.09178537    0.10412963    0.25930724    0.25930724    0.25295321    0.24185991    0.36723603
T14            0.26450602    0.21831452    0.21831452    0.22155070    0.22440188    0.24894774    0.20513983    0.26117121    0.26089892    0.26613048    0.27516930    0.23769059    0.23523714    0.11742176    0.10313016    0.10784867    0.09178537    0.00000000    0.06074229    0.22155070    0.22155070    0.20736006    0.19183174    0.32193993
T3             0.27238726    0.23092878    0.23092878    0.24337646    0.24639147    0.25626480    0.21755316    0.27202123    0.27166606    0.27758842    0.28037745    0.24185991    0.23651342    0.13982813    0.11563500    0.11563500    0.10412963    0.06074229    0.00000000    0.23740058    0.23740058    0.22538818    0.21755316    0.33495438
T21            0.23571712    0.16058739    0.16058739    0.17645330    0.17910739    0.21569919    0.16857474    0.21871573    0.22703945    0.24842966    0.25113345    0.22133709    0.20257097    0.21395002    0.26117121    0.28286801    0.25930724    0.22155070    0.23740058    0.00000000    0.00000000    0.12215889    0.11984402    0.30020883
T23            0.23571712    0.16058739    0.16058739    0.17645330    0.17910739    0.21569919    0.16857474    0.21871573    0.22703945    0.24842966    0.25113345    0.22133709    0.20257097    0.21395002    0.26117121    0.28286801    0.25930724    0.22155070    0.23740058    0.00000000    0.00000000    0.12215889    0.11984402    0.30020883
T13            0.23066038    0.17397605    0.17397605    0.19280744    0.19555663    0.21871573    0.17134297    0.21851018    0.22968703    0.24875110    0.24605870    0.22726944    0.21113100    0.21939148    0.25788417    0.27938041    0.25295321    0.20736006    0.22538818    0.12215889    0.12215889    0.00000000    0.11731437    0.29823004
T22            0.22177423    0.16367026    0.16367026    0.18256581    0.18527768    0.21372138    0.16695982    0.21871573    0.22991526    0.23120715    0.23976034    0.21049791    0.19982189    0.20927429    0.24671851    0.26788929    0.24185991    0.19183174    0.21755316    0.11984402    0.11984402    0.11731437    0.00000000    0.29778039
T8             0.16875326    0.28406899    0.28406899    0.29630944    0.29964721    0.28433889    0.26174608    0.35005813    0.34591138    0.35980727    0.36798821    0.32931637    0.30641346    0.32882227    0.37981867    0.39517238    0.36723603    0.32193993    0.33495438    0.30020883    0.30020883    0.29823004    0.29778039    0.00000000

