24
T21            0.00000000    0.53468531    0.50789900    0.47740875    0.51268968    0.49112391    0.46320872    0.49051976    0.47408811    0.47508401    0.47967667    0.48586294    0.48586294    0.47310928    0.46859961    0.46155412    0.45712440    0.48026302    0.49628945    0.46506854    0.55228623    0.44870410    0.48823937    0.46236190
T9             0.53468531    0.00000000    0.11499813    0.18524359    0.18253271    0.16469018    0.15463285    0.16776071    0.15945309    0.15964369    0.17020123    0.16732947    0.16732947    0.16754085    0.15444745    0.16268233    0.15743142    0.15223515    0.15004231    0.13493585    0.35551010    0.27825723    0.28707746    0.28505694
T0             0.50789900    0.11499813    0.00000000    0.18983083    0.18442377    0.16885253    0.16169522    0.17489230    0.16395770    0.16412801    0.16674651    0.16919472    0.16919472    0.16937882    0.16152317    0.16712661    0.15667956    0.17202507    0.16977287    0.14659571    0.36437530    0.28632155    0.30174930    0.29314904
T2             0.47740875    0.18524359    0.18983083    0.00000000    0.07605986    0.14630570    0.13681495    0.14947683    0.13681495    0.13696305    0.15223515    0.14437349    0.14437349    0.13947619    0.13446250    0.13980914    0.13226956    0.14168857    0.14454073    0.13183874    0.36007931    0.27347291    0.29439641    0.28916216
T6             0.51268968    0.18253271    0.18442377    0.07605986    0.00000000    0.14127946    0.13681495    0.14437349    0.13932178    0.13947619    0.15223515    0.14691864    0.14691864    0.14709238    0.13696305    0.14234784    0.13477012    0.14675307    0.14965715    0.13681495    0.35107009    0.27509105    0.29600437    0.29071019
T4             0.49112391    0.16469018    0.16885253    0.14630570    0.14127946    0.00000000    0.09685099    0.10878692    0.09685099    0.09673447    0.11348552    0.10610581    0.10610581    0.10623760    0.09673447    0.10172629    0.08760534    0.10598148    0.10623760    0.08963112    0.31337895    0.22038014    0.23379955    0.23173926
T8             0.46320872    0.15463285    0.16169522    0.13681495    0.13681495    0.09685099    0.00000000    0.02241945    0.03906937    0.03910345    0.05206411    0.04549383    0.04549383    0.04554174    0.03697567    0.04133727    0.03705429    0.09461591    0.09487412    0.08078485    0.30025648    0.23500708    0.24267921    0.24364977
T20            0.49051976    0.16776071    0.17489230    0.14947683    0.14437349    0.10878692    0.02241945    0.00000000    0.04765382    0.04770641    0.06089525    0.05419039    0.05419039    0.05425730    0.04770641    0.05220821    0.04783140    0.09962563    0.09993535    0.08771438    0.29382232    0.25007537    0.25783876    0.25277285
T22            0.47408811    0.15945309    0.16395770    0.13681495    0.13932178    0.09685099    0.03906937    0.04765382    0.00000000    0.01210025    0.02442143    0.01821971    0.01821971    0.01822284    0.01822284    0.02238890    0.01824796    0.09204987    0.09226810    0.08519368    0.29450363    0.21806546    0.22851595    0.22356341
T15            0.47508401    0.15964369    0.16412801    0.13696305    0.13947619    0.09673447    0.03910345    0.04770641    0.01210025    0.00000000    0.02444372    0.01822284    0.01822284    0.01823227    0.01823227    0.02241945    0.01826989    0.09449766    0.09474140    0.08529019    0.30061217    0.22066369    0.23115282    0.22617961
T23            0.47967667    0.17020123    0.16674651    0.15223515    0.15223515    0.11348552    0.05206411    0.06089525    0.02442143    0.02444372    0.00000000    0.02650484    0.02650484    0.02653149    0.03073340    0.03507909    0.03082346    0.10878692    0.10909922    0.09934490    0.31045382    0.23236498    0.24299266    0.23798459
T16            0.48586294    0.16732947    0.16919472    0.14437349    0.14691864    0.10610581    0.04549383    0.05419039    0.01821971    0.01822284    0.02650484    0.00000000    0.00000000    0.00805151    0.02442143    0.02866542    0.02447233    0.10146343    0.10172629    0.09215536    0.30677461    0.22910480    0.23970175    0.23469036
T17            0.48586294    0.16732947    0.16919472    0.14437349    0.14691864    0.10610581    0.04549383    0.05419039    0.01821971    0.01822284    0.02650484    0.00000000    0.00000000    0.00805151    0.02442143    0.02866542    0.02447233    0.10146343    0.10172629    0.09215536    0.30677461    0.22910480    0.23970175    0.23469036
T3             0.47310928    0.16754085    0.16937882    0.13947619    0.14709238    0.10623760    0.04554174    0.05425730    0.01822284    0.01823227    0.02653149    0.00805151    0.00805151    0.00000000    0.02444372    0.02870916    0.02450723    0.10159119    0.10186872    0.09226810    0.31045382    0.22941385    0.24000628    0.23500708
T1             0.46859961    0.15444745    0.16152317    0.13446250    0.13696305    0.09673447    0.03697567    0.04770641    0.01822284    0.01823227    0.03073340    0.02442143    0.02442143    0.02444372    0.00000000    0.01620797    0.01210949    0.09449766    0.09474140    0.07840842    0.30061217    0.22066369    0.23115282    0.23204722
T14            0.46155412    0.16268233    0.16712661    0.13980914    0.14234784    0.10172629    0.04133727    0.05220821    0.02238890    0.02241945    0.03507909    0.02866542    0.02866542    0.02870916    0.01620797    0.00000000    0.01626190    0.09948163    0.09977687    0.08783055    0.30135861    0.21547672    0.22880549    0.23269250
T12            0.45712440    0.15743142    0.15667956    0.13226956    0.13477012    0.08760534    0.03705429    0.04783140    0.01824796    0.01826989    0.03082346    0.02447233    0.02447233    0.02450723    0.01210949    0.01626190    0.00000000    0.09474140    0.09501402    0.08318943    0.29486160    0.21547672    0.22588886    0.22679018
T10            0.48026302    0.15223515    0.17202507    0.14168857    0.14675307    0.10598148    0.09461591    0.09962563    0.09204987    0.09449766    0.10878692    0.10146343    0.10146343    0.10159119    0.09449766    0.09948163    0.09474140    0.00000000    0.02444372    0.06951937    0.32983821    0.24971327    0.26678219    0.25856845
T5             0.49628945    0.15004231    0.16977287    0.14454073    0.14965715    0.10623760    0.09487412    0.09993535    0.09226810    0.09474140    0.10909922    0.10172629    0.10172629    0.10186872    0.09474140    0.09977687    0.09501402    0.02444372    0.00000000    0.06968862    0.33420115    0.25044759    0.27070542    0.25933950
T13            0.46506854    0.13493585    0.14659571    0.13183874    0.13681495    0.08963112    0.08078485    0.08771438    0.08519368    0.08529019    0.09934490    0.09215536    0.09215536    0.09226810    0.07840842    0.08783055    0.08318943    0.06951937    0.06968862    0.00000000    0.31671416    0.23500708    0.25476982    0.24971327
T19            0.55228623    0.35551010    0.36437530    0.36007931    0.35107009    0.31337895    0.30025648    0.29382232    0.29450363    0.30061217    0.31045382    0.30677461    0.30677461    0.31045382    0.30061217    0.30135861    0.29486160    0.32983821    0.33420115    0.31671416    0.00000000    0.15169901    0.15243033    0.14234784
T18            0.44870410    0.27825723    0.28632155    0.27347291    0.27509105    0.22038014    0.23500708    0.25007537    0.21806546    0.22066369    0.23236498    0.22910480    0.22910480    0.22941385    0.22066369    0.21547672    0.21547672    0.24971327    0.25044759    0.23500708    0.15169901    0.00000000    0.05626507    0.06743609
T7             0.48823937    0.28707746    0.30174930    0.29439641    0.29600437    0.23379955    0.24267921    0.25783876    0.22851595    0.23115282    0.24299266    0.23970175    0.23970175    0.24000628    0.23115282    0.22880549    0.22588886    0.26678219    0.27070542    0.25476982    0.15243033    0.05626507    0.00000000    0.06762263
T11            0.46236190    0.28505694    0.29314904    0.28916216    0.29071019    0.23173926    0.24364977    0.25277285    0.22356341    0.22617961    0.23798459    0.23469036    0.23469036    0.23500708    0.23204722    0.23269250    0.22679018    0.25856845    0.25933950    0.24971327    0.14234784    0.06743609    0.06762263    0.00000000

