24
T13            0.00000000    0.27833490    0.24811614    0.27689957    0.29936471    0.31514780    0.29299247    0.29394959    0.29537375    0.30779164    0.28687783    0.27952684    0.28555721    0.27554303    0.28513913    0.29777817    0.30763645    0.20906064    0.23837666    0.22978497    0.24173764    0.24173764    0.22946580    0.22071135
T22            0.27833490    0.00000000    0.06944952    0.13365682    0.15396371    0.16888000    0.18574029    0.18899651    0.19350185    0.20927278    0.19375199    0.19880517    0.20414874    0.22521825    0.21294191    0.22422591    0.31166500    0.21552227    0.25178244    0.24305094    0.22775706    0.23065804    0.23975826    0.23092663
T4             0.24811614    0.06944952    0.00000000    0.08916134    0.10784800    0.12426992    0.16249343    0.15505161    0.16471606    0.17986744    0.16492061    0.16715324    0.17225317    0.19765403    0.18598549    0.19679888    0.26921450    0.16433257    0.19831961    0.19028714    0.17118540    0.17381155    0.18696408    0.17893763
T15            0.27689957    0.13365682    0.08916134    0.00000000    0.03914546    0.05407936    0.17986744    0.17760433    0.18215141    0.20318944    0.18777736    0.18777736    0.19302881    0.23506169    0.21755157    0.22885683    0.30778529    0.19533389    0.23092663    0.22250190    0.20513734    0.20790934    0.21329057    0.20495129
T8             0.29936471    0.15396371    0.10784800    0.03914546    0.00000000    0.07869879    0.20186508    0.19960227    0.19855779    0.22593879    0.21008233    0.20441187    0.20980308    0.23804075    0.22332024    0.24070277    0.31428587    0.21495928    0.25178244    0.24605687    0.22487285    0.22775706    0.23623537    0.22750690
T11            0.31514780    0.16888000    0.12426992    0.05407936    0.07869879    0.00000000    0.22422591    0.21612317    0.22422591    0.23651112    0.22042757    0.23572550    0.24138269    0.27758721    0.26802140    0.28037608    0.32754686    0.23414034    0.26889031    0.25994876    0.25688757    0.25994876    0.25899811    0.24995332
T3             0.29299247    0.18574029    0.16249343    0.17986744    0.20186508    0.22422591    0.00000000    0.02660452    0.03066969    0.07606517    0.05852935    0.13803788    0.14294678    0.19390314    0.18268842    0.19925880    0.30724739    0.18349778    0.23804075    0.23538865    0.21159931    0.21443442    0.21237647    0.20389491
T18            0.29394959    0.18899651    0.15505161    0.17760433    0.19960227    0.21612317    0.02660452    0.00000000    0.01617909    0.06944952    0.05426006    0.13083507    0.13569590    0.18610973    0.17501955    0.18578483    0.29494932    0.18349778    0.23872251    0.23607221    0.21210793    0.21495928    0.21294191    0.20441187
T6             0.29537375    0.19350185    0.16471606    0.18215141    0.19855779    0.22422591    0.03066969    0.01617909    0.00000000    0.07368774    0.05840981    0.13512695    0.14000636    0.19043770    0.17934783    0.19013184    0.30070374    0.18527656    0.24037786    0.23771480    0.21112887    0.21394791    0.21469207    0.20621062
T7             0.30779164    0.20927278    0.17986744    0.20318944    0.22593879    0.23651112    0.07606517    0.06944952    0.07368774    0.00000000    0.03062133    0.15706225    0.16208978    0.20841650    0.19707490    0.21386058    0.30581059    0.20927278    0.26028685    0.25755538    0.23015088    0.23305182    0.24511931    0.23623537
T21            0.28687783    0.19375199    0.16492061    0.18777736    0.21008233    0.22042757    0.05852935    0.05426006    0.05840981    0.03062133    0.00000000    0.13747335    0.14236714    0.19575470    0.18457166    0.20111256    0.29072192    0.18550397    0.24370875    0.24103772    0.21135931    0.21418635    0.22593879    0.21728573
T16            0.27952684    0.19880517    0.16715324    0.18777736    0.20441187    0.23572550    0.13803788    0.13083507    0.13512695    0.15706225    0.13747335    0.00000000    0.00401107    0.09030422    0.08562960    0.09017524    0.30615181    0.19326079    0.23414034    0.23149365    0.21988898    0.22276493    0.22885683    0.22015343
T14            0.28555721    0.20414874    0.17225317    0.19302881    0.20980308    0.24138269    0.14294678    0.13569590    0.14000636    0.16208978    0.14236714    0.00401107    0.00000000    0.09488294    0.09017524    0.09475002    0.30907158    0.19855779    0.23975826    0.23709289    0.22538615    0.22828718    0.23443751    0.22565757
T20            0.27554303    0.22521825    0.19765403    0.23506169    0.23804075    0.27758721    0.19390314    0.18610973    0.19043770    0.20841650    0.19575470    0.09030422    0.09488294    0.00000000    0.03497213    0.04349442    0.33897923    0.23274639    0.28598637    0.27673703    0.25483433    0.25178244    0.26448313    0.25518491
T19            0.28513913    0.21294191    0.18598549    0.21755157    0.22332024    0.26802140    0.18268842    0.17501955    0.17934783    0.19707490    0.18457166    0.08562960    0.09017524    0.03497213    0.00000000    0.01212508    0.32272930    0.22684103    0.28598637    0.27673703    0.23975826    0.23679697    0.25518491    0.24605687
T5             0.29777817    0.22422591    0.19679888    0.22885683    0.24070277    0.28037608    0.19925880    0.18578483    0.19013184    0.21386058    0.20111256    0.09017524    0.09475002    0.04349442    0.01212508    0.00000000    0.34291072    0.24440693    0.29868934    0.28924779    0.25755538    0.25449414    0.27354857    0.26410368
T2             0.30763645    0.31166500    0.26921450    0.30778529    0.31428587    0.32754686    0.30724739    0.29494932    0.30070374    0.30581059    0.29072192    0.30615181    0.30907158    0.33897923    0.32272930    0.34291072    0.00000000    0.23946363    0.27759516    0.27480147    0.27344994    0.27344994    0.26145083    0.25841768
T23            0.20906064    0.21552227    0.16433257    0.19533389    0.21495928    0.23414034    0.18349778    0.18349778    0.18527656    0.20927278    0.18550397    0.19326079    0.19855779    0.23274639    0.22684103    0.24440693    0.23946363    0.00000000    0.16632544    0.16390602    0.13747335    0.13747335    0.13765357    0.13011180
T9             0.23837666    0.25178244    0.19831961    0.23092663    0.25178244    0.26889031    0.23804075    0.23872251    0.24037786    0.26028685    0.24370875    0.23414034    0.23975826    0.28598637    0.28598637    0.29868934    0.27759516    0.16632544    0.00000000    0.00602723    0.19707490    0.19707490    0.16029056    0.15505161
T1             0.22978497    0.24305094    0.19028714    0.22250190    0.24605687    0.25994876    0.23538865    0.23607221    0.23771480    0.25755538    0.24103772    0.23149365    0.23709289    0.27673703    0.27673703    0.28924779    0.27480147    0.16390602    0.00602723    0.00000000    0.19455653    0.19455653    0.15788151    0.15265625
T12            0.24173764    0.22775706    0.17118540    0.20513734    0.22487285    0.25688757    0.21159931    0.21210793    0.21112887    0.23015088    0.21135931    0.21988898    0.22538615    0.25483433    0.23975826    0.25755538    0.27344994    0.13747335    0.19707490    0.19455653    0.00000000    0.00401613    0.16980042    0.16190067
T0             0.24173764    0.23065804    0.17381155    0.20790934    0.22775706    0.25994876    0.21443442    0.21495928    0.21394791    0.23305182    0.21418635    0.22276493    0.22828718    0.25178244    0.23679697    0.25449414    0.27344994    0.13747335    0.19707490    0.19455653    0.00401613    0.00000000    0.16980042    0.16190067
T10            0.22946580    0.23975826    0.18696408    0.21329057    0.23623537    0.25899811    0.21237647    0.21294191    0.21469207    0.24511931    0.22593879    0.22885683    0.23443751    0.26448313    0.25518491    0.27354857    0.26145083    0.13765357    0.16029056    0.15788151    0.16980042    0.16980042    0.00000000    0.00603638
T17            0.22071135    0.23092663    0.17893763    0.20495129    0.22750690    0.24995332    0.20389491    0.20441187    0.20621062    0.23623537    0.21728573    0.22015343    0.22565757    0.25518491    0.24605687    0.26410368    0.25841768    0.13011180    0.15505161    0.15265625    0.16190067    0.16190067    0.00603638    0.00000000

