24
T19            0.00000000    0.29325753    0.31269647    0.28817732    0.28217954    0.28785138    0.26997647    0.26485821    0.26212061    0.25628474    0.29206176    0.31455917    0.29535495    0.30595398    0.32487345    0.30263905    0.24637725    0.16695332    0.16695332    0.21609219    0.10784574    0.10339312    0.10339312    0.10103393
T20            0.29325753    0.00000000    0.02034068    0.17759802    0.17782093    0.18597841    0.31093162    0.30222491    0.29855099    0.29244238    0.34639904    0.34993708    0.33683164    0.35252946    0.36542569    0.34547839    0.37956791    0.30432381    0.30105243    0.33284910    0.28694262    0.28613819    0.28613819    0.28303966
T4             0.31269647    0.02034068    0.00000000    0.18847480    0.18872749    0.19706678    0.32353704    0.31469177    0.31093162    0.30471373    0.36693778    0.37060583    0.35708933    0.36230127    0.37536990    0.35514923    0.39846543    0.32101038    0.31762812    0.34647003    0.31269647    0.30514471    0.30514471    0.30192625
T15            0.28817732    0.17759802    0.18847480    0.00000000    0.01619047    0.02650534    0.32191460    0.31748153    0.31358132    0.30729943    0.35198472    0.35198472    0.33878053    0.36801372    0.39643504    0.37918267    0.38177461    0.30595398    0.30263905    0.33428841    0.31601122    0.31233367    0.31233367    0.30905165
T8             0.28217954    0.17782093    0.18872749    0.01619047    0.00000000    0.01823251    0.31896783    0.31455917    0.31067042    0.30441151    0.34180008    0.35252909    0.33577349    0.35760751    0.39319915    0.36857199    0.36489032    0.29077785    0.28753818    0.32453387    0.30976759    0.30613230    0.30613230    0.30288233
T18            0.28785138    0.18597841    0.19706678    0.02650534    0.01823251    0.00000000    0.33177854    0.32734501    0.32336179    0.31698681    0.35505529    0.36233822    0.34892706    0.37115059    0.40751041    0.37859632    0.37746521    0.30885481    0.30552884    0.33997660    0.30976759    0.30546186    0.30546186    0.30223297
T7             0.26997647    0.31093162    0.32353704    0.32191460    0.31896783    0.33177854    0.00000000    0.04554323    0.03914517    0.03492737    0.12085135    0.12546445    0.11873282    0.26173012    0.26841637    0.26173012    0.37489539    0.28316562    0.27988306    0.35365666    0.29321778    0.29775928    0.29775928    0.29446614
T16            0.26485821    0.30222491    0.31469177    0.31748153    0.31455917    0.32734501    0.04554323    0.00000000    0.02238927    0.01827014    0.10668622    0.11121811    0.09739724    0.25357747    0.27436191    0.23836476    0.35428621    0.26741725    0.26422906    0.33382857    0.28074692    0.28836169    0.28836169    0.28512198
T6             0.26212061    0.29855099    0.31093162    0.31358132    0.31067042    0.32336179    0.03914517    0.02238927    0.00000000    0.00805156    0.09963332    0.10412731    0.09755019    0.24780994    0.26841637    0.23273504    0.35123611    0.26788026    0.26468184    0.32386833    0.28431942    0.28553989    0.28553989    0.28231065
T5             0.25628474    0.29244238    0.30471373    0.30729943    0.30441151    0.31698681    0.03492737    0.01827014    0.00805156    0.00000000    0.09502108    0.09948916    0.09294662    0.24208996    0.26252152    0.22715040    0.34453005    0.26195670    0.25878872    0.32092227    0.27831879    0.27951025    0.27951025    0.27631204
T2             0.29206176    0.34639904    0.36693778    0.35198472    0.34180008    0.35505529    0.12085135    0.10668622    0.09963332    0.09502108    0.00000000    0.06511878    0.05213489    0.28922977    0.31798811    0.28596885    0.38973371    0.30401003    0.30062744    0.36409162    0.32879593    0.33031519    0.33031519    0.32682638
T13            0.31455917    0.34993708    0.37060583    0.35198472    0.35252909    0.36233822    0.12546445    0.11121811    0.10412731    0.09948916    0.06511878    0.00000000    0.03488934    0.31611411    0.33194452    0.29581627    0.39615592    0.32127579    0.31777450    0.36907779    0.33477349    0.33983044    0.33983044    0.33629219
T1             0.29535495    0.33683164    0.35708933    0.33878053    0.33577349    0.34892706    0.11873282    0.09739724    0.09755019    0.09294662    0.05213489    0.03488934    0.00000000    0.30114502    0.31665587    0.28779483    0.38580538    0.30167386    0.29829123    0.35059828    0.32534340    0.32682638    0.32682638    0.32336179
T10            0.30595398    0.35252946    0.36230127    0.36801372    0.35760751    0.37115059    0.26173012    0.25357747    0.24780994    0.24208996    0.28922977    0.31611411    0.30114502    0.00000000    0.02859756    0.07413008    0.40665764    0.31665587    0.31320310    0.34947130    0.33985242    0.32738723    0.32738723    0.32397024
T3             0.32487345    0.36542569    0.37536990    0.39643504    0.39319915    0.40751041    0.26841637    0.27436191    0.26841637    0.26252152    0.31798811    0.33194452    0.31665587    0.02859756    0.00000000    0.08529550    0.43316263    0.33607570    0.33251202    0.37723098    0.36070428    0.34787715    0.34787715    0.34432644
T23            0.30263905    0.34547839    0.35514923    0.37918267    0.36857199    0.37859632    0.26173012    0.23836476    0.23273504    0.22715040    0.28596885    0.29581627    0.28779483    0.07413008    0.08529550    0.00000000    0.36409162    0.29297371    0.28968048    0.33429222    0.32694233    0.31385750    0.31385750    0.31053163
T11            0.24637725    0.37956791    0.39846543    0.38177461    0.36489032    0.37746521    0.37489539    0.35428621    0.35123611    0.34453005    0.38973371    0.39615592    0.38580538    0.40665764    0.43316263    0.36409162    0.00000000    0.14315161    0.14315161    0.19123145    0.26819524    0.24540932    0.24540932    0.24242177
T17            0.16695332    0.30432381    0.32101038    0.30595398    0.29077785    0.30885481    0.28316562    0.26741725    0.26788026    0.26195670    0.30401003    0.32127579    0.30167386    0.31665587    0.33607570    0.29297371    0.14315161    0.00000000    0.00401612    0.11031964    0.19491146    0.18464136    0.18464136    0.18195166
T14            0.16695332    0.30105243    0.31762812    0.30263905    0.28753818    0.30552884    0.27988306    0.26422906    0.26468184    0.25878872    0.30062744    0.31777450    0.29829123    0.31320310    0.33251202    0.28968048    0.14315161    0.00401612    0.00000000    0.11031964    0.19491146    0.18464136    0.18464136    0.18195166
T9             0.21609219    0.33284910    0.34647003    0.33428841    0.32453387    0.33997660    0.35365666    0.33382857    0.32386833    0.32092227    0.36409162    0.36907779    0.35059828    0.34947130    0.37723098    0.33429222    0.19123145    0.11031964    0.11031964    0.00000000    0.24306154    0.22680594    0.22680594    0.22395503
T12            0.10784574    0.28694262    0.31269647    0.31601122    0.30976759    0.30976759    0.29321778    0.28074692    0.28431942    0.27831879    0.32879593    0.33477349    0.32534340    0.33985242    0.36070428    0.32694233    0.26819524    0.19491146    0.19491146    0.24306154    0.00000000    0.07631189    0.07631189    0.07403860
T22            0.10339312    0.28613819    0.30514471    0.31233367    0.30613230    0.30546186    0.29775928    0.28836169    0.28553989    0.27951025    0.33031519    0.33983044    0.32682638    0.32738723    0.34787715    0.31385750    0.24540932    0.18464136    0.18464136    0.22680594    0.07631189    0.00000000    0.00000000    0.00200402
T0             0.10339312    0.28613819    0.30514471    0.31233367    0.30613230    0.30546186    0.29775928    0.28836169    0.28553989    0.27951025    0.33031519    0.33983044    0.32682638    0.32738723    0.34787715    0.31385750    0.24540932    0.18464136    0.18464136    0.22680594    0.07631189    0.00000000    0.00000000    0.00200402
T21            0.10103393    0.28303966    0.30192625    0.30905165    0.30288233    0.30223297    0.29446614    0.28512198    0.28231065    0.27631204    0.32682638    0.33629219    0.32336179    0.32397024    0.34432644    0.31053163    0.24242177    0.18195166    0.18195166    0.22395503    0.07403860    0.00200402    0.00200402    0.00000000

