24
T5             0.00000000    0.24669891    0.23176397    0.29202994    0.24778578    0.24034732    0.25085522    0.19096812    0.17804161    0.21034588    0.19257564    0.18483293    0.18483293    0.16556885    0.18028478    0.24373849    0.23012817    0.19553707    0.15205842    0.15411339    0.15652502    0.15724159    0.15188013    0.15809173
T0             0.24669891    0.00000000    0.06720989    0.12513839    0.28495021    0.30197165    0.30396927    0.24170292    0.23978273    0.28543299    0.25141929    0.23706449    0.24003348    0.24741340    0.27243543    0.34479210    0.33174137    0.28728772    0.28356713    0.29202994    0.29247912    0.28775951    0.28637706    0.28312811
T3             0.23176397    0.06720989    0.00000000    0.12513839    0.28728772    0.29202994    0.28401726    0.22975512    0.22779892    0.27243543    0.23706449    0.22301284    0.22591287    0.22943693    0.26290461    0.34479210    0.32827831    0.28076809    0.27391363    0.28228234    0.28269965    0.28032852    0.27350548    0.26375631
T17            0.29202994    0.12513839    0.12513839    0.00000000    0.33602666    0.33625058    0.33844354    0.28509369    0.28312792    0.33189861    0.28957056    0.27440986    0.27755652    0.30871117    0.32837431    0.39765339    0.39119325    0.33246462    0.33432739    0.34693672    0.34750467    0.34145144    0.34088423    0.34511633
T12            0.24778578    0.28495021    0.28728772    0.33602666    0.00000000    0.09215885    0.10668127    0.10398233    0.09251817    0.13548710    0.17781058    0.17021336    0.17021336    0.24856070    0.28495021    0.33823578    0.34032950    0.29910684    0.28495021    0.29341097    0.29625331    0.29155616    0.29106244    0.28800943
T4             0.24034732    0.30197165    0.29202994    0.33625058    0.09215885    0.00000000    0.10372327    0.09877605    0.09205359    0.12484934    0.16939286    0.16188815    0.16188815    0.25010177    0.27669240    0.32946498    0.32188023    0.28429343    0.28312792    0.28509369    0.28791609    0.27033877    0.27948194    0.27288657
T11            0.25085522    0.30396927    0.28401726    0.33844354    0.10668127    0.10372327    0.00000000    0.08982739    0.08319197    0.12794690    0.16227369    0.16006044    0.16006044    0.24856070    0.27843052    0.32691085    0.32530765    0.29247912    0.26738473    0.26923823    0.27199487    0.27288657    0.27565324    0.28800943
T2             0.19096812    0.24170292    0.22975512    0.28509369    0.10398233    0.09877605    0.08982739    0.00000000    0.01414117    0.05632470    0.12215204    0.11511430    0.11511430    0.20615698    0.21579177    0.27310688    0.25593534    0.22012956    0.22159200    0.22358579    0.23207127    0.22451758    0.22128034    0.22366140
T19            0.17804161    0.23978273    0.22779892    0.28312792    0.09251817    0.09205359    0.08319197    0.01414117    0.00000000    0.04994531    0.12008668    0.11306585    0.11306585    0.20648356    0.21094928    0.27095044    0.25079076    0.22097825    0.22258409    0.22451758    0.22713154    0.21964987    0.21931829    0.22482341
T6             0.21034588    0.28543299    0.27243543    0.33189861    0.13548710    0.12484934    0.12794690    0.05632470    0.04994531    0.00000000    0.16207668    0.15464328    0.15464328    0.25206127    0.26290461    0.33079350    0.30882432    0.27033877    0.25746255    0.25936723    0.26209444    0.25434518    0.24778578    0.25920952
T13            0.19257564    0.25141929    0.23706449    0.28957056    0.17781058    0.16939286    0.16227369    0.12215204    0.12008668    0.16207668    0.00000000    0.01007284    0.02236487    0.21263016    0.22301284    0.30646273    0.27590652    0.24509041    0.21441247    0.21936785    0.21913341    0.21726283    0.20619061    0.22191319
T21            0.18483293    0.23706449    0.22301284    0.27440986    0.17021336    0.16188815    0.16006044    0.11511430    0.11306585    0.15464328    0.01007284    0.00000000    0.01210955    0.20466120    0.21493567    0.29742354    0.26723959    0.23382680    0.21493567    0.21986595    0.21961204    0.21780243    0.20668452    0.22258409
T22            0.18483293    0.24003348    0.22591287    0.27755652    0.17021336    0.16188815    0.16006044    0.11511430    0.11306585    0.15464328    0.02236487    0.01210955    0.00000000    0.20466120    0.21493567    0.29169045    0.26171401    0.23382680    0.21493567    0.21986595    0.22247874    0.21780243    0.20668452    0.22258409
T9             0.16556885    0.24741340    0.22943693    0.30871117    0.24856070    0.25010177    0.24856070    0.20615698    0.20648356    0.25206127    0.21263016    0.20466120    0.20466120    0.00000000    0.16511866    0.22485040    0.22882985    0.18821967    0.19733644    0.20211576    0.21034588    0.18897576    0.19147852    0.16926653
T20            0.18028478    0.27243543    0.26290461    0.32837431    0.28495021    0.27669240    0.27843052    0.21579177    0.21094928    0.26290461    0.22301284    0.21493567    0.21493567    0.16511866    0.00000000    0.19764381    0.18754403    0.14966680    0.19348240    0.19830068    0.20643288    0.19399018    0.19049364    0.20361669
T1             0.24373849    0.34479210    0.34479210    0.39765339    0.33823578    0.32946498    0.32691085    0.27310688    0.27095044    0.33079350    0.30646273    0.29742354    0.29169045    0.22485040    0.19764381    0.00000000    0.11500523    0.14201114    0.27791968    0.28317649    0.29565623    0.28673466    0.28317649    0.26995138
T16            0.23012817    0.33174137    0.32827831    0.39119325    0.34032950    0.32188023    0.32530765    0.25593534    0.25079076    0.30882432    0.27590652    0.26723959    0.26171401    0.22882985    0.18754403    0.11500523    0.00000000    0.12267466    0.27628483    0.27907498    0.28833225    0.27550219    0.26574599    0.25280027
T15            0.19553707    0.28728772    0.28076809    0.33246462    0.29910684    0.28429343    0.29247912    0.22012956    0.22097825    0.27033877    0.24509041    0.23382680    0.23382680    0.18821967    0.14966680    0.14201114    0.12267466    0.00000000    0.21291672    0.22358579    0.23207127    0.22388676    0.22068573    0.20838981
T23            0.15205842    0.28356713    0.27391363    0.33432739    0.28495021    0.28312792    0.26738473    0.22159200    0.22258409    0.25746255    0.21441247    0.21493567    0.21493567    0.19733644    0.19348240    0.27791968    0.27628483    0.21291672    0.00000000    0.01414117    0.02444397    0.04128620    0.05646127    0.12812485
T14            0.15411339    0.29202994    0.28228234    0.34693672    0.29341097    0.28509369    0.26923823    0.22358579    0.22451758    0.25936723    0.21936785    0.21986595    0.21986595    0.20211576    0.19830068    0.28317649    0.27907498    0.22358579    0.01414117    0.00000000    0.01417423    0.04545363    0.06067238    0.13260337
T18            0.15652502    0.29247912    0.28269965    0.34750467    0.29625331    0.28791609    0.27199487    0.23207127    0.22713154    0.26209444    0.21913341    0.21961204    0.22247874    0.21034588    0.20643288    0.29565623    0.28833225    0.23207127    0.02444397    0.01417423    0.00000000    0.05189926    0.06727893    0.13999550
T8             0.15724159    0.28775951    0.28032852    0.34145144    0.29155616    0.27033877    0.27288657    0.22451758    0.21964987    0.25434518    0.21726283    0.21780243    0.21780243    0.18897576    0.19399018    0.28673466    0.27550219    0.22388676    0.04128620    0.04545363    0.05189926    0.00000000    0.05425834    0.12812485
T7             0.15188013    0.28637706    0.27350548    0.34088423    0.29106244    0.27948194    0.27565324    0.22128034    0.21931829    0.24778578    0.20619061    0.20668452    0.20668452    0.19147852    0.19049364    0.28317649    0.26574599    0.22068573    0.05646127    0.06067238    0.06727893    0.05425834    0.00000000    0.13296103
T10            0.15809173    0.28312811    0.26375631    0.34511633    0.28800943    0.27288657    0.28800943    0.22366140    0.22482341    0.25920952    0.22191319    0.22258409    0.22258409    0.16926653    0.20361669    0.26995138    0.25280027    0.20838981    0.12812485    0.13260337    0.13999550    0.12812485    0.13296103    0.00000000

