24
T20            0.00000000    0.20468319    0.21902272    0.21495860    0.23907616    0.25521915    0.24514291    0.22521613    0.21709308    0.22391312    0.22391312    0.22015298    0.25790366    0.24673138    0.22303716    0.25247354    0.22978348    0.22130645    0.19324697    0.18181306    0.18677274    0.12563919    0.17782662    0.12530277
T17            0.20468319    0.00000000    0.01827019    0.11578213    0.19960102    0.20079044    0.20017761    0.17782662    0.17246120    0.19149824    0.19149824    0.20186410    0.21643605    0.20873200    0.17536095    0.21066737    0.18650119    0.18401586    0.25709014    0.25050879    0.25591516    0.23679268    0.27276045    0.23308231
T1             0.21902272    0.01827019    0.00000000    0.12315661    0.20810667    0.20650972    0.20873200    0.18598455    0.18053113    0.19988477    0.19988477    0.21036963    0.21934561    0.21161638    0.18349675    0.22227223    0.19484109    0.19233264    0.26336678    0.25668819    0.26213298    0.25210041    0.28880556    0.24514291
T18            0.21495860    0.11578213    0.12315661    0.00000000    0.20751831    0.21743566    0.21385876    0.20496464    0.20213754    0.19653095    0.19653095    0.19578524    0.21469160    0.20980219    0.17414652    0.21523512    0.19375112    0.19123798    0.25554412    0.24907983    0.25449321    0.25283507    0.30020432    0.25212230
T21            0.23907616    0.19960102    0.20810667    0.20751831    0.00000000    0.09922443    0.09663379    0.08761228    0.08511098    0.08495413    0.08495413    0.20525530    0.23716861    0.22629389    0.20242015    0.22296369    0.22001975    0.21451753    0.27941288    0.27569942    0.27802532    0.27248013    0.29448239    0.26294510
T9             0.25521915    0.20079044    0.20650972    0.21743566    0.09922443    0.00000000    0.02653211    0.08299193    0.07841399    0.07841399    0.07841399    0.22705994    0.25027153    0.23919459    0.21229533    0.23794979    0.20397003    0.20719167    0.29937543    0.30223019    0.30455568    0.28317976    0.30979134    0.28220100
T22            0.24514291    0.20017761    0.20873200    0.21385876    0.09663379    0.02653211    0.00000000    0.08053308    0.07599682    0.07825979    0.07825979    0.22332363    0.24632476    0.23531228    0.20079044    0.24632476    0.21195124    0.21521350    0.29937543    0.29883564    0.30116118    0.27663543    0.31667392    0.26928150
T14            0.22521613    0.17782662    0.18598455    0.20496464    0.08761228    0.08299193    0.08053308    0.00000000    0.02029455    0.07819342    0.07819342    0.21418349    0.22782857    0.21709308    0.19149824    0.23079874    0.21161638    0.20905848    0.27663543    0.27616210    0.27847709    0.26107306    0.29163838    0.25089150
T13            0.21709308    0.17246120    0.18053113    0.20213754    0.08511098    0.07841399    0.07599682    0.02029455    0.00000000    0.07368792    0.07368792    0.20271191    0.23079874    0.22001975    0.19707357    0.22487598    0.20301281    0.20047951    0.27017585    0.26972341    0.27203851    0.26107306    0.28837720    0.25089150
T4             0.22391312    0.19149824    0.19988477    0.19653095    0.08495413    0.07841399    0.07825979    0.07819342    0.07368792    0.00000000    0.00000000    0.19707357    0.22194076    0.21129077    0.18598455    0.23079874    0.20586421    0.20332280    0.27480609    0.27437547    0.27673473    0.27203851    0.28755401    0.26174258
T19            0.22391312    0.19149824    0.19988477    0.19653095    0.08495413    0.07841399    0.07825979    0.07819342    0.07368792    0.00000000    0.00000000    0.19707357    0.22194076    0.21129077    0.18598455    0.23079874    0.20586421    0.20332280    0.27480609    0.27437547    0.27673473    0.27203851    0.28755401    0.26174258
T23            0.22015298    0.20186410    0.21036963    0.19578524    0.20525530    0.22705994    0.22332363    0.21418349    0.20271191    0.19707357    0.19707357    0.00000000    0.22454541    0.21385876    0.18256433    0.22227223    0.19988477    0.19735844    0.28642374    0.27952465    0.28513721    0.26136265    0.32288709    0.26685193
T11            0.25790366    0.21643605    0.21934561    0.21469160    0.23716861    0.25027153    0.24632476    0.22782857    0.23079874    0.22194076    0.22194076    0.22454541    0.00000000    0.00804346    0.13919376    0.22946454    0.22715963    0.22454541    0.33609625    0.32843839    0.32736491    0.28555498    0.34590509    0.27276045
T16            0.24673138    0.20873200    0.21161638    0.20980219    0.22629389    0.23919459    0.23531228    0.21709308    0.22001975    0.21129077    0.21129077    0.21385876    0.00804346    0.00000000    0.13213422    0.22161883    0.21643605    0.21385876    0.32717920    0.31959730    0.31852506    0.27395558    0.33331844    0.26448120
T3             0.22303716    0.17536095    0.18349675    0.17414652    0.20242015    0.21229533    0.20079044    0.19149824    0.19707357    0.18598455    0.18598455    0.18256433    0.13919376    0.13213422    0.00000000    0.22683967    0.20496464    0.20242015    0.28406464    0.27715412    0.27632616    0.26213298    0.31359977    0.25826348
T0             0.25247354    0.21066737    0.22227223    0.21523512    0.22296369    0.23794979    0.24632476    0.23079874    0.22487598    0.23079874    0.23079874    0.22227223    0.22946454    0.22161883    0.22683967    0.00000000    0.07593558    0.07374407    0.30587892    0.29868636    0.30442870    0.28969569    0.33631360    0.27592845
T6             0.22978348    0.18650119    0.19484109    0.19375112    0.22001975    0.20397003    0.21195124    0.21161638    0.20301281    0.20586421    0.20586421    0.19988477    0.22715963    0.21643605    0.20496464    0.07593558    0.00000000    0.01008416    0.29111414    0.28406464    0.28969569    0.27524741    0.31750022    0.25629652
T10            0.22130645    0.18401586    0.19233264    0.19123798    0.21451753    0.20719167    0.21521350    0.20905848    0.20047951    0.20332280    0.20332280    0.19735844    0.22454541    0.21385876    0.20242015    0.07374407    0.01008416    0.00000000    0.28499987    0.27802532    0.28361340    0.26610324    0.30778871    0.24744756
T5             0.19324697    0.25709014    0.26336678    0.25554412    0.27941288    0.29937543    0.29937543    0.27663543    0.27017585    0.27480609    0.27480609    0.28642374    0.33609625    0.32717920    0.28406464    0.30587892    0.29111414    0.28499987    0.00000000    0.01824825    0.02234716    0.20754627    0.24900105    0.21264863
T7             0.18181306    0.25050879    0.25668819    0.24907983    0.27569942    0.30223019    0.29883564    0.27616210    0.26972341    0.27437547    0.27437547    0.27952465    0.32843839    0.31959730    0.27715412    0.29868636    0.28406464    0.27802532    0.01824825    0.00000000    0.00804443    0.20430721    0.23642654    0.20364188
T15            0.18677274    0.25591516    0.26213298    0.25449321    0.27802532    0.30455568    0.30116118    0.27847709    0.27203851    0.27673473    0.27673473    0.28513721    0.32736491    0.31852506    0.27632616    0.30442870    0.28969569    0.28361340    0.02234716    0.00804443    0.00000000    0.20939413    0.24476894    0.20586421
T8             0.12563919    0.23679268    0.25210041    0.25283507    0.27248013    0.28317976    0.27663543    0.26107306    0.26107306    0.27203851    0.27203851    0.26136265    0.28555498    0.27395558    0.26213298    0.28969569    0.27524741    0.26610324    0.20754627    0.20430721    0.20939413    0.00000000    0.12732066    0.08540044
T12            0.17782662    0.27276045    0.28880556    0.30020432    0.29448239    0.30979134    0.31667392    0.29163838    0.28837720    0.28755401    0.28755401    0.32288709    0.34590509    0.33331844    0.31359977    0.33631360    0.31750022    0.30778871    0.24900105    0.23642654    0.24476894    0.12732066    0.00000000    0.13949429
T2             0.12530277    0.23308231    0.24514291    0.25212230    0.26294510    0.28220100    0.26928150    0.25089150    0.25089150    0.26174258    0.26174258    0.26685193    0.27276045    0.26448120    0.25826348    0.27592845    0.25629652    0.24744756    0.21264863    0.20364188    0.20586421    0.08540044    0.13949429    0.00000000

