24
T4             0.00000000    0.47501786    0.43934185    0.43414018    0.45676721    0.44159995    0.47501786    0.47862648    0.48225299    0.49843162    0.49181689    0.45500396    0.45500396    0.45504366    0.45500396    0.54610443    0.49232429    0.42716707    0.45854063    0.47462138    0.47588416    0.44394198    0.47293609    0.46005053
T18            0.47501786    0.00000000    0.03077642    0.04133930    0.05433446    0.04355788    0.15287401    0.15266219    0.15767057    0.16250027    0.16052137    0.16052137    0.16052137    0.16416115    0.15226325    0.28288772    0.22277873    0.19428918    0.21453173    0.21990248    0.21470472    0.19205661    0.19933789    0.18269705
T20            0.43934185    0.03077642    0.00000000    0.02236521    0.03492791    0.02447303    0.14059536    0.14039270    0.14531648    0.15006975    0.14811013    0.15027480    0.15027480    0.15397035    0.14730054    0.25901761    0.20320117    0.16472323    0.18102729    0.18949121    0.18446642    0.16736362    0.16960672    0.15858945
T23            0.43414018    0.04133930    0.02236521    0.00000000    0.04124231    0.03069900    0.15266219    0.15245859    0.15746160    0.16229427    0.16029713    0.15767057    0.15767057    0.16139197    0.14950387    0.26394931    0.21114172    0.17492974    0.19428918    0.20002128    0.19493004    0.17761272    0.18257369    0.16876045
T10            0.45676721    0.05433446    0.03492791    0.04124231    0.00000000    0.03082473    0.15767057    0.15746160    0.16250027    0.16736362    0.16536218    0.16271472    0.16271472    0.16643530    0.15967467    0.28855646    0.22513898    0.18824758    0.19124853    0.20812551    0.20576499    0.19099712    0.19052137    0.17662145
T15            0.44159995    0.04355788    0.02447303    0.03069900    0.03082473    0.00000000    0.15548685    0.15266219    0.16029713    0.16514070    0.16316888    0.16052137    0.16052137    0.16155531    0.15746160    0.27972935    0.21137197    0.18054045    0.20018962    0.20576499    0.20064673    0.18326003    0.18551313    0.17444764
T11            0.47501786    0.15287401    0.14059536    0.15266219    0.15767057    0.15548685    0.00000000    0.00401107    0.00804445    0.01617917    0.01008419    0.18827348    0.18827348    0.19428918    0.18210578    0.33388396    0.26339571    0.21936006    0.23757207    0.24339089    0.23805598    0.22523154    0.23344607    0.20685969
T0             0.47862648    0.15266219    0.14039270    0.15245859    0.15746160    0.15266219    0.00401107    0.00000000    0.00804349    0.01617405    0.01007291    0.18795793    0.18795793    0.19402102    0.18182312    0.34043192    0.26926683    0.21903698    0.23718608    0.24306714    0.23773011    0.22489117    0.23309853    0.20652301
T9             0.48225299    0.15767057    0.14531648    0.15746160    0.16250027    0.16029713    0.00804445    0.00804349    0.00000000    0.01210965    0.01414130    0.19325880    0.19325880    0.19933789    0.18706371    0.34704328    0.27518791    0.22456040    0.24287781    0.24876615    0.24339089    0.23046655    0.23574027    0.21196521
T6             0.49843162    0.16250027    0.15006975    0.16229427    0.16736362    0.16514070    0.01617917    0.01617405    0.01210965    0.00000000    0.02234729    0.20398311    0.20398311    0.21009404    0.19766413    0.36046145    0.28718353    0.23574027    0.25440371    0.25723464    0.25179985    0.24175316    0.24710258    0.22297908
T7             0.49181689    0.16052137    0.14811013    0.16029713    0.16536218    0.16316888    0.01008419    0.01007291    0.01414130    0.02234729    0.00000000    0.19076178    0.19076178    0.19680902    0.19014115    0.34400959    0.27874271    0.22195548    0.24022004    0.24607343    0.24071843    0.22784424    0.23012791    0.21522819
T13            0.45500396    0.16052137    0.15027480    0.15767057    0.16271472    0.16052137    0.18827348    0.18795793    0.19325880    0.20398311    0.19076178    0.00000000    0.00000000    0.03483338    0.06528358    0.32789799    0.25996770    0.22558149    0.24634392    0.25451205    0.24909796    0.23983461    0.23309853    0.21816403
T14            0.45500396    0.16052137    0.15027480    0.15767057    0.16271472    0.16052137    0.18827348    0.18795793    0.19325880    0.20398311    0.19076178    0.00000000    0.00000000    0.03483338    0.06528358    0.32789799    0.25996770    0.22558149    0.24634392    0.25451205    0.24909796    0.23983461    0.23309853    0.21816403
T5             0.45504366    0.16416115    0.15397035    0.16139197    0.16643530    0.16155531    0.19428918    0.19402102    0.19933789    0.21009404    0.19680902    0.03483338    0.03483338    0.00000000    0.07145172    0.32794924    0.26423081    0.22362592    0.24105331    0.26176504    0.25628081    0.23415552    0.23067323    0.21266655
T21            0.45500396    0.15226325    0.14730054    0.14950387    0.15967467    0.15746160    0.18210578    0.18182312    0.18706371    0.19766413    0.19014115    0.06528358    0.06528358    0.07145172    0.00000000    0.32699594    0.25628081    0.21841932    0.24861674    0.26304818    0.25757367    0.23309853    0.22947992    0.20587706
T19            0.54610443    0.28288772    0.25901761    0.26394931    0.28855646    0.27972935    0.33388396    0.34043192    0.34704328    0.36046145    0.34400959    0.32789799    0.32789799    0.32794924    0.32699594    0.00000000    0.21291528    0.28190268    0.31139169    0.32388722    0.31793566    0.29784690    0.31019219    0.26759408
T17            0.49232429    0.22277873    0.20320117    0.21114172    0.22513898    0.21137197    0.26339571    0.26926683    0.27518791    0.28718353    0.27874271    0.25996770    0.25996770    0.26423081    0.25628081    0.21291528    0.00000000    0.21633275    0.24640629    0.26317062    0.25764856    0.24187410    0.24783264    0.22305139
T3             0.42716707    0.19428918    0.16472323    0.17492974    0.18824758    0.18054045    0.21936006    0.21903698    0.22456040    0.23574027    0.22195548    0.22558149    0.22558149    0.22362592    0.21841932    0.28190268    0.21633275    0.00000000    0.06074314    0.09845825    0.09395277    0.07606673    0.08290261    0.13784654
T22            0.45854063    0.21453173    0.18102729    0.19428918    0.19124853    0.20018962    0.23757207    0.23718608    0.24287781    0.25440371    0.24022004    0.24634392    0.24634392    0.24105331    0.24861674    0.31139169    0.24640629    0.06074314    0.00000000    0.12486081    0.12023402    0.10895393    0.12085807    0.16686796
T2             0.47462138    0.21990248    0.18949121    0.20002128    0.20812551    0.20576499    0.24339089    0.24306714    0.24876615    0.25723464    0.24607343    0.25451205    0.25451205    0.26176504    0.26304818    0.32388722    0.26317062    0.09845825    0.12486081    0.00000000    0.00804445    0.11043086    0.12228156    0.17226113
T16            0.47588416    0.21470472    0.18446642    0.19493004    0.20576499    0.20064673    0.23805598    0.23773011    0.24339089    0.25179985    0.24071843    0.24909796    0.24909796    0.25628081    0.25757367    0.31793566    0.25764856    0.09395277    0.12023402    0.00804445    0.00000000    0.10587798    0.11766309    0.17001807
T1             0.44394198    0.19205661    0.16736362    0.17761272    0.19099712    0.18326003    0.22523154    0.22489117    0.23046655    0.24175316    0.22784424    0.23983461    0.23983461    0.23415552    0.23309853    0.29784690    0.24187410    0.07606673    0.10895393    0.11043086    0.10587798    0.00000000    0.06289291    0.16124406
T8             0.47293609    0.19933789    0.16960672    0.18257369    0.19052137    0.18551313    0.23344607    0.23309853    0.23574027    0.24710258    0.23012791    0.23309853    0.23309853    0.23067323    0.22947992    0.31019219    0.24783264    0.08290261    0.12085807    0.12228156    0.11766309    0.06289291    0.00000000    0.17689760
T12            0.46005053    0.18269705    0.15858945    0.16876045    0.17662145    0.17444764    0.20685969    0.20652301    0.21196521    0.22297908    0.21522819    0.21816403    0.21816403    0.21266655    0.20587706    0.26759408    0.22305139    0.13784654    0.16686796    0.17226113    0.17001807    0.16124406    0.17689760    0.00000000

