24
T17            0.00000000    0.27119335    0.26802523    0.30014406    0.26843516    0.28173345    0.32900182    0.33141876    0.32635061    0.34035777    0.32996308    0.36724168    0.33332911    0.45076134    0.45174935    0.40747822    0.39223687    0.38371355    0.39223687    0.30146171    0.30397763    0.06304491    0.06081723    0.06081723
T4             0.27119335    0.00000000    0.00401213    0.03274830    0.03274830    0.06528259    0.08511180    0.08955412    0.08934228    0.23210448    0.22043211    0.25669337    0.22261662    0.38266769    0.38340367    0.33385958    0.34876213    0.34096234    0.34876213    0.23385941    0.24214752    0.29631178    0.28734297    0.28734297
T11            0.26802523    0.00401213    0.00000000    0.03274830    0.03274830    0.06528259    0.08511180    0.08955412    0.08934228    0.22916068    0.21755621    0.25359409    0.21968135    0.37878457    0.37950535    0.33034577    0.34513326    0.33739832    0.34513326    0.23624268    0.24455391    0.29299631    0.28407094    0.28407094
T23            0.30014406    0.03274830    0.03274830    0.00000000    0.04982563    0.08342823    0.10372953    0.10826367    0.10557153    0.24977964    0.23771929    0.25709503    0.24020574    0.40174865    0.40255007    0.34513326    0.36665005    0.35855261    0.36665005    0.25212869    0.26064143    0.31960493    0.31032777    0.31032777
T8             0.26843516    0.03274830    0.03274830    0.04982563    0.00000000    0.06989016    0.09450650    0.09898848    0.09868913    0.22946955    0.21783116    0.24860187    0.22002291    0.38491667    0.38569369    0.33552503    0.34695260    0.33910191    0.34695260    0.24542804    0.25385243    0.28037993    0.27161339    0.27161339
T10            0.28173345    0.06528259    0.06528259    0.08342823    0.06989016    0.00000000    0.10653459    0.11107004    0.11066266    0.25014169    0.23804471    0.27339984    0.24366183    0.38415333    0.38491667    0.35303819    0.34633356    0.34572711    0.35367159    0.26100002    0.26962002    0.29728982    0.28829920    0.28829920
T18            0.32900182    0.08511180    0.08511180    0.10372953    0.09450650    0.10653459    0.00000000    0.00401213    0.04988290    0.26999728    0.25518986    0.29964944    0.27204408    0.42312989    0.43243196    0.36724168    0.38303112    0.37474480    0.38303112    0.28514530    0.29406404    0.33852163    0.32900182    0.32900182
T22            0.33141876    0.08955412    0.08955412    0.10826367    0.09898848    0.11107004    0.00401213    0.00000000    0.05413310    0.27239163    0.25756141    0.30203181    0.27438171    0.42564384    0.43493298    0.36976948    0.38554577    0.37727248    0.38554577    0.28756289    0.29650541    0.34096234    0.33141876    0.33141876
T15            0.32635061    0.08934228    0.08934228    0.10557153    0.09868913    0.11066266    0.04988290    0.05413310    0.00000000    0.28716849    0.26889779    0.29734666    0.28275113    0.42068646    0.42148584    0.36438780    0.38744374    0.37922685    0.38744374    0.27760366    0.28641344    0.33580667    0.32635061    0.32635061
T19            0.34035777    0.23210448    0.22916068    0.24977964    0.22946955    0.25014169    0.26999728    0.27239163    0.28716849    0.00000000    0.01617915    0.16190336    0.13982898    0.51844663    0.51949109    0.46614697    0.45941806    0.44603073    0.45515405    0.34730374    0.34651827    0.36698211    0.36334036    0.36334036
T5             0.32996308    0.22043211    0.21755621    0.23771929    0.21783116    0.23804471    0.25518986    0.25756141    0.26889779    0.01617915    0.00000000    0.15929773    0.13228745    0.50419155    0.50516763    0.45318776    0.44673384    0.43371210    0.44673384    0.33433089    0.33358752    0.36334036    0.35972502    0.35972502
T14            0.36724168    0.25669337    0.25359409    0.25709503    0.24860187    0.27339984    0.29964944    0.30203181    0.29734666    0.16190336    0.15929773    0.00000000    0.08562961    0.49776238    0.49875001    0.45993692    0.48396685    0.47411191    0.48396685    0.37275620    0.37910232    0.40701238    0.40303676    0.40303676
T20            0.33332911    0.22261662    0.21968135    0.24020574    0.22002291    0.24366183    0.27204408    0.27438171    0.28275113    0.13982898    0.13228745    0.08562961    0.00000000    0.49240928    0.49342589    0.43334304    0.46518844    0.45559849    0.46079262    0.34247185    0.34160348    0.36353203    0.36724168    0.36724168
T16            0.45076134    0.38266769    0.37878457    0.40174865    0.38491667    0.38415333    0.42312989    0.42564384    0.42068646    0.51844663    0.50419155    0.49776238    0.49240928    0.00000000    0.00805157    0.12121227    0.14383099    0.14101924    0.13867319    0.44602843    0.45294999    0.46725216    0.45830200    0.45830200
T21            0.45174935    0.38340367    0.37950535    0.40255007    0.38569369    0.38491667    0.43243196    0.43493298    0.42148584    0.51949109    0.50516763    0.49875001    0.49342589    0.00805157    0.00000000    0.12140249    0.14407179    0.14124542    0.13890060    0.44687453    0.45380088    0.46824224    0.45925166    0.45925166
T7             0.40747822    0.33385958    0.33034577    0.34513326    0.33552503    0.35303819    0.36724168    0.36976948    0.36438780    0.46614697    0.45318776    0.45993692    0.43334304    0.12121227    0.12140249    0.00000000    0.09439561    0.09196034    0.09439561    0.38620090    0.39263170    0.42738015    0.41913298    0.41913298
T6             0.39223687    0.34876213    0.34513326    0.36665005    0.34695260    0.34633356    0.38303112    0.38554577    0.38744374    0.45941806    0.44673384    0.48396685    0.46518844    0.14383099    0.14407179    0.09439561    0.00000000    0.01824828    0.02034076    0.40363385    0.41021165    0.41581243    0.40773218    0.40773218
T13            0.38371355    0.34096234    0.33739832    0.35855261    0.33910191    0.34572711    0.37474480    0.37727248    0.37922685    0.44603073    0.43371210    0.47411191    0.45559849    0.14101924    0.14124542    0.09196034    0.01824828    0.00000000    0.01824828    0.40300230    0.40957898    0.41505997    0.40701238    0.40701238
T3             0.39223687    0.34876213    0.34513326    0.36665005    0.34695260    0.35367159    0.38303112    0.38554577    0.38744374    0.45515405    0.44673384    0.48396685    0.46079262    0.13867319    0.13890060    0.09439561    0.02034076    0.01824828    0.00000000    0.41152201    0.41816254    0.42402573    0.41581243    0.41581243
T12            0.30146171    0.23385941    0.23624268    0.25212869    0.24542804    0.26100002    0.28514530    0.28756289    0.27760366    0.34730374    0.33433089    0.37275620    0.34247185    0.44602843    0.44687453    0.38620090    0.40363385    0.40300230    0.41152201    0.00000000    0.01210963    0.30325848    0.29425796    0.29425796
T2             0.30397763    0.24214752    0.24455391    0.26064143    0.25385243    0.26962002    0.29406404    0.29650541    0.28641344    0.34651827    0.33358752    0.37910232    0.34160348    0.45294999    0.45380088    0.39263170    0.41021165    0.40957898    0.41816254    0.01210963    0.00000000    0.30582671    0.29679988    0.29679988
T0             0.06304491    0.29631178    0.29299631    0.31960493    0.28037993    0.29728982    0.33852163    0.34096234    0.33580667    0.36698211    0.36334036    0.40701238    0.36353203    0.46725216    0.46824224    0.42738015    0.41581243    0.41505997    0.42402573    0.30325848    0.30582671    0.00000000    0.00602421    0.00602421
T9             0.06081723    0.28734297    0.28407094    0.31032777    0.27161339    0.28829920    0.32900182    0.33141876    0.32635061    0.36334036    0.35972502    0.40303676    0.36724168    0.45830200    0.45925166    0.41913298    0.40773218    0.40701238    0.41581243    0.29425796    0.29679988    0.00602421    0.00000000    0.00000000
T1             0.06081723    0.28734297    0.28407094    0.31032777    0.27161339    0.28829920    0.32900182    0.33141876    0.32635061    0.36334036    0.35972502    0.40303676    0.36724168    0.45830200    0.45925166    0.41913298    0.40773218    0.40701238    0.41581243    0.29425796    0.29679988    0.00602421    0.00000000    0.00000000

