24
T1             0.00000000    0.36720652    0.37227654    0.41410655    0.41809860    0.38816047    0.39905614    0.32352393    0.32352393    0.26721720    0.29490634    0.28111618    0.27436657    0.26202528    0.27552428    0.20019227    0.21987359    0.23888355    0.23442299    0.18255526    0.19554326    0.19374411    0.19931985    0.11282240
T16            0.36720652    0.00000000    0.11334642    0.15225245    0.15484477    0.12731652    0.12964694    0.12283021    0.12283021    0.24906615    0.26959616    0.27442340    0.25210897    0.27477946    0.27274457    0.33777356    0.34839125    0.38233015    0.34570740    0.32492497    0.34698701    0.33493599    0.33850067    0.30928689
T15            0.37227654    0.11334642    0.00000000    0.06519707    0.06743983    0.04124143    0.04972975    0.11741586    0.11741586    0.23649265    0.25959976    0.26754537    0.26061865    0.26542285    0.26959616    0.34231702    0.36290926    0.37346666    0.34814328    0.31358199    0.33177396    0.32336311    0.32682863    0.30181259
T9             0.41410655    0.15225245    0.06519707    0.00000000    0.00200402    0.03073418    0.03910437    0.15894647    0.15894647    0.26754537    0.28532185    0.29354728    0.29361842    0.30431053    0.30884856    0.39382699    0.41615433    0.41284256    0.37850602    0.34588150    0.37227654    0.35252810    0.35615740    0.34287074
T23            0.41809860    0.15484477    0.06743983    0.00200402    0.00000000    0.03284862    0.04124143    0.16153868    0.16153868    0.27063509    0.28850011    0.29674582    0.29689067    0.30760423    0.31219765    0.39771043    0.42019503    0.41686700    0.38233015    0.34947163    0.37601452    0.35615740    0.35981331    0.34638478
T5             0.38816047    0.12731652    0.04124143    0.03073418    0.03284862    0.00000000    0.01210025    0.13395203    0.13395203    0.25292489    0.26418018    0.27841783    0.26576039    0.28249428    0.28675199    0.36601838    0.38739955    0.39837333    0.36470975    0.33277872    0.34892503    0.34285061    0.34642790    0.32310071
T13            0.39905614    0.12964694    0.04972975    0.03910437    0.04124143    0.01210025    0.00000000    0.14128947    0.14128947    0.26171866    0.27310871    0.28436807    0.27477946    0.29169876    0.29606727    0.37917783    0.39837333    0.40954560    0.37535348    0.34285061    0.35559743    0.34947163    0.35308781    0.33290828
T11            0.32352393    0.12283021    0.11741586    0.15894647    0.16153868    0.13395203    0.14128947    0.00000000    0.00000000    0.23544438    0.25292489    0.26639512    0.25321436    0.26362375    0.25838942    0.32229118    0.33591609    0.34079208    0.31896406    0.28002082    0.30141969    0.29403643    0.29975626    0.26336187
T17            0.32352393    0.12283021    0.11741586    0.15894647    0.16153868    0.13395203    0.14128947    0.00000000    0.00000000    0.23544438    0.25292489    0.26639512    0.25321436    0.26362375    0.25838942    0.32229118    0.33591609    0.34079208    0.31896406    0.28002082    0.30141969    0.29403643    0.29975626    0.26336187
T12            0.26721720    0.24906615    0.23649265    0.26754537    0.27063509    0.25292489    0.26171866    0.23544438    0.23544438    0.00000000    0.05867586    0.06282457    0.09949053    0.13682649    0.13729711    0.24906615    0.25517047    0.25176637    0.24743973    0.19706905    0.22129842    0.22193532    0.22487085    0.19879556
T19            0.29490634    0.26959616    0.25959976    0.28532185    0.28850011    0.26418018    0.27310871    0.25292489    0.25292489    0.05867586    0.00000000    0.06498275    0.11106802    0.15669509    0.15465017    0.27910164    0.27910164    0.27870275    0.27436657    0.22193532    0.24404145    0.24172851    0.24476219    0.22945468
T22            0.28111618    0.27442340    0.26754537    0.29354728    0.29674582    0.27841783    0.28436807    0.26639512    0.26639512    0.06282457    0.06498275    0.00000000    0.12267910    0.15352175    0.15395499    0.26886948    0.28150340    0.27870275    0.26800928    0.21901696    0.23802899    0.23871317    0.24172851    0.22884324
T0             0.27436657    0.25210897    0.26061865    0.29361842    0.29689067    0.26576039    0.27477946    0.25321436    0.25321436    0.09949053    0.11106802    0.12267910    0.00000000    0.14218557    0.14530869    0.26446938    0.27076641    0.25788938    0.26609780    0.22001757    0.23378258    0.21675622    0.21967462    0.20722990
T3             0.26202528    0.27477946    0.26542285    0.30431053    0.30760423    0.28249428    0.29169876    0.26362375    0.26362375    0.13682649    0.15669509    0.15352175    0.14218557    0.00000000    0.05001749    0.24668788    0.25264594    0.26142276    0.25992885    0.21467887    0.22773807    0.22592502    0.22884324    0.20295678
T6             0.27552428    0.27274457    0.26959616    0.30884856    0.31219765    0.28675199    0.29606727    0.25838942    0.25838942    0.13729711    0.15465017    0.15395499    0.14530869    0.05001749    0.00000000    0.25351432    0.25959976    0.25623858    0.24873283    0.21264459    0.23147895    0.22977502    0.23273664    0.21441999
T10            0.20019227    0.33777356    0.34231702    0.39382699    0.39771043    0.36601838    0.37917783    0.32229118    0.32229118    0.24906615    0.27910164    0.26886948    0.26446938    0.24668788    0.25351432    0.00000000    0.03710460    0.22461043    0.21441999    0.18007154    0.19854712    0.19123186    0.19123186    0.14366998
T8             0.21987359    0.34839125    0.36290926    0.41615433    0.42019503    0.38739955    0.39837333    0.33591609    0.33591609    0.25517047    0.27910164    0.28150340    0.27076641    0.25264594    0.25959976    0.03710460    0.00000000    0.24509993    0.22884324    0.19931985    0.21551254    0.21385480    0.21385480    0.15894647
T7             0.23888355    0.38233015    0.37346666    0.41284256    0.41686700    0.39837333    0.40954560    0.34079208    0.34079208    0.25176637    0.27870275    0.27870275    0.25788938    0.26142276    0.25623858    0.22461043    0.24509993    0.00000000    0.09419185    0.08717173    0.13395203    0.13198523    0.13918696    0.16595996
T20            0.23442299    0.34570740    0.34814328    0.37850602    0.38233015    0.36470975    0.37535348    0.31896406    0.31896406    0.24743973    0.27436657    0.26800928    0.26609780    0.25992885    0.24873283    0.21441999    0.22884324    0.09419185    0.00000000    0.07631211    0.14185429    0.13494968    0.13746999    0.16903568
T21            0.18255526    0.32492497    0.31358199    0.34588150    0.34947163    0.33277872    0.34285061    0.28002082    0.28002082    0.19706905    0.22193532    0.21901696    0.22001757    0.21467887    0.21264459    0.18007154    0.19931985    0.08717173    0.07631211    0.00000000    0.09652911    0.08529549    0.08761110    0.12204025
T4             0.19554326    0.34698701    0.33177396    0.37227654    0.37601452    0.34892503    0.35559743    0.30141969    0.30141969    0.22129842    0.24404145    0.23802899    0.23378258    0.22773807    0.23147895    0.19854712    0.21551254    0.13395203    0.14185429    0.09652911    0.00000000    0.08982975    0.09216159    0.13891716
T2             0.19374411    0.33493599    0.32336311    0.35252810    0.35615740    0.34285061    0.34947163    0.29403643    0.29403643    0.22193532    0.24172851    0.23871317    0.21675622    0.22592502    0.22977502    0.19123186    0.21385480    0.13198523    0.13494968    0.08529549    0.08982975    0.00000000    0.00602415    0.12704457
T18            0.19931985    0.33850067    0.32682863    0.35615740    0.35981331    0.34642790    0.35308781    0.29975626    0.29975626    0.22487085    0.24476219    0.24172851    0.21967462    0.22884324    0.23273664    0.19123186    0.21385480    0.13918696    0.13746999    0.08761110    0.09216159    0.00602415    0.00000000    0.13198523
T14            0.11282240    0.30928689    0.30181259    0.34287074    0.34638478    0.32310071    0.33290828    0.26336187    0.26336187    0.19879556    0.22945468    0.22884324    0.20722990    0.20295678    0.21441999    0.14366998    0.15894647    0.16595996    0.16903568    0.12204025    0.13891716    0.12704457    0.13198523    0.00000000

