24
T23            0.00000000    0.31883353    0.32865214    0.34273423    0.34216077    0.35128847    0.31883353    0.31883353    0.36641966    0.34269006    0.39626968    0.33562182    0.32817197    0.33115275    0.31636994    0.46413646    0.48901688    0.47480762    0.46413646    0.46413646    0.46334653    0.46061334    0.21001686    0.21833547
T12            0.31883353    0.00000000    0.07698703    0.09449331    0.12035407    0.12977374    0.20826540    0.20826540    0.25804961    0.24098829    0.28628339    0.24392970    0.23783116    0.24051569    0.22432912    0.34577814    0.35902323    0.35498764    0.36525332    0.36525332    0.35763407    0.35498764    0.18155387    0.18673589
T6             0.32865214    0.07698703    0.00000000    0.09438257    0.15305176    0.16554348    0.22849158    0.22849158    0.28309834    0.26843943    0.30626734    0.27155501    0.26501898    0.26778273    0.25103947    0.37267642    0.37042399    0.37096680    0.37411458    0.37411458    0.36989474    0.36728978    0.21436905    0.22907897
T8             0.34273423    0.09449331    0.09438257    0.00000000    0.15650224    0.16900758    0.24614333    0.24614333    0.30567597    0.28743599    0.33535979    0.28684285    0.28344798    0.28629575    0.27217072    0.40807922    0.41470452    0.41803987    0.41354597    0.41354597    0.40529590    0.40253232    0.22696493    0.24419010
T1             0.34216077    0.12035407    0.15305176    0.15650224    0.00000000    0.03069750    0.22674515    0.22674515    0.29482240    0.27678847    0.31164158    0.26747055    0.25258265    0.25531083    0.25014304    0.38256894    0.39274997    0.37740398    0.37422671    0.37422671    0.36657181    0.36386805    0.21365555    0.23058266
T18            0.35128847    0.12977374    0.16554348    0.16900758    0.03069750    0.00000000    0.24343989    0.24343989    0.31002280    0.29160662    0.33414584    0.27583090    0.26079905    0.26355926    0.25832315    0.38577237    0.39599613    0.38797655    0.38475807    0.38475807    0.37694518    0.37422671    0.22432912    0.24150195
T22            0.31883353    0.20826540    0.22849158    0.24614333    0.22674515    0.24343989    0.00000000    0.00401609    0.13931336    0.12238413    0.18545441    0.13695473    0.13680698    0.13916737    0.12744511    0.22907897    0.24629917    0.24898883    0.21748331    0.21748331    0.21721827    0.21204308    0.17657891    0.19214167
T10            0.31883353    0.20826540    0.22849158    0.24614333    0.22674515    0.24343989    0.00401609    0.00000000    0.13931336    0.12238413    0.18545441    0.13695473    0.13680698    0.13916737    0.12744511    0.22907897    0.24629917    0.24898883    0.21748331    0.21748331    0.21721827    0.21204308    0.17657891    0.19214167
T11            0.36641966    0.25804961    0.28309834    0.30567597    0.29482240    0.31002280    0.13931336    0.13931336    0.00000000    0.02238865    0.19369692    0.15409143    0.15137374    0.15377976    0.13931336    0.27748190    0.29271503    0.29233420    0.27190921    0.27190921    0.26843943    0.26292717    0.21129660    0.22193626
T21            0.34269006    0.24098829    0.26843943    0.28743599    0.27678847    0.29160662    0.12238413    0.12238413    0.02238865    0.00000000    0.18072257    0.14183238    0.13916737    0.14153585    0.12729838    0.26534315    0.28028460    0.27993345    0.25984995    0.25984995    0.25647441    0.25103947    0.19803556    0.20291594
T19            0.39626968    0.28628339    0.30626734    0.33535979    0.31164158    0.33414584    0.18545441    0.18545441    0.19369692    0.18072257    0.00000000    0.10637078    0.09908864    0.10133828    0.09486895    0.31121912    0.32724830    0.33022994    0.30540829    0.30540829    0.29843800    0.29596215    0.24772705    0.25285925
T3             0.33562182    0.24392970    0.27155501    0.28684285    0.26747055    0.27583090    0.13695473    0.13695473    0.15409143    0.14183238    0.10637078    0.00000000    0.02650456    0.03277377    0.03919037    0.27469013    0.28028460    0.28628339    0.26843943    0.26843943    0.26195121    0.25952348    0.21671690    0.23032473
T13            0.32817197    0.23783116    0.26501898    0.28344798    0.25258265    0.26079905    0.13680698    0.13680698    0.15137374    0.13916737    0.09908864    0.02650456    0.00000000    0.00602718    0.03277377    0.27121160    0.28309834    0.28911842    0.26195121    0.26195121    0.25558592    0.25314631    0.21084636    0.22432912
T14            0.33115275    0.24051569    0.26778273    0.28629575    0.25531083    0.26355926    0.13916737    0.13916737    0.15377976    0.14153585    0.10133828    0.03277377    0.00602718    0.00000000    0.03485647    0.27399459    0.29233420    0.29196472    0.26470552    0.26470552    0.25832315    0.25587156    0.21343687    0.22696493
T0             0.31636994    0.22432912    0.25103947    0.27217072    0.25014304    0.25832315    0.12744511    0.12744511    0.13931336    0.12729838    0.09486895    0.03919037    0.03277377    0.03485647    0.00000000    0.26018692    0.27821909    0.28101998    0.25407006    0.25407006    0.24772705    0.24533422    0.19781645    0.21106672
T2             0.46413646    0.34577814    0.37267642    0.40807922    0.38256894    0.38577237    0.22907897    0.22907897    0.27748190    0.26534315    0.31121912    0.27469013    0.27121160    0.27399459    0.26018692    0.00000000    0.03272617    0.04123961    0.05398901    0.05398901    0.05179138    0.04753520    0.31707723    0.33022994
T9             0.48901688    0.35902323    0.37042399    0.41470452    0.39274997    0.39599613    0.24629917    0.24629917    0.29271503    0.28028460    0.32724830    0.28028460    0.28309834    0.29233420    0.27821909    0.03272617    0.00000000    0.04116903    0.05616769    0.05616769    0.05395591    0.04969040    0.33668460    0.35284633
T20            0.47480762    0.35498764    0.37096680    0.41803987    0.37740398    0.38797655    0.24898883    0.24898883    0.29233420    0.27993345    0.33022994    0.28628339    0.28911842    0.29196472    0.28101998    0.04123961    0.04116903    0.00000000    0.06714371    0.06714371    0.06487115    0.06055376    0.32595482    0.33924945
T16            0.46413646    0.36525332    0.37411458    0.41354597    0.37422671    0.38475807    0.21748331    0.21748331    0.27190921    0.25984995    0.30540829    0.26843943    0.26195121    0.26470552    0.25407006    0.05398901    0.05616769    0.06714371    0.00000000    0.00000000    0.01822275    0.01414099    0.31373235    0.33970308
T17            0.46413646    0.36525332    0.37411458    0.41354597    0.37422671    0.38475807    0.21748331    0.21748331    0.27190921    0.25984995    0.30540829    0.26843943    0.26195121    0.26470552    0.25407006    0.05398901    0.05616769    0.06714371    0.00000000    0.00000000    0.01822275    0.01414099    0.31373235    0.33970308
T4             0.46334653    0.35763407    0.36989474    0.40529590    0.36657181    0.37694518    0.21721827    0.21721827    0.26843943    0.25647441    0.29843800    0.26195121    0.25558592    0.25832315    0.24772705    0.05179138    0.05395591    0.06487115    0.01822275    0.01822275    0.00000000    0.00401207    0.31002280    0.33235194
T5             0.46061334    0.35498764    0.36728978    0.40253232    0.36386805    0.37422671    0.21204308    0.21204308    0.26292717    0.25103947    0.29596215    0.25952348    0.25314631    0.25587156    0.24533422    0.04753520    0.04969040    0.06055376    0.01414099    0.01414099    0.00401207    0.00000000    0.30420699    0.32637368
T15            0.21001686    0.18155387    0.21436905    0.22696493    0.21365555    0.22432912    0.17657891    0.17657891    0.21129660    0.19803556    0.24772705    0.21671690    0.21084636    0.21343687    0.19781645    0.31707723    0.33668460    0.32595482    0.31373235    0.31373235    0.31002280    0.30420699    0.00000000    0.04338556
T7             0.21833547    0.18673589    0.22907897    0.24419010    0.23058266    0.24150195    0.19214167    0.19214167    0.22193626    0.20291594    0.25285925    0.23032473    0.22432912    0.22696493    0.21106672    0.33022994    0.35284633    0.33924945    0.33970308    0.33970308    0.33235194    0.32637368    0.04338556    0.00000000

