24
T21            0.00000000    0.39706476    0.33878645    0.37250043    0.38254044    0.38152480    0.37883661    0.38103813    0.37737501    0.31292965    0.31625200    0.33835799    0.34792053    0.32000502    0.36673516    0.35496309    0.35899854    0.35451239    0.35805859    0.34575538    0.38737186    0.36986884    0.11052204    0.10555294
T20            0.39706476    0.00000000    0.06060742    0.08494323    0.24864725    0.24864725    0.22848240    0.24532350    0.24233836    0.29807390    0.29477347    0.28500095    0.28741641    0.27342062    0.27859046    0.29718893    0.30669773    0.29676339    0.29024849    0.28219157    0.30914871    0.30005295    0.40791122    0.40535880
T19            0.33878645    0.06060742    0.00000000    0.03483121    0.20461511    0.20744803    0.19117885    0.20434360    0.20153456    0.25309908    0.25003153    0.22034869    0.22268514    0.22122608    0.23496986    0.26711125    0.27619812    0.26673391    0.26052253    0.24430511    0.26986878    0.26124890    0.36270544    0.36050799
T14            0.37250043    0.08494323    0.03483121    0.00000000    0.22877133    0.23170394    0.21488434    0.22034869    0.22034869    0.28541746    0.28219157    0.25167762    0.25343206    0.25201769    0.26398617    0.29349533    0.30292837    0.29309176    0.28663992    0.27541578    0.29881224    0.28985544    0.38653698    0.38416930
T7             0.38254044    0.24864725    0.20461511    0.22877133    0.00000000    0.06497792    0.08518924    0.08723682    0.08494323    0.27504078    0.27189605    0.26193847    0.25888962    0.25507586    0.30093712    0.28626838    0.29231850    0.28910298    0.29881224    0.26601092    0.30539143    0.28663992    0.43298202    0.42184976
T9             0.38152480    0.24864725    0.20744803    0.23170394    0.06497792    0.00000000    0.08289038    0.09185582    0.08954099    0.28459542    0.28139021    0.27119817    0.26809251    0.26361857    0.31100483    0.29517473    0.30129981    0.29804240    0.30787900    0.27783124    0.31791302    0.29881224    0.43145024    0.42050733
T23            0.37883661    0.22848240    0.19117885    0.21488434    0.08518924    0.08289038    0.00000000    0.05840476    0.05621177    0.26398617    0.26088051    0.25041995    0.24742588    0.24897811    0.28866430    0.27364916    0.28273334    0.27398075    0.28590802    0.25374013    0.28910298    0.27398075    0.39812090    0.40332936
T17            0.38103813    0.24532350    0.20434360    0.22034869    0.08723682    0.09185582    0.05840476    0.00000000    0.00200401    0.26673391    0.26361857    0.25071892    0.24417877    0.24563513    0.28500095    0.26715545    0.27612442    0.26993227    0.27924949    0.25041995    0.27054350    0.25230407    0.41054279    0.40804698
T18            0.37737501    0.24233836    0.20153456    0.22034869    0.08494323    0.08954099    0.05621177    0.00200401    0.00000000    0.26361857    0.26052253    0.24771585    0.24714619    0.24264106    0.28178543    0.26715545    0.27612442    0.26993227    0.27924949    0.24742588    0.27364916    0.25529814    0.40660563    0.40417086
T16            0.31292965    0.29807390    0.25309908    0.28541746    0.27504078    0.28459542    0.26398617    0.26673391    0.26361857    0.00000000    0.00200401    0.13680372    0.14153224    0.11776860    0.16553911    0.19572441    0.20382815    0.19549450    0.19825698    0.17734021    0.21461788    0.20103480    0.32593453    0.31513283
T10            0.31625200    0.29477347    0.25003153    0.28219157    0.27189605    0.28139021    0.26088051    0.26361857    0.26052253    0.00200401    0.00000000    0.13430992    0.13902595    0.11534139    0.16288655    0.19296955    0.20103480    0.19274721    0.19549450    0.17466638    0.21177692    0.19825698    0.32933598    0.31844418
T11            0.33835799    0.28500095    0.22034869    0.25167762    0.26193847    0.27119817    0.25041995    0.25071892    0.24771585    0.13680372    0.13430992    0.00000000    0.02029395    0.11030360    0.16245063    0.21152797    0.22557537    0.21695433    0.21981153    0.19596340    0.22614595    0.22034869    0.35999161    0.35899854
T12            0.34792053    0.28741641    0.22268514    0.25343206    0.25888962    0.26809251    0.24742588    0.24417877    0.24714619    0.14153224    0.13902595    0.02029395    0.00000000    0.11488896    0.16731142    0.21955736    0.22504364    0.21931283    0.22217003    0.20103480    0.22557537    0.21981153    0.36986884    0.36885067
T15            0.32000502    0.27342062    0.22122608    0.25201769    0.25507586    0.26361857    0.24897811    0.24563513    0.24264106    0.11776860    0.11534139    0.11030360    0.11488896    0.00000000    0.10597450    0.20153456    0.20973114    0.20128010    0.20408127    0.18071722    0.21832747    0.20461511    0.33760985    0.32976666
T13            0.36673516    0.27859046    0.23496986    0.26398617    0.30093712    0.31100483    0.28866430    0.28500095    0.28178543    0.16553911    0.16288655    0.16245063    0.16731142    0.10597450    0.00000000    0.23232826    0.24094019    0.23201122    0.22969640    0.21926483    0.25929124    0.24163749    0.38592413    0.38474028
T22            0.35496309    0.29718893    0.26711125    0.29349533    0.28626838    0.29517473    0.27364916    0.26715545    0.26715545    0.19572441    0.19296955    0.21152797    0.21955736    0.20153456    0.23232826    0.00000000    0.01824776    0.01414095    0.02031388    0.03069735    0.05621177    0.05402835    0.37354544    0.37250043
T1             0.35899854    0.30669773    0.27619812    0.30292837    0.29231850    0.30129981    0.28273334    0.27612442    0.27612442    0.20382815    0.20103480    0.22557537    0.22504364    0.20973114    0.24094019    0.01824776    0.00000000    0.01617870    0.02653105    0.03488776    0.06276061    0.06055309    0.37408845    0.37301609
T0             0.35451239    0.29676339    0.26673391    0.29309176    0.28910298    0.29804240    0.27398075    0.26993227    0.26993227    0.19549450    0.19274721    0.21695433    0.21931283    0.20128010    0.23201122    0.01414095    0.01617870    0.00000000    0.02236435    0.03277359    0.05835528    0.05616709    0.37301609    0.37199848
T3             0.35805859    0.29024849    0.26052253    0.28663992    0.29881224    0.30787900    0.28590802    0.27924949    0.27924949    0.19825698    0.19549450    0.21981153    0.22217003    0.20408127    0.22969640    0.02031388    0.02653105    0.02236435    0.00000000    0.03701091    0.06497792    0.06276061    0.37670625    0.37566160
T2             0.34575538    0.28219157    0.24430511    0.27541578    0.26601092    0.27783124    0.25374013    0.25041995    0.24742588    0.17734021    0.17466638    0.19596340    0.20103480    0.18071722    0.21926483    0.03069735    0.03488776    0.03277359    0.03701091    0.00000000    0.04343500    0.04128445    0.35948845    0.35852192
T5             0.38737186    0.30914871    0.26986878    0.29881224    0.30539143    0.31791302    0.28910298    0.27054350    0.27364916    0.21461788    0.21177692    0.22614595    0.22557537    0.21832747    0.25929124    0.05621177    0.06276061    0.05835528    0.06497792    0.04343500    0.00000000    0.02854181    0.40597486    0.40089631
T6             0.36986884    0.30005295    0.26124890    0.28985544    0.28663992    0.29881224    0.27398075    0.25230407    0.25529814    0.20103480    0.19825698    0.22034869    0.21981153    0.20461511    0.24163749    0.05402835    0.06055309    0.05616709    0.06276061    0.04128445    0.02854181    0.00000000    0.38416930    0.37935176
T8             0.11052204    0.40791122    0.36270544    0.38653698    0.43298202    0.43145024    0.39812090    0.41054279    0.40660563    0.32593453    0.32933598    0.35999161    0.36986884    0.33760985    0.38592413    0.37354544    0.37408845    0.37301609    0.37670625    0.35948845    0.40597486    0.38416930    0.00000000    0.02439241
T4             0.10555294    0.40535880    0.36050799    0.38416930    0.42184976    0.42050733    0.40332936    0.40804698    0.40417086    0.31513283    0.31844418    0.35899854    0.36885067    0.32976666    0.38474028    0.37250043    0.37301609    0.37199848    0.37566160    0.35852192    0.40089631    0.37935176    0.02439241    0.00000000

