24
T9             0.00000000    0.30149813    0.31451903    0.31354046    0.30726038    0.30437353    0.29486930    0.31111423    0.30821619    0.30773250    0.28550655    0.48236725    0.42056455    0.20438656    0.26649541    0.26606347    0.26333278    0.27549523    0.31939530    0.25705314    0.24473506    0.25394500    0.26606347    0.25394500
T11            0.30149813    0.00000000    0.10837835    0.10123343    0.09898191    0.09205272    0.08982681    0.09438974    0.09215838    0.09673775    0.08529276    0.35359004    0.28468102    0.19878106    0.24473506    0.24134741    0.26024401    0.25380352    0.31846505    0.24778619    0.24473506    0.23868818    0.25665093    0.24778619
T17            0.31451903    0.10837835    0.00000000    0.06288964    0.06074015    0.11548674    0.11562705    0.11792060    0.11562705    0.11306469    0.10159513    0.38820698    0.32924421    0.22358184    0.27476316    0.27114477    0.27549523    0.27511868    0.33331644    0.27156546    0.26838812    0.26838812    0.28076890    0.26523088
T7             0.31354046    0.10123343    0.06288964    0.00000000    0.00602721    0.10349236    0.10360372    0.10112769    0.10360372    0.10112769    0.08982681    0.39213407    0.32234054    0.20642697    0.24066717    0.23736378    0.25380352    0.25349422    0.32987667    0.25279792    0.24973748    0.24973748    0.26170271    0.24669569
T16            0.30726038    0.09898191    0.06074015    0.00602721    0.00000000    0.10123343    0.10134660    0.09887434    0.10134660    0.09887434    0.08760811    0.39684963    0.31939530    0.20386911    0.23800615    0.23471060    0.24508055    0.24478811    0.32010752    0.24401656    0.24100231    0.24100231    0.25279792    0.23800615
T15            0.30437353    0.09205272    0.11548674    0.10349236    0.10123343    0.00000000    0.01619037    0.04343694    0.04133796    0.06511719    0.05419145    0.39119401    0.33844509    0.21837782    0.27243858    0.26649541    0.27549523    0.27197151    0.33424269    0.26606347    0.26290619    0.25665093    0.26564195    0.26924085
T2             0.29486930    0.08982681    0.11562705    0.10360372    0.10134660    0.01619037    0.00000000    0.04349339    0.04139626    0.06519528    0.05425845    0.37774475    0.32597278    0.21291464    0.26968295    0.26376034    0.26333278    0.25990555    0.33124877    0.26018076    0.25705314    0.25085610    0.25976876    0.26332810
T8             0.31111423    0.09438974    0.11792060    0.10112769    0.09887434    0.04343694    0.04349339    0.00000000    0.01212500    0.06735472    0.05638958    0.39762104    0.34088289    0.21837782    0.26606347    0.26018076    0.27549523    0.27197151    0.33521883    0.25746556    0.26060302    0.25434770    0.26968295    0.26693775
T4             0.30821619    0.09215838    0.11562705    0.10360372    0.10134660    0.04133796    0.04139626    0.01212500    0.00000000    0.06519528    0.05425845    0.39440056    0.33432639    0.21579002    0.26968295    0.26376034    0.27271546    0.26920081    0.32874957    0.25165235    0.25476052    0.24856342    0.26376034    0.25476052
T19            0.30773250    0.09673775    0.11306469    0.10112769    0.09887434    0.06511719    0.06519528    0.06735472    0.06519528    0.00000000    0.02233513    0.41390762    0.34564783    0.21549414    0.26290619    0.25705314    0.26920081    0.26884407    0.32733919    0.25047310    0.24741263    0.24741263    0.25625896    0.25047310
T21            0.28550655    0.08529276    0.10159513    0.08982681    0.08760811    0.05419145    0.05425845    0.05638958    0.05425845    0.02233513    0.00000000    0.39518400    0.32893060    0.20184056    0.25124919    0.24549348    0.25514466    0.25479383    0.31464775    0.23904401    0.23603878    0.23603878    0.24473506    0.23904401
T20            0.48236725    0.35359004    0.38820698    0.39213407    0.39684963    0.39119401    0.37774475    0.39762104    0.39440056    0.41390762    0.39518400    0.00000000    0.21609532    0.38967280    0.43320431    0.41720872    0.49019340    0.48911314    0.49856871    0.42052454    0.41224686    0.43320431    0.44965580    0.42894183
T12            0.42056455    0.28468102    0.32924421    0.32234054    0.31939530    0.33844509    0.32597278    0.34088289    0.33432639    0.34564783    0.32893060    0.21609532    0.00000000    0.33027014    0.40008219    0.38749483    0.42805674    0.41900929    0.45652027    0.34693309    0.35054736    0.35785538    0.37214767    0.35785538
T23            0.20438656    0.19878106    0.22358184    0.20642697    0.20386911    0.21837782    0.21291464    0.21837782    0.21579002    0.21549414    0.20184056    0.38967280    0.33027014    0.00000000    0.10010603    0.09754701    0.11334108    0.10837835    0.17804025    0.10218026    0.09978141    0.09739404    0.10684390    0.10218026
T1             0.26649541    0.24473506    0.27476316    0.24066717    0.23800615    0.27243858    0.26968295    0.26606347    0.26968295    0.26290619    0.25124919    0.43320431    0.40008219    0.10010603    0.00000000    0.03502241    0.14078971    0.13548793    0.21609532    0.13399484    0.12891646    0.13144919    0.14146864    0.13399484
T14            0.26606347    0.24134741    0.27114477    0.23736378    0.23471060    0.26649541    0.26376034    0.26018076    0.26376034    0.25705314    0.24549348    0.41720872    0.38749483    0.09754701    0.03502241    0.00000000    0.13802705    0.13277838    0.21868207    0.13377272    0.12870725    0.13123356    0.14123448    0.13632486
T5             0.26333278    0.26024401    0.27549523    0.25380352    0.24508055    0.27549523    0.26333278    0.27549523    0.27271546    0.26920081    0.25514466    0.49019340    0.42805674    0.11334108    0.14078971    0.13802705    0.00000000    0.00805154    0.23117126    0.14509919    0.15025609    0.14254058    0.15264278    0.14254058
T13            0.27549523    0.25380352    0.27511868    0.25349422    0.24478811    0.27197151    0.25990555    0.27197151    0.26920081    0.26884407    0.25479383    0.48911314    0.41900929    0.10837835    0.13548793    0.13277838    0.00805154    0.00000000    0.22509162    0.13981625    0.14490737    0.13729003    0.14728222    0.13729003
T10            0.31939530    0.31846505    0.33331644    0.32987667    0.32010752    0.33424269    0.33124877    0.33521883    0.32874957    0.32733919    0.31464775    0.49856871    0.45652027    0.17804025    0.21609532    0.21868207    0.23117126    0.22509162    0.00000000    0.14406993    0.15170653    0.13904302    0.14899211    0.14406993
T0             0.25705314    0.24778619    0.27156546    0.25279792    0.24401656    0.26606347    0.26018076    0.25746556    0.25165235    0.25047310    0.23904401    0.42052454    0.34693309    0.10218026    0.13399484    0.13377272    0.14509919    0.13981625    0.14406993    0.00000000    0.01833261    0.01010154    0.01829822    0.03082394
T18            0.24473506    0.24473506    0.26838812    0.24973748    0.24100231    0.26290619    0.25705314    0.26060302    0.25476052    0.24741263    0.23603878    0.41224686    0.35054736    0.09978141    0.12891646    0.12870725    0.15025609    0.14490737    0.15170653    0.01833261    0.00000000    0.01626208    0.02454875    0.03722133
T6             0.25394500    0.23868818    0.26838812    0.24973748    0.24100231    0.25665093    0.25085610    0.25434770    0.24856342    0.24741263    0.23603878    0.43320431    0.35785538    0.09739404    0.13144919    0.13123356    0.14254058    0.13729003    0.13904302    0.01010154    0.01626208    0.00000000    0.01212500    0.02870957
T3             0.26606347    0.25665093    0.28076890    0.26170271    0.25279792    0.26564195    0.25976876    0.26968295    0.26376034    0.25625896    0.24473506    0.44965580    0.37214767    0.10684390    0.14146864    0.14123448    0.15264278    0.14728222    0.14899211    0.01829822    0.02454875    0.01212500    0.00000000    0.03715940
T22            0.25394500    0.24778619    0.26523088    0.24669569    0.23800615    0.26924085    0.26332810    0.26693775    0.25476052    0.25047310    0.23904401    0.42894183    0.35785538    0.10218026    0.13399484    0.13632486    0.14254058    0.13729003    0.14406993    0.03082394    0.03722133    0.02870957    0.03715940    0.00000000

