24
T23            0.00000000    0.27650094    0.28845796    0.22676886    0.25590741    0.23035325    0.24665984    0.17131542    0.17610968    0.15635635    0.16169855    0.16169855    0.16364494    0.16152613    0.15668273    0.15893455    0.11983148    0.14128095    0.13654464    0.11995293    0.11951391    0.12902924    0.10598323    0.10575659
T18            0.27650094    0.00000000    0.04756868    0.26056958    0.29064414    0.28180634    0.34984243    0.27248348    0.27474297    0.25482274    0.25808269    0.25808269    0.25160925    0.27618013    0.24888478    0.25434436    0.26782349    0.29416671    0.29165507    0.28633327    0.27930717    0.28120383    0.27683280    0.27307257
T9             0.28845796    0.04756868    0.00000000    0.27528433    0.30281653    0.28495305    0.35954302    0.27307257    0.27277250    0.25781843    0.26720688    0.26720688    0.26969369    0.27930717    0.25781843    0.26333154    0.28597133    0.31046665    0.31379149    0.30505467    0.29774209    0.29703833    0.29524308    0.29130662
T4             0.22676886    0.26056958    0.27528433    0.00000000    0.07599186    0.10837616    0.32304528    0.23380713    0.23300409    0.22272350    0.20874346    0.20874346    0.22482900    0.22561523    0.21414748    0.21367913    0.24837592    0.25318207    0.24422149    0.22746157    0.22458655    0.22088956    0.22272350    0.22220624
T15            0.25590741    0.29064414    0.30281653    0.07599186    0.00000000    0.12314584    0.33977498    0.25444037    0.25716091    0.23704630    0.23205669    0.23205669    0.24209042    0.24903018    0.23409475    0.23352946    0.26331885    0.26505962    0.25893954    0.23885525    0.23592110    0.23207408    0.25139893    0.25076742
T2             0.23035325    0.28180634    0.28495305    0.10837616    0.12314584    0.00000000    0.30755358    0.22246001    0.23035325    0.21207113    0.20949760    0.20949760    0.21984843    0.21207113    0.20641853    0.20594100    0.24634037    0.25716091    0.24506834    0.22534337    0.22824348    0.22722072    0.22011330    0.21959320
T12            0.24665984    0.34984243    0.35954302    0.32304528    0.33977498    0.30755358    0.00000000    0.17202912    0.18174518    0.16187946    0.20183270    0.20183270    0.21724647    0.20898544    0.20949760    0.20949760    0.25620504    0.27963782    0.27403877    0.25107801    0.24449351    0.26691486    0.23618734    0.23618734
T13            0.17131542    0.27248348    0.27307257    0.23380713    0.25444037    0.22246001    0.17202912    0.00000000    0.07403558    0.08078601    0.11562458    0.11562458    0.11752512    0.12252780    0.10825336    0.11281622    0.18232613    0.20617508    0.19323053    0.18027573    0.17984101    0.18712373    0.16693615    0.16657245
T10            0.17610968    0.27474297    0.27277250    0.23300409    0.25716091    0.23035325    0.18174518    0.07403558    0.00000000    0.08740981    0.13243206    0.13243206    0.13184066    0.13947902    0.12484427    0.12950064    0.19299823    0.21390851    0.20411507    0.19095847    0.18774856    0.19508925    0.16379843    0.16869669
T22            0.15635635    0.25482274    0.25781843    0.22272350    0.23704630    0.21207113    0.16187946    0.08078601    0.08740981    0.00000000    0.10652602    0.10652602    0.10837616    0.12067593    0.10878949    0.11091675    0.16187946    0.18774856    0.18005398    0.16247288    0.15945689    0.17677380    0.15205189    0.15945689
T0             0.16169855    0.25808269    0.26720688    0.20874346    0.23205669    0.20949760    0.20183270    0.11562458    0.13243206    0.10652602    0.00000000    0.00401611    0.06944575    0.10894216    0.09724655    0.10412152    0.17533761    0.18524877    0.19347187    0.17827476    0.17511300    0.17696197    0.16268748    0.16226665
T21            0.16169855    0.25808269    0.26720688    0.20874346    0.23205669    0.20949760    0.20183270    0.11562458    0.13243206    0.10652602    0.00401611    0.00000000    0.06944575    0.10894216    0.09724655    0.10412152    0.17533761    0.18524877    0.19347187    0.17827476    0.17511300    0.17696197    0.16268748    0.16226665
T8             0.16364494    0.25160925    0.26969369    0.22482900    0.24209042    0.21984843    0.21724647    0.11752512    0.13184066    0.10837616    0.06944575    0.06944575    0.00000000    0.12545580    0.11348824    0.11562458    0.18253757    0.18442721    0.19530178    0.17736467    0.17696197    0.18424425    0.16449826    0.16413123
T11            0.16152613    0.27618013    0.27930717    0.22561523    0.24903018    0.21207113    0.20898544    0.12252780    0.13947902    0.12067593    0.10894216    0.10894216    0.12545580    0.00000000    0.03710364    0.04343661    0.18547645    0.19552348    0.19552348    0.18298696    0.17715893    0.17642397    0.16469453    0.16169855
T17            0.15668273    0.24888478    0.25781843    0.21414748    0.23409475    0.20641853    0.20949760    0.10825336    0.12484427    0.10878949    0.09724655    0.09724655    0.11348824    0.03710364    0.00000000    0.01007280    0.17243808    0.19048202    0.18232613    0.17803422    0.17489705    0.16919810    0.15723519    0.15427363
T7             0.15893455    0.25434436    0.26333154    0.21367913    0.23352946    0.20594100    0.20949760    0.11281622    0.12950064    0.11091675    0.10412152    0.10412152    0.11562458    0.04343661    0.01007280    0.00000000    0.16977742    0.18774856    0.18232613    0.17803422    0.17489705    0.17183763    0.15945689    0.15170204
T1             0.11983148    0.26782349    0.28597133    0.24837592    0.26331885    0.24634037    0.25620504    0.18232613    0.19299823    0.16187946    0.17533761    0.17533761    0.18253757    0.18547645    0.17243808    0.16977742    0.00000000    0.11548425    0.09685274    0.09251721    0.09461770    0.09438808    0.11837969    0.11562458
T20            0.14128095    0.29416671    0.31046665    0.25318207    0.26505962    0.25716091    0.27963782    0.20617508    0.21390851    0.18774856    0.18524877    0.18524877    0.18442721    0.19552348    0.19048202    0.18774856    0.11548425    0.00000000    0.10825336    0.10123149    0.10338639    0.09851630    0.14709592    0.14675596
T6             0.13654464    0.29165507    0.31379149    0.24422149    0.25893954    0.24506834    0.27403877    0.19323053    0.20411507    0.18005398    0.19347187    0.19347187    0.19530178    0.19552348    0.18232613    0.18232613    0.09685274    0.10825336    0.00000000    0.04988098    0.05194695    0.07825465    0.13477311    0.13446490
T16            0.11995293    0.28633327    0.30505467    0.22746157    0.23885525    0.22534337    0.25107801    0.18027573    0.19095847    0.16247288    0.17827476    0.17827476    0.17736467    0.18298696    0.17803422    0.17803422    0.09251721    0.10123149    0.04988098    0.00000000    0.02648458    0.06276322    0.11577249    0.11306230
T14            0.11951391    0.27930717    0.29774209    0.22458655    0.23592110    0.22824348    0.24449351    0.17984101    0.18774856    0.15945689    0.17511300    0.17511300    0.17696197    0.17715893    0.17489705    0.17489705    0.09461770    0.10338639    0.05194695    0.02648458    0.00000000    0.06709037    0.12008213    0.11983148
T19            0.12902924    0.28120383    0.29703833    0.22088956    0.23207408    0.22722072    0.26691486    0.18712373    0.19508925    0.17677380    0.17696197    0.17696197    0.18424425    0.17642397    0.16919810    0.17183763    0.09438808    0.09851630    0.07825465    0.06276322    0.06709037    0.00000000    0.12226520    0.12446754
T3             0.10598323    0.27683280    0.29524308    0.22272350    0.25139893    0.22011330    0.23618734    0.16693615    0.16379843    0.15205189    0.16268748    0.16268748    0.16449826    0.16469453    0.15723519    0.15945689    0.11837969    0.14709592    0.13477311    0.11577249    0.12008213    0.12226520    0.00000000    0.02440548
T5             0.10575659    0.27307257    0.29130662    0.22220624    0.25076742    0.21959320    0.23618734    0.16657245    0.16869669    0.15945689    0.16226665    0.16226665    0.16413123    0.16169855    0.15427363    0.15170204    0.11562458    0.14675596    0.13446490    0.11306230    0.11983148    0.12446754    0.02440548    0.00000000

