24
T10            0.00000000    0.28798218    0.29450819    0.33832446    0.33134178    0.30514817    0.35472576    0.35076798    0.32061070    0.31180450    0.31180450    0.35922917    0.25962889    0.25962889    0.26029921    0.26304015    0.26339018    0.26101169    0.28927601    0.29325115    0.29407784    0.25792065    0.26545331    0.25520147
T22            0.28798218    0.00000000    0.02653231    0.22967855    0.21549867    0.19658440    0.29358076    0.30163313    0.25240188    0.22967855    0.22967855    0.26975545    0.20000659    0.20000659    0.20041807    0.20297281    0.19766053    0.16887861    0.22463009    0.25189560    0.25240188    0.19419309    0.22337607    0.20770954
T0             0.29450819    0.02653231    0.00000000    0.24968211    0.23500110    0.21549867    0.30324218    0.31132532    0.26757454    0.24427384    0.24427384    0.28535519    0.21394921    0.21394921    0.21160342    0.21418953    0.21160342    0.18215331    0.23331084    0.26392325    0.26450282    0.20237499    0.23190766    0.21049003
T7             0.33832446    0.22967855    0.24968211    0.00000000    0.03710535    0.04139819    0.18256956    0.19051725    0.15266431    0.14597016    0.14597016    0.17492712    0.16696230    0.16696230    0.16514158    0.16492729    0.17492712    0.14950207    0.20954174    0.28396508    0.28717542    0.24427384    0.27937799    0.27066532
T20            0.33134178    0.21549867    0.23500110    0.03710535    0.00000000    0.04139819    0.18800972    0.19051725    0.15266431    0.14597016    0.14597016    0.18302133    0.16433541    0.16433541    0.16514158    0.16492729    0.17225801    0.14186263    0.20671368    0.27445635    0.27760581    0.23838432    0.26392325    0.26144992
T3             0.30514817    0.19658440    0.21549867    0.04139819    0.04139819    0.00000000    0.16138414    0.16642678    0.12240625    0.11578716    0.11578716    0.15140476    0.14632502    0.14632502    0.14694255    0.14677579    0.15396418    0.12938491    0.18506225    0.25052535    0.25354142    0.21588841    0.24058788    0.23233477
T1             0.35472576    0.29358076    0.30324218    0.18256956    0.18800972    0.16138414    0.00000000    0.04338848    0.11251400    0.10566372    0.10566372    0.14606604    0.20597936    0.20597936    0.20365537    0.20063784    0.21963737    0.19303375    0.24812356    0.32018569    0.32357018    0.29358076    0.31789314    0.30289648
T14            0.35076798    0.30163313    0.31132532    0.19051725    0.19051725    0.16642678    0.04338848    0.00000000    0.12448002    0.11032167    0.11032167    0.15608275    0.21371851    0.21371851    0.20297281    0.20276408    0.22750690    0.19787262    0.25023381    0.32061070    0.32996116    0.29009716    0.30719044    0.30515122
T23            0.32061070    0.25240188    0.26757454    0.15266431    0.15266431    0.12240625    0.11251400    0.12448002    0.00000000    0.06952483    0.06952483    0.11032167    0.17168046    0.17168046    0.16980590    0.16960312    0.17699012    0.15929786    0.22594775    0.30310454    0.30643278    0.25596657    0.27035104    0.26480886
T18            0.31180450    0.22967855    0.24427384    0.14597016    0.14597016    0.11578716    0.10566372    0.11032167    0.06952483    0.00000000    0.00000000    0.08947404    0.15912281    0.15912281    0.15726046    0.15706697    0.16960312    0.15207480    0.21524646    0.27835069    0.28154054    0.24186023    0.26450282    0.25962889
T11            0.31180450    0.22967855    0.24427384    0.14597016    0.14597016    0.11578716    0.10566372    0.11032167    0.06952483    0.00000000    0.00000000    0.08947404    0.15912281    0.15912281    0.15726046    0.15706697    0.16960312    0.15207480    0.21524646    0.27835069    0.28154054    0.24186023    0.26450282    0.25962889
T2             0.35922917    0.26975545    0.28535519    0.17492712    0.18302133    0.15140476    0.14606604    0.15608275    0.11032167    0.08947404    0.08947404    0.00000000    0.19533639    0.19533639    0.19856439    0.19832458    0.20086692    0.18215331    0.26650046    0.32018569    0.32357018    0.28786553    0.30547157    0.30034780
T6             0.25962889    0.20000659    0.21394921    0.16696230    0.16433541    0.14632502    0.20597936    0.21371851    0.17168046    0.15912281    0.15912281    0.19533639    0.00000000    0.00000000    0.05190029    0.04969302    0.05182243    0.08046094    0.14492579    0.22802123    0.22566459    0.20553691    0.22990912    0.21609799
T9             0.25962889    0.20000659    0.21394921    0.16696230    0.16433541    0.14632502    0.20597936    0.21371851    0.17168046    0.15912281    0.15912281    0.19533639    0.00000000    0.00000000    0.05190029    0.04969302    0.05182243    0.08046094    0.14492579    0.22802123    0.22566459    0.20553691    0.22990912    0.21609799
T13            0.26029921    0.20041807    0.21160342    0.16514158    0.16514158    0.14694255    0.20365537    0.20297281    0.16980590    0.15726046    0.15726046    0.19856439    0.05190029    0.05190029    0.00000000    0.00602723    0.06067476    0.08290178    0.16317293    0.24214552    0.24274669    0.20319095    0.22750690    0.20575340
T8             0.26304015    0.20297281    0.21418953    0.16492729    0.16492729    0.14677579    0.20063784    0.20276408    0.16960312    0.15706697    0.15706697    0.19832458    0.04969302    0.04969302    0.00602723    0.00000000    0.05840985    0.08511162    0.16559550    0.24186023    0.23946982    0.20575340    0.23014975    0.20832526
T5             0.26339018    0.19766053    0.21160342    0.17492712    0.17225801    0.15396418    0.21963737    0.22750690    0.17699012    0.16960312    0.16960312    0.20086692    0.05182243    0.05182243    0.06067476    0.05840985    0.00000000    0.08751206    0.17390797    0.24812356    0.24574474    0.21394921    0.24158517    0.23040042
T17            0.26101169    0.16887861    0.18215331    0.14950207    0.14186263    0.12938491    0.19303375    0.19787262    0.15929786    0.15207480    0.15207480    0.18215331    0.08046094    0.08046094    0.08290178    0.08511162    0.08751206    0.00000000    0.14237276    0.23093171    0.23150277    0.17910386    0.21090659    0.19472294
T4             0.28927601    0.22463009    0.23331084    0.20954174    0.20671368    0.18506225    0.24812356    0.25023381    0.22594775    0.21524646    0.21524646    0.26650046    0.14492579    0.14492579    0.16317293    0.16559550    0.17390797    0.14237276    0.00000000    0.25930961    0.25995876    0.21328612    0.25267094    0.23546546
T15            0.29325115    0.25189560    0.26392325    0.28396508    0.27445635    0.25052535    0.32018569    0.32061070    0.30310454    0.27835069    0.27835069    0.32018569    0.22802123    0.22802123    0.24214552    0.24186023    0.24812356    0.23093171    0.25930961    0.00000000    0.00602416    0.15099016    0.16856873    0.16856873
T16            0.29407784    0.25240188    0.26450282    0.28717542    0.27760581    0.25354142    0.32357018    0.32996116    0.30643278    0.28154054    0.28154054    0.32357018    0.22566459    0.22566459    0.24274669    0.23946982    0.24574474    0.23150277    0.25995876    0.00602416    0.00000000    0.15125814    0.16887861    0.16626559
T19            0.25792065    0.19419309    0.20237499    0.24427384    0.23838432    0.21588841    0.29358076    0.29009716    0.25596657    0.24186023    0.24186023    0.28786553    0.20553691    0.20553691    0.20319095    0.20575340    0.21394921    0.17910386    0.21328612    0.15099016    0.15125814    0.00000000    0.09868734    0.08039592
T21            0.26545331    0.22337607    0.23190766    0.27937799    0.26392325    0.24058788    0.31789314    0.30719044    0.27035104    0.26450282    0.26450282    0.30547157    0.22990912    0.22990912    0.22750690    0.23014975    0.24158517    0.21090659    0.25267094    0.16856873    0.16887861    0.09868734    0.00000000    0.09178444
T12            0.25520147    0.20770954    0.21049003    0.27066532    0.26144992    0.23233477    0.30289648    0.30515122    0.26480886    0.25962889    0.25962889    0.30034780    0.21609799    0.21609799    0.20575340    0.20832526    0.23040042    0.19472294    0.23546546    0.16856873    0.16626559    0.08039592    0.09178444    0.00000000

