24
T14            0.00000000    0.35295503    0.34564657    0.34564657    0.36343475    0.33272909    0.33977924    0.32729893    0.32783038    0.31260564    0.28593411    0.29247630    0.29486720    0.29158543    0.25279649    0.24635055    0.24938314    0.37976032    0.34032377    0.26564107    0.26298195    0.25445091    0.26018023    0.24100088
T7             0.35295503    0.00000000    0.03284811    0.03710390    0.19930278    0.16733859    0.16694040    0.14747214    0.19121627    0.19048770    0.16777086    0.16777086    0.18621855    0.17266038    0.21779616    0.21520624    0.21808164    0.32487347    0.30346052    0.20157467    0.20316029    0.19489135    0.20438533    0.19048770
T16            0.34564657    0.03284811    0.00000000    0.01620807    0.19425643    0.16247725    0.16207296    0.14747214    0.18347729    0.17511796    0.15503718    0.15503718    0.17312123    0.15985135    0.21837663    0.21808164    0.22097371    0.32597188    0.29772031    0.19650783    0.19806377    0.18984016    0.19930278    0.19048770
T8             0.34564657    0.03710390    0.01620807    0.00000000    0.19986213    0.16777086    0.16733859    0.15005060    0.19174666    0.18548197    0.16291511    0.16291511    0.17581808    0.16777086    0.22712916    0.22097371    0.22388264    0.33304734    0.30437136    0.20211347    0.20362244    0.19530748    0.20494008    0.19600040
T19            0.36343475    0.19930278    0.19425643    0.19986213    0.00000000    0.09401773    0.18233116    0.14914692    0.23868717    0.22882238    0.19096445    0.19650783    0.20157467    0.19877975    0.23971936    0.23647225    0.23942407    0.33977924    0.33077434    0.22012091    0.23276428    0.22459389    0.22882238    0.21391528
T2             0.33272909    0.16733859    0.16247725    0.16777086    0.09401773    0.00000000    0.15170548    0.12978661    0.21034354    0.19552932    0.16999239    0.17266038    0.17758417    0.17223391    0.20924371    0.20618156    0.20899216    0.31111225    0.29278275    0.18732819    0.19960746    0.19180083    0.19278061    0.18157400
T5             0.33977924    0.16694040    0.16207296    0.16733859    0.18233116    0.15170548    0.00000000    0.10320249    0.20131903    0.19236119    0.16170244    0.16958013    0.17984597    0.16657648    0.23116892    0.22798091    0.23088974    0.33924719    0.28710433    0.21466130    0.21867609    0.21066322    0.20338670    0.20294324
T4             0.32729893    0.14747214    0.14747214    0.15005060    0.14914692    0.12978661    0.10320249    0.00000000    0.16188346    0.15620920    0.13446760    0.13197916    0.13918046    0.13171511    0.19278061    0.18482522    0.18753661    0.30725796    0.26298195    0.17984597    0.18658502    0.17891325    0.17449576    0.16624707
T20            0.32783038    0.19121627    0.18347729    0.19174666    0.23868717    0.21034354    0.20131903    0.16188346    0.00000000    0.08972629    0.09265337    0.08539646    0.09215817    0.09215817    0.17449576    0.17964168    0.18233116    0.29958966    0.26024141    0.16490371    0.16855084    0.16106362    0.16450244    0.15893817
T0             0.31260564    0.19048770    0.17511796    0.18548197    0.22882238    0.19552932    0.19236119    0.15620920    0.08972629    0.00000000    0.08510628    0.08052865    0.08724281    0.08724281    0.17131950    0.17378863    0.17642829    0.28750011    0.26231715    0.16431455    0.16815437    0.16067488    0.16396440    0.15849195
T15            0.28593411    0.16777086    0.15503718    0.16291511    0.19096445    0.16999239    0.16170244    0.13446760    0.09265337    0.08510628    0.00000000    0.05419139    0.06067187    0.05626591    0.14406881    0.14645185    0.14899088    0.25550418    0.23736180    0.13696850    0.14354581    0.13630688    0.14200822    0.13171511
T13            0.29247630    0.16777086    0.15503718    0.16291511    0.19650783    0.17266038    0.16958013    0.13197916    0.08539646    0.08052865    0.05419139    0.00000000    0.02653172    0.03497147    0.13904185    0.14141223    0.14392568    0.24938314    0.22562321    0.13696850    0.14105124    0.13383698    0.13696850    0.12679953
T18            0.29486720    0.18621855    0.17312123    0.17581808    0.20157467    0.17758417    0.17984597    0.13918046    0.09215817    0.08724281    0.06067187    0.02653172    0.00000000    0.04128613    0.15138863    0.15379472    0.15124273    0.26405851    0.23145799    0.14931122    0.15338802    0.14605292    0.14931122    0.13891137
T1             0.29158543    0.17266038    0.15985135    0.16777086    0.19877975    0.17223391    0.16657648    0.13171511    0.09215817    0.08724281    0.05626591    0.03497147    0.04128613    0.00000000    0.14379079    0.14617758    0.14870373    0.25859308    0.23675876    0.14169394    0.14582868    0.13856908    0.14169394    0.13148313
T23            0.25279649    0.21779616    0.21837663    0.22712916    0.23971936    0.20924371    0.23116892    0.19278061    0.17449576    0.17131950    0.14406881    0.13904185    0.15138863    0.14379079    0.00000000    0.02650501    0.02442155    0.14966453    0.20157467    0.09909662    0.11260243    0.10803202    0.10624166    0.09186278
T22            0.24635055    0.21520624    0.21808164    0.22097371    0.23647225    0.20618156    0.22798091    0.18482522    0.17964168    0.17378863    0.14645185    0.14141223    0.15379472    0.14617758    0.02650501    0.00000000    0.00603636    0.15205554    0.19576030    0.09662803    0.11012458    0.10556156    0.10372225    0.08502391
T10            0.24938314    0.21808164    0.22097371    0.22388264    0.23942407    0.20899216    0.23088974    0.18753661    0.18233116    0.17642829    0.14899088    0.14392568    0.15124273    0.14870373    0.02442155    0.00603636    0.00000000    0.15464064    0.19853193    0.09898158    0.11250614    0.10793183    0.10610958    0.08732325
T6             0.37976032    0.32487347    0.32597188    0.33304734    0.33977924    0.31111225    0.33924719    0.30725796    0.29958966    0.28750011    0.25550418    0.24938314    0.26405851    0.25859308    0.14966453    0.15205554    0.15464064    0.00000000    0.32192848    0.22034482    0.22975185    0.22451607    0.22034482    0.20808206
T9             0.34032377    0.30346052    0.29772031    0.30437136    0.33077434    0.29278275    0.28710433    0.26298195    0.26024141    0.26231715    0.23736180    0.22562321    0.23145799    0.23675876    0.20157467    0.19576030    0.19853193    0.32192848    0.00000000    0.14217751    0.15635982    0.14931122    0.14985348    0.14184702
T21            0.26564107    0.20157467    0.19650783    0.20211347    0.22012091    0.18732819    0.21466130    0.17984597    0.16490371    0.16431455    0.13696850    0.13696850    0.14931122    0.14169394    0.09909662    0.09662803    0.09898158    0.22034482    0.14217751    0.00000000    0.06926497    0.06492390    0.06304264    0.04972904
T17            0.26298195    0.20316029    0.19806377    0.20362244    0.23276428    0.19960746    0.21867609    0.18658502    0.16855084    0.16815437    0.14354581    0.14105124    0.15338802    0.14582868    0.11260243    0.11012458    0.11250614    0.22975185    0.15635982    0.06926497    0.00000000    0.01617886    0.04753624    0.04322622
T3             0.25445091    0.19489135    0.18984016    0.19530748    0.22459389    0.19180083    0.21066322    0.17891325    0.16106362    0.16067488    0.13630688    0.13383698    0.14605292    0.13856908    0.10803202    0.10556156    0.10793183    0.22451607    0.14931122    0.06492390    0.01617886    0.00000000    0.04330684    0.03900657
T12            0.26018023    0.20438533    0.19930278    0.20494008    0.22882238    0.19278061    0.20338670    0.17449576    0.16450244    0.16396440    0.14200822    0.13696850    0.14931122    0.14169394    0.10624166    0.10372225    0.10610958    0.22034482    0.14985348    0.06304264    0.04753624    0.04330684    0.00000000    0.03701215
T11            0.24100088    0.19048770    0.19048770    0.19600040    0.21391528    0.18157400    0.20294324    0.16624707    0.15893817    0.15849195    0.13171511    0.12679953    0.13891137    0.13148313    0.09186278    0.08502391    0.08732325    0.20808206    0.14184702    0.04972904    0.04322622    0.03900657    0.03701215    0.00000000

