24
T8             0.00000000    0.29238178    0.23380437    0.27269618    0.27231894    0.26954948    0.21350617    0.20807148    0.20493020    0.18298505    0.20437605    0.20493020    0.18774675    0.22797047    0.20923453    0.18298505    0.20522104    0.20385873    0.18647324    0.21063111    0.17469941    0.19259901    0.18398879    0.17043209
T17            0.29238178    0.00000000    0.10304571    0.13148025    0.13137646    0.12902869    0.23275418    0.23885262    0.23566256    0.29738031    0.28314223    0.27826576    0.29276426    0.32601164    0.28845403    0.28426387    0.28748150    0.27448661    0.27682904    0.29773782    0.27231894    0.28880345    0.27091786    0.26110272
T10            0.23380437    0.10304571    0.00000000    0.03497116    0.03492665    0.03284785    0.19025547    0.17963530    0.18752958    0.26262972    0.25620188    0.24775960    0.25620188    0.29096588    0.25590440    0.25784652    0.26404241    0.24126752    0.24001226    0.25139550    0.23567763    0.25139550    0.23144653    0.22797047
T16            0.27269618    0.13148025    0.03497116    0.00000000    0.00805152    0.00603634    0.21778583    0.19828520    0.20923453    0.30012540    0.28032834    0.26847958    0.27717176    0.31632365    0.27997566    0.29440737    0.29861031    0.27403502    0.27308415    0.28506701    0.26562322    0.28506701    0.26404241    0.26022665
T20            0.27231894    0.13137646    0.03492665    0.00805152    0.00000000    0.00200301    0.21751017    0.19805595    0.20898325    0.29969874    0.28632901    0.27437883    0.28314223    0.32263076    0.28596724    0.29397966    0.29814914    0.27370214    0.26642248    0.27826576    0.26521233    0.28465992    0.26367342    0.25988827
T7             0.26954948    0.12902869    0.03284785    0.00603634    0.00200301    0.00000000    0.21491909    0.19552159    0.20641633    0.29683353    0.28350500    0.27159677    0.28032834    0.31967054    0.28314223    0.29113703    0.29529652    0.27091786    0.26367342    0.27547557    0.26247643    0.28184935    0.26093485    0.25715733
T3             0.21350617    0.23275418    0.19025547    0.21778583    0.21751017    0.21491909    0.00000000    0.07215942    0.07433066    0.22973950    0.24435529    0.24205205    0.23832757    0.27547557    0.24703330    0.22813514    0.25247137    0.24365708    0.22923937    0.25433040    0.22823721    0.26237516    0.23872345    0.22588380
T15            0.20807148    0.23885262    0.17963530    0.19828520    0.19805595    0.19552159    0.07215942    0.00000000    0.02238897    0.21836568    0.22387117    0.21577814    0.21807101    0.25410676    0.22648616    0.21033319    0.22483462    0.24098736    0.22886177    0.25163535    0.20787495    0.25649434    0.22701815    0.21739755
T22            0.20493020    0.23566256    0.18752958    0.20923453    0.20898325    0.20641633    0.07433066    0.02238897    0.00000000    0.22387117    0.22942029    0.22711691    0.22942029    0.25988827    0.23205355    0.21577814    0.23338491    0.24365708    0.23148055    0.24895031    0.21628886    0.24978700    0.22365261    0.21998063
T6             0.18298505    0.29738031    0.26262972    0.30012540    0.29969874    0.29683353    0.22973950    0.21836568    0.22387117    0.00000000    0.16489772    0.16268584    0.15704136    0.18461764    0.15909904    0.18212203    0.17944006    0.21086695    0.19877118    0.22618527    0.19230310    0.21866982    0.19902787    0.18797288
T12            0.20437605    0.28314223    0.25620188    0.28032834    0.28632901    0.28350500    0.24435529    0.22387117    0.22942029    0.16489772    0.00000000    0.03483185    0.06960116    0.10586561    0.07840900    0.19828520    0.20949519    0.23704328    0.23075522    0.24739666    0.20393674    0.23674688    0.21639787    0.20552101
T0             0.20493020    0.27826576    0.24775960    0.26847958    0.27437883    0.27159677    0.24205205    0.21577814    0.22711691    0.16268584    0.03483185    0.00000000    0.06752669    0.09897957    0.07630837    0.19877118    0.21004455    0.22299405    0.22257304    0.23902906    0.19604354    0.23448539    0.21414643    0.20552101
T23            0.18774675    0.29276426    0.25620188    0.27717176    0.28314223    0.28032834    0.23832757    0.21807101    0.22942029    0.15704136    0.06960116    0.06752669    0.00000000    0.08045567    0.05840690    0.20106419    0.20106419    0.22881103    0.21672177    0.23602428    0.19823569    0.22483462    0.21063111    0.20210398
T1             0.22797047    0.32601164    0.29096588    0.31632365    0.32263076    0.31967054    0.27547557    0.25410676    0.25988827    0.18461764    0.10586561    0.09897957    0.08045567    0.00000000    0.04116963    0.23912739    0.24208753    0.26538174    0.25820671    0.27231894    0.24242674    0.26836905    0.25241952    0.23734946
T2             0.20923453    0.28845403    0.25590440    0.27997566    0.28596724    0.28314223    0.24703330    0.22648616    0.23205355    0.15909904    0.07840900    0.07630837    0.05840690    0.04116963    0.00000000    0.21155954    0.20874137    0.23970724    0.23269974    0.24633680    0.21158033    0.23338491    0.21836568    0.20411277
T5             0.18298505    0.28426387    0.25784652    0.29440737    0.29397966    0.29113703    0.22813514    0.21033319    0.21577814    0.18212203    0.19828520    0.19877118    0.20106419    0.23912739    0.21155954    0.00000000    0.05449858    0.18963577    0.19201601    0.20156575    0.17413714    0.20267867    0.18346944    0.16776437
T18            0.20522104    0.28748150    0.26404241    0.29861031    0.29814914    0.29529652    0.25247137    0.22483462    0.23338491    0.17944006    0.20949519    0.21004455    0.20106419    0.24208753    0.20874137    0.05449858    0.00000000    0.19235422    0.20044729    0.21290311    0.17960416    0.21705501    0.19173777    0.18074347
T21            0.20385873    0.27448661    0.24126752    0.27403502    0.27370214    0.27091786    0.24365708    0.24098736    0.24365708    0.21086695    0.23704328    0.22299405    0.22881103    0.26538174    0.23970724    0.18963577    0.19235422    0.00000000    0.07144523    0.08933278    0.08954602    0.12471013    0.10775247    0.09376326
T9             0.18647324    0.27682904    0.24001226    0.27308415    0.26642248    0.26367342    0.22923937    0.22886177    0.23148055    0.19877118    0.23075522    0.22257304    0.21672177    0.25820671    0.23269974    0.19201601    0.20044729    0.07144523    0.00000000    0.04972862    0.07422527    0.10610713    0.08740945    0.07599164
T11            0.21063111    0.29773782    0.25139550    0.28506701    0.27826576    0.27547557    0.25433040    0.25163535    0.24895031    0.22618527    0.24739666    0.23902906    0.23602428    0.27231894    0.24633680    0.20156575    0.21290311    0.08933278    0.04972862    0.00000000    0.09226923    0.12498467    0.10338593    0.09401624
T4             0.17469941    0.27231894    0.23567763    0.26562322    0.26521233    0.26247643    0.22823721    0.20787495    0.21628886    0.19230310    0.20393674    0.19604354    0.19823569    0.24242674    0.21158033    0.17413714    0.17960416    0.08954602    0.07422527    0.09226923    0.00000000    0.07422527    0.05419075    0.04549400
T19            0.19259901    0.28880345    0.25139550    0.28506701    0.28465992    0.28184935    0.26237516    0.25649434    0.24978700    0.21866982    0.23674688    0.23448539    0.22483462    0.26836905    0.23338491    0.20267867    0.21705501    0.12471013    0.10610713    0.12498467    0.07422527    0.00000000    0.04554197    0.06727741
T14            0.18398879    0.27091786    0.23144653    0.26404241    0.26367342    0.26093485    0.23872345    0.22701815    0.22365261    0.19902787    0.21639787    0.21414643    0.21063111    0.25241952    0.21836568    0.18346944    0.19173777    0.10775247    0.08740945    0.10338593    0.05419075    0.04554197    0.00000000    0.04756861
T13            0.17043209    0.26110272    0.22797047    0.26022665    0.25988827    0.25715733    0.22588380    0.21739755    0.21998063    0.18797288    0.20552101    0.20552101    0.20210398    0.23734946    0.20411277    0.16776437    0.18074347    0.09376326    0.07599164    0.09401624    0.04549400    0.06727741    0.04756861    0.00000000

