24
T23            0.00000000    0.26107640    0.29029446    0.25921515    0.31923037    0.29197461    0.28999289    0.28999289    0.34185349    0.35146642    0.27927199    0.27583727    0.27583727    0.16639193    0.15876697    0.16656045    0.19941534    0.19431669    0.20527788    0.17676032    0.14252599    0.11305618    0.11547775    0.09642602
T4             0.26107640    0.00000000    0.08946482    0.07169095    0.17428802    0.14929754    0.16378739    0.15861868    0.22480935    0.22709209    0.16753151    0.16997322    0.17801769    0.22126933    0.21303084    0.22674816    0.28117085    0.26885957    0.28117085    0.26165388    0.26603347    0.25073782    0.25073782    0.26911628
T15            0.29029446    0.08946482    0.00000000    0.08962861    0.20336165    0.18003838    0.17658143    0.17393552    0.25350321    0.25582837    0.19648129    0.19345321    0.20746257    0.24099260    0.23539565    0.24960225    0.30929324    0.28061526    0.30473083    0.28460125    0.28593269    0.26165388    0.26165388    0.29229334
T1             0.25921515    0.07169095    0.08962861    0.00000000    0.16225355    0.14271883    0.14674617    0.14168217    0.22030553    0.22254728    0.15305673    0.16071270    0.16871431    0.22743903    0.21909119    0.23589651    0.28241750    0.26383477    0.27303976    0.25375972    0.26438838    0.24297270    0.24297270    0.25559173
T18            0.31923037    0.17428802    0.20336165    0.16225355    0.00000000    0.11091040    0.11764213    0.11281068    0.25005348    0.25238954    0.19396166    0.19370295    0.19648129    0.26660396    0.25779099    0.26938405    0.30827338    0.29544873    0.31481129    0.30421769    0.32522010    0.28876855    0.28876855    0.31847295
T10            0.29197461    0.14929754    0.18003838    0.14271883    0.11091040    0.00000000    0.10133976    0.09662231    0.22810821    0.23038055    0.17309981    0.17019154    0.17019154    0.25617487    0.24744363    0.25286526    0.28775668    0.27217513    0.28524442    0.26568730    0.29436598    0.26879374    0.26879374    0.29770100
T3             0.28999289    0.16378739    0.17658143    0.14674617    0.11764213    0.10133976    0.00000000    0.00401610    0.22971445    0.23202892    0.16429817    0.17201548    0.17201548    0.24570077    0.23719552    0.24841824    0.27727687    0.27074656    0.29229334    0.27245228    0.26995255    0.24299383    0.24299383    0.28270921
T20            0.28999289    0.15861868    0.17393552    0.14168217    0.11281068    0.09662231    0.00401610    0.00000000    0.22384789    0.22616238    0.15908903    0.16673756    0.17201548    0.24278473    0.23432140    0.24549367    0.27727687    0.27074656    0.29229334    0.27245228    0.27614616    0.24886022    0.24886022    0.28270921
T8             0.34185349    0.22480935    0.25350321    0.22030553    0.25005348    0.22810821    0.22971445    0.22384789    0.00000000    0.00602414    0.15742316    0.15722281    0.17041836    0.30674257    0.30058149    0.30965718    0.35809713    0.34060681    0.35102737    0.31962738    0.33416202    0.31374415    0.31374415    0.33680299
T12            0.35146642    0.22709209    0.25582837    0.22254728    0.25238954    0.23038055    0.23202892    0.22616238    0.00602414    0.00000000    0.15963534    0.15944484    0.17264034    0.30929324    0.30311922    0.31222094    0.36432901    0.34326603    0.35368654    0.32219109    0.34369525    0.32299548    0.32299548    0.34632807
T9             0.27927199    0.16753151    0.19648129    0.15305673    0.19396166    0.17309981    0.16429817    0.15908903    0.15742316    0.15963534    0.00000000    0.06504327    0.07630574    0.24368372    0.23516040    0.24051877    0.28524442    0.26911628    0.27471297    0.25232128    0.28141629    0.24744363    0.24744363    0.26029078
T11            0.27583727    0.16997322    0.19345321    0.16071270    0.19370295    0.17019154    0.17201548    0.16673756    0.15722281    0.15944484    0.06504327    0.00000000    0.06497904    0.24051877    0.23205290    0.23739820    0.27752809    0.25939520    0.28372163    0.26411665    0.27785584    0.23882972    0.23882972    0.27471297
T5             0.27583727    0.17801769    0.20746257    0.16871431    0.19648129    0.17019154    0.17201548    0.17201548    0.17041836    0.17264034    0.07630574    0.06497904    0.00000000    0.24638518    0.23493532    0.24909706    0.27497729    0.25136004    0.28999289    0.27025322    0.27470036    0.24124493    0.24124493    0.27217513
T2             0.16639193    0.22126933    0.24099260    0.22743903    0.26660396    0.25617487    0.24570077    0.24278473    0.30674257    0.30929324    0.24368372    0.24051877    0.24638518    0.00000000    0.01008403    0.04133669    0.12202796    0.11003589    0.18405682    0.16673756    0.17286580    0.14929754    0.14929754    0.16119635
T14            0.15876697    0.21303084    0.23539565    0.21909119    0.25779099    0.24744363    0.23719552    0.23432140    0.30058149    0.30311922    0.23516040    0.23205290    0.23493532    0.01008403    0.00000000    0.03924423    0.11971202    0.10774864    0.17625019    0.15908903    0.16509825    0.14183480    0.14183480    0.15847891
T16            0.16656045    0.22674816    0.24960225    0.23589651    0.26938405    0.25286526    0.24841824    0.24549367    0.30965718    0.31222094    0.24051877    0.23739820    0.24909706    0.04133669    0.03924423    0.00000000    0.13666899    0.11729632    0.18962207    0.16956220    0.18123158    0.15462501    0.15462501    0.17146846
T22            0.19941534    0.28117085    0.30929324    0.28241750    0.30827338    0.28775668    0.27727687    0.27727687    0.35809713    0.36432901    0.28524442    0.27752809    0.27497729    0.12202796    0.11971202    0.13666899    0.00000000    0.10133976    0.24075053    0.21365952    0.22036392    0.18691891    0.18691891    0.19910124
T19            0.19431669    0.26885957    0.28061526    0.26383477    0.29544873    0.27217513    0.27074656    0.27074656    0.34060681    0.34326603    0.26911628    0.25939520    0.25136004    0.11003589    0.10774864    0.11729632    0.10133976    0.00000000    0.21303084    0.18691891    0.19550580    0.17924143    0.17924143    0.19399438
T6             0.20527788    0.28117085    0.30473083    0.27303976    0.31481129    0.28524442    0.29229334    0.29229334    0.35102737    0.35368654    0.27471297    0.28372163    0.28999289    0.18405682    0.17625019    0.18962207    0.24075053    0.21303084    0.00000000    0.03274679    0.19826875    0.18191566    0.18730744    0.19370955
T21            0.17676032    0.26165388    0.28460125    0.25375972    0.30421769    0.26568730    0.27245228    0.27245228    0.31962738    0.32219109    0.25232128    0.26411665    0.27025322    0.16673756    0.15908903    0.16956220    0.21365952    0.18691891    0.03274679    0.00000000    0.17264034    0.15684705    0.16205621    0.16826379
T0             0.14252599    0.26603347    0.28593269    0.26438838    0.32522010    0.29436598    0.26995255    0.27614616    0.33416202    0.34369525    0.28141629    0.27785584    0.27470036    0.17286580    0.16509825    0.18123158    0.22036392    0.19550580    0.19826875    0.17264034    0.00000000    0.07394844    0.07394844    0.13931558
T7             0.11305618    0.25073782    0.26165388    0.24297270    0.28876855    0.26879374    0.24299383    0.24886022    0.31374415    0.32299548    0.24744363    0.23882972    0.24124493    0.14929754    0.14183480    0.15462501    0.18691891    0.17924143    0.18191566    0.15684705    0.07394844    0.00000000    0.00401610    0.11020881
T13            0.11547775    0.25073782    0.26165388    0.24297270    0.28876855    0.26879374    0.24299383    0.24886022    0.31374415    0.32299548    0.24744363    0.23882972    0.24124493    0.14929754    0.14183480    0.15462501    0.18691891    0.17924143    0.18730744    0.16205621    0.07394844    0.00401610    0.00000000    0.11259567
T17            0.09642602    0.26911628    0.29229334    0.25559173    0.31847295    0.29770100    0.28270921    0.28270921    0.33680299    0.34632807    0.26029078    0.27471297    0.27217513    0.16119635    0.15847891    0.17146846    0.19910124    0.19399438    0.19370955    0.16826379    0.13931558    0.11020881    0.11259567    0.00000000

