24
T18            0.00000000    0.41398456    0.42534815    0.41665654    0.42534815    0.40939359    0.40816984    0.40101449    0.38212685    0.36797834    0.37209498    0.37576118    0.22880915    0.25045469    0.20385723    0.19852220    0.20666748    0.19552015    0.22941851    0.19277177    0.16247047    0.16489682    0.16026843    0.16187719
T11            0.41398456    0.00000000    0.01824798    0.06709002    0.10338551    0.08740918    0.20156436    0.19346849    0.14184227    0.14168931    0.13461346    0.13712044    0.40101449    0.42064484    0.39894563    0.38805735    0.38372072    0.37627890    0.42736608    0.36894637    0.33769594    0.33818995    0.33518476    0.34234024
T21            0.42534815    0.01824798    0.00000000    0.07373884    0.11041656    0.09428345    0.20411131    0.20156436    0.15187083    0.14914174    0.14200334    0.14454218    0.40816984    0.42803441    0.41398456    0.39509565    0.39450718    0.37945449    0.43892236    0.37945449    0.34778695    0.34830592    0.34526315    0.35243286
T0             0.41665654    0.06709002    0.07373884    0.00000000    0.10792930    0.09418690    0.20385723    0.19852220    0.14914174    0.14644702    0.13932266    0.14184227    0.41935746    0.44377932    0.40939359    0.39834234    0.39775358    0.38162380    0.43009650    0.38906547    0.34279546    0.34326349    0.34023267    0.35196635
T16            0.42534815    0.10338551    0.11041656    0.10792930    0.00000000    0.05200223    0.19299496    0.19047881    0.13917604    0.13654311    0.12949924    0.13197513    0.41088559    0.43481943    0.40101449    0.40548336    0.40877426    0.38113492    0.44166769    0.38482816    0.34326349    0.34374430    0.34071382    0.36945088
T1             0.40939359    0.08740918    0.09428345    0.09418690    0.05200223    0.00000000    0.17489434    0.16977486    0.12484294    0.12226396    0.11535039    0.11777817    0.39661972    0.41999350    0.39450718    0.38748364    0.39450718    0.37209498    0.42671333    0.37476742    0.32686124    0.32730675    0.32433723    0.34889643
T5             0.40816984    0.20156436    0.20411131    0.20385723    0.19299496    0.17489434    0.00000000    0.02028047    0.13446336    0.13183921    0.11995172    0.12239134    0.42706584    0.45555889    0.44099613    0.43756480    0.42883687    0.42764037    0.45138754    0.43564871    0.35373116    0.35415726    0.35107277    0.38212685
T13            0.40101449    0.19346849    0.20156436    0.19852220    0.19047881    0.16977486    0.02028047    0.00000000    0.12963694    0.12703556    0.11522535    0.11764722    0.41199903    0.44790735    0.42148231    0.42208797    0.41363124    0.41252780    0.43970157    0.42031753    0.33344949    0.33381697    0.33080500    0.36797834
T9             0.38212685    0.14184227    0.15187083    0.14914174    0.13917604    0.12484294    0.13446336    0.12963694    0.00000000    0.01414106    0.02862811    0.03073351    0.39607467    0.41935746    0.37893703    0.38692411    0.38264404    0.38162380    0.41420587    0.37525734    0.31225537    0.31261908    0.30969227    0.33801743
T2             0.36797834    0.14168931    0.14914174    0.14644702    0.13654311    0.12226396    0.13183921    0.12703556    0.01414106    0.00000000    0.02650486    0.02859702    0.38162380    0.40429004    0.36845551    0.37259917    0.36845551    0.36751489    0.39933560    0.36125520    0.29703052    0.29737651    0.29450623    0.32481888
T17            0.37209498    0.13461346    0.14200334    0.13932266    0.12949924    0.11535039    0.11995172    0.11522535    0.02862811    0.02650486    0.00000000    0.00200402    0.38584765    0.40877426    0.37259917    0.37681047    0.37627890    0.36437825    0.40758036    0.36532009    0.29669618    0.29703052    0.29415903    0.32858336
T3             0.37576118    0.13712044    0.14454218    0.14184227    0.13197513    0.11777817    0.12239134    0.11764722    0.03073351    0.02859702    0.00200402    0.00000000    0.38959639    0.41269984    0.37627890    0.38053135    0.37998594    0.36797834    0.41147528    0.36894637    0.29991363    0.30025838    0.29737651    0.32858336
T19            0.22880915    0.40101449    0.40816984    0.41935746    0.41088559    0.39661972    0.42706584    0.41199903    0.39607467    0.38162380    0.38584765    0.38959639    0.00000000    0.06067101    0.16449589    0.15685639    0.16489682    0.16187719    0.19852220    0.16187719    0.16206653    0.16449589    0.15984485    0.16977486
T10            0.25045469    0.42064484    0.42803441    0.44377932    0.43481943    0.41999350    0.45555889    0.44790735    0.41935746    0.40429004    0.40877426    0.41269984    0.06067101    0.00000000    0.18099032    0.17360781    0.17877865    0.18099032    0.21033177    0.17287873    0.18124688    0.18372373    0.17904498    0.17779947
T7             0.20385723    0.39894563    0.41398456    0.40939359    0.40101449    0.39450718    0.44099613    0.42148231    0.37893703    0.36845551    0.37259917    0.37627890    0.16449589    0.18099032    0.00000000    0.08760603    0.11577126    0.11065099    0.14490153    0.10112487    0.14454218    0.14691997    0.14234969    0.14406408
T20            0.19852220    0.38805735    0.39509565    0.39834234    0.40548336    0.38748364    0.43756480    0.42208797    0.38692411    0.37259917    0.37681047    0.38053135    0.15685639    0.17360781    0.08760603    0.00000000    0.11806303    0.11562338    0.13712044    0.10598226    0.14727618    0.14965893    0.14509330    0.13947734
T23            0.20666748    0.38372072    0.39450718    0.39775358    0.40877426    0.39450718    0.42883687    0.41363124    0.38264404    0.36845551    0.37627890    0.37998594    0.16489682    0.17877865    0.11577126    0.11806303    0.00000000    0.11121030    0.13334657    0.09685190    0.16005248    0.16247047    0.15786010    0.15685639
T15            0.19552015    0.37627890    0.37945449    0.38162380    0.38113492    0.37209498    0.42764037    0.41252780    0.38162380    0.36751489    0.36437825    0.36797834    0.16187719    0.18099032    0.11065099    0.11562338    0.11121030    0.00000000    0.10360079    0.08060619    0.14200334    0.14437467    0.13981083    0.14154448
T14            0.22941851    0.42736608    0.43892236    0.43009650    0.44166769    0.42671333    0.45138754    0.43970157    0.41420587    0.39933560    0.40758036    0.41147528    0.19852220    0.21033177    0.14490153    0.13712044    0.13334657    0.10360079    0.00000000    0.11535039    0.18027281    0.17779947    0.17803130    0.16901987
T8             0.19277177    0.36894637    0.37945449    0.38906547    0.38482816    0.37476742    0.43564871    0.42031753    0.37525734    0.36125520    0.36532009    0.36894637    0.16187719    0.17287873    0.10112487    0.10598226    0.09685190    0.08060619    0.11535039    0.00000000    0.14200334    0.14437467    0.13981083    0.14406408
T4             0.16247047    0.33769594    0.34778695    0.34279546    0.34326349    0.32686124    0.35373116    0.33344949    0.31225537    0.29703052    0.29669618    0.29991363    0.16206653    0.18124688    0.14454218    0.14727618    0.16005248    0.14200334    0.18027281    0.14200334    0.00000000    0.00200301    0.00602414    0.08939615
T6             0.16489682    0.33818995    0.34830592    0.34326349    0.34374430    0.32730675    0.35415726    0.33381697    0.31261908    0.29737651    0.29703052    0.30025838    0.16449589    0.18372373    0.14691997    0.14965893    0.16247047    0.14437467    0.17779947    0.14437467    0.00200301    0.00000000    0.00804333    0.09163158
T12            0.16026843    0.33518476    0.34526315    0.34023267    0.34071382    0.32433723    0.35107277    0.33080500    0.30969227    0.29450623    0.29415903    0.29737651    0.15984485    0.17904498    0.14234969    0.14509330    0.15786010    0.13981083    0.17803130    0.13981083    0.00602414    0.00804333    0.00000000    0.08724117
T22            0.16187719    0.34234024    0.35243286    0.35196635    0.36945088    0.34889643    0.38212685    0.36797834    0.33801743    0.32481888    0.32858336    0.32858336    0.16977486    0.17779947    0.14406408    0.13947734    0.15685639    0.14154448    0.16901987    0.14406408    0.08939615    0.09163158    0.08724117    0.00000000

