24
T7             0.00000000    0.18869585    0.27110594    0.23797750    0.23500011    0.21576645    0.21576645    0.21032205    0.21289183    0.20491960    0.27230081    0.23204036    0.24398607    0.19804720    0.19804720    0.20640654    0.21835384    0.33466665    0.30213876    0.14947396    0.16919057    0.17182977    0.15703565    0.15964047
T19            0.18869585    0.00000000    0.17310657    0.21547094    0.20640654    0.18796464    0.18796464    0.19047176    0.18252823    0.17222092    0.23379182    0.20410290    0.21547094    0.19234627    0.19234627    0.19782735    0.21464097    0.33418546    0.30173618    0.15926744    0.17658660    0.17394044    0.16692849    0.16169155
T20            0.27110594    0.17310657    0.00000000    0.30816526    0.28504647    0.27387259    0.27387259    0.27346361    0.25818998    0.26519373    0.32724348    0.28678315    0.30679712    0.28463977    0.28463977    0.29111559    0.32524306    0.41536507    0.37890893    0.23673409    0.25346320    0.25044996    0.24535386    0.27863299
T17            0.23797750    0.21547094    0.30816526    0.00000000    0.15685172    0.14947396    0.14691583    0.15444435    0.13745314    0.13242689    0.22037369    0.16956770    0.18026623    0.26021039    0.26021039    0.26640514    0.28871261    0.40868610    0.38725304    0.22156579    0.22850883    0.23143390    0.22710375    0.23235828
T9             0.23500011    0.20640654    0.28504647    0.15685172    0.00000000    0.06960001    0.06960001    0.06951879    0.05419006    0.04343603    0.19047176    0.15722791    0.15983955    0.23617222    0.23617222    0.25105997    0.28546418    0.39830880    0.36628901    0.20336924    0.21604785    0.21887359    0.21154946    0.22879856
T3             0.21576645    0.18796464    0.27387259    0.14947396    0.06960001    0.00000000    0.00401610    0.02031409    0.03914389    0.03073330    0.18004475    0.15204526    0.15204526    0.23733593    0.23733593    0.24935342    0.26560421    0.41154087    0.37080694    0.19876180    0.20849940    0.21130928    0.20182032    0.21547094
T22            0.21576645    0.18796464    0.27387259    0.14691583    0.06960001    0.00401610    0.00000000    0.02031409    0.03914389    0.03073330    0.18004475    0.15204526    0.15204526    0.23143390    0.23143390    0.24330853    0.26560421    0.41154087    0.37080694    0.19598314    0.20570524    0.20849940    0.19901826    0.21547094
T12            0.21032205    0.19047176    0.27346361    0.15444435    0.06951879    0.02031409    0.02031409    0.00000000    0.03910325    0.03069780    0.18523904    0.15703565    0.15703565    0.23703003    0.23703003    0.24598904    0.27069643    0.40937776    0.36901209    0.19346088    0.20592964    0.20873164    0.20155601    0.21518484
T16            0.21289183    0.18252823    0.25818998    0.13745314    0.05419006    0.03914389    0.03914389    0.03910325    0.00000000    0.01415450    0.16937483    0.13963621    0.13963621    0.22850883    0.22850883    0.23733593    0.26402493    0.38540872    0.34676280    0.19047176    0.20292663    0.20570524    0.19851445    0.20692074
T21            0.20491960    0.17222092    0.26519373    0.13242689    0.04343603    0.03073330    0.03073330    0.03069780    0.01415450    0.00000000    0.16449070    0.13493369    0.13493369    0.22326491    0.22326491    0.23204036    0.25856018    0.39432245    0.35493415    0.18546643    0.19782735    0.20059061    0.19346088    0.20182032
T23            0.27230081    0.23379182    0.32724348    0.22037369    0.19047176    0.18004475    0.18004475    0.18523904    0.16937483    0.16449070    0.00000000    0.05412982    0.05852582    0.28348595    0.28348595    0.29313719    0.31982452    0.44867576    0.41394670    0.25681293    0.26718799    0.27026618    0.26570131    0.27193468
T14            0.23204036    0.20410290    0.28678315    0.16956770    0.15722791    0.15204526    0.15204526    0.15703565    0.13963621    0.13493369    0.05412982    0.00000000    0.02870908    0.25476131    0.25476131    0.26402493    0.28546418    0.40734688    0.38600952    0.22909804    0.23324719    0.23617222    0.23173222    0.23468322
T15            0.24398607    0.21547094    0.30679712    0.18026623    0.15983955    0.15204526    0.15204526    0.15703565    0.13963621    0.13493369    0.05852582    0.02870908    0.00000000    0.25476131    0.25476131    0.26402493    0.28871261    0.43571775    0.39367809    0.24097275    0.24505152    0.24804671    0.24364229    0.25276500
T0             0.19804720    0.19234627    0.28463977    0.26021039    0.23617222    0.23733593    0.23143390    0.23703003    0.22850883    0.22326491    0.28348595    0.25476131    0.25476131    0.00000000    0.00000000    0.03914389    0.25681293    0.35906420    0.34536188    0.19215065    0.20233305    0.19959257    0.19468234    0.18773871
T6             0.19804720    0.19234627    0.28463977    0.26021039    0.23617222    0.23733593    0.23143390    0.23703003    0.22850883    0.22326491    0.28348595    0.25476131    0.25476131    0.00000000    0.00000000    0.03914389    0.25681293    0.35906420    0.34536188    0.19215065    0.20233305    0.19959257    0.19468234    0.18773871
T13            0.20640654    0.19782735    0.29111559    0.26640514    0.25105997    0.24935342    0.24330853    0.24598904    0.23733593    0.23204036    0.29313719    0.26402493    0.26402493    0.03914389    0.03914389    0.00000000    0.25681293    0.33539305    0.32897047    0.20081813    0.21344784    0.21064587    0.20336924    0.19876180
T4             0.21835384    0.21464097    0.32524306    0.28871261    0.28546418    0.26560421    0.26560421    0.27069643    0.26402493    0.25856018    0.31982452    0.28546418    0.28871261    0.25681293    0.25681293    0.25681293    0.00000000    0.22457349    0.19722325    0.16732595    0.18211476    0.18211476    0.16489122    0.16449070
T1             0.33466665    0.33418546    0.41536507    0.40868610    0.39830880    0.41154087    0.41154087    0.40937776    0.38540872    0.39432245    0.44867576    0.40734688    0.43571775    0.35906420    0.35906420    0.33539305    0.22457349    0.00000000    0.04977218    0.28706616    0.30423540    0.30752653    0.28746111    0.27787157
T11            0.30213876    0.30173618    0.37890893    0.38725304    0.36628901    0.37080694    0.37080694    0.36901209    0.34676280    0.35493415    0.41394670    0.38600952    0.39367809    0.34536188    0.34536188    0.32897047    0.19722325    0.04977218    0.00000000    0.25987233    0.27648006    0.27336346    0.26021039    0.25714158
T2             0.14947396    0.15926744    0.23673409    0.22156579    0.20336924    0.19876180    0.19598314    0.19346088    0.19047176    0.18546643    0.25681293    0.22909804    0.24097275    0.19215065    0.19215065    0.20081813    0.16732595    0.28706616    0.25987233    0.00000000    0.02648443    0.02857218    0.01623182    0.10598008
T18            0.16919057    0.17658660    0.25346320    0.22850883    0.21604785    0.20849940    0.20570524    0.20592964    0.20292663    0.19782735    0.26718799    0.23324719    0.24505152    0.20233305    0.20233305    0.21344784    0.18211476    0.30423540    0.27648006    0.02648443    0.00000000    0.00200401    0.02232960    0.11729846
T8             0.17182977    0.17394044    0.25044996    0.23143390    0.21887359    0.21130928    0.20849940    0.20873164    0.20570524    0.20059061    0.27026618    0.23617222    0.24804671    0.19959257    0.19959257    0.21064587    0.18211476    0.30752653    0.27336346    0.02857218    0.00200401    0.00000000    0.02439576    0.11971431
T10            0.15703565    0.16692849    0.24535386    0.22710375    0.21154946    0.20182032    0.19901826    0.20155601    0.19851445    0.19346088    0.26570131    0.23173222    0.24364229    0.19468234    0.19468234    0.20336924    0.16489122    0.28746111    0.26021039    0.01623182    0.02232960    0.02439576    0.00000000    0.10586315
T5             0.15964047    0.16169155    0.27863299    0.23235828    0.22879856    0.21547094    0.21547094    0.21518484    0.20692074    0.20182032    0.27193468    0.23468322    0.25276500    0.18773871    0.18773871    0.19876180    0.16449070    0.27787157    0.25714158    0.10598008    0.11729846    0.11971431    0.10586315    0.00000000

