24
T20            0.00000000    0.34327107    0.34024018    0.39776398    0.39608438    0.36737538    0.38638825    0.36169185    0.30922783    0.31937170    0.29810871    0.30300432    0.29683628    0.28873736    0.30716092    0.30425882    0.17852321    0.15704205    0.16469383    0.14766641    0.15263788    0.15243415    0.14692128    0.13477266
T12            0.34327107    0.00000000    0.00805153    0.06709023    0.06482907    0.15723457    0.16657164    0.14709537    0.37533587    0.38286265    0.35859716    0.33977152    0.34728881    0.36031139    0.38110046    0.37792479    0.35197392    0.31815316    0.33119266    0.32601361    0.32304209    0.31927427    0.32520868    0.31888832
T7             0.34024018    0.00805153    0.00000000    0.06271055    0.06046686    0.15223862    0.16152537    0.14217378    0.36479972    0.37218732    0.34831432    0.32985040    0.33722193    0.34994858    0.37050990    0.36737538    0.35600254    0.31520092    0.32819442    0.32304209    0.32008279    0.31632538    0.32223534    0.31593842
T1             0.39776398    0.06709023    0.06271055    0.00000000    0.02028048    0.20082808    0.21065554    0.18732199    0.41003948    0.41798528    0.39394319    0.38265322    0.39071125    0.40478018    0.42000544    0.41666838    0.41209127    0.36752279    0.37429965    0.37628793    0.36945956    0.36895485    0.37526596    0.36846379
T17            0.39608438    0.06482907    0.06046686    0.02028048    0.00000000    0.19783656    0.20767426    0.18442618    0.41209127    0.42000544    0.39608438    0.38855804    0.39662966    0.40283673    0.41814254    0.41480682    0.41032151    0.36621448    0.37295506    0.37477584    0.36798643    0.36752279    0.37383744    0.36707289
T18            0.36737538    0.15723457    0.15223862    0.20082808    0.19783656    0.00000000    0.02857234    0.02447245    0.41936275    0.41534186    0.39632681    0.36372222    0.35700091    0.36535849    0.38638825    0.38693380    0.38265322    0.34716562    0.36081152    0.36269822    0.35959004    0.35909780    0.35197392    0.34539215
T11            0.38638825    0.16657164    0.16152537    0.21065554    0.20767426    0.02857234    0.00000000    0.03271226    0.44798276    0.44379332    0.42401008    0.38265322    0.38318473    0.38925782    0.41089634    0.41148627    0.39829941    0.36580603    0.37976155    0.38163257    0.37844227    0.37795265    0.36349837    0.36393540
T8             0.36169185    0.14709537    0.14217378    0.18732199    0.18442618    0.02447245    0.03271226    0.00000000    0.41203222    0.40805930    0.38925782    0.34631470    0.34679532    0.35859716    0.38318473    0.38373033    0.38318473    0.34410548    0.35770114    0.35600254    0.35292045    0.35244062    0.34539215    0.33887231
T3             0.30922783    0.37533587    0.36479972    0.41003948    0.41209127    0.41936275    0.44798276    0.41203222    0.00000000    0.05200240    0.16379761    0.19048104    0.18524786    0.15984653    0.19783656    0.19255977    0.35972690    0.32824188    0.32872436    0.32727656    0.32675755    0.33219965    0.33469814    0.32575579
T21            0.31937170    0.38286265    0.37218732    0.41798528    0.42000544    0.41534186    0.44379332    0.40805930    0.05200240    0.00000000    0.17165397    0.21004606    0.20465000    0.17852321    0.22038649    0.21492038    0.35972690    0.34224131    0.34277311    0.32727656    0.32675755    0.33219965    0.33819777    0.32575579
T14            0.29810871    0.35859716    0.34831432    0.39394319    0.39608438    0.39632681    0.42401008    0.38925782    0.16379761    0.17165397    0.00000000    0.19902916    0.19650040    0.17288076    0.19299721    0.18774760    0.34728881    0.32434411    0.32731368    0.31890052    0.31506015    0.32731368    0.33675284    0.32093994
T0             0.30300432    0.33977152    0.32985040    0.38265322    0.38855804    0.36372222    0.38265322    0.34631470    0.19048104    0.21004606    0.19902916    0.00000000    0.00805153    0.17878103    0.20082808    0.19828610    0.35169767    0.31937170    0.32231639    0.32780764    0.32034984    0.33375707    0.32231639    0.31351791
T2             0.29683628    0.34728881    0.33722193    0.39071125    0.39662966    0.35700091    0.38318473    0.34679532    0.18524786    0.20465000    0.19650040    0.00805153    0.00000000    0.17091343    0.19828610    0.19575328    0.34502588    0.31985481    0.32279931    0.32137559    0.31400136    0.32727656    0.31596745    0.30723880
T23            0.28873736    0.36031139    0.34994858    0.40478018    0.40283673    0.36535849    0.38925782    0.35859716    0.15984653    0.17852321    0.17288076    0.17878103    0.17091343    0.00000000    0.08529125    0.08308515    0.34142517    0.29815255    0.29770246    0.31209423    0.31158741    0.31449652    0.31692219    0.30147752
T4             0.30716092    0.38110046    0.37050990    0.42000544    0.41814254    0.38638825    0.41089634    0.38318473    0.19783656    0.22038649    0.19299721    0.20082808    0.19828610    0.08529125    0.00000000    0.00602720    0.37161461    0.31338857    0.30641679    0.33770358    0.33374670    0.33675284    0.34631470    0.33029551
T13            0.30425882    0.37792479    0.36737538    0.41666838    0.41480682    0.38693380    0.41148627    0.38373033    0.19255977    0.21492038    0.18774760    0.19828610    0.19575328    0.08308515    0.00602720    0.00000000    0.36847985    0.31046373    0.30351259    0.33122288    0.32731368    0.33374670    0.34327107    0.32731368
T10            0.17852321    0.35197392    0.35600254    0.41209127    0.41032151    0.38265322    0.39829941    0.38318473    0.35972690    0.35972690    0.34728881    0.35169767    0.34502588    0.34142517    0.37161461    0.36847985    0.00000000    0.08972488    0.09662638    0.08562405    0.08550602    0.09004725    0.08750448    0.07859210
T19            0.15704205    0.31815316    0.31520092    0.36752279    0.36621448    0.34716562    0.36580603    0.34410548    0.32824188    0.34224131    0.32434411    0.31937170    0.31985481    0.29815255    0.31338857    0.31046373    0.08972488    0.00000000    0.02037295    0.06952002    0.06944562    0.06714572    0.06704171    0.05616886
T16            0.16469383    0.33119266    0.32819442    0.37429965    0.37295506    0.36081152    0.37976155    0.35770114    0.32872436    0.34277311    0.32731368    0.32231639    0.32279931    0.29770246    0.30641679    0.30351259    0.09662638    0.02037295    0.00000000    0.07621881    0.07613605    0.07380265    0.07368263    0.06271055
T15            0.14766641    0.32601361    0.32304209    0.37628793    0.37477584    0.36269822    0.38163257    0.35600254    0.32727656    0.32727656    0.31890052    0.32780764    0.32137559    0.31209423    0.33770358    0.33122288    0.08562405    0.06952002    0.07621881    0.00000000    0.01212497    0.03914429    0.04120179    0.03069804
T6             0.15263788    0.32304209    0.32008279    0.36945956    0.36798643    0.35959004    0.37844227    0.35292045    0.32675755    0.32675755    0.31506015    0.32034984    0.31400136    0.31158741    0.33374670    0.32731368    0.08550602    0.06944562    0.07613605    0.01212497    0.00000000    0.03697577    0.04116962    0.03066890
T5             0.15243415    0.31927427    0.31632538    0.36895485    0.36752279    0.35909780    0.37795265    0.35244062    0.33219965    0.33219965    0.32731368    0.33375707    0.32727656    0.31449652    0.33675284    0.33374670    0.09004725    0.06714572    0.07380265    0.03914429    0.03697577    0.00000000    0.03066890    0.02031420
T9             0.14692128    0.32520868    0.32223534    0.37526596    0.37383744    0.35197392    0.36349837    0.34539215    0.33469814    0.33819777    0.33675284    0.32231639    0.31596745    0.31692219    0.34631470    0.34327107    0.08750448    0.06704171    0.07368263    0.04120179    0.04116962    0.03066890    0.00000000    0.01414107
T22            0.13477266    0.31888832    0.31593842    0.36846379    0.36707289    0.34539215    0.36393540    0.33887231    0.32575579    0.32575579    0.32093994    0.31351791    0.30723880    0.30147752    0.33029551    0.32731368    0.07859210    0.05616886    0.06271055    0.03069804    0.03066890    0.02031420    0.01414107    0.00000000

