24
T16            0.00000000    0.23085010    0.18522795    0.18569079    0.23141621    0.23141621    0.22432713    0.18025533    0.16429488    0.18818752    0.22938866    0.23763214    0.24265178    0.20611921    0.20326164    0.19674233    0.19369788    0.30912703    0.30912703    0.29333114    0.31472287    0.31472287    0.43884109    0.43462017
T22            0.23085010    0.00000000    0.06926218    0.06937579    0.17447370    0.17447370    0.19233561    0.19874855    0.18730325    0.20921021    0.24802698    0.25952319    0.27087808    0.23701151    0.23406121    0.22743292    0.22193495    0.33622963    0.33622963    0.32002331    0.32770499    0.32770499    0.45283770    0.44859894
T5             0.18522795    0.06926218    0.00000000    0.01210943    0.14453128    0.14453128    0.15650180    0.15283380    0.14216169    0.16266972    0.19803519    0.20359147    0.22505214    0.19926967    0.19647601    0.17942362    0.17694428    0.28665502    0.28665502    0.28102079    0.29479142    0.29479142    0.42628377    0.42216714
T0             0.18569079    0.06937579    0.01210943    0.00000000    0.14488968    0.14488968    0.15684399    0.15544504    0.13962982    0.16003786    0.19297606    0.20359147    0.21981988    0.19982699    0.19701762    0.18251762    0.17734577    0.29392719    0.29392719    0.28180111    0.29570045    0.29570045    0.42787110    0.42372027
T15            0.23141621    0.17447370    0.14453128    0.14488968    0.00000000    0.00000000    0.12483523    0.20383560    0.19002094    0.20639294    0.24445951    0.25285759    0.26716700    0.23112823    0.22821236    0.22983659    0.22432713    0.35384113    0.35384113    0.33367895    0.35236367    0.35236367    0.44294461    0.43881104
T6             0.23141621    0.17447370    0.14453128    0.14488968    0.00000000    0.00000000    0.12483523    0.20383560    0.19002094    0.20639294    0.24445951    0.25285759    0.26716700    0.23112823    0.22821236    0.22983659    0.22432713    0.35384113    0.35384113    0.33367895    0.35236367    0.35236367    0.44294461    0.43881104
T20            0.22432713    0.19233561    0.15650180    0.15684399    0.12483523    0.12483523    0.00000000    0.21671608    0.19448764    0.21647940    0.25258051    0.25804682    0.27553063    0.24150050    0.23855891    0.24662721    0.24098591    0.37042455    0.37042455    0.34883331    0.36053305    0.36053305    0.49094284    0.48645683
T23            0.18025533    0.19874855    0.15283380    0.15544504    0.20383560    0.20383560    0.21671608    0.00000000    0.05859453    0.06743395    0.20921021    0.21489283    0.22794271    0.21411571    0.21122510    0.18751090    0.18230682    0.32078506    0.32078506    0.31493275    0.31254080    0.31254080    0.45431206    0.44998143
T10            0.16429488    0.18730325    0.14216169    0.13962982    0.19002094    0.19002094    0.19448764    0.05859453    0.00000000    0.02859663    0.19254001    0.20080561    0.21932068    0.18593544    0.18320287    0.17942362    0.17428443    0.30050757    0.30050757    0.29479142    0.29902343    0.29902343    0.43149108    0.42737448
T17            0.18818752    0.20921021    0.16266972    0.16003786    0.20639294    0.20639294    0.21647940    0.06743395    0.02859663    0.00000000    0.21178481    0.22035759    0.23938096    0.21379179    0.21090951    0.19826383    0.19297606    0.32827255    0.32827255    0.32237175    0.32701064    0.32701064    0.45176620    0.44749115
T8             0.22938866    0.24802698    0.19803519    0.19297606    0.24445951    0.24445951    0.25258051    0.20921021    0.19254001    0.21178481    0.00000000    0.02236443    0.03910281    0.12050635    0.11805518    0.14377743    0.14391185    0.33721396    0.33721396    0.31734783    0.33591997    0.33591997    0.48180846    0.47728175
T3             0.23763214    0.25952319    0.20359147    0.20359147    0.25285759    0.25285759    0.25804682    0.21489283    0.20080561    0.22035759    0.02236443    0.00000000    0.03692253    0.12296960    0.12050635    0.15109073    0.15122774    0.35043240    0.35043240    0.33016988    0.34916857    0.34916857    0.49831296    0.49365983
T9             0.24265178    0.27087808    0.22505214    0.21981988    0.26716700    0.26716700    0.27553063    0.22794271    0.21932068    0.23938096    0.03910281    0.03692253    0.00000000    0.13962982    0.13711071    0.16348695    0.16363135    0.36452103    0.36452103    0.34738928    0.35959576    0.35959576    0.50879886    0.50403483
T13            0.20611921    0.23701151    0.19926967    0.19982699    0.23112823    0.23112823    0.24150050    0.21411571    0.18593544    0.21379179    0.12050635    0.12296960    0.13962982    0.00000000    0.00200401    0.14271590    0.13781404    0.33055766    0.33055766    0.31071095    0.32586366    0.32586366    0.47297981    0.46847346
T7             0.20326164    0.23406121    0.19647601    0.19701762    0.22821236    0.22821236    0.23855891    0.21122510    0.18320287    0.21090951    0.11805518    0.12050635    0.13711071    0.00200401    0.00000000    0.14016464    0.13528216    0.32701064    0.32701064    0.30728547    0.32231661    0.32231661    0.46847346    0.46400738
T1             0.19674233    0.22743292    0.17942362    0.18251762    0.22983659    0.22983659    0.24662721    0.18751090    0.17942362    0.19826383    0.14377743    0.15109073    0.16348695    0.14271590    0.14016464    0.00000000    0.00805148    0.31054348    0.31054348    0.29809245    0.30912703    0.30912703    0.45957405    0.45524345
T11            0.19369788    0.22193495    0.17694428    0.17734577    0.22432713    0.22432713    0.24098591    0.18230682    0.17428443    0.19297606    0.14391185    0.15122774    0.16363135    0.13781404    0.13528216    0.00805148    0.00000000    0.30428986    0.30428986    0.29195018    0.30286225    0.30286225    0.46042758    0.45607813
T14            0.30912703    0.33622963    0.28665502    0.29392719    0.35384113    0.35384113    0.37042455    0.32078506    0.30050757    0.32827255    0.33721396    0.35043240    0.36452103    0.33055766    0.32701064    0.31054348    0.30428986    0.00000000    0.00000000    0.02660338    0.05432938    0.05432938    0.43131194    0.42726209
T19            0.30912703    0.33622963    0.28665502    0.29392719    0.35384113    0.35384113    0.37042455    0.32078506    0.30050757    0.32827255    0.33721396    0.35043240    0.36452103    0.33055766    0.32701064    0.31054348    0.30428986    0.00000000    0.00000000    0.02660338    0.05432938    0.05432938    0.43131194    0.42726209
T18            0.29333114    0.32002331    0.28102079    0.28180111    0.33367895    0.33367895    0.34883331    0.31493275    0.29479142    0.32237175    0.31734783    0.33016988    0.34738928    0.31071095    0.30728547    0.29809245    0.29195018    0.02660338    0.02660338    0.00000000    0.04572375    0.04572375    0.42726209    0.42324480
T2             0.31472287    0.32770499    0.29479142    0.29570045    0.35236367    0.35236367    0.36053305    0.31254080    0.29902343    0.32701064    0.33591997    0.34916857    0.35959576    0.32586366    0.32231661    0.30912703    0.30286225    0.05432938    0.05432938    0.04572375    0.00000000    0.00000000    0.43680926    0.43269269
T12            0.31472287    0.32770499    0.29479142    0.29570045    0.35236367    0.35236367    0.36053305    0.31254080    0.29902343    0.32701064    0.33591997    0.34916857    0.35959576    0.32586366    0.32231661    0.30912703    0.30286225    0.05432938    0.05432938    0.04572375    0.00000000    0.00000000    0.43680926    0.43269269
T4             0.43884109    0.45283770    0.42628377    0.42787110    0.44294461    0.44294461    0.49094284    0.45431206    0.43149108    0.45176620    0.48180846    0.49831296    0.50879886    0.47297981    0.46847346    0.45957405    0.46042758    0.43131194    0.43131194    0.42726209    0.43680926    0.43680926    0.00000000    0.00200401
T21            0.43462017    0.44859894    0.42216714    0.42372027    0.43881104    0.43881104    0.48645683    0.44998143    0.42737448    0.44749115    0.47728175    0.49365983    0.50403483    0.46847346    0.46400738    0.45524345    0.45607813    0.42726209    0.42726209    0.42324480    0.43269269    0.43269269    0.00200401    0.00000000

