24
T22            0.00000000    0.31845656    0.32653052    0.29909847    0.29157893    0.27519824    0.25434230    0.25746010    0.58788479    0.57698905    0.56356798    0.28824016    0.28032061    0.28874788    0.28401147    0.28032061    0.29340504    0.29246973    0.29057495    0.28963934    0.13548652    0.14529734    0.14314288    0.13712367
T19            0.31845656    0.00000000    0.01617884    0.05200270    0.06055567    0.21465790    0.19575750    0.19852904    0.51342314    0.51821690    0.49658307    0.22451231    0.22067626    0.23439708    0.21807813    0.22067626    0.22590122    0.23409935    0.22680480    0.21751671    0.28401147    0.29624618    0.29624618    0.29073280
T13            0.32653052    0.01617884    0.00000000    0.05653980    0.06511679    0.22097010    0.20183651    0.20465503    0.52097583    0.52581599    0.50397157    0.22745547    0.22942839    0.24333186    0.22680480    0.22357662    0.23470471    0.24300750    0.23568677    0.22619272    0.29155459    0.30396666    0.30396666    0.29816387
T17            0.29909847    0.05200270    0.05653980    0.00000000    0.04120195    0.19929986    0.17803723    0.18074862    0.51548823    0.52032857    0.50799523    0.20493698    0.20131606    0.21465790    0.19323371    0.19575750    0.20642203    0.21439968    0.20157170    0.19277788    0.25936093    0.27113790    0.27113790    0.26368387
T0             0.29157893    0.06055567    0.06511679    0.04120195    0.00000000    0.20106961    0.17984361    0.18254031    0.50673073    0.50207130    0.49012155    0.20438227    0.20083240    0.21415099    0.19829037    0.20083240    0.20594419    0.21391187    0.20667497    0.19235844    0.25549927    0.26405325    0.26405325    0.26231195
T21            0.27519824    0.21465790    0.22097010    0.19929986    0.20106961    0.00000000    0.04112522    0.04325303    0.51718993    0.52200678    0.50967528    0.20183651    0.19552652    0.20594419    0.19852904    0.20106961    0.20338364    0.20571935    0.20642203    0.20038574    0.24066117    0.25444606    0.25207754    0.24449795
T8             0.25434230    0.19575750    0.20183651    0.17803723    0.17984361    0.04112522    0.00000000    0.00200402    0.49196659    0.49658307    0.48926712    0.18050925    0.17449354    0.18732561    0.17736727    0.17984361    0.18212604    0.18442956    0.18503272    0.17925728    0.21578555    0.22911857    0.22680480    0.21959688
T12            0.25746010    0.19852904    0.20465503    0.18074862    0.18254031    0.04325303    0.00200402    0.00000000    0.49658307    0.50124265    0.49388368    0.18322802    0.17716141    0.19004430    0.18005672    0.18254031    0.18482271    0.18712620    0.18775144    0.18193226    0.21867755    0.23206167    0.22974793    0.22246386
T2             0.58788479    0.51342314    0.52097583    0.51548823    0.50673073    0.51718993    0.49196659    0.49658307    0.00000000    0.00602414    0.05419119    0.43658366    0.43844678    0.44038250    0.42980928    0.42903320    0.43844678    0.45809424    0.45194449    0.44766433    0.55434975    0.53900965    0.53128580    0.55074698
T4             0.57698905    0.51821690    0.52581599    0.52032857    0.50207130    0.52200678    0.49658307    0.50124265    0.00602414    0.00000000    0.05200270    0.44079171    0.44263707    0.44455518    0.43398220    0.43318873    0.44263707    0.46243007    0.45626167    0.45194449    0.55434975    0.53900965    0.53128580    0.55074698
T7             0.56356798    0.49658307    0.50397157    0.50799523    0.49012155    0.50967528    0.48926712    0.49388368    0.05419119    0.05200270    0.00000000    0.43241079    0.43429137    0.43624441    0.43241079    0.43164841    0.43017028    0.44953396    0.44342057    0.43921258    0.54647060    0.53629624    0.52860158    0.54290167
T6             0.28824016    0.22451231    0.22745547    0.20493698    0.20438227    0.20183651    0.18050925    0.18322802    0.43658366    0.44079171    0.43241079    0.00000000    0.02234672    0.03272654    0.04982377    0.05632413    0.10360259    0.11293647    0.11091791    0.11065305    0.22779522    0.23903892    0.23903892    0.22328393
T9             0.28032061    0.22067626    0.22942839    0.20131606    0.20083240    0.19552652    0.17449354    0.17716141    0.43844678    0.44263707    0.43429137    0.02234672    0.00000000    0.01413274    0.04753607    0.05399023    0.10349112    0.11281716    0.10598417    0.10575740    0.22387893    0.23502222    0.23502222    0.21725032
T15            0.28874788    0.23439708    0.24333186    0.21465790    0.21415099    0.20594419    0.18732561    0.19004430    0.44038250    0.44455518    0.43624441    0.03272654    0.01413274    0.00000000    0.05609985    0.06262650    0.11510999    0.12214660    0.11522747    0.11500021    0.23470471    0.24601257    0.24601257    0.22797702
T18            0.28401147    0.21807813    0.22680480    0.19323371    0.19829037    0.19852904    0.17736727    0.18005672    0.42980928    0.43398220    0.43241079    0.04982377    0.04753607    0.05609985    0.00000000    0.01008411    0.10575740    0.11270550    0.10586703    0.09859474    0.22419083    0.23534958    0.23534958    0.21751671
T5             0.28032061    0.22067626    0.22357662    0.19575750    0.20083240    0.20106961    0.17984361    0.18254031    0.42903320    0.43318873    0.43164841    0.05632413    0.05399023    0.06262650    0.01008411    0.00000000    0.10329066    0.11021427    0.10338714    0.09851683    0.22387893    0.24099654    0.24099654    0.22067626
T20            0.29340504    0.22590122    0.23470471    0.20642203    0.20594419    0.20338364    0.18212604    0.18482271    0.43844678    0.44263707    0.43017028    0.10360259    0.10349112    0.11510999    0.10575740    0.10329066    0.00000000    0.02236473    0.03910375    0.04116977    0.24778073    0.25936093    0.25936093    0.25444606
T11            0.29246973    0.23409935    0.24300750    0.21439968    0.21391187    0.20571935    0.18442956    0.18712620    0.45809424    0.46243007    0.44953396    0.11293647    0.11281716    0.12214660    0.11270550    0.11021427    0.02236473    0.00000000    0.04545284    0.04753607    0.24704323    0.25858804    0.25858804    0.25379567
T1             0.29057495    0.22680480    0.23568677    0.20157170    0.20667497    0.20642203    0.18503272    0.18775144    0.45194449    0.45626167    0.44342057    0.11091791    0.10598417    0.11522747    0.10586703    0.10338714    0.03910375    0.04545284    0.00000000    0.02862826    0.24510408    0.25664508    0.25664508    0.25173583
T3             0.28963934    0.21751671    0.22619272    0.19277788    0.19235844    0.20038574    0.17925728    0.18193226    0.44766433    0.45194449    0.43921258    0.11065305    0.10575740    0.11500021    0.09859474    0.09851683    0.04116977    0.04753607    0.02862826    0.00000000    0.23833673    0.25587095    0.25587095    0.24507317
T14            0.13548652    0.28401147    0.29155459    0.25936093    0.25549927    0.24066117    0.21578555    0.21867755    0.55434975    0.55434975    0.54647060    0.22779522    0.22387893    0.23470471    0.22419083    0.22387893    0.24778073    0.24704323    0.24510408    0.23833673    0.00000000    0.07621944    0.07185967    0.08724227
T10            0.14529734    0.29624618    0.30396666    0.27113790    0.26405325    0.25444606    0.22911857    0.23206167    0.53900965    0.53900965    0.53629624    0.23903892    0.23502222    0.24601257    0.23534958    0.24099654    0.25936093    0.25858804    0.25664508    0.25587095    0.07621944    0.00000000    0.00401206    0.09401709
T23            0.14314288    0.29624618    0.30396666    0.27113790    0.26405325    0.25207754    0.22680480    0.22974793    0.53128580    0.53128580    0.52860158    0.23903892    0.23502222    0.24601257    0.23534958    0.24099654    0.25936093    0.25858804    0.25664508    0.25587095    0.07185967    0.00401206    0.00000000    0.08954688
T16            0.13712367    0.29073280    0.29816387    0.26368387    0.26231195    0.24449795    0.21959688    0.22246386    0.55074698    0.55074698    0.54290167    0.22328393    0.21725032    0.22797702    0.21751671    0.22067626    0.25444606    0.25379567    0.25173583    0.24507317    0.08724227    0.09401709    0.08954688    0.00000000

