24
T23            0.00000000    0.38857430    0.38978795    0.41593431    0.40209363    0.40209363    0.39629178    0.38339236    0.31394328    0.33777870    0.32274057    0.33368989    0.32478466    0.30672581    0.33018011    0.34987578    0.34683270    0.28675793    0.26638767    0.28744056    0.27861319    0.32373870    0.27582391    0.27304541
T16            0.38857430    0.00000000    0.08060373    0.26471209    0.25953036    0.25345013    0.26054215    0.25985713    0.23498582    0.25375834    0.25679843    0.24803346    0.24297069    0.24834408    0.24744298    0.26914717    0.26951333    0.20896411    0.21672125    0.23968103    0.22849710    0.24834408    0.23113375    0.23085577
T21            0.38978795    0.08060373    0.00000000    0.28586953    0.28394974    0.27747563    0.28769003    0.28675793    0.24700068    0.25136580    0.25817236    0.25169582    0.25582486    0.25509481    0.25407694    0.28180879    0.28221520    0.22093811    0.20872302    0.24029912    0.22908500    0.24834408    0.22878617    0.22849710
T7             0.41593431    0.26471209    0.28586953    0.00000000    0.01414100    0.01006764    0.07582709    0.08033181    0.28394974    0.30142379    0.30383935    0.31103435    0.28026279    0.27941634    0.26951333    0.31735716    0.31786222    0.27747563    0.26054215    0.28544175    0.27983416    0.29393565    0.26603126    0.26328144
T19            0.40209363    0.25953036    0.28394974    0.01414100    0.00000000    0.00401609    0.07149503    0.07598963    0.27882683    0.29617943    0.29856041    0.30574464    0.27513917    0.27426975    0.26752038    0.31545835    0.31598669    0.27237358    0.25854176    0.27385098    0.26832819    0.28868928    0.26090035    0.25817236
T14            0.40209363    0.25345013    0.27747563    0.01006764    0.00401609    0.00000000    0.06704048    0.07149503    0.27237358    0.28957703    0.29195804    0.29903140    0.26874783    0.26791904    0.26126898    0.30863046    0.30913539    0.26600260    0.25238660    0.27385098    0.26832819    0.28221520    0.25474520    0.25203609
T4             0.39629178    0.26054215    0.28769003    0.07582709    0.07149503    0.06704048    0.00000000    0.03062975    0.28585768    0.29765971    0.30000708    0.31071898    0.27978091    0.28208498    0.28817242    0.31821631    0.31880272    0.28027388    0.25971182    0.26961850    0.27375750    0.29765971    0.26832819    0.26558256
T11            0.38339236    0.25985713    0.28675793    0.08033181    0.07598963    0.07149503    0.03062975    0.00000000    0.27836576    0.29003744    0.29240713    0.30624950    0.27328570    0.27237358    0.28070220    0.31017966    0.31071898    0.27605099    0.25582486    0.27426975    0.27836576    0.29903140    0.26752038    0.26477369
T6             0.31394328    0.23498582    0.24700068    0.28394974    0.27882683    0.27237358    0.28585768    0.27836576    0.00000000    0.11777235    0.11751897    0.11764182    0.10863730    0.10122656    0.11522032    0.14489149    0.15023797    0.15328249    0.15003349    0.15462410    0.14726615    0.17467474    0.17242239    0.16997206
T2             0.33777870    0.25375834    0.25136580    0.30142379    0.29617943    0.28957703    0.29765971    0.29003744    0.11777235    0.00000000    0.05835615    0.07613347    0.09662205    0.10112115    0.12702985    0.15722181    0.15742196    0.16225253    0.16205538    0.18545822    0.17555285    0.20974363    0.18523133    0.18274046
T1             0.32274057    0.25679843    0.25817236    0.30383935    0.29856041    0.29195804    0.30000708    0.29240713    0.11751897    0.05835615    0.00000000    0.08052503    0.10348537    0.10564997    0.12924237    0.15426215    0.15443898    0.16186666    0.15393348    0.17962174    0.16711665    0.20639727    0.18252094    0.18003740
T22            0.33368989    0.24803346    0.25169582    0.31103435    0.30574464    0.29903140    0.31071898    0.30624950    0.11764182    0.07613347    0.08052503    0.00000000    0.09652034    0.10338182    0.12936377    0.16488442    0.17041679    0.16997206    0.17509653    0.19069660    0.18072656    0.20947445    0.19046368    0.18795649
T15            0.32478466    0.24297069    0.25582486    0.28026279    0.27513917    0.26874783    0.27978091    0.27328570    0.10863730    0.09662205    0.10348537    0.09652034    0.00000000    0.04994342    0.10813277    0.14252488    0.14785957    0.16047898    0.15242140    0.17286432    0.16531782    0.19674573    0.17263907    0.17019017
T5             0.30672581    0.24834408    0.25509481    0.27941634    0.27426975    0.26791904    0.28208498    0.27237358    0.10122656    0.10112115    0.10564997    0.10338182    0.04994342    0.00000000    0.11030678    0.13963163    0.14489149    0.15481749    0.15203984    0.16753026    0.16004008    0.19622231    0.16692262    0.16448476
T17            0.33018011    0.24744298    0.25407694    0.26951333    0.26752038    0.26126898    0.28817242    0.28070220    0.11522032    0.12702985    0.12924237    0.12936377    0.10813277    0.11030678    0.00000000    0.06504316    0.06959873    0.16468036    0.15667124    0.17714387    0.16692262    0.19275740    0.17962174    0.17714387
T18            0.34987578    0.26914717    0.28180879    0.31735716    0.31545835    0.30863046    0.31821631    0.31017966    0.14489149    0.15722181    0.15426215    0.16488442    0.14252488    0.13963163    0.06504316    0.00000000    0.01623171    0.18320589    0.17756261    0.19647951    0.18593851    0.20974363    0.19622231    0.19370132
T0             0.34683270    0.26951333    0.28221520    0.31786222    0.31598669    0.30913539    0.31880272    0.31071898    0.15023797    0.15742196    0.15443898    0.17041679    0.14785957    0.14489149    0.06959873    0.01623171    0.00000000    0.18345175    0.17778505    0.19118929    0.18072656    0.20435546    0.18819084    0.18569396
T10            0.28675793    0.20896411    0.22093811    0.27747563    0.27237358    0.26600260    0.28027388    0.27605099    0.15328249    0.16225253    0.16186666    0.16997206    0.16047898    0.15481749    0.16468036    0.18320589    0.18345175    0.00000000    0.06312593    0.15242140    0.14252488    0.16753026    0.13695660    0.13460598
T12            0.26638767    0.21672125    0.20872302    0.26054215    0.25854176    0.25238660    0.25971182    0.25582486    0.15003349    0.16205538    0.15393348    0.17509653    0.15242140    0.15203984    0.15667124    0.17756261    0.17778505    0.06312593    0.00000000    0.13666887    0.13196858    0.15393348    0.12912894    0.12679119
T9             0.28744056    0.23968103    0.24029912    0.28544175    0.27385098    0.27385098    0.26961850    0.27426975    0.15462410    0.18545822    0.17962174    0.19069660    0.17286432    0.16753026    0.17714387    0.19647951    0.19118929    0.15242140    0.13666887    0.00000000    0.03284724    0.08782738    0.09633901    0.09409484
T3             0.27861319    0.22849710    0.22908500    0.27983416    0.26832819    0.26832819    0.27375750    0.27836576    0.14726615    0.17555285    0.16711665    0.18072656    0.16531782    0.16004008    0.16692262    0.18593851    0.18072656    0.14252488    0.13196858    0.03284724    0.00000000    0.07858868    0.08266187    0.08045345
T13            0.32373870    0.24834408    0.24834408    0.29393565    0.28868928    0.28221520    0.29765971    0.29903140    0.17467474    0.20974363    0.20639727    0.20947445    0.19674573    0.19622231    0.19275740    0.20974363    0.20435546    0.16753026    0.15393348    0.08782738    0.07858868    0.00000000    0.11259576    0.11030678
T20            0.27582391    0.23113375    0.22878617    0.26603126    0.26090035    0.25474520    0.26832819    0.26752038    0.17242239    0.18523133    0.18252094    0.19046368    0.17263907    0.16692262    0.17962174    0.19622231    0.18819084    0.13695660    0.12912894    0.09633901    0.08266187    0.11259576    0.00000000    0.00200301
T8             0.27304541    0.23085577    0.22849710    0.26328144    0.25817236    0.25203609    0.26558256    0.26477369    0.16997206    0.18274046    0.18003740    0.18795649    0.17019017    0.16448476    0.17714387    0.19370132    0.18569396    0.13460598    0.12679119    0.09409484    0.08045345    0.11030678    0.00200301    0.00000000

