24
T1             0.00000000    0.32869745    0.31689528    0.33516457    0.29438819    0.30010614    0.31446861    0.31446861    0.40642424    0.39931445    0.33419038    0.32728988    0.30793217    0.31417942    0.32006188    0.33929196    0.32229049    0.34687156    0.31256231    0.30341913    0.30630618    0.38343865    0.35969192    0.40541189
T23            0.32869745    0.00000000    0.18453395    0.20492073    0.17903763    0.18398054    0.18673624    0.18673624    0.27368924    0.26780769    0.19827804    0.19827804    0.19094884    0.20182162    0.20410449    0.23500196    0.17962976    0.19928499    0.17488953    0.16468774    0.16712408    0.22010171    0.19024900    0.25511393
T3             0.31689528    0.18453395    0.00000000    0.03271225    0.05407644    0.06276248    0.06055480    0.06276248    0.19468486    0.18944226    0.13446087    0.12949712    0.11052831    0.12007880    0.12226213    0.14421252    0.14140579    0.16712408    0.13183716    0.11740693    0.13197283    0.19024900    0.16692975    0.21723541
T15            0.33516457    0.20492073    0.03271225    0.00000000    0.07373838    0.07587516    0.08039028    0.08266324    0.20786255    0.20252434    0.14883585    0.14378431    0.12691014    0.13446087    0.13667320    0.16395521    0.15848453    0.18211650    0.14644460    0.13394161    0.14659375    0.20850184    0.18461213    0.23379445
T19            0.29438819    0.17903763    0.05407644    0.07373838    0.00000000    0.01210948    0.03914394    0.04128539    0.18192325    0.17676748    0.11806043    0.11319334    0.09461512    0.10397730    0.10610482    0.13259475    0.13446087    0.16532615    0.12498168    0.11548088    0.12513043    0.18073628    0.15984036    0.21260611
T11            0.30010614    0.18398054    0.06276248    0.07587516    0.01210948    0.00000000    0.04334298    0.04549365    0.18963031    0.18442058    0.12513043    0.12021547    0.10146252    0.11091335    0.11305915    0.13980739    0.13917368    0.17287315    0.13211645    0.12252422    0.13226800    0.18844436    0.16732694    0.22065920
T9             0.31446861    0.18673624    0.06055480    0.08039028    0.03914394    0.04334298    0.00000000    0.01007278    0.18692689    0.18173893    0.13226800    0.12730422    0.10837322    0.11791440    0.12007880    0.14453886    0.13917368    0.16753831    0.12963459    0.12252422    0.12021547    0.19623319    0.16732694    0.23831478
T13            0.31446861    0.18673624    0.06276248    0.08266324    0.04128539    0.04549365    0.01007278    0.00000000    0.19508145    0.18982748    0.13476851    0.12977994    0.11077747    0.12035984    0.12252422    0.14709045    0.14168675    0.17019861    0.13211645    0.12007880    0.12730422    0.19346224    0.16998017    0.24131902
T14            0.40642424    0.27368924    0.19468486    0.20786255    0.18192325    0.18963031    0.18692689    0.19508145    0.00000000    0.00401105    0.18796605    0.18252967    0.15909483    0.16152077    0.16901663    0.18711671    0.23741121    0.26472951    0.21887675    0.20806613    0.22676002    0.29199540    0.27123844    0.34324536
T6             0.39931445    0.26780769    0.18944226    0.20252434    0.17676748    0.18442058    0.18173893    0.18982748    0.00401105    0.00000000    0.18274953    0.17735716    0.15409943    0.15651027    0.16395521    0.18192325    0.23185869    0.25892508    0.21345083    0.20272202    0.22128060    0.28595259    0.26536884    0.33672812
T5             0.33419038    0.19827804    0.13446087    0.14883585    0.11806043    0.12513043    0.13226800    0.13476851    0.18796605    0.18274953    0.00000000    0.00401610    0.02857224    0.03910332    0.04116944    0.09409678    0.16854245    0.20130248    0.15892951    0.14898320    0.16395521    0.20059273    0.18731557    0.25106288
T4             0.32728988    0.19827804    0.12949712    0.14378431    0.11319334    0.12021547    0.12730422    0.12977994    0.18252967    0.17735716    0.00401610    0.00000000    0.02440542    0.03485681    0.03692295    0.08946657    0.16335995    0.19574516    0.15378696    0.14391884    0.15877266    0.19508145    0.18192325    0.24505448
T22            0.30793217    0.19094884    0.11052831    0.12691014    0.09461512    0.10146252    0.10837322    0.11077747    0.15909483    0.15409943    0.02857224    0.02440542    0.00000000    0.01008406    0.01414104    0.07380178    0.14354005    0.17488953    0.13418517    0.12458221    0.13654120    0.18231865    0.16674398    0.22617489
T10            0.31417942    0.20182162    0.12007880    0.13446087    0.10397730    0.11091335    0.11791440    0.12035984    0.16152077    0.15651027    0.03910332    0.03485681    0.01008406    0.00000000    0.01620794    0.08280985    0.15350815    0.18546771    0.14406158    0.13431902    0.14644460    0.19298952    0.17715183    0.23765378
T12            0.32006188    0.20410449    0.12226213    0.13667320    0.10610482    0.11305915    0.12007880    0.12252422    0.16901663    0.16395521    0.04116944    0.03692295    0.01414104    0.01620794    0.00000000    0.08266324    0.15580178    0.18774026    0.14630370    0.13654120    0.14869683    0.19529354    0.17943483    0.24000093
T16            0.33929196    0.23500196    0.14421252    0.16395521    0.13259475    0.13980739    0.14453886    0.14709045    0.18711671    0.18192325    0.09409678    0.08946657    0.07380178    0.08280985    0.08266324    0.00000000    0.18173893    0.20975613    0.16901663    0.15892951    0.17411430    0.21697928    0.20337134    0.27508393
T7             0.32229049    0.17962976    0.14140579    0.15848453    0.13446087    0.13917368    0.13917368    0.14168675    0.23741121    0.23185869    0.16854245    0.16335995    0.14354005    0.15350815    0.15580178    0.18173893    0.00000000    0.07849567    0.08699243    0.07803039    0.08933199    0.15378696    0.12435516    0.21367011
T20            0.34687156    0.19928499    0.16712408    0.18211650    0.16532615    0.17287315    0.16753831    0.17019861    0.26472951    0.25892508    0.20130248    0.19574516    0.17488953    0.18546771    0.18774026    0.20975613    0.07849567    0.00000000    0.11030947    0.10102545    0.11305915    0.18049748    0.14965514    0.24632396
T2             0.31256231    0.17488953    0.13183716    0.14644460    0.12498168    0.13211645    0.12963459    0.13211645    0.21887675    0.21345083    0.15892951    0.15378696    0.13418517    0.14406158    0.14630370    0.16901663    0.08699243    0.11030947    0.00000000    0.01620794    0.06050724    0.11499691    0.08946657    0.20593190
T8             0.30341913    0.16468774    0.11740693    0.13394161    0.11548088    0.12252422    0.12252422    0.12007880    0.20806613    0.20272202    0.14898320    0.14391884    0.12458221    0.13431902    0.13654120    0.15892951    0.07803039    0.10102545    0.01620794    0.00000000    0.05621325    0.11041508    0.08502153    0.19255303
T18            0.30630618    0.16712408    0.13197283    0.14659375    0.12513043    0.13226800    0.12021547    0.12730422    0.22676002    0.22128060    0.16395521    0.15877266    0.13654120    0.14644460    0.14869683    0.17411430    0.08933199    0.11305915    0.06050724    0.05621325    0.00000000    0.10813559    0.08052649    0.20337134
T17            0.38343865    0.22010171    0.19024900    0.20850184    0.18073628    0.18844436    0.19623319    0.19346224    0.29199540    0.28595259    0.20059273    0.19508145    0.18231865    0.19298952    0.19529354    0.21697928    0.15378696    0.18049748    0.11499691    0.11041508    0.10813559    0.00000000    0.03701162    0.24179411
T21            0.35969192    0.19024900    0.16692975    0.18461213    0.15984036    0.16732694    0.16732694    0.16998017    0.27123844    0.26536884    0.18731557    0.18192325    0.16674398    0.17715183    0.17943483    0.20337134    0.12435516    0.14965514    0.08946657    0.08502153    0.08052649    0.03701162    0.00000000    0.21910234
T0             0.40541189    0.25511393    0.21723541    0.23379445    0.21260611    0.22065920    0.23831478    0.24131902    0.34324536    0.33672812    0.25106288    0.24505448    0.22617489    0.23765378    0.24000093    0.27508393    0.21367011    0.24632396    0.20593190    0.19255303    0.20337134    0.24179411    0.21910234    0.00000000

