24
T21            0.00000000    0.37585014    0.37585014    0.38283647    0.39774446    0.37272289    0.35352786    0.38989574    0.38087341    0.36787425    0.40341194    0.31301149    0.31547387    0.33118582    0.30875920    0.28066888    0.33465982    0.29481792    0.29680618    0.13619186    0.13383002    0.14604448    0.14604448    0.11719811
T15            0.37585014    0.00000000    0.00401610    0.03289383    0.13528770    0.13510620    0.12101244    0.14334868    0.14036492    0.14199834    0.17510218    0.17385804    0.18150175    0.19731401    0.34522918    0.31981768    0.37393336    0.33670747    0.35295838    0.35295838    0.34880259    0.35602701    0.35240174    0.34382899
T0             0.37585014    0.00401610    0.00000000    0.03289383    0.13528770    0.13510620    0.12101244    0.14334868    0.14036492    0.14199834    0.17510218    0.17385804    0.18150175    0.19731401    0.35240174    0.32671789    0.38151407    0.33670747    0.36026204    0.35295838    0.34880259    0.35602701    0.35240174    0.34382899
T1             0.38283647    0.03289383    0.03289383    0.00000000    0.14528674    0.13745194    0.12083755    0.14570978    0.14272208    0.13963509    0.17264477    0.16822059    0.17580064    0.19145671    0.38151407    0.34025554    0.39241994    0.35411018    0.37079705    0.35967878    0.35547011    0.35547011    0.35910857    0.35047167
T2             0.39774446    0.13528770    0.13528770    0.14528674    0.00000000    0.06282143    0.07432868    0.10700526    0.09710420    0.17334720    0.20436339    0.19200357    0.19983924    0.21031911    0.37844797    0.35910857    0.40471929    0.36958775    0.37528613    0.38661433    0.38220967    0.38220967    0.37100852    0.37332138
T10            0.37272289    0.13510620    0.13510620    0.13745194    0.06282143    0.00000000    0.06519293    0.09724251    0.08760398    0.16732431    0.19528973    0.18345876    0.19119660    0.20155359    0.37903373    0.35492619    0.38860320    0.36164582    0.36732992    0.36732992    0.36316067    0.37046414    0.35954858    0.35800738
T6             0.35352786    0.12101244    0.12101244    0.12083755    0.07432868    0.06519293    0.00000000    0.06772525    0.05859553    0.16048485    0.19094539    0.16313100    0.17065833    0.18073324    0.36220318    0.32918019    0.37647051    0.33918192    0.34827174    0.34117562    0.33718438    0.33371040    0.32683409    0.32523649
T3             0.38989574    0.14334868    0.14334868    0.14570978    0.10700526    0.09724251    0.06772525    0.00000000    0.05449735    0.18482049    0.21638225    0.20106323    0.20679586    0.22326506    0.38724273    0.35295838    0.40212963    0.36335744    0.37647051    0.36531095    0.36110166    0.36110166    0.35030397    0.34880259
T23            0.38087341    0.14036492    0.14036492    0.14272208    0.09710420    0.08760398    0.05859553    0.05449735    0.00000000    0.18371373    0.21232404    0.19760755    0.20836484    0.21670570    0.39366775    0.35910857    0.40867457    0.36958775    0.37903373    0.36787425    0.36367822    0.36367822    0.36005302    0.35855143
T19            0.36787425    0.14199834    0.14199834    0.13963509    0.17334720    0.16732431    0.16048485    0.18482049    0.18371373    0.00000000    0.05605743    0.17488661    0.17756823    0.19827419    0.37415631    0.33718438    0.39242238    0.35337244    0.37361191    0.35747644    0.35337244    0.36057072    0.34981183    0.33325437
T12            0.40341194    0.17510218    0.17510218    0.17264477    0.20436339    0.19528973    0.19094539    0.21638225    0.21232404    0.05605743    0.00000000    0.20360237    0.20129857    0.22270700    0.40998068    0.36993334    0.42394812    0.38424054    0.40543884    0.38981912    0.38539945    0.39303796    0.38162355    0.35800738
T18            0.31301149    0.17385804    0.17385804    0.16822059    0.19200357    0.18345876    0.16313100    0.20106323    0.19760755    0.17488661    0.20360237    0.00000000    0.01006866    0.02232960    0.32325587    0.30191523    0.34382899    0.30815844    0.31688529    0.28706138    0.28348158    0.29639098    0.28348158    0.27786717
T11            0.31547387    0.18150175    0.18150175    0.17580064    0.19983924    0.19119660    0.17065833    0.20679586    0.20836484    0.17756823    0.20129857    0.01006866    0.00000000    0.01617355    0.32571819    0.30431836    0.34630339    0.31057316    0.31933556    0.28951182    0.28594413    0.29885346    0.28594413    0.28030569
T7             0.33118582    0.19731401    0.19731401    0.19145671    0.21031911    0.20155359    0.18073324    0.22326506    0.21670570    0.19827419    0.22270700    0.02232960    0.01617355    0.00000000    0.33565889    0.31981768    0.36026204    0.32621200    0.33166703    0.30462059    0.30096133    0.31083436    0.29771321    0.29521371
T9             0.30875920    0.34522918    0.35240174    0.38151407    0.37844797    0.37903373    0.36220318    0.38724273    0.39366775    0.37415631    0.40998068    0.32325587    0.32571819    0.33565889    0.00000000    0.07177098    0.10384289    0.07849512    0.09204834    0.29680618    0.29639098    0.31210525    0.30543541    0.28104308
T5             0.28066888    0.31981768    0.32671789    0.34025554    0.35910857    0.35492619    0.32918019    0.35295838    0.35910857    0.33718438    0.36993334    0.30191523    0.30431836    0.31981768    0.07177098    0.00000000    0.09473980    0.06968777    0.07849512    0.26365203    0.26329409    0.28706138    0.28066888    0.24804347
T16            0.33465982    0.37393336    0.38151407    0.39241994    0.40471929    0.38860320    0.37647051    0.40212963    0.40867457    0.39242238    0.42394812    0.34382899    0.34630339    0.36026204    0.10384289    0.09473980    0.00000000    0.10384289    0.11064798    0.30875920    0.30833493    0.33118582    0.32430946    0.29273899
T8             0.29481792    0.33670747    0.33670747    0.35411018    0.36958775    0.36164582    0.33918192    0.36335744    0.36958775    0.35337244    0.38424054    0.30815844    0.31057316    0.32621200    0.07849512    0.06968777    0.10384289    0.00000000    0.04133697    0.29437962    0.29395255    0.31301149    0.30629678    0.27623642
T4             0.29680618    0.35295838    0.36026204    0.37079705    0.37528613    0.36732992    0.34827174    0.37647051    0.37903373    0.37361191    0.40543884    0.31688529    0.31933556    0.33166703    0.09204834    0.07849512    0.11064798    0.04133697    0.00000000    0.28667779    0.29273899    0.31502709    0.30833493    0.27824223
T13            0.13619186    0.35295838    0.35295838    0.35967878    0.38661433    0.36732992    0.34117562    0.36531095    0.36787425    0.35747644    0.38981912    0.28706138    0.28951182    0.30462059    0.29680618    0.26365203    0.30875920    0.29437962    0.28667779    0.00000000    0.00602719    0.04770601    0.04988007    0.04338608
T20            0.13383002    0.34880259    0.34880259    0.35547011    0.38220967    0.36316067    0.33718438    0.36110166    0.36367822    0.35337244    0.38539945    0.28348158    0.28594413    0.30096133    0.29639098    0.26329409    0.30833493    0.29395255    0.29273899    0.00602719    0.00000000    0.04559587    0.04776521    0.04128525
T22            0.14604448    0.35602701    0.35602701    0.35547011    0.38220967    0.37046414    0.33371040    0.36110166    0.36367822    0.36057072    0.39303796    0.29639098    0.29885346    0.31083436    0.31210525    0.28706138    0.33118582    0.31301149    0.31502709    0.04770601    0.04559587    0.00000000    0.01010145    0.05418988
T14            0.14604448    0.35240174    0.35240174    0.35910857    0.37100852    0.35954858    0.32683409    0.35030397    0.36005302    0.34981183    0.38162355    0.28348158    0.28594413    0.29771321    0.30543541    0.28066888    0.32430946    0.30629678    0.30833493    0.04988007    0.04776521    0.01010145    0.00000000    0.05200154
T17            0.11719811    0.34382899    0.34382899    0.35047167    0.37332138    0.35800738    0.32523649    0.34880259    0.35855143    0.33325437    0.35800738    0.27786717    0.28030569    0.29521371    0.28104308    0.24804347    0.29273899    0.27623642    0.27824223    0.04338608    0.04128525    0.05418988    0.05200154    0.00000000

