24
T10            0.00000000    0.42504309    0.37663921    0.38617374    0.39385182    0.38999800    0.41174587    0.39063046    0.39063046    0.38818570    0.38121412    0.35043895    0.39976689    0.39976689    0.41174587    0.34032826    0.17782501    0.20242073    0.18873350    0.19400955    0.18873350    0.20873548    0.20525629    0.19960121
T3             0.42504309    0.00000000    0.05200432    0.23803730    0.23642917    0.23343174    0.28687765    0.26470328    0.26470328    0.26843138    0.25247124    0.22978262    0.23907805    0.23907805    0.26610762    0.25359089    0.44518306    0.48413903    0.47597559    0.48614744    0.46885851    0.48614744    0.50248987    0.50248987
T0             0.37663921    0.05200432    0.00000000    0.21523205    0.21354454    0.21066811    0.25051020    0.23152922    0.23152922    0.23607161    0.22100142    0.19652972    0.20525629    0.20525629    0.23080157    0.21551930    0.40302081    0.43916382    0.42323007    0.43237346    0.41657445    0.44263839    0.45577493    0.45577493
T22            0.38617374    0.23803730    0.21523205    0.00000000    0.02857283    0.02857283    0.20062801    0.18695551    0.18695551    0.17861732    0.18142263    0.15086573    0.17204898    0.17204898    0.19554928    0.17698250    0.37692869    0.41881090    0.40753127    0.40819674    0.40098636    0.43672352    0.42580411    0.42580411
T18            0.39385182    0.23642917    0.21354454    0.02857283    0.00000000    0.01620822    0.20952867    0.19050705    0.19050705    0.18195117    0.18214531    0.15139981    0.17559381    0.17559381    0.19374952    0.17471046    0.37803710    0.42022322    0.40887701    0.40957206    0.40628915    0.43833462    0.42323007    0.42323007
T20            0.38999800    0.23343174    0.21066811    0.02857283    0.01620822    0.00000000    0.20952867    0.19325654    0.19325654    0.18464128    0.18484272    0.15395886    0.17829868    0.17829868    0.19098474    0.18007642    0.38178937    0.42429739    0.41286966    0.41358080    0.41028189    0.44258243    0.43154885    0.43154885
T13            0.41174587    0.28687765    0.25051020    0.20062801    0.20952867    0.20952867    0.00000000    0.10398859    0.10398859    0.10135172    0.09205681    0.06728064    0.13103699    0.13103699    0.14596072    0.17907412    0.43833462    0.46345521    0.43833462    0.43493398    0.43154885    0.45830869    0.44951287    0.44951287
T7             0.39063046    0.26470328    0.23152922    0.18695551    0.19050705    0.19325654    0.10398859    0.00000000    0.00000000    0.04973016    0.04117062    0.04770842    0.11645119    0.11645119    0.12851651    0.17583628    0.41100649    0.45207299    0.42737211    0.43237346    0.42482459    0.45577493    0.46472894    0.46472894
T16            0.39063046    0.26470328    0.23152922    0.18695551    0.19050705    0.19325654    0.10398859    0.00000000    0.00000000    0.04973016    0.04117062    0.04770842    0.11645119    0.11645119    0.12851651    0.17583628    0.41100649    0.45207299    0.42737211    0.43237346    0.42482459    0.45577493    0.46472894    0.46472894
T6             0.38818570    0.26843138    0.23607161    0.17861732    0.18195117    0.18464128    0.10135172    0.04973016    0.04973016    0.00000000    0.02028071    0.04760946    0.11122111    0.11122111    0.11610174    0.17045565    0.40033728    0.44436531    0.41618208    0.41689453    0.41358080    0.44342984    0.44773269    0.44773269
T1             0.38121412    0.25247124    0.22100142    0.18142263    0.18214531    0.18484272    0.09205681    0.04117062    0.04117062    0.02028071    0.00000000    0.03907036    0.10653498    0.10653498    0.11382039    0.16007372    0.39321865    0.43672352    0.40887701    0.40957206    0.40628915    0.43576087    0.44429318    0.44429318
T8             0.35043895    0.22978262    0.19652972    0.15086573    0.15139981    0.15395886    0.06728064    0.04770842    0.04770842    0.04760946    0.03907036    0.00000000    0.08342894    0.08342894    0.09252402    0.13729978    0.36179603    0.40302081    0.37663921    0.37725506    0.37410363    0.40192760    0.40997811    0.40997811
T17            0.39976689    0.23907805    0.20525629    0.17204898    0.17559381    0.17829868    0.13103699    0.11645119    0.11645119    0.11122111    0.10653498    0.08342894    0.00000000    0.00000000    0.05894739    0.17145247    0.42900142    0.45389138    0.41657445    0.42983909    0.42900142    0.44447055    0.45326680    0.45326680
T5             0.39976689    0.23907805    0.20525629    0.17204898    0.17559381    0.17829868    0.13103699    0.11645119    0.11645119    0.11122111    0.10653498    0.08342894    0.00000000    0.00000000    0.05894739    0.17145247    0.42900142    0.45389138    0.41657445    0.42983909    0.42900142    0.44447055    0.45326680    0.45326680
T11            0.41174587    0.26610762    0.23080157    0.19554928    0.19374952    0.19098474    0.14596072    0.12851651    0.12851651    0.11610174    0.11382039    0.09252402    0.05894739    0.05894739    0.00000000    0.16340291    0.43321354    0.47180039    0.44606770    0.45135752    0.45042712    0.47596128    0.48062681    0.48062681
T19            0.34032826    0.25359089    0.21551930    0.17698250    0.17471046    0.18007642    0.17907412    0.17583628    0.17583628    0.17045565    0.16007372    0.13729978    0.17145247    0.17145247    0.16340291    0.00000000    0.37348843    0.41836458    0.39127709    0.39193786    0.39127709    0.41580368    0.42148518    0.42148518
T23            0.17782501    0.44518306    0.40302081    0.37692869    0.37803710    0.38178937    0.43833462    0.41100649    0.41100649    0.40033728    0.39321865    0.36179603    0.42900142    0.42900142    0.43321354    0.37348843    0.00000000    0.09017562    0.08563006    0.08783823    0.08330898    0.10202981    0.10685153    0.10202981
T4             0.20242073    0.48413903    0.43916382    0.41881090    0.42022322    0.42429739    0.46345521    0.45207299    0.45207299    0.44436531    0.43672352    0.40302081    0.45389138    0.45389138    0.47180039    0.41836458    0.09017562    0.00000000    0.08089110    0.08772160    0.08319607    0.09711539    0.10218741    0.09740037
T2             0.18873350    0.47597559    0.42323007    0.40753127    0.40887701    0.41286966    0.43833462    0.42737211    0.42737211    0.41618208    0.40887701    0.37663921    0.41657445    0.41657445    0.44606770    0.39127709    0.08563006    0.08089110    0.00000000    0.02650534    0.02236501    0.05621569    0.07880824    0.07422996
T9             0.19400955    0.48614744    0.43237346    0.40819674    0.40957206    0.41358080    0.43493398    0.43237346    0.43237346    0.41689453    0.40957206    0.37725506    0.42983909    0.42983909    0.45135752    0.39193786    0.08783823    0.08772160    0.02650534    0.00000000    0.01617372    0.06276560    0.08099865    0.07640986
T14            0.18873350    0.46885851    0.41657445    0.40098636    0.40628915    0.41028189    0.43154885    0.42482459    0.42482459    0.41358080    0.40628915    0.37410363    0.42900142    0.42900142    0.45042712    0.39127709    0.08330898    0.08319607    0.02236501    0.01617372    0.00000000    0.05840912    0.07651384    0.07195648
T21            0.20873548    0.48614744    0.44263839    0.43672352    0.43833462    0.44258243    0.45830869    0.45577493    0.45577493    0.44342984    0.43576087    0.40192760    0.44447055    0.44447055    0.47596128    0.41580368    0.10202981    0.09711539    0.05621569    0.06276560    0.05840912    0.00000000    0.09475030    0.09005351
T12            0.20525629    0.50248987    0.45577493    0.42580411    0.42323007    0.43154885    0.44951287    0.46472894    0.46472894    0.44773269    0.44429318    0.40997811    0.45326680    0.45326680    0.48062681    0.42148518    0.10685153    0.10218741    0.07880824    0.08099865    0.07651384    0.09475030    0.00000000    0.00401613
T15            0.19960121    0.50248987    0.45577493    0.42580411    0.42323007    0.43154885    0.44951287    0.46472894    0.46472894    0.44773269    0.44429318    0.40997811    0.45326680    0.45326680    0.48062681    0.42148518    0.10202981    0.09740037    0.07422996    0.07640986    0.07195648    0.09005351    0.00401613    0.00000000

