24
T11            0.00000000    0.24366628    0.24282126    0.24282126    0.24588165    0.21867731    0.23411810    0.23439749    0.23800041    0.33543603    0.30186650    0.29607913    0.29320308    0.30244519    0.28311828    0.27390436    0.30436392    0.20720878    0.21779293    0.21005130    0.23007682    0.22712504    0.16580504    0.13063128
T15            0.24366628    0.00000000    0.04982378    0.04982378    0.05626573    0.07613671    0.10864531    0.11752637    0.14169284    0.26094541    0.22964079    0.22677395    0.22413621    0.28775451    0.25316365    0.25046683    0.28549814    0.24099643    0.25140497    0.25625237    0.26289929    0.25976202    0.25009393    0.21609070
T16            0.24282126    0.04982378    0.00000000    0.00401611    0.03507963    0.05441219    0.08135806    0.09227050    0.12051729    0.23800041    0.20273368    0.19997757    0.19742891    0.27106468    0.25561006    0.24055990    0.27519713    0.22293188    0.23007682    0.23791366    0.23225371    0.22924853    0.22293188    0.18454864
T17            0.24282126    0.04982378    0.00401611    0.00000000    0.03507963    0.05441219    0.08135806    0.09227050    0.12051729    0.23800041    0.20273368    0.19997757    0.19742891    0.27756409    0.25561006    0.24055990    0.27519713    0.22293188    0.23603325    0.23791366    0.23225371    0.22924853    0.22293188    0.18454864
T20            0.24588165    0.05626573    0.03507963    0.03507963    0.00000000    0.06089647    0.09279416    0.10384778    0.12761198    0.24937853    0.21346377    0.20510301    0.20253558    0.28312748    0.26738337    0.24588165    0.28076094    0.21931421    0.24436482    0.24628569    0.24669962    0.24362032    0.24016482    0.20076498
T3             0.21867731    0.07613671    0.05441219    0.05441219    0.06089647    0.00000000    0.07433158    0.08060731    0.11306344    0.22881886    0.19705361    0.19433504    0.19179939    0.25164609    0.22779460    0.21640540    0.24973115    0.19957474    0.21520298    0.21672946    0.21706285    0.21706285    0.21672946    0.17606596
T12            0.23411810    0.10864531    0.08135806    0.08135806    0.09279416    0.07433158    0.00000000    0.07395147    0.11548544    0.23409995    0.20807843    0.20529931    0.20273368    0.27059125    0.24896092    0.23411810    0.26522379    0.20870416    0.21867731    0.22329192    0.21775757    0.21483165    0.22626134    0.19041310
T2             0.23439749    0.11752637    0.09227050    0.09227050    0.10384778    0.08060731    0.07395147    0.00000000    0.12937238    0.24422729    0.22089448    0.21808415    0.21546847    0.26797025    0.24066125    0.23206178    0.27233030    0.22067646    0.23971573    0.24436482    0.23568644    0.23270826    0.24510333    0.20777931
T9             0.23800041    0.14169284    0.12051729    0.12051729    0.12761198    0.11306344    0.11548544    0.12937238    0.00000000    0.25508444    0.23722241    0.22617146    0.22352797    0.29862493    0.28592747    0.26718065    0.29971267    0.23470494    0.23675530    0.24668951    0.25936031    0.25625237    0.24816369    0.21126202
T21            0.33543603    0.26094541    0.23800041    0.23800041    0.24937853    0.22881886    0.23409995    0.24422729    0.25508444    0.00000000    0.08039185    0.08266496    0.08273481    0.37478116    0.36427150    0.33978652    0.37578886    0.30249411    0.31781783    0.32305567    0.31673747    0.31340134    0.33933061    0.28496112
T8             0.30186650    0.22964079    0.20273368    0.20273368    0.21346377    0.19705361    0.20807843    0.22089448    0.23722241    0.08039185    0.00000000    0.04536870    0.04325316    0.33242769    0.31852818    0.29607913    0.33311617    0.27099128    0.28560132    0.29003631    0.29033867    0.28718189    0.29896690    0.25412796
T1             0.29607913    0.22677395    0.19997757    0.19997757    0.20510301    0.19433504    0.20529931    0.21808415    0.22617146    0.08266496    0.04536870    0.00000000    0.00200301    0.32820884    0.31192221    0.28974554    0.32642182    0.26498180    0.28252252    0.28376239    0.28404495    0.28092760    0.29704714    0.25209757
T0             0.29320308    0.22413621    0.19742891    0.19742891    0.20253558    0.19179939    0.20273368    0.21546847    0.22352797    0.08273481    0.04325316    0.00200301    0.00000000    0.32522275    0.30899261    0.28688949    0.32342906    0.26219875    0.27967796    0.28092760    0.28121182    0.27810415    0.29417532    0.24937646
T22            0.30244519    0.28775451    0.27106468    0.27756409    0.28312748    0.25164609    0.27059125    0.26797025    0.29862493    0.37478116    0.33242769    0.32820884    0.32522275    0.00000000    0.07859279    0.06288927    0.10598423    0.30972671    0.31606456    0.31315476    0.34083097    0.33721679    0.29388802    0.26605640
T4             0.28311828    0.25316365    0.25561006    0.25561006    0.26738337    0.22779460    0.24896092    0.24066125    0.28592747    0.36427150    0.31852818    0.31192221    0.30899261    0.07859279    0.00000000    0.02859715    0.08750535    0.30684016    0.31315476    0.30344705    0.33065729    0.32710734    0.27710185    0.25393858
T7             0.27390436    0.25046683    0.24055990    0.24055990    0.24588165    0.21640540    0.23411810    0.23206178    0.26718065    0.33978652    0.29607913    0.28974554    0.28688949    0.06288927    0.02859715    0.00000000    0.07162124    0.28728132    0.29340395    0.29057374    0.31025649    0.30684016    0.26482314    0.23007682
T23            0.30436392    0.28549814    0.27519713    0.27519713    0.28076094    0.24973115    0.26522379    0.27233030    0.29971267    0.37578886    0.33311617    0.32642182    0.32342906    0.10598423    0.08750535    0.07162124    0.00000000    0.31159944    0.31110421    0.31606456    0.33543889    0.33188903    0.30148875    0.27032773
T14            0.20720878    0.24099643    0.22293188    0.22293188    0.21931421    0.19957474    0.20870416    0.22067646    0.23470494    0.30249411    0.27099128    0.26498180    0.26219875    0.30972671    0.30684016    0.28728132    0.31159944    0.00000000    0.10123241    0.10427091    0.10684284    0.10442664    0.21382908    0.17878473
T6             0.21779293    0.25140497    0.23007682    0.23603325    0.24436482    0.21520298    0.21867731    0.23971573    0.23675530    0.31781783    0.28560132    0.28252252    0.27967796    0.31606456    0.31315476    0.29340395    0.31110421    0.10123241    0.00000000    0.05646115    0.11333987    0.11091785    0.22680470    0.18571618
T10            0.21005130    0.25625237    0.23791366    0.23791366    0.24628569    0.21672946    0.22329192    0.24436482    0.24668951    0.32305567    0.29003631    0.28376239    0.28092760    0.31315476    0.30344705    0.29057374    0.31606456    0.10427091    0.05646115    0.00000000    0.10927080    0.10684284    0.21964678    0.18426709
T13            0.23007682    0.26289929    0.23225371    0.23225371    0.24669962    0.21706285    0.21775757    0.23568644    0.25936031    0.31673747    0.29033867    0.28404495    0.28121182    0.34083097    0.33065729    0.31025649    0.33543889    0.10684284    0.11333987    0.10927080    0.00000000    0.00200402    0.21931421    0.18675052
T5             0.22712504    0.25976202    0.22924853    0.22924853    0.24362032    0.21706285    0.21483165    0.23270826    0.25625237    0.31340134    0.28718189    0.28092760    0.27810415    0.33721679    0.32710734    0.30684016    0.33188903    0.10442664    0.11091785    0.10684284    0.00200402    0.00000000    0.21640540    0.18399423
T19            0.16580504    0.25009393    0.22293188    0.22293188    0.24016482    0.21672946    0.22626134    0.24510333    0.24816369    0.33933061    0.29896690    0.29704714    0.29417532    0.29388802    0.27710185    0.26482314    0.30148875    0.21382908    0.22680470    0.21964678    0.21931421    0.21640540    0.00000000    0.05884754
T18            0.13063128    0.21609070    0.18454864    0.18454864    0.20076498    0.17606596    0.19041310    0.20777931    0.21126202    0.28496112    0.25412796    0.25209757    0.24937646    0.26605640    0.25393858    0.23007682    0.27032773    0.17878473    0.18571618    0.18426709    0.18675052    0.18399423    0.05884754    0.00000000

