24
T9             0.00000000    0.39236355    0.38440172    0.29208643    0.27969214    0.26842763    0.27426859    0.27732906    0.30158848    0.43054290    0.39644103    0.17660373    0.19257228    0.18927993    0.23620490    0.14618080    0.19026873    0.19301012    0.15607075    0.16903084    0.16350771    0.16658085    0.15139219    0.14631384
T14            0.39236355    0.00000000    0.02238917    0.27589396    0.26645073    0.26096246    0.27311493    0.27629269    0.29359788    0.43150454    0.40436223    0.33633768    0.33935751    0.35396660    0.38492059    0.33633768    0.39443238    0.39702099    0.34684012    0.37371056    0.35556933    0.35346001    0.33679471    0.32989007
T20            0.38440172    0.02238917    0.00000000    0.27476280    0.26299382    0.25078771    0.26265595    0.26574510    0.28282037    0.43083423    0.40378685    0.33589329    0.33203309    0.34635893    0.37687303    0.32227208    0.37855344    0.37110802    0.33245297    0.35866573    0.35510266    0.35296651    0.33633768    0.32945690
T4             0.29208643    0.27589396    0.27476280    0.00000000    0.11042119    0.09215958    0.09205379    0.09439091    0.13746523    0.24636122    0.21441067    0.21547714    0.22943192    0.22965129    0.26476685    0.21027488    0.25592799    0.25837824    0.22393322    0.24079164    0.22922266    0.22943192    0.21566611    0.21009175
T5             0.27969214    0.26645073    0.26299382    0.11042119    0.00000000    0.08982791    0.09205379    0.09439091    0.12499048    0.26817131    0.23835318    0.20991834    0.21566611    0.22678407    0.26112652    0.20716199    0.24693872    0.26141098    0.21306206    0.22922266    0.23497362    0.22943192    0.21847682    0.21287115
T22            0.26842763    0.26096246    0.25078771    0.09215958    0.08982791    0.00000000    0.01414113    0.01619039    0.06289016    0.26025311    0.22772852    0.20474681    0.20732775    0.21586489    0.24964788    0.19118880    0.23277291    0.23519954    0.20200558    0.21269000    0.20474681    0.21287115    0.20217544    0.19672285
T19            0.27426859    0.27311493    0.26265595    0.09205379    0.09205379    0.01414113    0.00000000    0.00200402    0.06282382    0.26060254    0.23089856    0.21566611    0.21547714    0.22700523    0.26141098    0.20184527    0.24423992    0.24667830    0.21287115    0.22373022    0.22130346    0.22965129    0.21586489    0.21027488
T13            0.27732906    0.27629269    0.26574510    0.09439091    0.09439091    0.01619039    0.00200402    0.00000000    0.06504646    0.26370134    0.23382473    0.21847682    0.21827994    0.22988073    0.26446227    0.20457898    0.24720954    0.24964788    0.21566611    0.22657293    0.22414620    0.23253509    0.21868356    0.21306206
T2             0.30158848    0.29359788    0.28282037    0.13746523    0.12499048    0.06289016    0.06282382    0.06504646    0.00000000    0.29604763    0.27406314    0.26112652    0.26085283    0.27030863    0.30391254    0.24033674    0.28564684    0.29454177    0.25509766    0.25509766    0.27279544    0.27620411    0.26446227    0.25837824
T18            0.43054290    0.43150454    0.43083423    0.24636122    0.26817131    0.26025311    0.26060254    0.26370134    0.29604763    0.00000000    0.05621470    0.36085806    0.36041969    0.38378579    0.41341287    0.37166313    0.39193291    0.41547783    0.39020842    0.41215609    0.39184656    0.39236355    0.37118582    0.37118582
T12            0.39644103    0.40436223    0.40378685    0.21441067    0.23835318    0.22772852    0.23089856    0.23382473    0.27406314    0.05621470    0.00000000    0.34030388    0.33652061    0.35774698    0.38591185    0.33688726    0.35556933    0.37072238    0.35420923    0.38218939    0.36312141    0.36354517    0.34680593    0.34680593
T8             0.17660373    0.33633768    0.33589329    0.21547714    0.20991834    0.20474681    0.21566611    0.21847682    0.26112652    0.36085806    0.34030388    0.00000000    0.06969136    0.08078815    0.10372403    0.10349356    0.14491056    0.15264656    0.11282005    0.12471555    0.12471555    0.12761592    0.10837993    0.10837993
T15            0.19257228    0.33935751    0.33203309    0.22943192    0.21566611    0.20732775    0.21547714    0.21827994    0.26085283    0.36041969    0.33652061    0.06969136    0.00000000    0.08319328    0.11838472    0.11535570    0.14728537    0.16824214    0.11995730    0.13447048    0.13198192    0.12994302    0.11548855    0.11548855
T0             0.18927993    0.35396660    0.34635893    0.22965129    0.22678407    0.21586489    0.22700523    0.22988073    0.27030863    0.38378579    0.35774698    0.08078815    0.08319328    0.00000000    0.06999746    0.11741360    0.15705066    0.16490832    0.12691787    0.13432820    0.14155210    0.14455074    0.12731312    0.12731312
T10            0.23620490    0.38492059    0.37687303    0.26476685    0.26112652    0.24964788    0.26141098    0.26446227    0.30391254    0.41341287    0.38591185    0.10372403    0.11838472    0.06999746    0.00000000    0.13682297    0.17781289    0.18597024    0.15170917    0.16207730    0.16920684    0.16978677    0.15188013    0.15188013
T7             0.14618080    0.33633768    0.32227208    0.21027488    0.20716199    0.19118880    0.20184527    0.20457898    0.24033674    0.37166313    0.33688726    0.10349356    0.11535570    0.11741360    0.13682297    0.00000000    0.06296334    0.07195434    0.03272677    0.05189889    0.09410096    0.09205379    0.08069487    0.07613796
T17            0.19026873    0.39443238    0.37855344    0.25592799    0.24693872    0.23277291    0.24423992    0.24720954    0.28564684    0.39193291    0.35556933    0.14491056    0.14728537    0.15705066    0.17781289    0.06296334    0.00000000    0.07186091    0.06727904    0.08529378    0.13227794    0.13027389    0.11822305    0.11334308
T11            0.19301012    0.39702099    0.37110802    0.25837824    0.26141098    0.23519954    0.24667830    0.24964788    0.29454177    0.41547783    0.37072238    0.15264656    0.16824214    0.16490832    0.18597024    0.07195434    0.07186091    0.00000000    0.07631064    0.09462076    0.14530267    0.14551078    0.13315606    0.12812857
T3             0.15607075    0.34684012    0.33245297    0.22393322    0.21306206    0.20200558    0.21287115    0.21566611    0.25509766    0.39020842    0.35420923    0.11282005    0.11995730    0.12691787    0.15170917    0.03272677    0.06727904    0.07631064    0.00000000    0.04114455    0.10093943    0.09887546    0.08510740    0.08052963
T1             0.16903084    0.37371056    0.35866573    0.24079164    0.22922266    0.21269000    0.22373022    0.22657293    0.25509766    0.41215609    0.38218939    0.12471555    0.13447048    0.13432820    0.16207730    0.05189889    0.08529378    0.09462076    0.04114455    0.00000000    0.11741360    0.11535570    0.10360506    0.09887546
T16            0.16350771    0.35556933    0.35510266    0.22922266    0.23497362    0.20474681    0.22130346    0.22414620    0.27279544    0.39184656    0.36312141    0.12471555    0.13198192    0.14155210    0.16920684    0.09410096    0.13227794    0.14530267    0.10093943    0.11741360    0.00000000    0.04554274    0.04124109    0.03697620
T23            0.16658085    0.35346001    0.35296651    0.22943192    0.22943192    0.21287115    0.22965129    0.23253509    0.27620411    0.39236355    0.36354517    0.12761592    0.12994302    0.14455074    0.16978677    0.09205379    0.13027389    0.14551078    0.09887546    0.11535570    0.04554274    0.00000000    0.04139662    0.03710415
T6             0.15139219    0.33679471    0.33633768    0.21566611    0.21847682    0.20217544    0.21586489    0.21868356    0.26446227    0.37118582    0.34680593    0.10837993    0.11548855    0.12731312    0.15188013    0.08069487    0.11822305    0.13315606    0.08510740    0.10360506    0.04124109    0.04139662    0.00000000    0.00401612
T21            0.14631384    0.32989007    0.32945690    0.21009175    0.21287115    0.19672285    0.21027488    0.21306206    0.25837824    0.37118582    0.34680593    0.10837993    0.11548855    0.12731312    0.15188013    0.07613796    0.11334308    0.12812857    0.08052963    0.09887546    0.03697620    0.03710415    0.00401612    0.00000000

