24
T3             0.00000000    0.32381923    0.32416649    0.32230918    0.31457928    0.31787296    0.35609732    0.35301405    0.35609732    0.32381923    0.30578432    0.31163551    0.31197601    0.31822300    0.33051716    0.32050371    0.31934711    0.29038442    0.31787296    0.26268143    0.31427360    0.31427360    0.18278111    0.18777252
T23            0.32381923    0.00000000    0.00200301    0.04349455    0.12499614    0.13028065    0.15745403    0.15505087    0.16007367    0.12009170    0.10385457    0.10838422    0.10851485    0.10838422    0.11042522    0.11765746    0.30322121    0.29008119    0.31163551    0.29422443    0.32651291    0.32311816    0.36802711    0.38178887
T19            0.32416649    0.00200301    0.00000000    0.04355767    0.12514553    0.13045806    0.15766367    0.15526193    0.16029023    0.12022897    0.10398857    0.10851485    0.10865297    0.10851485    0.11053894    0.11778875    0.30032669    0.29038442    0.31197601    0.29457268    0.32694750    0.32354113    0.36858779    0.38237810
T7             0.32230918    0.04349455    0.04355767    0.00000000    0.11106960    0.11593829    0.14000572    0.13765331    0.14255185    0.10838422    0.09239636    0.09685946    0.09698378    0.09685946    0.10147258    0.10865297    0.30512120    0.29493249    0.31679741    0.30596344    0.32880926    0.32535556    0.34081059    0.35043852
T18            0.31457928    0.12499614    0.12514553    0.11106960    0.00000000    0.11741806    0.14646225    0.14407899    0.14900176    0.10532832    0.08940132    0.09387995    0.09394712    0.09852182    0.11500738    0.11741806    0.29356277    0.27760587    0.29038442    0.29744388    0.32311816    0.31974638    0.35968748    0.36956225
T14            0.31787296    0.13028065    0.13045806    0.11593829    0.11741806    0.00000000    0.11511735    0.11282433    0.11753389    0.07807943    0.06050983    0.06483149    0.06487516    0.06926705    0.11022072    0.11984045    0.31563337    0.30870389    0.33428160    0.30394582    0.34289027    0.34640459    0.38065232    0.39082856
T2             0.35609732    0.15745403    0.15766367    0.14000572    0.14646225    0.11511735    0.00000000    0.00200301    0.00602416    0.08940132    0.07155833    0.07593360    0.07599527    0.08045973    0.13918999    0.14423060    0.34593550    0.34809576    0.36090476    0.32949701    0.37116296    0.36747994    0.40033675    0.41082516
T13            0.35301405    0.15505087    0.15526193    0.13765331    0.14407899    0.11282433    0.00200301    0.00000000    0.00401106    0.08717304    0.06938124    0.07374243    0.07380610    0.07825834    0.13682935    0.14185729    0.34289027    0.34503627    0.35779313    0.32651291    0.36802711    0.36435761    0.39708687    0.40753072
T11            0.35609732    0.16007367    0.16029023    0.14255185    0.14900176    0.11753389    0.00602416    0.00401106    0.00000000    0.09170617    0.07380610    0.07819153    0.07825834    0.08273829    0.14170393    0.14677015    0.34593550    0.34809576    0.35735313    0.32949701    0.37116296    0.36747994    0.40033675    0.41082516
T9             0.32381923    0.12009170    0.12022897    0.10838422    0.10532832    0.07807943    0.08940132    0.08717304    0.09170617    0.00000000    0.02442181    0.02855448    0.02857283    0.03274777    0.10532832    0.11481071    0.30513392    0.30161793    0.32416649    0.30068425    0.33249354    0.32907559    0.38704799    0.39730976
T6             0.30578432    0.10385457    0.10398857    0.09239636    0.08940132    0.06050983    0.07155833    0.06938124    0.07380610    0.02442181    0.00000000    0.00804440    0.00805158    0.01415470    0.09170617    0.10103365    0.29069925    0.28722621    0.31526975    0.27935930    0.31014369    0.30684984    0.36382393    0.37376509
T8             0.31163551    0.10838422    0.10851485    0.09685946    0.09387995    0.06483149    0.07593360    0.07374243    0.07819153    0.02855448    0.00804440    0.00000000    0.00805158    0.01415470    0.09387995    0.10320731    0.29643789    0.29294776    0.32118854    0.28500664    0.31345945    0.31014369    0.37008215    0.38010504
T20            0.31197601    0.10851485    0.10865297    0.09698378    0.09394712    0.06487516    0.07599527    0.07380610    0.07825834    0.02857283    0.00805158    0.00805158    0.00000000    0.01417442    0.09626805    0.10566136    0.29676150    0.29324941    0.32154967    0.28533568    0.31386052    0.31053366    0.37061573    0.38065232
T4             0.31822300    0.10838422    0.10851485    0.09685946    0.09852182    0.06926705    0.08045973    0.07825834    0.08273829    0.03274777    0.01415470    0.01415470    0.01417442    0.00000000    0.10085906    0.11031914    0.30287668    0.29932473    0.32452632    0.28817497    0.31679741    0.31345945    0.37747544    0.38760946
T5             0.33051716    0.11042522    0.11053894    0.10147258    0.11500738    0.11022072    0.13918999    0.13682935    0.14170393    0.10532832    0.09170617    0.09387995    0.09626805    0.10085906    0.00000000    0.03497221    0.30068425    0.29069925    0.31896011    0.31053366    0.33430173    0.33083613    0.37692816    0.38704799
T17            0.32050371    0.11765746    0.11778875    0.10865297    0.11741806    0.11984045    0.14423060    0.14185729    0.14677015    0.11481071    0.10103365    0.10320731    0.10566136    0.11031914    0.03497221    0.00000000    0.30722886    0.29709684    0.31896011    0.31053366    0.33779158    0.33430173    0.37323160    0.37587531
T22            0.31934711    0.30322121    0.30032669    0.30512120    0.29356277    0.31563337    0.34593550    0.34289027    0.34593550    0.30513392    0.29069925    0.29643789    0.29676150    0.30287668    0.30068425    0.30722886    0.00000000    0.08111323    0.14038818    0.27952278    0.31749982    0.31408148    0.34994385    0.35968748
T15            0.29038442    0.29008119    0.29038442    0.29493249    0.27760587    0.30870389    0.34809576    0.34503627    0.34809576    0.30161793    0.28722621    0.29294776    0.29324941    0.29932473    0.29069925    0.29709684    0.08111323    0.00000000    0.11078916    0.25720781    0.28795488    0.28472474    0.33638025    0.34593550
T1             0.31787296    0.31163551    0.31197601    0.31679741    0.29038442    0.33428160    0.36090476    0.35779313    0.35735313    0.32416649    0.31526975    0.32118854    0.32154967    0.32452632    0.31896011    0.31896011    0.14038818    0.11078916    0.00000000    0.26543408    0.29977007    0.29648685    0.36802711    0.37803660
T12            0.26268143    0.29422443    0.29457268    0.30596344    0.29744388    0.30394582    0.32949701    0.32651291    0.32949701    0.30068425    0.27935930    0.28500664    0.28533568    0.28817497    0.31053366    0.31053366    0.27952278    0.25720781    0.26543408    0.00000000    0.08796199    0.08563005    0.30731432    0.31993679
T21            0.31427360    0.32651291    0.32694750    0.32880926    0.32311816    0.34289027    0.37116296    0.36802711    0.37116296    0.33249354    0.31014369    0.31345945    0.31386052    0.31679741    0.33430173    0.33779158    0.31749982    0.28795488    0.29977007    0.08796199    0.00000000    0.00200402    0.34233493    0.35561693
T0             0.31427360    0.32311816    0.32354113    0.32535556    0.31974638    0.34640459    0.36747994    0.36435761    0.36747994    0.32907559    0.30684984    0.31014369    0.31053366    0.31345945    0.33083613    0.33430173    0.31408148    0.28472474    0.29648685    0.08563005    0.00200402    0.00000000    0.34233493    0.35561693
T10            0.18278111    0.36802711    0.36858779    0.34081059    0.35968748    0.38065232    0.40033675    0.39708687    0.40033675    0.38704799    0.36382393    0.37008215    0.37061573    0.37747544    0.37692816    0.37323160    0.34994385    0.33638025    0.36802711    0.30731432    0.34233493    0.34233493    0.00000000    0.01617897
T16            0.18777252    0.38178887    0.38237810    0.35043852    0.36956225    0.39082856    0.41082516    0.40753072    0.41082516    0.39730976    0.37376509    0.38010504    0.38065232    0.38760946    0.38704799    0.37587531    0.35968748    0.34593550    0.37803660    0.31993679    0.35561693    0.35561693    0.01617897    0.00000000

