24
T2             0.00000000    0.20107979    0.21392281    0.17184693    0.17166384    0.25783800    0.13511980    0.16581349    0.32781346    0.31308584    0.31262512    0.17985162    0.17737516    0.16207771    0.18572529    0.16188803    0.13682311    0.13948541    0.14201182    0.15928251    0.16396866    0.18483097    0.14931508    0.17244834
T10            0.20107979    0.00000000    0.06926559    0.08281331    0.08502502    0.13383938    0.14915062    0.17758998    0.37658234    0.36717243    0.35669864    0.20294981    0.21157627    0.19784995    0.22273999    0.18676238    0.17132388    0.17148947    0.17412938    0.20595443    0.21607323    0.22174281    0.18175497    0.21726217
T23            0.21392281    0.06926559    0.00000000    0.08717069    0.08939886    0.14094995    0.16903088    0.19005303    0.39378955    0.38416989    0.37343226    0.21066997    0.21651981    0.20235444    0.22436896    0.19944112    0.18676238    0.18694385    0.18964811    0.21651981    0.22965096    0.23253483    0.19470287    0.22563235
T18            0.17184693    0.08281331    0.08717069    0.00000000    0.01212504    0.12641780    0.14931508    0.17244834    0.37719738    0.36406244    0.35000047    0.18984602    0.19553595    0.17643293    0.19489731    0.18425417    0.15110851    0.15379833    0.15636363    0.18462971    0.19998542    0.19724406    0.16380628    0.19553595
T15            0.17166384    0.08502502    0.08939886    0.01212504    0.00000000    0.12634192    0.14915062    0.16958520    0.36910846    0.35612657    0.34585281    0.18964811    0.19531388    0.17627107    0.18927968    0.18407995    0.15351843    0.15365415    0.15621285    0.18443744    0.19979456    0.19706073    0.16365254    0.19807045
T21            0.25783800    0.13383938    0.14094995    0.12641780    0.12634192    0.00000000    0.21027440    0.23302088    0.43150735    0.42139707    0.41277931    0.25140164    0.26058939    0.24595904    0.27250572    0.25413892    0.22617996    0.22637111    0.22922199    0.26971567    0.27811908    0.26241571    0.24079126    0.27652560
T4             0.13511980    0.14915062    0.16903088    0.14931508    0.14915062    0.21027440    0.00000000    0.06528111    0.32090061    0.30534863    0.29579889    0.15411195    0.15946535    0.14455109    0.16755590    0.13184590    0.11752934    0.11765281    0.12008681    0.14438327    0.14455109    0.16153413    0.13964843    0.15724386
T14            0.16581349    0.17758998    0.19005303    0.17244834    0.16958520    0.23302088    0.06528111    0.00000000    0.34695657    0.33790013    0.32785419    0.17244834    0.18622565    0.16755590    0.19148447    0.15428133    0.13447066    0.13462101    0.14728584    0.16999786    0.17781353    0.19600749    0.16248237    0.18075752
T17            0.32781346    0.37658234    0.39378955    0.37719738    0.36910846    0.43150735    0.32090061    0.34695657    0.00000000    0.06504651    0.05846460    0.34941720    0.34636020    0.34429251    0.37598096    0.34379790    0.30508710    0.30550190    0.31554713    0.35421337    0.34889623    0.36969535    0.34090650    0.34944195
T22            0.31308584    0.36717243    0.38416989    0.36406244    0.35612657    0.42139707    0.30534863    0.33790013    0.06504651    0.00000000    0.01414113    0.34379790    0.34076686    0.34228931    0.37404666    0.33474252    0.30882789    0.30261342    0.31262512    0.33679801    0.33523776    0.35195241    0.33192419    0.33679801
T20            0.31262512    0.35669864    0.37343226    0.35000047    0.34585281    0.41277931    0.29579889    0.32785419    0.05846460    0.01414113    0.00000000    0.32690826    0.32393770    0.33224442    0.36346323    0.32484387    0.29932034    0.29319337    0.30304047    0.33029112    0.32876780    0.34531998    0.32436528    0.32333765
T13            0.17985162    0.20294981    0.21066997    0.18984602    0.18964811    0.25140164    0.15411195    0.17244834    0.34941720    0.34379790    0.32690826    0.00000000    0.03069836    0.09685610    0.12008681    0.09439106    0.14407213    0.14422361    0.14676285    0.17203874    0.17908686    0.18175497    0.14422361    0.18276929
T6             0.17737516    0.21157627    0.21651981    0.19553595    0.19531388    0.26058939    0.15946535    0.18622565    0.34636020    0.34076686    0.32393770    0.03069836    0.00000000    0.10385069    0.12731333    0.10611170    0.14676285    0.14692901    0.14948779    0.17490742    0.18194000    0.18462971    0.14948779    0.18299876
T0             0.16207771    0.19784995    0.20235444    0.17643293    0.17627107    0.24595904    0.14455109    0.16755590    0.34429251    0.34228931    0.33224442    0.09685610    0.10385069    0.00000000    0.03906989    0.06089764    0.13682311    0.13697173    0.13697173    0.16978724    0.17678334    0.17412938    0.14169723    0.17512372
T16            0.18572529    0.22273999    0.22436896    0.19489731    0.18927968    0.27250572    0.16755590    0.19148447    0.37598096    0.37404666    0.36346323    0.12008681    0.12731333    0.03906989    0.00000000    0.08510746    0.15910812    0.15928251    0.15928251    0.18504119    0.19217090    0.19763870    0.16675879    0.20158238
T1             0.16188803    0.18676238    0.19944112    0.18425417    0.18407995    0.25413892    0.13184590    0.15428133    0.34379790    0.33474252    0.32484387    0.09439106    0.10611170    0.06089764    0.08510746    0.00000000    0.13419396    0.13432830    0.13682311    0.16694523    0.17395680    0.17395680    0.13904483    0.16958520
T11            0.13682311    0.17132388    0.18676238    0.15110851    0.15351843    0.22617996    0.11752934    0.13447066    0.30508710    0.30882789    0.29932034    0.14407213    0.14676285    0.13682311    0.15910812    0.13419396    0.00000000    0.00401105    0.02442163    0.09887555    0.10547612    0.11983577    0.09205391    0.10838014
T8             0.13948541    0.17148947    0.18694385    0.15379833    0.15365415    0.22637111    0.11765281    0.13462101    0.30550190    0.30261342    0.29319337    0.14422361    0.14692901    0.13697173    0.15928251    0.13432830    0.00401105    0.00000000    0.02444400    0.09898332    0.10556315    0.11995741    0.09215975    0.10851064
T7             0.14201182    0.17412938    0.18964811    0.15636363    0.15621285    0.22922199    0.12008681    0.14728584    0.31554713    0.31262512    0.30304047    0.14676285    0.14948779    0.13697173    0.15928251    0.13682311    0.02442163    0.02444400    0.00000000    0.09898332    0.10556315    0.12239735    0.09450240    0.11334342
T9             0.15928251    0.20595443    0.21651981    0.18462971    0.18443744    0.26971567    0.14438327    0.16999786    0.35421337    0.33679801    0.33029112    0.17203874    0.17490742    0.16978724    0.18504119    0.16694523    0.09887555    0.09898332    0.09898332    0.00000000    0.03062035    0.09698029    0.10187541    0.12389332
T12            0.16396866    0.21607323    0.22965096    0.19998542    0.19979456    0.27811908    0.14455109    0.17781353    0.34889623    0.33523776    0.32876780    0.17908686    0.18194000    0.17678334    0.19217090    0.17395680    0.10547612    0.10556315    0.10556315    0.03062035    0.00000000    0.10112885    0.11053486    0.13477934
T19            0.18483097    0.22174281    0.23253483    0.19724406    0.19706073    0.26241571    0.16153413    0.19600749    0.36969535    0.35195241    0.34531998    0.18175497    0.18462971    0.17412938    0.19763870    0.17395680    0.11983577    0.11995741    0.12239735    0.09698029    0.10112885    0.00000000    0.11535588    0.13477934
T3             0.14931508    0.18175497    0.19470287    0.16380628    0.16365254    0.24079126    0.13964843    0.16248237    0.34090650    0.33192419    0.32436528    0.14422361    0.14948779    0.14169723    0.16675879    0.13904483    0.09205391    0.09215975    0.09450240    0.10187541    0.11053486    0.11535588    0.00000000    0.06304347
T5             0.17244834    0.21726217    0.22563235    0.19553595    0.19807045    0.27652560    0.15724386    0.18075752    0.34944195    0.33679801    0.32333765    0.18276929    0.18299876    0.17512372    0.20158238    0.16958520    0.10838014    0.10851064    0.11334342    0.12389332    0.13477934    0.13477934    0.06304347    0.00000000

