24
T18            0.00000000    0.38253574    0.37622971    0.35230581    0.29576204    0.29576204    0.33485680    0.37147683    0.33244242    0.33600447    0.33244242    0.28466443    0.28992473    0.24568429    0.31951496    0.21005889    0.19072234    0.20522293    0.20838146    0.18674631    0.14984952    0.14966083    0.15483061    0.14984952
T3             0.38253574    0.00000000    0.04120189    0.12036356    0.10146517    0.10146517    0.13763881    0.19372196    0.15004637    0.15263797    0.15524309    0.42080290    0.42677727    0.37023923    0.40943249    0.43653910    0.41302625    0.40685637    0.40503983    0.39386839    0.37461457    0.37398832    0.36651808    0.36711625
T10            0.37622971    0.04120189    0.00000000    0.10637892    0.09016898    0.09016898    0.12580737    0.17557039    0.13802291    0.14057481    0.14313983    0.40358789    0.40943249    0.35415976    0.40033382    0.42978641    0.40647346    0.39639237    0.39458281    0.38357881    0.36461730    0.36400651    0.35664633    0.35722985
T1             0.35230581    0.12036356    0.10637892    0.00000000    0.06743692    0.06743692    0.10864403    0.16226656    0.10864403    0.11106010    0.11348793    0.38030281    0.37850216    0.34690642    0.38475134    0.37590758    0.35843576    0.35392364    0.36282447    0.35244922    0.32434777    0.32390204    0.31714006    0.31756278
T16            0.29576204    0.10146517    0.09016898    0.06743692    0.00000000    0.00000000    0.04982357    0.12252786    0.08771576    0.09004724    0.09238966    0.33122624    0.33675742    0.30013041    0.35664633    0.34925991    0.33244242    0.31462796    0.31258867    0.30300671    0.28107150    0.28069693    0.27438364    0.27473816
T13            0.29576204    0.10146517    0.09016898    0.06743692    0.00000000    0.00000000    0.04982357    0.12252786    0.08771576    0.09004724    0.09238966    0.33122624    0.33675742    0.30013041    0.35664633    0.34925991    0.33244242    0.31462796    0.31258867    0.30300671    0.28107150    0.28069693    0.27438364    0.27473816
T12            0.33485680    0.13763881    0.12580737    0.10864403    0.04982357    0.04982357    0.00000000    0.16511214    0.12067559    0.12314544    0.12562757    0.37219067    0.37792951    0.33922575    0.39570491    0.39209668    0.37411258    0.35085472    0.34884881    0.33519523    0.32139001    0.31756278    0.31420456    0.31462796
T23            0.37147683    0.19372196    0.17557039    0.16226656    0.12252786    0.12252786    0.16511214    0.00000000    0.11740996    0.11983184    0.12226552    0.39633109    0.40879213    0.36848340    0.40740019    0.41973737    0.39709403    0.38545579    0.39115153    0.38030281    0.34280820    0.34235336    0.33542739    0.33585809
T2             0.33244242    0.15004637    0.13802291    0.10864403    0.08771576    0.08771576    0.12067559    0.11740996    0.00000000    0.00200402    0.00401611    0.38475134    0.38667214    0.33675136    0.39709403    0.38719770    0.36786854    0.33622026    0.34387536    0.31985647    0.30967853    0.30923037    0.30258080    0.30300671
T19            0.33600447    0.15263797    0.14057481    0.11106010    0.09004724    0.09004724    0.12314544    0.11983184    0.00200402    0.00000000    0.00603634    0.38860160    0.39050754    0.34030065    0.40105112    0.39115499    0.37167497    0.33975696    0.34747584    0.32329575    0.31304817    0.31258867    0.30589451    0.30633147
T22            0.33244242    0.15524309    0.14313983    0.11348793    0.09238966    0.09238966    0.12562757    0.12226552    0.00401611    0.00603634    0.00000000    0.38093055    0.38286597    0.33322712    0.39316805    0.38719770    0.36786854    0.33622026    0.34387536    0.31985647    0.30967853    0.30923037    0.30258080    0.30300671
T21            0.28466443    0.42080290    0.40358789    0.38030281    0.33122624    0.33122624    0.37219067    0.39633109    0.38475134    0.38860160    0.38093055    0.00000000    0.02859709    0.07155546    0.14529459    0.32380226    0.29770389    0.32687252    0.32139001    0.31506331    0.27998092    0.27963954    0.28597276    0.27998092
T7             0.28992473    0.42677727    0.40943249    0.37850216    0.33675742    0.33675742    0.37792951    0.40879213    0.38667214    0.39050754    0.38286597    0.02859709    0.00000000    0.07812883    0.15025135    0.32922114    0.29642287    0.33932105    0.33722598    0.33075687    0.28597276    0.28562244    0.29201646    0.28597276
T20            0.24568429    0.37023923    0.35415976    0.34690642    0.30013041    0.30013041    0.33922575    0.36848340    0.33675136    0.34030065    0.33322712    0.07155546    0.07812883    0.00000000    0.12297950    0.30292892    0.27431577    0.30176371    0.29642287    0.28388376    0.24747278    0.24719222    0.25318354    0.24747278
T15            0.31951496    0.40943249    0.40033382    0.38475134    0.35664633    0.35664633    0.39570491    0.40740019    0.39709403    0.40105112    0.39316805    0.14529459    0.15025135    0.12297950    0.00000000    0.37551064    0.34684569    0.35300653    0.36214319    0.35169778    0.30389312    0.31013837    0.31692357    0.31060989
T9             0.21005889    0.43653910    0.42978641    0.37590758    0.34925991    0.34925991    0.39209668    0.41973737    0.38719770    0.39115499    0.38719770    0.32380226    0.32922114    0.30292892    0.37551064    0.00000000    0.05200245    0.25045955    0.25393070    0.23374437    0.22033362    0.21998254    0.22588577    0.22033362
T17            0.19072234    0.41302625    0.40647346    0.35843576    0.33244242    0.33244242    0.37411258    0.39709403    0.36786854    0.37167497    0.36786854    0.29770389    0.29642287    0.27431577    0.34684569    0.05200245    0.00000000    0.23007090    0.23338731    0.21672375    0.19510708    0.19481221    0.20044889    0.19510708
T6             0.20522293    0.40685637    0.39639237    0.35392364    0.31462796    0.31462796    0.35085472    0.38545579    0.33622026    0.33975696    0.33622026    0.32687252    0.33932105    0.30176371    0.35300653    0.25045955    0.23007090    0.00000000    0.04770679    0.03710358    0.15463675    0.15445116    0.15964781    0.15463675
T5             0.20838146    0.40503983    0.39458281    0.36282447    0.31258867    0.31258867    0.34884881    0.39115153    0.34387536    0.34747584    0.34387536    0.32139001    0.33722598    0.29642287    0.36214319    0.25393070    0.23338731    0.04770679    0.00000000    0.03502211    0.15743572    0.15723506    0.16247262    0.15743572
T4             0.18674631    0.39386839    0.38357881    0.35244922    0.30300671    0.30300671    0.33519523    0.38030281    0.31985647    0.32329575    0.31985647    0.31506331    0.33075687    0.28388376    0.35169778    0.23374437    0.21672375    0.03710358    0.03502211    0.00000000    0.14253645    0.14235131    0.14746815    0.14253645
T8             0.14984952    0.37461457    0.36461730    0.32434777    0.28107150    0.28107150    0.32139001    0.34280820    0.30967853    0.31304817    0.30967853    0.27998092    0.28597276    0.24747278    0.30389312    0.22033362    0.19510708    0.15463675    0.15743572    0.14253645    0.00000000    0.00401105    0.00805153    0.00401611
T0             0.14966083    0.37398832    0.36400651    0.32390204    0.28069693    0.28069693    0.31756278    0.34235336    0.30923037    0.31258867    0.30923037    0.27963954    0.28562244    0.24719222    0.31013837    0.21998254    0.19481221    0.15445116    0.15723506    0.14235131    0.00401105    0.00000000    0.00804437    0.00401105
T11            0.15483061    0.36651808    0.35664633    0.31714006    0.27438364    0.27438364    0.31420456    0.33542739    0.30258080    0.30589451    0.30258080    0.28597276    0.29201646    0.25318354    0.31692357    0.22588577    0.20044889    0.15964781    0.16247262    0.14746815    0.00805153    0.00804437    0.00000000    0.00401105
T14            0.14984952    0.36711625    0.35722985    0.31756278    0.27473816    0.27473816    0.31462796    0.33585809    0.30300671    0.30633147    0.30300671    0.27998092    0.28597276    0.24747278    0.31060989    0.22033362    0.19510708    0.15463675    0.15743572    0.14253645    0.00401611    0.00401105    0.00401105    0.00000000

