24
T0             0.00000000    0.18573471    0.17782209    0.17559108    0.20751361    0.19999406    0.19349495    0.19601756    0.21264695    0.29893927    0.26887351    0.23571882    0.22014197    0.19652618    0.17679046    0.22827385    0.21962025    0.19301988    0.18928716    0.20552317    0.19349495    0.21036527    0.19050345    0.20979534
T10            0.18573471    0.00000000    0.01414116    0.01414116    0.06999951    0.07606349    0.07850098    0.11593722    0.13064194    0.25590885    0.22227051    0.17118818    0.15504883    0.14058980    0.12283095    0.17759823    0.16513004    0.14294578    0.14899947    0.17491531    0.13530732    0.15117117    0.14274396    0.14294578
T13            0.17782209    0.01414116    0.00000000    0.00804439    0.06989047    0.07374183    0.07177586    0.10398770    0.11838947    0.24707828    0.21385710    0.16825164    0.15225363    0.13316235    0.11563299    0.16979471    0.15745188    0.13297073    0.14155663    0.16714738    0.13297073    0.14879755    0.14038660    0.14058980
T8             0.17559108    0.01414116    0.00804439    0.00000000    0.06989047    0.07374183    0.07177586    0.10879764    0.12333045    0.24707828    0.21385710    0.16825164    0.15225363    0.13316235    0.11563299    0.16979471    0.15745188    0.13549751    0.14155663    0.16714738    0.13297073    0.14879755    0.14038660    0.14058980
T7             0.20751361    0.06999951    0.06989047    0.06989047    0.00000000    0.10349617    0.10398770    0.12795528    0.14294578    0.28687023    0.24247357    0.20332299    0.18623574    0.16632526    0.14768163    0.20185876    0.19176533    0.16875254    0.17204600    0.19349495    0.15026731    0.17199930    0.16582203    0.16928700
T18            0.19999406    0.07606349    0.07374183    0.07374183    0.10349617    0.00000000    0.04751080    0.11972497    0.13433245    0.27164519    0.24873620    0.19098133    0.17985965    0.16491623    0.14660990    0.19764756    0.18755117    0.17000562    0.17598006    0.19490579    0.16432570    0.17535717    0.16939871    0.17759823
T21            0.19349495    0.07850098    0.07177586    0.07177586    0.10398770    0.04751080    0.00000000    0.11807321    0.13278694    0.26842491    0.23943977    0.18374993    0.17267422    0.15308711    0.14000407    0.19349495    0.18349377    0.16074625    0.16903730    0.17224675    0.15286647    0.16606947    0.16535229    0.17093468
T17            0.19601756    0.11593722    0.10398770    0.10879764    0.12795528    0.11972497    0.11807321    0.00000000    0.03930662    0.26336217    0.23538081    0.18899287    0.17245617    0.15286647    0.14019135    0.18549747    0.18374993    0.17118818    0.17185393    0.18776910    0.14967468    0.16582203    0.15766157    0.16007146
T11            0.21264695    0.13064194    0.11838947    0.12333045    0.14294578    0.13433245    0.13278694    0.03930662    0.00000000    0.29821599    0.25013056    0.21418296    0.19959767    0.17118818    0.15810580    0.20467817    0.20301195    0.19013136    0.18504966    0.20133707    0.17045311    0.18734332    0.17880435    0.18127282
T3             0.29893927    0.25590885    0.24707828    0.24707828    0.28687023    0.27164519    0.26842491    0.26336217    0.29821599    0.00000000    0.08724552    0.34874698    0.33032436    0.28969006    0.29821599    0.33526992    0.32929502    0.30250244    0.31426331    0.30885393    0.30730549    0.32198521    0.31456911    0.32788797
T19            0.26887351    0.22227051    0.21385710    0.21385710    0.24247357    0.24873620    0.23943977    0.23538081    0.25013056    0.08724552    0.00000000    0.31722872    0.29630025    0.25750195    0.25940112    0.30350537    0.30201702    0.26021725    0.26234651    0.28794698    0.27437051    0.28829407    0.28126323    0.27118165
T14            0.23571882    0.17118818    0.16825164    0.16825164    0.20332299    0.19098133    0.18374993    0.18899287    0.21418296    0.34874698    0.31722872    0.00000000    0.03274765    0.05200408    0.13083495    0.17559108    0.15787956    0.13845411    0.14693444    0.17608475    0.16149549    0.17288592    0.15379779    0.17228648
T22            0.22014197    0.15504883    0.15225363    0.15225363    0.18623574    0.17985965    0.17267422    0.17245617    0.19959767    0.33032436    0.29630025    0.03274765    0.00000000    0.03904249    0.11092459    0.15206578    0.14218660    0.12563903    0.12925727    0.15725048    0.14510928    0.15858296    0.13765174    0.15547925
T6             0.19652618    0.14058980    0.13316235    0.13316235    0.16632526    0.16491623    0.15308711    0.15286647    0.17118818    0.28969006    0.25750195    0.05200408    0.03904249    0.00000000    0.09044071    0.13261100    0.12085384    0.10719668    0.10826004    0.13297073    0.12121272    0.13680282    0.11399184    0.13124416
T15            0.17679046    0.12283095    0.11563299    0.11563299    0.14768163    0.14660990    0.14000407    0.14019135    0.15810580    0.29821599    0.25940112    0.13083495    0.11092459    0.09044071    0.00000000    0.06276518    0.04776767    0.05639102    0.10305054    0.12471928    0.09877739    0.11092459    0.09186595    0.11065914
T4             0.22827385    0.17759823    0.16979471    0.16979471    0.20185876    0.19764756    0.19349495    0.18549747    0.20467817    0.33526992    0.30350537    0.17559108    0.15206578    0.13261100    0.06276518    0.00000000    0.06487466    0.10566020    0.14324674    0.16658730    0.14885137    0.16208445    0.14141953    0.15139730
T12            0.21962025    0.16513004    0.15745188    0.15745188    0.19176533    0.18755117    0.18349377    0.18374993    0.20301195    0.32929502    0.30201702    0.15787956    0.14218660    0.12085384    0.04776767    0.06487466    0.00000000    0.08750915    0.13868125    0.16432570    0.13933509    0.15244971    0.13198616    0.14185536
T20            0.19301988    0.14294578    0.13297073    0.13549751    0.16875254    0.17000562    0.16074625    0.17118818    0.19013136    0.30250244    0.26021725    0.13845411    0.12563903    0.10719668    0.05639102    0.10566020    0.08750915    0.00000000    0.11972497    0.14473264    0.12037270    0.13569556    0.11320466    0.13278694
T5             0.18928716    0.14899947    0.14155663    0.14155663    0.17204600    0.17598006    0.16903730    0.17185393    0.18504966    0.31426331    0.26234651    0.14693444    0.12925727    0.10826004    0.10305054    0.14324674    0.13868125    0.11972497    0.00000000    0.12659680    0.11012856    0.12240093    0.11741662    0.12950969
T16            0.20552317    0.17491531    0.16714738    0.16714738    0.19349495    0.19490579    0.17224675    0.18776910    0.20133707    0.30885393    0.28794698    0.17608475    0.15725048    0.13297073    0.12471928    0.16658730    0.16432570    0.14473264    0.12659680    0.00000000    0.13433245    0.14986406    0.14455647    0.15206578
T1             0.19349495    0.13530732    0.13297073    0.13297073    0.15026731    0.16432570    0.15286647    0.14967468    0.17045311    0.30730549    0.27437051    0.16149549    0.14510928    0.12121272    0.09877739    0.14885137    0.13933509    0.12037270    0.11012856    0.13433245    0.00000000    0.04128691    0.08069661    0.09005285
T9             0.21036527    0.15117117    0.14879755    0.14879755    0.17199930    0.17535717    0.16606947    0.16582203    0.18734332    0.32198521    0.28829407    0.17288592    0.15858296    0.13680282    0.11092459    0.16208445    0.15244971    0.13569556    0.12240093    0.14986406    0.04128691    0.00000000    0.09725354    0.10459748
T2             0.19050345    0.14274396    0.14038660    0.14038660    0.16582203    0.16939871    0.16535229    0.15766157    0.17880435    0.31456911    0.28126323    0.15379779    0.13765174    0.11399184    0.09186595    0.14141953    0.13198616    0.11320466    0.11741662    0.14455647    0.08069661    0.09725354    0.00000000    0.06952298
T23            0.20979534    0.14294578    0.14058980    0.14058980    0.16928700    0.17759823    0.17093468    0.16007146    0.18127282    0.32788797    0.27118165    0.17228648    0.15547925    0.13124416    0.11065914    0.15139730    0.14185536    0.13278694    0.12950969    0.15206578    0.09005285    0.10459748    0.06952298    0.00000000

