24
T18            0.00000000    0.38918008    0.39241343    0.28676205    0.26062688    0.28038445    0.26267890    0.25960790    0.28602439    0.29607804    0.33248863    0.27553354    0.29404708    0.25754630    0.25754630    0.27314310    0.27911120    0.33828382    0.33130385    0.28533183    0.28250404    0.35205922    0.27375320    0.28676205
T5             0.38918008    0.00000000    0.00602722    0.28003038    0.26027668    0.29037784    0.26301753    0.26447792    0.32043107    0.30307236    0.33382684    0.29536905    0.30019568    0.28232063    0.28232063    0.28880216    0.29491712    0.35310371    0.33879231    0.27130379    0.25080803    0.32397248    0.26543138    0.25960790
T7             0.39241343    0.00602722    0.00000000    0.28284584    0.26301753    0.29322229    0.26576894    0.26722592    0.32337625    0.30596056    0.33683380    0.29822227    0.30307236    0.28513114    0.28513114    0.29163374    0.29777065    0.35617358    0.34181078    0.26786888    0.24750961    0.32015365    0.26203359    0.25624650
T14            0.28676205    0.28003038    0.28284584    0.00000000    0.08502700    0.10547889    0.08039452    0.08724595    0.13713437    0.11753333    0.13610588    0.10349681    0.10566084    0.08963684    0.08963684    0.09663251    0.10123789    0.19149756    0.18324860    0.15395772    0.13949146    0.20062620    0.13949146    0.14218789
T9             0.26062688    0.26027668    0.26301753    0.08502700    0.00000000    0.08732659    0.05840897    0.06061210    0.10611543    0.08510957    0.11004614    0.07169648    0.07395447    0.06067363    0.06067363    0.06735698    0.07177618    0.16582397    0.15526157    0.12717844    0.11294343    0.18278012    0.11078887    0.11334788
T6             0.28038445    0.29037784    0.29322229    0.10547889    0.08732659    0.00000000    0.05840897    0.06714833    0.13244405    0.11753333    0.13857616    0.09898638    0.10349681    0.08519934    0.08519934    0.08983065    0.09439388    0.20555656    0.19427782    0.15395772    0.13918917    0.19511209    0.14236567    0.14986553
T4             0.26267890    0.26301753    0.26576894    0.08039452    0.05840897    0.05840897    0.00000000    0.02029444    0.10599051    0.08502700    0.10997078    0.07387665    0.07825805    0.06061210    0.06061210    0.06728050    0.07169648    0.17363436    0.16293031    0.12704640    0.11792740    0.17986167    0.12037363    0.12052638
T16            0.25960790    0.26447792    0.26722592    0.08724595    0.06061210    0.06714833    0.02029444    0.00000000    0.10599051    0.08732659    0.11472315    0.07387665    0.08281525    0.06504778    0.06504778    0.07177618    0.07622274    0.18181595    0.17093672    0.12951069    0.12037363    0.17986167    0.11792740    0.11807412
T22            0.28602439    0.32043107    0.32337625    0.13713437    0.10611543    0.13244405    0.10599051    0.10599051    0.00000000    0.08053145    0.10768122    0.07169648    0.08289972    0.06289147    0.06289147    0.06511923    0.06952328    0.21129307    0.19988530    0.16471261    0.16491799    0.21523067    0.15745351    0.16028982
T8             0.29607804    0.30307236    0.30596056    0.11753333    0.08510957    0.11753333    0.08502700    0.08732659    0.08053145    0.00000000    0.10071391    0.05840897    0.06938103    0.05194858    0.05194858    0.05413243    0.05846561    0.19735967    0.18623810    0.14393461    0.14438972    0.20085476    0.13747216    0.13729927
T13            0.33248863    0.33382684    0.33683380    0.13610588    0.11004614    0.13857616    0.10997078    0.11472315    0.10768122    0.10071391    0.00000000    0.08024332    0.08695261    0.07136595    0.07136595    0.07359359    0.07803367    0.22915034    0.21754414    0.17380112    0.16414755    0.22511285    0.16414755    0.16959420
T23            0.27553354    0.29536905    0.29822227    0.10349681    0.07169648    0.09898638    0.07387665    0.07387665    0.07169648    0.05840897    0.08024332    0.00000000    0.03914534    0.02034082    0.02034082    0.02242003    0.02656520    0.18983616    0.18429088    0.14185659    0.13729927    0.20159598    0.13297196    0.13530856
T2             0.29404708    0.30019568    0.30307236    0.10566084    0.07395447    0.10349681    0.07825805    0.08281525    0.08289972    0.06938103    0.08695261    0.03914534    0.00000000    0.03073428    0.03073428    0.03284874    0.03705555    0.19765464    0.18650189    0.14155782    0.14201819    0.20388832    0.13765301    0.14255150
T0             0.25754630    0.28232063    0.28513114    0.08963684    0.06067363    0.08519934    0.06061210    0.06504778    0.06289147    0.05194858    0.07136595    0.02034082    0.03073428    0.00000000    0.00000000    0.01420031    0.01829849    0.17934962    0.16849990    0.12717844    0.12268081    0.18549969    0.11839044    0.12315731
T17            0.25754630    0.28232063    0.28513114    0.08963684    0.06067363    0.08519934    0.06061210    0.06504778    0.06289147    0.05194858    0.07136595    0.02034082    0.03073428    0.00000000    0.00000000    0.01420031    0.01829849    0.17934962    0.16849990    0.12717844    0.12268081    0.18549969    0.11839044    0.12315731
T15            0.27314310    0.28880216    0.29163374    0.09663251    0.06735698    0.08983065    0.06728050    0.07177618    0.06511923    0.05413243    0.07359359    0.02242003    0.03284874    0.01420031    0.01420031    0.00000000    0.00805158    0.18764471    0.17661497    0.13462669    0.13011071    0.19652874    0.12582055    0.13064314
T21            0.27911120    0.29491712    0.29777065    0.10123789    0.07177618    0.09439388    0.07169648    0.07622274    0.06952328    0.05846561    0.07803367    0.02656520    0.03705555    0.01829849    0.01829849    0.00805158    0.00000000    0.18734590    0.17634666    0.13697748    0.13244405    0.19905782    0.12813536    0.13297196
T20            0.33828382    0.35310371    0.35617358    0.19149756    0.16582397    0.20555656    0.17363436    0.18181595    0.21129307    0.19735967    0.22915034    0.18983616    0.19765464    0.17934962    0.17934962    0.18764471    0.18734590    0.00000000    0.02034082    0.22391003    0.20468097    0.27632187    0.21097553    0.20048225
T12            0.33130385    0.33879231    0.34181078    0.18324860    0.15526157    0.19427782    0.16293031    0.17093672    0.19988530    0.18623810    0.21754414    0.18429088    0.18650189    0.16849990    0.16849990    0.17661497    0.17634666    0.02034082    0.00000000    0.21237080    0.19626985    0.26372660    0.19960039    0.18926677
T19            0.28533183    0.27130379    0.26786888    0.15395772    0.12717844    0.15395772    0.12704640    0.12951069    0.16471261    0.14393461    0.17380112    0.14185659    0.14155782    0.12717844    0.12717844    0.13462669    0.13697748    0.22391003    0.21237080    0.00000000    0.08281525    0.14422982    0.08299135    0.08309011
T11            0.28250404    0.25080803    0.24750961    0.13949146    0.11294343    0.13918917    0.11792740    0.12037363    0.16491799    0.14438972    0.16414755    0.13729927    0.14201819    0.12268081    0.12268081    0.13011071    0.13244405    0.20468097    0.19626985    0.08281525    0.00000000    0.10113180    0.06735698    0.06744034
T1             0.35205922    0.32397248    0.32015365    0.20062620    0.18278012    0.19511209    0.17986167    0.17986167    0.21523067    0.20085476    0.22511285    0.20159598    0.20388832    0.18549969    0.18549969    0.19652874    0.19905782    0.27632187    0.26372660    0.14422982    0.10113180    0.00000000    0.12746614    0.12514516
T10            0.27375320    0.26543138    0.26203359    0.13949146    0.11078887    0.14236567    0.12037363    0.11792740    0.15745351    0.13747216    0.16414755    0.13297196    0.13765301    0.11839044    0.11839044    0.12582055    0.12813536    0.21097553    0.19960039    0.08299135    0.06735698    0.12746614    0.00000000    0.05426010
T3             0.28676205    0.25960790    0.25624650    0.14218789    0.11334788    0.14986553    0.12052638    0.11807412    0.16028982    0.13729927    0.16959420    0.13530856    0.14255150    0.12315731    0.12315731    0.13064314    0.13297196    0.20048225    0.18926677    0.08309011    0.06744034    0.12514516    0.05426010    0.00000000

