24
T9             0.00000000    0.34886431    0.36869017    0.29784108    0.34493354    0.34089336    0.34464465    0.36052539    0.36052539    0.38384052    0.37930867    0.34947677    0.33562069    0.34835259    0.35315021    0.33381785    0.33263725    0.32397185    0.31520626    0.32889024    0.34296095    0.33587589    0.33940582    0.33994162
T21            0.34886431    0.00000000    0.08717663    0.10852332    0.14171585    0.13684054    0.13262556    0.15227214    0.15227214    0.16515259    0.16230359    0.11079767    0.11123125    0.17784741    0.19935506    0.18104378    0.16716853    0.22074123    0.23653686    0.24009583    0.24074081    0.24074081    0.23949119    0.23446909
T8             0.36869017    0.08717663    0.00000000    0.13463904    0.16155797    0.15654531    0.15707630    0.17472999    0.17472999    0.19030455    0.18736680    0.14424324    0.13966849    0.21526477    0.22334951    0.20443849    0.19557330    0.25453163    0.26483432    0.28118373    0.27638203    0.27638203    0.26547989    0.26341766
T19            0.29784108    0.10852332    0.13463904    0.00000000    0.04753806    0.03902209    0.04988461    0.07631710    0.07631710    0.11066824    0.11054641    0.06282749    0.06304815    0.15790153    0.16009282    0.15310873    0.15008069    0.20245275    0.20929610    0.20417326    0.21040293    0.21040293    0.20929610    0.20443849
T1             0.34493354    0.14171585    0.16155797    0.04753806    0.00000000    0.02031479    0.08260844    0.10785010    0.10785010    0.14118175    0.14106889    0.09382353    0.09402606    0.18757657    0.19535001    0.18802318    0.18216504    0.22568378    0.24108564    0.23866035    0.24216715    0.24216715    0.24108564    0.23599028
T12            0.34089336    0.13684054    0.15654531    0.03902209    0.02031479    0.00000000    0.07363848    0.11032565    0.11032565    0.13632407    0.13621538    0.09157839    0.08947654    0.17967789    0.19557330    0.18825996    0.17967789    0.21730930    0.23258177    0.23307067    0.23068028    0.23359996    0.23258177    0.22752499
T15            0.34464465    0.13262556    0.15707630    0.04988461    0.08260844    0.07363848    0.00000000    0.10880813    0.10880813    0.13766790    0.13714741    0.08290422    0.08784453    0.18404538    0.19179769    0.18460343    0.17586054    0.22458581    0.23446909    0.23213504    0.22687687    0.22687687    0.23152340    0.22074123
T16            0.36052539    0.15227214    0.17472999    0.07631710    0.10785010    0.11032565    0.10880813    0.00000000    0.00000000    0.15707630    0.16210444    0.10612360    0.10654448    0.20304989    0.19963191    0.19517211    0.17808087    0.25325833    0.25182063    0.26492620    0.26259291    0.26259291    0.25251891    0.24749721
T6             0.36052539    0.15227214    0.17472999    0.07631710    0.10785010    0.11032565    0.10880813    0.00000000    0.00000000    0.15707630    0.16210444    0.10612360    0.10654448    0.20304989    0.19963191    0.19517211    0.17808087    0.25325833    0.25182063    0.26492620    0.26259291    0.26259291    0.25251891    0.24749721
T4             0.38384052    0.16515259    0.19030455    0.11066824    0.14118175    0.13632407    0.13766790    0.15707630    0.15707630    0.00000000    0.05185877    0.11779788    0.11366622    0.22753172    0.22394836    0.21647551    0.20443849    0.24308571    0.26067737    0.26306702    0.27004060    0.27004060    0.26306702    0.24878522
T0             0.37930867    0.16230359    0.18736680    0.11054641    0.14106889    0.13621538    0.13714741    0.16210444    0.16210444    0.05185877    0.00000000    0.11766605    0.11079767    0.21327248    0.21843937    0.21101245    0.19629816    0.24341221    0.25487466    0.26341766    0.27043229    0.26415079    0.26032578    0.25148698
T2             0.34947677    0.11079767    0.14424324    0.06282749    0.09382353    0.09157839    0.08290422    0.10612360    0.10612360    0.11779788    0.11766605    0.00000000    0.06296775    0.16560722    0.17538228    0.17096116    0.15467009    0.20443849    0.21705079    0.21471632    0.22103697    0.22103697    0.21420608    0.21498578
T22            0.33562069    0.11123125    0.13966849    0.06304815    0.09402606    0.08947654    0.08784453    0.10654448    0.10654448    0.11366622    0.11079767    0.06296775    0.00000000    0.16584718    0.16803829    0.16635227    0.16318452    0.21101245    0.21498578    0.20983075    0.22198169    0.21615866    0.21498578    0.21358091
T20            0.34835259    0.17784741    0.21526477    0.15790153    0.18757657    0.17967789    0.18404538    0.20304989    0.20304989    0.22753172    0.21327248    0.16560722    0.16584718    0.00000000    0.12531432    0.11366622    0.09923187    0.19991787    0.21814251    0.21297343    0.22458581    0.22458581    0.22394836    0.22787364
T14            0.35315021    0.19935506    0.22334951    0.16009282    0.19535001    0.19557330    0.19179769    0.19963191    0.19963191    0.22394836    0.21843937    0.17538228    0.16803829    0.12531432    0.00000000    0.02653258    0.10373540    0.21422582    0.22982271    0.22458581    0.23949282    0.23949282    0.23876627    0.23383614
T11            0.33381785    0.18104378    0.20443849    0.15310873    0.18802318    0.18825996    0.18460343    0.19517211    0.19517211    0.21647551    0.21101245    0.17096116    0.16635227    0.11366622    0.02653258    0.00000000    0.08540598    0.20051700    0.21585123    0.21070303    0.22526168    0.22526168    0.22458581    0.21972187
T5             0.33263725    0.16716853    0.19557330    0.15008069    0.18216504    0.17967789    0.17586054    0.17808087    0.17808087    0.20443849    0.19629816    0.15467009    0.16318452    0.09923187    0.10373540    0.08540598    0.00000000    0.19710497    0.21011216    0.21585123    0.22165723    0.22165723    0.22394836    0.21327248
T7             0.32397185    0.22074123    0.25453163    0.20245275    0.22568378    0.21730930    0.22458581    0.25325833    0.25325833    0.24308571    0.24341221    0.20443849    0.21101245    0.19991787    0.21422582    0.20051700    0.19710497    0.00000000    0.10566738    0.09196323    0.11335773    0.10852332    0.11550256    0.10147996
T13            0.31520626    0.23653686    0.26483432    0.20929610    0.24108564    0.23258177    0.23446909    0.25182063    0.25182063    0.26067737    0.25487466    0.21705079    0.21498578    0.21814251    0.22982271    0.21585123    0.21011216    0.10566738    0.00000000    0.05190116    0.07156096    0.06709504    0.07156096    0.06271478
T10            0.32889024    0.24009583    0.28118373    0.20417326    0.23866035    0.23307067    0.23213504    0.26492620    0.26492620    0.26306702    0.26341766    0.21471632    0.20983075    0.21297343    0.22458581    0.21070303    0.21585123    0.09196323    0.05190116    0.00000000    0.06289419    0.05846781    0.06945175    0.05632807
T23            0.34296095    0.24074081    0.27638203    0.21040293    0.24216715    0.23068028    0.22687687    0.26259291    0.26259291    0.27004060    0.27043229    0.22103697    0.22198169    0.22458581    0.23949282    0.22526168    0.22165723    0.11335773    0.07156096    0.06289419    0.00000000    0.00401615    0.07186679    0.05867915
T18            0.33587589    0.24074081    0.27638203    0.21040293    0.24216715    0.23359996    0.22687687    0.26259291    0.26259291    0.27004060    0.26415079    0.22103697    0.21615866    0.22458581    0.23949282    0.22526168    0.22165723    0.10852332    0.06709504    0.05846781    0.00401615    0.00000000    0.06736028    0.05426246
T17            0.33940582    0.23949119    0.26547989    0.20929610    0.24108564    0.23258177    0.23152340    0.25251891    0.25251891    0.26306702    0.26032578    0.21420608    0.21498578    0.22394836    0.23876627    0.22458581    0.22394836    0.11550256    0.07156096    0.06945175    0.07186679    0.06736028    0.00000000    0.04554491
T3             0.33994162    0.23446909    0.26341766    0.20443849    0.23599028    0.22752499    0.22074123    0.24749721    0.24749721    0.24878522    0.25148698    0.21498578    0.21358091    0.22787364    0.23383614    0.21972187    0.21327248    0.10147996    0.06271478    0.05632807    0.05867915    0.05426246    0.04554491    0.00000000

