24
T16            0.00000000    0.30781013    0.32340261    0.28276093    0.28039392    0.28600241    0.26374273    0.27896815    0.26930569    0.27120593    0.27675154    0.27120593    0.26612606    0.25519374    0.21008901    0.16757192    0.18651082    0.19028764    0.18235369    0.19627859    0.17290999    0.20556766    0.20587824    0.15788765
T6             0.30781013    0.00000000    0.01006770    0.06504862    0.39519798    0.38124202    0.35303620    0.39549769    0.38763448    0.39334155    0.38444941    0.38057888    0.36476293    0.34791394    0.34951795    0.30977187    0.33036038    0.32355920    0.33085692    0.34897043    0.32096671    0.34098263    0.34515922    0.31511152
T17            0.32340261    0.01006770    0.00000000    0.07155892    0.40495300    0.39085670    0.36697144    0.41331619    0.40523001    0.41104923    0.40197166    0.39799314    0.38173010    0.36438400    0.36606896    0.32537750    0.34647378    0.33942000    0.34690898    0.36549392    0.33334197    0.34289513    0.35065148    0.32739094
T3             0.28276093    0.06504862    0.07155892    0.00000000    0.36414851    0.36074023    0.34034936    0.37046796    0.36293148    0.36850270    0.36105101    0.35489498    0.34098263    0.33181381    0.33687003    0.28474144    0.30444850    0.29494634    0.30845477    0.32241990    0.30879380    0.32496704    0.33498109    0.30303140
T11            0.28039392    0.39519798    0.40495300    0.36414851    0.00000000    0.13433690    0.12938345    0.14511591    0.13028455    0.13478924    0.14202244    0.13228761    0.13531322    0.15987072    0.31268256    0.27675154    0.29966962    0.30398539    0.30021701    0.30977187    0.28319273    0.29731421    0.29585529    0.26175750
T5             0.28600241    0.38124202    0.39085670    0.36074023    0.13433690    0.00000000    0.06055801    0.15207228    0.14219237    0.14677367    0.14900487    0.14170695    0.14219237    0.15172087    0.31429109    0.27202344    0.29449757    0.29494634    0.28887800    0.29896464    0.27131911    0.31460218    0.31995981    0.26962184
T4             0.26374273    0.35303620    0.36697144    0.34034936    0.12938345    0.06055801    0.00000000    0.13965896    0.12995263    0.13447968    0.13669122    0.12951385    0.12746968    0.13934008    0.29857027    0.25416727    0.27594040    0.28286199    0.27689738    0.29246101    0.25722008    0.28971826    0.30065747    0.23976050
T12            0.27896815    0.39549769    0.41331619    0.37046796    0.14511591    0.15207228    0.13965896    0.00000000    0.02444430    0.03064678    0.03904277    0.02855450    0.03710514    0.13279254    0.28882305    0.24709766    0.25631332    0.27000184    0.26962184    0.28839211    0.25942347    0.28832437    0.29782294    0.24327668
T1             0.26930569    0.38763448    0.40523001    0.36293148    0.13028455    0.14219237    0.12995263    0.02444430    0.00000000    0.00602722    0.03064678    0.02028072    0.02871049    0.12316122    0.27912997    0.23804932    0.24709766    0.26613289    0.26029171    0.27873046    0.25942347    0.28832437    0.29782294    0.23417271
T19            0.27120593    0.39334155    0.41104923    0.36850270    0.13478924    0.14677367    0.13447968    0.03064678    0.00602722    0.00000000    0.03690721    0.02646339    0.03492785    0.13011467    0.28114355    0.24305592    0.25213146    0.27131911    0.26544605    0.28395622    0.26449512    0.29348855    0.30303140    0.23608496
T8             0.27675154    0.38444941    0.40197166    0.36105101    0.14202244    0.14900487    0.13669122    0.03904277    0.03064678    0.03690721    0.00000000    0.01007287    0.03910482    0.13228761    0.28040106    0.24542369    0.25449904    0.27376808    0.26788312    0.28640493    0.26374273    0.28926511    0.29065780    0.23838697
T2             0.27120593    0.38057888    0.39799314    0.35489498    0.13228761    0.14170695    0.12951385    0.02855450    0.02028072    0.02646339    0.01007287    0.00000000    0.02859772    0.12268413    0.27480510    0.23709611    0.24606278    0.26511872    0.25930292    0.27759761    0.25827495    0.28363547    0.28971826    0.23309597
T10            0.26612606    0.36476293    0.38173010    0.34098263    0.13531322    0.14219237    0.12746968    0.03710514    0.02871049    0.03492785    0.03910482    0.02859772    0.00000000    0.12316122    0.28234010    0.23804932    0.24709766    0.25995154    0.26029171    0.27873046    0.25942347    0.28832437    0.29782294    0.23117465
T20            0.25519374    0.34791394    0.36438400    0.33181381    0.15987072    0.15172087    0.13934008    0.13279254    0.12316122    0.13011467    0.13228761    0.12268413    0.12316122    0.00000000    0.27834187    0.23976050    0.25791289    0.26788312    0.26820927    0.28677996    0.24875405    0.28644481    0.28926511    0.24104722
T7             0.21008901    0.34951795    0.36606896    0.33687003    0.31268256    0.31429109    0.29857027    0.28882305    0.27912997    0.28114355    0.28040106    0.27480510    0.28234010    0.27834187    0.00000000    0.13683221    0.15465822    0.15864669    0.15140276    0.16904417    0.16471852    0.19680614    0.19989553    0.14255644
T9             0.16757192    0.30977187    0.32537750    0.28474144    0.27675154    0.27202344    0.25416727    0.24709766    0.23804932    0.24305592    0.24542369    0.23709611    0.23804932    0.23976050    0.13683221    0.00000000    0.01420041    0.04124195    0.03272709    0.04770889    0.13713837    0.15766935    0.15745935    0.12283544
T21            0.18651082    0.33036038    0.34647378    0.30444850    0.29966962    0.29449757    0.27594040    0.25631332    0.24709766    0.25213146    0.25449904    0.24606278    0.24709766    0.25791289    0.15465822    0.01420041    0.00000000    0.05646412    0.04334476    0.05867717    0.14987078    0.17094444    0.17069905    0.13028455
T22            0.19028764    0.32355920    0.33942000    0.29494634    0.30398539    0.29494634    0.28286199    0.27000184    0.26613289    0.27131911    0.27376808    0.26511872    0.25995154    0.26788312    0.15864669    0.04124195    0.05646412    0.00000000    0.04963802    0.06498398    0.16677249    0.19099205    0.19074823    0.15447166
T18            0.18235369    0.33085692    0.34690898    0.30845477    0.30021701    0.28887800    0.27689738    0.26962184    0.26029171    0.26544605    0.26788312    0.25930292    0.26029171    0.26820927    0.15140276    0.03272709    0.04334476    0.04963802    0.00000000    0.04969286    0.15653457    0.17492383    0.17739170    0.14186063
T15            0.19627859    0.34897043    0.36549392    0.32241990    0.30977187    0.29896464    0.29246101    0.28839211    0.27873046    0.28395622    0.28640493    0.27759761    0.27873046    0.28677996    0.16904417    0.04770889    0.05867717    0.06498398    0.04969286    0.00000000    0.16677249    0.19099205    0.18800590    0.15189242
T14            0.17290999    0.32096671    0.33334197    0.30879380    0.28319273    0.27131911    0.25722008    0.25942347    0.25942347    0.26449512    0.26374273    0.25827495    0.25942347    0.24875405    0.16471852    0.13713837    0.14987078    0.16677249    0.15653457    0.16677249    0.00000000    0.09898844    0.09910389    0.10399112
T13            0.20556766    0.34098263    0.34289513    0.32496704    0.29731421    0.31460218    0.28971826    0.28832437    0.28832437    0.29348855    0.28926511    0.28363547    0.28832437    0.28644481    0.19680614    0.15766935    0.17094444    0.19099205    0.17492383    0.19099205    0.09898844    0.00000000    0.04770889    0.12351772
T23            0.20587824    0.34515922    0.35065148    0.33498109    0.29585529    0.31995981    0.30065747    0.29782294    0.29782294    0.30303140    0.29065780    0.28971826    0.29782294    0.28926511    0.19989553    0.15745935    0.17069905    0.19074823    0.17739170    0.18800590    0.09910389    0.04770889    0.00000000    0.12832666
T0             0.15788765    0.31511152    0.32739094    0.30303140    0.26175750    0.26962184    0.23976050    0.24327668    0.23417271    0.23608496    0.23838697    0.23309597    0.23117465    0.24104722    0.14255644    0.12283544    0.13028455    0.15447166    0.14186063    0.15189242    0.10399112    0.12351772    0.12832666    0.00000000

