24
T12            0.00000000    0.25414243    0.24271745    0.26097298    0.38802690    0.27199372    0.27199372    0.23641255    0.22944941    0.25899622    0.17737983    0.19122789    0.22852388    0.22260141    0.19512725    0.18953649    0.21642420    0.18649253    0.18400768    0.29037416    0.29963538    0.29387572    0.28017752    0.30938572
T16            0.25414243    0.00000000    0.01415465    0.16208140    0.27514147    0.16470752    0.16208140    0.21494424    0.20669216    0.22854956    0.19807702    0.21753591    0.26485175    0.25318969    0.19324865    0.19049961    0.21158373    0.19301633    0.19601292    0.37169084    0.37852332    0.37218136    0.36401060    0.40768563
T0             0.24271745    0.01415465    0.00000000    0.14949091    0.26026426    0.15687029    0.15428500    0.20643935    0.19830635    0.21987224    0.18483671    0.20388120    0.25011927    0.24172029    0.18006961    0.17737983    0.20084892    0.17985663    0.18277398    0.36088514    0.36759940    0.36133643    0.35339656    0.39617370
T6             0.26097298    0.16208140    0.14949091    0.00000000    0.19879259    0.09450341    0.09216076    0.22536846    0.21890980    0.24156258    0.19725232    0.20255221    0.24872871    0.24035921    0.19049961    0.18776564    0.21158373    0.18526537    0.19049961    0.37803384    0.38492142    0.37852332    0.34229052    0.40655114
T21            0.38802690    0.27514147    0.26026426    0.19879259    0.00000000    0.22389887    0.22098955    0.36600474    0.36176415    0.38553456    0.32440135    0.33081273    0.34127925    0.34586898    0.32335102    0.31991027    0.35729929    0.32385824    0.33030456    0.50727858    0.51563289    0.50809493    0.46140849    0.52324868
T18            0.27199372    0.16470752    0.15687029    0.09450341    0.22389887    0.00000000    0.00200402    0.23594898    0.23521129    0.26202481    0.20236368    0.21652865    0.25719395    0.25788362    0.20340073    0.19510795    0.21913579    0.19257900    0.19279311    0.39564313    0.39890624    0.39239467    0.34570722    0.38305451
T14            0.27199372    0.16208140    0.15428500    0.09216076    0.22098955    0.00200402    0.00000000    0.23303132    0.23231905    0.25897337    0.19962234    0.21370187    0.25414243    0.25481328    0.20062113    0.19785692    0.21630099    0.18985254    0.19005917    0.39187840    0.39512727    0.38864406    0.34229052    0.37941350
T2             0.23641255    0.21494424    0.20643935    0.22536846    0.36600474    0.23594898    0.23303132    0.00000000    0.04124135    0.06074118    0.18029140    0.20212646    0.23114381    0.22520375    0.17829017    0.17558574    0.19175817    0.17044793    0.17337377    0.35041227    0.34735512    0.34381697    0.34196981    0.38553456
T10            0.22944941    0.20669216    0.19830635    0.21890980    0.36176415    0.23521129    0.23231905    0.04124135    0.00000000    0.04549504    0.16939641    0.19073338    0.21901026    0.21322522    0.17266983    0.17535243    0.20212646    0.17289590    0.17582769    0.33937906    0.33893587    0.33290609    0.32451259    0.38118162
T15            0.25899622    0.22854956    0.21987224    0.24156258    0.38553456    0.26202481    0.25897337    0.06074118    0.04549504    0.00000000    0.18234224    0.20978923    0.24818892    0.24208546    0.19399988    0.19678737    0.21869639    0.19426830    0.19734886    0.36176415    0.36121863    0.35503987    0.34241231    0.38613658
T5             0.17737983    0.19807702    0.18483671    0.19725232    0.32440135    0.20236368    0.19962234    0.18029140    0.16939641    0.18234224    0.00000000    0.03481390    0.10360671    0.09205507    0.08529479    0.08299001    0.10825884    0.08289865    0.08529479    0.27813676    0.28407905    0.27842244    0.25669457    0.28923528
T1             0.19122789    0.21753591    0.20388120    0.20255221    0.33081273    0.21652865    0.21370187    0.20212646    0.19073338    0.20978923    0.03481390    0.00000000    0.12037050    0.10851198    0.10159809    0.09922197    0.12514189    0.09909962    0.10159809    0.29611637    0.30221323    0.29642716    0.27405632    0.30160996
T11            0.22852388    0.26485175    0.25011927    0.24872871    0.34127925    0.25719395    0.25414243    0.23114381    0.21901026    0.24818892    0.10360671    0.12037050    0.00000000    0.05189938    0.13823687    0.13823687    0.15787451    0.14058510    0.14336788    0.34545838    0.34154021    0.33893587    0.32451259    0.35467469
T4             0.22260141    0.25318969    0.24172029    0.24035921    0.34586898    0.25788362    0.25481328    0.22520375    0.21322522    0.24208546    0.09205507    0.10851198    0.05189938    0.00000000    0.12851077    0.12600328    0.15047610    0.13083057    0.13356388    0.33247416    0.33893587    0.33290609    0.31196343    0.33808788
T8             0.19512725    0.19324865    0.18006961    0.19049961    0.32335102    0.20340073    0.20062113    0.17829017    0.17266983    0.19399988    0.08529479    0.10159809    0.13823687    0.12851077    0.00000000    0.01413390    0.05413195    0.03069848    0.03284842    0.27967759    0.27934701    0.27374373    0.27252192    0.27871940
T9             0.18953649    0.19049961    0.17737983    0.18776564    0.31991027    0.19510795    0.19785692    0.17558574    0.17535243    0.19678737    0.08299001    0.09922197    0.13823687    0.12600328    0.01413390    0.00000000    0.05632531    0.03280840    0.03497182    0.26542075    0.26509504    0.25959765    0.25839165    0.26447591
T3             0.21642420    0.21158373    0.20084892    0.21158373    0.35729929    0.21913579    0.21630099    0.19175817    0.20212646    0.21869639    0.10825884    0.12514189    0.15787451    0.15047610    0.05413195    0.05632531    0.00000000    0.04327739    0.04545367    0.29778759    0.30141760    0.29815685    0.29293882    0.28721668
T7             0.18649253    0.19301633    0.17985663    0.18526537    0.32385824    0.19257900    0.18985254    0.17044793    0.17289590    0.19426830    0.08289865    0.09909962    0.14058510    0.13083057    0.03069848    0.03280840    0.04327739    0.00000000    0.01006771    0.27687166    0.28283520    0.27721454    0.26362842    0.26362842
T19            0.18400768    0.19601292    0.18277398    0.19049961    0.33030456    0.19279311    0.19005917    0.17337377    0.17582769    0.19734886    0.08529479    0.10159809    0.14336788    0.13356388    0.03284842    0.03497182    0.04545367    0.01006771    0.00000000    0.27407675    0.28001933    0.27442073    0.26086723    0.25785274
T23            0.29037416    0.37169084    0.36088514    0.37803384    0.50727858    0.39564313    0.39187840    0.35041227    0.33937906    0.36176415    0.27813676    0.29611637    0.34545838    0.33247416    0.27967759    0.26542075    0.29778759    0.27687166    0.27407675    0.00000000    0.03069848    0.02656497    0.11053674    0.16315472
T20            0.29963538    0.37852332    0.36759940    0.38492142    0.51563289    0.39890624    0.39512727    0.34735512    0.33893587    0.36121863    0.28407905    0.30221323    0.34154021    0.33893587    0.27934701    0.26509504    0.30141760    0.28283520    0.28001933    0.03069848    0.00000000    0.00401208    0.09877686    0.16339448
T13            0.29387572    0.37218136    0.36133643    0.37852332    0.50809493    0.39239467    0.38864406    0.34381697    0.33290609    0.35503987    0.27842244    0.29642716    0.33893587    0.33290609    0.27374373    0.25959765    0.29815685    0.27721454    0.27442073    0.02656497    0.00401208    0.00000000    0.09428833    0.15857640
T17            0.28017752    0.36401060    0.35339656    0.34229052    0.46140849    0.34570722    0.34229052    0.34196981    0.32451259    0.34241231    0.25669457    0.27405632    0.32451259    0.31196343    0.27252192    0.25839165    0.29293882    0.26362842    0.26086723    0.11053674    0.09877686    0.09428833    0.00000000    0.14510534
T22            0.30938572    0.40768563    0.39617370    0.40655114    0.52324868    0.38305451    0.37941350    0.38553456    0.38118162    0.38613658    0.28923528    0.30160996    0.35467469    0.33808788    0.27871940    0.26447591    0.28721668    0.26362842    0.25785274    0.16315472    0.16339448    0.15857640    0.14510534    0.00000000

