24
T17            0.00000000    0.20899392    0.13315229    0.16823661    0.14078912    0.18399672    0.23904279    0.21321078    0.23238476    0.23041970    0.18207707    0.12513723    0.15668744    0.15668744    0.16713600    0.20394666    0.20316256    0.17170238    0.13511611    0.12994046    0.12282397    0.14217785    0.13964526    0.12529393
T21            0.20899392    0.00000000    0.17469553    0.20107397    0.17469553    0.20899392    0.25349402    0.22747242    0.24348091    0.23253083    0.20694125    0.19998236    0.23593271    0.23593271    0.22723181    0.28832610    0.28690042    0.24002636    0.20829690    0.20254061    0.18658806    0.20254061    0.19979206    0.18927740
T1             0.13315229    0.17469553    0.00000000    0.03694648    0.04806919    0.13568494    0.19010975    0.15503719    0.18075113    0.16533871    0.13844231    0.12731098    0.16188438    0.16188438    0.16978268    0.19541842    0.20829690    0.17170238    0.13010173    0.12498829    0.11792041    0.13712547    0.13461832    0.12036617
T18            0.16823661    0.20107397    0.03694648    0.00000000    0.07662074    0.16291488    0.22484669    0.19121656    0.21493025    0.20438601    0.17606823    0.15927915    0.18821635    0.18821635    0.19930306    0.22589603    0.25019035    0.19541842    0.16227134    0.15946158    0.15464107    0.17266076    0.16999286    0.15723956
T20            0.14078912    0.17469553    0.04806919    0.07662074    0.00000000    0.14550640    0.19793315    0.16247747    0.19121656    0.17557614    0.14572223    0.13728978    0.18051200    0.18051200    0.18596441    0.20971419    0.21960289    0.18544723    0.14273342    0.13746207    0.13277802    0.15243868    0.14985363    0.13529786
T9             0.18399672    0.20899392    0.13568494    0.16291488    0.14550640    0.00000000    0.16291488    0.14985363    0.16733913    0.16005923    0.12581041    0.16675542    0.21699914    0.21699914    0.20899392    0.24170129    0.26416208    0.21064164    0.18276399    0.17716495    0.16958109    0.18525518    0.18254384    0.17490267
T23            0.23904279    0.25349402    0.19010975    0.22484669    0.19793315    0.16291488    0.00000000    0.10610969    0.11765096    0.10814030    0.13511611    0.23145962    0.26024338    0.26024338    0.25479307    0.28076715    0.30718359    0.27611761    0.22619764    0.22300617    0.21207960    0.23705705    0.23410531    0.21779728
T13            0.21321078    0.22747242    0.15503719    0.19121656    0.16247747    0.14985363    0.10610969    0.00000000    0.10134648    0.08972653    0.10598521    0.20294584    0.22747242    0.22747242    0.23327297    0.26718690    0.27839975    0.24170129    0.20899392    0.20316256    0.19256829    0.21391789    0.21109948    0.19530936
T16            0.23238476    0.24348091    0.18075113    0.21493025    0.19121656    0.16733913    0.11765096    0.10134648    0.00000000    0.07387440    0.12484714    0.21889608    0.26445525    0.26445525    0.25837211    0.28790853    0.31302468    0.25550477    0.22798339    0.22197251    0.20829690    0.22197251    0.22197251    0.21440499
T15            0.23041970    0.23253083    0.16533871    0.20438601    0.17557614    0.16005923    0.10814030    0.08972653    0.07387440    0.00000000    0.11548658    0.20829690    0.25319531    0.25319531    0.24720337    0.27310247    0.29705764    0.26209214    0.21725561    0.21699914    0.20618341    0.21935756    0.21935756    0.21182034
T6             0.18207707    0.20694125    0.13844231    0.17606823    0.14572223    0.12581041    0.13511611    0.10598521    0.12484714    0.11548658    0.00000000    0.17223479    0.22068087    0.22068087    0.21493025    0.23375516    0.26200432    0.22329531    0.18347733    0.17780797    0.16755078    0.19096502    0.18821635    0.17288666
T0             0.12513723    0.19998236    0.12731098    0.15927915    0.13728978    0.16675542    0.23145962    0.20294584    0.21889608    0.20829690    0.17223479    0.00000000    0.13383871    0.13383871    0.13138101    0.15464107    0.19433995    0.14692581    0.11500204    0.11012570    0.09838559    0.10749355    0.10749355    0.10071162
T3             0.15668744    0.23593271    0.16188438    0.18821635    0.18051200    0.21699914    0.26024338    0.22747242    0.26445525    0.25319531    0.22068087    0.13383871    0.00000000    0.00000000    0.05182132    0.15946158    0.23764664    0.18525518    0.14631208    0.14617932    0.13867683    0.14324361    0.14324361    0.14116515
T14            0.15668744    0.23593271    0.16188438    0.18821635    0.18051200    0.21699914    0.26024338    0.22747242    0.26445525    0.25319531    0.22068087    0.13383871    0.00000000    0.00000000    0.05182132    0.15946158    0.23764664    0.18525518    0.14631208    0.14617932    0.13867683    0.14324361    0.14324361    0.14116515
T2             0.16713600    0.22723181    0.16978268    0.19930306    0.18596441    0.20899392    0.25479307    0.23327297    0.25837211    0.24720337    0.21493025    0.13138101    0.05182132    0.05182132    0.00000000    0.15170642    0.24055525    0.18798132    0.15394851    0.14870542    0.13867683    0.15074597    0.15074597    0.14366594
T5             0.20394666    0.28832610    0.19541842    0.22589603    0.20971419    0.24170129    0.28076715    0.26718690    0.28790853    0.27310247    0.23375516    0.15464107    0.15946158    0.15946158    0.15170642    0.00000000    0.24748400    0.22329531    0.18952468    0.18871311    0.16848210    0.17557614    0.17557614    0.16363355
T19            0.20316256    0.28690042    0.20829690    0.25019035    0.21960289    0.26416208    0.30718359    0.27839975    0.31302468    0.29705764    0.26200432    0.19433995    0.23764664    0.23764664    0.24055525    0.24748400    0.00000000    0.21087826    0.19163607    0.18110402    0.18083447    0.19656659    0.19387004    0.17087918
T10            0.17170238    0.24002636    0.17170238    0.19541842    0.18544723    0.21064164    0.27611761    0.24170129    0.25550477    0.26209214    0.22329531    0.14692581    0.18525518    0.18525518    0.18798132    0.22329531    0.21087826    0.00000000    0.12529393    0.12022161    0.13511611    0.15965242    0.15704716    0.14235501
T11            0.13511611    0.20829690    0.13010173    0.16227134    0.14273342    0.18276399    0.22619764    0.20899392    0.22798339    0.21725561    0.18347733    0.11500204    0.14631208    0.14631208    0.15394851    0.18952468    0.19163607    0.12529393    0.00000000    0.02028060    0.11031419    0.12680076    0.12436105    0.10814030
T4             0.12994046    0.20254061    0.12498829    0.15946158    0.13746207    0.17716495    0.22300617    0.20316256    0.22197251    0.21699914    0.17780797    0.11012570    0.14617932    0.14617932    0.14870542    0.18871311    0.18110402    0.12022161    0.02028060    0.00000000    0.10547563    0.12183735    0.11942710    0.10547563
T22            0.12282397    0.18658806    0.11792041    0.15464107    0.13277802    0.16958109    0.21207960    0.19256829    0.20829690    0.20618341    0.16755078    0.09838559    0.13867683    0.13867683    0.13867683    0.16848210    0.18083447    0.13511611    0.11031419    0.10547563    0.00000000    0.07144656    0.06921908    0.05182132
T12            0.14217785    0.20254061    0.13712547    0.17266076    0.15243868    0.18525518    0.23705705    0.21391789    0.22197251    0.21935756    0.19096502    0.10749355    0.14324361    0.14324361    0.15074597    0.17557614    0.19656659    0.15965242    0.12680076    0.12183735    0.07144656    0.00000000    0.01209715    0.06067196
T8             0.13964526    0.19979206    0.13461832    0.16999286    0.14985363    0.18254384    0.23410531    0.21109948    0.22197251    0.21935756    0.18821635    0.10749355    0.14324361    0.14324361    0.15074597    0.17557614    0.19387004    0.15704716    0.12436105    0.11942710    0.06921908    0.01209715    0.00000000    0.05846414
T7             0.12529393    0.18927740    0.12036617    0.15723956    0.13529786    0.17490267    0.21779728    0.19530936    0.21440499    0.21182034    0.17288666    0.10071162    0.14116515    0.14116515    0.14366594    0.16363355    0.17087918    0.14235501    0.10814030    0.10547563    0.05182132    0.06067196    0.05846414    0.00000000

