24
T7             0.00000000    0.39038502    0.35076351    0.35026005    0.37523124    0.37151349    0.35742909    0.37517894    0.34929581    0.33831975    0.33068621    0.34322307    0.36140815    0.35099804    0.29194075    0.31882649    0.30056686    0.26674135    0.24802332    0.25103550    0.24772333    0.25678739    0.24028869    0.24328283
T21            0.39038502    0.00000000    0.04765269    0.27106904    0.28024632    0.28113487    0.24698856    0.29107699    0.21545020    0.19953940    0.20774073    0.21316672    0.27005230    0.23795178    0.38344769    0.38018578    0.44667075    0.37764693    0.35487725    0.35850069    0.37387305    0.36887152    0.37578410    0.37960121
T18            0.35076351    0.04765269    0.00000000    0.24395811    0.24967641    0.25658186    0.21803872    0.25780100    0.19344517    0.17801017    0.18593192    0.19118238    0.24582065    0.21516505    0.35347396    0.35434799    0.41520722    0.33861856    0.31749179    0.32087037    0.33510956    0.33720040    0.33665919    0.34020553
T4             0.35026005    0.27106904    0.24395811    0.00000000    0.03069744    0.03069744    0.05859414    0.10111964    0.19826146    0.19701308    0.19395256    0.19647226    0.23497546    0.23405756    0.33861856    0.36363073    0.39499555    0.31332842    0.29345872    0.29665376    0.33022285    0.32001784    0.32472794    0.32816458
T15            0.37523124    0.28024632    0.24967641    0.03069744    0.00000000    0.02444342    0.06519122    0.10813101    0.21204021    0.20518938    0.20207475    0.20803849    0.24967641    0.24865401    0.34770820    0.36937027    0.40991641    0.31960975    0.29953818    0.30276415    0.33667721    0.32636698    0.33114530    0.33461774
T12            0.37151349    0.28113487    0.25658186    0.03069744    0.02444342    0.00000000    0.06312502    0.10597563    0.20973565    0.20579604    0.20264714    0.20518938    0.24735040    0.24028869    0.34875385    0.37041477    0.40860407    0.32382809    0.30345918    0.30672733    0.33762287    0.32724127    0.33211701    0.33561375
T11            0.35742909    0.24698856    0.21803872    0.05859414    0.06519122    0.06312502    0.00000000    0.09194754    0.18500780    0.18644683    0.18344517    0.18593192    0.22970151    0.22296275    0.33067790    0.34227385    0.37356246    0.28807007    0.26910856    0.27216680    0.30749093    0.29768620    0.30210160    0.30540212
T23            0.37517894    0.29107699    0.25780100    0.10111964    0.10813101    0.10597563    0.09194754    0.00000000    0.20569152    0.20207475    0.19900096    0.19596748    0.24564182    0.23297244    0.36573366    0.38524893    0.43063214    0.34227385    0.31479874    0.31809924    0.35544337    0.34487897    0.34976952    0.35332847
T9             0.34929581    0.21545020    0.19344517    0.19826146    0.21204021    0.20973565    0.18500780    0.20569152    0.00000000    0.06944277    0.06714347    0.06931547    0.11305357    0.10555446    0.33211701    0.34016175    0.38914486    0.31297273    0.29270949    0.29595642    0.32131476    0.31792473    0.31251511    0.32272014
T20            0.33831975    0.19953940    0.17801017    0.19701308    0.20518938    0.20579604    0.18644683    0.20207475    0.06944277    0.00000000    0.01008400    0.02862756    0.10397182    0.09651894    0.33420758    0.33510956    0.37012744    0.30911423    0.28867259    0.29194075    0.32077296    0.32077296    0.30523131    0.31543636
T2             0.33068621    0.20774073    0.18593192    0.19395256    0.20207475    0.20264714    0.18344517    0.19900096    0.06714347    0.01008400    0.00000000    0.02650453    0.10145771    0.09409366    0.33720040    0.33811447    0.36700530    0.30860990    0.28500937    0.28824579    0.31684365    0.31006349    0.30140516    0.31150710
T0             0.34322307    0.21316672    0.19118238    0.19647226    0.20803849    0.20518938    0.18593192    0.19596748    0.06931547    0.02862756    0.02650453    0.00000000    0.10371297    0.09633784    0.34132561    0.34215237    0.38018578    0.31835694    0.29434515    0.29763481    0.32321260    0.32321260    0.30094627    0.31101430
T3             0.36140815    0.27005230    0.24582065    0.23497546    0.24967641    0.24735040    0.22970151    0.24564182    0.11305357    0.10397182    0.10145771    0.10371297    0.00000000    0.08068846    0.37330821    0.37764693    0.42473586    0.35525414    0.33313782    0.33665919    0.36389639    0.36389639    0.35099804    0.36202869
T13            0.35099804    0.23795178    0.21516505    0.23405756    0.24865401    0.24028869    0.22296275    0.23297244    0.10555446    0.09651894    0.09409366    0.09633784    0.08068846    0.00000000    0.35041792    0.35127987    0.40792965    0.33665919    0.31206924    0.31543645    0.33461774    0.33461774    0.32913674    0.33966410
T10            0.29194075    0.38344769    0.35347396    0.33861856    0.34770820    0.34875385    0.33067790    0.36573366    0.33211701    0.33420758    0.33720040    0.34132561    0.37330821    0.35041792    0.00000000    0.05621217    0.17428323    0.12266014    0.10348374    0.10585908    0.10597563    0.11805373    0.10397182    0.10636995
T19            0.31882649    0.38018578    0.35434799    0.36363073    0.36937027    0.37041477    0.34227385    0.38524893    0.34016175    0.33510956    0.33811447    0.34215237    0.37764693    0.35127987    0.05621217    0.00000000    0.18981363    0.13460298    0.11510144    0.11751694    0.11763965    0.13710931    0.12020910    0.12266014
T8             0.30056686    0.44667075    0.41520722    0.39499555    0.40991641    0.40860407    0.37356246    0.43063214    0.38914486    0.37012744    0.36700530    0.38018578    0.42473586    0.40792965    0.17428323    0.18981363    0.00000000    0.13710931    0.12435011    0.12192288    0.13877710    0.15908489    0.13170331    0.12949063
T1             0.26674135    0.37764693    0.33861856    0.31332842    0.31960975    0.32382809    0.28807007    0.34227385    0.31297273    0.30911423    0.30860990    0.31835694    0.35525414    0.33665919    0.12266014    0.13460298    0.13710931    0.00000000    0.04545165    0.04760684    0.08962732    0.10609965    0.08760111    0.08992672
T22            0.24802332    0.35487725    0.31749179    0.29345872    0.29953818    0.30345918    0.26910856    0.31479874    0.29270949    0.28867259    0.28500937    0.29434515    0.33313782    0.31206924    0.10348374    0.11510144    0.12435011    0.04545165    0.00000000    0.00200401    0.07149445    0.08510088    0.06944277    0.07168999
T16            0.25103550    0.35850069    0.32087037    0.29665376    0.30276415    0.30672733    0.27216680    0.31809924    0.29595642    0.29194075    0.28824579    0.29763481    0.33665919    0.31543645    0.10585908    0.11751694    0.12192288    0.04760684    0.00200401    0.00000000    0.07373663    0.08740506    0.07168999    0.07394736
T5             0.24772333    0.37387305    0.33510956    0.33022285    0.33667721    0.33762287    0.30749093    0.35544337    0.32131476    0.32077296    0.31684365    0.32321260    0.36389639    0.33461774    0.10597563    0.11763965    0.13877710    0.08962732    0.07149445    0.07373663    0.00000000    0.04765269    0.04545165    0.04760684
T17            0.25678739    0.36887152    0.33720040    0.32001784    0.32636698    0.32724127    0.29768620    0.34487897    0.31792473    0.32077296    0.31006349    0.32321260    0.36389639    0.33461774    0.11805373    0.13710931    0.15908489    0.10609965    0.08510088    0.08740506    0.04765269    0.00000000    0.06073680    0.06295905
T6             0.24028869    0.37578410    0.33665919    0.32472794    0.33114530    0.33211701    0.30210160    0.34976952    0.31251511    0.30523131    0.30140516    0.30094627    0.35099804    0.32913674    0.10397182    0.12020910    0.13170331    0.08760111    0.06944277    0.07168999    0.04545165    0.06073680    0.00000000    0.01007275
T14            0.24328283    0.37960121    0.34020553    0.32816458    0.33461774    0.33561375    0.30540212    0.35332847    0.32272014    0.31543636    0.31150710    0.31101430    0.36202869    0.33966410    0.10636995    0.12266014    0.12949063    0.08992672    0.07168999    0.07394736    0.04760684    0.06295905    0.01007275    0.00000000

