24
T21            0.00000000    0.24604262    0.24604262    0.23707880    0.25176736    0.26646854    0.26510014    0.24809960    0.24779780    0.24241805    0.24906672    0.27591308    0.23115024    0.26063297    0.26526036    0.28074267    0.30638862    0.25176736    0.20901016    0.20901016    0.14038459    0.15026523    0.21066058    0.14767973
T22            0.24604262    0.00000000    0.01006875    0.09428900    0.08495160    0.09402122    0.26510014    0.24873409    0.21393416    0.22014100    0.23770207    0.25481920    0.21870131    0.23377976    0.25282389    0.26202965    0.29321397    0.25176736    0.21183721    0.21183721    0.19577602    0.20926179    0.25719952    0.21209689
T14            0.24604262    0.01006875    0.00000000    0.08982977    0.07825787    0.08955058    0.25960285    0.24336128    0.20876796    0.21494820    0.23240705    0.24940958    0.21353665    0.22853032    0.24743794    0.25655111    0.29077571    0.24637626    0.20669575    0.20669575    0.19577602    0.20926179    0.25719952    0.21209689
T17            0.23707880    0.09428900    0.08982977    0.00000000    0.07631197    0.08069637    0.26576294    0.24336128    0.22014100    0.22070018    0.22715108    0.24707394    0.21933901    0.22853032    0.24819614    0.24272233    0.26922895    0.24404058    0.21007304    0.21007304    0.18573289    0.20413901    0.24940958    0.20467560
T16            0.25176736    0.08495160    0.07825787    0.07631197    0.00000000    0.02440579    0.27164380    0.24906672    0.21987587    0.22041578    0.22099419    0.24672004    0.22193355    0.22817111    0.25939529    0.23888760    0.27200005    0.23770207    0.19854814    0.19854814    0.19879606    0.21236604    0.24241805    0.21522553
T20            0.26646854    0.09402122    0.08955058    0.08069637    0.02440579    0.00000000    0.28997397    0.26683733    0.23678216    0.23148036    0.23802865    0.25517049    0.23906789    0.24551951    0.27117556    0.25928510    0.28713968    0.25825061    0.21551235    0.21551235    0.21236604    0.22621791    0.25687006    0.22914448
T3             0.26510014    0.26510014    0.25960285    0.26576294    0.27164380    0.28997397    0.00000000    0.02854262    0.12193786    0.11972547    0.15669627    0.17185396    0.23412630    0.24571915    0.25897795    0.27903239    0.29456441    0.25321871    0.20512217    0.20512217    0.22175549    0.22701862    0.28217037    0.22749067
T13            0.24809960    0.24873409    0.24336128    0.24336128    0.24906672    0.26683733    0.02854262    0.00000000    0.10103282    0.09887775    0.13729711    0.14693385    0.21494820    0.22977422    0.23678216    0.25021296    0.27129841    0.22248804    0.17644099    0.17644099    0.20062390    0.20573991    0.26542617    0.21183721
T18            0.24779780    0.21393416    0.20876796    0.22014100    0.21987587    0.23678216    0.12193786    0.10103282    0.00000000    0.01827017    0.12282997    0.15005986    0.19279580    0.20133574    0.20552450    0.22701862    0.25928510    0.21701645    0.17927273    0.17927273    0.17380096    0.18142066    0.23621901    0.18444595
T15            0.24241805    0.22014100    0.21494820    0.22070018    0.22041578    0.23148036    0.11972547    0.09887775    0.01827017    0.00000000    0.12282997    0.15005986    0.19325176    0.19905314    0.21158700    0.22461483    0.25993120    0.21753983    0.17965479    0.17965479    0.17413690    0.17644099    0.23383840    0.18214196
T9             0.24906672    0.23770207    0.23240705    0.22715108    0.22099419    0.23802865    0.15669627    0.13729711    0.12282997    0.12282997    0.00000000    0.09017407    0.19652388    0.20872704    0.22715108    0.23383840    0.26134987    0.21236604    0.17738236    0.17738236    0.17759705    0.19027760    0.25111450    0.19854814
T4             0.27591308    0.25481920    0.24940958    0.24707394    0.24672004    0.25517049    0.17185396    0.14693385    0.15005986    0.15005986    0.09017407    0.00000000    0.23307390    0.24551951    0.25862180    0.26301123    0.28553991    0.23537721    0.20695812    0.20695812    0.20440269    0.22621791    0.24425526    0.20901016
T0             0.23115024    0.21870131    0.21353665    0.21933901    0.22193355    0.23906789    0.23412630    0.21494820    0.19279580    0.19325176    0.19652388    0.23307390    0.00000000    0.08299061    0.11294240    0.20040520    0.21987587    0.19400364    0.15947110    0.15947110    0.17245497    0.19374399    0.24906672    0.19374399
T11            0.26063297    0.23377976    0.22853032    0.22853032    0.22817111    0.24551951    0.24571915    0.22977422    0.20133574    0.19905314    0.20872704    0.24551951    0.08299061    0.00000000    0.09030319    0.20952284    0.23177942    0.20554955    0.17022329    0.17022329    0.19454987    0.21096829    0.25628630    0.19959466
T19            0.26526036    0.25282389    0.24743794    0.24819614    0.25939529    0.27117556    0.25897795    0.23678216    0.20552450    0.21158700    0.22715108    0.25862180    0.11294240    0.09030319    0.00000000    0.24212394    0.27236712    0.23273559    0.19325176    0.19325176    0.20979326    0.21209689    0.26887175    0.21781590
T1             0.28074267    0.26202965    0.25655111    0.24272233    0.23888760    0.25928510    0.27903239    0.25021296    0.22701862    0.22461483    0.23383840    0.26301123    0.20040520    0.20952284    0.24212394    0.00000000    0.05632557    0.14693385    0.10566049    0.10566049    0.21089358    0.22749067    0.26973517    0.22223406
T6             0.30638862    0.29321397    0.29077571    0.26922895    0.27200005    0.28713968    0.29456441    0.27129841    0.25928510    0.25993120    0.26134987    0.28553991    0.21987587    0.23177942    0.27236712    0.05632557    0.00000000    0.17289886    0.13982367    0.13478329    0.23649556    0.25687006    0.30431599    0.24779780
T2             0.25176736    0.25176736    0.24637626    0.24404058    0.23770207    0.25825061    0.25321871    0.22248804    0.21701645    0.21753983    0.21236604    0.23537721    0.19400364    0.20554955    0.23273559    0.14693385    0.17289886    0.00000000    0.06752971    0.06752971    0.19279580    0.21183721    0.25624268    0.20340368
T12            0.20901016    0.21183721    0.20669575    0.21007304    0.19854814    0.21551235    0.20512217    0.17644099    0.17927273    0.17965479    0.17738236    0.20695812    0.15947110    0.17022329    0.19325176    0.10566049    0.13982367    0.06752971    0.00000000    0.00401613    0.15636966    0.16903793    0.21630368    0.16641865
T23            0.20901016    0.21183721    0.20669575    0.21007304    0.19854814    0.21551235    0.20512217    0.17644099    0.17927273    0.17965479    0.17738236    0.20695812    0.15947110    0.17022329    0.19325176    0.10566049    0.13478329    0.06752971    0.00401613    0.00000000    0.15636966    0.16903793    0.21630368    0.16641865
T5             0.14038459    0.19577602    0.19577602    0.18573289    0.19879606    0.21236604    0.22175549    0.20062390    0.17380096    0.17413690    0.17759705    0.20440269    0.17245497    0.19454987    0.20979326    0.21089358    0.23649556    0.19279580    0.15636966    0.15636966    0.00000000    0.07395395    0.11778702    0.07850065
T7             0.15026523    0.20926179    0.20926179    0.20413901    0.21236604    0.22621791    0.22701862    0.20573991    0.18142066    0.17644099    0.19027760    0.22621791    0.19374399    0.21096829    0.21209689    0.22749067    0.25687006    0.21183721    0.16903793    0.16903793    0.07395395    0.00000000    0.13447480    0.09216154
T10            0.21066058    0.25719952    0.25719952    0.24940958    0.24241805    0.25687006    0.28217037    0.26542617    0.23621901    0.23383840    0.25111450    0.24425526    0.24906672    0.25628630    0.26887175    0.26973517    0.30431599    0.25624268    0.21630368    0.21630368    0.11778702    0.13447480    0.00000000    0.09419237
T8             0.14767973    0.21209689    0.21209689    0.20467560    0.21522553    0.22914448    0.22749067    0.21183721    0.18444595    0.18214196    0.19854814    0.20901016    0.19374399    0.19959466    0.21781590    0.22223406    0.24779780    0.20340368    0.16641865    0.16641865    0.07850065    0.09216154    0.09419237    0.00000000

