24
T21            0.00000000    0.39840867    0.39840867    0.40435625    0.28635765    0.29034563    0.25787180    0.26171268    0.25010953    0.21550017    0.21263271    0.21263271    0.21006155    0.22650568    0.23207397    0.23239285    0.19175297    0.20694674    0.18846543    0.20018394    0.20039354    0.22723404    0.21628964    0.15154569
T4             0.39840867    0.00000000    0.00000000    0.01413276    0.44612844    0.43508842    0.46129169    0.44314452    0.42006798    0.44116656    0.43700983    0.43700983    0.44612844    0.45228491    0.46005423    0.46518541    0.42393373    0.41942985    0.41020436    0.38643821    0.38698478    0.41427399    0.38860653    0.38610805
T23            0.39840867    0.00000000    0.00000000    0.01413276    0.44612844    0.43508842    0.46129169    0.44314452    0.42006798    0.44116656    0.43700983    0.43700983    0.44612844    0.45228491    0.46005423    0.46518541    0.42393373    0.41942985    0.41020436    0.38643821    0.38698478    0.41427399    0.38860653    0.38610805
T15            0.40435625    0.01413276    0.01413276    0.00000000    0.45228491    0.44116656    0.45915907    0.44107647    0.42342088    0.43900515    0.43489985    0.43489985    0.44386625    0.45427198    0.46203652    0.47147290    0.42985907    0.42138900    0.41610350    0.39994351    0.40050444    0.42830292    0.40214251    0.39840867
T14            0.28635765    0.44612844    0.44612844    0.45228491    0.00000000    0.02648472    0.32827986    0.32235369    0.30636254    0.30681231    0.30347521    0.30347521    0.30727369    0.30592440    0.31217204    0.30592440    0.24210716    0.26140799    0.25958363    0.26112331    0.26140799    0.28122375    0.26334840    0.21235395
T2             0.29034563    0.43508842    0.43508842    0.44116656    0.02648472    0.00000000    0.33174428    0.32333326    0.30727369    0.30774665    0.30438702    0.30438702    0.30823118    0.30681231    0.31308171    0.30681231    0.24270600    0.26200954    0.26025133    0.26170341    0.26200954    0.28182740    0.26388214    0.21827717
T6             0.25787180    0.46129169    0.46129169    0.45915907    0.32827986    0.33174428    0.00000000    0.11260375    0.10565733    0.28551798    0.28228878    0.28228878    0.29675378    0.30104987    0.30727369    0.32141605    0.24635998    0.25349937    0.25787180    0.24913747    0.24642519    0.27195657    0.25435939    0.24423737
T12            0.26171268    0.44314452    0.44314452    0.44107647    0.32235369    0.32333326    0.11260375    0.00000000    0.02646319    0.28551798    0.28228878    0.28228878    0.29675378    0.30104987    0.30392536    0.31453454    0.26019285    0.27351310    0.27200968    0.25078562    0.24808220    0.28956594    0.26816883    0.24602617
T1             0.25010953    0.42006798    0.42006798    0.42342088    0.30636254    0.30727369    0.10565733    0.02646319    0.00000000    0.27115631    0.26798853    0.26798853    0.28217204    0.28313880    0.28594803    0.30296592    0.24550429    0.25860411    0.25706471    0.23647962    0.23382299    0.27127723    0.25048484    0.23411111
T13            0.21550017    0.44116656    0.44116656    0.43900515    0.30681231    0.30774665    0.28551798    0.28551798    0.27115631    0.00000000    0.00200402    0.00200402    0.04554271    0.05846447    0.06727894    0.08099591    0.19678144    0.20694674    0.19678144    0.20107815    0.20132485    0.22247398    0.21440921    0.20618714
T18            0.21263271    0.43700983    0.43700983    0.43489985    0.30347521    0.30438702    0.28228878    0.28228878    0.26798853    0.00200402    0.00000000    0.00000000    0.04338724    0.06067237    0.06504635    0.07869642    0.19399401    0.20412788    0.19399401    0.19829856    0.19853749    0.21960662    0.21157440    0.20339201
T5             0.21263271    0.43700983    0.43700983    0.43489985    0.30347521    0.30438702    0.28228878    0.28228878    0.26798853    0.00200402    0.00000000    0.00000000    0.04338724    0.06067237    0.06504635    0.07869642    0.19399401    0.20412788    0.19399401    0.19829856    0.19853749    0.21960662    0.21157440    0.20339201
T20            0.21006155    0.44612844    0.44612844    0.44386625    0.30727369    0.30823118    0.29675378    0.29675378    0.28217204    0.04554271    0.04338724    0.04338724    0.00000000    0.06296330    0.06511770    0.08111038    0.19986902    0.21006155    0.19986902    0.21208468    0.21235398    0.23382299    0.22563024    0.21208468
T8             0.22650568    0.45228491    0.45228491    0.45427198    0.30592440    0.30681231    0.30104987    0.30104987    0.28313880    0.05846447    0.06067237    0.06067237    0.06296330    0.00000000    0.02238917    0.07169473    0.20749967    0.21493572    0.20466475    0.20572757    0.20595265    0.23011790    0.22197532    0.20618714
T22            0.23207397    0.46005423    0.46005423    0.46203652    0.31217204    0.31308171    0.30727369    0.30392536    0.28594803    0.06727894    0.06504635    0.06504635    0.06511770    0.02238917    0.00000000    0.07613780    0.21292082    0.22040259    0.21006155    0.21110211    0.21133349    0.22987824    0.22174067    0.20829919
T7             0.23239285    0.46518541    0.46518541    0.47147290    0.30592440    0.30681231    0.32141605    0.31453454    0.30296592    0.08099591    0.07869642    0.07869642    0.08111038    0.07169473    0.07613780    0.00000000    0.19904279    0.21493572    0.19904279    0.21986229    0.22012762    0.23887087    0.23354483    0.21700313
T11            0.19175297    0.42393373    0.42393373    0.42985907    0.24210716    0.24270600    0.24635998    0.26019285    0.24550429    0.19678144    0.19399401    0.19399401    0.19986902    0.20749967    0.21292082    0.19904279    0.00000000    0.02857255    0.02870979    0.16269631    0.16291964    0.18572394    0.17534749    0.16939061
T0             0.20694674    0.41942985    0.41942985    0.42138900    0.26140799    0.26200954    0.25349937    0.27351310    0.25860411    0.20694674    0.20412788    0.20412788    0.21006155    0.21493572    0.22040259    0.21493572    0.02857255    0.00000000    0.03284831    0.17021592    0.17044365    0.19072688    0.18028576    0.18157749
T16            0.18846543    0.41020436    0.41020436    0.41610350    0.25958363    0.26025133    0.25787180    0.27200968    0.25706471    0.19678144    0.19399401    0.19399401    0.19986902    0.20466475    0.21006155    0.19904279    0.02870979    0.03284831    0.00000000    0.16050426    0.16073719    0.18348280    0.17312623    0.17430951
T10            0.20018394    0.38643821    0.38643821    0.39994351    0.26112331    0.26170341    0.24913747    0.25078562    0.23647962    0.20107815    0.19829856    0.19829856    0.21208468    0.20572757    0.21110211    0.21986229    0.16269631    0.17021592    0.16050426    0.00000000    0.01417432    0.06714695    0.05403084    0.16569498
T17            0.20039354    0.38698478    0.38698478    0.40050444    0.26140799    0.26200954    0.24642519    0.24808220    0.23382299    0.20132485    0.19853749    0.19853749    0.21235398    0.20595265    0.21133349    0.22012762    0.16291964    0.17044365    0.16073719    0.01417432    0.00000000    0.07395257    0.06067237    0.16582059
T19            0.22723404    0.41427399    0.41427399    0.42830292    0.28122375    0.28182740    0.27195657    0.28956594    0.27127723    0.22247398    0.21960662    0.21960662    0.23382299    0.23011790    0.22987824    0.23887087    0.18572394    0.19072688    0.18348280    0.06714695    0.07395257    0.00000000    0.02029431    0.19163596
T9             0.21628964    0.38860653    0.38860653    0.40214251    0.26334840    0.26388214    0.25435939    0.26816883    0.25048484    0.21440921    0.21157440    0.21157440    0.22563024    0.22197532    0.22174067    0.23354483    0.17534749    0.18028576    0.17312623    0.05403084    0.06067237    0.02029431    0.00000000    0.17860558
T3             0.15154569    0.38610805    0.38610805    0.39840867    0.21235395    0.21827717    0.24423737    0.24602617    0.23411111    0.20618714    0.20339201    0.20339201    0.21208468    0.20618714    0.20829919    0.21700313    0.16939061    0.18157749    0.17430951    0.16569498    0.16582059    0.19163596    0.17860558    0.00000000

