24
T18            0.00000000    0.32835826    0.32835826    0.30205453    0.32444172    0.31411279    0.35621714    0.34290566    0.32952863    0.31388917    0.31682649    0.24635183    0.25482381    0.27594738    0.27634715    0.29782806    0.26613060    0.23681459    0.26700824    0.27342914    0.19881273    0.19402072    0.18077938    0.12564515
T19            0.32835826    0.00000000    0.00603641    0.13261765    0.13714016    0.13244948    0.16492652    0.16802477    0.14646789    0.14439614    0.14677601    0.31024304    0.29365753    0.32612148    0.31977589    0.36297147    0.34844786    0.30399359    0.34345227    0.31856181    0.35047569    0.33782633    0.38942703    0.33883122
T5             0.32835826    0.00603641    0.00000000    0.12514999    0.13213690    0.12500049    0.15706665    0.16008125    0.13892536    0.13683436    0.13919512    0.30688149    0.29040565    0.32273746    0.31642596    0.36666948    0.34488213    0.30066567    0.33988639    0.31511887    0.34692280    0.33433554    0.38942703    0.33883122
T0             0.30205453    0.13261765    0.12514999    0.00000000    0.07177773    0.05632684    0.12500049    0.12069139    0.11742163    0.11294730    0.11523859    0.27634715    0.26686906    0.29424870    0.28819819    0.32291477    0.30267494    0.26724944    0.29633657    0.29066329    0.31901084    0.31362742    0.34540343    0.31120235
T1             0.32444172    0.13714016    0.13213690    0.07177773    0.00000000    0.05200506    0.13949745    0.14275183    0.13420451    0.12965398    0.13199254    0.28474923    0.26890180    0.29967168    0.29358649    0.33883122    0.32149660    0.27873784    0.31315386    0.29918993    0.34540343    0.32933932    0.37414886    0.33144855
T23            0.31411279    0.13244948    0.12500049    0.05632684    0.05200506    0.00000000    0.12485880    0.12547235    0.11490849    0.11282770    0.11512082    0.28234708    0.27277809    0.31017122    0.29746883    0.32933932    0.30889207    0.27954700    0.31753204    0.29682252    0.33582455    0.31996890    0.37039514    0.32097490
T3             0.35621714    0.16492652    0.15706665    0.12500049    0.13949745    0.12485880    0.00000000    0.12779028    0.12938560    0.12485880    0.12718338    0.32341169    0.31315386    0.34202366    0.33553518    0.38492310    0.35510944    0.32046592    0.34290566    0.33555979    0.39198807    0.36608163    0.42846592    0.36355887
T14            0.34290566    0.16802477    0.16008125    0.12069139    0.14275183    0.12547235    0.12779028    0.00000000    0.06932183    0.06504904    0.06721229    0.31071684    0.30066567    0.33943441    0.33989212    0.34185038    0.33134073    0.31460995    0.34761612    0.32607699    0.36666948    0.34898199    0.39778630    0.34648430
T12            0.32952863    0.14646789    0.13892536    0.11742163    0.13420451    0.11490849    0.12938560    0.06932183    0.00000000    0.01210032    0.01413394    0.29495736    0.28535853    0.33356245    0.32718656    0.32531362    0.31529751    0.29858079    0.33734279    0.31607642    0.34902941    0.33553518    0.37491700    0.32697907
T11            0.31388917    0.14439614    0.13683436    0.11294730    0.12965398    0.11282770    0.12485880    0.06504904    0.01210032    0.00000000    0.00602723    0.28641448    0.27690692    0.32791679    0.32157863    0.31977589    0.30979290    0.29000938    0.32149660    0.30734388    0.34339506    0.32996295    0.36439843    0.31723918
T22            0.31682649    0.14677601    0.13919512    0.11523859    0.13199254    0.11512082    0.12718338    0.06721229    0.01413394    0.00602723    0.00000000    0.29247104    0.28287201    0.33091773    0.32531362    0.32612148    0.31603759    0.29610696    0.32788619    0.31362742    0.34998053    0.32952863    0.37120543    0.32357185
T6             0.24635183    0.31024304    0.30688149    0.27634715    0.28474923    0.28234708    0.32341169    0.31071684    0.29495736    0.28641448    0.29247104    0.00000000    0.03066971    0.11766119    0.10814867    0.15835030    0.14059762    0.13804465    0.16850917    0.15835030    0.25903545    0.25711540    0.27913696    0.24249754
T16            0.25482381    0.29365753    0.29040565    0.26686906    0.26890180    0.27277809    0.31315386    0.30066567    0.28535853    0.27690692    0.28287201    0.03066971    0.00000000    0.11742163    0.10794020    0.15309638    0.13765898    0.14019890    0.17070100    0.16052309    0.26138121    0.26255801    0.28153917    0.24478936
T15            0.27594738    0.32612148    0.32273746    0.29424870    0.29967168    0.31017122    0.34202366    0.33943441    0.33356245    0.32791679    0.33091773    0.11766119    0.11742163    0.00000000    0.02447309    0.19832486    0.17432914    0.17471885    0.20671336    0.19603218    0.28358939    0.26962882    0.28188026    0.25114004
T2             0.27634715    0.31977589    0.31642596    0.28819819    0.29358649    0.29746883    0.33553518    0.33989212    0.32718656    0.32157863    0.32531362    0.10814867    0.10794020    0.02447309    0.00000000    0.18485195    0.16138537    0.16960315    0.19579140    0.19075172    0.28396486    0.27000844    0.27284107    0.25146213
T8             0.29782806    0.36297147    0.36666948    0.32291477    0.33883122    0.32933932    0.38492310    0.34185038    0.32531362    0.31977589    0.32612148    0.15835030    0.15309638    0.19832486    0.18485195    0.00000000    0.03073457    0.18077938    0.21325117    0.20526921    0.29123204    0.29255589    0.30889207    0.25828083
T7             0.26613060    0.34844786    0.34488213    0.30267494    0.32149660    0.30889207    0.35510944    0.33134073    0.31529751    0.30979290    0.31603759    0.14059762    0.13765898    0.17432914    0.16138537    0.03073457    0.00000000    0.17046431    0.20243320    0.19456823    0.26962882    0.27079978    0.28358939    0.24372261
T20            0.23681459    0.30399359    0.30066567    0.26724944    0.27873784    0.27954700    0.32046592    0.31460995    0.29858079    0.29000938    0.29610696    0.13804465    0.14019890    0.17471885    0.16960315    0.18077938    0.17046431    0.00000000    0.05639219    0.04559882    0.24105211    0.23608895    0.24843709    0.19907043
T17            0.26700824    0.34345227    0.33988639    0.29633657    0.31315386    0.31753204    0.34290566    0.34761612    0.33734279    0.32149660    0.32788619    0.16850917    0.17070100    0.20671336    0.19579140    0.21325117    0.20243320    0.05639219    0.00000000    0.03914579    0.25865294    0.26297113    0.27481331    0.22947800
T4             0.27342914    0.31856181    0.31511887    0.29066329    0.29918993    0.29682252    0.33555979    0.32607699    0.31607642    0.30734388    0.31362742    0.15835030    0.16052309    0.19603218    0.19075172    0.20526921    0.19456823    0.04559882    0.03914579    0.00000000    0.27121145    0.25983157    0.27239925    0.22423908
T9             0.19881273    0.35047569    0.34692280    0.31901084    0.34540343    0.33582455    0.39198807    0.36666948    0.34902941    0.34339506    0.34998053    0.25903545    0.26138121    0.28358939    0.28396486    0.29123204    0.26962882    0.24105211    0.25865294    0.27121145    0.00000000    0.06483249    0.21610109    0.17966694
T21            0.19402072    0.33782633    0.33433554    0.31362742    0.32933932    0.31996890    0.36608163    0.34898199    0.33553518    0.32996295    0.32952863    0.25711540    0.26255801    0.26962882    0.27000844    0.29255589    0.27079978    0.23608895    0.26297113    0.25983157    0.06483249    0.00000000    0.21160420    0.17536891
T13            0.18077938    0.38942703    0.38942703    0.34540343    0.37414886    0.37039514    0.42846592    0.39778630    0.37491700    0.36439843    0.37120543    0.27913696    0.28153917    0.28188026    0.27284107    0.30889207    0.28358939    0.24843709    0.27481331    0.27239925    0.21610109    0.21160420    0.00000000    0.09898935
T10            0.12564515    0.33883122    0.33883122    0.31120235    0.33144855    0.32097490    0.36355887    0.34648430    0.32697907    0.31723918    0.32357185    0.24249754    0.24478936    0.25114004    0.25146213    0.25828083    0.24372261    0.19907043    0.22947800    0.22423908    0.17966694    0.17536891    0.09898935    0.00000000

