24
T10            0.00000000    0.33721795    0.33721795    0.30764982    0.30429342    0.25428787    0.37834869    0.37597912    0.36226077    0.29020487    0.29302442    0.28768500    0.28114767    0.31837307    0.31837307    0.31202701    0.36082093    0.26832408    0.29430896    0.29286236    0.32477846    0.15784569    0.13294621    0.13744720
T6             0.33721795    0.00000000    0.00200401    0.12483607    0.12238492    0.19622039    0.33512509    0.33069194    0.35489470    0.27982982    0.27941212    0.28346423    0.28665967    0.29557589    0.29883381    0.29272013    0.37621237    0.28912306    0.30295073    0.30252616    0.33813006    0.31838304    0.30007490    0.31457001
T5             0.33721795    0.00200401    0.00000000    0.12238492    0.11994573    0.19344999    0.33512509    0.33069194    0.35489470    0.27982982    0.27941212    0.28346423    0.28665967    0.29557589    0.29883381    0.29272013    0.37621237    0.28912306    0.30295073    0.30252616    0.33813006    0.31838304    0.30007490    0.31457001
T0             0.30764982    0.12483607    0.12238492    0.00000000    0.02857205    0.16448352    0.35101753    0.34379544    0.35043685    0.26126537    0.26089684    0.25043475    0.25043475    0.28310279    0.28628805    0.28028908    0.33494899    0.24744031    0.26327801    0.25921110    0.29883381    0.28987568    0.27227892    0.28628805
T14            0.30429342    0.12238492    0.11994573    0.02857205    0.00000000    0.16448352    0.34739344    0.34022316    0.34682586    0.25509145    0.25474194    0.25647800    0.25647800    0.28310279    0.28628805    0.28028908    0.33153534    0.24744031    0.26327801    0.25921110    0.29557589    0.28987568    0.26914359    0.28628805
T18            0.25428787    0.19622039    0.19344999    0.16448352    0.16448352    0.00000000    0.25816887    0.25816887    0.27027369    0.20835221    0.20804502    0.19573326    0.19573326    0.21722092    0.21722092    0.21178734    0.27434121    0.19023810    0.20745819    0.21231359    0.24329070    0.22269672    0.20717858    0.21489513
T3             0.37834869    0.33512509    0.33512509    0.35101753    0.34739344    0.25816887    0.00000000    0.02236446    0.05852483    0.21347850    0.21317328    0.22064306    0.22354201    0.24062018    0.23466687    0.22615798    0.28628805    0.20639530    0.22415357    0.22036005    0.25545124    0.35834550    0.32130545    0.34797362
T22            0.37597912    0.33069194    0.33069194    0.34379544    0.34022316    0.25816887    0.02236446    0.00000000    0.05194559    0.21411675    0.21379299    0.21489513    0.21776083    0.23530891    0.22939083    0.22093562    0.28310279    0.21437156    0.23234111    0.22269672    0.25780992    0.35101753    0.31443100    0.34077752
T1             0.36226077    0.35489470    0.35489470    0.35043685    0.34682586    0.27027369    0.05852483    0.05194559    0.00000000    0.22480333    0.22447369    0.22036005    0.22036005    0.24630321    0.24029624    0.23171659    0.29883381    0.22269672    0.24095408    0.23113127    0.25746133    0.33968121    0.30717954    0.33315429
T2             0.29020487    0.27982982    0.27982982    0.26126537    0.25509145    0.20835221    0.21347850    0.21411675    0.22480333    0.00000000    0.00804334    0.10597700    0.10597700    0.14233917    0.14233917    0.13744720    0.19344999    0.13727543    0.14785833    0.14983599    0.17263757    0.25816887    0.23530891    0.25545124
T23            0.29302442    0.27941212    0.27941212    0.26089684    0.25474194    0.20804502    0.21317328    0.21379299    0.22447369    0.00804334    0.00000000    0.10586035    0.10586035    0.13997906    0.13997906    0.13510143    0.19550332    0.13711161    0.14765251    0.14964782    0.17242095    0.26400295    0.23202397    0.25203285
T21            0.28768500    0.28346423    0.28346423    0.25043475    0.25647800    0.19573326    0.22064306    0.21489513    0.22036005    0.10597700    0.10586035    0.00000000    0.01210943    0.13680792    0.13680792    0.13196783    0.20291780    0.13431397    0.14470730    0.13916830    0.17201352    0.27581995    0.24866191    0.26602781
T15            0.28114767    0.28665967    0.28665967    0.25043475    0.25647800    0.19573326    0.22354201    0.21776083    0.22036005    0.10597700    0.10586035    0.01210943    0.00000000    0.13431397    0.13431397    0.12949241    0.20015507    0.12936310    0.13963070    0.13418037    0.16411790    0.27581995    0.24866191    0.26602781
T20            0.31837307    0.29557589    0.29557589    0.28310279    0.28310279    0.21722092    0.24062018    0.23530891    0.24630321    0.14233917    0.13997906    0.13680792    0.13431397    0.00000000    0.01419981    0.01212485    0.22410950    0.14377911    0.15169018    0.16639083    0.19507081    0.30672081    0.28140931    0.29964976
T13            0.31837307    0.29883381    0.29883381    0.28628805    0.28628805    0.21722092    0.23466687    0.22939083    0.24029624    0.14233917    0.13997906    0.13680792    0.13431397    0.01419981    0.00000000    0.01008402    0.22984090    0.14883002    0.15684530    0.17164069    0.20058110    0.30338681    0.28140931    0.29964976
T17            0.31202701    0.29272013    0.29272013    0.28028908    0.28028908    0.21178734    0.22615798    0.22093562    0.23171659    0.13744720    0.13510143    0.13196783    0.12949241    0.01212485    0.01008402    0.00000000    0.22433121    0.14391337    0.15186033    0.16394789    0.19254247    0.29721048    0.27543404    0.29351620
T16            0.36082093    0.37621237    0.37621237    0.33494899    0.33153534    0.27434121    0.28628805    0.28310279    0.29883381    0.19344999    0.19550332    0.20291780    0.20015507    0.22410950    0.22984090    0.22433121    0.00000000    0.11710451    0.13418037    0.12424996    0.15109269    0.35593546    0.33323040    0.33023642
T7             0.26832408    0.28912306    0.28912306    0.24744031    0.24744031    0.19023810    0.20639530    0.21437156    0.22269672    0.13727543    0.13711161    0.13431397    0.12936310    0.14377911    0.14883002    0.14391337    0.11710451    0.00000000    0.04334248    0.05185502    0.07598942    0.25647800    0.23085337    0.24177705
T9             0.29430896    0.30295073    0.30295073    0.26327801    0.26327801    0.20745819    0.22415357    0.23234111    0.24095408    0.14785833    0.14765251    0.14470730    0.13963070    0.15169018    0.15684530    0.15186033    0.13418037    0.04334248    0.00000000    0.06727520    0.09438310    0.28784141    0.25780992    0.26293133
T4             0.29286236    0.30252616    0.30252616    0.25921110    0.25921110    0.21231359    0.22036005    0.22269672    0.23113127    0.14983599    0.14964782    0.13916830    0.13418037    0.16639083    0.17164069    0.16394789    0.12424996    0.05185502    0.06727520    0.00000000    0.07169058    0.27399866    0.25375536    0.26502270
T11            0.32477846    0.33813006    0.33813006    0.29883381    0.29557589    0.24329070    0.25545124    0.25780992    0.25746133    0.17263757    0.17242095    0.17201352    0.16411790    0.19507081    0.20058110    0.19254247    0.15109269    0.07598942    0.09438310    0.07169058    0.00000000    0.31457001    0.28028908    0.29196934
T8             0.15784569    0.31838304    0.31838304    0.28987568    0.28987568    0.22269672    0.35834550    0.35101753    0.33968121    0.25816887    0.26400295    0.27581995    0.27581995    0.30672081    0.30338681    0.29721048    0.35593546    0.25647800    0.28784141    0.27399866    0.31457001    0.00000000    0.07394801    0.07825195
T19            0.13294621    0.30007490    0.30007490    0.27227892    0.26914359    0.20717858    0.32130545    0.31443100    0.30717954    0.23530891    0.23202397    0.24866191    0.24866191    0.28140931    0.28140931    0.27543404    0.33323040    0.23085337    0.25780992    0.25375536    0.28028908    0.07394801    0.00000000    0.03274677
T12            0.13744720    0.31457001    0.31457001    0.28628805    0.28628805    0.21489513    0.34797362    0.34077752    0.33315429    0.25545124    0.25203285    0.26602781    0.26602781    0.29964976    0.29964976    0.29351620    0.33023642    0.24177705    0.26293133    0.26502270    0.29196934    0.07825195    0.03274677    0.00000000

