24
T1             0.00000000    0.34472059    0.28122727    0.25910820    0.25639060    0.30264582    0.30653437    0.27726403    0.29793853    0.31764339    0.30363668    0.26732321    0.26071525    0.23746317    0.23546006    0.25834899    0.25950344    0.26812064    0.26578817    0.28328727    0.29643800    0.29692691    0.29265106    0.29028587
T0             0.34472059    0.00000000    0.14634169    0.12997010    0.13013289    0.15468296    0.23155207    0.21733373    0.30744440    0.33793852    0.32707713    0.26345590    0.26537304    0.23390789    0.22543586    0.23895523    0.24950037    0.24881900    0.24646365    0.23981880    0.27602463    0.27008255    0.26795272    0.26381812
T10            0.28122727    0.14634169    0.00000000    0.04114621    0.04330933    0.08984059    0.17170466    0.16109991    0.22543586    0.26486938    0.24650794    0.20114144    0.21215672    0.17930843    0.17152890    0.17383161    0.19885017    0.19559268    0.19606797    0.19241811    0.22337658    0.21788100    0.23019327    0.21501063
T9             0.25910820    0.12997010    0.04114621    0.00000000    0.01417478    0.07434425    0.15268772    0.14221326    0.20473687    0.24311800    0.23097857    0.18057148    0.18904517    0.15708932    0.14952215    0.15655704    0.17342485    0.17026523    0.17073269    0.16983213    0.19433019    0.18904517    0.20090208    0.18628593
T20            0.25639060    0.13013289    0.04330933    0.01417478    0.00000000    0.07217288    0.15769723    0.14204254    0.19657988    0.23449884    0.22254900    0.17809886    0.18655134    0.15468296    0.14713734    0.15414574    0.16562381    0.17317953    0.16829432    0.16738827    0.19461001    0.18931830    0.20114144    0.18655134
T12            0.30264582    0.15468296    0.08984059    0.07434425    0.07217288    0.00000000    0.19433019    0.17495485    0.24753436    0.27881545    0.27210097    0.23351009    0.24295449    0.19937780    0.19128482    0.20419579    0.21135933    0.21360851    0.21425507    0.20729136    0.23952904    0.23387082    0.24915454    0.23387082
T17            0.30653437    0.23155207    0.17170466    0.15268772    0.15769723    0.19433019    0.00000000    0.06520323    0.27305634    0.29978074    0.29175174    0.21557956    0.24181907    0.20191518    0.19433019    0.19559268    0.20247714    0.19910940    0.19405938    0.21557956    0.22722998    0.22168639    0.23390789    0.21587829
T8             0.27726403    0.21733373    0.16109991    0.14221326    0.14204254    0.17495485    0.06520323    0.00000000    0.24829887    0.27962966    0.26970057    0.19559268    0.22076804    0.18238575    0.17495485    0.17912913    0.19103080    0.18781356    0.18282156    0.19559268    0.22690657    0.22137066    0.22780316    0.21270910
T14            0.29793853    0.30744440    0.22543586    0.20473687    0.19657988    0.24753436    0.27305634    0.24829887    0.00000000    0.08773191    0.07388269    0.22234655    0.23541124    0.19771275    0.18740049    0.18628593    0.20692131    0.20692131    0.20117956    0.21716778    0.25038649    0.24460746    0.24829887    0.22937355
T18            0.31764339    0.33793852    0.26486938    0.24311800    0.23449884    0.27881545    0.29978074    0.27962966    0.08773191    0.00000000    0.02650603    0.25255574    0.25368323    0.22690657    0.21618650    0.20649757    0.23651046    0.23052771    0.22461607    0.23512971    0.26263588    0.25678641    0.26071525    0.25368323
T16            0.30363668    0.32707713    0.24650794    0.23097857    0.22254900    0.27210097    0.29175174    0.26970057    0.07388269    0.02650603    0.00000000    0.24012698    0.23811190    0.21501063    0.20446168    0.20067205    0.23018573    0.22429169    0.21846668    0.23480930    0.26223076    0.25639060    0.26036272    0.24716729
T5             0.26732321    0.26345590    0.20114144    0.18057148    0.17809886    0.23351009    0.21557956    0.19559268    0.22234655    0.25255574    0.24012698    0.00000000    0.08973947    0.06487871    0.06051293    0.13921044    0.17639298    0.17049468    0.16296756    0.16782424    0.20371093    0.20404215    0.19885017    0.18655134
T13            0.26071525    0.26537304    0.21215672    0.18904517    0.18655134    0.24295449    0.24181907    0.22076804    0.23541124    0.25368323    0.23811190    0.08973947    0.00000000    0.06744657    0.06305054    0.15728359    0.17722848    0.17394121    0.16369287    0.17563490    0.21493901    0.21529494    0.20985511    0.18960030
T6             0.23746317    0.23390789    0.17930843    0.15708932    0.15468296    0.19937780    0.20191518    0.18238575    0.19771275    0.22690657    0.21501063    0.06487871    0.06744657    0.00000000    0.01210039    0.11513107    0.14340721    0.14041641    0.13066842    0.14221326    0.16611332    0.16637068    0.17208251    0.15791656
T2             0.23546006    0.22543586    0.17152890    0.14952215    0.14713734    0.19128482    0.19433019    0.17495485    0.18740049    0.21618650    0.20446168    0.06051293    0.06305054    0.01210039    0.00000000    0.11043794    0.13848616    0.13552562    0.12584434    0.13480788    0.15838010    0.15862428    0.16435864    0.15030073
T19            0.25834899    0.23895523    0.17383161    0.15655704    0.15414574    0.20419579    0.19559268    0.17912913    0.18628593    0.20649757    0.20067205    0.13921044    0.15728359    0.11513107    0.11043794    0.00000000    0.11080425    0.10815817    0.10362125    0.13699939    0.18434160    0.17912211    0.17454516    0.16562381
T21            0.25950344    0.24950037    0.19885017    0.17342485    0.16562381    0.21135933    0.20247714    0.19103080    0.20692131    0.23651046    0.23018573    0.17639298    0.17722848    0.14340721    0.13848616    0.11080425    0.00000000    0.02653295    0.02450898    0.15335366    0.20509013    0.19968208    0.19994204    0.17449173
T22            0.26812064    0.24881900    0.19559268    0.17026523    0.17317953    0.21360851    0.19910940    0.18781356    0.20692131    0.23052771    0.22429169    0.17049468    0.17394121    0.14041641    0.13552562    0.10815817    0.02653295    0.00000000    0.02444488    0.15814419    0.20151154    0.19614355    0.19657988    0.17666291
T3             0.26578817    0.24646365    0.19606797    0.17073269    0.16829432    0.21425507    0.19405938    0.18282156    0.20117956    0.22461607    0.21846668    0.16296756    0.16369287    0.13066842    0.12584434    0.10362125    0.02450898    0.02444488    0.00000000    0.15335366    0.19647700    0.19114276    0.19154783    0.17176995
T7             0.28328727    0.23981880    0.19241811    0.16983213    0.16738827    0.20729136    0.21557956    0.19559268    0.21716778    0.23512971    0.23480930    0.16782424    0.17563490    0.14221326    0.13480788    0.13699939    0.15335366    0.15814419    0.15335366    0.00000000    0.12815935    0.12335408    0.11754852    0.10414558
T4             0.29643800    0.27602463    0.22337658    0.19433019    0.19461001    0.23952904    0.22722998    0.22690657    0.25038649    0.26263588    0.26223076    0.20371093    0.21493901    0.16611332    0.15838010    0.18434160    0.20509013    0.20151154    0.19647700    0.12815935    0.00000000    0.00401107    0.06282938    0.05885633
T11            0.29692691    0.27008255    0.21788100    0.18904517    0.18931830    0.23387082    0.22168639    0.22137066    0.24460746    0.25678641    0.25639060    0.20404215    0.21529494    0.16637068    0.15862428    0.17912211    0.19968208    0.19614355    0.19114276    0.12335408    0.00401107    0.00000000    0.05846948    0.05450707
T15            0.29265106    0.26795272    0.23019327    0.20090208    0.20114144    0.24915454    0.23390789    0.22780316    0.24829887    0.26071525    0.26036272    0.19885017    0.20985511    0.17208251    0.16435864    0.17454516    0.19994204    0.19657988    0.19154783    0.11754852    0.06282938    0.05846948    0.00000000    0.05846948
T23            0.29028587    0.26381812    0.21501063    0.18628593    0.18655134    0.23387082    0.21587829    0.21270910    0.22937355    0.25368323    0.24716729    0.18655134    0.18960030    0.15791656    0.15030073    0.16562381    0.17449173    0.17666291    0.17176995    0.10414558    0.05885633    0.05450707    0.05846948    0.00000000

