24
T19            0.00000000    0.30786367    0.34350959    0.27958342    0.28886937    0.30358352    0.23278617    0.24252846    0.22787361    0.23312636    0.27487282    0.27765054    0.26979434    0.27004084    0.28238354    0.26453335    0.21843951    0.16053602    0.16053602    0.21938702    0.12500664    0.12300261    0.12300261    0.13047178
T20            0.30786367    0.00000000    0.03492847    0.19882897    0.20983095    0.21730973    0.28044002    0.27800360    0.26893047    0.27763613    0.33237113    0.30647186    0.28438526    0.35516536    0.37555504    0.34545714    0.38116889    0.31659573    0.31659573    0.37800235    0.35516536    0.37930839    0.37930839    0.38315154
T4             0.34350959    0.03492847    0.00000000    0.21730973    0.22859543    0.23625921    0.31434081    0.31184386    0.30229523    0.31141621    0.36303355    0.33486749    0.31184386    0.39333730    0.41493534    0.38309520    0.42109969    0.35264415    0.35264415    0.41372290    0.39333730    0.41927583    0.41927583    0.42338848
T15            0.27958342    0.19882897    0.21730973    0.00000000    0.01212525    0.02234719    0.26652923    0.26103975    0.25522830    0.26377923    0.29739932    0.27598110    0.26103975    0.29900987    0.31859268    0.28760702    0.35804238    0.28238354    0.28238354    0.34407072    0.31141621    0.32745261    0.32745261    0.32051531
T8             0.28886937    0.20983095    0.22859543    0.01212525    0.00000000    0.02233543    0.27559089    0.27004084    0.26415100    0.27281050    0.30692413    0.28519457    0.27004084    0.30188910    0.32153949    0.29044082    0.36484173    0.29170151    0.29170151    0.36174283    0.32108944    0.33748279    0.33748279    0.33042263
T18            0.30358352    0.21730973    0.23625921    0.02234719    0.02233543    0.00000000    0.28682149    0.28118421    0.27521158    0.28399731    0.31184386    0.29328583    0.27170271    0.31184386    0.33187289    0.30603128    0.38116889    0.30314247    0.30314247    0.37800235    0.31941144    0.34599306    0.34599306    0.33888292
T7             0.23278617    0.28044002    0.31434081    0.26652923    0.27559089    0.28682149    0.00000000    0.03277560    0.02238975    0.03069929    0.09726255    0.08772748    0.07434059    0.19882897    0.21555342    0.19101081    0.32502949    0.24519596    0.24519596    0.31278139    0.26893047    0.27083475    0.27083475    0.27401562
T16            0.24252846    0.27800360    0.31184386    0.26103975    0.27004084    0.28118421    0.03277560    0.00000000    0.01414128    0.02234719    0.09018239    0.08079525    0.07206152    0.19377675    0.21040302    0.18876044    0.32262983    0.23383608    0.23383608    0.31386082    0.27679415    0.28133804    0.28133804    0.28460242
T6             0.22787361    0.26893047    0.30229523    0.25522830    0.26415100    0.27521158    0.02238975    0.01414128    0.00000000    0.00804443    0.08124106    0.07196069    0.06333012    0.18576271    0.19655814    0.17808096    0.31278139    0.23120637    0.23120637    0.31096102    0.27004084    0.26891453    0.26891453    0.27210572
T5             0.23312636    0.27763613    0.31141621    0.26377923    0.27281050    0.28399731    0.03069929    0.02234719    0.00804443    0.00000000    0.09031212    0.08089611    0.07216925    0.19352472    0.20726741    0.18850582    0.32208327    0.23647546    0.23647546    0.31677215    0.27559089    0.27443885    0.27443885    0.27765054
T2             0.27487282    0.33237113    0.36303355    0.29739932    0.30692413    0.31184386    0.09726255    0.09018239    0.08124106    0.09031212    0.00000000    0.06492798    0.05413439    0.22950128    0.24713120    0.22134243    0.37436821    0.28837586    0.28837586    0.36501641    0.31319818    0.30884975    0.30884975    0.31914889
T13            0.27765054    0.30647186    0.33486749    0.27598110    0.28519457    0.29328583    0.08772748    0.08079525    0.07196069    0.08089611    0.06492798    0.00000000    0.03277560    0.21585133    0.23015413    0.19710500    0.35497015    0.28133804    0.28133804    0.36433543    0.30271303    0.30835090    0.30835090    0.31174865
T1             0.26979434    0.28438526    0.31184386    0.26103975    0.27004084    0.27170271    0.07434059    0.07206152    0.06333012    0.07216925    0.05413439    0.03277560    0.00000000    0.20216799    0.21906169    0.19430791    0.36124559    0.27347235    0.27347235    0.34835204    0.29127001    0.29686951    0.29686951    0.30022170
T10            0.27004084    0.35516536    0.39333730    0.29900987    0.30188910    0.31184386    0.19882897    0.19377675    0.18576271    0.19352472    0.22950128    0.21585133    0.20216799    0.00000000    0.03289630    0.04343938    0.36174283    0.29402726    0.29402726    0.35252386    0.29574605    0.30210014    0.30210014    0.30546351
T3             0.28238354    0.37555504    0.41493534    0.31859268    0.32153949    0.33187289    0.21555342    0.21040302    0.19655814    0.20726741    0.24713120    0.23015413    0.21906169    0.03289630    0.00000000    0.05206872    0.36858385    0.30699456    0.30699456    0.35314980    0.31520683    0.31861451    0.31861451    0.32208327
T23            0.26453335    0.34545714    0.38309520    0.28760702    0.29044082    0.30603128    0.19101081    0.18876044    0.17808096    0.18850582    0.22134243    0.19710500    0.19430791    0.04343938    0.05206872    0.00000000    0.36547100    0.29402726    0.29402726    0.34886403    0.29004317    0.30308637    0.30308637    0.30647271
T11            0.21843951    0.38116889    0.42109969    0.35804238    0.36484173    0.38116889    0.32502949    0.32262983    0.31278139    0.32208327    0.37436821    0.35497015    0.36124559    0.36174283    0.36858385    0.36547100    0.00000000    0.14712591    0.14712591    0.21938702    0.28760702    0.27679415    0.27679415    0.28000574
T17            0.16053602    0.31659573    0.35264415    0.28238354    0.29170151    0.30314247    0.24519596    0.23383608    0.23120637    0.23647546    0.28837586    0.28133804    0.27347235    0.29402726    0.30699456    0.29402726    0.14712591    0.00000000    0.00000000    0.12996110    0.20391764    0.20245280    0.20245280    0.20528969
T14            0.16053602    0.31659573    0.35264415    0.28238354    0.29170151    0.30314247    0.24519596    0.23383608    0.23120637    0.23647546    0.28837586    0.28133804    0.27347235    0.29402726    0.30699456    0.29402726    0.14712591    0.00000000    0.00000000    0.12996110    0.20391764    0.20245280    0.20245280    0.20528969
T9             0.21938702    0.37800235    0.41372290    0.34407072    0.36174283    0.37800235    0.31278139    0.31386082    0.31096102    0.31677215    0.36501641    0.36433543    0.34835204    0.35252386    0.35314980    0.34886403    0.21938702    0.12996110    0.12996110    0.00000000    0.25725344    0.25986638    0.25986638    0.26300729
T12            0.12500664    0.35516536    0.39333730    0.31141621    0.32108944    0.31941144    0.26893047    0.27679415    0.27004084    0.27559089    0.31319818    0.30271303    0.29127001    0.29574605    0.31520683    0.29004317    0.28760702    0.20391764    0.20391764    0.25725344    0.00000000    0.09419841    0.09419841    0.09653613
T22            0.12300261    0.37930839    0.41927583    0.32745261    0.33748279    0.34599306    0.27083475    0.28133804    0.26891453    0.27443885    0.30884975    0.30835090    0.29686951    0.30210014    0.31861451    0.30308637    0.27679415    0.20245280    0.20245280    0.25986638    0.09419841    0.00000000    0.00000000    0.01007291
T0             0.12300261    0.37930839    0.41927583    0.32745261    0.33748279    0.34599306    0.27083475    0.28133804    0.26891453    0.27443885    0.30884975    0.30835090    0.29686951    0.30210014    0.31861451    0.30308637    0.27679415    0.20245280    0.20245280    0.25986638    0.09419841    0.00000000    0.00000000    0.01007291
T21            0.13047178    0.38315154    0.42338848    0.32051531    0.33042263    0.33888292    0.27401562    0.28460242    0.27210572    0.27765054    0.31914889    0.31174865    0.30022170    0.30546351    0.32208327    0.30647271    0.28000574    0.20528969    0.20528969    0.26300729    0.09653613    0.01007291    0.01007291    0.00000000

