24
T20            0.00000000    0.30154394    0.32632771    0.29963846    0.29678552    0.27160375    0.26526667    0.30278587    0.27989890    0.26294265    0.26610118    0.31268760    0.34091060    0.34091060    0.30489316    0.30350686    0.29111301    0.29830821    0.22001952    0.23491772    0.22890492    0.13982510    0.15705809    0.12009084
T17            0.30154394    0.00000000    0.03481387    0.12704626    0.20364166    0.17380161    0.17413795    0.18823267    0.17986086    0.15879183    0.16137729    0.20040672    0.23770604    0.23770604    0.21677117    0.20364166    0.18677231    0.19237764    0.31456986    0.32843300    0.32493091    0.31116347    0.36471791    0.29582640
T1             0.32632771    0.03481387    0.00000000    0.13631464    0.23038521    0.19945261    0.19980600    0.21727587    0.20853698    0.17861615    0.18126325    0.21089496    0.26027431    0.26027431    0.23862464    0.21701870    0.19980600    0.20552583    0.33383990    0.35179291    0.34815023    0.34340476    0.38421738    0.32042501
T18            0.29963846    0.12704626    0.13631464    0.00000000    0.19786114    0.17892702    0.17396536    0.19073887    0.17698069    0.16381383    0.16641954    0.19554692    0.22977844    0.22977844    0.20952562    0.19601863    0.16871281    0.17413795    0.30250262    0.31612935    0.31268760    0.29915334    0.34571349    0.27118209
T21            0.29678552    0.20364166    0.23038521    0.19786114    0.00000000    0.08308973    0.08099808    0.09073451    0.08123417    0.06528237    0.06753020    0.19679447    0.23010822    0.23010822    0.22652297    0.19455334    0.17045334    0.17559138    0.30537812    0.32252916    0.31905143    0.29206973    0.33330719    0.27394960
T9             0.27160375    0.17380161    0.19945261    0.17892702    0.08308973    0.00000000    0.01823245    0.07216380    0.06528237    0.04549528    0.04765547    0.17491620    0.20696099    0.20696099    0.19532479    0.17267476    0.14693511    0.15188696    0.28554640    0.30201758    0.29206973    0.26409356    0.31358892    0.25590952
T22            0.26526667    0.17413795    0.19980600    0.17396536    0.08099808    0.01823245    0.00000000    0.07011513    0.06322514    0.04343782    0.04559804    0.17000622    0.20467881    0.20467881    0.19302126    0.16513038    0.13965397    0.14455702    0.27672778    0.29298444    0.28969044    0.26409356    0.31020570    0.24976757
T14            0.30278587    0.18823267    0.21727587    0.19073887    0.09073451    0.07216380    0.07011513    0.00000000    0.02447286    0.05459504    0.05681789    0.18153867    0.21709256    0.21709256    0.20213385    0.17389272    0.15308691    0.15810564    0.30797481    0.32542678    0.32188718    0.29444006    0.33252897    0.27941372
T13            0.27989890    0.17986086    0.20853698    0.17698069    0.08123417    0.06528237    0.06322514    0.02447286    0.00000000    0.04790623    0.05009491    0.17313628    0.21385704    0.21385704    0.19349586    0.17363205    0.14768167    0.15265409    0.29728190    0.31431637    0.30402602    0.28406126    0.32493091    0.26927984
T4             0.26294265    0.15879183    0.17861615    0.16381383    0.06528237    0.04549528    0.04343782    0.05459504    0.04790623    0.00000000    0.00200402    0.15986363    0.19959800    0.19959800    0.17986086    0.14729210    0.12746549    0.13228318    0.26801360    0.28406126    0.28081015    0.25553723    0.30108171    0.24137597
T19            0.26610118    0.16137729    0.18126325    0.16641954    0.06753020    0.04765547    0.04559804    0.05681789    0.05009491    0.00200402    0.00000000    0.16249005    0.19679447    0.19679447    0.18255820    0.14986436    0.12994815    0.13478450    0.27118209    0.28733371    0.28406126    0.25862718    0.30441970    0.24440041
T23            0.31268760    0.20040672    0.21089496    0.19554692    0.19679447    0.17491620    0.17000622    0.18153867    0.17313628    0.15986363    0.16249005    0.00000000    0.19959800    0.19959800    0.19073887    0.17963095    0.15244996    0.15525998    0.31559780    0.32955822    0.32603130    0.31559780    0.35119562    0.29015357
T11            0.34091060    0.23770604    0.26027431    0.22977844    0.23010822    0.20696099    0.20467881    0.21709256    0.21385704    0.19959800    0.19679447    0.19959800    0.00000000    0.00401613    0.11122003    0.21451761    0.19959800    0.20555354    0.34652631    0.36536258    0.36153797    0.32015040    0.36867216    0.30116152
T16            0.34091060    0.23770604    0.26027431    0.22977844    0.23010822    0.20696099    0.20467881    0.21709256    0.21385704    0.19959800    0.19679447    0.19959800    0.00401613    0.00000000    0.11122003    0.21451761    0.19959800    0.20555354    0.34652631    0.36536258    0.36153797    0.32015040    0.36867216    0.30116152
T3             0.30489316    0.21677117    0.23862464    0.20952562    0.22652297    0.19532479    0.19302126    0.20213385    0.19349586    0.17986086    0.18255820    0.19073887    0.11122003    0.11122003    0.00000000    0.19679447    0.18527020    0.19098208    0.30638246    0.31667262    0.30638246    0.30201758    0.35732465    0.28923837
T0             0.30350686    0.20364166    0.21701870    0.19601863    0.19455334    0.17267476    0.16513038    0.17389272    0.17363205    0.14729210    0.14986436    0.17963095    0.21451761    0.21451761    0.19679447    0.00000000    0.06511904    0.06969293    0.32015040    0.32365261    0.32717959    0.29630035    0.32735612    0.28126298
T6             0.29111301    0.18677231    0.19980600    0.16871281    0.17045334    0.14693511    0.13965397    0.15308691    0.14768167    0.12746549    0.12994815    0.15244996    0.19959800    0.19959800    0.18527020    0.06511904    0.00000000    0.00805157    0.29630035    0.29963846    0.30299906    0.27672778    0.30684528    0.26212807
T10            0.29830821    0.19237764    0.20552583    0.17413795    0.17559138    0.15188696    0.14455702    0.15810564    0.15265409    0.13228318    0.13478450    0.15525998    0.20555354    0.20555354    0.19098208    0.06969293    0.00805157    0.00000000    0.30013487    0.30350686    0.30690181    0.28360867    0.30730693    0.26884723
T5             0.22001952    0.31456986    0.33383990    0.30250262    0.30537812    0.28554640    0.27672778    0.30797481    0.29728190    0.26801360    0.27118209    0.31559780    0.34652631    0.34652631    0.30638246    0.32015040    0.29630035    0.30013487    0.00000000    0.01626230    0.01833289    0.21097243    0.23907314    0.18153867
T7             0.23491772    0.32843300    0.35179291    0.31612935    0.32252916    0.30201758    0.29298444    0.32542678    0.31431637    0.28406126    0.28733371    0.32955822    0.36536258    0.36536258    0.31667262    0.32365261    0.29963846    0.30350686    0.01626230    0.00000000    0.01420028    0.22556531    0.24820218    0.19544045
T15            0.22890492    0.32493091    0.34815023    0.31268760    0.31905143    0.29206973    0.28969044    0.32188718    0.30402602    0.28081015    0.28406126    0.32603130    0.36153797    0.36153797    0.30638246    0.32717959    0.30299906    0.30690181    0.01833289    0.01420028    0.00000000    0.22261237    0.24209762    0.19262892
T8             0.13982510    0.31116347    0.34340476    0.29915334    0.29206973    0.26409356    0.26409356    0.29444006    0.28406126    0.25553723    0.25862718    0.31559780    0.32015040    0.32015040    0.30201758    0.29630035    0.27672778    0.28360867    0.21097243    0.22556531    0.22261237    0.00000000    0.10587282    0.06938101
T12            0.15705809    0.36471791    0.38421738    0.34571349    0.33330719    0.31358892    0.31020570    0.33252897    0.32493091    0.30108171    0.30441970    0.35119562    0.36867216    0.36867216    0.35732465    0.32735612    0.30684528    0.30730693    0.23907314    0.24820218    0.24209762    0.10587282    0.00000000    0.10360820
T2             0.12009084    0.29582640    0.32042501    0.27118209    0.27394960    0.25590952    0.24976757    0.27941372    0.26927984    0.24137597    0.24440041    0.29015357    0.30116152    0.30116152    0.28923837    0.28126298    0.26212807    0.26884723    0.18153867    0.19544045    0.19262892    0.06938101    0.10360820    0.00000000

