24
T4             0.00000000    0.48691868    0.46710990    0.46529423    0.44354447    0.45477927    0.44698191    0.45826776    0.45657740    0.45567011    0.47515490    0.43084386    0.43084386    0.42590212    0.46545940    0.49520360    0.48268271    0.43378108    0.46025276    0.46222849    0.45024220    0.44977897    0.44287799    0.45918360
T18            0.48691868    0.00000000    0.02866679    0.06061348    0.04549613    0.04541956    0.16493065    0.16716132    0.16209764    0.15967639    0.16960643    0.17002084    0.17002084    0.16757872    0.14987628    0.26580009    0.23741710    0.20575794    0.21939565    0.27636006    0.26413107    0.22305156    0.22829927    0.19512675
T20            0.46710990    0.02866679    0.00000000    0.04765647    0.03492814    0.03485806    0.14987628    0.15207756    0.14712011    0.14474367    0.15447696    0.15485890    0.15485890    0.15246255    0.13513526    0.23947644    0.21497351    0.18715773    0.20042238    0.25557321    0.24373216    0.20671879    0.21185998    0.17414930
T23            0.46529423    0.06061348    0.04765647    0.00000000    0.04124230    0.04117101    0.15726350    0.15948433    0.15447696    0.15207756    0.16190716    0.15967639    0.15967639    0.15987685    0.13479343    0.24782733    0.22595388    0.20001066    0.21350217    0.26650934    0.25451415    0.21989955    0.22513329    0.17947340
T10            0.44354447    0.04549613    0.03492814    0.04124230    0.00000000    0.02029458    0.14237530    0.14456701    0.13966341    0.13730792    0.14439849    0.15246255    0.15246255    0.15007437    0.13028891    0.24275374    0.21525220    0.19239172    0.20575794    0.25214696    0.24039753    0.20646448    0.21160848    0.17966991
T15            0.45477927    0.04541956    0.03485806    0.04117101    0.02029458    0.00000000    0.14456701    0.14677820    0.14186489    0.13949972    0.15172568    0.15466378    0.15466378    0.15226592    0.13245219    0.24513251    0.21756502    0.19200675    0.20533419    0.25757695    0.24575205    0.21160848    0.21679034    0.17662379
T11            0.44698191    0.16493065    0.14987628    0.15726350    0.14237530    0.14456701    0.00000000    0.01007289    0.00602724    0.00401615    0.01824835    0.15266740    0.15266740    0.15549391    0.13550877    0.24844448    0.22072803    0.21160848    0.21395418    0.24813075    0.23652262    0.21756502    0.22277669    0.19259801
T0             0.45826776    0.16716132    0.15207756    0.15948433    0.14456701    0.14677820    0.01007289    0.00000000    0.00804337    0.00602416    0.02028078    0.15485890    0.15485890    0.15767573    0.13766256    0.24483812    0.22016605    0.21679034    0.22201066    0.25354875    0.24186674    0.22277669    0.22802709    0.20319544
T9             0.45657740    0.16209764    0.14712011    0.15447696    0.13966341    0.14186489    0.00602724    0.00804337    0.00000000    0.00200301    0.01617901    0.14987628    0.14987628    0.15266740    0.13279714    0.24215221    0.21470433    0.20855433    0.21372335    0.24483812    0.23331682    0.21444470    0.21964274    0.19787688
T6             0.45567011    0.15967639    0.14474367    0.15207756    0.13730792    0.13949972    0.00401615    0.00602416    0.00200301    0.00000000    0.01414124    0.14749477    0.14749477    0.15028063    0.13046683    0.24244788    0.21497351    0.20878831    0.21395418    0.24513251    0.23358620    0.21470433    0.21989955    0.19534060
T7             0.47515490    0.16960643    0.15447696    0.16190716    0.14439849    0.15172568    0.01824835    0.02028078    0.01617901    0.01414124    0.00000000    0.15726350    0.15726350    0.16008571    0.14001495    0.25658345    0.22858132    0.22802709    0.23040618    0.26546154    0.25354875    0.23415502    0.23947644    0.20855433
T13            0.43084386    0.17002084    0.15485890    0.15967639    0.15246255    0.15466378    0.15266740    0.15485890    0.14987628    0.14749477    0.15726350    0.00000000    0.00000000    0.01822302    0.06067517    0.25180335    0.24176627    0.23150920    0.24275374    0.26926965    0.26339876    0.23773529    0.24008042    0.21239146
T14            0.43084386    0.17002084    0.15485890    0.15967639    0.15246255    0.15466378    0.15266740    0.15485890    0.14987628    0.14749477    0.15726350    0.00000000    0.00000000    0.01822302    0.06067517    0.25180335    0.24176627    0.23150920    0.24275374    0.26926965    0.26339876    0.23773529    0.24008042    0.21239146
T5             0.42590212    0.16757872    0.15246255    0.15987685    0.15007437    0.15226592    0.15549391    0.15767573    0.15266740    0.15028063    0.16008571    0.01822302    0.01822302    0.00000000    0.06074370    0.24844448    0.24747918    0.23180976    0.24306976    0.26726126    0.26139264    0.23212018    0.23445439    0.21267138
T21            0.46545940    0.14987628    0.13513526    0.13479343    0.13028891    0.13245219    0.13550877    0.13766256    0.13279714    0.13046683    0.14001495    0.06067517    0.06067517    0.06074370    0.00000000    0.23741710    0.22457113    0.20954705    0.22624698    0.25214696    0.24641244    0.22718461    0.23244044    0.19376633
T19            0.49520360    0.26580009    0.23947644    0.24782733    0.24275374    0.24513251    0.24844448    0.24483812    0.24215221    0.24244788    0.25658345    0.25180335    0.25180335    0.24844448    0.23741710    0.00000000    0.15429849    0.23015537    0.23839028    0.28642322    0.28041859    0.22751245    0.22417719    0.23947644
T17            0.48268271    0.23741710    0.21497351    0.22595388    0.21525220    0.21756502    0.22072803    0.22016605    0.21470433    0.21497351    0.22858132    0.24176627    0.24176627    0.24747918    0.22457113    0.15429849    0.00000000    0.21212099    0.21444470    0.26413107    0.25829164    0.21525220    0.22624698    0.20698245
T3             0.43378108    0.20575794    0.18715773    0.20001066    0.19239172    0.19200675    0.21160848    0.21679034    0.20855433    0.20878831    0.22802709    0.23150920    0.23150920    0.23180976    0.20954705    0.23015537    0.21212099    0.00000000    0.04334512    0.10599539    0.09663643    0.07162571    0.07374390    0.13384938
T22            0.46025276    0.21939565    0.20042238    0.21350217    0.20575794    0.20533419    0.21395418    0.22201066    0.21372335    0.21395418    0.23040618    0.24275374    0.24275374    0.24306976    0.22624698    0.23839028    0.21444470    0.04334512    0.00000000    0.11079445    0.10135595    0.08053382    0.08267007    0.13880305
T2             0.46222849    0.27636006    0.25557321    0.26650934    0.25214696    0.25757695    0.24813075    0.25354875    0.24483812    0.24513251    0.26546154    0.26926965    0.26926965    0.26726126    0.25214696    0.28642322    0.26413107    0.10599539    0.11079445    0.00000000    0.00805161    0.09663643    0.09663643    0.19007838
T16            0.45024220    0.26413107    0.24373216    0.25451415    0.24039753    0.24575205    0.23652262    0.24186674    0.23331682    0.23358620    0.25354875    0.26339876    0.26339876    0.26139264    0.24641244    0.28041859    0.25829164    0.09663643    0.10135595    0.00805161    0.00000000    0.08741757    0.08741757    0.17947340
T1             0.44977897    0.22305156    0.20671879    0.21989955    0.20646448    0.21160848    0.21756502    0.22277669    0.21444470    0.21470433    0.23415502    0.23773529    0.23773529    0.23212018    0.22718461    0.22751245    0.21525220    0.07162571    0.08053382    0.09663643    0.08741757    0.00000000    0.03483278    0.14142777
T8             0.44287799    0.22829927    0.21185998    0.22513329    0.21160848    0.21679034    0.22277669    0.22802709    0.21964274    0.21989955    0.23947644    0.24008042    0.24008042    0.23445439    0.23244044    0.22417719    0.22624698    0.07374390    0.08267007    0.09663643    0.08741757    0.03483278    0.00000000    0.15126043
T12            0.45918360    0.19512675    0.17414930    0.17947340    0.17966991    0.17662379    0.19259801    0.20319544    0.19787688    0.19534060    0.20855433    0.21239146    0.21239146    0.21267138    0.19376633    0.23947644    0.20698245    0.13384938    0.13880305    0.19007838    0.17947340    0.14142777    0.15126043    0.00000000

