24
T20            0.00000000    0.23831967    0.25661343    0.23437440    0.23173044    0.23302138    0.25855780    0.24330653    0.26261136    0.24737846    0.20491812    0.27152324    0.28308113    0.26014142    0.30586272    0.29521546    0.29680856    0.29313432    0.28632948    0.29154033    0.25137839    0.25782787    0.26294832    0.25818766
T13            0.23831967    0.00000000    0.18026516    0.15634949    0.16430234    0.13711618    0.15703487    0.14644276    0.17130742    0.13711618    0.20384776    0.25893826    0.27346092    0.25932904    0.28242966    0.29128099    0.28951366    0.28276974    0.27368279    0.26780155    0.24178913    0.25105796    0.25922568    0.24535194
T3             0.25661343    0.18026516    0.00000000    0.03919097    0.04355524    0.11821330    0.15003895    0.13476729    0.15409753    0.13528834    0.21929193    0.28771388    0.28959910    0.28490596    0.28706341    0.29274094    0.29438219    0.28989657    0.28308113    0.28265207    0.23702821    0.24631976    0.25441911    0.22940545
T15            0.23437440    0.15634949    0.03919097    0.00000000    0.02028041    0.09185925    0.11982744    0.10547035    0.13137271    0.10813469    0.19070402    0.26166474    0.26677052    0.25893826    0.26472341    0.27026401    0.27157694    0.26748831    0.25441911    0.25408944    0.20806210    0.21672879    0.22457204    0.20336799
T0             0.23173044    0.16430234    0.04355524    0.02028041    0.00000000    0.09897705    0.12977877    0.11510531    0.13641553    0.11548000    0.18819833    0.25893826    0.26402250    0.25622208    0.26503792    0.26748831    0.26880592    0.26780155    0.25170911    0.25137839    0.20592837    0.21463951    0.22244494    0.20129955
T16            0.23302138    0.13711618    0.11821330    0.09185925    0.09897705    0.00000000    0.05441068    0.04133703    0.06282150    0.08771327    0.18371488    0.24507502    0.25006554    0.24240852    0.25954265    0.27123244    0.27267514    0.26294832    0.26714887    0.26128495    0.21490667    0.22385702    0.23173044    0.21260305
T17            0.25855780    0.15703487    0.15003895    0.11982744    0.12977877    0.05441068    0.00000000    0.03284753    0.09662379    0.12051103    0.21606967    0.29053268    0.30240146    0.28117451    0.30876159    0.30462254    0.30964558    0.30586272    0.30720743    0.30098625    0.25170911    0.26128495    0.26952910    0.24935127
T12            0.24330653    0.14644276    0.13476729    0.10547035    0.11510531    0.04133703    0.03284753    0.00000000    0.08273236    0.10837245    0.20181893    0.27749610    0.28914883    0.26205491    0.29235889    0.29484575    0.29967348    0.28312098    0.29395497    0.28786431    0.23969197    0.24900936    0.25713942    0.23733406
T8             0.26261136    0.17130742    0.15409753    0.13137271    0.13641553    0.06282150    0.09662379    0.08273236    0.00000000    0.12949579    0.21438184    0.27824422    0.29069607    0.28182667    0.29484575    0.29735764    0.30134230    0.28559556    0.30543768    0.29598921    0.24394276    0.25316272    0.26136970    0.24151606
T10            0.24737846    0.13711618    0.13528834    0.10813469    0.11548000    0.08771327    0.12051103    0.10837245    0.12949579    0.00000000    0.18646296    0.25121270    0.25622208    0.24852742    0.27507826    0.28385682    0.28546126    0.26916216    0.27664712    0.27069377    0.22647183    0.23566137    0.24364024    0.23005288
T21            0.20491812    0.20384776    0.21929193    0.19070402    0.18819833    0.18371488    0.21606967    0.20181893    0.21438184    0.18646296    0.00000000    0.13801639    0.13745250    0.12811654    0.16918974    0.15364111    0.15426641    0.15123332    0.21260305    0.21289026    0.18321350    0.18620036    0.19370964    0.18646296
T14            0.27152324    0.25893826    0.28771388    0.26166474    0.25893826    0.24507502    0.29053268    0.27749610    0.27824422    0.25121270    0.13801639    0.00000000    0.05867231    0.06128818    0.16225808    0.14898134    0.15482284    0.15983870    0.25006554    0.24737846    0.25043785    0.25082024    0.26205491    0.24813444
T5             0.28308113    0.27346092    0.28959910    0.26677052    0.26402250    0.25006554    0.30240146    0.28914883    0.29069607    0.25622208    0.13745250    0.05867231    0.00000000    0.06772548    0.16169077    0.16656445    0.16732503    0.16187143    0.26677052    0.26402250    0.25547006    0.25893826    0.26714887    0.25622208
T6             0.26014142    0.25932904    0.28490596    0.25893826    0.25622208    0.24240852    0.28117451    0.26205491    0.28182667    0.24852742    0.12811654    0.06128818    0.06772548    0.00000000    0.16246402    0.15426641    0.15502484    0.14965365    0.24131531    0.25006554    0.24775144    0.25121270    0.25932904    0.24852742
T7             0.30586272    0.28242966    0.28706341    0.26472341    0.26503792    0.25954265    0.30876159    0.29235889    0.29484575    0.27507826    0.16918974    0.16225808    0.16169077    0.16246402    0.00000000    0.05827783    0.05182007    0.08280931    0.26166413    0.25588784    0.24100059    0.25015862    0.24935285    0.23564893
T11            0.29521546    0.29128099    0.29274094    0.27026401    0.26748831    0.27123244    0.30462254    0.29484575    0.29735764    0.28385682    0.15364111    0.14898134    0.16656445    0.15426641    0.05827783    0.00000000    0.02233491    0.07825300    0.24910520    0.24935285    0.23516774    0.23831967    0.24345112    0.23857388
T9             0.29680856    0.28951366    0.29438219    0.27157694    0.26880592    0.27267514    0.30964558    0.29967348    0.30134230    0.28546126    0.15426641    0.15482284    0.16732503    0.15502484    0.05182007    0.02233491    0.00000000    0.07599034    0.25015862    0.25044804    0.23617054    0.23939732    0.24447568    0.23673232
T4             0.29313432    0.28276974    0.28989657    0.26748831    0.26780155    0.26294832    0.30586272    0.28312098    0.28559556    0.26916216    0.15123332    0.15983870    0.16187143    0.14965365    0.08280931    0.07825300    0.07599034    0.00000000    0.25532514    0.24664261    0.22148993    0.23033762    0.22962105    0.22769690
T23            0.28632948    0.27368279    0.28308113    0.25441911    0.25170911    0.26714887    0.30720743    0.29395497    0.30543768    0.27664712    0.21260305    0.25006554    0.26677052    0.24131531    0.26166413    0.24910520    0.25015862    0.25532514    0.00000000    0.01824791    0.23617054    0.23644642    0.25346121    0.24566440
T18            0.29154033    0.26780155    0.28265207    0.25408944    0.25137839    0.26128495    0.30098625    0.28786431    0.29598921    0.27069377    0.21289026    0.24737846    0.26402250    0.25006554    0.25588784    0.24935285    0.25044804    0.24664261    0.01824791    0.00000000    0.23351285    0.23379011    0.25074783    0.24298286
T1             0.25137839    0.24178913    0.23702821    0.20806210    0.20592837    0.21490667    0.25170911    0.23969197    0.24394276    0.22647183    0.18321350    0.25043785    0.25547006    0.24775144    0.24100059    0.23516774    0.23617054    0.22148993    0.23617054    0.23351285    0.00000000    0.02031408    0.03066868    0.04541747
T22            0.25782787    0.25105796    0.24631976    0.21672879    0.21463951    0.22385702    0.26128495    0.24900936    0.25316272    0.23566137    0.18620036    0.25082024    0.25893826    0.25121270    0.25015862    0.23831967    0.23939732    0.23033762    0.23644642    0.23379011    0.02031408    0.00000000    0.03919097    0.04977211
T19            0.26294832    0.25922568    0.25441911    0.22457204    0.22244494    0.23173044    0.26952910    0.25713942    0.26136970    0.24364024    0.19370964    0.26205491    0.26714887    0.25932904    0.24935285    0.24345112    0.24447568    0.22962105    0.25346121    0.25074783    0.03066868    0.03919097    0.00000000    0.06055448
T2             0.25818766    0.24535194    0.22940545    0.20336799    0.20129955    0.21260305    0.24935127    0.23733406    0.24151606    0.23005288    0.18646296    0.24813444    0.25622208    0.24852742    0.23564893    0.23857388    0.23673232    0.22769690    0.24566440    0.24298286    0.04541747    0.04977211    0.06055448    0.00000000

