24
T1             0.00000000    0.35195053    0.34336592    0.37349725    0.36970328    0.34870614    0.35362728    0.33846869    0.33846869    0.25244626    0.27868415    0.28229103    0.25787358    0.28834095    0.29160187    0.18299831    0.20439281    0.22273909    0.22825983    0.19829948    0.17450035    0.18733330    0.19236629    0.11250757
T16            0.35195053    0.00000000    0.11765258    0.14899397    0.14645476    0.13918320    0.14645476    0.11092106    0.11092106    0.27512898    0.29891410    0.28635962    0.28317174    0.29489972    0.31382288    0.33734162    0.35249654    0.34429048    0.35448633    0.34282047    0.34228762    0.35141744    0.35396625    0.30429071
T15            0.34336592    0.11765258    0.00000000    0.04117006    0.03904219    0.03064641    0.04117006    0.08539784    0.08539784    0.26957895    0.28035766    0.28148467    0.27829670    0.28429613    0.29645275    0.32089947    0.32876617    0.33926960    0.34944030    0.34265307    0.33734162    0.34639679    0.34889446    0.29279714
T9             0.37349725    0.14899397    0.04117006    0.00000000    0.00200402    0.01821970    0.02854230    0.11562920    0.11562920    0.31308447    0.32438281    0.31893944    0.31554556    0.32629304    0.34282047    0.35849149    0.36406086    0.37029387    0.38866447    0.38434337    0.37596960    0.38547018    0.38800542    0.32235656
T23            0.36970328    0.14645476    0.03904219    0.00200402    0.00000000    0.01617466    0.02646319    0.11320107    0.11320107    0.30971347    0.32097743    0.31554556    0.31217461    0.32284042    0.33926960    0.35480953    0.36036535    0.37404488    0.39254681    0.38824104    0.37217570    0.38163260    0.38416791    0.31893944
T5             0.34870614    0.13918320    0.03064641    0.01821970    0.01617466    0.00000000    0.01413382    0.10837999    0.10837999    0.29075463    0.30179235    0.29645275    0.29973503    0.30347776    0.31941152    0.33434800    0.33980234    0.35669702    0.37090774    0.36658999    0.35115455    0.36036535    0.36287540    0.29973503
T13            0.35362728    0.14645476    0.04117006    0.02854230    0.02646319    0.01413382    0.00000000    0.11535568    0.11535568    0.30550030    0.31675914    0.31131206    0.31466033    0.31847933    0.33474069    0.34639679    0.35556564    0.36174282    0.37597881    0.37912287    0.35977969    0.37658032    0.37914185    0.30468219
T11            0.33846869    0.11092106    0.08539784    0.11562920    0.11320107    0.10837999    0.11535568    0.00000000    0.00000000    0.25860602    0.26232795    0.26334235    0.26645091    0.25991387    0.27476250    0.33010217    0.34870614    0.32384424    0.34090526    0.34025186    0.33249200    0.33434800    0.33679664    0.29444424
T17            0.33846869    0.11092106    0.08539784    0.11562920    0.11320107    0.10837999    0.11535568    0.00000000    0.00000000    0.25860602    0.26232795    0.26334235    0.26645091    0.25991387    0.27476250    0.33010217    0.34870614    0.32384424    0.34090526    0.34025186    0.33249200    0.33434800    0.33679664    0.29444424
T12            0.25244626    0.27512898    0.26957895    0.31308447    0.30971347    0.29075463    0.30550030    0.25860602    0.25860602    0.00000000    0.07587715    0.07368404    0.12036863    0.16227548    0.16227548    0.21292207    0.22591360    0.24905158    0.27034744    0.24207898    0.22681832    0.23176628    0.23117755    0.21208579
T19            0.27868415    0.29891410    0.28035766    0.32438281    0.32097743    0.30179235    0.31675914    0.26232795    0.26232795    0.07587715    0.00000000    0.08039276    0.13260590    0.18254810    0.17985107    0.23239435    0.23676779    0.27198124    0.28834095    0.26171467    0.24905158    0.26025305    0.26265547    0.22798881
T22            0.28229103    0.28635962    0.28148467    0.31893944    0.31554556    0.29645275    0.31131206    0.26334235    0.26334235    0.07368404    0.08039276    0.00000000    0.12282665    0.17469930    0.17469930    0.23801524    0.24839605    0.26995786    0.28552032    0.26524417    0.24939466    0.26681996    0.26921074    0.23117755
T0             0.25787358    0.28317174    0.27829670    0.31554556    0.31217461    0.29973503    0.31466033    0.26645091    0.26645091    0.12036863    0.13260590    0.12282665    0.00000000    0.16713982    0.15669009    0.21521443    0.22535908    0.24539048    0.24508713    0.22944202    0.20668527    0.22247509    0.22484371    0.20316623
T3             0.28834095    0.29489972    0.28429613    0.32629304    0.32284042    0.30347776    0.31847933    0.25991387    0.25991387    0.16227548    0.18254810    0.17469930    0.16713982    0.00000000    0.05626636    0.23768844    0.24508713    0.25048624    0.26540765    0.24334691    0.24905158    0.25109829    0.25350083    0.22798881
T6             0.29160187    0.31382288    0.29645275    0.34282047    0.33926960    0.31941152    0.33474069    0.27476250    0.27476250    0.16227548    0.17985107    0.17469930    0.15669009    0.05626636    0.00000000    0.25280891    0.26334235    0.25958522    0.27234860    0.25860602    0.24905158    0.24508713    0.24748976    0.23972878
T10            0.18299831    0.33734162    0.32089947    0.35849149    0.35480953    0.33434800    0.34639679    0.33010217    0.33010217    0.21292207    0.23239435    0.23801524    0.21521443    0.23768844    0.25280891    0.00000000    0.05425903    0.20721972    0.19853845    0.17512331    0.15464476    0.16450679    0.17203822    0.14931471
T8             0.20439281    0.35249654    0.32876617    0.36406086    0.36036535    0.33980234    0.35556564    0.34870614    0.34870614    0.22591360    0.23676779    0.24839605    0.22535908    0.24508713    0.26334235    0.05425903    0.00000000    0.22591360    0.21416127    0.19300992    0.16939126    0.17945082    0.18175421    0.16658037
T7             0.22273909    0.34429048    0.33926960    0.37029387    0.37404488    0.35669702    0.36174282    0.32384424    0.32384424    0.24905158    0.27198124    0.26995786    0.24539048    0.25048624    0.25958522    0.20721972    0.22591360    0.00000000    0.09462094    0.11609639    0.14530320    0.15285926    0.16028035    0.18175421
T20            0.22825983    0.35448633    0.34944030    0.38866447    0.39254681    0.37090774    0.37597881    0.34090526    0.34090526    0.27034744    0.28834095    0.28552032    0.24508713    0.26540765    0.27234860    0.19853845    0.21416127    0.09462094    0.00000000    0.10385059    0.13746548    0.14201152    0.14931471    0.18157809
T21            0.19829948    0.34282047    0.34265307    0.38434337    0.38824104    0.36658999    0.37912287    0.34025186    0.34025186    0.24207898    0.26171467    0.26524417    0.22944202    0.24334691    0.25860602    0.17512331    0.19300992    0.11609639    0.10385059    0.00000000    0.11838512    0.12529684    0.13243800    0.16136939
T4             0.17450035    0.34228762    0.33734162    0.37596960    0.37217570    0.35115455    0.35977969    0.33249200    0.33249200    0.22681832    0.24905158    0.24939466    0.20668527    0.24905158    0.24905158    0.15464476    0.16939126    0.14530320    0.13746548    0.11838512    0.00000000    0.09043789    0.09725046    0.13867700
T2             0.18733330    0.35141744    0.34639679    0.38547018    0.38163260    0.36036535    0.37658032    0.33434800    0.33434800    0.23176628    0.26025305    0.26681996    0.22247509    0.25109829    0.24508713    0.16450679    0.17945082    0.15285926    0.14201152    0.12529684    0.09043789    0.00000000    0.00602415    0.15085782
T18            0.19236629    0.35396625    0.34889446    0.38800542    0.38416791    0.36287540    0.37914185    0.33679664    0.33679664    0.23117755    0.26265547    0.26921074    0.22484371    0.25350083    0.24748976    0.17203822    0.18175421    0.16028035    0.14931471    0.13243800    0.09725046    0.00602415    0.00000000    0.15823979
T14            0.11250757    0.30429071    0.29279714    0.32235656    0.31893944    0.29973503    0.30468219    0.29444424    0.29444424    0.21208579    0.22798881    0.23117755    0.20316623    0.22798881    0.23972878    0.14931471    0.16658037    0.18175421    0.18157809    0.16136939    0.13867700    0.15085782    0.15823979    0.00000000

