24
T23            0.00000000    0.36719047    0.38101058    0.39325879    0.37284904    0.38995644    0.30248632    0.30585790    0.34230393    0.32927690    0.40588996    0.35001665    0.35307334    0.35671544    0.34394134    0.47482648    0.45571316    0.46622112    0.45721538    0.45271956    0.44288036    0.44826390    0.19543412    0.21384926
T12            0.36719047    0.00000000    0.09663060    0.09205480    0.11320270    0.11765417    0.24706818    0.24403480    0.29774972    0.28230198    0.32485608    0.28110816    0.28712927    0.29360941    0.28511225    0.41169822    0.40440386    0.40487086    0.37219689    0.37599142    0.38298317    0.39146498    0.20084635    0.21700973
T6             0.38101058    0.09663060    0.00000000    0.10838143    0.15744797    0.16208053    0.27116908    0.26800088    0.29445614    0.27909310    0.36408041    0.30487639    0.31798141    0.32491188    0.31267022    0.44337328    0.43995303    0.43588811    0.40339356    0.40743401    0.41731046    0.42642724    0.22883799    0.24571164
T8             0.39325879    0.09205480    0.10838143    0.00000000    0.15244602    0.15705373    0.27713491    0.27393625    0.31405553    0.30487639    0.34430624    0.31601962    0.32581185    0.33276618    0.31455196    0.44680934    0.44337328    0.43929755    0.40916369    0.41322044    0.42063205    0.42978569    0.24035777    0.24840374
T1             0.37284904    0.11320270    0.15744797    0.15244602    0.00000000    0.02238925    0.24975646    0.24671386    0.30394080    0.28835237    0.31174999    0.26575353    0.28110816    0.28752582    0.26958853    0.40297570    0.38802756    0.40029332    0.36408041    0.36780409    0.37469388    0.38298317    0.21753393    0.23411920
T18            0.38995644    0.11765417    0.16208053    0.15705373    0.02238925    0.00000000    0.25481172    0.25175988    0.31601962    0.30017486    0.32736652    0.28036737    0.29605852    0.30262386    0.28430666    0.40094215    0.39380931    0.39078759    0.36232086    0.36600319    0.37284904    0.38101058    0.22536512    0.24211547
T22            0.30248632    0.24706818    0.27116908    0.27713491    0.24975646    0.25481172    0.00000000    0.00200402    0.15504498    0.14510587    0.19652005    0.14455335    0.14693127    0.15206231    0.13729519    0.24403480    0.23835975    0.24571164    0.22486481    0.22192951    0.22160651    0.22781749    0.17118307    0.18400908
T10            0.30585790    0.24403480    0.26800088    0.27393625    0.24671386    0.25175988    0.00200402    0.00000000    0.15244602    0.14254688    0.19931553    0.14710574    0.14949019    0.15464776    0.13982176    0.24706818    0.24136573    0.24872659    0.22781749    0.22486481    0.22453317    0.23078775    0.16849298    0.18126729
T11            0.34230393    0.29774972    0.29445614    0.31405553    0.30394080    0.31601962    0.15504498    0.15244602    0.00000000    0.02241990    0.22621204    0.18463281    0.17643539    0.18175774    0.17431356    0.29035882    0.27793003    0.28957847    0.27950261    0.27630400    0.27273664    0.27950261    0.21869691    0.23835975
T21            0.32927690    0.28230198    0.27909310    0.30487639    0.28835237    0.30017486    0.14510587    0.14254688    0.02241990    0.00000000    0.21236089    0.16641409    0.15849728    0.16365460    0.15636572    0.27199067    0.26610152    0.27756423    0.26759982    0.26446154    0.26408092    0.27075797    0.20495394    0.22714636
T19            0.40588996    0.32485608    0.36408041    0.34430624    0.31174999    0.32736652    0.19652005    0.19931553    0.22621204    0.21236089    0.00000000    0.10112979    0.10576100    0.11053605    0.09663060    0.34697268    0.35482857    0.36038433    0.33666755    0.33309046    0.32897018    0.33906859    0.25357414    0.26883461
T3             0.35001665    0.28110816    0.30487639    0.31601962    0.26575353    0.28036737    0.14455335    0.14710574    0.18463281    0.16641409    0.10112979    0.00000000    0.03697632    0.04124128    0.03488913    0.27869449    0.28230198    0.28674391    0.26800088    0.26485267    0.26134289    0.27035750    0.21322585    0.23043854
T13            0.35307334    0.28712927    0.31798141    0.32581185    0.28110816    0.29605852    0.14693127    0.14949019    0.17643539    0.15849728    0.10576100    0.03697632    0.00000000    0.01210957    0.03485744    0.29360941    0.29730984    0.30180377    0.27713491    0.27393625    0.27035750    0.27950261    0.21869691    0.23605723
T14            0.35671544    0.29360941    0.32491188    0.33276618    0.28752582    0.30262386    0.15206231    0.15464776    0.18175774    0.16365460    0.11053605    0.04124128    0.01210957    0.00000000    0.03910424    0.30017486    0.30394080    0.30841250    0.28359443    0.28035421    0.27671406    0.28596203    0.22453317    0.24208749
T0             0.34394134    0.28511225    0.31267022    0.31455196    0.26958853    0.28430666    0.13729519    0.13982176    0.17431356    0.15636572    0.09663060    0.03488913    0.03485744    0.03910424    0.00000000    0.27869449    0.28230198    0.28674391    0.26251810    0.25938959    0.25589793    0.26485267    0.21384926    0.23114660
T2             0.47482648    0.41169822    0.44337328    0.44680934    0.40297570    0.40094215    0.24403480    0.24706818    0.29035882    0.27199067    0.34697268    0.27869449    0.29360941    0.30017486    0.27869449    0.00000000    0.04565898    0.05407813    0.06074120    0.05852833    0.05626671    0.05840832    0.31720983    0.34267146
T9             0.45571316    0.40440386    0.43995303    0.44337328    0.38802756    0.39380931    0.23835975    0.24136573    0.27793003    0.26610152    0.35482857    0.28230198    0.29730984    0.30394080    0.28230198    0.04565898    0.00000000    0.03271256    0.05200368    0.04982464    0.04760893    0.04972957    0.31777645    0.33607344
T20            0.46622112    0.40487086    0.43588811    0.43929755    0.40029332    0.39078759    0.24571164    0.24872659    0.28957847    0.27756423    0.36038433    0.28674391    0.30180377    0.30841250    0.28674391    0.05407813    0.03271256    0.00000000    0.06483045    0.06262743    0.06040709    0.06257076    0.32196666    0.34754408
T16            0.45721538    0.37219689    0.40339356    0.40916369    0.36408041    0.36232086    0.22486481    0.22781749    0.27950261    0.26759982    0.33666755    0.26800088    0.27713491    0.28359443    0.26251810    0.06074120    0.05200368    0.06483045    0.00000000    0.00200402    0.01619042    0.02236489    0.30276992    0.32421358
T17            0.45271956    0.37599142    0.40743401    0.41322044    0.36780409    0.36600319    0.22192951    0.22486481    0.27630400    0.26446154    0.33309046    0.26485267    0.27393625    0.28035421    0.25938959    0.05852833    0.04982464    0.06262743    0.00200402    0.00000000    0.01414114    0.02029436    0.29936360    0.32069941
T4             0.44288036    0.38298317    0.41731046    0.42063205    0.37469388    0.37284904    0.22160651    0.22453317    0.27273664    0.26408092    0.32897018    0.26134289    0.27035750    0.27671406    0.25589793    0.05626671    0.04760893    0.06040709    0.01619042    0.01414114    0.00000000    0.01006767    0.29545083    0.31665487
T5             0.44826390    0.39146498    0.42642724    0.42978569    0.38298317    0.38101058    0.22781749    0.23078775    0.27950261    0.27075797    0.33906859    0.27035750    0.27950261    0.28596203    0.26485267    0.05840832    0.04972957    0.06257076    0.02236489    0.02029436    0.01006767    0.00000000    0.30276992    0.32421358
T15            0.19543412    0.20084635    0.22883799    0.24035777    0.21753393    0.22536512    0.17118307    0.16849298    0.21869691    0.20495394    0.25357414    0.21322585    0.21869691    0.22453317    0.21384926    0.31720983    0.31777645    0.32196666    0.30276992    0.29936360    0.29545083    0.30276992    0.00000000    0.03904232
T7             0.21384926    0.21700973    0.24571164    0.24840374    0.23411920    0.24211547    0.18400908    0.18126729    0.23835975    0.22714636    0.26883461    0.23043854    0.23605723    0.24208749    0.23114660    0.34267146    0.33607344    0.34754408    0.32421358    0.32069941    0.31665487    0.32421358    0.03904232    0.00000000

