24
T23            0.00000000    0.28564883    0.32797208    0.19102453    0.22366330    0.21845809    0.21116023    0.19740817    0.17539410    0.14409799    0.17188501    0.17207808    0.18803622    0.16174073    0.16231345    0.15708534    0.13263237    0.15191159    0.13435094    0.13464554    0.12748356    0.13464554    0.08964454    0.09899658
T18            0.28564883    0.00000000    0.07606921    0.25936105    0.29047686    0.27627366    0.34550518    0.31446416    0.29310009    0.25184489    0.31129040    0.31179011    0.30213874    0.29879675    0.30026165    0.29357727    0.29927368    0.31521250    0.27283941    0.29787707    0.28890339    0.30889083    0.25422314    0.26731015
T9             0.32797208    0.07606921    0.00000000    0.27404659    0.31470100    0.28804916    0.37391771    0.31616047    0.31188071    0.28258510    0.33945315    0.33998981    0.34550518    0.33841763    0.33644590    0.33644590    0.34247287    0.35941368    0.31103583    0.34194879    0.33142963    0.35269515    0.28894780    0.29617497
T4             0.19102453    0.25936105    0.27404659    0.00000000    0.05621831    0.08320424    0.26417840    0.21135011    0.19432303    0.16982746    0.20164112    0.20190798    0.20728383    0.19102453    0.18681848    0.17587302    0.18903834    0.22722025    0.20113514    0.19884358    0.18827332    0.21299126    0.16156689    0.16717870
T15            0.22366330    0.29047686    0.31470100    0.05621831    0.00000000    0.11093937    0.29088264    0.24294180    0.23017560    0.20138350    0.23479987    0.23511991    0.24076341    0.22075977    0.21649490    0.20501348    0.22984376    0.26417840    0.24310813    0.24679929    0.23247695    0.25909526    0.19812204    0.20418888
T2             0.21845809    0.27627366    0.28804916    0.08320424    0.11093937    0.00000000    0.29502260    0.23385949    0.22494000    0.20472935    0.21845809    0.21586972    0.21270121    0.21557132    0.21424548    0.20276374    0.21299126    0.24343510    0.22598647    0.22366330    0.21845809    0.23544987    0.19306101    0.19631278
T12            0.21116023    0.34550518    0.37391771    0.26417840    0.29088264    0.29502260    0.00000000    0.18304712    0.16698240    0.12895305    0.18717805    0.18737900    0.18487545    0.19031750    0.18281613    0.17741814    0.22228577    0.25057080    0.23894723    0.22729995    0.21967185    0.24786517    0.18680349    0.19536340
T13            0.19740817    0.31446416    0.31616047    0.21135011    0.24294180    0.23385949    0.18304712    0.00000000    0.07641679    0.09240661    0.13497220    0.13514749    0.14257527    0.14041245    0.13592781    0.13592781    0.20053424    0.22167707    0.20190798    0.21042054    0.19801013    0.21974246    0.15950003    0.17048928
T10            0.17539410    0.29310009    0.31188071    0.19432303    0.23017560    0.22494000    0.16698240    0.07641679    0.00000000    0.07396011    0.12748356    0.12763993    0.13246345    0.12038972    0.11351338    0.11351338    0.18379317    0.20445447    0.19353861    0.19631278    0.18131565    0.20246931    0.14663212    0.15467898
T22            0.14409799    0.25184489    0.28258510    0.16982746    0.20138350    0.20472935    0.12895305    0.09240661    0.07396011    0.00000000    0.10330541    0.10340259    0.11043630    0.10350733    0.09675228    0.09440327    0.14458005    0.17434931    0.15368154    0.15624162    0.13935562    0.16962410    0.11465440    0.12205513
T0             0.17188501    0.31129040    0.33945315    0.20164112    0.23479987    0.21845809    0.18717805    0.13497220    0.12748356    0.10330541    0.00000000    0.00401107    0.07819637    0.11794259    0.11351338    0.11351338    0.18056579    0.22047326    0.19536340    0.18758904    0.17763438    0.19859384    0.15113457    0.16174073
T21            0.17207808    0.31179011    0.33998981    0.20190798    0.23511991    0.21586972    0.18737900    0.13514749    0.12763993    0.10340259    0.00401107    0.00000000    0.07826356    0.12269709    0.11824510    0.11824510    0.18080698    0.22075977    0.19558696    0.18780812    0.17785940    0.19884358    0.15127315    0.16192312
T8             0.18803622    0.30213874    0.34550518    0.20728383    0.24076341    0.21270121    0.18487545    0.14257527    0.13246345    0.11043630    0.07819637    0.07826356    0.00000000    0.12010596    0.11564886    0.11564886    0.18328698    0.22047326    0.20089607    0.19536340    0.18304712    0.21557132    0.15624162    0.16174073
T11            0.16174073    0.29879675    0.33841763    0.19102453    0.22075977    0.21557132    0.19031750    0.14041245    0.12038972    0.10350733    0.11794259    0.12269709    0.12010596    0.00000000    0.03705714    0.03705714    0.17249040    0.20674588    0.17682237    0.17949227    0.15727939    0.18577574    0.13881341    0.14663212
T17            0.16231345    0.30026165    0.33644590    0.18681848    0.21649490    0.21424548    0.18281613    0.13592781    0.11351338    0.09675228    0.11351338    0.11824510    0.11564886    0.03705714    0.00000000    0.00806501    0.17317387    0.20472935    0.17474095    0.18281613    0.16054662    0.18379317    0.13670550    0.14458005
T7             0.15708534    0.29357727    0.33644590    0.17587302    0.20501348    0.20276374    0.17741814    0.13592781    0.11351338    0.09440327    0.11351338    0.11824510    0.11564886    0.03705714    0.00806501    0.00000000    0.16781909    0.19910252    0.17474095    0.17741814    0.15529063    0.18379317    0.12927325    0.13699657
T1             0.13263237    0.29927368    0.34247287    0.18903834    0.22984376    0.21299126    0.22228577    0.20053424    0.18379317    0.14458005    0.18056579    0.18080698    0.18328698    0.17249040    0.17317387    0.16781909    0.00000000    0.11308416    0.10124824    0.09888815    0.08994754    0.10626081    0.10577388    0.11809001
T20            0.15191159    0.31521250    0.35941368    0.22722025    0.26417840    0.24343510    0.25057080    0.22167707    0.20445447    0.17434931    0.22047326    0.22075977    0.22047326    0.20674588    0.20472935    0.19910252    0.11308416    0.00000000    0.11272368    0.11512931    0.10815653    0.11537370    0.12706178    0.13480488
T6             0.13435094    0.27283941    0.31103583    0.20113514    0.24310813    0.22598647    0.23894723    0.20190798    0.19353861    0.15368154    0.19536340    0.19558696    0.20089607    0.17682237    0.17474095    0.17474095    0.10124824    0.11272368    0.00000000    0.07145181    0.06487829    0.08290660    0.11243267    0.11985332
T16            0.13464554    0.29787707    0.34194879    0.19884358    0.24679929    0.22366330    0.22729995    0.21042054    0.19631278    0.15624162    0.18758904    0.18780812    0.19536340    0.17949227    0.18281613    0.17741814    0.09888815    0.11512931    0.07145181    0.00000000    0.02233119    0.08520678    0.11482089    0.12473536
T14            0.12748356    0.28890339    0.33142963    0.18827332    0.23247695    0.21845809    0.21967185    0.19801013    0.18131565    0.13935562    0.17763438    0.17785940    0.18304712    0.15727939    0.16054662    0.15529063    0.08994754    0.10815653    0.06487829    0.02233119    0.00000000    0.07850802    0.10330541    0.11308416
T19            0.13464554    0.30889083    0.35269515    0.21299126    0.25909526    0.23544987    0.24786517    0.21974246    0.20246931    0.16962410    0.19859384    0.19884358    0.21557132    0.18577574    0.18379317    0.18379317    0.10626081    0.11537370    0.08290660    0.08520678    0.07850802    0.00000000    0.11985332    0.12748356
T3             0.08964454    0.25422314    0.28894780    0.16156689    0.19812204    0.19306101    0.18680349    0.15950003    0.14663212    0.11465440    0.15113457    0.15127315    0.15624162    0.13881341    0.13670550    0.12927325    0.10577388    0.12706178    0.11243267    0.11482089    0.10330541    0.11985332    0.00000000    0.02653283
T5             0.09899658    0.26731015    0.29617497    0.16717870    0.20418888    0.19631278    0.19536340    0.17048928    0.15467898    0.12205513    0.16174073    0.16192312    0.16174073    0.14663212    0.14458005    0.13699657    0.11809001    0.13480488    0.11985332    0.12473536    0.11308416    0.12748356    0.02653283    0.00000000

