24
T10            0.00000000    0.34821520    0.36982669    0.34459677    0.34044454    0.33615775    0.36609276    0.37543734    0.33736208    0.34459677    0.33444337    0.34346372    0.31121222    0.31121222    0.32047579    0.31363616    0.29780803    0.31618497    0.30121459    0.28553194    0.28602954    0.26846230    0.25361839    0.27762020
T22            0.34821520    0.00000000    0.02855459    0.25689965    0.25963230    0.25450947    0.30599767    0.30400155    0.26764717    0.25689965    0.25723061    0.28041330    0.25485190    0.25485190    0.25723061    0.25723061    0.25485190    0.22948228    0.23013418    0.28277511    0.28645983    0.24244397    0.25689965    0.24753056
T0             0.36982669    0.02855459    0.00000000    0.26963392    0.27240406    0.26725549    0.32243772    0.32047579    0.28645983    0.27518495    0.27556370    0.29938515    0.27317394    0.27317394    0.27556370    0.27556370    0.27398690    0.24710836    0.24784944    0.29302938    0.29683365    0.25792397    0.27278360    0.26304363
T7             0.34459677    0.25689965    0.26963392    0.00000000    0.03481401    0.02857300    0.15381216    0.15396535    0.10826489    0.10078498    0.10320968    0.13160720    0.15670631    0.15670631    0.15381216    0.15125929    0.15670631    0.13966202    0.21099526    0.28277511    0.28645983    0.27001423    0.26926434    0.26270423
T20            0.34044454    0.25963230    0.27240406    0.03481401    0.00000000    0.03485801    0.16138544    0.15895750    0.11536475    0.10776174    0.11022355    0.13420461    0.15396535    0.15396535    0.15622684    0.15366743    0.15912405    0.14456554    0.21420746    0.27914335    0.28277511    0.26963392    0.26890551    0.26237549
T3             0.33615775    0.25450947    0.26725549    0.02857300    0.03485801    0.00000000    0.15156089    0.14916474    0.10135523    0.09394889    0.09635033    0.12204632    0.15189592    0.15189592    0.14900797    0.14646806    0.15706815    0.13747975    0.21454337    0.27484277    0.27851838    0.26216251    0.26138710    0.25792397
T1             0.36609276    0.30599767    0.32243772    0.15381216    0.16138544    0.15156089    0.00000000    0.04770926    0.11054268    0.10320968    0.10094501    0.14142676    0.19259582    0.19259582    0.18445787    0.19259582    0.20086891    0.16904812    0.25016174    0.33689068    0.33389652    0.30599767    0.30515296    0.28853895
T14            0.37543734    0.30400155    0.32047579    0.15396535    0.15895750    0.14916474    0.04770926    0.00000000    0.11307536    0.10784709    0.10556928    0.15172424    0.19832651    0.19832651    0.19007618    0.19832651    0.20110727    0.16398491    0.25131691    0.34578022    0.34275906    0.29736677    0.31316174    0.30268044
T23            0.33736208    0.26764717    0.28645983    0.10826489    0.11536475    0.10135523    0.11054268    0.11307536    0.00000000    0.06055847    0.05841001    0.08732901    0.14202554    0.14202554    0.14423688    0.14677683    0.14968472    0.13245086    0.21232351    0.28785421    0.29165867    0.26530245    0.27080695    0.25792397
T18            0.34459677    0.25689965    0.27518495    0.10078498    0.10776174    0.09394889    0.10320968    0.10784709    0.06055847    0.00000000    0.01008423    0.09178485    0.14646806    0.14646806    0.14871943    0.15125929    0.15670631    0.13433944    0.21388085    0.28928024    0.29302938    0.26375430    0.26614428    0.25963230
T11            0.33444337    0.25723061    0.27556370    0.10320968    0.11022355    0.09635033    0.10094501    0.10556928    0.05841001    0.01008423    0.00000000    0.08955329    0.14408484    0.14408484    0.14632609    0.14885952    0.15429696    0.13199309    0.21131346    0.27997578    0.28365036    0.26101510    0.26030261    0.25689965
T2             0.34346372    0.28041330    0.29938515    0.13160720    0.13420461    0.12204632    0.14142676    0.15172424    0.08732901    0.09178485    0.08955329    0.00000000    0.17168192    0.17168192    0.17397440    0.17662215    0.17966791    0.15396535    0.22424379    0.32204122    0.32609102    0.29408223    0.28757739    0.28322791
T6             0.31121222    0.25485190    0.27317394    0.15670631    0.15396535    0.15189592    0.19259582    0.19832651    0.14202554    0.14646806    0.14408484    0.17168192    0.00000000    0.00000000    0.04536972    0.04751139    0.05617137    0.09419571    0.19206358    0.28177110    0.28883867    0.24105719    0.24944245    0.24007630
T9             0.31121222    0.25485190    0.27317394    0.15670631    0.15396535    0.15189592    0.19259582    0.19832651    0.14202554    0.14646806    0.14408484    0.17168192    0.00000000    0.00000000    0.04536972    0.04751139    0.05617137    0.09419571    0.19206358    0.28177110    0.28883867    0.24105719    0.24944245    0.24007630
T13            0.32047579    0.25723061    0.27556370    0.15381216    0.15622684    0.14900797    0.18445787    0.19007618    0.14423688    0.14871943    0.14632609    0.17397440    0.04536972    0.04536972    0.00000000    0.01827039    0.06046956    0.09635033    0.19990270    0.27997578    0.28691363    0.23741297    0.24574775    0.24244397
T8             0.31363616    0.25723061    0.27556370    0.15125929    0.15366743    0.14646806    0.19259582    0.19832651    0.14677683    0.15125929    0.14885952    0.17662215    0.04751139    0.04751139    0.01827039    0.00000000    0.06266790    0.09868782    0.19990270    0.27676513    0.28365036    0.24039322    0.24876402    0.24543306
T5             0.29780803    0.25485190    0.27398690    0.15670631    0.15912405    0.15706815    0.20086891    0.20110727    0.14968472    0.15670631    0.15429696    0.17966791    0.05617137    0.05617137    0.06046956    0.06266790    0.00000000    0.10124147    0.19206358    0.27440948    0.28130601    0.24339141    0.25792397    0.24244397
T17            0.31618497    0.22948228    0.24710836    0.13966202    0.14456554    0.13747975    0.16904812    0.16398491    0.13245086    0.13433944    0.13199309    0.15396535    0.09419571    0.09419571    0.09635033    0.09868782    0.10124147    0.00000000    0.17908872    0.26931967    0.26976415    0.23540757    0.24140419    0.23741297
T4             0.30121459    0.23013418    0.24784944    0.21099526    0.21420746    0.21454337    0.25016174    0.25131691    0.21232351    0.21388085    0.21131346    0.22424379    0.19206358    0.19206358    0.19990270    0.19990270    0.19206358    0.17908872    0.00000000    0.27116058    0.27489996    0.23758774    0.25213762    0.23645353
T15            0.28553194    0.28277511    0.29302938    0.28277511    0.27914335    0.27484277    0.33689068    0.34578022    0.28785421    0.28928024    0.27997578    0.32204122    0.28177110    0.28177110    0.27997578    0.27676513    0.27440948    0.26931967    0.27116058    0.00000000    0.01212518    0.14255993    0.13463322    0.15226417
T16            0.28602954    0.28645983    0.29683365    0.28645983    0.28277511    0.27851838    0.33389652    0.34275906    0.29165867    0.29302938    0.28365036    0.32609102    0.28883867    0.28883867    0.28691363    0.28365036    0.28130601    0.26976415    0.27489996    0.01212518    0.00000000    0.15007250    0.14202554    0.15987490
T19            0.26846230    0.24244397    0.25792397    0.27001423    0.26963392    0.26216251    0.30599767    0.29736677    0.26530245    0.26375430    0.26101510    0.29408223    0.24105719    0.24105719    0.23741297    0.24039322    0.24339141    0.23540757    0.23758774    0.14255993    0.15007250    0.00000000    0.09239997    0.09227926
T21            0.25361839    0.25689965    0.27278360    0.26926434    0.26890551    0.26138710    0.30515296    0.31316174    0.27080695    0.26614428    0.26030261    0.28757739    0.24944245    0.24944245    0.24574775    0.24876402    0.25792397    0.24140419    0.25213762    0.13463322    0.14202554    0.09239997    0.00000000    0.08053347
T12            0.27762020    0.24753056    0.26304363    0.26270423    0.26237549    0.25792397    0.28853895    0.30268044    0.25792397    0.25963230    0.25689965    0.28322791    0.24007630    0.24007630    0.24244397    0.24543306    0.24244397    0.23741297    0.23645353    0.15226417    0.15987490    0.09227926    0.08053347    0.00000000

