24
T14            0.00000000    0.36392213    0.35359962    0.36339904    0.33045544    0.33091670    0.31770618    0.30647508    0.33438518    0.29923975    0.27206318    0.26929198    0.28721101    0.28478709    0.26415356    0.27243270    0.26378155    0.35994180    0.35410985    0.25148914    0.26104215    0.26141494    0.24878740    0.26179822
T7             0.36392213    0.00000000    0.04124277    0.04330859    0.18410888    0.17700208    0.15913241    0.13699054    0.25297491    0.20022224    0.17614321    0.18128046    0.19150719    0.17351606    0.23258291    0.23235358    0.22418981    0.35209955    0.28928241    0.23235358    0.23258291    0.22134522    0.22113885    0.23016935
T16            0.35359962    0.04124277    0.00000000    0.03063071    0.18931028    0.18216596    0.16942015    0.14440441    0.24429624    0.20277885    0.17863238    0.18113055    0.19135629    0.17599830    0.23235358    0.23213445    0.22397530    0.34697428    0.29215441    0.22926538    0.23573352    0.22441430    0.21851680    0.23042055
T8             0.36339904    0.04330859    0.03063071    0.00000000    0.18661926    0.17948203    0.16678583    0.13934944    0.24429624    0.20002077    0.17599830    0.17848953    0.18867985    0.17077161    0.22947619    0.22926538    0.22113885    0.34344449    0.28642209    0.22926538    0.23235358    0.22113885    0.22094246    0.22418981
T19            0.33045544    0.18410888    0.18931028    0.18661926    0.00000000    0.09699154    0.14695127    0.12732983    0.22568542    0.19282383    0.16108908    0.17134939    0.18410888    0.17911522    0.21114597    0.20856609    0.20065332    0.32693427    0.27847557    0.20534486    0.20834128    0.20022224    0.21070925    0.20880043
T2             0.33091670    0.17700208    0.18216596    0.17948203    0.09699154    0.00000000    0.13514114    0.12069921    0.20088287    0.17493976    0.13893080    0.14633251    0.15353779    0.14872591    0.19788748    0.19810929    0.19304874    0.31125412    0.27007500    0.20320662    0.20623153    0.19810929    0.20856609    0.20673150
T5             0.31770618    0.15913241    0.16942015    0.16678583    0.14695127    0.13514114    0.00000000    0.07404352    0.21814432    0.16493901    0.13934944    0.14933754    0.15397289    0.15173205    0.18303572    0.18280495    0.17515728    0.29923975    0.25387886    0.19282383    0.19858067    0.18779651    0.19535108    0.19076755
T4             0.30647508    0.13699054    0.14440441    0.13934944    0.12732983    0.12069921    0.07404352    0.00000000    0.19076755    0.15246994    0.12241202    0.12718934    0.13669970    0.13199888    0.18009904    0.17453092    0.17227010    0.28238662    0.25055007    0.17988450    0.18009904    0.16961468    0.17967882    0.17784862
T20            0.33438518    0.25297491    0.24429624    0.24429624    0.22568542    0.20088287    0.21814432    0.19076755    0.00000000    0.11766647    0.11512522    0.12010134    0.12952169    0.11512522    0.21471782    0.21445781    0.21213434    0.31466367    0.28572899    0.20929754    0.22335128    0.21498739    0.21705217    0.21526650
T0             0.29923975    0.20022224    0.20277885    0.20002077    0.19282383    0.17493976    0.16493901    0.15246994    0.11766647    0.00000000    0.07388024    0.08309555    0.09206257    0.08761788    0.17883501    0.18079554    0.17857539    0.28838063    0.24643165    0.17586195    0.17561840    0.16780926    0.17515728    0.17340803
T15            0.27206318    0.17614321    0.17863238    0.17599830    0.16108908    0.13893080    0.13934944    0.12241202    0.11512522    0.07388024    0.00000000    0.04969377    0.06266887    0.05836103    0.14662534    0.14647478    0.14424385    0.24912220    0.22018022    0.13950527    0.15173205    0.14171641    0.14886630    0.14187051
T13            0.26929198    0.18128046    0.18113055    0.17848953    0.17134939    0.14633251    0.14933754    0.12718934    0.12010134    0.08309555    0.04969377    0.00000000    0.02442211    0.03697740    0.14678418    0.14662534    0.14440441    0.24643165    0.22514736    0.14440441    0.14424385    0.13934944    0.14394739    0.13950527
T18            0.28721101    0.19150719    0.19135629    0.18867985    0.18410888    0.15353779    0.15397289    0.13669970    0.12952169    0.09206257    0.06266887    0.02442211    0.00000000    0.04542001    0.16434596    0.16678583    0.16453510    0.26067987    0.23949294    0.16453510    0.16434596    0.15930781    0.16399342    0.15949168
T1             0.28478709    0.17351606    0.17599830    0.17077161    0.17911522    0.14872591    0.15173205    0.13199888    0.11512522    0.08761788    0.05836103    0.03697740    0.04542001    0.00000000    0.15949168    0.15930781    0.15707716    0.26767704    0.22541147    0.15968401    0.16473279    0.15448390    0.16173236    0.15208441
T23            0.26415356    0.23258291    0.23235358    0.22947619    0.21114597    0.19788748    0.18303572    0.18009904    0.21471782    0.17883501    0.14662534    0.14678418    0.16434596    0.15949168    0.00000000    0.02650573    0.02447343    0.15072576    0.17381883    0.09852631    0.11283218    0.10339931    0.10313070    0.10350397
T22            0.27243270    0.23235358    0.23213445    0.22926538    0.20856609    0.19810929    0.18280495    0.17453092    0.21445781    0.18079554    0.14647478    0.14662534    0.16678583    0.15930781    0.02650573    0.00000000    0.01827055    0.15573069    0.16843616    0.10078757    0.11271979    0.10330220    0.10305638    0.10339931
T10            0.26378155    0.22418981    0.22397530    0.22113885    0.20065332    0.19304874    0.17515728    0.17227010    0.21213434    0.17857539    0.14424385    0.14440441    0.16453510    0.15707716    0.02447343    0.01827055    0.00000000    0.15357750    0.17398358    0.09860475    0.10577042    0.09644093    0.09852631    0.09653629
T6             0.35994180    0.35209955    0.34697428    0.34344449    0.32693427    0.31125412    0.29923975    0.28238662    0.31466367    0.28838063    0.24912220    0.24643165    0.26067987    0.26767704    0.15072576    0.15573069    0.15357750    0.00000000    0.30071009    0.21585319    0.22134434    0.21585319    0.21498739    0.21040482
T9             0.35410985    0.28928241    0.29215441    0.28642209    0.27847557    0.27007500    0.25387886    0.25055007    0.28572899    0.24643165    0.22018022    0.22514736    0.23949294    0.22541147    0.17381883    0.16843616    0.17398358    0.30071009    0.00000000    0.12952169    0.14951122    0.14712657    0.15430518    0.14731007
T21            0.25148914    0.23235358    0.22926538    0.22926538    0.20534486    0.20320662    0.19282383    0.17988450    0.20929754    0.17586195    0.13950527    0.14440441    0.16453510    0.15968401    0.09852631    0.10078757    0.09860475    0.21585319    0.12952169    0.00000000    0.07860161    0.06960864    0.07162704    0.06969742
T17            0.26104215    0.23258291    0.23573352    0.23235358    0.20834128    0.20623153    0.19858067    0.18009904    0.22335128    0.17561840    0.15173205    0.14424385    0.16434596    0.16473279    0.11283218    0.11271979    0.10577042    0.22134434    0.14951122    0.07860161    0.00000000    0.02031480    0.03907112    0.04139912
T3             0.26141494    0.22134522    0.22441430    0.22113885    0.20022224    0.19810929    0.18779651    0.16961468    0.21498739    0.16780926    0.14171641    0.13934944    0.15930781    0.15448390    0.10339931    0.10330220    0.09644093    0.21585319    0.14712657    0.06960864    0.02031480    0.00000000    0.03064711    0.03289637
T12            0.24878740    0.22113885    0.21851680    0.22094246    0.21070925    0.20856609    0.19535108    0.17967882    0.21705217    0.17515728    0.14886630    0.14394739    0.16399342    0.16173236    0.10313070    0.10305638    0.09852631    0.21498739    0.15430518    0.07162704    0.03907112    0.03064711    0.00000000    0.03914647
T11            0.26179822    0.23016935    0.23042055    0.22418981    0.20880043    0.20673150    0.19076755    0.17784862    0.21526650    0.17340803    0.14187051    0.13950527    0.15949168    0.15208441    0.10350397    0.10339931    0.09653629    0.21040482    0.14731007    0.06969742    0.04139912    0.03289637    0.03914647    0.00000000

