24
T8             0.00000000    0.28785984    0.23233218    0.22945578    0.24058535    0.23767542    0.20790290    0.20553406    0.19472071    0.22717011    0.21963309    0.22462654    0.23330634    0.25962209    0.23357508    0.20365120    0.19028771    0.19745527    0.17928015    0.18445377    0.17133750    0.20459659    0.16094043    0.18142684
T17            0.28785984    0.00000000    0.11779118    0.11779118    0.12240482    0.12485717    0.23120671    0.22250140    0.22276592    0.33251223    0.38067931    0.38921309    0.36810714    0.39677591    0.37589995    0.31897625    0.29933755    0.34768567    0.32868416    0.31897625    0.31347597    0.34609844    0.30034091    0.31823812
T10            0.23233218    0.11779118    0.00000000    0.02653222    0.03488961    0.03277514    0.18235379    0.17471559    0.17225477    0.29609710    0.30686517    0.31164951    0.30255740    0.31754945    0.29966018    0.27376878    0.24400670    0.29745803    0.27034545    0.26756878    0.26480293    0.30514687    0.25813496    0.26947036
T16            0.22945578    0.11779118    0.02653222    0.00000000    0.00804441    0.00602416    0.17432571    0.16677267    0.16433282    0.28321585    0.28887867    0.29677472    0.28470108    0.29613837    0.28187037    0.26756878    0.24058535    0.28156221    0.25512851    0.25841102    0.25567304    0.29554926    0.24916948    0.26036871
T20            0.24058535    0.12240482    0.03488961    0.00804441    0.00000000    0.00602416    0.18464646    0.17698740    0.17451627    0.28887867    0.30106874    0.30906018    0.29357548    0.30514687    0.29071190    0.27937172    0.25189281    0.28470108    0.26668923    0.27004273    0.26726467    0.30776359    0.26062150    0.27199463
T7             0.23767542    0.12485717    0.03277514    0.00602416    0.00602416    0.00000000    0.18195608    0.17432571    0.17186165    0.29208838    0.29781721    0.30579819    0.29357548    0.30514687    0.29071190    0.27624262    0.24893105    0.28409914    0.26364613    0.26697148    0.26420281    0.30454387    0.25761511    0.26894229
T3             0.20790290    0.23120671    0.18235379    0.17432571    0.18464646    0.18195608    0.00000000    0.06498402    0.06728141    0.25145523    0.28604164    0.29071190    0.27874133    0.31347597    0.27905091    0.22112038    0.21830091    0.23233218    0.20734610    0.20171102    0.21654286    0.24808388    0.20734610    0.22395590
T15            0.20553406    0.22250140    0.17471559    0.16677267    0.17698740    0.17432571    0.06498402    0.00000000    0.01829859    0.25449862    0.28999996    0.29458676    0.28568949    0.31681454    0.27656474    0.21870569    0.21588616    0.24106234    0.21328371    0.20752205    0.21418542    0.24848608    0.20770766    0.22680763
T22            0.19472071    0.22276592    0.17225477    0.16433282    0.17451627    0.17186165    0.06728141    0.01829859    0.00000000    0.25484053    0.28395588    0.28852763    0.27970373    0.31055010    0.27689795    0.21609531    0.21328371    0.23546208    0.21069093    0.20770766    0.21443491    0.24284931    0.20237319    0.22132586
T6             0.22717011    0.33251223    0.29609710    0.28321585    0.28887867    0.29208838    0.25145523    0.25449862    0.25484053    0.00000000    0.22488875    0.23210640    0.21811738    0.24038320    0.21841333    0.19856001    0.20134824    0.26175605    0.24406210    0.25284724    0.23804840    0.26889378    0.22623440    0.24371647
T12            0.21963309    0.38067931    0.30686517    0.28887867    0.30106874    0.29781721    0.28604164    0.28999996    0.28395588    0.22488875    0.00000000    0.02232995    0.06089995    0.08783992    0.06773274    0.21963309    0.21112590    0.26724200    0.24573782    0.25827389    0.24573782    0.27004273    0.23385384    0.25449862
T0             0.22462654    0.38921309    0.31164951    0.29677472    0.30906018    0.30579819    0.29071190    0.29458676    0.28852763    0.23210640    0.02232995    0.00000000    0.06721182    0.09429146    0.07404046    0.22702943    0.21849836    0.25995142    0.24185519    0.25416712    0.24185519    0.26615773    0.23014605    0.25051973
T23            0.23330634    0.36810714    0.30255740    0.28470108    0.29357548    0.29357548    0.27874133    0.28568949    0.27970373    0.21811738    0.06089995    0.06721182    0.00000000    0.08540199    0.06537572    0.22462654    0.21609531    0.26613250    0.24482597    0.25113302    0.25384604    0.27593163    0.24781456    0.25656946
T1             0.25962209    0.39677591    0.31754945    0.29613837    0.30514687    0.30514687    0.31347597    0.31681454    0.31055010    0.24038320    0.08783992    0.09429146    0.08540199    0.00000000    0.05194910    0.24994814    0.24106234    0.29650342    0.28677979    0.29039637    0.26174101    0.28980097    0.24967806    0.26511920
T2             0.23357508    0.37589995    0.29966018    0.28187037    0.29071190    0.29071190    0.27905091    0.27656474    0.27689795    0.21841333    0.06773274    0.07404046    0.06537572    0.05194910    0.00000000    0.22200168    0.21631422    0.27912875    0.26100269    0.26374193    0.23679838    0.26088516    0.22512320    0.24542363
T5             0.20365120    0.31897625    0.27376878    0.26756878    0.27937172    0.27624262    0.22112038    0.21870569    0.21609531    0.19856001    0.21963309    0.22702943    0.22462654    0.24994814    0.22200168    0.00000000    0.06721182    0.22801645    0.21702921    0.21678120    0.21702921    0.24351237    0.20020492    0.21112590
T18            0.19028771    0.29933755    0.24400670    0.24058535    0.25189281    0.24893105    0.21830091    0.21588616    0.21328371    0.20134824    0.21112590    0.21849836    0.21609531    0.24106234    0.21631422    0.06721182    0.00000000    0.21988931    0.20296982    0.20276149    0.20854608    0.22904619    0.19200106    0.20553406
T21            0.19745527    0.34768567    0.29745803    0.28156221    0.28470108    0.28409914    0.23233218    0.24106234    0.23546208    0.26175605    0.26724200    0.25995142    0.26613250    0.29650342    0.27912875    0.22801645    0.21988931    0.00000000    0.09663438    0.10599281    0.13747625    0.16922109    0.12746952    0.14711492
T9             0.17928015    0.32868416    0.27034545    0.25512851    0.26668923    0.26364613    0.20734610    0.21328371    0.21069093    0.24406210    0.24573782    0.24185519    0.24482597    0.28677979    0.26100269    0.21702921    0.20296982    0.09663438    0.00000000    0.05185788    0.10851711    0.13655871    0.09898837    0.11779118
T11            0.18445377    0.31897625    0.26756878    0.25841102    0.27004273    0.26697148    0.20171102    0.20752205    0.20770766    0.25284724    0.25827389    0.25416712    0.25113302    0.29039637    0.26374193    0.21678120    0.20276149    0.10599281    0.05185788    0.00000000    0.11320818    0.13395748    0.10123994    0.12009415
T4             0.17133750    0.31347597    0.26480293    0.25567304    0.26726467    0.26420281    0.21654286    0.21418542    0.21443491    0.23804840    0.24573782    0.24185519    0.25384604    0.26174101    0.23679838    0.21702921    0.20854608    0.13747625    0.10851711    0.11320818    0.00000000    0.08260629    0.04334478    0.06061280
T19            0.20459659    0.34609844    0.30514687    0.29554926    0.30776359    0.30454387    0.24808388    0.24848608    0.24284931    0.26889378    0.27004273    0.26615773    0.27593163    0.28980097    0.26088516    0.24351237    0.22904619    0.16922109    0.13655871    0.13395748    0.08260629    0.00000000    0.04536969    0.07813259
T14            0.16094043    0.30034091    0.25813496    0.24916948    0.26062150    0.25761511    0.20734610    0.20770766    0.20237319    0.22623440    0.23385384    0.23014605    0.24781456    0.24967806    0.22512320    0.20020492    0.19200106    0.12746952    0.09898837    0.10123994    0.04334478    0.04536969    0.00000000    0.03697683
T13            0.18142684    0.31823812    0.26947036    0.26036871    0.27199463    0.26894229    0.22395590    0.22680763    0.22132586    0.24371647    0.25449862    0.25051973    0.25656946    0.26511920    0.24542363    0.21112590    0.20553406    0.14711492    0.11779118    0.12009415    0.06061280    0.07813259    0.03697683    0.00000000

