24
T23            0.00000000    0.25720368    0.26135721    0.23473660    0.25448283    0.23473660    0.23473660    0.23178363    0.38168798    0.38234634    0.30638836    0.29207301    0.31800450    0.19652791    0.19959965    0.20468007    0.24103190    0.22261563    0.17045454    0.18549881    0.14019238    0.11563360    0.11563360    0.11549280
T4             0.25720368    0.00000000    0.10085797    0.06696750    0.15352341    0.12903698    0.12925755    0.13172181    0.25415141    0.25448283    0.18755222    0.16137626    0.19577820    0.27032757    0.27687917    0.29135617    0.32229995    0.30843080    0.28959417    0.29421665    0.27871026    0.24304113    0.24304113    0.27622391
T15            0.26135721    0.10085797    0.00000000    0.08519916    0.17185474    0.14915650    0.14661047    0.14915650    0.25825742    0.25862949    0.21581396    0.18324788    0.21643611    0.28714533    0.29732821    0.30553055    0.33130065    0.31993193    0.30063331    0.30843080    0.29298892    0.25629518    0.25629518    0.28997917
T1             0.23473660    0.06696750    0.08519916    0.00000000    0.13160141    0.11500622    0.10547837    0.10784331    0.23770716    0.23803453    0.17513315    0.14676872    0.17782341    0.24750737    0.25687333    0.27722339    0.31426657    0.28112356    0.27871026    0.28319614    0.25862949    0.22390891    0.22390891    0.25624414
T18            0.25448283    0.15352341    0.17185474    0.13160141    0.00000000    0.09685912    0.10160054    0.10398827    0.24672653    0.24708126    0.18052827    0.15705835    0.18324788    0.26142828    0.27096584    0.28356049    0.33382327    0.30639698    0.28754236    0.29529735    0.27354170    0.23209330    0.23209330    0.27096584
T10            0.23473660    0.12903698    0.14915650    0.11500622    0.09685912    0.00000000    0.07186276    0.07413106    0.22130324    0.22161708    0.15265519    0.13228341    0.16007268    0.23278596    0.24184108    0.24779970    0.29206734    0.26301547    0.26923423    0.28002765    0.25629518    0.21870708    0.21870708    0.23945032
T3             0.23473660    0.12925755    0.14661047    0.10547837    0.10160054    0.07186276    0.00000000    0.00200402    0.22261563    0.22296743    0.16316197    0.13261184    0.16582363    0.23916422    0.24540904    0.26301547    0.29529735    0.27553153    0.26135721    0.26887608    0.25629518    0.22454416    0.22454416    0.25080594
T20            0.23178363    0.13172181    0.14915650    0.10784331    0.10398827    0.07413106    0.00200402    0.00000000    0.22556880    0.22592939    0.16582363    0.13512590    0.16849958    0.24212584    0.24841533    0.26611516    0.29854842    0.27871026    0.26447640    0.27200491    0.25940472    0.22748854    0.22748854    0.25383040
T8             0.38168798    0.25415141    0.25825742    0.23770716    0.24672653    0.22130324    0.22261563    0.22556880    0.00000000    0.00200301    0.16270618    0.14531087    0.17608648    0.35918364    0.37060634    0.36955174    0.40561162    0.38556053    0.39707809    0.40952579    0.37095945    0.32287704    0.32287704    0.38817504
T12            0.38234634    0.25448283    0.25862949    0.23803453    0.24708126    0.22161708    0.22296743    0.22592939    0.00200301    0.00000000    0.16292990    0.14551943    0.17634630    0.35967788    0.37115411    0.37007221    0.40623328    0.38616475    0.39772694    0.41016292    0.37158794    0.32337387    0.32337387    0.38876554
T9             0.30638836    0.18755222    0.21581396    0.17513315    0.18052827    0.15265519    0.16316197    0.16582363    0.16270618    0.16292990    0.00000000    0.05189952    0.08079034    0.30801580    0.31851302    0.32191959    0.34589371    0.32388274    0.32534959    0.33336445    0.30927510    0.27480701    0.27480701    0.31512958
T11            0.29207301    0.16137626    0.18324788    0.14676872    0.15705835    0.13228341    0.13261184    0.13512590    0.14531087    0.14551943    0.05189952    0.00000000    0.05639118    0.27591293    0.28566942    0.29206734    0.33178474    0.29934784    0.29934784    0.30393817    0.30250754    0.25591208    0.25591208    0.29529735
T5             0.31800450    0.19577820    0.21643611    0.17782341    0.18324788    0.16007268    0.16582363    0.16849958    0.17608648    0.17634630    0.08079034    0.05639118    0.00000000    0.31052612    0.32101052    0.32784695    0.37409698    0.33228120    0.33578348    0.34383435    0.32548141    0.28037192    0.28037192    0.31762714
T2             0.19652791    0.27032757    0.28714533    0.24750737    0.26142828    0.23278596    0.23916422    0.24212584    0.35918364    0.35967788    0.30801580    0.27591293    0.31052612    0.00000000    0.01414117    0.04539067    0.13904946    0.11053814    0.18734316    0.18677032    0.20751562    0.16471192    0.16471192    0.19601901
T14            0.19959965    0.27687917    0.29732821    0.25687333    0.27096584    0.24184108    0.24540904    0.24841533    0.37060634    0.37115411    0.31851302    0.28566942    0.32101052    0.01414117    0.00000000    0.05189952    0.14422915    0.11792710    0.19577820    0.19511068    0.21643611    0.17290227    0.17290227    0.20468007
T16            0.20468007    0.29135617    0.30553055    0.27722339    0.28356049    0.24779970    0.26301547    0.26611516    0.36955174    0.37007221    0.32191959    0.29206734    0.32784695    0.04539067    0.05189952    0.00000000    0.14899999    0.12499531    0.20364135    0.20019540    0.20723400    0.16451496    0.16451496    0.20979716
T22            0.24103190    0.32229995    0.33130065    0.31426657    0.33382327    0.29206734    0.29529735    0.29854842    0.40561162    0.40623328    0.34589371    0.33178474    0.37409698    0.13904946    0.14422915    0.14899999    0.00000000    0.11753287    0.23091380    0.25321973    0.27248391    0.22422174    0.22422174    0.26173897
T19            0.22261563    0.30843080    0.31993193    0.28112356    0.30639698    0.26301547    0.27553153    0.27871026    0.38556053    0.38616475    0.32388274    0.29934784    0.33228120    0.11053814    0.11792710    0.12499531    0.11753287    0.00000000    0.21264889    0.22855686    0.23190663    0.19484247    0.19484247    0.22194044
T6             0.17045454    0.28959417    0.30063331    0.27871026    0.28754236    0.26923423    0.26135721    0.26447640    0.39707809    0.39772694    0.32534959    0.29934784    0.33578348    0.18734316    0.19577820    0.20364135    0.23091380    0.21264889    0.00000000    0.04770833    0.20780650    0.17782341    0.17782341    0.20133858
T21            0.18549881    0.29421665    0.30843080    0.28319614    0.29529735    0.28002765    0.26887608    0.27200491    0.40952579    0.41016292    0.33336445    0.30393817    0.34383435    0.18677032    0.19511068    0.20019540    0.25321973    0.22855686    0.04770833    0.00000000    0.23241279    0.20133858    0.20133858    0.21754278
T0             0.14019238    0.27871026    0.29298892    0.25862949    0.27354170    0.25629518    0.25629518    0.25940472    0.37095945    0.37158794    0.30927510    0.30250754    0.32548141    0.20751562    0.21643611    0.20723400    0.27248391    0.23190663    0.20780650    0.23241279    0.00000000    0.05846551    0.05846551    0.17290227
T7             0.11563360    0.24304113    0.25629518    0.22390891    0.23209330    0.21870708    0.22454416    0.22748854    0.32287704    0.32337387    0.27480701    0.25591208    0.28037192    0.16471192    0.17290227    0.16451496    0.22422174    0.19484247    0.17782341    0.20133858    0.05846551    0.00000000    0.00000000    0.13697693
T13            0.11563360    0.24304113    0.25629518    0.22390891    0.23209330    0.21870708    0.22454416    0.22748854    0.32287704    0.32337387    0.27480701    0.25591208    0.28037192    0.16471192    0.17290227    0.16451496    0.22422174    0.19484247    0.17782341    0.20133858    0.05846551    0.00000000    0.00000000    0.13697693
T17            0.11549280    0.27622391    0.28997917    0.25624414    0.27096584    0.23945032    0.25080594    0.25383040    0.38817504    0.38876554    0.31512958    0.29529735    0.31762714    0.19601901    0.20468007    0.20979716    0.26173897    0.22194044    0.20133858    0.21754278    0.17290227    0.13697693    0.13697693    0.00000000

