24
T18            0.00000000    0.39365723    0.37843841    0.39626039    0.40280729    0.41264965    0.42742047    0.42816348    0.40470808    0.40866309    0.39108093    0.39043785    0.18877548    0.19384909    0.18877548    0.22411391    0.19371127    0.20182112    0.23096919    0.18877548    0.16535833    0.16289905    0.16044858    0.17333793
T11            0.39365723    0.00000000    0.01210945    0.07380094    0.09004382    0.09438456    0.18149963    0.18729940    0.13009166    0.13009166    0.12066935    0.12050968    0.40974168    0.43549382    0.41226571    0.44921731    0.41813001    0.42221438    0.48548523    0.40025739    0.37899253    0.37584030    0.37270150    0.41623527
T21            0.37843841    0.01210945    0.00000000    0.06931628    0.08539211    0.08972202    0.17334530    0.17903261    0.12266462    0.12266462    0.11333315    0.11319141    0.38988510    0.41888329    0.39631792    0.44058990    0.40211848    0.40607351    0.46753200    0.38468252    0.36394529    0.36084946    0.35776663    0.39996253
T0             0.39626039    0.07380094    0.06931628    0.00000000    0.08308239    0.08740697    0.17876670    0.18452858    0.12021328    0.12512805    0.11333315    0.11561894    0.40422818    0.41739168    0.39631792    0.44574195    0.41264965    0.40866309    0.47911471    0.39495921    0.37271354    0.36957854    0.36645691    0.39450710
T16            0.40280729    0.09004382    0.08539211    0.08308239    0.00000000    0.03271204    0.15567751    0.15591214    0.10623490    0.10623490    0.09238602    0.09226608    0.40974168    0.42711952    0.40974168    0.45615017    0.42221438    0.41407876    0.47376986    0.40422818    0.37769957    0.37454920    0.37141226    0.40398129
T1             0.41264965    0.09438456    0.08972202    0.08740697    0.03271204    0.00000000    0.16871738    0.16897921    0.10850153    0.10850153    0.09461378    0.09449554    0.42957221    0.44744768    0.41303026    0.45267568    0.42969558    0.41888329    0.48001668    0.41151583    0.38853095    0.38533774    0.38215831    0.41541199
T5             0.42742047    0.18149963    0.17334530    0.17876670    0.15567751    0.16871738    0.00000000    0.01623178    0.15283952    0.14765710    0.14313056    0.14292171    0.45177998    0.47922893    0.43467174    0.46487382    0.44330301    0.46048451    0.53767366    0.45436924    0.42816348    0.42480385    0.42556052    0.45267568
T13            0.42816348    0.18729940    0.17903261    0.18452858    0.15591214    0.16897921    0.01623178    0.00000000    0.14786324    0.14016931    0.14334733    0.14313056    0.44401089    0.47113977    0.42711952    0.45698566    0.44410005    0.45698566    0.52394691    0.45090041    0.43307409    0.42969558    0.42633241    0.44488498
T9             0.40470808    0.13009166    0.12266462    0.12021328    0.10623490    0.10850153    0.15283952    0.14786324    0.00000000    0.01617876    0.05001439    0.04994386    0.41711468    0.43467174    0.38668959    0.43386516    0.41739168    0.42556052    0.47552884    0.41965150    0.39240926    0.38920107    0.38600677    0.40476894
T2             0.40866309    0.13009166    0.12266462    0.12512805    0.10623490    0.10850153    0.14765710    0.14016931    0.01617876    0.00000000    0.05001439    0.04994386    0.42123277    0.43889419    0.38668959    0.42969558    0.40935425    0.41739168    0.47108096    0.41151583    0.39631792    0.39309450    0.38988510    0.40883680
T17            0.39108093    0.12066935    0.11333315    0.11333315    0.09238602    0.09461378    0.14313056    0.14334733    0.05001439    0.05001439    0.00000000    0.01212490    0.40724292    0.42456978    0.38350785    0.43633143    0.40351053    0.40351053    0.46930204    0.40170410    0.37899253    0.37584030    0.37270150    0.40151950
T3             0.39043785    0.12050968    0.11319141    0.11561894    0.09226608    0.09449554    0.14292171    0.14313056    0.04994386    0.04994386    0.01212490    0.00000000    0.40646761    0.42792186    0.38668959    0.42711952    0.40280729    0.41078063    0.47285648    0.40897896    0.37833926    0.37518802    0.37205021    0.40073393
T19            0.18877548    0.40974168    0.38988510    0.40422818    0.40974168    0.42957221    0.45177998    0.44401089    0.41711468    0.42123277    0.40724292    0.40646761    0.00000000    0.06266387    0.14947138    0.17555731    0.16225579    0.15703278    0.20313888    0.14252788    0.17164414    0.16918755    0.16673959    0.17695029
T10            0.19384909    0.43549382    0.41888329    0.41739168    0.42711952    0.44744768    0.47922893    0.47113977    0.43467174    0.43889419    0.42456978    0.42792186    0.06266387    0.00000000    0.14691337    0.17778909    0.16448762    0.16976579    0.20036814    0.14947138    0.16868709    0.16623377    0.16378911    0.17924358
T7             0.18877548    0.41226571    0.39631792    0.39631792    0.40974168    0.41303026    0.43467174    0.42711952    0.38668959    0.38668959    0.38350785    0.38668959    0.14947138    0.14691337    0.00000000    0.10863908    0.11270019    0.11752011    0.15619746    0.10348635    0.16868709    0.16623377    0.16378911    0.16448762
T20            0.22411391    0.44921731    0.44058990    0.44574195    0.45615017    0.45267568    0.46487382    0.45698566    0.43386516    0.42969558    0.43633143    0.42711952    0.17555731    0.17778909    0.10863908    0.00000000    0.15242468    0.15283952    0.19276081    0.14016931    0.19254708    0.19002795    0.18751784    0.17982842
T23            0.19371127    0.41813001    0.40211848    0.41264965    0.42221438    0.42969558    0.44330301    0.44410005    0.41739168    0.40935425    0.40351053    0.40280729    0.16225579    0.16448762    0.11270019    0.15242468    0.00000000    0.10158872    0.14168361    0.08782870    0.18943635    0.18692119    0.18441507    0.18796050
T15            0.20182112    0.42221438    0.40607351    0.40866309    0.41407876    0.41888329    0.46048451    0.45698566    0.42556052    0.41739168    0.40351053    0.41078063    0.15703278    0.16976579    0.11752011    0.15283952    0.10158872    0.00000000    0.12457978    0.07650640    0.19214696    0.18962446    0.18711106    0.18523508
T14            0.23096919    0.48548523    0.46753200    0.47911471    0.47376986    0.48001668    0.53767366    0.52394691    0.47552884    0.47108096    0.46930204    0.47285648    0.20313888    0.20036814    0.15619746    0.19276081    0.14168361    0.12457978    0.00000000    0.10348635    0.22654077    0.22390157    0.22127230    0.22744260
T8             0.18877548    0.40025739    0.38468252    0.39495921    0.40422818    0.41151583    0.45436924    0.45090041    0.41965150    0.41151583    0.40170410    0.40897896    0.14252788    0.14947138    0.10348635    0.14016931    0.08782870    0.07650640    0.10348635    0.00000000    0.17924358    0.17676247    0.17429017    0.17778909
T4             0.16535833    0.37899253    0.36394529    0.37271354    0.37769957    0.38853095    0.42816348    0.43307409    0.39240926    0.39631792    0.37899253    0.37833926    0.17164414    0.16868709    0.16868709    0.19254708    0.18943635    0.19214696    0.22654077    0.17924358    0.00000000    0.00200301    0.00401206    0.11241205
T6             0.16289905    0.37584030    0.36084946    0.36957854    0.37454920    0.38533774    0.42480385    0.42969558    0.38920107    0.39309450    0.37584030    0.37518802    0.16918755    0.16623377    0.16623377    0.19002795    0.18692119    0.18962446    0.22390157    0.17676247    0.00200301    0.00000000    0.00602719    0.11011917
T12            0.16044858    0.37270150    0.35776663    0.36645691    0.37141226    0.38215831    0.42556052    0.42633241    0.38600677    0.38988510    0.37270150    0.37205021    0.16673959    0.16378911    0.16378911    0.18751784    0.18441507    0.18711106    0.22127230    0.17429017    0.00401206    0.00602719    0.00000000    0.10783397
T22            0.17333793    0.41623527    0.39996253    0.39450710    0.40398129    0.41541199    0.45267568    0.44488498    0.40476894    0.40883680    0.40151950    0.40073393    0.17695029    0.17924358    0.16448762    0.17982842    0.18796050    0.18523508    0.22744260    0.17778909    0.11241205    0.11011917    0.10783397    0.00000000

