24
T15            0.00000000    0.34743882    0.39565610    0.31211244    0.30965028    0.29029470    0.30432602    0.36278453    0.34861473    0.33074377    0.33074377    0.32777535    0.32672680    0.28786833    0.29767773    0.29905990    0.31155849    0.31738795    0.37143404    0.28546533    0.23797828    0.25276589    0.30255416    0.31753342
T16            0.34743882    0.00000000    0.06988498    0.25313757    0.22972691    0.20182087    0.21897168    0.28960348    0.26372289    0.24053421    0.24053421    0.23485653    0.24093847    0.25288653    0.24976969    0.23649566    0.24177617    0.24625885    0.29360178    0.21224689    0.20182087    0.21996800    0.27863405    0.29967777
T4             0.39565610    0.06988498    0.00000000    0.31602080    0.29006486    0.26479466    0.29053725    0.34082124    0.31311146    0.28820179    0.28820179    0.28211327    0.28869605    0.30158844    0.29820799    0.28743515    0.29306368    0.30445222    0.35687514    0.27055805    0.25547327    0.26920239    0.31841456    0.34069112
T11            0.31211244    0.25313757    0.31602080    0.00000000    0.03488833    0.06714482    0.08782986    0.24598985    0.23039381    0.19423839    0.19423839    0.19172881    0.21092723    0.19703265    0.19423839    0.17631197    0.18123976    0.18073581    0.23975493    0.16846830    0.17164756    0.20463875    0.26329909    0.26261446
T2             0.30965028    0.22972691    0.29006486    0.03488833    0.00000000    0.05402953    0.06743567    0.22879925    0.20492018    0.17556168    0.17556168    0.17310698    0.19172881    0.18646472    0.18371657    0.16872193    0.17903765    0.17532874    0.22482203    0.15785476    0.16937519    0.19675688    0.26091886    0.25714246
T12            0.29029470    0.20182087    0.26479466    0.06714482    0.05402953    0.00000000    0.05859581    0.21749972    0.19119942    0.17042522    0.17042522    0.16798620    0.17556168    0.17580322    0.17310698    0.15831363    0.16846830    0.16489158    0.21996800    0.15024492    0.16169188    0.17826521    0.25138129    0.25748155
T19            0.30432602    0.21897168    0.29053725    0.08782986    0.06743567    0.05859581    0.00000000    0.21806008    0.18895780    0.16290231    0.16290231    0.16313334    0.17605332    0.17360108    0.17090483    0.15615895    0.16629490    0.16004731    0.21704282    0.14808085    0.16732631    0.18646472    0.24298560    0.25748155
T22            0.36278453    0.28960348    0.34082124    0.24598985    0.22879925    0.21749972    0.21806008    0.00000000    0.08280958    0.10555756    0.10555756    0.09876992    0.09844399    0.16267961    0.15482396    0.14253076    0.15242792    0.15983989    0.21092723    0.14017217    0.23673482    0.26440504    0.32869487    0.34169018
T20            0.34861473    0.26372289    0.31311146    0.23039381    0.20492018    0.19119942    0.18895780    0.08280958    0.00000000    0.08078418    0.08078418    0.07840772    0.08280958    0.14853350    0.14077933    0.12869824    0.13843272    0.14528856    0.19539931    0.13101645    0.22125415    0.23636658    0.30479768    0.31738795
T10            0.33074377    0.24053421    0.28820179    0.19423839    0.17556168    0.17042522    0.16290231    0.10555756    0.08078418    0.00000000    0.00000000    0.01210018    0.03705416    0.13609390    0.12849695    0.11453716    0.12408465    0.12580276    0.17440578    0.10700649    0.20237687    0.21996800    0.29006486    0.30240632
T23            0.33074377    0.24053421    0.28820179    0.19423839    0.17556168    0.17042522    0.16290231    0.10555756    0.08078418    0.00000000    0.00000000    0.01210018    0.03705416    0.13609390    0.12849695    0.11453716    0.12408465    0.12580276    0.17440578    0.10700649    0.20237687    0.21996800    0.29006486    0.30240632
T5             0.32777535    0.23485653    0.28211327    0.19172881    0.17310698    0.16798620    0.16313334    0.09876992    0.07840772    0.01210018    0.01210018    0.00000000    0.03284759    0.13122412    0.12368449    0.10981129    0.11929480    0.12101383    0.17196517    0.10233886    0.19703265    0.21446841    0.28072764    0.29289478
T17            0.32672680    0.24093847    0.28869605    0.21092723    0.19172881    0.17556168    0.17605332    0.09844399    0.08280958    0.03705416    0.03705416    0.03284759    0.00000000    0.14616689    0.13843272    0.12429604    0.13398465    0.13567597    0.18790882    0.11662010    0.20492018    0.22256028    0.29620791    0.30528078
T1             0.28786833    0.25288653    0.30158844    0.19703265    0.18646472    0.17580322    0.17360108    0.16267961    0.14853350    0.13609390    0.13609390    0.13122412    0.14616689    0.00000000    0.01833235    0.04565712    0.05425703    0.09697391    0.14313380    0.08354738    0.19119942    0.20266851    0.27624251    0.26604886
T13            0.29767773    0.24976969    0.29820799    0.19423839    0.18371657    0.17310698    0.17090483    0.15482396    0.14077933    0.12849695    0.12849695    0.12368449    0.13843272    0.01833235    0.00000000    0.04133712    0.04988027    0.09226727    0.13801739    0.07891703    0.18844371    0.19984263    0.26365723    0.25987322
T6             0.29905990    0.23649566    0.28743515    0.17631197    0.16872193    0.15831363    0.15615895    0.14253076    0.12869824    0.11453716    0.11453716    0.10981129    0.12429604    0.04565712    0.04133712    0.00000000    0.01210947    0.07661786    0.11643481    0.06354098    0.18150471    0.19289374    0.26245903    0.26479466
T21            0.31155849    0.24177617    0.29306368    0.18123976    0.17903765    0.16846830    0.16629490    0.15242792    0.13843272    0.12408465    0.12408465    0.11929480    0.13398465    0.05425703    0.04988027    0.01210947    0.00000000    0.08330129    0.12599010    0.07010905    0.19200681    0.20359771    0.27429333    0.27029854
T18            0.31738795    0.24625885    0.30445222    0.18073581    0.17532874    0.16489158    0.16004731    0.15983989    0.14528856    0.12580276    0.12580276    0.12101383    0.13567597    0.09697391    0.09226727    0.07661786    0.08330129    0.00000000    0.10159018    0.04783121    0.18049687    0.20013531    0.26091886    0.27267871
T9             0.37143404    0.29360178    0.35687514    0.23975493    0.22482203    0.21996800    0.21704282    0.21092723    0.19539931    0.17440578    0.17440578    0.17196517    0.18790882    0.14313380    0.13801739    0.11643481    0.12599010    0.10159018    0.00000000    0.07650731    0.23268670    0.24135246    0.30768365    0.31255994
T0             0.28546533    0.21224689    0.27055805    0.16846830    0.15785476    0.15024492    0.14808085    0.14017217    0.13101645    0.10700649    0.10700649    0.10233886    0.11662010    0.08354738    0.07891703    0.06354098    0.07010905    0.04783121    0.07650731    0.00000000    0.16510451    0.17605332    0.24063883    0.24901229
T3             0.23797828    0.20182087    0.25547327    0.17164756    0.16937519    0.16169188    0.16732631    0.23673482    0.22125415    0.20237687    0.20237687    0.19703265    0.20492018    0.19119942    0.18844371    0.18150471    0.19200681    0.18049687    0.23268670    0.16510451    0.00000000    0.10146237    0.14659290    0.16692884
T8             0.25276589    0.21996800    0.26920239    0.20463875    0.19675688    0.17826521    0.18646472    0.26440504    0.23636658    0.21996800    0.21996800    0.21446841    0.22256028    0.20266851    0.19984263    0.19289374    0.20359771    0.20013531    0.24135246    0.17605332    0.10146237    0.00000000    0.16449104    0.17695403
T14            0.30255416    0.27863405    0.31841456    0.26329909    0.26091886    0.25138129    0.24298560    0.32869487    0.30479768    0.29006486    0.29006486    0.28072764    0.29620791    0.27624251    0.26365723    0.26245903    0.27429333    0.26091886    0.30768365    0.24063883    0.14659290    0.16449104    0.00000000    0.05419010
T7             0.31753342    0.29967777    0.34069112    0.26261446    0.25714246    0.25748155    0.25748155    0.34169018    0.31738795    0.30240632    0.30240632    0.29289478    0.30528078    0.26604886    0.25987322    0.26479466    0.27029854    0.27267871    0.31255994    0.24901229    0.16692884    0.17695403    0.05419010    0.00000000

