24
T22            0.00000000    0.45486823    0.48012852    0.44791356    0.19094579    0.19598165    0.19876013    0.23702819    0.22385593    0.19928142    0.19675381    0.16997778    0.17735487    0.18501974    0.21003118    0.20410120    0.23114404    0.25287673    0.23324698    0.24179048    0.18211447    0.19234640    0.10575362    0.09876975
T5             0.45486823    0.00000000    0.11233332    0.10112296    0.35723332    0.35290131    0.35639934    0.41931618    0.42941798    0.39551433    0.39226749    0.39066592    0.38903513    0.40483034    0.42541557    0.41972675    0.45231945    0.46175139    0.45467341    0.45524424    0.43617967    0.43171736    0.41750568    0.41143740
T8             0.48012852    0.11233332    0.00000000    0.11510564    0.38384176    0.38294007    0.38294007    0.42819379    0.43843566    0.42760538    0.42422322    0.43070516    0.42481158    0.44248668    0.46468267    0.45835443    0.47258068    0.48642985    0.47488219    0.47552261    0.47552261    0.46232145    0.43686757    0.43887377
T1             0.44791356    0.10112296    0.11510564    0.00000000    0.35723332    0.35639934    0.35992202    0.42330265    0.44162127    0.39175297    0.38852023    0.40873442    0.40697138    0.40587082    0.42667040    0.41693290    0.45354635    0.46707823    0.45583219    0.45643720    0.44534445    0.43671918    0.40697138    0.40873442
T13            0.19094579    0.35723332    0.38384176    0.35723332    0.00000000    0.01210946    0.01415449    0.15223112    0.13711607    0.16206042    0.15963937    0.14453725    0.15169541    0.15137968    0.17488720    0.16412391    0.19234640    0.20748257    0.19996453    0.20528557    0.17596061    0.18082157    0.16395373    0.16448988
T19            0.19598165    0.35290131    0.38294007    0.35639934    0.01210946    0.00000000    0.00200401    0.16225770    0.14437015    0.16692783    0.16448988    0.14930116    0.15650882    0.16135585    0.18523792    0.17429320    0.20292685    0.21825702    0.21064679    0.21044522    0.18095150    0.18585332    0.16363913    0.16412391
T3             0.19876013    0.35639934    0.38294007    0.35992202    0.01415449    0.00200401    0.00000000    0.16488983    0.14183807    0.16956689    0.16712200    0.15186573    0.15909327    0.16395373    0.18796335    0.17695332    0.20570529    0.22107459    0.21344859    0.21323917    0.18359748    0.18850632    0.16623700    0.16674221
T20            0.23702819    0.41931618    0.42819379    0.42330265    0.15223112    0.16225770    0.16488983    0.00000000    0.06926354    0.24096929    0.23830949    0.20975247    0.21805708    0.21130896    0.23733363    0.22532838    0.26294835    0.28559751    0.27123333    0.27401651    0.23206329    0.24009779    0.19977464    0.21154873
T12            0.22385593    0.42941798    0.43843566    0.44162127    0.13711607    0.14437015    0.14183807    0.06926354    0.00000000    0.21896745    0.21638190    0.18869355    0.19675381    0.19851314    0.23301937    0.22094809    0.26166268    0.28745752    0.26990534    0.27267403    0.21323917    0.22107459    0.17907004    0.19047063
T9             0.19928142    0.39551433    0.42760538    0.39175297    0.16206042    0.16692783    0.16956689    0.24096929    0.21896745    0.00000000    0.00200301    0.10893696    0.11091225    0.14727048    0.16775558    0.15742699    0.19423519    0.22065522    0.20181808    0.20436387    0.19162059    0.20198684    0.18252727    0.18049468
T21            0.19675381    0.39226749    0.42422322    0.38852023    0.15963937    0.16448988    0.16712200    0.23830949    0.21638190    0.00200301    0.00000000    0.10667501    0.10863973    0.14489575    0.16532354    0.15502406    0.19172548    0.21805708    0.19928142    0.20181808    0.18909225    0.19942308    0.18004363    0.17802264
T2             0.16997778    0.39066592    0.43070516    0.40873442    0.14453725    0.14930116    0.15186573    0.20975247    0.18869355    0.10893696    0.10667501    0.00000000    0.01824790    0.11534745    0.13728004    0.12498049    0.16468562    0.19003143    0.16937432    0.17448248    0.16311386    0.17831945    0.14898193    0.14947313
T23            0.17735487    0.38903513    0.42481158    0.40697138    0.15169541    0.15650882    0.15909327    0.21805708    0.19675381    0.11091225    0.10863973    0.01824790    0.00000000    0.12716394    0.14947313    0.13696007    0.17202036    0.19761689    0.17676572    0.18192140    0.17570119    0.18585332    0.15620027    0.15667573
T0             0.18501974    0.40483034    0.44248668    0.40587082    0.15137968    0.16135585    0.16395373    0.21130896    0.19851314    0.14727048    0.14489575    0.11534745    0.12716394    0.00000000    0.04139511    0.03077504    0.13226665    0.15909327    0.13183617    0.14674969    0.16774467    0.18300517    0.16105470    0.15378577
T4             0.21003118    0.42541557    0.46468267    0.42667040    0.17488720    0.18523792    0.18796335    0.23733363    0.23301937    0.16775558    0.16532354    0.13728004    0.14947313    0.04139511    0.00000000    0.02650474    0.15742699    0.17983126    0.15685103    0.17242819    0.18333284    0.19896679    0.19024652    0.18004363
T11            0.20410120    0.41972675    0.45835443    0.41693290    0.16412391    0.17429320    0.17695332    0.22532838    0.22094809    0.15742699    0.15502406    0.12498049    0.13696007    0.03077504    0.02650474    0.00000000    0.14471246    0.16674221    0.14421118    0.15944894    0.17538001    0.19614510    0.17924705    0.17182942
T7             0.23114404    0.45231945    0.47258068    0.45354635    0.19234640    0.20292685    0.20570529    0.26294835    0.26166268    0.19423519    0.19172548    0.16468562    0.17202036    0.13226665    0.15742699    0.14471246    0.00000000    0.03274698    0.01414104    0.02444362    0.21757210    0.23397532    0.21697619    0.21723209
T18            0.25287673    0.46175139    0.48642985    0.46707823    0.20748257    0.21825702    0.22107459    0.28559751    0.28745752    0.22065522    0.21805708    0.19003143    0.19761689    0.15909327    0.17983126    0.16674221    0.03274698    0.00000000    0.03483170    0.04545225    0.24191066    0.25885403    0.23832209    0.23857585
T17            0.23324698    0.45467341    0.47488219    0.45583219    0.19996453    0.21064679    0.21344859    0.27123333    0.26990534    0.20181808    0.19928142    0.16937432    0.17676572    0.13183617    0.15685103    0.14421118    0.01414104    0.03483170    0.00000000    0.02650474    0.22549865    0.24206661    0.22481558    0.21933485
T16            0.24179048    0.45524424    0.47552261    0.45643720    0.20528557    0.21044522    0.21323917    0.27401651    0.27267403    0.20436387    0.20181808    0.17448248    0.18192140    0.14674969    0.17242819    0.15944894    0.02444362    0.04545225    0.02650474    0.00000000    0.22816123    0.24478490    0.22744823    0.22769821
T14            0.18211447    0.43617967    0.47552261    0.44534445    0.17596061    0.18095150    0.18359748    0.23206329    0.21323917    0.19162059    0.18909225    0.16311386    0.17570119    0.16774467    0.18333284    0.17538001    0.21757210    0.24191066    0.22549865    0.22816123    0.00000000    0.02859685    0.15605868    0.15364229
T6             0.19234640    0.43171736    0.46232145    0.43671918    0.18082157    0.18585332    0.18850632    0.24009779    0.22107459    0.20198684    0.19942308    0.17831945    0.18585332    0.18300517    0.19896679    0.19614510    0.23397532    0.25885403    0.24206661    0.24478490    0.02859685    0.00000000    0.16594352    0.16349478
T10            0.10575362    0.41750568    0.43686757    0.40697138    0.16395373    0.16363913    0.16623700    0.19977464    0.17907004    0.18252727    0.18004363    0.14898193    0.15620027    0.16105470    0.19024652    0.17924705    0.21697619    0.23832209    0.22481558    0.22744823    0.15605868    0.16594352    0.00000000    0.02028045
T15            0.09876975    0.41143740    0.43887377    0.40873442    0.16448988    0.16412391    0.16674221    0.21154873    0.19047063    0.18049468    0.17802264    0.14947313    0.15667573    0.15378577    0.18004363    0.17182942    0.21723209    0.23857585    0.21933485    0.22769821    0.15364229    0.16349478    0.02028045    0.00000000

