24
T7             0.00000000    0.17429680    0.23274888    0.22195503    0.19805166    0.20897830    0.20897830    0.20571010    0.22533514    0.23144007    0.29669140    0.26749888    0.27682049    0.18502440    0.18524292    0.19299206    0.17183309    0.32642002    0.30677117    0.16468977    0.15667889    0.15426978    0.15927027    0.15909637
T19            0.17429680    0.00000000    0.16395670    0.21934046    0.16901820    0.19529589    0.19529589    0.19529589    0.20059520    0.19805166    0.27306164    0.24126170    0.24421279    0.16135860    0.16152228    0.16901820    0.20105949    0.35857544    0.33419893    0.17243280    0.17489176    0.17243280    0.16693162    0.17735937
T20            0.23274888    0.16395670    0.00000000    0.27058679    0.23970045    0.26605620    0.26605620    0.26605620    0.26881674    0.27230953    0.33885716    0.30386803    0.31377505    0.21155458    0.21180423    0.22037926    0.26330627    0.39630051    0.37418178    0.21649849    0.20828161    0.20571010    0.21065103    0.23734244
T17            0.22195503    0.21934046    0.27058679    0.00000000    0.13277153    0.14746423    0.14746423    0.15004228    0.16026562    0.15785727    0.20314798    0.18004841    0.18547032    0.23734244    0.23765831    0.24901867    0.27230953    0.42197557    0.39012964    0.25894864    0.26167529    0.25894864    0.25241098    0.26678133
T9             0.19805166    0.16901820    0.23970045    0.13277153    0.00000000    0.04770640    0.04770640    0.04770640    0.05638840    0.04988050    0.19070932    0.16268225    0.16532860    0.20385381    0.20410765    0.21206333    0.22880459    0.36902884    0.35389995    0.20747699    0.21003874    0.20747699    0.20156064    0.21491346
T3             0.20897830    0.19529589    0.26605620    0.14746423    0.04770640    0.00000000    0.00401611    0.01210949    0.05852618    0.05638840    0.19828071    0.17264996    0.18073909    0.22588789    0.22617885    0.22851484    0.24267799    0.40148644    0.37790215    0.22157151    0.22710976    0.22449680    0.21835935    0.23269227
T22            0.20897830    0.19529589    0.26605620    0.14746423    0.04770640    0.00401611    0.00000000    0.01210949    0.05852618    0.05638840    0.20105949    0.17533181    0.18346485    0.22588789    0.22617885    0.22851484    0.24267799    0.40148644    0.37790215    0.22157151    0.22710976    0.22449680    0.21835935    0.23269227
T12            0.20571010    0.19529589    0.26605620    0.15004228    0.04770640    0.01210949    0.01210949    0.00000000    0.05852618    0.05638840    0.20666387    0.17533181    0.18346485    0.22298813    0.22327064    0.22560664    0.24267799    0.40148644    0.37790215    0.22386454    0.22941336    0.22678981    0.22066300    0.23500652
T16            0.22533514    0.20059520    0.26881674    0.16026562    0.05638840    0.05852618    0.05852618    0.05852618    0.00000000    0.02866544    0.21777996    0.18321846    0.19424222    0.23734244    0.23765831    0.24901867    0.25442878    0.38923250    0.37847455    0.23533328    0.23798409    0.23533328    0.22910410    0.25205967
T21            0.23144007    0.19805166    0.27230953    0.15785727    0.04988050    0.05638840    0.05638840    0.05638840    0.02866544    0.00000000    0.22095630    0.18620557    0.18896141    0.23468959    0.23500652    0.24331541    0.25783791    0.39757673    0.37906073    0.24471068    0.24738792    0.24471068    0.23831977    0.24632890
T23            0.29669140    0.27306164    0.33885716    0.20314798    0.19070932    0.19828071    0.20105949    0.20666387    0.21777996    0.22095630    0.00000000    0.05613063    0.06271021    0.27751630    0.27788066    0.28349543    0.33073642    0.49004315    0.47851746    0.32573784    0.32525580    0.32229911    0.31504480    0.32729774
T14            0.26749888    0.24126170    0.30386803    0.18004841    0.16268225    0.17264996    0.17533181    0.17533181    0.18321846    0.18620557    0.05613063    0.00000000    0.02236462    0.26295866    0.26330627    0.27194336    0.29030353    0.46230467    0.43423270    0.29439560    0.29396824    0.29112567    0.28183883    0.29600250
T15            0.27682049    0.24421279    0.31377505    0.18547032    0.16532860    0.18073909    0.18346485    0.18346485    0.19424222    0.18896141    0.06271021    0.02236462    0.00000000    0.26678133    0.26715979    0.27585274    0.30921246    0.48555248    0.45643179    0.30433584    0.30387558    0.30100039    0.29396824    0.30256380
T0             0.18502440    0.16135860    0.21155458    0.23734244    0.20385381    0.22588789    0.22588789    0.22298813    0.23734244    0.23468959    0.27751630    0.26295866    0.26678133    0.00000000    0.00200301    0.03064612    0.21003874    0.34882539    0.32822460    0.17779652    0.18026990    0.17779652    0.17757359    0.19424222
T6             0.18524292    0.16152228    0.21180423    0.23765831    0.20410765    0.22617885    0.22617885    0.22327064    0.23765831    0.23500652    0.27788066    0.26330627    0.26715979    0.00200301    0.00000000    0.02857227    0.21032716    0.34829417    0.32775504    0.17802813    0.18050013    0.17802813    0.17779652    0.19397422
T13            0.19299206    0.16901820    0.22037926    0.24901867    0.21206333    0.22851484    0.22851484    0.22560664    0.24901867    0.24331541    0.28349543    0.27194336    0.27585274    0.03064612    0.02857227    0.00000000    0.22125915    0.36533592    0.35134976    0.18844728    0.18547032    0.18298084    0.18275201    0.20464299
T4             0.17183309    0.20105949    0.26330627    0.27230953    0.22880459    0.24267799    0.24267799    0.24267799    0.25442878    0.25783791    0.33073642    0.29030353    0.30921246    0.21003874    0.21032716    0.22125915    0.00000000    0.23006098    0.19322408    0.15463254    0.15186899    0.14947644    0.13947580    0.15426978
T1             0.32642002    0.35857544    0.39630051    0.42197557    0.36902884    0.40148644    0.40148644    0.40148644    0.38923250    0.39757673    0.49004315    0.46230467    0.48555248    0.34882539    0.34829417    0.36533592    0.23006098    0.00000000    0.05206411    0.29070900    0.30011352    0.29724890    0.28464935    0.31983687
T11            0.30677117    0.33419893    0.37418178    0.39012964    0.35389995    0.37790215    0.37790215    0.37790215    0.37847455    0.37906073    0.47851746    0.43423270    0.45643179    0.32822460    0.32775504    0.35134976    0.19322408    0.05206411    0.00000000    0.25955264    0.27472441    0.27194336    0.25988021    0.29030353
T2             0.16468977    0.17243280    0.21649849    0.25894864    0.20747699    0.22157151    0.22157151    0.22386454    0.23533328    0.24471068    0.32573784    0.29439560    0.30433584    0.17779652    0.17802813    0.18844728    0.15463254    0.29070900    0.25955264    0.00000000    0.03077527    0.02870919    0.01619028    0.13026463
T18            0.15667889    0.17489176    0.20828161    0.26167529    0.21003874    0.22710976    0.22710976    0.22941336    0.23798409    0.24738792    0.32525580    0.29396824    0.30387558    0.18026990    0.18050013    0.18547032    0.15186899    0.30011352    0.27472441    0.03077527    0.00000000    0.00200301    0.01826990    0.13510946
T8             0.15426978    0.17243280    0.20571010    0.25894864    0.20747699    0.22449680    0.22449680    0.22678981    0.23533328    0.24471068    0.32229911    0.29112567    0.30100039    0.17779652    0.17802813    0.18298084    0.14947644    0.29724890    0.27194336    0.02870919    0.00200301    0.00000000    0.02031414    0.13277153
T10            0.15927027    0.16693162    0.21065103    0.25241098    0.20156064    0.21835935    0.21835935    0.22066300    0.22910410    0.23831977    0.31504480    0.28183883    0.29396824    0.17757359    0.17779652    0.18275201    0.13947580    0.28464935    0.25988021    0.01619028    0.01826990    0.02031414    0.00000000    0.12760749
T5             0.15909637    0.17735937    0.23734244    0.26678133    0.21491346    0.23269227    0.23269227    0.23500652    0.25205967    0.24632890    0.32729774    0.29600250    0.30256380    0.19424222    0.19397422    0.20464299    0.15426978    0.31983687    0.29030353    0.13026463    0.13510946    0.13277153    0.12760749    0.00000000

