24
T16            0.00000000    0.19256044    0.16776568    0.17043347    0.16733373    0.16489890    0.22962968    0.17265508    0.17243769    0.16938225    0.19575384    0.20386039    0.23469896    0.18595786    0.18595786    0.18253715    0.18774812    0.27403786    0.27403786    0.25683097    0.25107721    0.25410936    0.46240356    0.46157793
T22            0.19256044    0.00000000    0.06921790    0.07144534    0.15364724    0.15123934    0.19424929    0.17984061    0.17925472    0.18424392    0.23941446    0.24208971    0.26296987    0.21465348    0.21465348    0.21108978    0.21367865    0.31379025    0.31379025    0.30795393    0.29928730    0.30257928    0.50669854    0.50298016
T5             0.16776568    0.06921790    0.00000000    0.00200402    0.11306213    0.11078046    0.15403095    0.14509495    0.14454375    0.14675570    0.20748477    0.21004654    0.24435820    0.18372642    0.18372642    0.17757873    0.18050577    0.28426733    0.28426733    0.27547889    0.27348641    0.27667345    0.48199066    0.47839467
T0             0.17043347    0.07144534    0.00200402    0.00000000    0.11548407    0.11319655    0.15667762    0.14766658    0.14709563    0.14930757    0.21033527    0.21290520    0.24739969    0.18647498    0.18647498    0.18027529    0.18322438    0.28748510    0.28748510    0.27865574    0.27667345    0.27988097    0.48656399    0.48294719
T15            0.16733373    0.15364724    0.11306213    0.11548407    0.00000000    0.00200301    0.09724639    0.14727783    0.15445076    0.15927403    0.19299777    0.20106577    0.23469896    0.18050577    0.18050577    0.18298650    0.18820945    0.28670534    0.28670534    0.27547889    0.27269949    0.27586628    0.48466183    0.48828962
T6             0.16489890    0.15123934    0.11078046    0.11319655    0.00200301    0.00000000    0.09501621    0.14490314    0.15205158    0.15685823    0.19048156    0.19852520    0.23205593    0.17803376    0.17803376    0.18050577    0.18571251    0.28388222    0.28388222    0.27269949    0.26993080    0.27308759    0.48105163    0.48466183
T20            0.22962968    0.19424929    0.15403095    0.15667762    0.09724639    0.09501621    0.00000000    0.18823595    0.19855872    0.20647800    0.25966550    0.26237948    0.28693749    0.23304958    0.23304958    0.22886476    0.23148355    0.31449745    0.31449745    0.31209501    0.31024517    0.31368474    0.50424072    0.50321177
T23            0.17265508    0.17984061    0.14509495    0.14766658    0.14727783    0.14490314    0.18823595    0.00000000    0.07650910    0.08319077    0.21094056    0.21125706    0.24509658    0.17066931    0.17066931    0.16776568    0.17020613    0.30819552    0.30819552    0.29576239    0.29056400    0.29387801    0.49193517    0.49559866
T10            0.17243769    0.17925472    0.14454375    0.14709563    0.15445076    0.15205158    0.19855872    0.07650910    0.00000000    0.04343658    0.21867210    0.21898578    0.25008699    0.18074499    0.18074499    0.17780190    0.18027529    0.30101736    0.30101736    0.28873823    0.29339404    0.29671907    0.49374919    0.49742477
T17            0.16938225    0.18424392    0.14675570    0.14930757    0.15927403    0.15685823    0.20647800    0.08319077    0.04343658    0.00000000    0.22096485    0.22126802    0.25242244    0.18571251    0.18571251    0.17736427    0.17984061    0.31258753    0.31258753    0.30012945    0.30147842    0.30482568    0.48299062    0.48662038
T8             0.19575384    0.23941446    0.20748477    0.21033527    0.19299777    0.19048156    0.25966550    0.21094056    0.21867210    0.22096485    0.00000000    0.02031421    0.05200243    0.10384667    0.10384667    0.13932408    0.14421682    0.30967761    0.30967761    0.30723984    0.28548899    0.28873823    0.52301996    0.52683314
T3             0.20386039    0.24208971    0.21004654    0.21290520    0.20106577    0.19852520    0.26237948    0.21125706    0.21898578    0.22126802    0.02031421    0.00000000    0.04338667    0.10850631    0.10850631    0.14421682    0.14914338    0.30589312    0.30589312    0.30344332    0.28185294    0.28507074    0.50766045    0.51140084
T9             0.23469896    0.26296987    0.24435820    0.24739969    0.23469896    0.23205593    0.28693749    0.24509658    0.25008699    0.25242244    0.05200243    0.04338667    0.00000000    0.13477287    0.13477287    0.17757873    0.18275741    0.33870592    0.33870592    0.34690641    0.32380224    0.32727760    0.54058455    0.54448650
T13            0.18595786    0.21465348    0.18372642    0.18647498    0.18050577    0.17803376    0.23304958    0.17066931    0.18074499    0.18571251    0.10384667    0.10850631    0.13477287    0.00000000    0.00000000    0.11806409    0.12282120    0.29530084    0.29530084    0.27667345    0.26442521    0.26756219    0.48373724    0.48736197
T7             0.18595786    0.21465348    0.18372642    0.18647498    0.18050577    0.17803376    0.23304958    0.17066931    0.18074499    0.18571251    0.10384667    0.10850631    0.13477287    0.00000000    0.00000000    0.11806409    0.12282120    0.29530084    0.29530084    0.27667345    0.26442521    0.26756219    0.48373724    0.48736197
T1             0.18253715    0.21108978    0.17757873    0.18027529    0.18298650    0.18050577    0.22886476    0.16776568    0.17780190    0.17736427    0.13932408    0.14421682    0.17757873    0.11806409    0.11806409    0.00000000    0.00602720    0.29316169    0.29316169    0.28748510    0.27905329    0.28226077    0.50591165    0.50964056
T11            0.18774812    0.21367865    0.18050577    0.18322438    0.18820945    0.18571251    0.23148355    0.17020613    0.18027529    0.17984061    0.14421682    0.14914338    0.18275741    0.12282120    0.12282120    0.00602720    0.00000000    0.29928730    0.29928730    0.29356697    0.28507074    0.28830942    0.50964056    0.51338820
T14            0.27403786    0.31379025    0.28426733    0.28748510    0.28670534    0.28388222    0.31449745    0.30819552    0.30101736    0.31258753    0.30967761    0.30589312    0.33870592    0.29530084    0.29530084    0.29316169    0.29928730    0.00000000    0.00000000    0.05846349    0.07177269    0.07403551    0.39826727    0.40151753
T19            0.27403786    0.31379025    0.28426733    0.28748510    0.28670534    0.28388222    0.31449745    0.30819552    0.30101736    0.31258753    0.30967761    0.30589312    0.33870592    0.29530084    0.29530084    0.29316169    0.29928730    0.00000000    0.00000000    0.05846349    0.07177269    0.07403551    0.39826727    0.40151753
T18            0.25683097    0.30795393    0.27547889    0.27865574    0.27547889    0.27269949    0.31209501    0.29576239    0.28873823    0.30012945    0.30723984    0.30344332    0.34690641    0.27667345    0.27667345    0.28748510    0.29356697    0.05846349    0.05846349    0.00000000    0.05867352    0.06089608    0.38540791    0.38860175
T2             0.25107721    0.29928730    0.27348641    0.27667345    0.27269949    0.26993080    0.31024517    0.29056400    0.29339404    0.30147842    0.28548899    0.28185294    0.32380224    0.26442521    0.26442521    0.27905329    0.28507074    0.07177269    0.07177269    0.05867352    0.00000000    0.00200402    0.37713832    0.38030210
T12            0.25410936    0.30257928    0.27667345    0.27988097    0.27586628    0.27308759    0.31368474    0.29387801    0.29671907    0.30482568    0.28873823    0.28507074    0.32727760    0.26756219    0.26756219    0.28226077    0.28830942    0.07403551    0.07403551    0.06089608    0.00200402    0.00000000    0.37713832    0.38410851
T4             0.46240356    0.50669854    0.48199066    0.48656399    0.48466183    0.48105163    0.50424072    0.49193517    0.49374919    0.48299062    0.52301996    0.50766045    0.54058455    0.48373724    0.48373724    0.50591165    0.50964056    0.39826727    0.39826727    0.38540791    0.37713832    0.37713832    0.00000000    0.00602720
T21            0.46157793    0.50298016    0.47839467    0.48294719    0.48828962    0.48466183    0.50321177    0.49559866    0.49742477    0.48662038    0.52683314    0.51140084    0.54448650    0.48736197    0.48736197    0.50964056    0.51338820    0.40151753    0.40151753    0.38860175    0.38030210    0.38410851    0.00602720    0.00000000

