24
T22            0.00000000    0.29385757    0.28094176    0.27933208    0.30468455    0.24210991    0.22484482    0.22484482    0.51713124    0.51242558    0.47947645    0.26508296    0.26476726    0.27000647    0.25592824    0.25896118    0.28094176    0.27811836    0.26388486    0.27279490    0.12950586    0.14676299    0.14676299    0.14884648
T19            0.29385757    0.00000000    0.01008414    0.05419200    0.08550919    0.21263521    0.18504143    0.18504143    0.52767917    0.52285981    0.50778038    0.27949418    0.27908485    0.29401803    0.27629584    0.27629584    0.26753255    0.27094586    0.26299545    0.26334427    0.28673569    0.28995453    0.28995453    0.29066975
T13            0.28094176    0.01008414    0.00000000    0.04338733    0.07412932    0.19878766    0.17184704    0.17184704    0.50494311    0.50032448    0.48566563    0.26407360    0.26370366    0.27829886    0.26096492    0.26096492    0.25564051    0.25896118    0.25109990    0.25142152    0.27373030    0.27685829    0.27685829    0.27784307
T17            0.27933208    0.05419200    0.04338733    0.00000000    0.04565874    0.16470415    0.14422372    0.14422372    0.48204569    0.47757181    0.45898774    0.23835370    0.24101364    0.25823660    0.23239596    0.23536594    0.24210991    0.24839766    0.23472012    0.23503810    0.27550848    0.26921273    0.26921273    0.26085200
T0             0.30468455    0.08550919    0.07412932    0.04565874    0.00000000    0.18051845    0.15686682    0.15686682    0.48293740    0.47844331    0.45119149    0.25087074    0.25356698    0.27116093    0.24474844    0.24780020    0.25752479    0.26407360    0.24706162    0.24742588    0.29774015    0.28792481    0.28792481    0.28214959
T21            0.24210991    0.21263521    0.19878766    0.16470415    0.18051845    0.00000000    0.05425912    0.05425912    0.43404640    0.42987161    0.39121762    0.16777704    0.17289302    0.18299925    0.16512292    0.16512292    0.19278714    0.19625748    0.18299925    0.18548882    0.25209568    0.24839766    0.24839766    0.23860802
T8             0.22484482    0.18504143    0.17184704    0.14422372    0.15686682    0.05425912    0.00000000    0.00401612    0.41021534    0.40622421    0.36911057    0.14931526    0.15686682    0.17203894    0.14931526    0.14931526    0.18175487    0.17964727    0.16939193    0.17184704    0.22854205    0.22509766    0.22509766    0.21586412
T12            0.22484482    0.18504143    0.17184704    0.14422372    0.15686682    0.05425912    0.00401612    0.00000000    0.41021534    0.40622421    0.36911057    0.14931526    0.15686682    0.17203894    0.14931526    0.14931526    0.18175487    0.17964727    0.16939193    0.17184704    0.22854205    0.22509766    0.22509766    0.21586412
T2             0.51713124    0.52767917    0.50494311    0.48204569    0.48293740    0.43404640    0.41021534    0.41021534    0.00000000    0.00602415    0.07205507    0.36346580    0.38547525    0.39901296    0.36467791    0.37218055    0.39577445    0.38993965    0.40693204    0.41021534    0.49764060    0.49111567    0.49111567    0.50494311
T4             0.51242558    0.52285981    0.50032448    0.47757181    0.47844331    0.42987161    0.40622421    0.40622421    0.00602415    0.00000000    0.06978689    0.35612881    0.37782906    0.39121762    0.36096849    0.36841513    0.39193698    0.38611678    0.40295679    0.40622421    0.49300015    0.48656007    0.48656007    0.50032448
T7             0.47947645    0.50778038    0.48566563    0.45898774    0.45119149    0.39121762    0.36911057    0.36911057    0.07205507    0.06978689    0.00000000    0.33327435    0.35421620    0.36717516    0.33435177    0.34147946    0.36430836    0.36485502    0.37847166    0.37782906    0.46508421    0.45466862    0.45466862    0.47230331
T6             0.26508296    0.27949418    0.26407360    0.23835370    0.25087074    0.16777704    0.14931526    0.14931526    0.36346580    0.35612881    0.33327435    0.00000000    0.02859734    0.04120232    0.04765488    0.04765488    0.12214993    0.11983578    0.11548899    0.11778414    0.26060466    0.25381244    0.25381244    0.25291362
T9             0.26476726    0.27908485    0.26370366    0.24101364    0.25356698    0.17289302    0.15686682    0.15686682    0.38547525    0.37782906    0.35421620    0.02859734    0.00000000    0.01824812    0.04760874    0.04760874    0.12203793    0.11972187    0.11293965    0.11523069    0.26645290    0.25958690    0.25958690    0.25564051
T15            0.27000647    0.29401803    0.27829886    0.25823660    0.27116093    0.18299925    0.17203894    0.17203894    0.39901296    0.39121762    0.36717516    0.04120232    0.01824812    0.00000000    0.06055644    0.06055644    0.13394932    0.13159748    0.12471572    0.12704181    0.27792226    0.27094586    0.27094586    0.26693628
T18            0.25592824    0.27629584    0.26096492    0.23239596    0.24474844    0.16512292    0.14931526    0.14931526    0.36467791    0.36096849    0.33435177    0.04765488    0.04760874    0.06055644    0.00000000    0.00804438    0.12458988    0.12226978    0.11065621    0.11535602    0.24602943    0.23943453    0.23943453    0.24451250
T5             0.25896118    0.27629584    0.26096492    0.23536594    0.24780020    0.16512292    0.14931526    0.14931526    0.37218055    0.36841513    0.34147946    0.04765488    0.04760874    0.06055644    0.00804438    0.00000000    0.12458988    0.12226978    0.11065621    0.11535602    0.24602943    0.23943453    0.23943453    0.24451250
T20            0.28094176    0.26753255    0.25564051    0.24210991    0.25752479    0.19278714    0.18175487    0.18175487    0.39577445    0.39193698    0.36430836    0.12214993    0.12203793    0.13394932    0.12458988    0.12458988    0.00000000    0.01619039    0.05206573    0.04982441    0.27933208    0.26693628    0.26693628    0.27170285
T11            0.27811836    0.27094586    0.25896118    0.24839766    0.26407360    0.19625748    0.17964727    0.17964727    0.38993965    0.38611678    0.36485502    0.11983578    0.11972187    0.13159748    0.12226978    0.12226978    0.01619039    0.00000000    0.04776705    0.04554282    0.27652568    0.26416817    0.26416817    0.26890781
T1             0.26388486    0.26299545    0.25109990    0.23472012    0.24706162    0.18299925    0.16939193    0.16939193    0.40693204    0.40295679    0.37847166    0.11548899    0.11293965    0.12471572    0.11065621    0.11065621    0.05206573    0.04776705    0.00000000    0.02238920    0.26232963    0.25866424    0.25866424    0.25186251
T3             0.27279490    0.26334427    0.25142152    0.23503810    0.24742588    0.18548882    0.17184704    0.17184704    0.41021534    0.40622421    0.37782906    0.11778414    0.11523069    0.12704181    0.11535602    0.11535602    0.04982441    0.04554282    0.02238920    0.00000000    0.26885515    0.26508296    0.26508296    0.26665450
T14            0.12950586    0.28673569    0.27373030    0.27550848    0.29774015    0.25209568    0.22854205    0.22854205    0.49764060    0.49300015    0.46508421    0.26060466    0.26645290    0.27792226    0.24602943    0.24602943    0.27933208    0.27652568    0.26232963    0.26885515    0.00000000    0.06720967    0.06720967    0.11778414
T10            0.14676299    0.28995453    0.27685829    0.26921273    0.28792481    0.24839766    0.22509766    0.22509766    0.49111567    0.48656007    0.45466862    0.25381244    0.25958690    0.27094586    0.23943453    0.23943453    0.26693628    0.26416817    0.25866424    0.26508296    0.06720967    0.00000000    0.00000000    0.11995748
T23            0.14676299    0.28995453    0.27685829    0.26921273    0.28792481    0.24839766    0.22509766    0.22509766    0.49111567    0.48656007    0.45466862    0.25381244    0.25958690    0.27094586    0.23943453    0.23943453    0.26693628    0.26416817    0.25866424    0.26508296    0.06720967    0.00000000    0.00000000    0.11995748
T16            0.14884648    0.29066975    0.27784307    0.26085200    0.28214959    0.23860802    0.21586412    0.21586412    0.50494311    0.50032448    0.47230331    0.25291362    0.25564051    0.26693628    0.24451250    0.24451250    0.27170285    0.26890781    0.25186251    0.26665450    0.11778414    0.11995748    0.11995748    0.00000000

