24
T1             0.00000000    0.38535862    0.32609970    0.34258655    0.32376064    0.33346875    0.31747916    0.31715466    0.37749480    0.37749480    0.37479346    0.37163030    0.36848091    0.36848091    0.37262570    0.36038954    0.36268131    0.38901694    0.33311384    0.33614159    0.32675168    0.36309106    0.33649507    0.48423320
T23            0.38535862    0.00000000    0.22974836    0.25896983    0.21382994    0.22158677    0.20777991    0.21034062    0.32036388    0.31353117    0.25009476    0.24740740    0.25009476    0.24169753    0.23603414    0.23502272    0.22824834    0.25379647    0.22942886    0.23502272    0.24033637    0.24269390    0.21725088    0.35784387
T3             0.32609970    0.22974836    0.00000000    0.05632416    0.06727806    0.07606097    0.06288929    0.06504555    0.20977214    0.20977214    0.15025435    0.14787588    0.14509751    0.14037505    0.14057778    0.15723764    0.16450078    0.18693640    0.15445332    0.15945927    0.15138730    0.15877944    0.14141108    0.27270823
T15            0.34258655    0.25896983    0.05632416    0.00000000    0.08771673    0.09673692    0.08783313    0.09004830    0.22911908    0.22911908    0.16533700    0.16291334    0.15524622    0.15524622    0.15546503    0.18322830    0.19347556    0.21109412    0.17758220    0.18276107    0.17963973    0.18193274    0.16920060    0.31743117
T19            0.32376064    0.21382994    0.06727806    0.08771673    0.00000000    0.00804334    0.02866573    0.03497139    0.18821344    0.18821344    0.14057778    0.13822978    0.13802570    0.13082425    0.13102454    0.14235358    0.14914559    0.16885746    0.14472176    0.14966313    0.14421890    0.14392448    0.13184213    0.26443374
T11            0.33346875    0.22158677    0.07606097    0.09673692    0.00804334    0.00000000    0.03701207    0.04338687    0.19852947    0.19852947    0.15025435    0.14787588    0.14766927    0.14037505    0.14057778    0.15205411    0.15893669    0.17891139    0.15445332    0.15945927    0.15394578    0.15364933    0.14141108    0.27587532
T9             0.31747916    0.20777991    0.06288929    0.08783313    0.02866573    0.03701207    0.00000000    0.01008411    0.18027892    0.18027892    0.14078841    0.13844171    0.13822978    0.13102454    0.13123255    0.13243380    0.14675790    0.17165736    0.13728834    0.14217625    0.13932604    0.13159411    0.12214683    0.26482407
T13            0.31715466    0.21034062    0.06504555    0.09004830    0.03497139    0.04338687    0.01008411    0.00000000    0.18276107    0.18276107    0.13802570    0.13568421    0.13548662    0.12831071    0.12850465    0.13227399    0.14914559    0.17412282    0.13964366    0.14454601    0.13667850    0.13394593    0.12446879    0.26757102
T14            0.37749480    0.32036388    0.20977214    0.22911908    0.18821344    0.19852947    0.18027892    0.18276107    0.00000000    0.00804437    0.16396282    0.16675247    0.16396282    0.15651745    0.15668493    0.17642648    0.23566971    0.25534940    0.23971574    0.23942050    0.24181200    0.24181200    0.22221062    0.34173766
T6             0.37749480    0.31353117    0.20977214    0.22911908    0.18821344    0.19852947    0.18027892    0.18276107    0.00804437    0.00000000    0.16396282    0.16675247    0.16396282    0.15651745    0.15668493    0.17148320    0.23859542    0.24937547    0.23971574    0.23942050    0.24181200    0.24719589    0.22746606    0.33821290
T5             0.37479346    0.25009476    0.15025435    0.16533700    0.14057778    0.15025435    0.14078841    0.13802570    0.16396282    0.16396282    0.00000000    0.00602720    0.03063001    0.02440552    0.02442152    0.08045642    0.19048545    0.21985288    0.18050953    0.18571646    0.18797818    0.19026060    0.16675247    0.30436501
T4             0.37163030    0.24740740    0.14787588    0.16291334    0.13822978    0.14787588    0.13844171    0.13568421    0.16675247    0.16675247    0.00602720    0.00000000    0.02855411    0.02234673    0.02236474    0.07825514    0.18797818    0.21156581    0.17803748    0.18322830    0.18547981    0.18775185    0.16431292    0.30148993
T22            0.36848091    0.25009476    0.14509751    0.15524622    0.13802570    0.14766927    0.13822978    0.13548662    0.16396282    0.16396282    0.03063001    0.02855411    0.00000000    0.01823231    0.01824804    0.07818845    0.18775185    0.21132521    0.17511603    0.18027892    0.18254068    0.19026060    0.16675247    0.29115107
T10            0.36848091    0.24169753    0.14037505    0.15524622    0.13082425    0.14037505    0.13102454    0.12831071    0.15651745    0.15651745    0.02440552    0.02234673    0.01823231    0.00000000    0.00805153    0.07155569    0.18005706    0.20617896    0.17020951    0.17534074    0.17758220    0.18525203    0.16188187    0.28874857
T12            0.37262570    0.23603414    0.14057778    0.15546503    0.13102454    0.14057778    0.13123255    0.12850465    0.15668493    0.15668493    0.02442152    0.02236474    0.01824804    0.00805153    0.00000000    0.07162122    0.18027892    0.20642252    0.17043698    0.17557408    0.17780549    0.18547981    0.16207134    0.29247036
T16            0.36038954    0.23502272    0.15723764    0.18322830    0.14235358    0.15205411    0.13243380    0.13227399    0.17642648    0.17148320    0.08045642    0.07825514    0.07818845    0.07155569    0.07162122    0.00000000    0.18732609    0.21368303    0.16938517    0.17984399    0.18212649    0.18443008    0.16120898    0.28709898
T7             0.36268131    0.22824834    0.16450078    0.19347556    0.14914559    0.15893669    0.14675790    0.14914559    0.23566971    0.23859542    0.19048545    0.18797818    0.18775185    0.18005706    0.18027892    0.18732609    0.00000000    0.06944617    0.09450015    0.09909601    0.09887335    0.11293661    0.08963277    0.26919342
T20            0.38901694    0.25379647    0.18693640    0.21109412    0.16885746    0.17891139    0.17165736    0.17412282    0.25534940    0.24937547    0.21985288    0.21156581    0.21132521    0.20617896    0.20642252    0.21368303    0.06944617    0.00000000    0.11764964    0.12239394    0.12458656    0.14169275    0.11500041    0.31215076
T2             0.33311384    0.22942886    0.15445332    0.17758220    0.14472176    0.15445332    0.13728834    0.13964366    0.23971574    0.23971574    0.18050953    0.17803748    0.17511603    0.17020951    0.17043698    0.16938517    0.09450015    0.11764964    0.00000000    0.01619034    0.06296243    0.08298749    0.05846383    0.23705173
T8             0.33614159    0.23502272    0.15945927    0.18276107    0.14966313    0.15945927    0.14217625    0.14454601    0.23942050    0.23942050    0.18571646    0.18322830    0.18027892    0.17534074    0.17557408    0.17984399    0.09909601    0.12239394    0.01619034    0.00000000    0.06735435    0.08750539    0.06282298    0.24568993
T18            0.32675168    0.24033637    0.15138730    0.17963973    0.14421890    0.15394578    0.13932604    0.13667850    0.24181200    0.24181200    0.18797818    0.18547981    0.18254068    0.17758220    0.17780549    0.18212649    0.09887335    0.12458656    0.06296243    0.06735435    0.00000000    0.07606097    0.05621406    0.24806993
T17            0.36309106    0.24269390    0.15877944    0.18193274    0.14392448    0.15364933    0.13159411    0.13394593    0.24181200    0.24719589    0.19026060    0.18775185    0.19026060    0.18525203    0.18547981    0.18443008    0.11293661    0.14169275    0.08298749    0.08750539    0.07606097    0.00000000    0.02656472    0.25651930
T21            0.33649507    0.21725088    0.14141108    0.16920060    0.13184213    0.14141108    0.12214683    0.12446879    0.22221062    0.22746606    0.16675247    0.16431292    0.16675247    0.16188187    0.16207134    0.16120898    0.08963277    0.11500041    0.05846383    0.06282298    0.05621406    0.02656472    0.00000000    0.24238978
T0             0.48423320    0.35784387    0.27270823    0.31743117    0.26443374    0.27587532    0.26482407    0.26757102    0.34173766    0.33821290    0.30436501    0.30148993    0.29115107    0.28874857    0.29247036    0.28709898    0.26919342    0.31215076    0.23705173    0.24568993    0.24806993    0.25651930    0.24238978    0.00000000

