24
T21            0.00000000    0.36388205    0.36433149    0.38579248    0.34940502    0.38849450    0.34795871    0.37254704    0.36527113    0.44642747    0.46894182    0.35335677    0.36731270    0.35131110    0.31776605    0.30212822    0.34326783    0.30384162    0.32682098    0.10623419    0.10623419    0.09684818    0.09461321    0.09215285
T15            0.36388205    0.00000000    0.00200301    0.04343568    0.14391452    0.17714517    0.13711354    0.15222811    0.15186253    0.22354782    0.24597799    0.19228525    0.20042782    0.19258063    0.41915339    0.41527562    0.45414921    0.43278524    0.44436658    0.38742465    0.38742465    0.37940026    0.37622512    0.37204403
T0             0.36433149    0.00200301    0.00000000    0.04133674    0.14405726    0.17735046    0.13727760    0.15242322    0.15204121    0.22094154    0.24329757    0.19258063    0.20073818    0.19288480    0.41969555    0.41580265    0.45480529    0.43342189    0.44503726    0.38799702    0.38799702    0.37993047    0.37675547    0.37254704
T1             0.38579248    0.04343568    0.04133674    0.00000000    0.15378201    0.17942802    0.14691216    0.16225422    0.16186786    0.22587301    0.26054641    0.20012643    0.20835902    0.20042782    0.43097063    0.43497265    0.46676190    0.44918896    0.45267009    0.40153974    0.40153974    0.39331481    0.39008347    0.38579248
T2             0.34940502    0.14391452    0.14405726    0.15378201    0.00000000    0.09438405    0.06296011    0.08308197    0.07849440    0.18501481    0.20615638    0.16753226    0.17532261    0.16289666    0.38953949    0.40481499    0.42459049    0.40153974    0.42459049    0.37306379    0.37306379    0.37254704    0.36939919    0.35455215
T10            0.38849450    0.17714517    0.17735046    0.17942802    0.09438405    0.00000000    0.09238545    0.11348157    0.11348157    0.21437555    0.23643881    0.20805144    0.21637607    0.20042782    0.43067551    0.43067551    0.45833714    0.43954446    0.44714697    0.42933905    0.42933905    0.42057228    0.41723519    0.40481499
T6             0.34795871    0.13711354    0.13727760    0.14691216    0.06296011    0.09238545    0.00000000    0.05662265    0.05220732    0.16956284    0.19024127    0.16336660    0.16578758    0.14829800    0.38742465    0.39503294    0.42933905    0.39949733    0.41857867    0.36003671    0.36003671    0.35238662    0.34931762    0.34185583
T3             0.37254704    0.15222811    0.15242322    0.16225422    0.08308197    0.11348157    0.05662265    0.00000000    0.04994369    0.18819310    0.20947700    0.17657188    0.17903033    0.16655116    0.38799702    0.38799702    0.41789938    0.38479384    0.40339035    0.38279014    0.38279014    0.37469620    0.37154847    0.36366146
T23            0.36527113    0.15186253    0.15204121    0.16186786    0.07849440    0.11348157    0.05220732    0.04994369    0.00000000    0.19046552    0.21179147    0.17876450    0.18672837    0.17412190    0.40214201    0.40214201    0.44099449    0.40666712    0.42191761    0.37044670    0.37044670    0.36264021    0.35953251    0.35192117
T19            0.44642747    0.22354782    0.22094154    0.22587301    0.18501481    0.21437555    0.16956284    0.18819310    0.19046552    0.00000000    0.05200123    0.19674887    0.20491142    0.19199867    0.45409736    0.45687417    0.48125004    0.45061398    0.47566545    0.45446360    0.45446360    0.44099449    0.43757432    0.42864128
T12            0.46894182    0.24597799    0.24329757    0.26054641    0.20615638    0.23643881    0.19024127    0.20947700    0.21179147    0.05200123    0.00000000    0.21259620    0.22094154    0.20775302    0.47405341    0.48125004    0.50663074    0.47485075    0.48286974    0.47734699    0.47734699    0.46338817    0.45986700    0.45061398
T18            0.35335677    0.19228525    0.19258063    0.20012643    0.16753226    0.20805144    0.16336660    0.17657188    0.17876450    0.19674887    0.21259620    0.00000000    0.02647043    0.01619021    0.37424231    0.36344623    0.37333444    0.37204403    0.39387312    0.35746009    0.35746009    0.34979659    0.34674094    0.33926575
T11            0.36731270    0.20042782    0.20073818    0.20835902    0.17532261    0.21637607    0.16578758    0.17903033    0.18672837    0.20491142    0.22094154    0.02647043    0.00000000    0.01823217    0.38108379    0.37016982    0.39122608    0.38258934    0.39711887    0.37154847    0.37154847    0.36366146    0.36055417    0.35286516
T7             0.35131110    0.19258063    0.19288480    0.20042782    0.16289666    0.20042782    0.14829800    0.16655116    0.17412190    0.19199867    0.20775302    0.01619021    0.01823217    0.00000000    0.36840613    0.36120884    0.38207337    0.37359425    0.39180112    0.35545344    0.35545344    0.34773816    0.34469575    0.33717012
T9             0.31776605    0.41915339    0.41969555    0.43097063    0.38953949    0.43067551    0.38742465    0.38799702    0.40214201    0.45409736    0.47405341    0.37424231    0.38108379    0.36840613    0.00000000    0.07380068    0.11281092    0.07840663    0.08962877    0.29923082    0.29923082    0.29315955    0.29029574    0.28429788
T5             0.30212822    0.41527562    0.41580265    0.43497265    0.40481499    0.43067551    0.39503294    0.38799702    0.40214201    0.45687417    0.48125004    0.36344623    0.37016982    0.36120884    0.07380068    0.00000000    0.09876832    0.07630590    0.08982162    0.29029574    0.29029574    0.28429788    0.28146688    0.27245340
T16            0.34326783    0.45414921    0.45480529    0.46676190    0.42459049    0.45833714    0.42933905    0.41789938    0.44099449    0.48125004    0.50663074    0.37333444    0.39122608    0.38207337    0.11281092    0.09876832    0.00000000    0.11319064    0.12992960    0.34101157    0.34101157    0.33455182    0.33154242    0.31847469
T8             0.30384162    0.43278524    0.43342189    0.44918896    0.40153974    0.43954446    0.39949733    0.38479384    0.40666712    0.45061398    0.47485075    0.37204403    0.38258934    0.37359425    0.07840663    0.07630590    0.11319064    0.00000000    0.05220732    0.29845108    0.29845108    0.29234678    0.28950165    0.27714070
T4             0.32682098    0.44436658    0.44503726    0.45267009    0.42459049    0.44714697    0.41857867    0.40339035    0.42191761    0.47566545    0.48286974    0.39387312    0.39711887    0.39180112    0.08962877    0.08982162    0.12992960    0.05220732    0.00000000    0.30791083    0.30791083    0.30172016    0.29884252    0.28629549
T13            0.10623419    0.38742465    0.38799702    0.40153974    0.37306379    0.42933905    0.36003671    0.38279014    0.37044670    0.45446360    0.47734699    0.35746009    0.37154847    0.35545344    0.29923082    0.29029574    0.34101157    0.29845108    0.30791083    0.00000000    0.00000000    0.02028037    0.01823217    0.02647043
T20            0.10623419    0.38742465    0.38799702    0.40153974    0.37306379    0.42933905    0.36003671    0.38279014    0.37044670    0.45446360    0.47734699    0.35746009    0.37154847    0.35545344    0.29923082    0.29029574    0.34101157    0.29845108    0.30791083    0.00000000    0.00000000    0.02028037    0.01823217    0.02647043
T22            0.09684818    0.37940026    0.37993047    0.39331481    0.37254704    0.42057228    0.35238662    0.37469620    0.36264021    0.44099449    0.46338817    0.34979659    0.36366146    0.34773816    0.29315955    0.28429788    0.33455182    0.29234678    0.30172016    0.02028037    0.02028037    0.00000000    0.00200301    0.02233487
T14            0.09461321    0.37622512    0.37675547    0.39008347    0.36939919    0.41723519    0.34931762    0.37154847    0.35953251    0.43757432    0.45986700    0.34674094    0.36055417    0.34469575    0.29029574    0.28146688    0.33154242    0.28950165    0.29884252    0.01823217    0.01823217    0.00200301    0.00000000    0.02028037
T17            0.09215285    0.37204403    0.37254704    0.38579248    0.35455215    0.40481499    0.34185583    0.36366146    0.35192117    0.42864128    0.45061398    0.33926575    0.35286516    0.33717012    0.28429788    0.27245340    0.31847469    0.27714070    0.28629549    0.02647043    0.02647043    0.02233487    0.02028037    0.00000000

