24
T10            0.00000000    0.40394463    0.39273434    0.34226280    0.34261413    0.34226280    0.33314010    0.36086260    0.36398694    0.33688959    0.33956171    0.33920887    0.38026309    0.38026309    0.35958622    0.35510836    0.22747935    0.25142415    0.25653794    0.27406704    0.26817508    0.24451471    0.28149038    0.28188826
T3             0.40394463    0.00000000    0.04334397    0.24451471    0.22883497    0.23090136    0.25263725    0.26723154    0.27000906    0.24103607    0.24348594    0.25211152    0.27933498    0.27933498    0.25593066    0.24694065    0.44661578    0.47589211    0.48227691    0.48874262    0.48955194    0.45216500    0.53360565    0.53467108
T0             0.39273434    0.04334397    0.00000000    0.25110245    0.23472250    0.23441433    0.23543707    0.26784973    0.27062456    0.23568373    0.23810979    0.24667983    0.27062456    0.27062456    0.24451471    0.23861006    0.44109499    0.46991405    0.47786231    0.49321647    0.49404599    0.44388523    0.52669187    0.52769349
T22            0.34226280    0.24451471    0.25110245    0.00000000    0.05194790    0.05407798    0.19553766    0.20852613    0.21110559    0.17945270    0.18175599    0.17891871    0.21726438    0.21726438    0.19489854    0.18713562    0.38645181    0.40109525    0.39941121    0.42493638    0.41762566    0.38540062    0.44316464    0.44388691
T18            0.34261413    0.22883497    0.23472250    0.05194790    0.00000000    0.02031438    0.18255026    0.19531543    0.19785145    0.16939302    0.17166490    0.16625195    0.21182877    0.21182877    0.19005451    0.17697307    0.38324775    0.38645181    0.39995780    0.42554420    0.41821752    0.37850070    0.42746160    0.42813199
T20            0.34226280    0.23090136    0.23441433    0.05407798    0.02031438    0.00000000    0.17964849    0.19236838    0.19489854    0.16658197    0.16886430    0.16350800    0.20039669    0.20039669    0.18443855    0.17149040    0.37166907    0.38219610    0.39561754    0.42097721    0.41371303    0.37435504    0.42279983    0.42343841
T13            0.33314010    0.25263725    0.23543707    0.19553766    0.18255026    0.17964849    0.00000000    0.10372485    0.10598755    0.08088915    0.08298953    0.07833054    0.14455219    0.14455219    0.13260721    0.15863648    0.36067252    0.39254806    0.40229157    0.41216657    0.40496255    0.39077826    0.42209141    0.42279071
T7             0.36086260    0.26723154    0.26784973    0.20852613    0.19531543    0.19236838    0.10372485    0.00000000    0.00200301    0.05425926    0.05632507    0.08289797    0.15446026    0.15446026    0.13227917    0.17132467    0.38324775    0.38379477    0.39614962    0.40983086    0.40268751    0.38861938    0.41944741    0.42008541
T16            0.36398694    0.27000906    0.27062456    0.21110559    0.19785145    0.19489854    0.10598755    0.00200301    0.00000000    0.05639035    0.05846475    0.08281357    0.15686778    0.15686778    0.13462192    0.17379380    0.38645181    0.38699879    0.39941121    0.41315192    0.40597867    0.39185251    0.42279983    0.42343841
T6             0.33688959    0.24103607    0.23568373    0.17945270    0.16939302    0.16658197    0.08088915    0.05425926    0.05639035    0.00000000    0.01007283    0.05867523    0.12746178    0.12746178    0.11334427    0.15621354    0.36275418    0.38435590    0.39021697    0.40379528    0.39669635    0.37900568    0.42140742    0.42209141
T1             0.33956171    0.24348594    0.23810979    0.18175599    0.17166490    0.16886430    0.08298953    0.05632507    0.05846475    0.01007283    0.00000000    0.06074099    0.12964451    0.12964451    0.11548954    0.15849600    0.36538348    0.38699879    0.39669635    0.41039208    0.40323395    0.38540062    0.42409248    0.42476201
T8             0.33920887    0.25211152    0.24667983    0.17891871    0.16625195    0.16350800    0.07833054    0.08289797    0.08281357    0.05867523    0.06074099    0.00000000    0.12485001    0.12485001    0.11320198    0.14845333    0.37582924    0.38645181    0.39614962    0.40983086    0.40268751    0.38489647    0.42343841    0.42409248
T17            0.38026309    0.27933498    0.27062456    0.21726438    0.21182877    0.20039669    0.14455219    0.15446026    0.15686778    0.12746178    0.12964451    0.12485001    0.00000000    0.00000000    0.06944746    0.17379380    0.39290261    0.41548809    0.41762566    0.43171770    0.42434425    0.40597867    0.43491868    0.43560665
T5             0.38026309    0.27933498    0.27062456    0.21726438    0.21182877    0.20039669    0.14455219    0.15446026    0.15686778    0.12746178    0.12964451    0.12485001    0.00000000    0.00000000    0.06944746    0.17379380    0.39290261    0.41548809    0.41762566    0.43171770    0.42434425    0.40597867    0.43491868    0.43560665
T11            0.35958622    0.25593066    0.24451471    0.19489854    0.19005451    0.18443855    0.13260721    0.13227917    0.13462192    0.11334427    0.11548954    0.11320198    0.06944746    0.06944746    0.00000000    0.17149040    0.38645181    0.40886007    0.42279983    0.42493638    0.42156921    0.41488115    0.44045061    0.44118765
T19            0.35510836    0.24694065    0.23861006    0.18713562    0.17697307    0.17149040    0.15863648    0.17132467    0.17379380    0.15621354    0.15849600    0.14845333    0.17379380    0.17379380    0.17149040    0.00000000    0.38379477    0.39458658    0.38913751    0.41428945    0.40708621    0.38169152    0.41611028    0.41674768
T23            0.22747935    0.44661578    0.44109499    0.38645181    0.38324775    0.37166907    0.36067252    0.38324775    0.38645181    0.36275418    0.36538348    0.37582924    0.39290261    0.39290261    0.38645181    0.38379477    0.00000000    0.11031562    0.11961622    0.13148585    0.12426017    0.10767862    0.12937636    0.12950647
T4             0.25142415    0.47589211    0.46991405    0.40109525    0.38645181    0.38219610    0.39254806    0.38379477    0.38699879    0.38435590    0.38699879    0.38645181    0.41548809    0.41548809    0.40886007    0.39458658    0.11031562    0.00000000    0.09673973    0.10349411    0.10123526    0.08741256    0.10624464    0.10638435
T2             0.25653794    0.48227691    0.47786231    0.39941121    0.39995780    0.39561754    0.40229157    0.39614962    0.39941121    0.39021697    0.39669635    0.39614962    0.41762566    0.41762566    0.42279983    0.38913751    0.11961622    0.09673973    0.00000000    0.02650514    0.02029434    0.02862853    0.10349411    0.10360575
T9             0.27406704    0.48874262    0.49321647    0.42493638    0.42554420    0.42097721    0.41216657    0.40983086    0.41315192    0.40379528    0.41039208    0.40983086    0.43171770    0.43171770    0.42493638    0.41428945    0.13148585    0.10349411    0.02650514    0.00000000    0.01006767    0.04338741    0.11511351    0.11523119
T14            0.26817508    0.48955194    0.49404599    0.41762566    0.41821752    0.41371303    0.40496255    0.40268751    0.40597867    0.39669635    0.40323395    0.40268751    0.42434425    0.42434425    0.42156921    0.40708621    0.12426017    0.10123526    0.02029434    0.01006767    0.00000000    0.03701246    0.10803423    0.10814219
T21            0.24451471    0.45216500    0.44388523    0.38540062    0.37850070    0.37435504    0.39077826    0.38861938    0.39185251    0.37900568    0.38540062    0.38489647    0.40597867    0.40597867    0.41488115    0.38169152    0.10767862    0.08741256    0.02862853    0.04338741    0.03701246    0.00000000    0.08963484    0.09419065
T12            0.28149038    0.53360565    0.52669187    0.44316464    0.42746160    0.42279983    0.42209141    0.41944741    0.42279983    0.42140742    0.42409248    0.42343841    0.43491868    0.43491868    0.44045061    0.41611028    0.12937636    0.10624464    0.10349411    0.11511351    0.10803423    0.08963484    0.00000000    0.00805156
T15            0.28188826    0.53467108    0.52769349    0.44388691    0.42813199    0.42343841    0.42279071    0.42008541    0.42343841    0.42209141    0.42476201    0.42409248    0.43560665    0.43560665    0.44118765    0.41674768    0.12950647    0.10638435    0.10360575    0.11523119    0.10814219    0.09419065    0.00805156    0.00000000

