24
T21            0.00000000    0.15445381    0.19197712    0.16595150    0.17363291    0.17101408    0.14985250    0.15832531    0.22912019    0.38647526    0.13981492    0.16754926    0.13296071    0.14787629    0.15004957    0.15285334    0.17581663    0.13296071    0.14057815    0.14572180    0.13802606    0.13296071    0.13296071    0.11293687
T17            0.15445381    0.00000000    0.13681931    0.11995449    0.12226680    0.12471253    0.14169318    0.14985250    0.23647003    0.35784667    0.14914607    0.17716246    0.13964406    0.21262376    0.21440126    0.21751825    0.23971700    0.19026138    0.20412003    0.21262376    0.20693854    0.19347634    0.19347634    0.16595150
T16            0.19197712    0.13681931    0.00000000    0.02234674    0.02857244    0.02648464    0.19433518    0.20594571    0.27278065    0.47300447    0.19723689    0.21867441    0.19256493    0.23301005    0.24371475    0.24450019    0.26999225    0.22196762    0.23647003    0.24239108    0.23061840    0.21867441    0.21867441    0.20685195
T2             0.16595150    0.11995449    0.02234674    0.00000000    0.00602720    0.00401105    0.17087515    0.18193348    0.25290070    0.43819609    0.17101408    0.19705380    0.16640645    0.20529968    0.21565738    0.22150879    0.24371475    0.19469577    0.20851570    0.21415263    0.20294172    0.19163128    0.19163128    0.18049292
T14            0.17363291    0.12226680    0.02857244    0.00602720    0.00000000    0.00602415    0.17860164    0.18983881    0.26169231    0.44161097    0.17875239    0.20510327    0.16885811    0.21346422    0.22392372    0.22987046    0.25235502    0.20273410    0.21674799    0.22246561    0.21109513    0.19960612    0.19960612    0.18563676
T7             0.17101408    0.12471253    0.02648464    0.00401105    0.00602415    0.00000000    0.17596903    0.18712751    0.25865072    0.44587303    0.17611281    0.20234713    0.17148386    0.21066165    0.22108937    0.22699528    0.24937697    0.19997793    0.21391356    0.21959861    0.20829253    0.19688008    0.19688008    0.18563676
T1             0.14985250    0.14169318    0.19433518    0.17087515    0.17860164    0.17596903    0.00000000    0.06537176    0.20386577    0.37868228    0.11511046    0.13667890    0.10837752    0.20211162    0.19599879    0.20693854    0.22590287    0.18503387    0.19877808    0.20438352    0.20438352    0.17736828    0.17736828    0.18193348
T3             0.15832531    0.14985250    0.20594571    0.18193348    0.18983881    0.18712751    0.06537176    0.00000000    0.21262376    0.37312434    0.12036542    0.14217666    0.11364698    0.20015341    0.19903499    0.21126382    0.23271006    0.19121464    0.20522923    0.21383085    0.21094714    0.19174493    0.19174493    0.18525275
T19            0.22912019    0.23647003    0.27278065    0.25290070    0.26169231    0.25865072    0.20386577    0.21262376    0.00000000    0.34941045    0.19256493    0.21674799    0.17984468    0.27866654    0.28749649    0.27827966    0.28634295    0.24478260    0.25379791    0.28427837    0.27474665    0.26607735    0.26607735    0.27160943
T23            0.38647526    0.35784667    0.47300447    0.43819609    0.44161097    0.44587303    0.37868228    0.37312434    0.34941045    0.00000000    0.35294843    0.39362216    0.32770308    0.42299932    0.42550923    0.45721185    0.47129198    0.41723199    0.41723199    0.43646142    0.44935874    0.45119788    0.45119788    0.41162552
T4             0.13981492    0.14914607    0.19723689    0.17101408    0.17875239    0.17611281    0.11511046    0.12036542    0.19256493    0.35294843    0.00000000    0.04128605    0.04128605    0.18299097    0.18212722    0.19877808    0.21465942    0.17449458    0.18797892    0.19347634    0.18797892    0.18299097    0.18299097    0.17984468
T10            0.16754926    0.17716246    0.21867441    0.19705380    0.20510327    0.20234713    0.13667890    0.14217666    0.21674799    0.39362216    0.04128605    0.00000000    0.06735443    0.20977306    0.20594571    0.22619432    0.23675649    0.20083378    0.21492709    0.22067777    0.21492709    0.20693854    0.20693854    0.20924192
T6             0.13296071    0.13964406    0.19256493    0.16640645    0.16885811    0.17148386    0.10837752    0.11364698    0.17984468    0.32770308    0.04128605    0.06735443    0.00000000    0.18399554    0.18027959    0.19704958    0.21291152    0.16733741    0.18074953    0.18621695    0.18074953    0.18125432    0.18125432    0.17265909
T8             0.14787629    0.21262376    0.23301005    0.20529968    0.21346422    0.21066165    0.20211162    0.20015341    0.27866654    0.42299932    0.18299097    0.20977306    0.18399554    0.00000000    0.04765438    0.09251836    0.11319825    0.11577416    0.11577416    0.11091824    0.11821996    0.19453204    0.19453204    0.16207188
T11            0.15004957    0.21440126    0.24371475    0.21565738    0.22392372    0.22108937    0.19599879    0.19903499    0.28749649    0.42550923    0.18212722    0.20594571    0.18027959    0.04765438    0.00000000    0.08298762    0.10338751    0.11065342    0.11548580    0.11065342    0.11548580    0.19072006    0.19072006    0.16693930
T0             0.15285334    0.21751825    0.24450019    0.22150879    0.22987046    0.22699528    0.20693854    0.21126382    0.27827966    0.45721185    0.19877808    0.22619432    0.19704958    0.09251836    0.08298762    0.00000000    0.06474086    0.11319825    0.11319825    0.11319825    0.11562618    0.19372680    0.19372680    0.17964043
T9             0.17581663    0.23971700    0.26999225    0.24371475    0.25235502    0.24937697    0.22590287    0.23271006    0.28634295    0.47129198    0.21465942    0.23675649    0.21291152    0.11319825    0.10338751    0.06474086    0.00000000    0.12950245    0.13446690    0.13446690    0.13696777    0.20438352    0.20438352    0.20060586
T13            0.13296071    0.19026138    0.22196762    0.19469577    0.20273410    0.19997793    0.18503387    0.19121464    0.24478260    0.41723199    0.17449458    0.20083378    0.16733741    0.11577416    0.11065342    0.11319825    0.12950245    0.00000000    0.01214661    0.03073371    0.02862828    0.17758285    0.17758285    0.15364988
T22            0.14057815    0.20412003    0.23647003    0.20851570    0.21674799    0.21391356    0.19877808    0.20522923    0.25379791    0.41723199    0.18797892    0.21492709    0.18074953    0.11577416    0.11548580    0.11319825    0.13446690    0.01214661    0.00000000    0.03073371    0.02862828    0.18571717    0.18571717    0.16136498
T20            0.14572180    0.21262376    0.24239108    0.21415263    0.22246561    0.21959861    0.20438352    0.21383085    0.28427837    0.43646142    0.19347634    0.22067777    0.18621695    0.11091824    0.11065342    0.11319825    0.13446690    0.03073371    0.03073371    0.00000000    0.01827002    0.19121464    0.19121464    0.16396342
T15            0.13802606    0.20693854    0.23061840    0.20294172    0.21109513    0.20829253    0.20438352    0.21094714    0.27474665    0.44935874    0.18797892    0.21492709    0.18074953    0.11821996    0.11548580    0.11562618    0.13696777    0.02862828    0.02862828    0.01827002    0.00000000    0.18571717    0.18571717    0.16396342
T12            0.13296071    0.19347634    0.21867441    0.19163128    0.19960612    0.19688008    0.17736828    0.19174493    0.26607735    0.45119788    0.18299097    0.20693854    0.18125432    0.19453204    0.19072006    0.19372680    0.20438352    0.17758285    0.18571717    0.19121464    0.18571717    0.00000000    0.00000000    0.14184624
T5             0.13296071    0.19347634    0.21867441    0.19163128    0.19960612    0.19688008    0.17736828    0.19174493    0.26607735    0.45119788    0.18299097    0.20693854    0.18125432    0.19453204    0.19072006    0.19372680    0.20438352    0.17758285    0.18571717    0.19121464    0.18571717    0.00000000    0.00000000    0.14184624
T18            0.11293687    0.16595150    0.20685195    0.18049292    0.18563676    0.18563676    0.18193348    0.18525275    0.27160943    0.41162552    0.17984468    0.20924192    0.17265909    0.16207188    0.16693930    0.17964043    0.20060586    0.15364988    0.16136498    0.16396342    0.16396342    0.14184624    0.14184624    0.00000000

