24
T11            0.00000000    0.23089373    0.23471292    0.23736600    0.22562700    0.22509273    0.20899540    0.22562700    0.28918809    0.33385242    0.29851330    0.32437273    0.33472908    0.28781168    0.30608699    0.28465453    0.30935789    0.18713141    0.19853482    0.20618471    0.17984833    0.18233360    0.17643064    0.14076654
T15            0.23089373    0.00000000    0.05206531    0.05419159    0.04982412    0.08519636    0.08539698    0.10398312    0.16006102    0.24538514    0.22485095    0.24437420    0.24741621    0.23271662    0.23471292    0.21868467    0.25822716    0.23914319    0.25479656    0.27234108    0.23146199    0.23410752    0.25236228    0.22392938
T16            0.23471292    0.05206531    0.00000000    0.00200301    0.03919189    0.07403685    0.07651070    0.09724904    0.14728325    0.24334071    0.22294046    0.24549771    0.24856785    0.24207118    0.24705242    0.22780305    0.26798167    0.23705949    0.25280133    0.27033895    0.22943622    0.23206968    0.27161809    0.23327403
T17            0.23736600    0.05419159    0.00200301    0.00000000    0.04128625    0.07622025    0.07869578    0.09948646    0.14966615    0.24602163    0.22554173    0.24589212    0.24897175    0.24473873    0.24974069    0.23042408    0.27073873    0.23972366    0.25550911    0.27310720    0.23206968    0.23471292    0.27440042    0.23593358
T20            0.22562700    0.04982412    0.03919189    0.04128625    0.00000000    0.07169441    0.07412847    0.09004941    0.14710091    0.23410752    0.21095263    0.23305474    0.23604216    0.22388637    0.22943622    0.21579246    0.25280133    0.23089373    0.24034442    0.25514767    0.22329132    0.22590879    0.26200594    0.22151431
T3             0.22509273    0.08519636    0.07403685    0.07622025    0.07169441    0.00000000    0.07849866    0.09450134    0.14931283    0.24002902    0.21095263    0.23604216    0.23904756    0.22039919    0.23705949    0.22039919    0.24538514    0.22459773    0.23381971    0.25684724    0.21133125    0.21391872    0.25290801    0.21586127
T12            0.20899540    0.08539698    0.07651070    0.07869578    0.07412847    0.07849866    0.00000000    0.06304293    0.13198042    0.23117291    0.19121896    0.20694352    0.21549635    0.21808517    0.22882628    0.21235064    0.24602163    0.21466472    0.22388637    0.23176092    0.20107556    0.20362550    0.23860321    0.21066662
T2             0.22562700    0.10398312    0.09724904    0.09948646    0.09004941    0.09450134    0.06304293    0.00000000    0.14422164    0.23647644    0.19625241    0.22943622    0.23834524    0.23503046    0.24904514    0.23800891    0.26681229    0.20899540    0.22620032    0.23768249    0.20107556    0.20362550    0.25592226    0.21867979
T9             0.28918809    0.16006102    0.14728325    0.14966615    0.14710091    0.14931283    0.13198042    0.14422164    0.00000000    0.29776267    0.26170642    0.29443438    0.30437852    0.27791284    0.29033940    0.27867588    0.30925403    0.29489303    0.30549130    0.32437273    0.26783996    0.27061489    0.31381477    0.28497151
T21            0.33385242    0.24538514    0.24334071    0.24602163    0.23410752    0.24002902    0.23117291    0.23647644    0.29776267    0.00000000    0.08273562    0.10784013    0.11500213    0.33805442    0.33687774    0.33122160    0.36129805    0.32448109    0.35200730    0.37214116    0.30866362    0.31159474    0.35998376    0.32013852
T8             0.29851330    0.22485095    0.22294046    0.22554173    0.21095263    0.21095263    0.19121896    0.19625241    0.26170642    0.08273562    0.00000000    0.05626613    0.06288980    0.30925403    0.30797777    0.30260281    0.32734275    0.28882693    0.31172807    0.33078284    0.28316509    0.28599040    0.33032505    0.29489303
T1             0.32437273    0.24437420    0.24549771    0.24589212    0.23305474    0.23604216    0.20694352    0.22943622    0.29443438    0.10784013    0.05626613    0.00000000    0.01007282    0.33472908    0.33331971    0.32780102    0.34378443    0.32011017    0.34888061    0.35447333    0.31172807    0.31465108    0.33980280    0.32053292
T0             0.33472908    0.24741621    0.24856785    0.24897175    0.23604216    0.23904756    0.21549635    0.23834524    0.30437852    0.11500213    0.06288980    0.01007282    0.00000000    0.33472908    0.33331971    0.32780102    0.34378443    0.33125302    0.35610977    0.36172861    0.31846904    0.32141486    0.34682820    0.32734275
T22            0.28781168    0.23271662    0.24207118    0.24473873    0.22388637    0.22039919    0.21808517    0.23503046    0.27791284    0.33805442    0.30925403    0.33472908    0.33472908    0.00000000    0.05831523    0.04972922    0.07149784    0.27900531    0.27340070    0.27932500    0.26850024    0.27127282    0.31228636    0.26587169
T4             0.30608699    0.23471292    0.24705242    0.24974069    0.22943622    0.23705949    0.22882628    0.24904514    0.29033940    0.33687774    0.30797777    0.33331971    0.33331971    0.05831523    0.00000000    0.04325334    0.08260307    0.29066325    0.29385062    0.31635187    0.28813869    0.29098892    0.33385242    0.28661839
T7             0.28465453    0.21868467    0.22780305    0.23042408    0.21579246    0.22039919    0.21235064    0.23800891    0.27867588    0.33122160    0.30260281    0.32780102    0.32780102    0.04972922    0.04325334    0.00000000    0.07149784    0.27839954    0.28214265    0.30680768    0.27651847    0.27932500    0.31159474    0.27145480
T23            0.30935789    0.25822716    0.26798167    0.27073873    0.25280133    0.24538514    0.24602163    0.26681229    0.30925403    0.36129805    0.32734275    0.34378443    0.34378443    0.07149784    0.08260307    0.07149784    0.00000000    0.29640099    0.29385062    0.30574454    0.28497151    0.28781168    0.33385242    0.30129742
T14            0.18713141    0.23914319    0.23705949    0.23972366    0.23089373    0.22459773    0.21466472    0.20899540    0.29489303    0.32448109    0.28882693    0.32011017    0.33125302    0.27900531    0.29066325    0.27839954    0.29640099    0.00000000    0.10093866    0.11053369    0.08289697    0.08510679    0.20551030    0.17074836
T6             0.19853482    0.25479656    0.25280133    0.25550911    0.24034442    0.23381971    0.22388637    0.22620032    0.30549130    0.35200730    0.31172807    0.34888061    0.35610977    0.27340070    0.29385062    0.28214265    0.29385062    0.10093866    0.00000000    0.04988157    0.08750639    0.08972686    0.21725731    0.17891568
T10            0.20618471    0.27234108    0.27033895    0.27310720    0.25514767    0.25684724    0.23176092    0.23768249    0.32437273    0.37214116    0.33078284    0.35447333    0.36172861    0.27932500    0.31635187    0.30680768    0.30574454    0.11053369    0.04988157    0.00000000    0.09461986    0.09685495    0.23972366    0.19724123
T13            0.17984833    0.23146199    0.22943622    0.23206968    0.22329132    0.21133125    0.20107556    0.20107556    0.26783996    0.30866362    0.28316509    0.31172807    0.31846904    0.26850024    0.28813869    0.27651847    0.28497151    0.08289697    0.08750639    0.09461986    0.00000000    0.00200301    0.20924695    0.16870276
T5             0.18233360    0.23410752    0.23206968    0.23471292    0.22590879    0.21391872    0.20362550    0.20362550    0.27061489    0.31159474    0.28599040    0.31465108    0.32141486    0.27127282    0.29098892    0.27932500    0.28781168    0.08510679    0.08972686    0.09685495    0.00200301    0.00000000    0.20668126    0.17116510
T19            0.17643064    0.25236228    0.27161809    0.27440042    0.26200594    0.25290801    0.23860321    0.25592226    0.31381477    0.35998376    0.33032505    0.33980280    0.34682820    0.31228636    0.33385242    0.31159474    0.33385242    0.20551030    0.21725731    0.23972366    0.20924695    0.20668126    0.00000000    0.07363454
T18            0.14076654    0.22392938    0.23327403    0.23593358    0.22151431    0.21586127    0.21066662    0.21867979    0.28497151    0.32013852    0.29489303    0.32053292    0.32734275    0.26587169    0.28661839    0.27145480    0.30129742    0.17074836    0.17891568    0.19724123    0.16870276    0.17116510    0.07363454    0.00000000

