24
T9             0.00000000    0.39402975    0.40439160    0.29134697    0.30061925    0.28001821    0.27129222    0.27756865    0.33380827    0.44958716    0.43638916    0.19854545    0.21607992    0.20084863    0.20317331    0.16658505    0.20108625    0.20925867    0.16714472    0.16208193    0.16958973    0.15911192    0.15428501    0.15446285
T14            0.39402975    0.00000000    0.01823241    0.26723991    0.30107010    0.26171691    0.25992611    0.25686491    0.32581777    0.42282199    0.40381539    0.31012468    0.32905400    0.30355949    0.30610916    0.32864523    0.35607154    0.36277005    0.34286651    0.33380827    0.33548011    0.30938090    0.30355949    0.30392760
T20            0.40439160    0.01823241    0.00000000    0.27902382    0.31357622    0.27341900    0.27163811    0.26851952    0.33877165    0.43768671    0.41823924    0.32268680    0.34458243    0.32268680    0.31856538    0.33808267    0.36953431    0.37636570    0.35607154    0.34686208    0.34851371    0.32190275    0.31598948    0.31637739
T4             0.29134697    0.26723991    0.27902382    0.00000000    0.10814345    0.08933598    0.08488276    0.08488276    0.13407018    0.26447303    0.24424892    0.20340011    0.23302900    0.19744235    0.20900669    0.22460940    0.25079828    0.25110964    0.21392971    0.21701242    0.23383396    0.21134218    0.20900669    0.21494520
T5             0.30061925    0.30107010    0.31357622    0.10814345    0.00000000    0.08783670    0.08342751    0.08342751    0.13296861    0.27552050    0.25245827    0.21901383    0.25861879    0.22421372    0.22421372    0.23177608    0.26408468    0.27630811    0.21809892    0.22421372    0.25357745    0.22129558    0.22193201    0.22817006
T22            0.28001821    0.26171691    0.27341900    0.08933598    0.08783670    0.00000000    0.01617892    0.01617892    0.08289870    0.24509781    0.22013740    0.18822827    0.22826906    0.19554192    0.20108625    0.21416924    0.24540130    0.26026546    0.20925867    0.20952005    0.22099166    0.20440043    0.20212887    0.20809920
T19            0.27129222    0.25992611    0.27163811    0.08488276    0.08342751    0.01617892    0.00000000    0.00401613    0.07622182    0.23915760    0.21441835    0.18549404    0.22302171    0.19050002    0.19601378    0.21183379    0.24004498    0.25481527    0.20413643    0.20440043    0.22160903    0.19931758    0.19706652    0.20300688
T13            0.27756865    0.25686491    0.26851952    0.08488276    0.08342751    0.01617892    0.00401613    0.00000000    0.07622182    0.23621381    0.21158324    0.18549404    0.22302171    0.19050002    0.19601378    0.21183379    0.23707483    0.25481527    0.20413643    0.20440043    0.22160903    0.19931758    0.19706652    0.20300688
T2             0.33380827    0.32581777    0.33877165    0.13407018    0.13296861    0.08289870    0.07622182    0.07622182    0.00000000    0.27934412    0.26542031    0.24335785    0.27793439    0.25481527    0.25176336    0.27590889    0.29731470    0.30683306    0.26446527    0.26800465    0.29297370    0.26172783    0.26567000    0.27246980
T18            0.44958716    0.42282199    0.43768671    0.26447303    0.27552050    0.24509781    0.23915760    0.23621381    0.27934412    0.00000000    0.04963757    0.36799894    0.39904872    0.37428330    0.40356649    0.41550942    0.44318911    0.47072476    0.40950186    0.41013806    0.41808955    0.39460557    0.39196249    0.39256677
T12            0.43638916    0.40381539    0.41823924    0.24424892    0.25245827    0.22013740    0.21441835    0.21158324    0.26542031    0.04963757    0.00000000    0.35980550    0.39059736    0.36855937    0.38356702    0.39904872    0.43854123    0.45738964    0.39318535    0.39381822    0.39770123    0.37113435    0.37226915    0.38038874
T8             0.19854545    0.31012468    0.32268680    0.20340011    0.21901383    0.18822827    0.18549404    0.18549404    0.24335785    0.36799894    0.35980550    0.00000000    0.08281430    0.07606303    0.08273708    0.12717606    0.13697463    0.15652650    0.12514257    0.12529968    0.13746890    0.11577982    0.11577982    0.12085205
T15            0.21607992    0.32905400    0.34458243    0.23302900    0.25861879    0.22826906    0.22302171    0.22302171    0.27793439    0.39904872    0.39059736    0.08281430    0.00000000    0.11031695    0.11711486    0.16121802    0.18175973    0.19785585    0.15139552    0.15155004    0.16903505    0.14899768    0.14676616    0.15206352
T0             0.20084863    0.30355949    0.32268680    0.19744235    0.22421372    0.19554192    0.19050002    0.19050002    0.25481527    0.37428330    0.36855937    0.07606303    0.11031695    0.00000000    0.07593258    0.12937820    0.15411552    0.17450558    0.13228105    0.13244112    0.14949137    0.12253511    0.11792511    0.11807171
T10            0.20317331    0.30610916    0.31856538    0.20900669    0.22421372    0.20108625    0.19601378    0.19601378    0.25176336    0.40356649    0.38356702    0.08273708    0.11711486    0.07593258    0.00000000    0.13407018    0.15894588    0.17945629    0.12950829    0.13212889    0.14185356    0.12008904    0.11549096    0.12052383
T7             0.16658505    0.32864523    0.33808267    0.22460940    0.23177608    0.21416924    0.21183379    0.21183379    0.27590889    0.41550942    0.39904872    0.12717606    0.16121802    0.12937820    0.13407018    0.00000000    0.06704354    0.07807833    0.06050918    0.05626688    0.12227194    0.09178130    0.08273708    0.08741337
T17            0.20108625    0.35607154    0.36953431    0.25079828    0.26408468    0.24540130    0.24004498    0.23707483    0.29731470    0.44318911    0.43854123    0.13697463    0.18175973    0.15411552    0.15894588    0.06704354    0.00000000    0.06492506    0.08732554    0.08299025    0.14201502    0.11053671    0.11053671    0.11549096
T11            0.20925867    0.36277005    0.37636570    0.25110964    0.27630811    0.26026546    0.25481527    0.25481527    0.30683306    0.47072476    0.45738964    0.15652650    0.19785585    0.17450558    0.17945629    0.07807833    0.06492506    0.00000000    0.09868363    0.09428837    0.16171081    0.12937820    0.12471797    0.12979228
T3             0.16714472    0.34286651    0.35607154    0.21392971    0.21809892    0.20925867    0.20413643    0.20413643    0.26446527    0.40950186    0.39318535    0.12514257    0.15139552    0.13228105    0.12950829    0.06050918    0.08732554    0.09868363    0.00000000    0.03274759    0.11320334    0.08761068    0.08319472    0.08796042
T1             0.16208193    0.33380827    0.34686208    0.21701242    0.22421372    0.20952005    0.20440043    0.20440043    0.26800465    0.41013806    0.39381822    0.12529968    0.15155004    0.13244112    0.13212889    0.05626688    0.08299025    0.09428837    0.03274759    0.00000000    0.11577982    0.08772011    0.08796042    0.09279900
T16            0.16958973    0.33548011    0.34851371    0.23383396    0.25357745    0.22099166    0.22160903    0.22160903    0.29297370    0.41808955    0.39770123    0.13746890    0.16903505    0.14949137    0.14185356    0.12227194    0.14201502    0.16171081    0.11320334    0.11577982    0.00000000    0.04120255    0.04334417    0.04770799
T23            0.15911192    0.30938090    0.32190275    0.21134218    0.22129558    0.20440043    0.19931758    0.19931758    0.26172783    0.39460557    0.37113435    0.11577982    0.14899768    0.12253511    0.12008904    0.09178130    0.11053671    0.12937820    0.08761068    0.08772011    0.04120255    0.00000000    0.01210958    0.02031442
T6             0.15428501    0.30355949    0.31598948    0.20900669    0.22193201    0.20212887    0.19706652    0.19706652    0.26567000    0.39196249    0.37226915    0.11577982    0.14676616    0.11792511    0.11549096    0.08273708    0.11053671    0.12471797    0.08319472    0.08796042    0.04334417    0.01210958    0.00000000    0.00805156
T21            0.15446285    0.30392760    0.31637739    0.21494520    0.22817006    0.20809920    0.20300688    0.20300688    0.27246980    0.39256677    0.38038874    0.12085205    0.15206352    0.11807171    0.12052383    0.08741337    0.11549096    0.12979228    0.08796042    0.09279900    0.04770799    0.02031442    0.00805156    0.00000000

