24
T6             0.00000000    0.30982225    0.32443159    0.30930142    0.30693514    0.30405940    0.31853694    0.30473128    0.31314268    0.31169045    0.31023241    0.26029016    0.23946256    0.24070931    0.23772044    0.24482393    0.27239022    0.33881765    0.28039254    0.24978501    0.24406213    0.18755950    0.18777783    0.19028678
T13            0.30982225    0.00000000    0.02442186    0.02245715    0.07216589    0.08123681    0.15465775    0.13669074    0.27120464    0.27850216    0.27397204    0.26472320    0.22819374    0.23417195    0.23417195    0.23344428    0.24861799    0.32256489    0.29834166    0.26023987    0.26296550    0.26488583    0.27162737    0.27439434
T2             0.32443159    0.02442186    0.00000000    0.03488958    0.08079183    0.08994018    0.16415199    0.14858424    0.28192856    0.28926356    0.27517091    0.27206071    0.23539699    0.24139288    0.24139288    0.24070931    0.25592861    0.33741452    0.30590533    0.26763320    0.27039110    0.28839042    0.28882143    0.29165304
T21            0.30930142    0.02245715    0.03488958    0.00000000    0.06978992    0.07423132    0.15189192    0.12914612    0.25827361    0.26528840    0.26100221    0.25794905    0.21903413    0.22488936    0.22488936    0.22423416    0.24516009    0.32201960    0.29114290    0.25360552    0.25631218    0.27079254    0.27760459    0.28039254
T18            0.30693514    0.07216589    0.08079183    0.06978992    0.00000000    0.03289560    0.14492291    0.12965182    0.25670602    0.26382365    0.25014952    0.25342980    0.21453382    0.22038928    0.22038928    0.21387173    0.25612429    0.30693514    0.27114424    0.24594201    0.24249296    0.25982594    0.26655894    0.26930460
T7             0.30405940    0.08123681    0.08994018    0.07423132    0.03289560    0.00000000    0.14729775    0.13447926    0.25711013    0.26745816    0.25360552    0.25704483    0.21780653    0.22371410    0.22371410    0.22298135    0.25974927    0.31089850    0.27488275    0.24943895    0.24594201    0.26023987    0.26700334    0.26974878
T9             0.31853694    0.15465775    0.16415199    0.15189192    0.14492291    0.14729775    0.00000000    0.14367497    0.25721854    0.26100221    0.26613125    0.25982594    0.22101054    0.23275557    0.23275557    0.23210600    0.25555534    0.32045527    0.28736132    0.26570145    0.26137398    0.28797054    0.28839042    0.29122248
T11            0.30473128    0.13669074    0.14858424    0.12914612    0.12965182    0.13447926    0.14367497    0.00000000    0.26064093    0.26449377    0.26578241    0.23740263    0.20597422    0.21159787    0.21159787    0.21677948    0.23709481    0.31995771    0.28689684    0.24674137    0.24038254    0.26544427    0.26889230    0.27166405
T14            0.31314268    0.27120464    0.28192856    0.25827361    0.25670602    0.25711013    0.25721854    0.26064093    0.00000000    0.05213635    0.16536044    0.25170897    0.20980738    0.20980738    0.20980738    0.21552807    0.23309504    0.32686723    0.28128961    0.25982594    0.24174963    0.26374124    0.25791148    0.26064093
T22            0.31169045    0.27850216    0.28926356    0.26528840    0.26382365    0.26745816    0.26100221    0.26449377    0.05213635    0.00000000    0.15485265    0.24634790    0.21037829    0.20752609    0.20752609    0.21324690    0.22488936    0.32340049    0.27572538    0.25440450    0.23945844    0.27079254    0.26488583    0.26763320
T4             0.31023241    0.27397204    0.27517091    0.26100221    0.25014952    0.25360552    0.26613125    0.26578241    0.16536044    0.15485265    0.00000000    0.23309504    0.20110013    0.20160431    0.20441625    0.19880816    0.23210600    0.29208559    0.26175622    0.24104610    0.22594105    0.24573675    0.25519240    0.25791148
T15            0.26029016    0.26472320    0.27206071    0.25794905    0.25342980    0.25704483    0.25982594    0.23740263    0.25170897    0.24634790    0.23309504    0.00000000    0.07614077    0.07614077    0.07614077    0.07825893    0.12240444    0.30444669    0.25794905    0.22523132    0.22488936    0.23873354    0.23242588    0.23210600
T16            0.23946256    0.22819374    0.23539699    0.21903413    0.21453382    0.21780653    0.22101054    0.20597422    0.20980738    0.21037829    0.20110013    0.07614077    0.00000000    0.03483256    0.03483256    0.04111354    0.09845156    0.26613125    0.22195315    0.19401705    0.18550657    0.20697147    0.20670812    0.20927392
T10            0.24070931    0.23417195    0.24139288    0.22488936    0.22038928    0.22371410    0.23275557    0.21159787    0.20980738    0.20752609    0.20160431    0.07614077    0.03483256    0.00000000    0.00200402    0.05182217    0.10312629    0.27239022    0.22784298    0.19680546    0.19099132    0.20811779    0.20781732    0.20752609
T1             0.23772044    0.23417195    0.24139288    0.22488936    0.22038928    0.22371410    0.23275557    0.21159787    0.20980738    0.20752609    0.20441625    0.07614077    0.03483256    0.00200402    0.00000000    0.05182217    0.10312629    0.27239022    0.22784298    0.19680546    0.19099132    0.20811779    0.20781732    0.20752609
T17            0.24482393    0.23344428    0.24070931    0.22423416    0.21387173    0.22298135    0.23210600    0.21677948    0.21552807    0.21324690    0.19880816    0.07825893    0.04111354    0.05182217    0.05182217    0.00000000    0.10298566    0.26925091    0.22488936    0.19680546    0.18550657    0.20365016    0.20341341    0.20597422
T23            0.27239022    0.24861799    0.25592861    0.24516009    0.25612429    0.25974927    0.25555534    0.23709481    0.23309504    0.22488936    0.23210600    0.12240444    0.09845156    0.10312629    0.10312629    0.10298566    0.00000000    0.29824306    0.25752448    0.23681034    0.21871894    0.24070931    0.23506825    0.23772044
T8             0.33881765    0.32256489    0.33741452    0.32201960    0.30693514    0.31089850    0.32045527    0.31995771    0.32686723    0.32340049    0.29208559    0.30444669    0.26613125    0.27239022    0.27239022    0.26925091    0.29824306    0.00000000    0.07380666    0.12009386    0.11511886    0.27480329    0.27834013    0.28114173
T0             0.28039254    0.29834166    0.30590533    0.29114290    0.27114424    0.27488275    0.28736132    0.28689684    0.28128961    0.27572538    0.26175622    0.25794905    0.22195315    0.22784298    0.22784298    0.22488936    0.25752448    0.07380666    0.00000000    0.06547477    0.06090006    0.21903413    0.22228640    0.22488936
T3             0.24978501    0.26023987    0.26763320    0.25360552    0.24594201    0.24943895    0.26570145    0.24674137    0.25982594    0.25440450    0.24104610    0.22523132    0.19401705    0.19680546    0.19680546    0.19680546    0.23681034    0.12009386    0.06547477    0.00000000    0.02859771    0.19680546    0.19989489    0.20242953
T5             0.24406213    0.26296550    0.27039110    0.25631218    0.24249296    0.24594201    0.26137398    0.24038254    0.24174963    0.23945844    0.22594105    0.22488936    0.18550657    0.19099132    0.19099132    0.18550657    0.21871894    0.11511886    0.06090006    0.02859771    0.00000000    0.18325586    0.18624610    0.18874071
T19            0.18755950    0.26488583    0.28839042    0.27079254    0.25982594    0.26023987    0.28797054    0.26544427    0.26374124    0.27079254    0.24573675    0.23873354    0.20697147    0.20811779    0.20811779    0.20365016    0.24070931    0.27480329    0.21903413    0.19680546    0.18325586    0.00000000    0.03069883    0.03277511
T20            0.18777783    0.27162737    0.28882143    0.27760459    0.26655894    0.26700334    0.28839042    0.26889230    0.25791148    0.26488583    0.25519240    0.23242588    0.20670812    0.20781732    0.20781732    0.20341341    0.23506825    0.27834013    0.22228640    0.19989489    0.18624610    0.03069883    0.00000000    0.00602721
T12            0.19028678    0.27439434    0.29165304    0.28039254    0.26930460    0.26974878    0.29122248    0.27166405    0.26064093    0.26763320    0.25791148    0.23210600    0.20927392    0.20752609    0.20752609    0.20597422    0.23772044    0.28114173    0.22488936    0.20242953    0.18874071    0.03277511    0.00602721    0.00000000

