24
T20            0.00000000    0.34373311    0.41128369    0.35959609    0.37611674    0.38916196    0.39769087    0.39685329    0.42811692    0.40931233    0.38595487    0.41123935    0.39299115    0.37958906    0.38337802    0.40074550    0.41001726    0.40207812    0.39882780    0.28665517    0.28948896    0.30873214    0.21231156    0.21317183
T9             0.34373311    0.00000000    0.10411380    0.08289155    0.07868992    0.15222448    0.17487841    0.20774568    0.26053777    0.21379190    0.19395653    0.20435165    0.19926976    0.18618896    0.18894413    0.22219969    0.19701771    0.19982708    0.20011926    0.27699921    0.29074096    0.30263530    0.37059305    0.36279194
T18            0.41128369    0.10411380    0.00000000    0.13476191    0.14016469    0.20745668    0.23266619    0.26203147    0.31651840    0.26557663    0.23795742    0.26126276    0.25581909    0.24164993    0.23863737    0.28114582    0.24431764    0.25659035    0.25699127    0.34565694    0.36130979    0.35681309    0.41214453    0.40410829
T3             0.35959609    0.08289155    0.13476191    0.00000000    0.10133847    0.16186409    0.18795313    0.21178489    0.26751398    0.22353988    0.20359154    0.21412116    0.20615031    0.19850170    0.20128757    0.22908009    0.21231156    0.21231156    0.21258898    0.29381381    0.30782479    0.32348888    0.38170041    0.38390148
T5             0.37611674    0.07868992    0.14016469    0.10133847    0.00000000    0.15262258    0.18072377    0.21287574    0.26599679    0.22186899    0.20180615    0.20947027    0.21001819    0.19674241    0.19954391    0.22741381    0.21060324    0.21060324    0.21090962    0.28128580    0.29523745    0.30950996    0.40066906    0.39912747
T4             0.38916196    0.15222448    0.20745668    0.16186409    0.15262258    0.00000000    0.06504277    0.23882291    0.29678074    0.25711971    0.23909695    0.24715626    0.23297408    0.21932075    0.22217827    0.24474100    0.23406131    0.23058193    0.23085019    0.31393430    0.32477544    0.33017012    0.37075326    0.36889001
T8             0.39769087    0.17487841    0.23266619    0.18795313    0.18072377    0.06504277    0.00000000    0.26746900    0.32473660    0.28345969    0.27087821    0.27926260    0.27055593    0.25014178    0.25314525    0.27366205    0.26878439    0.26501825    0.26534292    0.31837800    0.32568661    0.34876590    0.39951454    0.40566174
T11            0.39685329    0.20774568    0.26203147    0.21178489    0.21287574    0.23882291    0.26746900    0.00000000    0.08088189    0.05621223    0.05185479    0.06266330    0.08249541    0.06476146    0.06696417    0.09393802    0.08259860    0.07582624    0.07812570    0.30476085    0.31889893    0.34682163    0.38719592    0.37388916
T19            0.42811692    0.26053777    0.31651840    0.26751398    0.26599679    0.29678074    0.32473660    0.08088189    0.00000000    0.09684668    0.09684668    0.10836901    0.13196682    0.11280921    0.11521900    0.14453132    0.13226170    0.12977394    0.12744542    0.33422159    0.34916888    0.37075326    0.41403464    0.40021556
T22            0.40931233    0.21379190    0.26557663    0.22353988    0.22186899    0.25711971    0.28345969    0.05621223    0.09684668    0.00000000    0.03284716    0.04338559    0.08254338    0.06921588    0.07144313    0.09867452    0.08266106    0.08494426    0.08273072    0.31889893    0.33352837    0.35101371    0.39169951    0.37830272
T16            0.38595487    0.19395653    0.23795742    0.20359154    0.20180615    0.23909695    0.27087821    0.05185479    0.09684668    0.03284716    0.00000000    0.03492595    0.07802851    0.06479095    0.06699852    0.09401225    0.07812570    0.08038823    0.07818505    0.30524304    0.31943936    0.34021915    0.38400480    0.37075326
T21            0.41123935    0.20435165    0.26126276    0.21412116    0.20947027    0.24715626    0.27926260    0.06266330    0.10836901    0.04338559    0.03492595    0.00000000    0.08467880    0.07133178    0.07355407    0.10077280    0.08476307    0.08704107    0.08481619    0.31151922    0.32586940    0.34682163    0.40140460    0.38783735
T14            0.39299115    0.19926976    0.25581909    0.20615031    0.21001819    0.23297408    0.27055593    0.08249541    0.13196682    0.08254338    0.07802851    0.08467880    0.00000000    0.01619018    0.01824781    0.04343537    0.03694556    0.03906875    0.03697511    0.31151922    0.32586940    0.34682163    0.38337802    0.36642429
T1             0.37958906    0.18618896    0.24164993    0.19850170    0.19674241    0.21932075    0.25014178    0.06476146    0.11280921    0.06921588    0.06479095    0.07133178    0.01619018    0.00000000    0.00200401    0.02656413    0.02442119    0.02234647    0.02029401    0.28956976    0.30336737    0.32372916    0.36642429    0.34986437
T0             0.38337802    0.18894413    0.23863737    0.20128757    0.19954391    0.22217827    0.25314525    0.06696417    0.11521900    0.07144313    0.06699852    0.07355407    0.01824781    0.00200401    0.00000000    0.02866501    0.02650455    0.02442119    0.02236443    0.29285994    0.30675800    0.32720222    0.36642429    0.34986437
T2             0.40074550    0.22219969    0.28114582    0.22908009    0.22741381    0.24474100    0.27366205    0.09393802    0.14453132    0.09867452    0.09401225    0.10077280    0.04343537    0.02656413    0.02866501    0.00000000    0.05200082    0.04982210    0.04770539    0.31837023    0.32586940    0.34682163    0.39104321    0.37388916
T13            0.41001726    0.19701771    0.24431764    0.21231156    0.21060324    0.23406131    0.26878439    0.08259860    0.13226170    0.08266106    0.07812570    0.08476307    0.03694556    0.02442119    0.02650455    0.05200082    0.00000000    0.02653118    0.02447204    0.31254104    0.32701092    0.34435901    0.40021556    0.38278774
T10            0.40207812    0.19982708    0.25659035    0.21231156    0.21060324    0.23058193    0.26501825    0.07582624    0.12977394    0.08494426    0.08038823    0.08704107    0.03906875    0.02234647    0.02442119    0.04982210    0.02653118    0.00000000    0.01008402    0.29665434    0.31071121    0.33124116    0.38849270    0.37515176
T12            0.39882780    0.20011926    0.25699127    0.21258898    0.21090962    0.23085019    0.26534292    0.07812570    0.12744542    0.08273072    0.07818505    0.08481619    0.03697511    0.02029401    0.02236443    0.04770539    0.02447204    0.01008402    0.00000000    0.29617193    0.31017178    0.33069958    0.38916196    0.37580323
T6             0.28665517    0.27699921    0.34565694    0.29381381    0.28128580    0.31393430    0.31837800    0.30476085    0.33422159    0.31889893    0.30524304    0.31151922    0.31151922    0.28956976    0.29285994    0.31837023    0.31254104    0.29665434    0.29617193    0.00000000    0.01212485    0.08329849    0.30916754    0.30717594
T7             0.28948896    0.29074096    0.36130979    0.30782479    0.29523745    0.32477544    0.32568661    0.31889893    0.34916888    0.33352837    0.31943936    0.32586940    0.32586940    0.30336737    0.30675800    0.32586940    0.32701092    0.31071121    0.31017178    0.01212485    0.00000000    0.09723944    0.32568661    0.32372916
T15            0.30873214    0.30263530    0.35681309    0.32348888    0.30950996    0.33017012    0.34876590    0.34682163    0.37075326    0.35101371    0.34021915    0.34682163    0.34682163    0.32372916    0.32720222    0.34682163    0.34435901    0.33124116    0.33069958    0.08329849    0.09723944    0.00000000    0.33212766    0.32322393
T23            0.21231156    0.37059305    0.41214453    0.38170041    0.40066906    0.37075326    0.39951454    0.38719592    0.41403464    0.39169951    0.38400480    0.40140460    0.38337802    0.36642429    0.36642429    0.39104321    0.40021556    0.38849270    0.38916196    0.30916754    0.32568661    0.33212766    0.00000000    0.01822270
T17            0.21317183    0.36279194    0.40410829    0.38390148    0.39912747    0.36889001    0.40566174    0.37388916    0.40021556    0.37830272    0.37075326    0.38783735    0.36642429    0.34986437    0.34986437    0.37388916    0.38278774    0.37515176    0.37580323    0.30717594    0.32372916    0.32322393    0.01822270    0.00000000

