24
T3             0.00000000    0.38431668    0.38056679    0.34987288    0.33772420    0.34847001    0.38963216    0.38963216    0.39286444    0.35702370    0.38868357    0.36427847    0.36739979    0.36117046    0.32645271    0.34329169    0.28496324    0.28213463    0.33631575    0.28070768    0.28246435    0.28246435    0.17534234    0.18276265
T23            0.38431668    0.00000000    0.01010155    0.06055584    0.13964459    0.17288619    0.19997835    0.19997835    0.20253626    0.15723887    0.17557576    0.16207256    0.17244241    0.15965154    0.14914650    0.17511754    0.31421744    0.33243165    0.38910055    0.34236728    0.36535092    0.35817465    0.40742767    0.40809163
T19            0.38056679    0.01010155    0.00000000    0.06276367    0.14217724    0.17021103    0.20273458    0.20273458    0.20530011    0.15985103    0.18373256    0.16469844    0.17511754    0.16227054    0.14660098    0.17244241    0.31088099    0.32901538    0.38536484    0.34586740    0.36897814    0.36174989    0.41138573    0.41206548
T7             0.34987288    0.06055584    0.06276367    0.00000000    0.11065373    0.13696819    0.16855005    0.16855005    0.17101420    0.12498771    0.14931085    0.12964061    0.13696819    0.12731025    0.12203549    0.14421976    0.28315740    0.30389497    0.35817465    0.31421744    0.33631575    0.32943598    0.38032872    0.39117949
T18            0.33772420    0.13964459    0.14217724    0.11065373    0.00000000    0.11562662    0.12893302    0.13383646    0.13619838    0.09215807    0.11535335    0.09662788    0.10598480    0.09438934    0.09409943    0.11778131    0.26883983    0.28034344    0.34586740    0.30838242    0.33376631    0.33031452    0.35553950    0.36227532
T14            0.34847001    0.17288619    0.17021103    0.13696819    0.11562662    0.00000000    0.14593595    0.14593595    0.15593277    0.10123286    0.12745770    0.10813958    0.11983322    0.10586764    0.12925087    0.14914650    0.31715278    0.32603133    0.37750030    0.33846068    0.36487260    0.35772208    0.38868357    0.40350075
T2             0.38963216    0.19997835    0.20273458    0.16855005    0.12893302    0.14593595    0.00000000    0.00401612    0.01212501    0.08033437    0.10539495    0.08249874    0.09606872    0.08482003    0.15823653    0.17891241    0.34586740    0.35154085    0.39937246    0.36800888    0.38437262    0.38069206    0.41151628    0.41877937
T13            0.38963216    0.19997835    0.20273458    0.16855005    0.13383646    0.14593595    0.00401612    0.00000000    0.00805154    0.08033437    0.10539495    0.08249874    0.09606872    0.08482003    0.15823653    0.17891241    0.34586740    0.35154085    0.39937246    0.36800888    0.37703845    0.37341139    0.41940091    0.42675849
T11            0.39286444    0.20253626    0.20530011    0.17101420    0.13619838    0.15593277    0.01212501    0.00805154    0.00000000    0.08482003    0.11004133    0.08699379    0.09601878    0.08933375    0.15305710    0.17875257    0.34192433    0.34760008    0.40264848    0.37115883    0.38023101    0.37659074    0.42275298    0.43014209
T9             0.35702370    0.15723887    0.15985103    0.12498771    0.09215807    0.10123286    0.08033437    0.08033437    0.08482003    0.00000000    0.03692320    0.01617464    0.02853680    0.01822285    0.10565585    0.13227482    0.29033162    0.29889750    0.34939223    0.31674128    0.34586740    0.34236728    0.36794578    0.37478878
T6             0.38868357    0.17557576    0.18373256    0.14931085    0.11535335    0.12745770    0.10539495    0.10539495    0.11004133    0.03692320    0.00000000    0.03274728    0.04541816    0.03488880    0.13419078    0.15946043    0.30796867    0.31340487    0.36128453    0.34377309    0.36686729    0.36322677    0.38489092    0.39190204
T8             0.36427847    0.16207256    0.16469844    0.12964061    0.09662788    0.10813958    0.08249874    0.08249874    0.08699379    0.01617464    0.03274728    0.00000000    0.01210022    0.00602721    0.11260212    0.13948169    0.29278123    0.30138371    0.34847001    0.32779086    0.35036652    0.34681657    0.37164025    0.37478878
T20            0.36739979    0.17244241    0.17511754    0.13696819    0.10598480    0.11983322    0.09606872    0.09606872    0.09601878    0.02853680    0.04541816    0.01210022    0.00000000    0.01823231    0.11489879    0.14184668    0.29563728    0.30427428    0.35864061    0.34123675    0.36427847    0.36063790    0.37852470    0.38170088
T4             0.36117046    0.15965154    0.16227054    0.12731025    0.09438934    0.10586764    0.08482003    0.08482003    0.08933375    0.01822285    0.03488880    0.00602721    0.01823231    0.00000000    0.11031314    0.13712473    0.28993649    0.29850474    0.34541219    0.33077242    0.35343548    0.34987288    0.36850525    0.37536227
T5             0.32645271    0.14914650    0.14660098    0.12203549    0.09409943    0.12925087    0.15823653    0.15823653    0.15305710    0.10565585    0.13419078    0.11260212    0.11489879    0.11031314    0.00000000    0.03502244    0.26999320    0.28150895    0.35025827    0.30282780    0.32113361    0.32113361    0.34731049    0.35394191
T17            0.34329169    0.17511754    0.17244241    0.14421976    0.11778131    0.14914650    0.17891241    0.17891241    0.17875257    0.13227482    0.15946043    0.13948169    0.14184668    0.13712473    0.03502244    0.00000000    0.28846885    0.30679824    0.38216058    0.31968944    0.33502090    0.33846068    0.37478878    0.38170088
T22            0.28496324    0.31421744    0.31088099    0.28315740    0.26883983    0.31715278    0.34586740    0.34586740    0.34192433    0.29033162    0.30796867    0.29278123    0.29563728    0.28993649    0.26999320    0.28846885    0.00000000    0.06492379    0.14631006    0.28918004    0.30717655    0.30389497    0.34529384    0.34731049
T15            0.28213463    0.33243165    0.32901538    0.30389497    0.28034344    0.32603133    0.35154085    0.35154085    0.34760008    0.29889750    0.31340487    0.30138371    0.30427428    0.29850474    0.28150895    0.30679824    0.06492379    0.00000000    0.14844936    0.28563145    0.30352744    0.30027793    0.32733250    0.33286401
T1             0.33631575    0.38910055    0.38536484    0.35817465    0.34586740    0.37750030    0.39937246    0.39937246    0.40264848    0.34939223    0.36128453    0.34847001    0.35864061    0.34541219    0.35025827    0.38216058    0.14631006    0.14844936    0.00000000    0.36322677    0.37579424    0.37212707    0.38375650    0.38963216
T12            0.28070768    0.34236728    0.34586740    0.31421744    0.30838242    0.33846068    0.36800888    0.36800888    0.37115883    0.31674128    0.34377309    0.32779086    0.34123675    0.33077242    0.30282780    0.31968944    0.28918004    0.28563145    0.36322677    0.00000000    0.05200286    0.04549435    0.31015482    0.31891917
T21            0.28246435    0.36535092    0.36897814    0.33631575    0.33376631    0.36487260    0.38437262    0.37703845    0.38023101    0.34586740    0.36686729    0.35036652    0.36427847    0.35343548    0.32113361    0.33502090    0.30717655    0.30352744    0.37579424    0.05200286    0.00000000    0.00603636    0.33572060    0.34123675
T0             0.28246435    0.35817465    0.36174989    0.32943598    0.33031452    0.35772208    0.38069206    0.37341139    0.37659074    0.34236728    0.36322677    0.34681657    0.36063790    0.34987288    0.32113361    0.33846068    0.30389497    0.30027793    0.37212707    0.04549435    0.00603636    0.00000000    0.32874438    0.33423620
T10            0.17534234    0.40742767    0.41138573    0.38032872    0.35553950    0.38868357    0.41151628    0.41940091    0.42275298    0.36794578    0.38489092    0.37164025    0.37852470    0.36850525    0.34731049    0.37478878    0.34529384    0.32733250    0.38375650    0.31015482    0.33572060    0.32874438    0.00000000    0.02028053
T16            0.18276265    0.40809163    0.41206548    0.39117949    0.36227532    0.40350075    0.41877937    0.42675849    0.43014209    0.37478878    0.39190204    0.37478878    0.38170088    0.37536227    0.35394191    0.38170088    0.34731049    0.33286401    0.38963216    0.31891917    0.34123675    0.33423620    0.02028053    0.00000000

