24
T18            0.00000000    0.32884201    0.32884201    0.27118163    0.24873575    0.28355696    0.26234570    0.24809975    0.29567678    0.28355696    0.30511071    0.27757526    0.27515003    0.27200156    0.27200156    0.27236948    0.27478299    0.33129546    0.32738234    0.28042119    0.25460864    0.35339484    0.25689802    0.29006911
T5             0.32884201    0.00000000    0.01620821    0.26818906    0.25351719    0.26418316    0.26478305    0.25897628    0.29492198    0.29321583    0.31092429    0.27622096    0.26754850    0.27374741    0.27374741    0.28601809    0.28283966    0.33129546    0.32738234    0.26311375    0.25264866    0.31490445    0.25437390    0.27252064
T7             0.32884201    0.01620821    0.00000000    0.25897628    0.24156430    0.25212235    0.25264866    0.24695153    0.28216719    0.28037848    0.29779167    0.26389946    0.25537718    0.26142570    0.26142570    0.27342416    0.27032476    0.32879805    0.32487222    0.25712001    0.24669043    0.30190109    0.24263290    0.26034973
T14            0.27118163    0.26818906    0.25897628    0.00000000    0.10187878    0.13261099    0.11593728    0.10398773    0.15006161    0.15048125    0.15766158    0.12283093    0.11578133    0.12315633    0.12315633    0.13297081    0.12546637    0.17759804    0.18277777    0.15581561    0.16121944    0.23569362    0.15824458    0.16625658
T9             0.24873575    0.25351719    0.24156430    0.10187878    0.00000000    0.07387627    0.06728020    0.05419273    0.08510906    0.08993789    0.09450480    0.07169614    0.06960451    0.06735669    0.06735669    0.07859623    0.06728020    0.15465128    0.15446494    0.15125065    0.14141920    0.21652989    0.13879527    0.14631800
T6             0.28355696    0.26418316    0.25212235    0.13261099    0.07387627    0.00000000    0.06921977    0.05613213    0.10329508    0.10803625    0.11012830    0.08940020    0.08724540    0.08266737    0.08266737    0.09643451    0.08273747    0.18549727    0.18526884    0.17643898    0.16596103    0.24373781    0.17075431    0.16841853
T4             0.26234570    0.26478305    0.25264866    0.11593728    0.06728020    0.06921977    0.00000000    0.03271263    0.09643451    0.09195725    0.10103244    0.07825761    0.07162341    0.07841276    0.07841276    0.08519885    0.07380547    0.17022502    0.17000549    0.16625658    0.15621763    0.23595069    0.16351226    0.16641742
T16            0.24809975    0.25897628    0.24695153    0.10398773    0.05419273    0.05613213    0.03271263    0.00000000    0.07825761    0.07613936    0.09195725    0.06498293    0.06289121    0.06511895    0.06511895    0.07177584    0.06061184    0.15986311    0.15966315    0.16121944    0.14618463    0.22748867    0.15339519    0.15621763
T22            0.29567678    0.29492198    0.28216719    0.15006161    0.08510906    0.10329508    0.09643451    0.07825761    0.00000000    0.07833163    0.08495113    0.06714801    0.06504749    0.06728020    0.06728020    0.07395411    0.06276512    0.20669674    0.20644311    0.19725159    0.19490518    0.27654295    0.19706791    0.19744462
T8             0.28355696    0.29321583    0.28037848    0.15048125    0.08993789    0.10803625    0.09195725    0.07613936    0.07833163    0.00000000    0.07631239    0.06282473    0.06074175    0.06296454    0.06296454    0.06511895    0.05407848    0.21293533    0.21264676    0.20040391    0.18985384    0.25867894    0.18928646    0.18695095
T13            0.30511071    0.31092429    0.29779167    0.15766158    0.09450480    0.11012830    0.10103244    0.09195725    0.08495113    0.07631239    0.00000000    0.06932002    0.06721063    0.07169614    0.07169614    0.07613936    0.06492528    0.21494942    0.21468097    0.20295851    0.19237495    0.27374741    0.19452484    0.19764697
T23            0.27757526    0.27622096    0.26389946    0.12283093    0.07169614    0.08940020    0.07825761    0.06498293    0.06714801    0.06282473    0.06932002    0.00000000    0.01823242    0.02029441    0.02029441    0.04770822    0.03697648    0.18573457    0.18549727    0.17892399    0.17396283    0.24452577    0.17088481    0.17909323
T2             0.27515003    0.26754850    0.25537718    0.11578133    0.06960451    0.08724540    0.07162341    0.06289121    0.06504749    0.06074175    0.06721063    0.01823242    0.00000000    0.01827022    0.01827022    0.04565936    0.03492749    0.18300762    0.18823168    0.17661006    0.17167016    0.24809975    0.16855995    0.17679002
T0             0.27200156    0.27374741    0.26142570    0.12315633    0.06735669    0.08266737    0.07841276    0.06511895    0.06728020    0.06296454    0.07169614    0.02029441    0.01827022    0.00000000    0.00000000    0.04783373    0.03705546    0.18573457    0.18549727    0.17396283    0.17167016    0.24809975    0.16596103    0.17413572
T17            0.27200156    0.27374741    0.26142570    0.12315633    0.06735669    0.08266737    0.07841276    0.06511895    0.06728020    0.06296454    0.07169614    0.02029441    0.01827022    0.00000000    0.00000000    0.04783373    0.03705546    0.18573457    0.18549727    0.17396283    0.17167016    0.24809975    0.16596103    0.17413572
T15            0.27236948    0.28601809    0.27342416    0.13297081    0.07859623    0.09643451    0.08519885    0.07177584    0.07395411    0.06511895    0.07613936    0.04770822    0.04565936    0.04783373    0.04783373    0.00000000    0.02653203    0.19707103    0.19679403    0.17643898    0.16658693    0.24183875    0.17102422    0.17396283
T21            0.27478299    0.28283966    0.27032476    0.12546637    0.06728020    0.08273747    0.07380547    0.06061184    0.06276512    0.05407848    0.06492528    0.03697648    0.03492749    0.03705546    0.03705546    0.02653203    0.00000000    0.18324628    0.18300762    0.17909323    0.16886915    0.23888603    0.16841853    0.17396283
T20            0.33129546    0.33129546    0.32879805    0.17759804    0.15465128    0.18549727    0.17022502    0.15986311    0.20669674    0.21293533    0.21494942    0.18573457    0.18300762    0.18573457    0.18573457    0.19707103    0.18324628    0.00000000    0.01619045    0.20619884    0.18695095    0.27687601    0.20275024    0.20596396
T12            0.32738234    0.32738234    0.32487222    0.18277777    0.15446494    0.18526884    0.17000549    0.15966315    0.20644311    0.21264676    0.21468097    0.18549727    0.18823168    0.18549727    0.18549727    0.19679403    0.18300762    0.01619045    0.00000000    0.20596396    0.18676914    0.27968136    0.20255140    0.20573849
T19            0.28042119    0.26311375    0.25712001    0.15581561    0.15125065    0.17643898    0.16625658    0.16121944    0.19725159    0.20040391    0.20295851    0.17892399    0.17661006    0.17396283    0.17396283    0.17643898    0.17909323    0.20619884    0.20596396    0.00000000    0.07622235    0.13933489    0.06926637    0.08053099
T11            0.25460864    0.25264866    0.24669043    0.16121944    0.14141920    0.16596103    0.15621763    0.14618463    0.19490518    0.18985384    0.19237495    0.17396283    0.17167016    0.17167016    0.17167016    0.16658693    0.16886915    0.18695095    0.18676914    0.07622235    0.00000000    0.12315633    0.06061184    0.06282473
T1             0.35339484    0.31490445    0.30190109    0.23569362    0.21652989    0.24373781    0.23595069    0.22748867    0.27654295    0.25867894    0.27374741    0.24452577    0.24809975    0.24809975    0.24809975    0.24183875    0.23888603    0.27687601    0.27968136    0.13933489    0.12315633    0.00000000    0.12459311    0.12950949
T10            0.25689802    0.25437390    0.24263290    0.15824458    0.13879527    0.17075431    0.16351226    0.15339519    0.19706791    0.18928646    0.19452484    0.17088481    0.16855995    0.16596103    0.16596103    0.17102422    0.16841853    0.20275024    0.20255140    0.06926637    0.06061184    0.12459311    0.00000000    0.05617030
T3             0.29006911    0.27252064    0.26034973    0.16625658    0.14631800    0.16841853    0.16641742    0.15621763    0.19744462    0.18695095    0.19764697    0.17909323    0.17679002    0.17413572    0.17413572    0.17396283    0.17396283    0.20596396    0.20573849    0.08053099    0.06282473    0.12950949    0.05617030    0.00000000

