24
T9             0.00000000    0.33691946    0.38815878    0.36716221    0.38173389    0.37805084    0.39189698    0.41320200    0.41320200    0.36807994    0.36045935    0.36629979    0.35224208    0.30577949    0.33249063    0.32949450    0.31562921    0.29643306    0.31393062    0.30544764    0.28817186    0.28817186    0.30722648    0.31934383
T21            0.33691946    0.00000000    0.10624834    0.14531233    0.15309020    0.15048407    0.15526282    0.18077044    0.17536046    0.15526282    0.13747299    0.15526282    0.14274644    0.19679847    0.22854345    0.21486911    0.21386288    0.23443130    0.26203483    0.24572673    0.22100202    0.21810883    0.23771067    0.23739314
T8             0.38815878    0.10624834    0.00000000    0.20085567    0.20644733    0.20364366    0.20877149    0.23038624    0.22461695    0.21442649    0.19237818    0.20317992    0.19855292    0.26960764    0.30202827    0.28688067    0.27275645    0.28432758    0.29568570    0.29244499    0.26611939    0.26301955    0.28472546    0.29322496
T19            0.36716221    0.14531233    0.20085567    0.00000000    0.04355783    0.03710485    0.06067374    0.10793671    0.10320669    0.13495252    0.11536039    0.11307107    0.10587337    0.22915226    0.24405131    0.23011405    0.23803815    0.25021683    0.28468511    0.24966598    0.23356492    0.23064651    0.25050793    0.24481473
T1             0.38173389    0.15309020    0.20644733    0.04355783    0.00000000    0.01010166    0.07186309    0.12485444    0.11753358    0.14768424    0.12762243    0.12530311    0.12037422    0.24103567    0.27204591    0.25751095    0.25940941    0.26611939    0.30068142    0.27096987    0.25448671    0.25144359    0.26577086    0.26611939
T12            0.37805084    0.15048407    0.20364366    0.03710485    0.01010166    0.00000000    0.06960504    0.12240219    0.11511699    0.14511175    0.12514577    0.12037422    0.11792793    0.23803815    0.26253863    0.24821035    0.25013789    0.25993888    0.30068142    0.26478958    0.24841893    0.24541251    0.25960950    0.25993888
T15            0.39189698    0.15526282    0.20877149    0.06067374    0.07186309    0.06960504    0.00000000    0.12704665    0.12215422    0.14986648    0.12485444    0.12746670    0.12009163    0.23803815    0.26885663    0.25751095    0.26253863    0.27479080    0.31306731    0.27655009    0.25993888    0.25687712    0.27443442    0.25929071
T16            0.41320200    0.18077044    0.23038624    0.10793671    0.12485444    0.12240219    0.12704665    0.00000000    0.00804439    0.16940110    0.14631975    0.15125251    0.14393480    0.24481473    0.28112834    0.26647859    0.26235241    0.29456999    0.31858081    0.29388394    0.27688338    0.27375451    0.29817102    0.28886271
T6             0.41320200    0.17536046    0.22461695    0.10320669    0.11753358    0.11511699    0.12215422    0.00804439    0.00000000    0.16414802    0.14129180    0.14618628    0.13891947    0.23889126    0.27794950    0.26336906    0.25624769    0.28817186    0.31526494    0.28752673    0.27064515    0.26755507    0.29171065    0.28250526
T4             0.36807994    0.15526282    0.21442649    0.13495252    0.14768424    0.14511175    0.14986648    0.16940110    0.16414802    0.00000000    0.03077638    0.13713496    0.12253789    0.24941968    0.27437982    0.25669320    0.25863391    0.25929071    0.29422117    0.27096987    0.24841893    0.24242411    0.25960950    0.24481473
T0             0.36045935    0.13747299    0.19237818    0.11536039    0.12762243    0.12514577    0.12485444    0.14631975    0.14129180    0.03077638    0.00000000    0.12240219    0.10814537    0.22593265    0.25591647    0.23872288    0.24069917    0.23916732    0.27622787    0.25050793    0.22855988    0.22275682    0.24541251    0.23678804
T2             0.36629979    0.15526282    0.20317992    0.11307107    0.12530311    0.12037422    0.12746670    0.15125251    0.14618628    0.13713496    0.12240219    0.00000000    0.11334849    0.22855988    0.25320928    0.24138214    0.23443130    0.25566048    0.29355834    0.26235241    0.24184420    0.23889126    0.25594880    0.24130517
T22            0.35224208    0.14274644    0.19855292    0.10587337    0.12037422    0.11792793    0.12009163    0.14393480    0.13891947    0.12253789    0.10814537    0.11334849    0.00000000    0.21237235    0.23643140    0.22557255    0.22162036    0.23836967    0.26363233    0.24080726    0.21348593    0.21068240    0.23862536    0.23013595
T20            0.30577949    0.19679847    0.26960764    0.22915226    0.24103567    0.23803815    0.23803815    0.24481473    0.23889126    0.24941968    0.22593265    0.22855988    0.21237235    0.00000000    0.09195803    0.08069722    0.10135178    0.20019737    0.20733737    0.19707090    0.17396532    0.17133195    0.19765037    0.18659914
T14            0.33249063    0.22854345    0.30202827    0.24405131    0.27204591    0.26253863    0.26885663    0.28112834    0.27794950    0.27437982    0.25591647    0.25320928    0.23643140    0.09195803    0.00000000    0.01822294    0.10669032    0.21754553    0.22749325    0.22275682    0.20440909    0.20159744    0.22360878    0.21754553
T11            0.32949450    0.21486911    0.28688067    0.23011405    0.25751095    0.24821035    0.25751095    0.26647859    0.26336906    0.25669320    0.23872288    0.24138214    0.22557255    0.08069722    0.01822294    0.00000000    0.09517239    0.20696425    0.21914074    0.20926686    0.19123772    0.18848043    0.21581699    0.20414467
T5             0.31562921    0.21386288    0.27275645    0.23803815    0.25940941    0.25013789    0.26253863    0.26235241    0.25624769    0.25863391    0.24069917    0.23443130    0.22162036    0.10135178    0.10669032    0.09517239    0.00000000    0.20853799    0.22374225    0.21089518    0.19554863    0.19279906    0.22014638    0.20853799
T7             0.29643306    0.23443130    0.28432758    0.25021683    0.26611939    0.25993888    0.27479080    0.29456999    0.28817186    0.25929071    0.23916732    0.25566048    0.23836967    0.20019737    0.21754553    0.20696425    0.20853799    0.00000000    0.10298452    0.08476917    0.08289990    0.07833217    0.09887869    0.09877811
T13            0.31393062    0.26203483    0.29568570    0.28468511    0.30068142    0.30068142    0.31306731    0.31858081    0.31526494    0.29422117    0.27622787    0.29355834    0.26363233    0.20733737    0.22749325    0.21914074    0.22374225    0.10298452    0.00000000    0.05617052    0.06498328    0.06055743    0.08053153    0.08732671
T10            0.30544764    0.24572673    0.29244499    0.24966598    0.27096987    0.26478958    0.27655009    0.29388394    0.28752673    0.27096987    0.25050793    0.26235241    0.24080726    0.19707090    0.22275682    0.20926686    0.21089518    0.08476917    0.05617052    0.00000000    0.04776796    0.04343803    0.06074214    0.06960504
T23            0.28817186    0.22100202    0.26611939    0.23356492    0.25448671    0.24841893    0.25993888    0.27688338    0.27064515    0.24841893    0.22855988    0.24184420    0.21348593    0.17396532    0.20440909    0.19123772    0.19554863    0.08289990    0.06498328    0.04776796    0.00000000    0.00401613    0.03930688    0.04572752
T18            0.28817186    0.21810883    0.26301955    0.23064651    0.25144359    0.24541251    0.25687712    0.27375451    0.26755507    0.24242411    0.22275682    0.23889126    0.21068240    0.17133195    0.20159744    0.18848043    0.19279906    0.07833217    0.06055743    0.04343803    0.00401613    0.00000000    0.03502338    0.04139755
T17            0.30722648    0.23771067    0.28472546    0.25050793    0.26577086    0.25960950    0.27443442    0.29817102    0.29171065    0.25960950    0.24541251    0.25594880    0.23862536    0.19765037    0.22360878    0.21581699    0.22014638    0.09887869    0.08053153    0.06074214    0.03930688    0.03502338    0.00000000    0.03919274
T3             0.31934383    0.23739314    0.29322496    0.24481473    0.26611939    0.25993888    0.25929071    0.28886271    0.28250526    0.24481473    0.23678804    0.24130517    0.23013595    0.18659914    0.21754553    0.20414467    0.20853799    0.09877811    0.08732671    0.06960504    0.04572752    0.04139755    0.03919274    0.00000000

