24
T16            0.00000000    0.34291249    0.34649175    0.33989367    0.36670873    0.29872213    0.29499647    0.30782443    0.28883536    0.29256252    0.29123616    0.31024827    0.29736401    0.28552993    0.19797618    0.17471922    0.18801033    0.17492764    0.17514477    0.19628370    0.15948180    0.18599625    0.16940940    0.15789149
T6             0.34291249    0.00000000    0.01010172    0.06271362    0.45751604    0.41554834    0.40928561    0.39852818    0.39204610    0.39650842    0.40365865    0.41818902    0.40693763    0.40199954    0.35615415    0.34845265    0.35511434    0.34540872    0.35098705    0.36129275    0.30022942    0.34705237    0.33532034    0.32098267
T17            0.34649175    0.01010172    0.00000000    0.06492663    0.46183994    0.41957547    0.41334603    0.40239877    0.39204610    0.40039426    0.40759044    0.42221603    0.41088494    0.40601098    0.35986696    0.35930737    0.36608847    0.35622430    0.36184148    0.37234775    0.31704121    0.35798707    0.34594386    0.33145807
T3             0.33989367    0.06271362    0.06492663    0.00000000    0.48312756    0.42291805    0.41665176    0.41353991    0.39913562    0.40365865    0.41088494    0.42699455    0.41419429    0.40126271    0.35552835    0.35874559    0.36184148    0.35566279    0.36129275    0.37177145    0.31997476    0.34649175    0.33482295    0.32498409
T11            0.36670873    0.45751604    0.46183994    0.48312756    0.00000000    0.17966679    0.16757574    0.21371907    0.20297332    0.20319151    0.19787315    0.21090711    0.20276455    0.18849215    0.36945965    0.35125724    0.36916715    0.35185662    0.35738645    0.36416918    0.33743447    0.33799408    0.33799408    0.31327180
T5             0.29872213    0.41554834    0.41957547    0.42291805    0.17966679    0.00000000    0.05407950    0.16596962    0.15594864    0.15864895    0.15594864    0.16108056    0.16094156    0.14237316    0.29968429    0.28757472    0.30022942    0.28798377    0.29980001    0.30022942    0.25657685    0.27955180    0.26687223    0.25593952
T4             0.29499647    0.40928561    0.41334603    0.41665176    0.16757574    0.05407950    0.00000000    0.14885867    0.13905550    0.14170911    0.14156345    0.14885867    0.14646726    0.13046491    0.30627384    0.28691138    0.30304658    0.28737623    0.29256252    0.30206180    0.24407187    0.27898164    0.25983786    0.25213609
T12            0.30782443    0.39852818    0.40239877    0.41353991    0.21371907    0.16596962    0.14885867    0.00000000    0.01823251    0.01824832    0.03690726    0.04327769    0.03904287    0.15746280    0.31461754    0.30310625    0.31948876    0.30688622    0.30310625    0.31180618    0.26757549    0.28041053    0.29001095    0.24543101
T1             0.28883536    0.39204610    0.39204610    0.39913562    0.20297332    0.15594864    0.13905550    0.01823251    0.00000000    0.00805160    0.02646341    0.03272715    0.02855455    0.14492621    0.29540469    0.28435391    0.30022942    0.28798377    0.29081649    0.29938212    0.25596745    0.26855495    0.27167491    0.23414942
T19            0.29256252    0.39650842    0.40039426    0.40365865    0.20319151    0.15864895    0.14170911    0.01824832    0.00805160    0.00000000    0.02647101    0.03274795    0.02857297    0.14511903    0.29919755    0.28798377    0.30399873    0.29166707    0.29450993    0.30310625    0.25931059    0.26579281    0.27518246    0.23741118
T8             0.29123616    0.40365865    0.40759044    0.41088494    0.19787315    0.15594864    0.14156345    0.03690726    0.02646341    0.02647101    0.00000000    0.03066968    0.03064684    0.14237316    0.29210920    0.27797408    0.29366040    0.28154200    0.28679021    0.29285627    0.25596745    0.26855495    0.27167491    0.24007442
T2             0.31024827    0.41818902    0.42221603    0.42699455    0.21090711    0.16108056    0.14885867    0.04327769    0.03272715    0.03274795    0.03066968    0.00000000    0.03697694    0.14968406    0.32150455    0.29980001    0.31608080    0.30354670    0.30889453    0.30933402    0.27377644    0.28679021    0.29001095    0.25146350
T10            0.29736401    0.40693763    0.41088494    0.41419429    0.20276455    0.16094156    0.14646726    0.03904287    0.02855455    0.02857297    0.03064684    0.03697694    0.00000000    0.14730108    0.30831096    0.29040808    0.29980001    0.29407950    0.29938212    0.30556629    0.25870380    0.27132782    0.27760706    0.23976751
T20            0.28552993    0.40199954    0.40601098    0.40126271    0.18849215    0.14237316    0.13046491    0.15746280    0.14492621    0.14511903    0.14237316    0.14968406    0.14730108    0.00000000    0.31153275    0.28504315    0.30121233    0.29551662    0.29732932    0.30355606    0.25053494    0.27620486    0.27528478    0.23193237
T7             0.19797618    0.35615415    0.35986696    0.35552835    0.36945965    0.29968429    0.30627384    0.31461754    0.29540469    0.29919755    0.29210920    0.32150455    0.30831096    0.31153275    0.00000000    0.11839635    0.12564676    0.11366089    0.12547368    0.13784966    0.15549113    0.16634014    0.16851225    0.14931382
T9             0.17471922    0.34845265    0.35930737    0.35874559    0.35125724    0.28757472    0.28691138    0.30310625    0.28435391    0.28798377    0.27797408    0.29980001    0.29040808    0.28504315    0.11839635    0.00000000    0.02238956    0.02442193    0.04120321    0.04330800    0.13919481    0.16250119    0.14186294    0.13784966
T21            0.18801033    0.35511434    0.36608847    0.36184148    0.36916715    0.30022942    0.30304658    0.31948876    0.30022942    0.30399873    0.29366040    0.31608080    0.29980001    0.30121233    0.12564676    0.02238956    0.00000000    0.03066968    0.04760996    0.05190032    0.14916397    0.16757574    0.14932908    0.15049241
T22            0.17492764    0.34540872    0.35622430    0.35566279    0.35185662    0.28798377    0.28737623    0.30688622    0.28798377    0.29166707    0.28154200    0.30354670    0.29407950    0.29551662    0.11366089    0.02442193    0.03066968    0.00000000    0.02859781    0.03277524    0.13683425    0.15485637    0.13669312    0.13550664
T18            0.17514477    0.35098705    0.36184148    0.36129275    0.35738645    0.29980001    0.29256252    0.30310625    0.29081649    0.29450993    0.28679021    0.30889453    0.29938212    0.29732932    0.12547368    0.04120321    0.04760996    0.02859781    0.00000000    0.04124214    0.14646726    0.15948180    0.14129675    0.14511903
T15            0.19628370    0.36129275    0.37234775    0.37177145    0.36416918    0.30022942    0.30206180    0.31180618    0.29938212    0.30310625    0.29285627    0.30933402    0.30556629    0.30355606    0.13784966    0.04330800    0.05190032    0.03277524    0.04124214    0.00000000    0.16172267    0.18054097    0.15637727    0.16052553
T14            0.15948180    0.30022942    0.31704121    0.31997476    0.33743447    0.25657685    0.24407187    0.26757549    0.25596745    0.25931059    0.25596745    0.27377644    0.25870380    0.25053494    0.15549113    0.13919481    0.14916397    0.13683425    0.14646726    0.16172267    0.00000000    0.10793965    0.10776122    0.08741685
T13            0.18599625    0.34705237    0.35798707    0.34649175    0.33799408    0.27955180    0.27898164    0.28041053    0.26855495    0.26579281    0.26855495    0.28679021    0.27132782    0.27620486    0.16634014    0.16250119    0.16757574    0.15485637    0.15948180    0.18054097    0.10793965    0.00000000    0.04982598    0.11366089
T23            0.16940940    0.33532034    0.34594386    0.33482295    0.33799408    0.26687223    0.25983786    0.29001095    0.27167491    0.27518246    0.27167491    0.29001095    0.27760706    0.27528478    0.16851225    0.14186294    0.14932908    0.13669312    0.14129675    0.15637727    0.10776122    0.04982598    0.00000000    0.11578745
T0             0.15789149    0.32098267    0.33145807    0.32498409    0.31327180    0.25593952    0.25213609    0.24543101    0.23414942    0.23741118    0.24007442    0.25146350    0.23976751    0.23193237    0.14931382    0.13784966    0.15049241    0.13550664    0.14511903    0.16052553    0.08741685    0.11366089    0.11578745    0.00000000

