24
T17            0.00000000    0.21558322    0.15644054    0.16149781    0.15618843    0.19513909    0.19263231    0.15048279    0.20939969    0.17000714    0.16270651    0.15379991    0.17045491    0.16535402    0.17854793    0.16535402    0.24247786    0.13803858    0.16801566    0.17583563    0.13083633    0.17444283    0.16659179    0.14383456
T21            0.21558322    0.00000000    0.19108079    0.20213260    0.20213260    0.24408149    0.24538748    0.19293818    0.24408149    0.21418635    0.22037621    0.21265591    0.24247786    0.23679587    0.26108007    0.21968055    0.29583181    0.22408024    0.23080075    0.22748923    0.21230142    0.24450701    0.23572750    0.21339236
T1             0.15644054    0.19108079    0.00000000    0.06728044    0.09963640    0.17963432    0.18826895    0.13336322    0.18795266    0.16607160    0.14274534    0.15379991    0.17854793    0.17338195    0.19233527    0.16316235    0.24476930    0.14573632    0.16270651    0.16249116    0.14832888    0.18547288    0.17747149    0.14956548
T18            0.16149781    0.20213260    0.06728044    0.00000000    0.09475023    0.16582403    0.17963432    0.13064322    0.18209960    0.16270651    0.12994869    0.14573632    0.19204708    0.18677450    0.20332614    0.15766314    0.25980879    0.15331776    0.16778617    0.15966457    0.14810555    0.18795266    0.17992735    0.15405311
T20            0.15618843    0.20213260    0.09963640    0.09475023    0.00000000    0.16149781    0.17416488    0.12813541    0.17119040    0.15225488    0.13747203    0.14832888    0.18375214    0.17854793    0.19484301    0.16558483    0.25980879    0.15070484    0.16778617    0.17022675    0.15070484    0.18859391    0.18053899    0.15670077
T9             0.19513909    0.24408149    0.17963432    0.16582403    0.16149781    0.00000000    0.15788124    0.11563376    0.15766314    0.13713408    0.12485374    0.17634676    0.22422237    0.21870769    0.24210165    0.19652837    0.29868467    0.18926674    0.22161772    0.21840232    0.17290264    0.21265591    0.20431403    0.18181611
T23            0.19263231    0.24538748    0.18826895    0.17963432    0.17416488    0.15788124    0.00000000    0.08796204    0.13590299    0.11563376    0.12315732    0.18429098    0.21581454    0.21036795    0.23045112    0.19679644    0.28037299    0.18734613    0.20468058    0.21007814    0.17093676    0.21452168    0.20618623    0.17934984
T13            0.15048279    0.19293818    0.13336322    0.13064322    0.12813541    0.11563376    0.08796204    0.00000000    0.08111329    0.05840887    0.07155791    0.14531117    0.15966457    0.15465262    0.17559296    0.15725180    0.23538409    0.14768306    0.17267584    0.17513350    0.12530231    0.17634676    0.16849999    0.13803858
T16            0.20939969    0.24408149    0.18795266    0.18209960    0.17119040    0.15766314    0.13590299    0.08111329    0.00000000    0.04559818    0.11778814    0.19795876    0.22487686    0.21934683    0.24286396    0.19652837    0.27994122    0.20618623    0.22748923    0.23011118    0.17338195    0.22002369    0.21162000    0.18734613
T15            0.17000714    0.21418635    0.16607160    0.16270651    0.15225488    0.13713408    0.11563376    0.05840887    0.04559818    0.00000000    0.09387888    0.16735265    0.19302147    0.18777063    0.20979767    0.17167152    0.24810298    0.17245766    0.19831165    0.19808144    0.14932151    0.19932421    0.19123584    0.15725180
T6             0.16270651    0.22037621    0.14274534    0.12994869    0.13747203    0.12485374    0.12315732    0.07155791    0.11778814    0.09387888    0.00000000    0.14748395    0.18007477    0.18029732    0.19652837    0.15725180    0.24069621    0.14949457    0.17717804    0.17698034    0.15206692    0.18899518    0.18101755    0.15006302
T0             0.15379991    0.21265591    0.15379991    0.14573632    0.14832888    0.17634676    0.18429098    0.14531117    0.19795876    0.16735265    0.14748395    0.00000000    0.14000525    0.14019264    0.16074817    0.14236550    0.21870769    0.12085492    0.15484732    0.14986535    0.13297199    0.17992735    0.17200196    0.13103718
T3             0.17045491    0.24247786    0.17854793    0.19204708    0.18375214    0.22422237    0.21581454    0.15966457    0.22487686    0.19302147    0.18007477    0.14000525    0.00000000    0.00401106    0.04334438    0.12514500    0.23442862    0.14201786    0.17698034    0.18214297    0.14201786    0.19988519    0.19176776    0.16293025
T14            0.16535402    0.23679587    0.17338195    0.18677450    0.17854793    0.21870769    0.21036795    0.15465262    0.21934683    0.18777063    0.18029732    0.14019264    0.00401106    0.00000000    0.04124158    0.12037351    0.23473722    0.13713408    0.17185501    0.17698034    0.13713408    0.19455586    0.18650182    0.15788124
T2             0.17854793    0.26108007    0.19233527    0.20332614    0.19484301    0.24210165    0.23045112    0.17559296    0.24286396    0.20979767    0.19652837    0.16074817    0.04334438    0.04124158    0.00000000    0.13512613    0.26486889    0.16270651    0.19325464    0.19855105    0.16007299    0.21486629    0.20651475    0.18181611
T5             0.16535402    0.21968055    0.16316235    0.15766314    0.16558483    0.19652837    0.19679644    0.15725180    0.19652837    0.17167152    0.15725180    0.14236550    0.12514500    0.12037351    0.13512613    0.00000000    0.23178423    0.14729295    0.16695326    0.16676643    0.13965446    0.18349583    0.18101755    0.15006302
T19            0.24247786    0.29583181    0.24476930    0.25980879    0.25980879    0.29868467    0.28037299    0.23538409    0.27994122    0.24810298    0.24069621    0.21870769    0.23442862    0.23473722    0.26486889    0.23178423    0.00000000    0.19349686    0.20552434    0.21089335    0.22360628    0.25438761    0.24553042    0.21007814
T10            0.13803858    0.22408024    0.14573632    0.15331776    0.15070484    0.18926674    0.18734613    0.14768306    0.20618623    0.17245766    0.14949457    0.12085492    0.14201786    0.13713408    0.16270651    0.14729295    0.19349686    0.00000000    0.11578217    0.11807404    0.13278810    0.17200196    0.16686435    0.14102167
T11            0.16801566    0.23080075    0.16270651    0.16778617    0.16778617    0.22161772    0.20468058    0.17267584    0.22748923    0.19831165    0.17717804    0.15484732    0.17698034    0.17185501    0.19325464    0.16695326    0.20552434    0.11578217    0.00000000    0.02656521    0.15947293    0.19400839    0.18598284    0.16007299
T4             0.17583563    0.22748923    0.16249116    0.15966457    0.17022675    0.21840232    0.21007814    0.17513350    0.23011118    0.19808144    0.17698034    0.14986535    0.18214297    0.17698034    0.19855105    0.16676643    0.21089335    0.11807404    0.02656521    0.00000000    0.16189563    0.19932421    0.19123584    0.15986460
T22            0.13083633    0.21230142    0.14832888    0.14810555    0.15070484    0.17290264    0.17093676    0.12530231    0.17338195    0.14932151    0.15206692    0.13297199    0.14201786    0.13713408    0.16007299    0.13965446    0.22360628    0.13278810    0.15947293    0.16189563    0.00000000    0.09450532    0.08761190    0.06519754
T12            0.17444283    0.24450701    0.18547288    0.18795266    0.18859391    0.21265591    0.21452168    0.17634676    0.22002369    0.19932421    0.18899518    0.17992735    0.19988519    0.19455586    0.21486629    0.18349583    0.25438761    0.17200196    0.19400839    0.19932421    0.09450532    0.00000000    0.00602722    0.07403927
T8             0.16659179    0.23572750    0.17747149    0.17992735    0.18053899    0.20431403    0.20618623    0.16849999    0.21162000    0.19123584    0.18101755    0.17200196    0.19176776    0.18650182    0.20651475    0.18101755    0.24553042    0.16686435    0.18598284    0.19123584    0.08761190    0.00602722    0.00000000    0.06735695
T7             0.14383456    0.21339236    0.14956548    0.15405311    0.15670077    0.18181611    0.17934984    0.13803858    0.18734613    0.15725180    0.15006302    0.13103718    0.16293025    0.15788124    0.18181611    0.15006302    0.21007814    0.14102167    0.16007299    0.15986460    0.06519754    0.07403927    0.06735695    0.00000000

