24
T12            0.00000000    0.25859325    0.24002443    0.33572218    0.27866985    0.38574715    0.35725623    0.35295639    0.31953903    0.32949828    0.31953903    0.29439258    0.29439258    0.28122069    0.30397509    0.20494024    0.21005464    0.19677525    0.20778299    0.21578912    0.21578912    0.21609473    0.24322244    0.24362723
T17            0.25859325    0.00000000    0.04770719    0.15546690    0.13010170    0.35112902    0.34088143    0.40582706    0.34750137    0.34693089    0.35972433    0.33432508    0.32729942    0.32037130    0.34928867    0.24367074    0.24601691    0.24100098    0.23767819    0.25514275    0.25208222    0.24938315    0.29541697    0.29258638
T1             0.24002443    0.04770719    0.00000000    0.14490701    0.12008423    0.35418623    0.34389991    0.40108796    0.34334240    0.34637306    0.35539307    0.33026808    0.32331588    0.31645919    0.34505258    0.23145770    0.23145770    0.22882216    0.23145770    0.24269726    0.23971895    0.23705496    0.27520484    0.27243894
T18            0.33572218    0.15546690    0.14490701    0.00000000    0.07841021    0.42828806    0.41678477    0.47777321    0.39506320    0.40618478    0.40834949    0.37843702    0.37087969    0.37716695    0.42136516    0.30548360    0.30796961    0.30924639    0.30548360    0.31464275    0.31129503    0.30838345    0.32677987    0.32382334
T9             0.27866985    0.13010170    0.12008423    0.07841021    0.00000000    0.37026640    0.35609993    0.41569033    0.34477571    0.35499560    0.36403387    0.33624191    0.32924103    0.33521485    0.34637306    0.26332997    0.26573252    0.26059048    0.26332997    0.25957382    0.25652274    0.25990219    0.28964632    0.29010882
T13            0.38574715    0.35112902    0.35418623    0.42828806    0.37026640    0.00000000    0.08510621    0.49325480    0.46330870    0.46870579    0.48598031    0.43224742    0.42805636    0.42805636    0.45105074    0.34750137    0.34637306    0.35054537    0.35360208    0.35247239    0.35609993    0.35303079    0.36722519    0.36412409
T21            0.35725623    0.34088143    0.34389991    0.41678477    0.35609993    0.08510621    0.00000000    0.49293807    0.46063542    0.46330870    0.46946196    0.42828806    0.42418335    0.42011213    0.42345455    0.33872752    0.33772557    0.33572218    0.33521485    0.33872752    0.34226509    0.33924728    0.35908789    0.35601575
T15            0.35295639    0.40582706    0.40108796    0.47777321    0.41569033    0.49325480    0.49293807    0.00000000    0.12253003    0.13477596    0.14985353    0.12067860    0.12067860    0.11334093    0.13260267    0.33662445    0.34262763    0.32302738    0.33662445    0.34262763    0.34262763    0.34323454    0.36859374    0.36549004
T3             0.31953903    0.34750137    0.34334240    0.39506320    0.34477571    0.46330870    0.46063542    0.12253003    0.00000000    0.01210022    0.05638954    0.05835775    0.05835775    0.05182092    0.07613701    0.29625366    0.30196955    0.28682689    0.29625366    0.30871068    0.30871068    0.30921794    0.32009356    0.32417279
T5             0.32949828    0.34693089    0.34637306    0.40618478    0.35499560    0.46870579    0.46330870    0.13477596    0.01210022    0.00000000    0.06504577    0.06937890    0.06937890    0.06271109    0.08289644    0.29247675    0.29817097    0.28312533    0.29247675    0.30821496    0.30821496    0.30871068    0.32654028    0.33066992
T2             0.31953903    0.35972433    0.35539307    0.40834949    0.36403387    0.48598031    0.46946196    0.14985353    0.05638954    0.06504577    0.00000000    0.08289644    0.08289644    0.07606123    0.09697844    0.31316516    0.31899625    0.30008612    0.30973670    0.32247243    0.32247243    0.32302738    0.32711950    0.33127376
T23            0.29439258    0.33432508    0.33026808    0.37843702    0.33624191    0.43224742    0.42828806    0.12067860    0.05835775    0.06937890    0.08289644    0.00000000    0.00401612    0.01415459    0.05001621    0.27433153    0.27989651    0.27156501    0.27114391    0.28312533    0.28312533    0.28356641    0.31080871    0.30792158
T11            0.29439258    0.32729942    0.32331588    0.37087969    0.32924103    0.42805636    0.42418335    0.12067860    0.05835775    0.06937890    0.08289644    0.00401612    0.00000000    0.01415459    0.05001621    0.26797653    0.27350087    0.26523015    0.26482913    0.27668844    0.27668844    0.27710866    0.31426093    0.31136193
T0             0.28122069    0.32037130    0.31645919    0.37716695    0.33521485    0.42805636    0.42011213    0.11334093    0.05182092    0.06271109    0.07606123    0.01415459    0.01415459    0.00000000    0.04349343    0.26170145    0.26718616    0.25897470    0.25859325    0.27350087    0.27350087    0.27391086    0.30397509    0.30111124
T6             0.30397509    0.34928867    0.34505258    0.42136516    0.34637306    0.45105074    0.42345455    0.13260267    0.07613701    0.08289644    0.09697844    0.05001621    0.05001621    0.04349343    0.00000000    0.28682689    0.29247675    0.27753963    0.28032709    0.29910599    0.29910599    0.29959042    0.33127376    0.33549132
T16            0.20494024    0.24367074    0.23145770    0.30548360    0.26332997    0.34750137    0.33872752    0.33662445    0.29625366    0.29247675    0.31316516    0.27433153    0.26797653    0.26170145    0.28682689    0.00000000    0.00401206    0.01824805    0.02236476    0.03906964    0.04128613    0.03910384    0.14217748    0.13981578
T20            0.21005464    0.24601691    0.23145770    0.30796961    0.26573252    0.34637306    0.33772557    0.34262763    0.30196955    0.29817097    0.31899625    0.27989651    0.27350087    0.26718616    0.29247675    0.00401206    0.00000000    0.02234674    0.02648464    0.04327663    0.04549437    0.04330680    0.14692507    0.14454723
T19            0.19677525    0.24100098    0.22882216    0.30924639    0.26059048    0.35054537    0.33572218    0.32302738    0.28682689    0.28312533    0.30008612    0.27156501    0.26523015    0.25897470    0.27753963    0.01824805    0.02234674    0.00000000    0.01619035    0.04124081    0.04554241    0.04128613    0.13981578    0.13746205
T4             0.20778299    0.23767819    0.23145770    0.30548360    0.26332997    0.35360208    0.33521485    0.33662445    0.29625366    0.29247675    0.30973670    0.27114391    0.26482913    0.25859325    0.28032709    0.02236476    0.02648464    0.01619035    0.00000000    0.04549437    0.04982394    0.04554241    0.14217748    0.13981578
T22            0.21578912    0.25514275    0.24269726    0.31464275    0.25957382    0.35247239    0.33872752    0.34262763    0.30871068    0.30821496    0.32247243    0.28312533    0.27668844    0.27350087    0.29910599    0.03906964    0.04327663    0.04124081    0.04549437    0.00000000    0.00804437    0.00401105    0.16247729    0.16005924
T7             0.21578912    0.25208222    0.23971895    0.31129503    0.25652274    0.35609993    0.34226509    0.34262763    0.30871068    0.30821496    0.32247243    0.28312533    0.27668844    0.27350087    0.29910599    0.04128613    0.04549437    0.04554241    0.04982394    0.00804437    0.00000000    0.00805154    0.16777096    0.16533894
T8             0.21609473    0.24938315    0.23705496    0.30838345    0.25990219    0.35303079    0.33924728    0.34323454    0.30921794    0.30871068    0.32302738    0.28356641    0.27710866    0.27391086    0.29959042    0.03910384    0.04330680    0.04128613    0.04554241    0.00401105    0.00805154    0.00000000    0.16269211    0.16027545
T10            0.24322244    0.29541697    0.27520484    0.32677987    0.28964632    0.36722519    0.35908789    0.36859374    0.32009356    0.32654028    0.32711950    0.31080871    0.31426093    0.30397509    0.33127376    0.14217748    0.14692507    0.13981578    0.14217748    0.16247729    0.16777096    0.16269211    0.00000000    0.00602721
T14            0.24362723    0.29258638    0.27243894    0.32382334    0.29010882    0.36412409    0.35601575    0.36549004    0.32417279    0.33066992    0.33127376    0.30792158    0.31136193    0.30111124    0.33549132    0.13981578    0.14454723    0.13746205    0.13981578    0.16005924    0.16533894    0.16027545    0.00602721    0.00000000

