24
T22            0.00000000    0.41252266    0.44089835    0.39263086    0.24273359    0.24273359    0.24541680    0.25178092    0.23945751    0.15687662    0.15947590    0.19325908    0.19325908    0.16940303    0.18734729    0.18484420    0.24213308    0.24184810    0.25293759    0.25022096    0.13919072    0.15171837    0.11320695    0.11536130
T5             0.41252266    0.00000000    0.17559701    0.13433499    0.41176732    0.40774132    0.40701700    0.43076372    0.41506903    0.37638887    0.38027418    0.37426032    0.36666741    0.39935105    0.41652110    0.43000643    0.41991821    0.43497068    0.44345713    0.44177622    0.36912644    0.39698377    0.36912644    0.37161005
T8             0.44089835    0.17559701    0.00000000    0.15309223    0.44177622    0.43749055    0.43663108    0.46377537    0.43240003    0.39218888    0.39624849    0.38573784    0.37787496    0.39372674    0.41077588    0.41998641    0.43072143    0.44701163    0.44177622    0.44016294    0.38905897    0.40993683    0.39055931    0.39300562
T1             0.39263086    0.13433499    0.15309223    0.00000000    0.39226067    0.38832963    0.38761417    0.39585483    0.39517772    0.34891554    0.35262743    0.36941447    0.36182120    0.35567933    0.37953613    0.38813687    0.38304269    0.39797176    0.40269986    0.39945433    0.34574090    0.36733440    0.33386187    0.33986181
T13            0.24273359    0.41176732    0.44177622    0.39226067    0.00000000    0.01209714    0.01413279    0.20318261    0.18235003    0.17782772    0.18053277    0.19680156    0.19680156    0.19808582    0.21962737    0.22856362    0.27409421    0.28320632    0.27723315    0.26511075    0.19808582    0.21523582    0.21728153    0.22249560
T19            0.24273359    0.40774132    0.43749055    0.38832963    0.01209714    0.00000000    0.00200301    0.20318261    0.18464237    0.17782772    0.18053277    0.19680156    0.19680156    0.19532856    0.21677555    0.22565350    0.27165730    0.27758867    0.27479631    0.26268558    0.19855573    0.21294401    0.21728153    0.22249560
T3             0.24541680    0.40701700    0.43663108    0.38761417    0.01413279    0.00200301    0.00000000    0.20574496    0.18714712    0.18030130    0.18301369    0.19932938    0.19653333    0.19786470    0.21938070    0.22828205    0.27131067    0.27723315    0.27443979    0.26235719    0.20109653    0.21552353    0.21988375    0.22511715
T20            0.25178092    0.43076372    0.46377537    0.39585483    0.20318261    0.20318261    0.20574496    0.00000000    0.09419355    0.20109653    0.19831617    0.23179088    0.23179088    0.20318261    0.21914377    0.22511715    0.27592163    0.28185990    0.28469024    0.27936186    0.20696743    0.22978793    0.21840851    0.22885502
T12            0.23945751    0.41506903    0.43240003    0.39517772    0.18235003    0.18464237    0.18714712    0.09419355    0.00000000    0.17946348    0.17679475    0.20901747    0.20901747    0.18426574    0.19980759    0.20552870    0.24597798    0.25812604    0.26035893    0.24327238    0.19511506    0.21210567    0.21135244    0.21938070
T9             0.15687662    0.37638887    0.39218888    0.34891554    0.17782772    0.17782772    0.18030130    0.20109653    0.17946348    0.00000000    0.00200402    0.09963789    0.09963789    0.11079023    0.12268245    0.12995075    0.17432212    0.18214658    0.18195205    0.18214658    0.12485550    0.14255407    0.13198872    0.13420028
T21            0.15947590    0.38027418    0.39624849    0.35262743    0.18053277    0.18053277    0.18301369    0.19831617    0.17679475    0.00200402    0.00000000    0.10203151    0.10203151    0.11320695    0.12514693    0.13244605    0.17698375    0.18484420    0.18464237    0.18484420    0.12731993    0.14511344    0.13447773    0.13668926
T2             0.19325908    0.37426032    0.38573784    0.36941447    0.19680156    0.19680156    0.19932938    0.23179088    0.20901747    0.09963789    0.10203151    0.00000000    0.00804440    0.14473635    0.15465553    0.16492107    0.19258646    0.20062959    0.19532856    0.20620580    0.15986780    0.17881116    0.15171837    0.15140034
T23            0.19325908    0.36666741    0.37787496    0.36182120    0.19680156    0.19680156    0.19653333    0.23179088    0.20901747    0.09963789    0.10203151    0.00804440    0.00000000    0.14473635    0.15465553    0.16492107    0.19258646    0.20062959    0.19532856    0.20620580    0.15986780    0.17881116    0.15429082    0.15140034
T0             0.16940303    0.39935105    0.39372674    0.35567933    0.19808582    0.19532856    0.19786470    0.20318261    0.18426574    0.11079023    0.11320695    0.14473635    0.14473635    0.00000000    0.02857282    0.03069875    0.12717986    0.12951207    0.13433499    0.13447773    0.14155932    0.15446901    0.14949720    0.15171837
T4             0.18734729    0.41652110    0.41077588    0.37953613    0.21962737    0.21677555    0.21938070    0.21914377    0.19980759    0.12268245    0.12514693    0.15465553    0.15465553    0.02857282    0.00000000    0.03064669    0.14661296    0.14900251    0.15395954    0.15412099    0.15879342    0.17205056    0.16959697    0.17185824
T11            0.18484420    0.43000643    0.41998641    0.38813687    0.22856362    0.22565350    0.22828205    0.22511715    0.20552870    0.12995075    0.13244605    0.16492107    0.16492107    0.03069875    0.03064669    0.00000000    0.14677133    0.14407974    0.14900251    0.15429082    0.15637226    0.16959697    0.16715196    0.16940303
T7             0.24213308    0.41991821    0.43072143    0.38304269    0.27409421    0.27165730    0.27131067    0.27592163    0.24597798    0.17432212    0.17698375    0.19258646    0.19258646    0.12717986    0.14661296    0.14677133    0.00000000    0.02238943    0.02236503    0.03919287    0.20597067    0.22915622    0.21393996    0.21068508
T18            0.24184810    0.43497068    0.44701163    0.39797176    0.28320632    0.27758867    0.27723315    0.28185990    0.25812604    0.18214658    0.18484420    0.20062959    0.20062959    0.12951207    0.14900251    0.14407974    0.02238943    0.00000000    0.02859764    0.04559846    0.20340989    0.22071085    0.22224068    0.21891660
T17            0.25293759    0.44345713    0.44177622    0.40269986    0.27723315    0.27479631    0.27443979    0.28469024    0.26035893    0.18195205    0.18464237    0.19532856    0.19532856    0.13433499    0.15395954    0.14900251    0.02236503    0.02859764    0.00000000    0.04554368    0.20831671    0.23149083    0.22199554    0.21869924
T16            0.25022096    0.44177622    0.44016294    0.39945433    0.26511075    0.26268558    0.26235719    0.27936186    0.24327238    0.18214658    0.18484420    0.20620580    0.20620580    0.13447773    0.15412099    0.15429082    0.03919287    0.04559846    0.04554368    0.00000000    0.21089794    0.23413646    0.20810213    0.21327760
T14            0.13919072    0.36912644    0.38905897    0.34574090    0.19808582    0.19855573    0.20109653    0.20696743    0.19511506    0.12485550    0.12731993    0.15986780    0.15986780    0.14155932    0.15879342    0.15637226    0.20597067    0.20340989    0.20831671    0.21089794    0.00000000    0.03716067    0.12499731    0.12717986
T6             0.15171837    0.39698377    0.40993683    0.36733440    0.21523582    0.21294401    0.21552353    0.22978793    0.21210567    0.14255407    0.14511344    0.17881116    0.17881116    0.15446901    0.17205056    0.16959697    0.22915622    0.22071085    0.23149083    0.23413646    0.03716067    0.00000000    0.13730137    0.13949335
T10            0.11320695    0.36912644    0.39055931    0.33386187    0.21728153    0.21728153    0.21988375    0.21840851    0.21135244    0.13198872    0.13447773    0.15171837    0.15429082    0.14949720    0.16959697    0.16715196    0.21393996    0.22224068    0.22199554    0.20810213    0.12499731    0.13730137    0.00000000    0.02439281
T15            0.11536130    0.37161005    0.39300562    0.33986181    0.22249560    0.22249560    0.22511715    0.22885502    0.21938070    0.13420028    0.13668926    0.15140034    0.15140034    0.15171837    0.17185824    0.16940303    0.21068508    0.21891660    0.21869924    0.21327760    0.12717986    0.13949335    0.02439281    0.00000000

