24
T6             0.00000000    0.34043207    0.28474671    0.26450008    0.25052231    0.23651352    0.26686716    0.26480547    0.25689304    0.25899771    0.24752449    0.12299559    0.12299559    0.16514019    0.14749085    0.21872325    0.14950099    0.18874387    0.21841741    0.19124734    0.15429468    0.15706577    0.16029816    0.15189371
T17            0.34043207    0.00000000    0.17760905    0.15788959    0.20187373    0.16757379    0.19485623    0.31804117    0.29398233    0.29000523    0.28839788    0.31273068    0.31273068    0.36981138    0.31856272    0.41491756    0.32739914    0.35430545    0.36239371    0.36851370    0.32497560    0.33614521    0.33556161    0.33036857
T0             0.28474671    0.17760905    0.00000000    0.10576579    0.15653569    0.12951464    0.14456353    0.27594550    0.25322728    0.25023081    0.23596795    0.26529506    0.26529506    0.31703360    0.27079931    0.35551790    0.26649681    0.29735759    0.33231834    0.30687931    0.27594550    0.28600848    0.27996757    0.27873553
T18            0.26450008    0.15788959    0.10576579    0.00000000    0.12240556    0.09195989    0.12564554    0.23540193    0.21903858    0.22043395    0.21238367    0.23644767    0.23644767    0.28927142    0.24784301    0.31909611    0.24979060    0.26100815    0.29081049    0.27634591    0.25593462    0.26570830    0.25983250    0.25179227
T2             0.25052231    0.20187373    0.15653569    0.12240556    0.00000000    0.06476516    0.13448061    0.22512523    0.22857255    0.23546289    0.21069146    0.22594521    0.22594521    0.28396098    0.24305953    0.32687723    0.24512263    0.26450008    0.29450356    0.27594550    0.24875780    0.26064670    0.24943612    0.24724201
T7             0.23651352    0.16757379    0.12951464    0.09195989    0.06476516    0.00000000    0.11549685    0.20645745    0.19303195    0.20532798    0.19200140    0.20953955    0.20953955    0.25995538    0.21469666    0.30445528    0.22538875    0.24640159    0.27555594    0.25827949    0.23120966    0.24038741    0.23475405    0.23039791
T8             0.26686716    0.19485623    0.14456353    0.12564554    0.13448061    0.11549685    0.00000000    0.24139820    0.23984142    0.22801873    0.21135947    0.24478976    0.24478976    0.29494514    0.25631835    0.34034631    0.24979060    0.28234566    0.31315147    0.28839788    0.26138008    0.27121159    0.25983250    0.26338664
T22            0.26480547    0.31804117    0.27594550    0.23540193    0.22512523    0.20645745    0.24139820    0.00000000    0.10532907    0.21048803    0.18628734    0.22623808    0.22623808    0.27167001    0.24338543    0.32046488    0.24243812    0.25722396    0.27724607    0.25756535    0.24482847    0.25113656    0.25756535    0.25657263
T19            0.25689304    0.29398233    0.25322728    0.21903858    0.22857255    0.19303195    0.23984142    0.10532907    0.00000000    0.19787078    0.18159457    0.22101475    0.22101475    0.26686716    0.24105126    0.31120192    0.24007054    0.27277598    0.28358481    0.27316625    0.23946702    0.24574170    0.24909184    0.24812052
T13            0.25899771    0.29000523    0.25023081    0.22043395    0.23546289    0.20532798    0.22801873    0.21048803    0.19787078    0.00000000    0.06700298    0.23120966    0.23120966    0.28005050    0.23946702    0.30888789    0.24158240    0.26544982    0.29209225    0.27132303    0.24696992    0.25023081    0.25353829    0.24967919
T12            0.24752449    0.28839788    0.23596795    0.21238367    0.21069146    0.19200140    0.21135947    0.18628734    0.18159457    0.06700298    0.00000000    0.21443722    0.21443722    0.26578811    0.22304320    0.30309972    0.22462773    0.25023081    0.27937422    0.25596344    0.22990668    0.23890399    0.23623569    0.24131764
T1             0.12299559    0.31273068    0.26529506    0.23644767    0.22594521    0.20953955    0.24478976    0.22623808    0.22101475    0.23120966    0.21443722    0.00000000    0.00000000    0.04760984    0.04139810    0.11856511    0.05206748    0.08563268    0.10625132    0.08551412    0.05413319    0.06304627    0.06762943    0.08079238
T3             0.12299559    0.31273068    0.26529506    0.23644767    0.22594521    0.20953955    0.24478976    0.22623808    0.22101475    0.23120966    0.21443722    0.00000000    0.00000000    0.04760984    0.04139810    0.11856511    0.05206748    0.08563268    0.10625132    0.08551412    0.05413319    0.06304627    0.06762943    0.08079238
T10            0.16514019    0.36981138    0.31703360    0.28927142    0.28396098    0.25995538    0.29494514    0.27167001    0.26686716    0.28005050    0.26578811    0.04760984    0.04760984    0.00000000    0.08069875    0.15526949    0.08732831    0.12514969    0.14950099    0.11766046    0.09410521    0.10361136    0.10851811    0.11753656
T16            0.14749085    0.31856272    0.27079931    0.24784301    0.24305953    0.21469666    0.25631835    0.24338543    0.24105126    0.23946702    0.22304320    0.04139810    0.04139810    0.08069875    0.00000000    0.13028581    0.05840970    0.09450802    0.12023257    0.08973218    0.06271342    0.07169780    0.07177764    0.07144861
T21            0.21872325    0.41491756    0.35551790    0.31909611    0.32687723    0.30445528    0.34034631    0.32046488    0.31120192    0.30888789    0.30309972    0.11856511    0.11856511    0.15526949    0.13028581    0.00000000    0.07445055    0.14255792    0.17023578    0.14237174    0.12240556    0.12499995    0.13765909    0.15429468
T9             0.14950099    0.32739914    0.26649681    0.24979060    0.24512263    0.22538875    0.24979060    0.24243812    0.24007054    0.24158240    0.22462773    0.05206748    0.05206748    0.08732831    0.05840970    0.07445055    0.00000000    0.07614119    0.10113421    0.07606512    0.05610145    0.06271342    0.06944985    0.08482391
T20            0.18874387    0.35430545    0.29735759    0.26100815    0.26450008    0.24640159    0.28234566    0.25722396    0.27277598    0.26544982    0.25023081    0.08563268    0.08563268    0.12514969    0.09450802    0.14255792    0.07614119    0.00000000    0.03485790    0.02859777    0.08495307    0.09195989    0.08973218    0.11984304
T11            0.21841741    0.36239371    0.33231834    0.29081049    0.29450356    0.27555594    0.31315147    0.27724607    0.28358481    0.29209225    0.27937422    0.10625132    0.10625132    0.14950099    0.12023257    0.17023578    0.10113421    0.03485790    0.00000000    0.04757024    0.11022241    0.11753656    0.11523779    0.14646603
T15            0.19124734    0.36851370    0.30687931    0.27634591    0.27594550    0.25827949    0.28839788    0.25756535    0.27316625    0.27132303    0.25596344    0.08551412    0.08551412    0.11766046    0.08973218    0.14237174    0.07606512    0.02859777    0.04757024    0.00000000    0.08488484    0.09186831    0.08963872    0.11731204
T4             0.15429468    0.32497560    0.27594550    0.25593462    0.24875780    0.23120966    0.26138008    0.24482847    0.23946702    0.24696992    0.22990668    0.05413319    0.05413319    0.09410521    0.06271342    0.12240556    0.05610145    0.08495307    0.11022241    0.08488484    0.00000000    0.02855451    0.04973050    0.08928132
T23            0.15706577    0.33614521    0.28600848    0.26570830    0.26064670    0.24038741    0.27121159    0.25113656    0.24574170    0.25023081    0.23890399    0.06304627    0.06304627    0.10361136    0.07169780    0.12499995    0.06271342    0.09195989    0.11753656    0.09186831    0.02855451    0.00000000    0.05853002    0.09178407
T14            0.16029816    0.33556161    0.27996757    0.25983250    0.24943612    0.23475405    0.25983250    0.25756535    0.24909184    0.25353829    0.23623569    0.06762943    0.06762943    0.10851811    0.07177764    0.13765909    0.06944985    0.08973218    0.11523779    0.08963872    0.04973050    0.05853002    0.00000000    0.09634946
T5             0.15189371    0.33036857    0.27873553    0.25179227    0.24724201    0.23039791    0.26338664    0.25657263    0.24812052    0.24967919    0.24131764    0.08079238    0.08079238    0.11753656    0.07144861    0.15429468    0.08482391    0.11984304    0.14646603    0.11731204    0.08928132    0.09178407    0.09634946    0.00000000

