24
T2             0.00000000    0.28496864    0.30064122    0.26970692    0.27869374    0.28529731    0.31929818    0.25185560    0.27999608    0.27651630    0.26752389    0.27558564    0.33502880    0.27339843    0.28071394    0.28071394    0.28034948    0.26816315    0.26816315    0.27684869    0.24397071    0.26169814    0.26169814    0.31228266
T16            0.28496864    0.00000000    0.12484750    0.12545983    0.16557133    0.17117513    0.24904481    0.17758622    0.22419853    0.20721503    0.21609834    0.22191672    0.27033909    0.21868491    0.23077350    0.23376104    0.22815334    0.21965561    0.22259047    0.23376104    0.19677817    0.20839446    0.21416250    0.26170674
T9             0.30064122    0.12484750    0.00000000    0.14914805    0.20778631    0.21383717    0.27828826    0.22388638    0.25859836    0.24367513    0.25010410    0.25859836    0.30635457    0.24002841    0.24705271    0.24705271    0.24367513    0.24100533    0.25626345    0.26170674    0.21808502    0.23238830    0.23834547    0.27549797
T13            0.26970692    0.12545983    0.14914805    0.00000000    0.16188497    0.16207461    0.24034405    0.16902758    0.19509654    0.18713032    0.18732990    0.19553143    0.24301581    0.19300614    0.20438828    0.20157746    0.20184248    0.18821811    0.19878239    0.19553143    0.17166043    0.17716542    0.18254471    0.21346755
T6             0.27869374    0.16557133    0.20778631    0.16188497    0.00000000    0.01623203    0.23117206    0.17716542    0.20642766    0.19278258    0.19300614    0.20977803    0.26644317    0.20107498    0.20694327    0.21549632    0.21291701    0.20184248    0.20466126    0.21262898    0.17716542    0.18276530    0.18276530    0.23676202
T0             0.28529731    0.17117513    0.21383717    0.16207461    0.01623203    0.00000000    0.24034405    0.18821811    0.21235033    0.19853437    0.19878239    0.21579263    0.27628479    0.20977803    0.21868491    0.22746373    0.21899905    0.20778631    0.21064548    0.21868491    0.17737145    0.18299473    0.18846250    0.23410674
T18            0.31929818    0.24904481    0.27828826    0.24034405    0.23117206    0.24034405    0.00000000    0.15394822    0.26540039    0.25652704    0.25684616    0.26849899    0.27558564    0.25652704    0.26608492    0.26920291    0.27271847    0.25445514    0.25141314    0.26608492    0.22483881    0.22853526    0.23440472    0.29278803
T12            0.25185560    0.17758622    0.22388638    0.16902758    0.17716542    0.18821811    0.15394822    0.00000000    0.21440564    0.20618386    0.20362478    0.21549632    0.24210259    0.20338885    0.21208109    0.21208109    0.21520944    0.19853437    0.19853437    0.20924637    0.16886018    0.17964335    0.17964335    0.24210259
T7             0.27999608    0.22419853    0.25859836    0.19509654    0.20642766    0.21235033    0.26540039    0.21440564    0.00000000    0.02859724    0.02444393    0.14217888    0.17879045    0.14831702    0.15378641    0.15642643    0.15140602    0.13610623    0.14382240    0.14854790    0.13063446    0.13335359    0.13844513    0.15744199
T1             0.27651630    0.20721503    0.24367513    0.18713032    0.19278258    0.19853437    0.25652704    0.20618386    0.02859724    0.00000000    0.01619036    0.14200947    0.17044120    0.13568730    0.13844513    0.14358916    0.13866505    0.12870933    0.14147145    0.14618119    0.12831348    0.13102762    0.13610623    0.15985318
T11            0.26752389    0.21609834    0.25010410    0.18732990    0.19300614    0.19878239    0.25684616    0.20362478    0.02444393    0.01619036    0.00000000    0.13712619    0.16534102    0.13589287    0.14123706    0.14382240    0.13889278    0.12389126    0.13655626    0.14123706    0.12350533    0.12120586    0.13123578    0.15483653
T21            0.27558564    0.22191672    0.25859836    0.19553143    0.20977803    0.21579263    0.26849899    0.21549632    0.14217888    0.14200947    0.13712619    0.00000000    0.17737145    0.13668040    0.14184814    0.14438085    0.14710079    0.13212416    0.14217888    0.14184814    0.12717177    0.12484750    0.12978765    0.16413650
T5             0.33502880    0.27033909    0.30635457    0.24301581    0.26644317    0.27628479    0.27558564    0.24210259    0.17879045    0.17044120    0.16534102    0.17737145    0.00000000    0.17266251    0.17021353    0.17288881    0.18125876    0.17067737    0.18427339    0.18427339    0.17336710    0.16557133    0.17092202    0.20466126
T22            0.27339843    0.21868491    0.24002841    0.19300614    0.20107498    0.20977803    0.25652704    0.20338885    0.14831702    0.13568730    0.13589287    0.13668040    0.17266251    0.00000000    0.01619036    0.01824808    0.03701224    0.02238913    0.04133811    0.04770735    0.11171340    0.10944843    0.10944843    0.15546884
T17            0.28071394    0.23077350    0.24705271    0.20438828    0.20694327    0.21868491    0.26608492    0.21208109    0.15378641    0.13844513    0.14123706    0.14184814    0.17021353    0.01619036    0.00000000    0.01010156    0.04133811    0.02660423    0.04572616    0.05213426    0.11682264    0.11454691    0.11454691    0.15569601
T19            0.28071394    0.23376104    0.24705271    0.20157746    0.21549632    0.22746373    0.26920291    0.21208109    0.15642643    0.14358916    0.14382240    0.14438085    0.17288881    0.01824808    0.01010156    0.00000000    0.04349358    0.02870971    0.04790517    0.05433245    0.11682264    0.11702325    0.11702325    0.15307682
T10            0.28034948    0.22815334    0.24367513    0.20184248    0.21291701    0.21899905    0.27271847    0.21520944    0.15140602    0.13866505    0.13889278    0.14710079    0.18125876    0.03701224    0.04133811    0.04349358    0.00000000    0.02238913    0.04783266    0.05206534    0.11702325    0.11474876    0.11474876    0.15593135
T3             0.26816315    0.21965561    0.24100533    0.18821811    0.20184248    0.20778631    0.25445514    0.19853437    0.13610623    0.12870933    0.12389126    0.13212416    0.17067737    0.02238913    0.02660423    0.02870971    0.02238913    0.00000000    0.03082410    0.03710404    0.10010758    0.09787607    0.09787607    0.14058103
T4             0.26816315    0.22259047    0.25626345    0.19878239    0.20466126    0.21064548    0.25141314    0.19853437    0.14382240    0.14147145    0.13655626    0.14217888    0.18427339    0.04133811    0.04572616    0.04790517    0.04783266    0.03082410    0.00000000    0.02660423    0.11227853    0.11001747    0.11001747    0.15617483
T20            0.27684869    0.23376104    0.26170674    0.19553143    0.21262898    0.21868491    0.26608492    0.20924637    0.14854790    0.14618119    0.14123706    0.14184814    0.18427339    0.04770735    0.05213426    0.05433245    0.05206534    0.03710404    0.02660423    0.00000000    0.11682264    0.11454691    0.11454691    0.16097601
T8             0.24397071    0.19677817    0.21808502    0.17166043    0.17716542    0.17737145    0.22483881    0.16886018    0.13063446    0.12831348    0.12350533    0.12717177    0.17336710    0.11171340    0.11682264    0.11682264    0.11702325    0.10010758    0.11227853    0.11682264    0.00000000    0.03502258    0.03930582    0.11319971
T23            0.26169814    0.20839446    0.23238830    0.17716542    0.18276530    0.18299473    0.22853526    0.17964335    0.13335359    0.13102762    0.12120586    0.12484750    0.16557133    0.10944843    0.11454691    0.11702325    0.11474876    0.09787607    0.11001747    0.11454691    0.03502258    0.00000000    0.00806482    0.11577586
T15            0.26169814    0.21416250    0.23834547    0.18254471    0.18276530    0.18846250    0.23440472    0.17964335    0.13844513    0.13610623    0.13123578    0.12978765    0.17092202    0.10944843    0.11454691    0.11702325    0.11474876    0.09787607    0.11001747    0.11454691    0.03930582    0.00806482    0.00000000    0.11577586
T14            0.31228266    0.26170674    0.27549797    0.21346755    0.23676202    0.23410674    0.29278803    0.24210259    0.15744199    0.15985318    0.15483653    0.16413650    0.20466126    0.15546884    0.15569601    0.15307682    0.15593135    0.14058103    0.15617483    0.16097601    0.11319971    0.11577586    0.11577586    0.00000000

