24
T22            0.00000000    0.46617637    0.47326404    0.35480598    0.37282569    0.37349302    0.41310778    0.41066030    0.36656744    0.35911177    0.35911177    0.37029033    0.35977640    0.37782050    0.38228559    0.39186857    0.38546608    0.31745604    0.34627792    0.23835054    0.23503521    0.17512264    0.16248146    0.17244730
T3             0.46617637    0.00000000    0.02029431    0.33136352    0.32629042    0.30727407    0.37853889    0.37853889    0.30774702    0.30634874    0.30975434    0.33326797    0.31647597    0.32731813    0.33136352    0.34392076    0.34507426    0.27755313    0.29818611    0.39787646    0.39969390    0.40745823    0.43403421    0.43743161
T11            0.47326404    0.02029431    0.00000000    0.33733856    0.32876367    0.31308214    0.38485645    0.38485645    0.31940910    0.31556210    0.31556210    0.33926678    0.32235415    0.33326797    0.33733856    0.34999576    0.35115113    0.28313910    0.30059974    0.39254256    0.39442999    0.42207334    0.44937180    0.45283714
T6             0.35480598    0.33136352    0.33733856    0.00000000    0.06061093    0.05419185    0.18299757    0.17534761    0.14116532    0.12458932    0.12458932    0.16121340    0.14354781    0.14617986    0.14631300    0.16380530    0.16121340    0.13198144    0.15686574    0.32188245    0.32735055    0.36287212    0.35612166    0.36036194
T19            0.37282569    0.32629042    0.32876367    0.06061093    0.00000000    0.02238917    0.20721874    0.20494715    0.17412827    0.15686574    0.15686574    0.18713311    0.16870371    0.17148839    0.17166276    0.19531249    0.19257110    0.15428049    0.18006378    0.32828036    0.33473820    0.35864466    0.35305230    0.35362399
T21            0.37349302    0.30727407    0.31308214    0.05419185    0.02238917    0.00000000    0.19678158    0.19454056    0.16413865    0.14710259    0.14710259    0.17697068    0.15878382    0.15636274    0.15652198    0.17430966    0.17697068    0.14455036    0.16470286    0.32876367    0.34125719    0.35556260    0.35977640    0.36036194
T7             0.41310778    0.37853889    0.38485645    0.18299757    0.20721874    0.19678158    0.00000000    0.01415463    0.16978622    0.15787125    0.15525200    0.19097014    0.17223816    0.18871890    0.19175309    0.20779017    0.20269609    0.15787125    0.19454056    0.36219702    0.35669373    0.42393441    0.41557959    0.41476757
T23            0.41066030    0.37853889    0.38485645    0.17534761    0.20494715    0.19454056    0.01415463    0.00000000    0.15965571    0.14788130    0.14530263    0.18596985    0.16734283    0.18373874    0.18675999    0.20269609    0.19763821    0.15047337    0.18126174    0.36348572    0.36157225    0.42139966    0.41310778    0.41228338
T0             0.36656744    0.30774702    0.31940910    0.14116532    0.17412827    0.16413865    0.16978622    0.15965571    0.00000000    0.04972930    0.05626631    0.12226922    0.10556275    0.11260382    0.11730514    0.12447141    0.12203748    0.11741312    0.15668966    0.31554334    0.31847712    0.38871050    0.38035602    0.38098545
T10            0.35911177    0.30634874    0.31556210    0.12458932    0.15686574    0.14710259    0.15787125    0.14788130    0.04972930    0.00000000    0.00804438    0.10349328    0.08724366    0.09898298    0.10360485    0.11065566    0.11306615    0.10134780    0.13729240    0.31064502    0.31355464    0.37342682    0.36904627    0.36969920
T13            0.35911177    0.30975434    0.31556210    0.12458932    0.15686574    0.14710259    0.15525200    0.14530263    0.05626631    0.00804438    0.00000000    0.10825675    0.09186379    0.10372387    0.10837974    0.11548834    0.11792235    0.10611132    0.13511918    0.31064502    0.31355464    0.37342682    0.36904627    0.36969920
T14            0.37029033    0.33326797    0.33926678    0.16121340    0.18713311    0.17697068    0.19097014    0.18596985    0.12226922    0.10349328    0.10825675    0.00000000    0.02238917    0.06276421    0.06714697    0.08060853    0.07833009    0.11961536    0.16413865    0.33274793    0.33926678    0.37741562    0.37166493    0.37223867
T9             0.35977640    0.31647597    0.32235415    0.14354781    0.16870371    0.15878382    0.17223816    0.16734283    0.10556275    0.08724366    0.09186379    0.02238917    0.00000000    0.04753643    0.05182123    0.06492434    0.06271158    0.09838508    0.14379307    0.31940910    0.32925922    0.37055823    0.35756544    0.35809847
T8             0.37782050    0.32731813    0.33326797    0.14617986    0.17148839    0.15636274    0.18871890    0.18373874    0.11260382    0.09898298    0.10372387    0.06276421    0.04753643    0.00000000    0.00401105    0.03277460    0.03066915    0.12226922    0.15928161    0.33979939    0.34999576    0.38871050    0.38035602    0.38098545
T15            0.38228559    0.33136352    0.33733856    0.14631300    0.17166276    0.15652198    0.19175309    0.18675999    0.11730514    0.10360485    0.10837974    0.06714697    0.05182123    0.00401105    0.00000000    0.03697616    0.03485730    0.12484875    0.16207678    0.34392076    0.35420855    0.39315107    0.37597541    0.37657678
T1             0.39186857    0.34392076    0.34999576    0.16380530    0.19531249    0.17430966    0.20779017    0.20269609    0.12447141    0.11065566    0.11548834    0.08060853    0.06492434    0.03277460    0.03697616    0.00000000    0.02648472    0.13932977    0.17737404    0.35305230    0.36345812    0.40680842    0.39832725    0.39900339
T2             0.38546608    0.34507426    0.35115113    0.16121340    0.19257110    0.17697068    0.20269609    0.19763821    0.12203748    0.11306615    0.11792235    0.07833009    0.06271158    0.03066915    0.03485730    0.02648472    0.00000000    0.13682244    0.17469872    0.34336286    0.35362399    0.39253300    0.38800146    0.39120870
T4             0.31745604    0.27755313    0.28313910    0.13198144    0.15428049    0.14455036    0.15787125    0.15047337    0.11741312    0.10134780    0.10611132    0.11961536    0.09838508    0.12226922    0.12484875    0.13932977    0.13682244    0.00000000    0.09186379    0.30823154    0.31355464    0.32780931    0.33979939    0.34034450
T17            0.34627792    0.29818611    0.30059974    0.15686574    0.18006378    0.16470286    0.19454056    0.18126174    0.15668966    0.13729240    0.13511918    0.16413865    0.14379307    0.15928161    0.16207678    0.17737404    0.17469872    0.09186379    0.00000000    0.34999576    0.35556260    0.36287212    0.37978834    0.38047152
T20            0.23835054    0.39787646    0.39254256    0.32188245    0.32828036    0.32876367    0.36219702    0.36348572    0.31554334    0.31064502    0.31064502    0.33274793    0.31940910    0.33979939    0.34392076    0.35305230    0.34336286    0.30823154    0.34999576    0.00000000    0.02866595    0.25480182    0.24905020    0.26096136
T16            0.23503521    0.39969390    0.39442999    0.32735055    0.33473820    0.34125719    0.35669373    0.36157225    0.31847712    0.31355464    0.31355464    0.33926678    0.32925922    0.34999576    0.35420855    0.36345812    0.35362399    0.31355464    0.35556260    0.02866595    0.00000000    0.25752153    0.25175033    0.25752153
T18            0.17512264    0.40745823    0.42207334    0.36287212    0.35864466    0.35556260    0.42393441    0.42139966    0.38871050    0.37342682    0.37342682    0.37741562    0.37055823    0.38871050    0.39315107    0.40680842    0.39253300    0.32780931    0.36287212    0.25480182    0.25752153    0.00000000    0.10837974    0.10586933
T5             0.16248146    0.43403421    0.44937180    0.35612166    0.35305230    0.35977640    0.41557959    0.41310778    0.38035602    0.36904627    0.36904627    0.37166493    0.35756544    0.38035602    0.37597541    0.39832725    0.38800146    0.33979939    0.37978834    0.24905020    0.25175033    0.10837974    0.00000000    0.01619038
T12            0.17244730    0.43743161    0.45283714    0.36036194    0.35362399    0.36036194    0.41476757    0.41228338    0.38098545    0.36969920    0.36969920    0.37223867    0.35809847    0.38098545    0.37657678    0.39900339    0.39120870    0.34034450    0.38047152    0.26096136    0.25752153    0.10586933    0.01619038    0.00000000

