24
T1             0.00000000    0.30358126    0.23766774    0.25898752    0.23812805    0.27843294    0.25736218    0.23477476    0.29070120    0.28186050    0.30648606    0.27655580    0.29245177    0.25486366    0.24669975    0.25512016    0.26204000    0.25383908    0.25293806    0.25415860    0.26974177    0.26974177    0.28069495    0.28500922
T0             0.30358126    0.00000000    0.11792907    0.12564250    0.11092698    0.14967878    0.21914412    0.20597098    0.27097548    0.28838269    0.29363930    0.27131124    0.29778240    0.25322791    0.23917162    0.24573163    0.24541727    0.22856403    0.23650479    0.25238999    0.25961477    0.25961477    0.28218023    0.28113489
T10            0.23766774    0.11792907    0.00000000    0.05626761    0.03902149    0.09419362    0.16366148    0.15140050    0.21914412    0.22828245    0.23039008    0.20854114    0.22331919    0.19218401    0.17927641    0.17432234    0.18484445    0.18007886    0.18214682    0.18895888    0.21184545    0.21184545    0.22438681    0.20927031
T9             0.25898752    0.12564250    0.05626761    0.00000000    0.03284891    0.10173795    0.17718181    0.16208900    0.23120107    0.24977922    0.25178143    0.22622937    0.25090270    0.20927031    0.19602437    0.18550365    0.20468635    0.19150253    0.19350176    0.19471604    0.22100618    0.22100618    0.23356903    0.22653171
T20            0.23812805    0.11092698    0.03902149    0.03284891    0.00000000    0.08299214    0.15366206    0.14185860    0.21394030    0.22593676    0.22801072    0.20341021    0.22684375    0.18176673    0.17432234    0.16414997    0.18800219    0.17513751    0.17718181    0.17861671    0.20389281    0.20389281    0.21394030    0.20645065
T12            0.27843294    0.14967878    0.09419362    0.10173795    0.08299214    0.00000000    0.17892860    0.17432234    0.25352826    0.26961381    0.27479691    0.23650479    0.26136767    0.22224104    0.20318291    0.20134421    0.22100618    0.20980353    0.21184545    0.21869958    0.23474458    0.23474458    0.24453563    0.23739778
T17            0.25736218    0.21914412    0.16366148    0.17718181    0.15366206    0.17892860    0.00000000    0.06487510    0.22438681    0.22774888    0.23279240    0.22276066    0.23210122    0.18677426    0.18195230    0.18195230    0.19532884    0.18505525    0.18714737    0.19707341    0.22224104    0.22224104    0.22638703    0.21914412
T8             0.23477476    0.20597098    0.15140050    0.16208900    0.14185860    0.17432234    0.06487510    0.00000000    0.21962773    0.21159435    0.22224104    0.21523619    0.22749683    0.19578338    0.18278388    0.17471247    0.18800219    0.17782797    0.17986497    0.18929161    0.20062989    0.20062989    0.20789742    0.20597098
T14            0.29070120    0.27097548    0.21914412    0.23120107    0.21394030    0.25352826    0.22438681    0.21962773    0.00000000    0.10135259    0.11053969    0.23443577    0.22978837    0.20085873    0.19602437    0.17965991    0.19855604    0.18278388    0.19302606    0.19786499    0.22978837    0.22978837    0.24242871    0.22653171
T18            0.28186050    0.28838269    0.22828245    0.24977922    0.22593676    0.26961381    0.22774888    0.21159435    0.10135259    0.00000000    0.01619049    0.21988412    0.22100618    0.20085873    0.19325938    0.18505525    0.19855604    0.18278388    0.18755676    0.20620612    0.22978837    0.22978837    0.23945795    0.22946764
T16            0.30648606    0.29363930    0.23039008    0.25178143    0.22801072    0.27479691    0.23279240    0.22224104    0.11053969    0.01619049    0.00000000    0.23065046    0.23179131    0.20574527    0.20364685    0.18484445    0.20620612    0.19028391    0.19511534    0.21677591    0.24070412    0.24070412    0.25051266    0.24037750
T5             0.27655580    0.27131124    0.20854114    0.22622937    0.20341021    0.23650479    0.22276066    0.21523619    0.23443577    0.21988412    0.23065046    0.00000000    0.09949325    0.07841381    0.06960545    0.16433000    0.18053304    0.16249473    0.17246150    0.17946372    0.22488440    0.22488440    0.22276066    0.20724032
T13            0.29245177    0.29778240    0.22331919    0.25090270    0.22684375    0.26136767    0.23210122    0.22749683    0.22978837    0.22100618    0.23179131    0.09949325    0.00000000    0.09517337    0.08617569    0.17314228    0.18375704    0.17094114    0.17559726    0.17718181    0.22854864    0.22854864    0.22915665    0.21067349
T6             0.25486366    0.25322791    0.19218401    0.20927031    0.18176673    0.22224104    0.18677426    0.19578338    0.20085873    0.20085873    0.20574527    0.07841381    0.09517337    0.00000000    0.02238943    0.13949350    0.15429100    0.13697937    0.14661312    0.15352593    0.18823835    0.18823835    0.19218401    0.17185846
T2             0.24669975    0.23917162    0.17927641    0.19602437    0.17432234    0.20318291    0.18195230    0.18278388    0.19602437    0.19325938    0.20364685    0.06960545    0.08617569    0.02238943    0.00000000    0.13244619    0.14967878    0.13244619    0.14202037    0.14885437    0.18077327    0.18077327    0.18464262    0.16451858
T19            0.25512016    0.24573163    0.17432234    0.18550365    0.16414997    0.20134421    0.18195230    0.17471247    0.17965991    0.18505525    0.18484445    0.16433000    0.17314228    0.13949350    0.13244619    0.00000000    0.12268257    0.11092698    0.11778986    0.13631521    0.17045899    0.17045899    0.16154395    0.16492129
T21            0.26204000    0.24541727    0.18484445    0.20468635    0.18800219    0.22100618    0.19532884    0.18800219    0.19855604    0.19855604    0.20620612    0.18053304    0.18375704    0.15429100    0.14967878    0.12268257    0.00000000    0.02238943    0.02653216    0.13643179    0.16756892    0.16756892    0.17117661    0.16171713
T22            0.25383908    0.22856403    0.18007886    0.19150253    0.17513751    0.20980353    0.18505525    0.17782797    0.18278388    0.18278388    0.19028391    0.16249473    0.17094114    0.13697937    0.13244619    0.11092698    0.02238943    0.00000000    0.01824825    0.12914504    0.16029341    0.16029341    0.16381568    0.15706174
T3             0.25293806    0.23650479    0.18214682    0.19350176    0.17718181    0.21184545    0.18714737    0.17986497    0.19302606    0.18755676    0.19511534    0.17246150    0.17559726    0.14661312    0.14202037    0.11778986    0.02653216    0.01824825    0.00000000    0.13395522    0.16756892    0.16756892    0.17117661    0.16433000
T7             0.25415860    0.25238999    0.18895888    0.19471604    0.17861671    0.21869958    0.19707341    0.18929161    0.19786499    0.20620612    0.21677591    0.17946372    0.17718181    0.15352593    0.14885437    0.13631521    0.13643179    0.12914504    0.13395522    0.00000000    0.10135259    0.10135259    0.10103398    0.08973094
T4             0.26974177    0.25961477    0.21184545    0.22100618    0.20389281    0.23474458    0.22224104    0.20062989    0.22978837    0.22978837    0.24070412    0.22488440    0.22854864    0.18823835    0.18077327    0.17045899    0.16756892    0.16029341    0.16756892    0.10135259    0.00000000    0.00000000    0.06728099    0.04349485
T11            0.26974177    0.25961477    0.21184545    0.22100618    0.20389281    0.23474458    0.22224104    0.20062989    0.22978837    0.22978837    0.24070412    0.22488440    0.22854864    0.18823835    0.18077327    0.17045899    0.16756892    0.16029341    0.16756892    0.10135259    0.00000000    0.00000000    0.06728099    0.04349485
T15            0.28069495    0.28218023    0.22438681    0.23356903    0.21394030    0.24453563    0.22638703    0.20789742    0.24242871    0.23945795    0.25051266    0.22276066    0.22915665    0.19218401    0.18464262    0.16154395    0.17117661    0.16381568    0.17117661    0.10103398    0.06728099    0.06728099    0.00000000    0.06067402
T23            0.28500922    0.28113489    0.20927031    0.22653171    0.20645065    0.23739778    0.21914412    0.20597098    0.22653171    0.22946764    0.24037750    0.20724032    0.21067349    0.17185846    0.16451858    0.16492129    0.16171713    0.15706174    0.16433000    0.08973094    0.04349485    0.04349485    0.06067402    0.00000000

