24
T17            0.00000000    0.17245390    0.18076429    0.18076429    0.15504701    0.16028613    0.16658515    0.19301699    0.26134862    0.23504830    0.19374315    0.18277542    0.25824912    0.25788766    0.26097753    0.31357930    0.14676642    0.13904758    0.15504701    0.19073509    0.17738070    0.14693280    0.13918654    0.14170039
T22            0.17245390    0.00000000    0.09634638    0.09634638    0.07149874    0.07825724    0.10793509    0.12925598    0.21066074    0.17491297    0.19232964    0.18401222    0.24019817    0.25209664    0.25521573    0.29914571    0.16824948    0.15966135    0.18101294    0.20780098    0.19400325    0.17245390    0.16959019    0.15765969
T14            0.18076429    0.09634638    0.00000000    0.00000000    0.04334418    0.04982482    0.10329444    0.11260595    0.21451448    0.16270288    0.18705057    0.17608237    0.25049959    0.25319653    0.25628650    0.27353210    0.17880188    0.16734909    0.18349118    0.19959459    0.18597815    0.18349118    0.16451196    0.16491416
T15            0.18076429    0.09634638    0.00000000    0.00000000    0.04334418    0.04982482    0.10329444    0.11260595    0.21451448    0.16270288    0.18705057    0.17608237    0.25049959    0.25319653    0.25628650    0.27353210    0.17880188    0.16734909    0.18349118    0.19959459    0.18597815    0.18349118    0.16451196    0.16491416
T13            0.15504701    0.07149874    0.04334418    0.04334418    0.00000000    0.02648482    0.07819038    0.09178126    0.19232964    0.14236282    0.16098576    0.15047942    0.22782231    0.22161078    0.22453763    0.24707344    0.14788706    0.13965203    0.15244795    0.17805222    0.16491416    0.15504701    0.14201541    0.13982330
T7             0.16028613    0.07825724    0.04982482    0.04982482    0.02648482    0.00000000    0.08502604    0.09643394    0.18676931    0.14236282    0.16098576    0.15047942    0.22782231    0.22748176    0.23044337    0.25319653    0.15833835    0.14986236    0.16824948    0.17805222    0.16491416    0.16558087    0.14967299    0.14748099
T3             0.16658515    0.10793509    0.10329444    0.10329444    0.07819038    0.08502604    0.00000000    0.05189926    0.20133392    0.15894593    0.15705555    0.14676642    0.22359970    0.22914275    0.23208678    0.26026680    0.16451196    0.15621615    0.17717435    0.18713961    0.17396097    0.16397262    0.15607364    0.15124926
T8             0.19301699    0.12925598    0.11260595    0.11260595    0.09178126    0.09643394    0.05189926    0.00000000    0.20413735    0.16676325    0.18549482    0.17470507    0.25824912    0.25788766    0.26097753    0.28794027    0.19097852    0.18213921    0.19854617    0.20317350    0.18965331    0.19027522    0.17660812    0.17166828
T10            0.26134862    0.21066074    0.21451448    0.21451448    0.19232964    0.18676931    0.20133392    0.20413735    0.00000000    0.11078718    0.25012559    0.24403986    0.34093333    0.34395221    0.34755532    0.36470586    0.25628650    0.24004611    0.25516877    0.28835936    0.27909958    0.24976174    0.24571615    0.24403986
T21            0.23504830    0.17491297    0.16270288    0.16270288    0.14236282    0.14236282    0.15894593    0.16676325    0.11078718    0.00000000    0.22129713    0.21551134    0.30441096    0.29731713    0.30062187    0.32682565    0.20695662    0.19237259    0.21183445    0.25246016    0.24369457    0.22914275    0.20876451    0.21209467
T23            0.19374315    0.19232964    0.18705057    0.18705057    0.16098576    0.16098576    0.15705555    0.18549482    0.25012559    0.22129713    0.00000000    0.01620819    0.16381000    0.16137370    0.16397262    0.24906457    0.18456812    0.17512956    0.19149225    0.21810017    0.20979192    0.20213021    0.18300520    0.17759582
T4             0.18277542    0.18401222    0.17608237    0.17608237    0.15047942    0.15047942    0.14676642    0.17470507    0.24403986    0.21551134    0.01620819    0.00000000    0.16121786    0.15878826    0.16137370    0.23707584    0.16824948    0.15928675    0.17512956    0.20952098    0.20133392    0.19097852    0.16959019    0.16432363
T19            0.25824912    0.24019817    0.25049959    0.25049959    0.22782231    0.22782231    0.22359970    0.25824912    0.34093333    0.30441096    0.16381000    0.16121786    0.00000000    0.04977392    0.05194822    0.30018217    0.22621599    0.22248422    0.23473002    0.25992720    0.25111058    0.25210733    0.22855093    0.22564130
T0             0.25788766    0.25209664    0.25319653    0.25319653    0.22161078    0.22748176    0.22914275    0.25788766    0.34395221    0.29731713    0.16137370    0.15878826    0.04977392    0.00000000    0.00200402    0.30221484    0.22884194    0.22799838    0.22914275    0.27442157    0.26542117    0.25788766    0.24004611    0.23707584
T2             0.26097753    0.25521573    0.25628650    0.25628650    0.22453763    0.23044337    0.23208678    0.26097753    0.34755532    0.30062187    0.16397262    0.16137370    0.05194822    0.00200402    0.00000000    0.30551946    0.23177729    0.23090797    0.23208678    0.27756981    0.26852051    0.26097753    0.24303418    0.24004611
T12            0.31357930    0.29914571    0.27353210    0.27353210    0.24707344    0.25319653    0.26026680    0.28794027    0.36470586    0.32682565    0.24906457    0.23707584    0.30018217    0.30221484    0.30551946    0.00000000    0.28686355    0.28794027    0.29775727    0.30594657    0.29320956    0.31456099    0.28753233    0.28753233
T18            0.14676642    0.16824948    0.17880188    0.17880188    0.14788706    0.15833835    0.16451196    0.19097852    0.25628650    0.20695662    0.18456812    0.16824948    0.22621599    0.22884194    0.23177729    0.28686355    0.00000000    0.05840852    0.08761091    0.15966135    0.14693280    0.16270288    0.14915418    0.14438685
T20            0.13904758    0.15966135    0.16734909    0.16734909    0.13965203    0.14986236    0.15621615    0.18213921    0.24004611    0.19237259    0.17512956    0.15928675    0.22248422    0.22799838    0.23090797    0.28794027    0.05840852    0.00000000    0.07593249    0.15428534    0.14170039    0.14379655    0.13148755    0.12903554
T11            0.15504701    0.18101294    0.18349118    0.18349118    0.15244795    0.16824948    0.17717435    0.19854617    0.25516877    0.21183445    0.19149225    0.17512956    0.23473002    0.22914275    0.23208678    0.29775727    0.08761091    0.07593249    0.00000000    0.17224448    0.15928675    0.16470882    0.15669453    0.15446330
T6             0.19073509    0.20780098    0.19959459    0.19959459    0.17805222    0.17805222    0.18713961    0.20317350    0.28835936    0.25246016    0.21810017    0.20952098    0.25992720    0.27442157    0.27756981    0.30594657    0.15966135    0.15428534    0.17224448    0.00000000    0.01008417    0.20413735    0.20108689    0.19879459
T16            0.17738070    0.19400325    0.18597815    0.18597815    0.16491416    0.16491416    0.17396097    0.18965331    0.27909958    0.24369457    0.20979192    0.20133392    0.25111058    0.26542117    0.26852051    0.29320956    0.14693280    0.14170039    0.15928675    0.01008417    0.00000000    0.19325000    0.18754844    0.18526646
T1             0.14693280    0.17245390    0.18349118    0.18349118    0.15504701    0.16558087    0.16397262    0.19027522    0.24976174    0.22914275    0.20213021    0.19097852    0.25210733    0.25788766    0.26097753    0.31456099    0.16270288    0.14379655    0.16470882    0.20413735    0.19325000    0.00000000    0.08069613    0.07841235
T9             0.13918654    0.16959019    0.16451196    0.16451196    0.14201541    0.14967299    0.15607364    0.17660812    0.24571615    0.20876451    0.18300520    0.16959019    0.22855093    0.24004611    0.24303418    0.28753233    0.14915418    0.13148755    0.15669453    0.20108689    0.18754844    0.08069613    0.00000000    0.02648482
T5             0.14170039    0.15765969    0.16491416    0.16491416    0.13982330    0.14748099    0.15124926    0.17166828    0.24403986    0.21209467    0.17759582    0.16432363    0.22564130    0.23707584    0.24004611    0.28753233    0.14438685    0.12903554    0.15446330    0.19879459    0.18526646    0.07841235    0.02648482    0.00000000

