24
T23            0.00000000    0.33297019    0.33387677    0.35374140    0.35005578    0.35861143    0.35186690    0.34045109    0.34101089    0.34706280    0.33744416    0.30361115    0.30001231    0.27906628    0.28570646    0.27725881    0.25540791    0.29694218    0.30067835    0.30023762    0.21009889    0.18651887    0.18901247    0.08069973
T10            0.33297019    0.00000000    0.00804442    0.29820703    0.29496540    0.28471671    0.27875628    0.30475427    0.30515890    0.29072824    0.27875628    0.40241506    0.40180752    0.40432609    0.39328820    0.38749364    0.37417065    0.36552529    0.36981329    0.35820919    0.45567939    0.41439233    0.41366421    0.36597280
T11            0.33387677    0.00804442    0.00000000    0.30146990    0.29820703    0.29105552    0.28188587    0.30806044    0.30847612    0.29391787    0.28188587    0.40367436    0.40303734    0.40827369    0.39715917    0.38494661    0.37544523    0.36668954    0.37103230    0.35931912    0.44873336    0.40780521    0.40708002    0.36700226
T8             0.35374140    0.29820703    0.30146990    0.00000000    0.00401615    0.04776893    0.03919339    0.08823541    0.08838074    0.08529946    0.06952531    0.38048793    0.38366710    0.38628186    0.38309896    0.35987744    0.35068124    0.33744416    0.34158321    0.34347045    0.46485950    0.44403312    0.44306228    0.38742960
T13            0.35005578    0.29496540    0.29820703    0.00401615    0.00000000    0.04776893    0.03919339    0.08823541    0.08838074    0.08994207    0.07404173    0.38048793    0.38366710    0.38628186    0.38309896    0.35987744    0.35068124    0.33390279    0.33800362    0.33990382    0.46035862    0.43965059    0.43869901    0.38349672
T3             0.35861143    0.28471671    0.29105552    0.04776893    0.04776893    0.00000000    0.01623236    0.08100184    0.08111668    0.08069973    0.06504948    0.40106046    0.40432609    0.40310065    0.39984624    0.38378624    0.38176582    0.33636254    0.34045109    0.34238811    0.48369959    0.45339191    0.45242637    0.37815726
T12            0.35186690    0.27875628    0.28188587    0.03919339    0.03919339    0.01623236    0.00000000    0.07651678    0.07662796    0.07622520    0.06067514    0.39006711    0.39328820    0.40380983    0.40055407    0.37677412    0.37480115    0.32885713    0.33284625    0.33483356    0.47549465    0.44553111    0.44458853    0.37745891
T16            0.34045109    0.30475427    0.30806044    0.08823541    0.08823541    0.08100184    0.07651678    0.00000000    0.00401106    0.10147696    0.08529946    0.40367436    0.40695379    0.40965292    0.40636950    0.37859873    0.36922403    0.34595465    0.34650235    0.35205615    0.46994864    0.42743514    0.43504886    0.38061579
T22            0.34101089    0.30515890    0.30847612    0.08838074    0.08838074    0.08111668    0.07662796    0.00401106    0.00000000    0.10160552    0.08540376    0.40432609    0.40760632    0.41036476    0.40708002    0.37925740    0.36981329    0.34650235    0.34706280    0.35260422    0.47093217    0.43255472    0.44024449    0.38131551
T0             0.34706280    0.29072824    0.29391787    0.08529946    0.08994207    0.08069973    0.07622520    0.10147696    0.10160552    0.00000000    0.03924729    0.38884127    0.39206132    0.39070136    0.39134979    0.38814123    0.37610110    0.34899901    0.35316525    0.35512617    0.47350305    0.43504886    0.43417528    0.37992975
T6             0.33744416    0.27875628    0.28188587    0.06952531    0.07404173    0.06504948    0.06067514    0.08529946    0.08540376    0.03924729    0.00000000    0.36387953    0.36700226    0.36922403    0.36610072    0.36668954    0.35512617    0.32540186    0.32935462    0.33135425    0.43586281    0.40352962    0.40276410    0.36606507
T7             0.30361115    0.40241506    0.40367436    0.38048793    0.38048793    0.40106046    0.39006711    0.40367436    0.40432609    0.38884127    0.36387953    0.00000000    0.01008424    0.04988386    0.05213702    0.14646951    0.13139169    0.21871437    0.22177588    0.22155030    0.40367436    0.35820919    0.36130532    0.33432072
T15            0.30001231    0.40180752    0.40303734    0.38366710    0.38366710    0.40432609    0.39328820    0.40695379    0.40760632    0.39206132    0.36700226    0.01008424    0.00000000    0.04765645    0.04988386    0.14380699    0.12885514    0.22133462    0.22440247    0.22417862    0.39915144    0.35406902    0.35715210    0.33734567
T14            0.27906628    0.40432609    0.40827369    0.38628186    0.38628186    0.40310065    0.40380983    0.40965292    0.41036476    0.39070136    0.36922403    0.04988386    0.04765645    0.00000000    0.01417454    0.14439837    0.12681197    0.22802724    0.23121829    0.22802724    0.39780928    0.35260422    0.34846399    0.31530422
T18            0.28570646    0.39328820    0.39715917    0.38309896    0.38309896    0.39984624    0.40055407    0.40636950    0.40708002    0.39134979    0.36610072    0.05213702    0.04988386    0.01417454    0.00000000    0.13698519    0.12448189    0.22539701    0.22858093    0.22829915    0.39457244    0.35316525    0.34899901    0.32234726
T21            0.27725881    0.38749364    0.38494661    0.35987744    0.35987744    0.38378624    0.37677412    0.37859873    0.37925740    0.38814123    0.36668954    0.14646951    0.14380699    0.14439837    0.13698519    0.00000000    0.04753775    0.22624619    0.22948525    0.22917401    0.39268922    0.36232431    0.36542371    0.32358257
T9             0.25540791    0.37417065    0.37544523    0.35068124    0.35068124    0.38176582    0.37480115    0.36922403    0.36981329    0.37610110    0.35512617    0.13139169    0.12885514    0.12681197    0.12448189    0.04753775    0.00000000    0.20928437    0.21239078    0.21444464    0.35205615    0.32935462    0.32885713    0.30325379
T17            0.29694218    0.36552529    0.36668954    0.33744416    0.33390279    0.33636254    0.32885713    0.34595465    0.34650235    0.34899901    0.32540186    0.21871437    0.22133462    0.22802724    0.22539701    0.22624619    0.20928437    0.00000000    0.00401106    0.02648514    0.39480465    0.35923793    0.35861143    0.32150902
T2             0.30067835    0.36981329    0.37103230    0.34158321    0.33800362    0.34045109    0.33284625    0.34650235    0.34706280    0.35316525    0.32935462    0.22177588    0.22440247    0.23121829    0.22858093    0.22948525    0.21239078    0.00401106    0.00000000    0.03064696    0.39951785    0.35616445    0.35553878    0.32540186
T4             0.30023762    0.35820919    0.35931912    0.34347045    0.33990382    0.34238811    0.33483356    0.35205615    0.35260422    0.35512617    0.33135425    0.22155030    0.22417862    0.22802724    0.22829915    0.22917401    0.21444464    0.02648514    0.03064696    0.00000000    0.39876848    0.36296475    0.36232431    0.32492866
T1             0.21009889    0.45567939    0.44873336    0.46485950    0.46035862    0.48369959    0.47549465    0.46994864    0.47093217    0.47350305    0.43586281    0.40367436    0.39915144    0.39780928    0.39457244    0.39268922    0.35205615    0.39480465    0.39951785    0.39876848    0.00000000    0.08331242    0.08319927    0.25214575
T20            0.18651887    0.41439233    0.40780521    0.44403312    0.43965059    0.45339191    0.44553111    0.42743514    0.43255472    0.43504886    0.40352962    0.35820919    0.35406902    0.35260422    0.35316525    0.36232431    0.32935462    0.35923793    0.35616445    0.36296475    0.08331242    0.00000000    0.01212519    0.23013704
T5             0.18901247    0.41366421    0.40708002    0.44306228    0.43869901    0.45242637    0.44458853    0.43504886    0.44024449    0.43417528    0.40276410    0.36130532    0.35715210    0.34846399    0.34899901    0.36542371    0.32885713    0.35861143    0.35553878    0.36232431    0.08319927    0.01212519    0.00000000    0.23276898
T19            0.08069973    0.36597280    0.36700226    0.38742960    0.38349672    0.37815726    0.37745891    0.38061579    0.38131551    0.37992975    0.36606507    0.33432072    0.33734567    0.31530422    0.32234726    0.32358257    0.30325379    0.32150902    0.32540186    0.32492866    0.25214575    0.23013704    0.23276898    0.00000000

