24
T23            0.00000000    0.22576934    0.21973117    0.26466816    0.26116605    0.26318732    0.25736811    0.29888355    0.29983006    0.29589549    0.25771358    0.26318732    0.26941870    0.16909860    0.17420112    0.18491731    0.18415453    0.20937018    0.18954111    0.16520326    0.15490901    0.11811042    0.11323767    0.12766312
T20            0.22576934    0.00000000    0.02239070    0.25107698    0.24457023    0.25648265    0.24761946    0.28517825    0.30493685    0.28735502    0.31630938    0.32909487    0.32909487    0.24084783    0.23753227    0.24351999    0.25193409    0.27294802    0.25430998    0.29656674    0.28059941    0.21915685    0.22729970    0.23553336
T5             0.21973117    0.02239070    0.00000000    0.23852740    0.23223356    0.24385990    0.23520068    0.27858625    0.28585820    0.27740743    0.31924515    0.33207857    0.33207857    0.23456529    0.23368751    0.24256151    0.24555514    0.26559762    0.24736053    0.28059941    0.26506501    0.21019407    0.21822895    0.22635203
T16            0.26466816    0.25107698    0.23852740    0.00000000    0.03502744    0.06754394    0.08811782    0.25159712    0.25648265    0.23999434    0.40072159    0.41131269    0.40723846    0.30328365    0.30277973    0.30616094    0.30956535    0.30664697    0.30757283    0.30616094    0.29656674    0.25188649    0.26358222    0.26906658
T6             0.26116605    0.24457023    0.23223356    0.03502744    0.00000000    0.05853737    0.08101743    0.25430998    0.25300742    0.24265277    0.38416768    0.39448413    0.39055520    0.28948067    0.28903303    0.29561593    0.29561593    0.29957588    0.30043330    0.30228733    0.29608565    0.24838930    0.26000732    0.26000732
T17            0.26318732    0.25648265    0.24385990    0.06754394    0.05853737    0.00000000    0.08763129    0.25398456    0.26192928    0.25377474    0.41792090    0.42876517    0.42458859    0.30468391    0.31095369    0.31095369    0.31435774    0.31494182    0.30664697    0.31435774    0.30805338    0.26273472    0.27459288    0.28016181
T9             0.25736811    0.24761946    0.23520068    0.08811782    0.08101743    0.08763129    0.00000000    0.24466205    0.24923253    0.24494059    0.38665714    0.39699857    0.39306988    0.29186626    0.29143029    0.29801285    0.31047331    0.30867043    0.29957588    0.31246570    0.30616094    0.25377474    0.26232674    0.26781375
T0             0.29888355    0.28517825    0.27858625    0.25159712    0.25430998    0.25398456    0.24466205    0.00000000    0.07827013    0.16177269    0.39493820    0.40537524    0.40537524    0.31547680    0.31253427    0.32176574    0.32176574    0.35100439    0.33037471    0.32437806    0.31477479    0.27888899    0.28454424    0.29024508
T7             0.29983006    0.30493685    0.28585820    0.25648265    0.25300742    0.26192928    0.24923253    0.07827013    0.00000000    0.16498667    0.40210590    0.41265035    0.41265035    0.30997574    0.31622832    0.32974865    0.31957402    0.34530402    0.32811200    0.33664952    0.32676281    0.28303013    0.28234777    0.29120495
T11            0.29589549    0.28735502    0.27740743    0.23999434    0.24265277    0.25377474    0.24494059    0.16177269    0.16498667    0.00000000    0.40319742    0.41381321    0.41381321    0.31877757    0.32860354    0.34265209    0.34160727    0.35233258    0.33110889    0.33110889    0.31451015    0.29143029    0.28094292    0.28980012
T18            0.25771358    0.31630938    0.31924515    0.40072159    0.38416768    0.41792090    0.38665714    0.39493820    0.40210590    0.40319742    0.00000000    0.01209729    0.01209729    0.15711845    0.16214904    0.16477863    0.17192079    0.19915926    0.17685855    0.30421485    0.28493391    0.23887916    0.24051710    0.25193409
T2             0.26318732    0.32909487    0.33207857    0.41131269    0.39448413    0.42876517    0.39699857    0.40537524    0.41265035    0.41381321    0.01209729    0.00000000    0.00804449    0.16721569    0.17231893    0.17499089    0.18221649    0.20990998    0.18721841    0.31678934    0.29713127    0.25338591    0.24889455    0.26044520
T14            0.26941870    0.32909487    0.33207857    0.40723846    0.39055520    0.42458859    0.39306988    0.40537524    0.41265035    0.41381321    0.01209729    0.00804449    0.00000000    0.16721569    0.17231893    0.17499089    0.18221649    0.20990998    0.18721841    0.31678934    0.29713127    0.25338591    0.24889455    0.26044520
T21            0.16909860    0.24084783    0.23456529    0.30328365    0.28948067    0.30468391    0.29186626    0.31547680    0.30997574    0.31877757    0.15711845    0.16721569    0.16721569    0.00000000    0.03274958    0.04124539    0.05179704    0.07163449    0.05396244    0.22112689    0.20143844    0.14992361    0.15434287    0.17231893
T10            0.17420112    0.23753227    0.23368751    0.30277973    0.28903303    0.31095369    0.29143029    0.31253427    0.31622832    0.32860354    0.16214904    0.17231893    0.17231893    0.03274958    0.00000000    0.02857423    0.05610555    0.08275134    0.06480048    0.21793887    0.20680356    0.14973180    0.16457917    0.17745932
T3             0.18491731    0.24351999    0.24256151    0.30616094    0.29561593    0.31095369    0.29801285    0.32176574    0.32974865    0.34265209    0.16477863    0.17499089    0.17499089    0.04124539    0.02857423    0.00000000    0.06932931    0.08734239    0.06922768    0.22959894    0.21822895    0.16014082    0.16986629    0.18286134
T12            0.18415453    0.25193409    0.24555514    0.30956535    0.29561593    0.31435774    0.31047331    0.32176574    0.31957402    0.34160727    0.17192079    0.18221649    0.18221649    0.05179704    0.05610555    0.06932931    0.00000000    0.09396195    0.07576547    0.21793887    0.19840392    0.16457917    0.17438529    0.18471296
T1             0.20937018    0.27294802    0.26559762    0.30664697    0.29957588    0.31494182    0.30867043    0.35100439    0.34530402    0.35233258    0.19915926    0.20990998    0.20990998    0.07163449    0.08275134    0.08734239    0.09396195    0.00000000    0.06932931    0.24856693    0.23397003    0.18607432    0.19611400    0.20963534
T13            0.18954111    0.25430998    0.24736053    0.30757283    0.30043330    0.30664697    0.29957588    0.33037471    0.32811200    0.33110889    0.17685855    0.18721841    0.18721841    0.05396244    0.06480048    0.06922768    0.07576547    0.06932931    0.00000000    0.24555514    0.22522614    0.17211547    0.18201953    0.19245577
T19            0.16520326    0.29656674    0.28059941    0.30616094    0.30228733    0.31435774    0.31246570    0.32437806    0.33664952    0.33110889    0.30421485    0.31678934    0.31678934    0.22112689    0.21793887    0.22959894    0.21793887    0.24856693    0.24555514    0.00000000    0.03493068    0.13265832    0.14754171    0.16014082
T22            0.15490901    0.28059941    0.26506501    0.29656674    0.29608565    0.30805338    0.30616094    0.31477479    0.32676281    0.31451015    0.28493391    0.29713127    0.29713127    0.20143844    0.20680356    0.21822895    0.19840392    0.23397003    0.22522614    0.03493068    0.00000000    0.12041023    0.12999059    0.14734840
T8             0.11811042    0.21915685    0.21019407    0.25188649    0.24838930    0.26273472    0.25377474    0.27888899    0.28303013    0.29143029    0.23887916    0.25338591    0.25338591    0.14992361    0.14973180    0.16014082    0.16457917    0.18607432    0.17211547    0.13265832    0.12041023    0.00000000    0.05434294    0.06529493
T15            0.11323767    0.22729970    0.21822895    0.26358222    0.26000732    0.27459288    0.26232674    0.28454424    0.28234777    0.28094292    0.24051710    0.24889455    0.24889455    0.15434287    0.16457917    0.16986629    0.17438529    0.19611400    0.18201953    0.14754171    0.12999059    0.05434294    0.00000000    0.03489204
T4             0.12766312    0.23553336    0.22635203    0.26906658    0.26000732    0.28016181    0.26781375    0.29024508    0.29120495    0.28980012    0.25193409    0.26044520    0.26044520    0.17231893    0.17745932    0.18286134    0.18471296    0.20963534    0.19245577    0.16014082    0.14734840    0.06529493    0.03489204    0.00000000

