24
T17            0.00000000    0.40936676    0.40936676    0.43916849    0.40540345    0.42533316    0.39366299    0.40015369    0.37901376    0.31410589    0.32295843    0.30416704    0.31369833    0.31037446    0.31999542    0.32593373    0.32635029    0.32635029    0.31585761    0.33020651    0.30999029    0.29552019    0.16478278    0.16478278
T16            0.40936676    0.00000000    0.00401621    0.11338387    0.11369518    0.11310309    0.13718201    0.14224084    0.13809782    0.45277737    0.46333986    0.42946127    0.42369383    0.42765210    0.48273388    0.49004278    0.49524977    0.49524977    0.41362540    0.43506138    0.44194839    0.44929012    0.45420530    0.44999463
T20            0.40936676    0.00401621    0.00000000    0.11338387    0.11369518    0.11310309    0.13718201    0.14224084    0.13809782    0.45698776    0.46760409    0.43350050    0.42765210    0.43164220    0.48712992    0.49447780    0.49524977    0.49524977    0.41753723    0.43910008    0.44601998    0.45348286    0.44999463    0.44581939
T5             0.43916849    0.11338387    0.11338387    0.00000000    0.09242149    0.08521714    0.13249085    0.13752422    0.14065355    0.48377572    0.48560064    0.43209852    0.43415239    0.43009650    0.50399343    0.51148042    0.49748286    0.49748286    0.43620518    0.44167901    0.46123418    0.46949513    0.45298048    0.44873317
T19            0.40540345    0.11369518    0.11369518    0.09242149    0.00000000    0.08542074    0.14301000    0.14817460    0.14367166    0.46325527    0.46511676    0.43085062    0.44108022    0.43692178    0.47749926    0.47581208    0.48286700    0.48286700    0.43916849    0.42802557    0.44306752    0.46411568    0.43916849    0.44338033
T21            0.42533316    0.11310309    0.11310309    0.08521714    0.08542074    0.00000000    0.13752422    0.14260920    0.14580486    0.46430571    0.46627797    0.42802557    0.43415239    0.43009650    0.49483459    0.50223694    0.49569865    0.49569865    0.42129312    0.42270142    0.43350050    0.44527381    0.45145400    0.45145400
T14            0.39366299    0.13718201    0.13718201    0.13249085    0.14301000    0.13752422    0.00000000    0.02444563    0.10657001    0.44183062    0.44378649    0.41462196    0.42062810    0.41663695    0.47141478    0.47859301    0.49748286    0.49748286    0.41462196    0.43620518    0.44306752    0.45539601    0.42266993    0.43499212
T11            0.40015369    0.14224084    0.14224084    0.13752422    0.14817460    0.14260920    0.02444563    0.00000000    0.11141955    0.44452192    0.44652290    0.42533316    0.43141514    0.42735899    0.50118231    0.50863706    0.50490031    0.50490031    0.42940637    0.44724303    0.45420530    0.46679066    0.41331044    0.42533316
T23            0.37901376    0.13809782    0.13809782    0.14065355    0.14367166    0.14580486    0.10657001    0.11141955    0.00000000    0.44108022    0.44724303    0.40999900    0.41600364    0.41206021    0.46627797    0.47341467    0.48302933    0.48302933    0.39066191    0.41538581    0.42208289    0.43351331    0.43994970    0.44417963
T9             0.31410589    0.45277737    0.45698776    0.48377572    0.46325527    0.46430571    0.44183062    0.44452192    0.44108022    0.00000000    0.01619103    0.13938227    0.14174960    0.13923318    0.16966559    0.17192511    0.17211987    0.17211987    0.14735180    0.16742655    0.14920940    0.13987853    0.31586143    0.31586143
T4             0.32295843    0.46333986    0.46760409    0.48560064    0.46511676    0.46627797    0.44378649    0.44652290    0.44724303    0.01619103    0.00000000    0.15935153    0.16177652    0.15917447    0.18785913    0.19014942    0.19036887    0.19036887    0.16499091    0.18558989    0.16683263    0.15993386    0.33151970    0.33151970
T12            0.30416704    0.42946127    0.43350050    0.43209852    0.43085062    0.42802557    0.41462196    0.42533316    0.40999900    0.13938227    0.15935153    0.00000000    0.01006782    0.00804343    0.16702193    0.16928157    0.16946921    0.16946921    0.14517136    0.15511835    0.13467181    0.13770741    0.32174225    0.30166023
T1             0.31369833    0.42369383    0.42765210    0.43415239    0.44108022    0.43415239    0.42062810    0.43141514    0.41600364    0.14174960    0.16177652    0.01006782    0.00000000    0.00200404    0.16946921    0.17173916    0.17192511    0.17192511    0.14497647    0.15752196    0.14206890    0.14006019    0.32470265    0.30455320
T8             0.31037446    0.42765210    0.43164220    0.43009650    0.43692178    0.43009650    0.41663695    0.42735899    0.41206021    0.13923318    0.15917447    0.00804343    0.00200404    0.00000000    0.16683263    0.16910270    0.16928157    0.16928157    0.14242095    0.15491279    0.13953955    0.13752422    0.32128706    0.30127312
T22            0.31999542    0.48273388    0.48712992    0.50399343    0.47749926    0.49483459    0.47141478    0.50118231    0.46627797    0.16966559    0.18785913    0.16702193    0.16946921    0.16683263    0.00000000    0.01415524    0.04339254    0.04339254    0.18086097    0.20253979    0.17994132    0.16235412    0.34929703    0.33534840
T2             0.32593373    0.49004278    0.49447780    0.51148042    0.47581208    0.50223694    0.47859301    0.50863706    0.47341467    0.17192511    0.19014942    0.16928157    0.17173916    0.16910270    0.01415524    0.00000000    0.04977977    0.04977977    0.18309943    0.20479783    0.18222134    0.16721991    0.35545708    0.34141050
T3             0.32635029    0.49524977    0.49524977    0.49748286    0.48286700    0.49569865    0.49748286    0.50490031    0.48302933    0.17211987    0.19036887    0.16946921    0.17192511    0.16928157    0.04339254    0.04977977    0.00000000    0.00000000    0.16987069    0.18832835    0.16648018    0.15693497    0.34623664    0.33233647
T6             0.32635029    0.49524977    0.49524977    0.49748286    0.48286700    0.49569865    0.49748286    0.50490031    0.48302933    0.17211987    0.19036887    0.16946921    0.17192511    0.16928157    0.04339254    0.04977977    0.00000000    0.00000000    0.16987069    0.18832835    0.16648018    0.15693497    0.34623664    0.33233647
T13            0.31585761    0.41362540    0.41753723    0.43620518    0.43916849    0.42129312    0.41462196    0.42940637    0.39066191    0.14735180    0.16499091    0.14517136    0.14497647    0.14242095    0.18086097    0.18309943    0.16987069    0.16987069    0.00000000    0.05408507    0.04328054    0.05663900    0.34267169    0.32516974
T18            0.33020651    0.43506138    0.43910008    0.44167901    0.42802557    0.42270142    0.43620518    0.44724303    0.41538581    0.16742655    0.18558989    0.15511835    0.15752196    0.15491279    0.20253979    0.20479783    0.18832835    0.18832835    0.05408507    0.00000000    0.05399671    0.06745342    0.34671348    0.33621480
T7             0.30999029    0.44194839    0.44601998    0.46123418    0.44306752    0.43350050    0.44306752    0.45420530    0.42208289    0.14920940    0.16683263    0.13467181    0.14206890    0.13953955    0.17994132    0.18222134    0.16648018    0.16648018    0.04328054    0.05399671    0.00000000    0.05853789    0.33810156    0.32084417
T15            0.29552019    0.44929012    0.45348286    0.46949513    0.46411568    0.44527381    0.45539601    0.46679066    0.43351331    0.13987853    0.15993386    0.13770741    0.14006019    0.13752422    0.16235412    0.16721991    0.15693497    0.15693497    0.05663900    0.06745342    0.05853789    0.00000000    0.31117916    0.29477732
T10            0.16478278    0.45420530    0.44999463    0.45298048    0.43916849    0.45145400    0.42266993    0.41331044    0.43994970    0.31586143    0.33151970    0.32174225    0.32470265    0.32128706    0.34929703    0.35545708    0.34623664    0.34623664    0.34267169    0.34671348    0.33810156    0.31117916    0.00000000    0.02653390
T0             0.16478278    0.44999463    0.44581939    0.44873317    0.44338033    0.45145400    0.43499212    0.42533316    0.44417963    0.31586143    0.33151970    0.30166023    0.30455320    0.30127312    0.33534840    0.34141050    0.33233647    0.33233647    0.32516974    0.33621480    0.32084417    0.29477732    0.02653390    0.00000000

