24
T20            0.00000000    0.28026547    0.28741394    0.28419555    0.30050068    0.28663983    0.21123961    0.20657508    0.20401615    0.21456191    0.14994003    0.15233022    0.22932200    0.26747174    0.14700086    0.16632890    0.16404865    0.15161683    0.11515238    0.18336066    0.18635928    0.18361217    0.18610011    0.14611137
T16            0.28026547    0.00000000    0.08081149    0.07852076    0.09008183    0.08062891    0.25857961    0.25068959    0.31415747    0.32386132    0.26910606    0.26875250    0.37106190    0.38111979    0.26467933    0.28713810    0.28207244    0.26686188    0.26744796    0.30750599    0.32820269    0.32820269    0.32430514    0.27581946
T2             0.28741394    0.08081149    0.00000000    0.00602420    0.04154270    0.03711014    0.25613372    0.23933286    0.32430514    0.33071972    0.27152705    0.27118554    0.36963858    0.37851205    0.27466394    0.27644158    0.28273462    0.27053571    0.26807824    0.33118758    0.34221192    0.34221192    0.33816695    0.28273462
T1             0.28419555    0.07852076    0.00602420    0.00000000    0.03938139    0.03497683    0.25311162    0.23638241    0.32089944    0.32727865    0.26840989    0.26807824    0.36592700    0.37477297    0.26840989    0.27581946    0.27644158    0.26437932    0.26499031    0.32773441    0.33867230    0.33867230    0.33466498    0.27957811
T13            0.30050068    0.09008183    0.04154270    0.03938139    0.00000000    0.02863147    0.27466394    0.25741431    0.33816695    0.34829289    0.29065336    0.29024997    0.36592700    0.39375705    0.28099793    0.29482020    0.29556566    0.28308283    0.28062608    0.34524604    0.35298503    0.35298503    0.34882387    0.29232662
T23            0.28663983    0.08062891    0.03711014    0.03497683    0.02863147    0.00000000    0.25857961    0.24173182    0.32342995    0.33326277    0.27710878    0.27676956    0.36114074    0.36998690    0.27397207    0.28774840    0.28840533    0.27612487    0.26132957    0.32342995    0.33071972    0.33071972    0.32683544    0.28207244
T7             0.21123961    0.25857961    0.25613372    0.25311162    0.27466394    0.25857961    0.00000000    0.08719035    0.25068959    0.25887158    0.18223727    0.18473396    0.30294398    0.31054766    0.19227816    0.21039333    0.20843107    0.19481116    0.18975433    0.26598872    0.26323561    0.26634326    0.26289087    0.20843107
T17            0.20657508    0.25068959    0.23933286    0.23638241    0.25741431    0.24173182    0.08719035    0.00000000    0.24829112    0.25643785    0.18265970    0.18515320    0.28259737    0.31599008    0.19867336    0.20563836    0.21172102    0.19566032    0.18244398    0.26433431    0.26159434    0.26472196    0.26121662    0.21172102
T15            0.20401615    0.31415747    0.32430514    0.32089944    0.33816695    0.32342995    0.25068959    0.24829112    0.00000000    0.00804343    0.12272816    0.12504348    0.28458908    0.29763314    0.19016702    0.19990503    0.18975433    0.19268748    0.18765562    0.23195801    0.22932200    0.23227294    0.22901592    0.20542810
T11            0.21456191    0.32386132    0.33071972    0.32727865    0.34829289    0.33326277    0.25887158    0.25643785    0.00804343    0.00000000    0.12969753    0.13203637    0.29635781    0.30961888    0.20051758    0.21039333    0.20009971    0.20307327    0.19797119    0.23992531    0.23725959    0.24023688    0.23695702    0.21599400
T19            0.14994003    0.26910606    0.27152705    0.26840989    0.29065336    0.27710878    0.18223727    0.18265970    0.12272816    0.12969753    0.00000000    0.00200302    0.21826350    0.24194719    0.13468116    0.14385114    0.14413468    0.13703245    0.13233783    0.20002922    0.19750259    0.20032802    0.20286266    0.16440569
T22            0.15233022    0.26875250    0.27118554    0.26807824    0.29024997    0.27676956    0.18473396    0.18515320    0.12504348    0.13203637    0.00200302    0.00000000    0.22086313    0.24461715    0.13703245    0.14623862    0.14651841    0.13939176    0.13468116    0.20256489    0.20002922    0.20286266    0.20540637    0.16684613
T4             0.22932200    0.37106190    0.36963858    0.36592700    0.36592700    0.36114074    0.30294398    0.28259737    0.28458908    0.29635781    0.21826350    0.22086313    0.00000000    0.26321111    0.19441051    0.21251531    0.21309265    0.19693034    0.22377085    0.27897250    0.27618061    0.27618061    0.28866025    0.25131356
T8             0.26747174    0.38111979    0.37851205    0.37477297    0.39375705    0.36998690    0.31054766    0.31599008    0.29763314    0.30961888    0.24194719    0.24461715    0.26321111    0.00000000    0.22021215    0.22407915    0.22472497    0.22576649    0.25305680    0.32589614    0.33239737    0.32885684    0.32479890    0.26598872
T0             0.14700086    0.26467933    0.27466394    0.26840989    0.28099793    0.27397207    0.19227816    0.19867336    0.19016702    0.20051758    0.13468116    0.13703245    0.19441051    0.22021215    0.00000000    0.04966652    0.04973598    0.04124646    0.13735945    0.19665794    0.20826424    0.21402991    0.20510965    0.16178926
T14            0.16632890    0.28713810    0.27644158    0.27581946    0.29482020    0.28774840    0.21039333    0.20563836    0.19990503    0.21039333    0.14385114    0.14623862    0.21251531    0.22407915    0.04966652    0.00000000    0.01617502    0.04112870    0.15386636    0.21482531    0.21509838    0.22086313    0.21197618    0.17619927
T21            0.16404865    0.28207244    0.28273462    0.27644158    0.29556566    0.28840533    0.20843107    0.21172102    0.18975433    0.20009971    0.14413468    0.14651841    0.21309265    0.22472497    0.04973598    0.01617502    0.00000000    0.04117422    0.15161683    0.20914334    0.20939992    0.21509838    0.20632660    0.17124645
T6             0.15161683    0.26686188    0.27053571    0.26437932    0.28308283    0.27612487    0.19481116    0.19566032    0.19268748    0.20307327    0.13703245    0.13939176    0.19693034    0.22576649    0.04124646    0.04112870    0.04117422    0.00000000    0.14445149    0.20994165    0.21022674    0.21597523    0.20710046    0.16388319
T5             0.11515238    0.26744796    0.26807824    0.26499031    0.28062608    0.26132957    0.18975433    0.18244398    0.18765562    0.19797119    0.13233783    0.13468116    0.22377085    0.25305680    0.13735945    0.15386636    0.15161683    0.14445149    0.00000000    0.10884126    0.11142785    0.11387101    0.11126643    0.13647629
T10            0.18336066    0.30750599    0.33118758    0.32773441    0.34524604    0.32342995    0.26598872    0.26433431    0.23195801    0.23992531    0.20002922    0.20256489    0.27897250    0.32589614    0.19665794    0.21482531    0.20914334    0.20994165    0.10884126    0.00000000    0.04339350    0.04124646    0.03907387    0.19797119
T18            0.18635928    0.32820269    0.34221192    0.33867230    0.35298503    0.33071972    0.26323561    0.26159434    0.22932200    0.23725959    0.19750259    0.20002922    0.27618061    0.33239737    0.20826424    0.21509838    0.20939992    0.21022674    0.11142785    0.04339350    0.00000000    0.00603662    0.01623346    0.19543404
T9             0.18361217    0.32820269    0.34221192    0.33867230    0.35298503    0.33071972    0.26634326    0.26472196    0.23227294    0.24023688    0.20032802    0.20286266    0.27618061    0.32885684    0.21402991    0.22086313    0.21509838    0.21597523    0.11387101    0.04124646    0.00603662    0.00000000    0.01417535    0.19268748
T3             0.18610011    0.32430514    0.33816695    0.33466498    0.34882387    0.32683544    0.26289087    0.26121662    0.22901592    0.23695702    0.20286266    0.20540637    0.28866025    0.32479890    0.20510965    0.21197618    0.20632660    0.20710046    0.11126643    0.03907387    0.01623346    0.01417535    0.00000000    0.19566032
T12            0.14611137    0.27581946    0.28273462    0.27957811    0.29232662    0.28207244    0.20843107    0.21172102    0.20542810    0.21599400    0.16440569    0.16684613    0.25131356    0.26598872    0.16178926    0.17619927    0.17124645    0.16388319    0.13647629    0.19797119    0.19543404    0.19268748    0.19566032    0.00000000

