24
T9             0.00000000    0.23422849    0.20193987    0.22759756    0.24989594    0.22782872    0.24114850    0.20851043    0.20341866    0.20221724    0.19913304    0.19913304    0.20731724    0.19940241    0.19968095    0.18657456    0.23654913    0.25223884    0.22204468    0.23285276    0.22464919    0.21462614    0.22048870    0.18906848
T22            0.23422849    0.00000000    0.17190388    0.19332197    0.22311846    0.20005563    0.34204234    0.29137172    0.28987675    0.25666911    0.26798929    0.26798929    0.26459583    0.26214874    0.26555442    0.25732597    0.32655124    0.33526500    0.29509545    0.28333908    0.28408668    0.27329128    0.27647530    0.26624759
T16            0.20193987    0.17190388    0.00000000    0.03077856    0.08503776    0.11262577    0.28248056    0.23654913    0.24033996    0.20221724    0.21560782    0.20988107    0.21245423    0.19608966    0.19913304    0.19435462    0.24260773    0.27178232    0.23319512    0.24720662    0.24795360    0.23165162    0.23466270    0.21686399
T13            0.22759756    0.19332197    0.03077856    0.00000000    0.10601022    0.13700917    0.30847484    0.25453290    0.25852408    0.23091649    0.23883813    0.23285276    0.23549493    0.22726324    0.23056353    0.22568364    0.27265383    0.29707178    0.25412484    0.26542060    0.26626445    0.25268392    0.25581844    0.23730131
T11            0.24989594    0.22311846    0.08503776    0.10601022    0.00000000    0.16175762    0.33003629    0.28098813    0.28191494    0.24416833    0.25839036    0.25839036    0.26111988    0.24348065    0.24684839    0.23285276    0.30086015    0.29664979    0.26310031    0.29649969    0.29082479    0.26715043    0.27682843    0.26080161
T0             0.22782872    0.20005563    0.11262577    0.13700917    0.16175762    0.00000000    0.31781438    0.27607151    0.26736799    0.24583499    0.25394506    0.25394506    0.25061194    0.23100636    0.23422849    0.24348065    0.29225190    0.31323012    0.26698380    0.28408668    0.29137172    0.26776286    0.26776286    0.24757503
T3             0.24114850    0.34204234    0.28248056    0.30847484    0.33003629    0.31781438    0.00000000    0.12011573    0.11525617    0.19814774    0.20580864    0.20580864    0.20838101    0.18449928    0.18469388    0.18219759    0.23718524    0.24949915    0.19012324    0.23484175    0.23188489    0.21880443    0.21880443    0.20448647
T20            0.20851043    0.29137172    0.23654913    0.25453290    0.28098813    0.27607151    0.12011573    0.00000000    0.02653335    0.17006124    0.17744008    0.17744008    0.17991708    0.15951778    0.15971120    0.15249651    0.19968095    0.23100636    0.16761879    0.19356650    0.18854713    0.17615276    0.17615276    0.16012336
T4             0.20341866    0.28987675    0.24033996    0.25852408    0.28191494    0.26736799    0.11525617    0.02653335    0.00000000    0.16518482    0.17251223    0.17251223    0.17497182    0.15469666    0.15489314    0.14772775    0.18906848    0.21996185    0.16807342    0.19687401    0.19184415    0.17942347    0.17942347    0.16056916
T15            0.20221724    0.25666911    0.20221724    0.23091649    0.24416833    0.24583499    0.19814774    0.17006124    0.16518482    0.00000000    0.02859887    0.02859887    0.03067077    0.05399505    0.05613602    0.07170509    0.18307241    0.20025836    0.14680530    0.16175762    0.14919345    0.14752685    0.14752685    0.13264642
T6             0.19913304    0.26798929    0.21560782    0.23883813    0.25839036    0.25394506    0.20580864    0.17744008    0.17251223    0.02859887    0.00000000    0.00401619    0.01414143    0.06043854    0.06260017    0.07826698    0.19056962    0.21637656    0.15399458    0.16646143    0.15384016    0.15469666    0.15469666    0.14222485
T21            0.19913304    0.26798929    0.20988107    0.23285276    0.25839036    0.25394506    0.20580864    0.17744008    0.17251223    0.02859887    0.00401619    0.00000000    0.01414143    0.06043854    0.06260017    0.07826698    0.19056962    0.21355430    0.15399458    0.16646143    0.15384016    0.15469666    0.15469666    0.14222485
T17            0.20731724    0.26459583    0.21245423    0.23549493    0.26111988    0.25061194    0.20838101    0.17991708    0.17497182    0.03067077    0.01414143    0.01414143    0.00000000    0.06260017    0.06476880    0.08046844    0.19308658    0.21615536    0.15384016    0.16629893    0.15882924    0.15450853    0.15450853    0.13952494
T19            0.19940241    0.26214874    0.19608966    0.22726324    0.24348065    0.23100636    0.18449928    0.15951778    0.15469666    0.05399505    0.06043854    0.06043854    0.06260017    0.00000000    0.00401107    0.06721804    0.16964389    0.19476940    0.13422619    0.15143363    0.14411064    0.13733405    0.13733405    0.12517416
T5             0.19968095    0.26555442    0.19913304    0.23056353    0.24684839    0.23422849    0.18469388    0.15971120    0.15489314    0.05613602    0.06260017    0.06260017    0.06476880    0.00401107    0.00000000    0.06728825    0.16984823    0.19496626    0.13436209    0.14649410    0.13921968    0.13750857    0.13750857    0.12533286
T7             0.18657456    0.25732597    0.19435462    0.22568364    0.23285276    0.24348065    0.18219759    0.15249651    0.14772775    0.07170509    0.07826698    0.07826698    0.08046844    0.06721804    0.06728825    0.00000000    0.14953446    0.18200129    0.11998488    0.14442534    0.13216127    0.12055494    0.12549937    0.11596629
T8             0.23654913    0.32655124    0.24260773    0.27265383    0.30086015    0.29225190    0.23718524    0.19968095    0.18906848    0.18307241    0.19056962    0.19056962    0.19308658    0.16964389    0.16984823    0.14953446    0.00000000    0.17476182    0.17476182    0.20704227    0.20193987    0.18382191    0.18382191    0.17836194
T1             0.25223884    0.33526500    0.27178232    0.29707178    0.29664979    0.31323012    0.24949915    0.23100636    0.21996185    0.20025836    0.21637656    0.21355430    0.21615536    0.19476940    0.19496626    0.18200129    0.17476182    0.00000000    0.20281529    0.22469495    0.21425209    0.21218177    0.21503678    0.20092301
T14            0.22204468    0.29509545    0.23319512    0.25412484    0.26310031    0.26698380    0.19012324    0.16761879    0.16807342    0.14680530    0.15399458    0.15399458    0.15384016    0.13422619    0.13436209    0.11998488    0.17476182    0.20281529    0.00000000    0.12953740    0.12242655    0.10613630    0.11094908    0.09924358
T23            0.23285276    0.28333908    0.24720662    0.26542060    0.29649969    0.28408668    0.23484175    0.19356650    0.19687401    0.16175762    0.16646143    0.16646143    0.16629893    0.15143363    0.14649410    0.14442534    0.20704227    0.22469495    0.12953740    0.00000000    0.03694858    0.06744950    0.06297237    0.08956267
T12            0.22464919    0.28408668    0.24795360    0.26626445    0.29082479    0.29137172    0.23188489    0.18854713    0.19184415    0.14919345    0.15384016    0.15384016    0.15882924    0.14411064    0.13921968    0.13216127    0.20193987    0.21425209    0.12242655    0.03694858    0.00000000    0.06538455    0.06763841    0.08512113
T10            0.21462614    0.27329128    0.23165162    0.25268392    0.26715043    0.26776286    0.21880443    0.17615276    0.17942347    0.14752685    0.15469666    0.15469666    0.15450853    0.13733405    0.13750857    0.12055494    0.18382191    0.21218177    0.10613630    0.06744950    0.06538455    0.00000000    0.01214730    0.07187294
T2             0.22048870    0.27647530    0.23466270    0.25581844    0.27682843    0.26776286    0.21880443    0.17615276    0.17942347    0.14752685    0.15469666    0.15469666    0.15450853    0.13733405    0.13750857    0.12549937    0.18382191    0.21503678    0.11094908    0.06297237    0.06763841    0.01214730    0.00000000    0.07642175
T18            0.18906848    0.26624759    0.21686399    0.23730131    0.26080161    0.24757503    0.20448647    0.16012336    0.16056916    0.13264642    0.14222485    0.14222485    0.13952494    0.12517416    0.12533286    0.11596629    0.17836194    0.20092301    0.09924358    0.08956267    0.08512113    0.07187294    0.07642175    0.00000000

