24
T15            0.00000000    0.23639140    0.23879037    0.23823868    0.20684044    0.22816585    0.19314009    0.19017280    0.21431558    0.17975468    0.21148259    0.20710809    0.12930276    0.12430126    0.13176972    0.13399971    0.14385408    0.12440540    0.13674081    0.15660127    0.15196058    0.14445493    0.17255705    0.14429225
T2             0.23639140    0.00000000    0.12451758    0.27678195    0.24984233    0.29197268    0.23639140    0.23852995    0.26745912    0.23028717    0.25888214    0.25614417    0.25888214    0.26410081    0.26745912    0.26687251    0.28524154    0.26079127    0.26500164    0.28665391    0.27747223    0.26842193    0.31166937    0.27432503
T9             0.23879037    0.12451758    0.00000000    0.29197268    0.24686535    0.27806970    0.23781108    0.24590700    0.26886401    0.23759236    0.26079127    0.25803801    0.23513318    0.24319791    0.25180715    0.25729215    0.26911645    0.24590700    0.25478379    0.28524154    0.27302933    0.26410081    0.30676002    0.25830851
T11            0.23823868    0.27678195    0.29197268    0.00000000    0.09983204    0.24560653    0.21888387    0.21568195    0.24391536    0.20200461    0.24159620    0.22702247    0.24024701    0.23108207    0.24324267    0.23963355    0.24894937    0.24024701    0.24261104    0.26360356    0.26160735    0.24730894    0.27744911    0.24625656
T12            0.20684044    0.24984233    0.24686535    0.09983204    0.00000000    0.21691238    0.18018059    0.17727568    0.20377314    0.16441007    0.20147354    0.19614737    0.21798078    0.21198373    0.21798078    0.22030126    0.22117179    0.20377314    0.21456953    0.23993517    0.23260797    0.21888387    0.25165241    0.21742710
T7             0.22816585    0.29197268    0.27806970    0.24560653    0.21691238    0.00000000    0.15014504    0.14480508    0.15955464    0.12535794    0.16258366    0.13519209    0.24686535    0.23781108    0.24686535    0.24049930    0.25503421    0.24049930    0.23513318    0.27023874    0.24443110    0.23585721    0.28309610    0.24390616
T19            0.19314009    0.23639140    0.23781108    0.21888387    0.18018059    0.15014504    0.00000000    0.01210056    0.04124673    0.03493177    0.07633300    0.11159956    0.21148259    0.20286740    0.20866572    0.21102013    0.21927770    0.20266480    0.19797735    0.23492764    0.22348115    0.21510646    0.23758235    0.19614737
T23            0.19017280    0.23852995    0.24590700    0.21568195    0.17727568    0.14480508    0.01210056    0.00000000    0.03695005    0.03067189    0.07171223    0.10417202    0.20843770    0.19991072    0.20564472    0.20801065    0.21904649    0.19972542    0.19501516    0.23401556    0.22030126    0.21198373    0.23136721    0.19820226
T5             0.21431558    0.26745912    0.26886401    0.24391536    0.20377314    0.15955464    0.04124673    0.03695005    0.00000000    0.05627647    0.09453593    0.12801788    0.23611917    0.22716052    0.23319459    0.23560553    0.24713152    0.22693446    0.21691238    0.25982368    0.24862024    0.23993517    0.25708948    0.22553457
T20            0.17975468    0.23028717    0.23759236    0.20200461    0.16441007    0.12535794    0.03493177    0.03067189    0.05627647    0.00000000    0.06083081    0.09047734    0.19776182    0.18938374    0.19776182    0.20010557    0.20821933    0.18920970    0.18956710    0.22238442    0.20890336    0.20074712    0.22844231    0.19228364
T17            0.21148259    0.25888214    0.26079127    0.24159620    0.20147354    0.16258366    0.07633300    0.07171223    0.09453593    0.06083081    0.00000000    0.11354616    0.23080700    0.22189546    0.23080700    0.23319459    0.23585721    0.22693446    0.22213497    0.25918520    0.24499797    0.23639140    0.26565696    0.23906112
T18            0.20710809    0.25614417    0.25803801    0.22702247    0.19614737    0.13519209    0.11159956    0.10417202    0.12801788    0.09047734    0.11354616    0.00000000    0.20543428    0.19699419    0.20821933    0.21059659    0.21882520    0.20504235    0.20821933    0.24202065    0.21951881    0.21691238    0.22476091    0.20266480
T13            0.12930276    0.25888214    0.23513318    0.24024701    0.21798078    0.24686535    0.21148259    0.20843770    0.23611917    0.19776182    0.23080700    0.20543428    0.00000000    0.01619119    0.03497709    0.03701710    0.04989148    0.04973631    0.12970024    0.15196058    0.13468419    0.12984881    0.16038503    0.12476594
T10            0.12430126    0.26410081    0.24319791    0.23108207    0.21198373    0.23781108    0.20286740    0.19991072    0.22716052    0.18938374    0.22189546    0.19699419    0.01619119    0.00000000    0.03070158    0.03275026    0.04550135    0.04539498    0.12463777    0.14667423    0.13453102    0.12970024    0.16016471    0.12955969
T3             0.13176972    0.26745912    0.25180715    0.24324267    0.21798078    0.24686535    0.20866572    0.20564472    0.23319459    0.19776182    0.23080700    0.20821933    0.03497709    0.03070158    0.00000000    0.01415539    0.04555025    0.04757531    0.11745545    0.13674081    0.13719509    0.13234082    0.16303000    0.13218594
T4             0.13399971    0.26687251    0.25729215    0.23963355    0.22030126    0.24049930    0.21102013    0.20801065    0.23560553    0.20010557    0.23319459    0.21059659    0.03701710    0.03275026    0.01415539    0.00000000    0.04978128    0.04966680    0.12208090    0.13897056    0.13939486    0.13453102    0.16522850    0.13438596
T21            0.14385408    0.28524154    0.26911645    0.24894937    0.22117179    0.25503421    0.21927770    0.21904649    0.24713152    0.20821933    0.23585721    0.21882520    0.04989148    0.04550135    0.04555025    0.04978128    0.00000000    0.06272237    0.13424903    0.15919055    0.15454330    0.14956722    0.17841453    0.14683519
T6             0.12440540    0.26079127    0.24590700    0.24024701    0.20377314    0.24049930    0.20266480    0.19972542    0.22693446    0.18920970    0.22693446    0.20504235    0.04973631    0.04539498    0.04757531    0.04966680    0.06272237    0.00000000    0.12451758    0.14652163    0.13438596    0.12955969    0.15733597    0.13438596
T8             0.13674081    0.26500164    0.25478379    0.24261104    0.21456953    0.23513318    0.19797735    0.19501516    0.21691238    0.18956710    0.22213497    0.20821933    0.12970024    0.12463777    0.11745545    0.12208090    0.13424903    0.12451758    0.00000000    0.07197629    0.11339378    0.10628805    0.15513707    0.12504613
T22            0.15660127    0.28665391    0.28524154    0.26360356    0.23993517    0.27023874    0.23492764    0.23401556    0.25982368    0.22238442    0.25918520    0.24202065    0.15196058    0.14667423    0.13674081    0.13897056    0.15919055    0.14652163    0.07197629    0.00000000    0.13772241    0.13034235    0.16766284    0.14243617
T16            0.15196058    0.27747223    0.27302933    0.26160735    0.23260797    0.24443110    0.22348115    0.22030126    0.24862024    0.20890336    0.24499797    0.21951881    0.13468419    0.13453102    0.13719509    0.13939486    0.15454330    0.13438596    0.11339378    0.13772241    0.00000000    0.01619119    0.15295761    0.12535794
T1             0.14445493    0.26842193    0.26410081    0.24730894    0.21888387    0.23585721    0.21510646    0.21198373    0.23993517    0.20074712    0.23639140    0.21691238    0.12984881    0.12970024    0.13234082    0.13453102    0.14956722    0.12955969    0.10628805    0.13034235    0.01619119    0.00000000    0.15535175    0.12057843
T14            0.17255705    0.31166937    0.30676002    0.27744911    0.25165241    0.28309610    0.23758235    0.23136721    0.25708948    0.22844231    0.26565696    0.22476091    0.16038503    0.16016471    0.16303000    0.16522850    0.17841453    0.15733597    0.15513707    0.16766284    0.15295761    0.15535175    0.00000000    0.15035421
T0             0.14429225    0.27432503    0.25830851    0.24625656    0.21742710    0.24390616    0.19614737    0.19820226    0.22553457    0.19228364    0.23906112    0.20266480    0.12476594    0.12955969    0.13218594    0.13438596    0.14683519    0.13438596    0.12504613    0.14243617    0.12535794    0.12057843    0.15035421    0.00000000

