24
T6             0.00000000    0.50816656    0.50712939    0.48353395    0.47691909    0.19601673    0.24672245    0.27993456    0.21370230    0.21937280    0.21937280    0.20900969    0.20900969    0.19050266    0.19554450    0.19830911    0.20317579    0.22161361    0.14693398    0.17634385    0.17313550    0.17608414    0.17634385    0.18153821
T12            0.50816656    0.00000000    0.01822293    0.10349594    0.09643443    0.50179235    0.54261017    0.57041486    0.49307037    0.49307037    0.49307037    0.48313278    0.47405847    0.47993519    0.48250722    0.48250722    0.49078387    0.53473896    0.45988932    0.55570249    0.56904643    0.56501871    0.56637971    0.57041486
T10            0.50712939    0.01822293    0.00000000    0.10103236    0.09402054    0.50074493    0.53622733    0.56367940    0.48753941    0.49211785    0.49211785    0.48217248    0.47313938    0.47891251    0.48149799    0.48149799    0.48974896    0.53367239    0.45472526    0.55439850    0.56769993    0.56367940    0.56501871    0.56904643
T13            0.48353395    0.10349594    0.10103236    0.00000000    0.01007285    0.48250722    0.52732942    0.55968033    0.45639071    0.46074931    0.46074931    0.44255885    0.43409988    0.46371406    0.46626004    0.46626004    0.47433350    0.54194830    0.45029508    0.53485308    0.53746438    0.53360214    0.53485308    0.53872159
T3             0.47691909    0.09643443    0.09402054    0.01007285    0.00000000    0.46883240    0.51250305    0.54399976    0.45206987    0.45639071    0.45639071    0.43831143    0.42992360    0.45228073    0.45480108    0.45480108    0.46274059    0.53693254    0.44599273    0.52975972    0.52732942    0.52351829    0.52471785    0.52853472
T19            0.19601673    0.50179235    0.50074493    0.48250722    0.46883240    0.00000000    0.09462340    0.12068553    0.17643879    0.18444424    0.18444424    0.17185326    0.17185326    0.15878963    0.16365748    0.16625641    0.17102413    0.25754043    0.19510889    0.21581078    0.21810287    0.22715380    0.22748476    0.23307721
T20            0.24672245    0.54261017    0.53622733    0.52732942    0.51250305    0.09462340    0.00000000    0.05238217    0.23383773    0.23621731    0.23621731    0.23148068    0.22564417    0.21183696    0.21701552    0.21987518    0.21913619    0.28879450    0.24004939    0.28597410    0.28836426    0.29867692    0.29915110    0.30537570
T11            0.27993456    0.57041486    0.56367940    0.55968033    0.54399976    0.12068553    0.05238217    0.00000000    0.26301143    0.27164349    0.27164349    0.26372039    0.26372039    0.24906813    0.24841177    0.25447894    0.26267285    0.32439572    0.27274696    0.31456696    0.31699162    0.32788563    0.32843055    0.33493960
T7             0.21370230    0.49307037    0.48753941    0.45639071    0.45206987    0.17643879    0.23383773    0.26301143    0.00000000    0.06067333    0.06067333    0.05213540    0.05213540    0.15824456    0.15802384    0.16312848    0.16794156    0.26114003    0.19133430    0.21937280    0.23038098    0.23355917    0.23383773    0.23944723
T14            0.21937280    0.49307037    0.49211785    0.46074931    0.45639071    0.18444424    0.23621731    0.27164349    0.06067333    0.00000000    0.00401207    0.05433372    0.05213540    0.16337553    0.15802384    0.16056963    0.16537618    0.26724393    0.19133430    0.21937280    0.23038098    0.22773982    0.22800131    0.23355917
T9             0.21937280    0.49307037    0.49211785    0.46074931    0.45639071    0.18444424    0.23621731    0.27164349    0.06067333    0.00401207    0.00000000    0.05433372    0.05213540    0.16337553    0.15802384    0.16056963    0.16537618    0.26724393    0.19133430    0.22223241    0.23329061    0.23064100    0.23091098    0.23649451
T8             0.20900969    0.48313278    0.48217248    0.44255885    0.43831143    0.17185326    0.23148068    0.26372039    0.05213540    0.05433372    0.05433372    0.00000000    0.01010163    0.15878963    0.14583464    0.15339513    0.15812986    0.25321654    0.18659631    0.21754005    0.22855388    0.22592666    0.22621889    0.23178034
T21            0.20900969    0.47405847    0.47313938    0.43409988    0.42992360    0.17185326    0.22564417    0.26372039    0.05213540    0.05213540    0.05213540    0.01010163    0.00000000    0.15878963    0.15086221    0.15339513    0.15812986    0.25624080    0.18659631    0.21754005    0.22855388    0.22592666    0.22621889    0.23178034
T15            0.19050266    0.47993519    0.47891251    0.46371406    0.45228073    0.15878963    0.21183696    0.24906813    0.15824456    0.16337553    0.16337553    0.15878963    0.15878963    0.00000000    0.02450789    0.02660458    0.03069858    0.22652084    0.16641721    0.20780345    0.20723123    0.21036435    0.21066329    0.21611701
T23            0.19554450    0.48250722    0.48149799    0.46626004    0.45480108    0.16365748    0.21701552    0.24841177    0.15802384    0.15802384    0.15802384    0.14583464    0.15086221    0.02450789    0.00000000    0.01007285    0.01822293    0.22592666    0.17132941    0.21293450    0.21236688    0.21551398    0.21581078    0.22129993
T1             0.19830911    0.48250722    0.48149799    0.46626004    0.45480108    0.16625641    0.21987518    0.25447894    0.16312848    0.16056963    0.16056963    0.15339513    0.15339513    0.02660458    0.01007285    0.00000000    0.02028065    0.22302538    0.17396263    0.21581078    0.21522663    0.21839856    0.21870376    0.22421827
T5             0.20317579    0.49078387    0.48974896    0.47433350    0.46274059    0.17102413    0.21913619    0.26267285    0.16794156    0.16537618    0.16537618    0.15812986    0.15812986    0.03069858    0.01822293    0.02028065    0.00000000    0.23091098    0.17379862    0.21551398    0.21494874    0.21810287    0.21839856    0.22390560
T16            0.22161361    0.53473896    0.53367239    0.54194830    0.53693254    0.25754043    0.28879450    0.32439572    0.26114003    0.26724393    0.26724393    0.25321654    0.25624080    0.22652084    0.22592666    0.22302538    0.23091098    0.00000000    0.11078784    0.19988172    0.20495993    0.20810343    0.20841261    0.21385618
T0             0.14693398    0.45988932    0.45472526    0.45029508    0.44599273    0.19510889    0.24004939    0.27274696    0.19133430    0.19133430    0.19133430    0.18659631    0.18659631    0.16641721    0.17132941    0.17396263    0.17379862    0.11078784    0.00000000    0.13244257    0.13713280    0.13982437    0.14000368    0.14491650
T18            0.17634385    0.55570249    0.55439850    0.53485308    0.52975972    0.21581078    0.28597410    0.31456696    0.21937280    0.21937280    0.22223241    0.21754005    0.21754005    0.20780345    0.21293450    0.21581078    0.21551398    0.19988172    0.13244257    0.00000000    0.02241998    0.03716028    0.03521467    0.03729081
T2             0.17313550    0.56904643    0.56769993    0.53746438    0.52732942    0.21810287    0.28836426    0.31699162    0.23038098    0.23038098    0.23329061    0.22855388    0.22855388    0.20723123    0.21236688    0.21522663    0.21494874    0.20495993    0.13713280    0.02241998    0.00000000    0.02234689    0.02034078    0.02238932
T22            0.17608414    0.56501871    0.56367940    0.53360214    0.52351829    0.22715380    0.29867692    0.32788563    0.23355917    0.22773982    0.23064100    0.22592666    0.22592666    0.21036435    0.21551398    0.21839856    0.21810287    0.20810343    0.13982437    0.03716028    0.02234689    0.00000000    0.01006768    0.01209713
T17            0.17634385    0.56637971    0.56501871    0.53485308    0.52471785    0.22748476    0.29915110    0.32843055    0.23383773    0.22800131    0.23091098    0.22621889    0.22621889    0.21066329    0.21581078    0.21870376    0.21839856    0.20841261    0.14000368    0.03521467    0.02034078    0.01006768    0.00000000    0.00602722
T4             0.18153821    0.57041486    0.56904643    0.53872159    0.52853472    0.23307721    0.30537570    0.33493960    0.23944723    0.23355917    0.23649451    0.23178034    0.23178034    0.21611701    0.22129993    0.22421827    0.22390560    0.21385618    0.14491650    0.03729081    0.02238932    0.01209713    0.00602722    0.00000000

