24
T13            0.00000000    0.39439501    0.21537882    0.23227028    0.39341608    0.38641263    0.34800074    0.37948002    0.28822933    0.27339575    0.28302096    0.28583298    0.25197645    0.22439463    0.25073461    0.25035413    0.24624271    0.23892110    0.15733038    0.15213820    0.17769769    0.14243149    0.19085320    0.20146457
T4             0.39439501    0.00000000    0.26014412    0.27658342    0.48724995    0.47922198    0.45990802    0.47997312    0.40549805    0.39439501    0.39698783    0.40287537    0.39635579    0.37776676    0.40362612    0.39505546    0.38795859    0.36113429    0.38157817    0.36904603    0.40878299    0.37461171    0.39966255    0.39439501
T3             0.21537882    0.26014412    0.00000000    0.04751493    0.34146154    0.33498349    0.31924092    0.33197034    0.22086077    0.21251314    0.22057089    0.22843116    0.20329293    0.18834625    0.20454214    0.20709839    0.20352390    0.19867150    0.20510750    0.19892414    0.21768869    0.19692837    0.22871731    0.23992260
T6             0.23227028    0.27658342    0.04751493    0.00000000    0.36371566    0.35698729    0.34776903    0.36113429    0.24559337    0.23695440    0.24356018    0.25163828    0.22843116    0.21309038    0.22996118    0.23259510    0.22346994    0.22086077    0.22701018    0.21251314    0.23756958    0.21339326    0.24356018    0.25503628
T20            0.39341608    0.48724995    0.34146154    0.36371566    0.00000000    0.01006783    0.05627585    0.06277526    0.32110033    0.30828858    0.34188811    0.35107670    0.28320084    0.26354230    0.28774468    0.28743371    0.29029029    0.26992709    0.35242883    0.34726432    0.36684121    0.33371210    0.34537683    0.35151398
T1             0.38641263    0.47922198    0.33498349    0.35698729    0.01006783    0.00000000    0.04978080    0.05622323    0.31482871    0.30213669    0.33539883    0.34451224    0.27728117    0.25776595    0.28175496    0.28145255    0.28428777    0.26408719    0.34582896    0.34069073    0.36371566    0.32727353    0.33885121    0.34493792
T12            0.34800074    0.45990802    0.31924092    0.34776903    0.05627585    0.04978080    0.00000000    0.01827150    0.29955152    0.28713442    0.32557643    0.33458110    0.25981430    0.24071585    0.26408719    0.26380922    0.26354230    0.24389473    0.32981679    0.32385633    0.33929164    0.30420915    0.32557643    0.33156692
T14            0.37948002    0.47997312    0.33197034    0.36113429    0.06277526    0.05622323    0.01827150    0.00000000    0.31517489    0.30245191    0.34188811    0.35107670    0.27445974    0.25502190    0.27271900    0.27243468    0.27833620    0.25829551    0.34372533    0.34472216    0.36060353    0.32430008    0.34629426    0.34983303
T18            0.28822933    0.40549805    0.22086077    0.24559337    0.32110033    0.31482871    0.29955152    0.31517489    0.00000000    0.01006783    0.11015667    0.11467095    0.13910005    0.11515180    0.13203559    0.12942398    0.13673717    0.12942398    0.25197645    0.25503628    0.29149014    0.24088770    0.27539651    0.28419166
T7             0.27339575    0.39439501    0.21251314    0.23695440    0.30828858    0.30213669    0.28713442    0.30245191    0.01006783    0.00000000    0.10332225    0.10778425    0.12708946    0.10352649    0.12013304    0.11757065    0.12476283    0.11976159    0.23789235    0.24088770    0.27658342    0.22701018    0.26633985    0.27502292
T9             0.28302096    0.39698783    0.22057089    0.24356018    0.34188811    0.33539883    0.32557643    0.34188811    0.11015667    0.10332225    0.00000000    0.01006783    0.16811388    0.13831691    0.15340815    0.15056576    0.15513134    0.15195567    0.24998395    0.25305351    0.29615247    0.24804600    0.27979174    0.28217677
T0             0.28583298    0.40287537    0.22843116    0.25163828    0.35107670    0.34451224    0.33458110    0.35107670    0.11467095    0.10778425    0.01006783    0.00000000    0.17277208    0.14281710    0.15796954    0.15513134    0.15974384    0.15659640    0.25811513    0.26121322    0.30475226    0.25614221    0.29149014    0.29390985
T21            0.25197645    0.39635579    0.20329293    0.22843116    0.28320084    0.27728117    0.25981430    0.27445974    0.13910005    0.12708946    0.16811388    0.17277208    0.00000000    0.07179208    0.08996472    0.08753249    0.09421649    0.09165437    0.24122972    0.23822521    0.26197912    0.22733695    0.25435148    0.26910260
T23            0.22439463    0.37776676    0.18834625    0.21309038    0.26354230    0.25776595    0.24071585    0.25502190    0.11515180    0.10352649    0.13831691    0.14281710    0.07179208    0.00000000    0.02660782    0.02447504    0.04334929    0.06939334    0.20540416    0.20256276    0.22439463    0.18662554    0.21223883    0.22029075
T19            0.25073461    0.40362612    0.20454214    0.22996118    0.28774468    0.28175496    0.26408719    0.27271900    0.13203559    0.12013304    0.15340815    0.15796954    0.08996472    0.02660782    0.00000000    0.01414162    0.05408625    0.08975323    0.22505976    0.21919218    0.25073461    0.20857624    0.23789235    0.24624271
T15            0.25035413    0.39505546    0.20709839    0.23259510    0.28743371    0.28145255    0.26380922    0.27243468    0.12942398    0.11757065    0.15056576    0.15513134    0.08753249    0.02447504    0.01414162    0.00000000    0.06062179    0.08734659    0.22472234    0.21887223    0.25035413    0.21113631    0.23756958    0.24591288
T8             0.24624271    0.38795859    0.20352390    0.22346994    0.29029029    0.28428777    0.26354230    0.27833620    0.13673717    0.12476283    0.15513134    0.15974384    0.09421649    0.04334929    0.05408625    0.06062179    0.00000000    0.09172490    0.23029684    0.22669320    0.25848298    0.21887223    0.25468862    0.26323230
T11            0.23892110    0.36113429    0.19867150    0.22086077    0.26992709    0.26408719    0.24389473    0.25829551    0.12942398    0.11976159    0.15195567    0.15659640    0.09165437    0.06939334    0.08975323    0.08734659    0.09172490    0.00000000    0.22407664    0.21826116    0.24962408    0.21628424    0.24425256    0.25268408
T22            0.15733038    0.38157817    0.20510750    0.22701018    0.35242883    0.34582896    0.32981679    0.34372533    0.25197645    0.23789235    0.24998395    0.25811513    0.24122972    0.20540416    0.22505976    0.22472234    0.23029684    0.22407664    0.00000000    0.03489274    0.07414985    0.08345629    0.13790952    0.14007067
T2             0.15213820    0.36904603    0.19892414    0.21251314    0.34726432    0.34069073    0.32385633    0.34472216    0.25503628    0.24088770    0.25305351    0.26121322    0.23822521    0.20256276    0.21919218    0.21887223    0.22669320    0.21826116    0.03489274    0.00000000    0.06754745    0.07676777    0.12819551    0.13033825
T5             0.17769769    0.40878299    0.21768869    0.23756958    0.36684121    0.36371566    0.33929164    0.36060353    0.29149014    0.27658342    0.29615247    0.30475226    0.26197912    0.22439463    0.25073461    0.25035413    0.25848298    0.24962408    0.07414985    0.06754745    0.00000000    0.08553751    0.13249975    0.13971450
T16            0.14243149    0.37461171    0.19692837    0.21339326    0.33371210    0.32727353    0.30420915    0.32430008    0.24088770    0.22701018    0.24804600    0.25614221    0.22733695    0.18662554    0.20857624    0.21113631    0.21887223    0.21628424    0.08345629    0.07676777    0.08553751    0.00000000    0.09938902    0.10388961
T10            0.19085320    0.39966255    0.22871731    0.24356018    0.34537683    0.33885121    0.32557643    0.34629426    0.27539651    0.26633985    0.27979174    0.29149014    0.25435148    0.21223883    0.23789235    0.23756958    0.25468862    0.24425256    0.13790952    0.12819551    0.13249975    0.09938902    0.00000000    0.02034247
T17            0.20146457    0.39439501    0.23992260    0.25503628    0.35151398    0.34493792    0.33156692    0.34983303    0.28419166    0.27502292    0.28217677    0.29390985    0.26910260    0.22029075    0.24624271    0.24591288    0.26323230    0.25268408    0.14007067    0.13033825    0.13971450    0.10388961    0.02034247    0.00000000

