24
T15            0.00000000    0.29675085    0.33164208    0.32132027    0.32272568    0.33813993    0.34933753    0.33764797    0.34230818    0.30419388    0.30709971    0.31333111    0.29841745    0.35132332    0.36221090    0.37589698    0.33513100    0.27362749    0.27610975    0.26632713    0.30380467    0.30380467    0.32272568    0.35597100
T19            0.29675085    0.00000000    0.11539673    0.10817541    0.11614907    0.11769407    0.11999910    0.11999910    0.13909722    0.08935247    0.09159039    0.09614728    0.08261889    0.15252394    0.15252394    0.17054828    0.12984233    0.23757468    0.23757468    0.22935308    0.26160642    0.26160642    0.27052090    0.33927218
T23            0.33164208    0.11539673    0.00000000    0.03694965    0.11598327    0.11297792    0.12257929    0.10829277    0.14175512    0.09870775    0.10332076    0.10559128    0.09890428    0.17569134    0.18884613    0.19664877    0.14699622    0.25704529    0.26002991    0.25254179    0.30497990    0.30497990    0.31206383    0.35387873
T11            0.32132027    0.10817541    0.03694965    0.00000000    0.10869051    0.11057085    0.11769407    0.10590305    0.13424293    0.08956995    0.09412428    0.09636882    0.08975192    0.17031677    0.17791949    0.18560089    0.14413060    0.23698298    0.24819777    0.23244779    0.29516852    0.29516852    0.30208763    0.34230818
T21            0.32272568    0.11614907    0.11598327    0.10869051    0.00000000    0.09901380    0.10841775    0.09890428    0.11745081    0.09901380    0.10363820    0.10590305    0.09688812    0.17645617    0.17865436    0.19189029    0.15232488    0.25828562    0.26436551    0.26190748    0.30208763    0.30208763    0.31498939    0.35080619
T1             0.33813993    0.11769407    0.11297792    0.11057085    0.09901380    0.00000000    0.01210053    0.02442309    0.05627536    0.10352480    0.10817541    0.11045532    0.09925521    0.18087232    0.18584187    0.19360856    0.15418104    0.26076871    0.25775666    0.26935627    0.30055946    0.30055946    0.30345570    0.37158726
T9             0.34933753    0.11999910    0.12257929    0.11769407    0.10841775    0.01210053    0.00000000    0.03277758    0.06505906    0.11297792    0.11769407    0.11999910    0.10869051    0.18884613    0.19386363    0.20171781    0.15954486    0.26963066    0.26353256    0.27580471    0.31001740    0.31001740    0.31294706    0.37966367
T16            0.33764797    0.11999910    0.10829277    0.10590305    0.09890428    0.02442309    0.03277758    0.00000000    0.05622280    0.10341898    0.10806571    0.11034751    0.09913078    0.18386404    0.19161584    0.19944964    0.15659262    0.25452379    0.25750856    0.26909311    0.30345570    0.30345570    0.30381880    0.38108598
T2             0.34230818    0.13909722    0.14175512    0.13424293    0.11745081    0.05627536    0.06505906    0.05622280    0.00000000    0.11965165    0.12440054    0.12673289    0.11526939    0.20426605    0.21508799    0.22317263    0.18203311    0.27444999    0.27751747    0.28629628    0.31481420    0.31481420    0.31777204    0.39451962
T4             0.30419388    0.08935247    0.09870775    0.08956995    0.09901380    0.10352480    0.11297792    0.10341898    0.11965165    0.00000000    0.00401108    0.00602420    0.03270641    0.15694230    0.16440008    0.17726397    0.13152755    0.23648670    0.24477597    0.23111177    0.26605359    0.26605359    0.27804439    0.32478752
T6             0.30709971    0.09159039    0.10332076    0.09412428    0.10363820    0.10817541    0.11769407    0.10806571    0.12440054    0.00401108    0.00000000    0.01006783    0.03689890    0.16196824    0.16947744    0.18243703    0.13635459    0.24205377    0.25040608    0.23664146    0.26581107    0.26581107    0.28398724    0.33115955
T0             0.31333111    0.09614728    0.10559128    0.09636882    0.10590305    0.11045532    0.11999910    0.11034751    0.12673289    0.00602420    0.01006783    0.00000000    0.03900109    0.16440008    0.17193337    0.18493202    0.13872327    0.24477597    0.25057037    0.23648670    0.27469809    0.27469809    0.28683547    0.32741301
T5             0.29841745    0.08261889    0.09890428    0.08975192    0.09688812    0.09925521    0.10869051    0.09913078    0.11526939    0.03270641    0.03689890    0.03900109    0.00000000    0.14955853    0.15954486    0.17233247    0.12684288    0.23648670    0.23934230    0.23716966    0.26051141    0.26051141    0.27242408    0.31551819
T7             0.35132332    0.15252394    0.17569134    0.17031677    0.17645617    0.18087232    0.18884613    0.18386404    0.20426605    0.15694230    0.16196824    0.16440008    0.14955853    0.00000000    0.03497651    0.04777544    0.10657438    0.30859903    0.31186865    0.31001740    0.32638188    0.32638188    0.33624893    0.40085654
T12            0.36221090    0.15252394    0.18884613    0.17791949    0.17865436    0.18584187    0.19386363    0.19161584    0.21508799    0.16440008    0.16947744    0.17193337    0.15954486    0.03497651    0.00000000    0.02451041    0.10899349    0.32854826    0.32516714    0.31333111    0.34724246    0.34724246    0.36111003    0.42082863
T13            0.37589698    0.17054828    0.19664877    0.18560089    0.19189029    0.19360856    0.20171781    0.19944964    0.22317263    0.17726397    0.18243703    0.18493202    0.17233247    0.04777544    0.02451041    0.00000000    0.12587688    0.33115955    0.32777863    0.31588880    0.34981154    0.34981154    0.36369180    0.43166705
T22            0.33513100    0.12984233    0.14699622    0.14413060    0.15232488    0.15418104    0.15954486    0.15659262    0.18203311    0.13152755    0.13635459    0.13872327    0.12684288    0.10657438    0.10899349    0.12587688    0.00000000    0.29285054    0.29922194    0.29480208    0.32681199    0.32681199    0.34019095    0.38986409
T20            0.27362749    0.23757468    0.25704529    0.23698298    0.25828562    0.26076871    0.26963066    0.25452379    0.27444999    0.23648670    0.24205377    0.24477597    0.23648670    0.30859903    0.32854826    0.33115955    0.29285054    0.00000000    0.02233599    0.10138079    0.19440111    0.19440111    0.21051045    0.30636377
T17            0.27610975    0.23757468    0.26002991    0.24819777    0.26436551    0.25775666    0.26353256    0.25750856    0.27751747    0.24477597    0.25040608    0.25057037    0.23934230    0.31186865    0.32516714    0.32777863    0.29922194    0.02233599    0.00000000    0.10806571    0.20226642    0.20226642    0.21855281    0.31551819
T18            0.26632713    0.22935308    0.25254179    0.23244779    0.26190748    0.26935627    0.27580471    0.26909311    0.28629628    0.23111177    0.23664146    0.23648670    0.23716966    0.31001740    0.31333111    0.31588880    0.29480208    0.10138079    0.10806571    0.00000000    0.19276759    0.19276759    0.20315872    0.31455656
T8             0.30380467    0.26160642    0.30497990    0.29516852    0.30208763    0.30055946    0.31001740    0.30345570    0.31481420    0.26605359    0.26581107    0.27469809    0.26051141    0.32638188    0.34724246    0.34981154    0.32681199    0.19440111    0.20226642    0.19276759    0.00000000    0.00401622    0.04545851    0.35132332
T3             0.30380467    0.26160642    0.30497990    0.29516852    0.30208763    0.30055946    0.31001740    0.30345570    0.31481420    0.26605359    0.26581107    0.27469809    0.26051141    0.32638188    0.34724246    0.34981154    0.32681199    0.19440111    0.20226642    0.19276759    0.00401622    0.00000000    0.04545851    0.34419555
T14            0.32272568    0.27052090    0.31206383    0.30208763    0.31498939    0.30345570    0.31294706    0.30381880    0.31777204    0.27804439    0.28398724    0.28683547    0.27242408    0.33624893    0.36111003    0.36369180    0.34019095    0.21051045    0.21855281    0.20315872    0.04545851    0.04545851    0.00000000    0.35439573
T10            0.35597100    0.33927218    0.35387873    0.34230818    0.35080619    0.37158726    0.37966367    0.38108598    0.39451962    0.32478752    0.33115955    0.32741301    0.31551819    0.40085654    0.42082863    0.43166705    0.38986409    0.30636377    0.31551819    0.31455656    0.35132332    0.34419555    0.35439573    0.00000000

