24
T9             0.00000000    0.37710115    0.39779667    0.41937814    0.41416636    0.38791830    0.40084684    0.42752904    0.40150816    0.38345029    0.36647021    0.36959618    0.43090793    0.38924796    0.36395493    0.37902420    0.30047372    0.29347529    0.27222218    0.25467337    0.27500539    0.25162359    0.24727820    0.25537833
T20            0.37710115    0.00000000    0.05640084    0.08496755    0.06729272    0.04545841    0.05391601    0.13203197    0.17373731    0.13752954    0.11999838    0.11745017    0.16178259    0.12272397    0.10126507    0.10126507    0.29717036    0.29193633    0.27222218    0.26393694    0.29104317    0.27021023    0.26509819    0.26706367
T14            0.39779667    0.05640084    0.00000000    0.11034694    0.09676887    0.06939241    0.08256208    0.15935759    0.20888758    0.16787379    0.14682615    0.14412959    0.18764648    0.14717229    0.12984144    0.13483723    0.31732894    0.30580829    0.27378362    0.26550657    0.29612861    0.27506894    0.27321192    0.26550657
T19            0.41937814    0.08496755    0.11034694    0.00000000    0.05627521    0.06082896    0.07381858    0.17726236    0.23291594    0.19336062    0.16439870    0.16160691    0.20584772    0.16478985    0.14666553    0.15177666    0.33115605    0.31883763    0.31250373    0.30379923    0.33263292    0.31051794    0.31440500    0.30959055
T7             0.41416636    0.06729272    0.09676887    0.05627521    0.00000000    0.04589281    0.05640084    0.15954351    0.22019560    0.18112282    0.14699508    0.14428365    0.19015779    0.15252259    0.12999767    0.13500618    0.31683579    0.29803571    0.29760641    0.28907222    0.31732894    0.29565781    0.29710437    0.29898370
T8             0.38791830    0.04545841    0.06939241    0.06082896    0.04589281    0.00000000    0.03701651    0.14699508    0.18661634    0.15491944    0.13217849    0.12955293    0.17174560    0.13249560    0.11069341    0.11553109    0.30425770    0.28588996    0.27894949    0.27060672    0.29805400    0.27698100    0.26867358    0.27378362
T5             0.40084684    0.05391601    0.08256208    0.07381858    0.05640084    0.03701651    0.00000000    0.15885119    0.19944731    0.16196688    0.14384642    0.14121361    0.18434320    0.14412959    0.11723837    0.12696018    0.31836562    0.30310008    0.28624795    0.27779949    0.30538565    0.28417272    0.27894949    0.27779949
T13            0.42752904    0.13203197    0.15935759    0.17726236    0.15954351    0.14699508    0.15885119    0.00000000    0.22345826    0.18743420    0.16928800    0.16648594    0.21381871    0.17500341    0.15954351    0.16521536    0.34066325    0.31811149    0.30828882    0.30871079    0.33764156    0.31542872    0.31004830    0.31542872
T12            0.40150816    0.17373731    0.20888758    0.23291594    0.22019560    0.18661634    0.19944731    0.22345826    0.00000000    0.04983193    0.15453281    0.15177666    0.19638366    0.14974125    0.13988387    0.14755148    0.35910438    0.34230202    0.32817143    0.31588566    0.34165920    0.32271954    0.31732894    0.32964893
T22            0.38345029    0.13752954    0.16787379    0.19336062    0.18112282    0.15491944    0.16196688    0.18743420    0.04983193    0.00000000    0.11034694    0.10786887    0.15435211    0.11057023    0.09655371    0.10363764    0.32473113    0.31257041    0.28342067    0.27743840    0.29920206    0.28379105    0.28496987    0.29347529
T4             0.36647021    0.11999838    0.14682615    0.16439870    0.14699508    0.13217849    0.14384642    0.16928800    0.15453281    0.11034694    0.00000000    0.00804342    0.10105729    0.06737026    0.04973543    0.05201191    0.30580829    0.28772825    0.26190402    0.24766985    0.27083614    0.25673509    0.25162359    0.25433666
T18            0.36959618    0.11745017    0.14412959    0.16160691    0.14428365    0.12955293    0.14121361    0.16648594    0.15177666    0.10786887    0.00804342    0.00000000    0.10332027    0.06729272    0.04969734    0.05195546    0.30538565    0.28741770    0.26160303    0.24738325    0.27674975    0.25642071    0.25129630    0.25401049
T21            0.43090793    0.16178259    0.18764648    0.20584772    0.19015779    0.17174560    0.18434320    0.21381871    0.19638366    0.15435211    0.10105729    0.10332027    0.00000000    0.11539604    0.09404049    0.10126507    0.35079924    0.32372005    0.29986236    0.29444299    0.31257041    0.29767045    0.29230372    0.30418908
T17            0.38924796    0.12272397    0.14717229    0.16478985    0.15252259    0.13249560    0.14412959    0.17500341    0.14974125    0.11057023    0.06737026    0.06729272    0.11539604    0.00000000    0.04983193    0.05214505    0.31888049    0.30538565    0.28135839    0.26982457    0.29062895    0.27298107    0.27420121    0.27298107
T15            0.36395493    0.10126507    0.12984144    0.14666553    0.12999767    0.11069341    0.11723837    0.15954351    0.13988387    0.09655371    0.04973543    0.04969734    0.09404049    0.04983193    0.00000000    0.03489249    0.30185009    0.28024447    0.24859244    0.24423736    0.26982457    0.24960864    0.24691796    0.24656797
T3             0.37902420    0.10126507    0.13483723    0.15177666    0.13500618    0.11553109    0.12696018    0.16521536    0.14755148    0.10363764    0.05201191    0.05195546    0.10126507    0.05214505    0.03489249    0.00000000    0.31099944    0.29230372    0.26632320    0.25502060    0.28175209    0.26119638    0.25612516    0.25502060
T10            0.30047372    0.29717036    0.31732894    0.33115605    0.31683579    0.30425770    0.31836562    0.34066325    0.35910438    0.32473113    0.30580829    0.30538565    0.35079924    0.31888049    0.30185009    0.31099944    0.00000000    0.12888103    0.17619251    0.16616789    0.18667673    0.16877683    0.17458996    0.17974121
T16            0.29347529    0.29193633    0.30580829    0.31883763    0.29803571    0.28588996    0.30310008    0.31811149    0.34230202    0.31257041    0.28772825    0.28741770    0.32372005    0.30538565    0.28024447    0.29230372    0.12888103    0.00000000    0.16588515    0.15344623    0.16834543    0.15599488    0.15869961    0.16632252
T0             0.27222218    0.27222218    0.27378362    0.31250373    0.29760641    0.27894949    0.28624795    0.30828882    0.32817143    0.28342067    0.26190402    0.26160303    0.29986236    0.28135839    0.24859244    0.26632320    0.17619251    0.16588515    0.00000000    0.03486032    0.05403799    0.03697976    0.08521892    0.08743428
T1             0.25467337    0.26393694    0.26550657    0.30379923    0.28907222    0.27060672    0.27779949    0.30871079    0.31588566    0.27743840    0.24766985    0.24738325    0.29444299    0.26982457    0.24423736    0.25502060    0.16616789    0.15344623    0.03486032    0.00000000    0.02646424    0.01006881    0.06939241    0.07156963
T23            0.27500539    0.29104317    0.29612861    0.33263292    0.31732894    0.29805400    0.30538565    0.33764156    0.34165920    0.29920206    0.27083614    0.27674975    0.31257041    0.29062895    0.26982457    0.28175209    0.18667673    0.16834543    0.05403799    0.02646424    0.00000000    0.02029535    0.08726322    0.08948968
T2             0.25162359    0.27021023    0.27506894    0.31051794    0.29565781    0.27698100    0.28417272    0.31542872    0.32271954    0.28379105    0.25673509    0.25642071    0.29767045    0.27298107    0.24960864    0.26119638    0.16877683    0.15599488    0.03697976    0.01006881    0.02029535    0.00000000    0.07163631    0.07381858
T6             0.24727820    0.26509819    0.27321192    0.31440500    0.29710437    0.26867358    0.27894949    0.31004830    0.31732894    0.28496987    0.25162359    0.25129630    0.29230372    0.27420121    0.24691796    0.25612516    0.17458996    0.15869961    0.08521892    0.06939241    0.08726322    0.07163631    0.00000000    0.04771506
T11            0.25537833    0.26706367    0.26550657    0.30959055    0.29898370    0.27378362    0.27779949    0.31542872    0.32964893    0.29347529    0.25433666    0.25401049    0.30418908    0.27298107    0.24656797    0.25502060    0.17974121    0.16632252    0.08743428    0.07156963    0.08948968    0.07381858    0.04771506    0.00000000

