24
T21            0.00000000    0.18285793    0.15934551    0.23487197    0.20936589    0.18060895    0.17520708    0.17520708    0.21305334    0.25159065    0.26664949    0.20169379    0.20424189    0.30999359    0.30999359    0.31876644    0.33908889    0.31629774    0.31583030    0.23487211    0.27611477    0.27572092    0.25064350    0.26250488
T1             0.18285793    0.00000000    0.04751407    0.11756171    0.09172042    0.09452696    0.08984934    0.08984934    0.22207421    0.27851309    0.30420365    0.23191405    0.23519436    0.31537492    0.31537492    0.32764718    0.35330343    0.32171456    0.32467477    0.26681536    0.28211210    0.28816193    0.27113076    0.28267660
T0             0.15934551    0.04751407    0.00000000    0.09676403    0.07388796    0.07396667    0.07396667    0.07396667    0.19358665    0.23634204    0.26318028    0.19816726    0.20118414    0.28657599    0.28657599    0.29836911    0.31956542    0.28302304    0.29549859    0.23220291    0.25159065    0.25126446    0.23556079    0.24952810
T11            0.23487197    0.11756171    0.09676403    0.00000000    0.04560357    0.15271625    0.15012094    0.15012094    0.27373954    0.32611081    0.34317902    0.27218320    0.28211210    0.37207192    0.37207192    0.37897350    0.40541045    0.35793329    0.37094731    0.33231018    0.35155391    0.35461447    0.33506205    0.34767396
T18            0.20936589    0.09172042    0.07388796    0.04560357    0.00000000    0.12026189    0.12518256    0.12518256    0.25263177    0.30244605    0.32218129    0.25736136    0.26079289    0.35847483    0.35847483    0.35902972    0.39119258    0.35538985    0.35380513    0.29660863    0.31726873    0.32020413    0.30203598    0.31743823
T16            0.18060895    0.09452696    0.07396667    0.15271625    0.12026189    0.00000000    0.08125536    0.08125536    0.20598645    0.25570883    0.28058905    0.21624438    0.21947890    0.30286788    0.30286788    0.32171456    0.34717175    0.31245025    0.31876644    0.26493951    0.25534181    0.28015184    0.26318028    0.27776007
T3             0.17520708    0.08984934    0.07396667    0.15012094    0.12518256    0.08125536    0.00000000    0.00000000    0.21398651    0.26821147    0.29607402    0.22435267    0.22762847    0.30953738    0.30953738    0.32859148    0.35432012    0.31923353    0.31290605    0.25336002    0.28058905    0.29323046    0.27572092    0.29058332
T13            0.17520708    0.08984934    0.07396667    0.15012094    0.12518256    0.08125536    0.00000000    0.00000000    0.21398651    0.26821147    0.29607402    0.22435267    0.22762847    0.30953738    0.30953738    0.32859148    0.35432012    0.31923353    0.31290605    0.25336002    0.28058905    0.29323046    0.27572092    0.29058332
T10            0.21305334    0.22207421    0.19358665    0.27373954    0.25263177    0.20598645    0.21398651    0.21398651    0.00000000    0.13088623    0.14862741    0.08798430    0.09046672    0.30953738    0.30953738    0.31831151    0.34012487    0.30909306    0.31537492    0.25702683    0.28383721    0.29323046    0.27016898    0.28170857
T5             0.25159065    0.27851309    0.23634204    0.32611081    0.30244605    0.25570883    0.26821147    0.26821147    0.13088623    0.00000000    0.02656719    0.08300721    0.08541872    0.35594456    0.35594456    0.36157296    0.37726474    0.35902972    0.35484836    0.29799343    0.32315146    0.34127787    0.31971277    0.33556502
T9             0.26664949    0.30420365    0.26318028    0.34317902    0.32218129    0.28058905    0.29607402    0.29607402    0.14862741    0.02656719    0.00000000    0.09218264    0.09464707    0.38663608    0.38663608    0.38463036    0.40863846    0.38983540    0.38528485    0.31157461    0.34733362    0.36638888    0.34373286    0.36017944
T14            0.20169379    0.23191405    0.19816726    0.27218320    0.25736136    0.21624438    0.22435267    0.22435267    0.08798430    0.08300721    0.09218264    0.00000000    0.01414152    0.29956643    0.29956643    0.30492794    0.31956542    0.30244605    0.29875652    0.27182141    0.26389861    0.28902266    0.27255593    0.28093496
T4             0.20424189    0.23519436    0.20118414    0.28211210    0.26079289    0.21947890    0.22762847    0.22762847    0.09046672    0.08541872    0.09464707    0.01414152    0.00000000    0.29669831    0.29669831    0.30866064    0.31661389    0.30619143    0.30244605    0.27533805    0.27056420    0.29276098    0.27611477    0.28452191
T8             0.30999359    0.31537492    0.28657599    0.37207192    0.35847483    0.30286788    0.30953738    0.30953738    0.30953738    0.35594456    0.38663608    0.29956643    0.29669831    0.00000000    0.00000000    0.02866872    0.05408445    0.03485986    0.05201052    0.32377924    0.29230278    0.29018188    0.27080196    0.28234151
T15            0.30999359    0.31537492    0.28657599    0.37207192    0.35847483    0.30286788    0.30953738    0.30953738    0.30953738    0.35594456    0.38663608    0.29956643    0.29669831    0.00000000    0.00000000    0.02866872    0.05408445    0.03485986    0.05201052    0.32377924    0.29230278    0.29018188    0.27080196    0.28234151
T2             0.31876644    0.32764718    0.29836911    0.37897350    0.35902972    0.32171456    0.32859148    0.32859148    0.31831151    0.36157296    0.38463036    0.30492794    0.30866064    0.02866872    0.02866872    0.00000000    0.06051576    0.04328024    0.05841557    0.32931104    0.31094158    0.31200643    0.29189583    0.29727739
T6             0.33908889    0.35330343    0.31956542    0.40541045    0.39119258    0.34717175    0.35432012    0.35432012    0.34012487    0.37726474    0.40863846    0.31956542    0.31661389    0.05408445    0.05408445    0.06051576    0.00000000    0.06483766    0.07820205    0.35590089    0.33714954    0.32514111    0.30453050    0.31661389
T12            0.31629774    0.32171456    0.28302304    0.35793329    0.35538985    0.31245025    0.31923353    0.31923353    0.30909306    0.35902972    0.38983540    0.30244605    0.30619143    0.03485986    0.03485986    0.04328024    0.06483766    0.00000000    0.05403691    0.32335009    0.31193687    0.30953738    0.28941329    0.30125121
T20            0.31583030    0.32467477    0.29549859    0.37094731    0.35380513    0.31876644    0.31290605    0.31290605    0.31537492    0.35484836    0.38528485    0.29875652    0.30244605    0.05201052    0.05201052    0.05841557    0.07820205    0.05403691    0.00000000    0.32973869    0.31143332    0.30575843    0.28585117    0.29762952
T23            0.23487211    0.26681536    0.23220291    0.33231018    0.29660863    0.26493951    0.25336002    0.25336002    0.25702683    0.29799343    0.31157461    0.27182141    0.27533805    0.32377924    0.32377924    0.32931104    0.35590089    0.32335009    0.32973869    0.00000000    0.23487197    0.22867887    0.21972705    0.23341065
T7             0.27611477    0.28211210    0.25159065    0.35155391    0.31726873    0.25534181    0.28058905    0.28058905    0.28383721    0.32315146    0.34733362    0.26389861    0.27056420    0.29230278    0.29230278    0.31094158    0.33714954    0.31193687    0.31143332    0.23487197    0.00000000    0.16106497    0.15250953    0.16498369
T22            0.27572092    0.28816193    0.25126446    0.35461447    0.32020413    0.28015184    0.29323046    0.29323046    0.29323046    0.34127787    0.36638888    0.28902266    0.29276098    0.29018188    0.29018188    0.31200643    0.32514111    0.30953738    0.30575843    0.22867887    0.16106497    0.00000000    0.03502724    0.04560357
T19            0.25064350    0.27113076    0.23556079    0.33506205    0.30203598    0.26318028    0.27572092    0.27572092    0.27016898    0.31971277    0.34373286    0.27255593    0.27611477    0.27080196    0.27080196    0.29189583    0.30453050    0.28941329    0.28585117    0.21972705    0.15250953    0.03502724    0.00000000    0.02239064
T17            0.26250488    0.28267660    0.24952810    0.34767396    0.31743823    0.27776007    0.29058332    0.29058332    0.28170857    0.33556502    0.36017944    0.28093496    0.28452191    0.28234151    0.28234151    0.29727739    0.31661389    0.30125121    0.29762952    0.23341065    0.16498369    0.04560357    0.02239064    0.00000000

