24
T23            0.00000000    0.27458265    0.30283893    0.23850175    0.24418319    0.23850175    0.23159423    0.22341664    0.20117216    0.21401916    0.17154786    0.16630413    0.17684755    0.17666554    0.18740835    0.20303395    0.20604525    0.20070043    0.20397131    0.18284785    0.19635097    0.19081474    0.22080789    0.22424260
T16            0.27458265    0.00000000    0.03925051    0.16808055    0.17320638    0.16856979    0.17052032    0.17370784    0.29509618    0.30303419    0.29151683    0.28199545    0.29151683    0.29187087    0.29834258    0.30269696    0.31619103    0.30993999    0.30740702    0.30906288    0.33853604    0.33502582    0.35534823    0.32249880
T6             0.30283893    0.03925051    0.00000000    0.19213579    0.19745268    0.18714336    0.19185359    0.19523450    0.32078634    0.32629258    0.31447013    0.30374463    0.31032306    0.31740756    0.32078634    0.31839587    0.33227760    0.32587725    0.32331868    0.31490076    0.35173606    0.34814997    0.36265238    0.34664540
T10            0.23850175    0.16808055    0.19213579    0.00000000    0.01210045    0.09060852    0.10656256    0.10446385    0.27136173    0.27888129    0.24920611    0.24617674    0.25840672    0.24349472    0.25261106    0.25496476    0.25840672    0.25261106    0.26113638    0.27222631    0.29133961    0.28802719    0.30141152    0.28018280
T13            0.24418319    0.17320638    0.19745268    0.01210045    0.00000000    0.09519699    0.11125058    0.10914306    0.27733568    0.28489874    0.25496476    0.25190747    0.26425119    0.24920611    0.25840672    0.26626394    0.26976145    0.26387648    0.26387648    0.27822050    0.29751752    0.29417170    0.30769238    0.27983565
T9             0.23850175    0.16856979    0.18714336    0.09060852    0.09519699    0.00000000    0.10898095    0.11667574    0.25878295    0.26626394    0.24617674    0.24316574    0.25532087    0.24651494    0.24955365    0.23689718    0.24617674    0.24049275    0.24651494    0.23517670    0.26229447    0.25916965    0.28056186    0.29709305
T11            0.23159423    0.17052032    0.19185359    0.10656256    0.11125058    0.10898095    0.00000000    0.01415513    0.26077147    0.27458265    0.24822551    0.24522380    0.25734108    0.24854202    0.25157126    0.27423331    0.28410529    0.27810710    0.27253254    0.26778101    0.28573694    0.28250046    0.28899465    0.27605125
T14            0.22341664    0.17370784    0.19523450    0.10446385    0.10914306    0.11667574    0.01415513    0.00000000    0.25532087    0.26902609    0.24886890    0.24584880    0.25804098    0.24920611    0.25225408    0.27494302    0.28489874    0.27888129    0.27330972    0.26860372    0.28661973    0.28336187    0.28336187    0.26737822
T22            0.20117216    0.29509618    0.32078634    0.27136173    0.27733568    0.25878295    0.26077147    0.25532087    0.00000000    0.07861018    0.09937727    0.09700509    0.10176083    0.10190528    0.10190528    0.22141341    0.24262376    0.23693565    0.22273989    0.19523450    0.21881639    0.21881639    0.23221047    0.26737822
T5             0.21401916    0.30303419    0.32629258    0.27888129    0.28489874    0.26626394    0.27458265    0.26902609    0.07861018    0.00000000    0.11068379    0.10374971    0.10853962    0.11323233    0.11323233    0.23159423    0.24686338    0.24116284    0.22990001    0.20852202    0.24991147    0.24991147    0.26626394    0.30048780
T15            0.17154786    0.29151683    0.31447013    0.24920611    0.25496476    0.24617674    0.24822551    0.24886890    0.09937727    0.11068379    0.00000000    0.03907260    0.04334763    0.05403618    0.04969596    0.19562078    0.20705220    0.20168119    0.19382906    0.16762544    0.20093162    0.20093162    0.22024109    0.24951117
T0             0.16630413    0.28199545    0.30374463    0.24617674    0.25190747    0.24316574    0.24522380    0.24584880    0.09700509    0.10374971    0.03907260    0.00000000    0.02034191    0.04753999    0.05186133    0.19562078    0.20705220    0.20168119    0.19106091    0.16497527    0.20652984    0.20652984    0.22024109    0.25198312
T4             0.17684755    0.29151683    0.31032306    0.25840672    0.26425119    0.25532087    0.25734108    0.25804098    0.10176083    0.10853962    0.04334763    0.02034191    0.00000000    0.05622060    0.05622060    0.20397131    0.20989141    0.20449631    0.19941208    0.17028983    0.21219189    0.21219189    0.22603503    0.25198312
T21            0.17666554    0.29187087    0.31740756    0.24349472    0.24920611    0.24651494    0.24854202    0.24920611    0.10190528    0.11323233    0.05403618    0.04753999    0.05622060    0.00000000    0.03285130    0.18490467    0.20168119    0.19635097    0.18855561    0.16254824    0.20397131    0.20397131    0.21997227    0.25522567
T8             0.18740835    0.29834258    0.32078634    0.25261106    0.25840672    0.24955365    0.25157126    0.25225408    0.10190528    0.11323233    0.04969596    0.05186133    0.05622060    0.03285130    0.00000000    0.20422914    0.21591915    0.21046778    0.19688361    0.15730374    0.20678632    0.20678632    0.22574925    0.26126477
T2             0.20303395    0.30269696    0.31839587    0.25496476    0.26626394    0.23689718    0.27423331    0.27494302    0.22141341    0.23159423    0.19562078    0.19562078    0.20397131    0.18490467    0.20422914    0.00000000    0.02859904    0.02444532    0.06512784    0.11525890    0.24116284    0.24116284    0.25878295    0.29187087
T18            0.20604525    0.31619103    0.33227760    0.25840672    0.26976145    0.24617674    0.28410529    0.28489874    0.24262376    0.24686338    0.20705220    0.20705220    0.20989141    0.20168119    0.21591915    0.02859904    0.00000000    0.00401108    0.07424324    0.12517777    0.25065791    0.25065791    0.26860372    0.29872950
T17            0.20070043    0.30993999    0.32587725    0.25261106    0.26387648    0.24049275    0.27810710    0.27888129    0.23693565    0.24116284    0.20168119    0.20168119    0.20449631    0.19635097    0.21046778    0.02444532    0.00401108    0.00000000    0.06980079    0.12040416    0.24491219    0.24491219    0.26270156    0.29261365
T1             0.20397131    0.30740702    0.32331868    0.26113638    0.26387648    0.24651494    0.27253254    0.27330972    0.22273989    0.22990001    0.19382906    0.19106091    0.19941208    0.18855561    0.19688361    0.06512784    0.07424324    0.06980079    0.00000000    0.11095202    0.23585053    0.23585053    0.25335606    0.27737723
T12            0.18284785    0.30906288    0.31490076    0.27222631    0.27822050    0.23517670    0.26778101    0.26860372    0.19523450    0.20852202    0.16762544    0.16497527    0.17028983    0.16254824    0.15730374    0.11525890    0.12517777    0.12040416    0.11095202    0.00000000    0.20790611    0.20790611    0.22173064    0.26248450
T19            0.19635097    0.33853604    0.35173606    0.29133961    0.29751752    0.26229447    0.28573694    0.28661973    0.21881639    0.24991147    0.20093162    0.20652984    0.21219189    0.20397131    0.20678632    0.24116284    0.25065791    0.24491219    0.23585053    0.20790611    0.00000000    0.00401620    0.06945749    0.28655120
T7             0.19081474    0.33502582    0.34814997    0.28802719    0.29417170    0.25916965    0.28250046    0.28336187    0.21881639    0.24991147    0.20093162    0.20652984    0.21219189    0.20397131    0.20678632    0.24116284    0.25065791    0.24491219    0.23585053    0.20790611    0.00401620    0.00000000    0.06945749    0.28018280
T20            0.22080789    0.35534823    0.36265238    0.30141152    0.30769238    0.28056186    0.28899465    0.28336187    0.23221047    0.26626394    0.22024109    0.22024109    0.22603503    0.21997227    0.22574925    0.25878295    0.26860372    0.26270156    0.25335606    0.22173064    0.06945749    0.06945749    0.00000000    0.30450281
T3             0.22424260    0.32249880    0.34664540    0.28018280    0.27983565    0.29709305    0.27605125    0.26737822    0.26737822    0.30048780    0.24951117    0.25198312    0.25198312    0.25522567    0.26126477    0.29187087    0.29872950    0.29261365    0.27737723    0.26248450    0.28655120    0.28018280    0.30450281    0.00000000

