24
T22            0.00000000    0.26399070    0.26151870    0.35890562    0.34098504    0.34199843    0.35582156    0.35638680    0.42797226    0.17517984    0.18034618    0.15450057    0.15932473    0.19583374    0.22835009    0.22835009    0.22835009    0.11722387    0.13409341    0.14131438    0.12449430    0.11252490    0.11227962    0.12409784
T17            0.26399070    0.00000000    0.02653311    0.36456060    0.35473050    0.33446937    0.34807594    0.35219856    0.41508166    0.25938179    0.26212670    0.24192133    0.24433366    0.28650517    0.35677622    0.35677622    0.34963498    0.27632653    0.28827963    0.29080115    0.28897626    0.27665142    0.28134484    0.28026158
T2             0.26151870    0.02653311    0.00000000    0.35728863    0.34756307    0.32755102    0.34451785    0.34860178    0.41109637    0.26311936    0.26587149    0.24549736    0.24788624    0.29050662    0.35677622    0.35677622    0.34706319    0.26212670    0.28013983    0.28897626    0.28086551    0.26863428    0.27321375    0.27513912
T6             0.35890562    0.36456060    0.35728863    0.00000000    0.07641950    0.08100997    0.09018981    0.09741884    0.19490976    0.36559765    0.37248580    0.34837812    0.32849101    0.36625873    0.44984244    0.44984244    0.42460972    0.34706319    0.37252074    0.37397191    0.36145036    0.36567921    0.37137403    0.41245793
T3             0.34098504    0.35473050    0.34756307    0.07641950    0.00000000    0.05419734    0.06297094    0.06753865    0.15488452    0.33758605    0.34417803    0.32111848    0.31573766    0.33846548    0.41944555    0.41944555    0.39935263    0.32709964    0.35890562    0.35677622    0.34098504    0.33796499    0.35165969    0.36768419
T5             0.34199843    0.33446937    0.32755102    0.08100997    0.05419734    0.00000000    0.02239017    0.02660617    0.15269387    0.32459025    0.33105721    0.30843643    0.29990626    0.34306281    0.41131067    0.41131067    0.39153746    0.33495746    0.36004992    0.35781434    0.34199843    0.33897863    0.34451785    0.37252074
T1             0.35582156    0.34807594    0.34451785    0.09018981    0.06297094    0.02239017    0.00000000    0.01212541    0.16033222    0.34534399    0.35202818    0.32863630    0.31620298    0.36064192    0.41461304    0.41461304    0.39866875    0.34609535    0.37183816    0.36938302    0.35331543    0.35025691    0.36314773    0.38579721
T11            0.35638680    0.35219856    0.34860178    0.09741884    0.06753865    0.02660617    0.01212541    0.00000000    0.16055893    0.34594597    0.35264435    0.32919833    0.31668029    0.36124713    0.40729261    0.40729261    0.39153746    0.34555667    0.36745813    0.36511316    0.35275048    0.34969228    0.36625873    0.38899404
T4             0.42797226    0.41508166    0.41109637    0.19490976    0.15488452    0.15269387    0.16033222    0.16055893    0.00000000    0.41438721    0.42183228    0.42016781    0.41944555    0.45505551    0.49921605    0.49921605    0.47624998    0.44311695    0.46029887    0.45429819    0.44311695    0.44816919    0.46296294    0.48345133
T21            0.17517984    0.25938179    0.26311936    0.36559765    0.33758605    0.32459025    0.34534399    0.34594597    0.41438721    0.00000000    0.00401107    0.03285059    0.09900019    0.13515554    0.26498711    0.26498711    0.25564653    0.19607644    0.22107631    0.21761270    0.21014803    0.19632831    0.19011189    0.20346192
T9             0.18034618    0.26212670    0.26587149    0.37248580    0.34417803    0.33105721    0.35202818    0.35264435    0.42183228    0.00401107    0.00000000    0.03705775    0.10362347    0.14003648    0.27089817    0.27089817    0.26146917    0.20139896    0.22660516    0.22310157    0.21559084    0.19607644    0.19537591    0.20882914
T7             0.15450057    0.24192133    0.24549736    0.34837812    0.32111848    0.30843643    0.32863630    0.32919833    0.42016781    0.03285059    0.03705775    0.00000000    0.08290898    0.11809597    0.25640854    0.25640854    0.24718318    0.18282889    0.20730167    0.20394803    0.19658931    0.18306058    0.17702228    0.19011189
T19            0.15932473    0.24433366    0.24788624    0.32849101    0.31573766    0.29990626    0.31620298    0.31668029    0.41944555    0.09900019    0.10362347    0.08290898    0.00000000    0.07826526    0.26349839    0.26349839    0.25805651    0.18509910    0.20959214    0.21190397    0.19885908    0.18532040    0.18199135    0.18699612
T13            0.19583374    0.28650517    0.29050662    0.36625873    0.33846548    0.34306281    0.36064192    0.36124713    0.45505551    0.13515554    0.14003648    0.11809597    0.07826526    0.00000000    0.31632278    0.31632278    0.30604980    0.21734334    0.23127138    0.23363785    0.22600590    0.21190397    0.20836803    0.21636276
T12            0.22835009    0.35677622    0.35677622    0.44984244    0.41944555    0.41131067    0.41461304    0.40729261    0.49921605    0.26498711    0.27089817    0.25640854    0.26349839    0.31632278    0.00000000    0.00000000    0.02236562    0.25153493    0.27248844    0.26863428    0.24850698    0.24581406    0.24192133    0.25330777
T0             0.22835009    0.35677622    0.35677622    0.44984244    0.41944555    0.41131067    0.41461304    0.40729261    0.49921605    0.26498711    0.27089817    0.25640854    0.26349839    0.31632278    0.00000000    0.00000000    0.02236562    0.25153493    0.27248844    0.26863428    0.24850698    0.24581406    0.24192133    0.25330777
T8             0.22835009    0.34963498    0.34706319    0.42460972    0.39935263    0.39153746    0.39866875    0.39153746    0.47624998    0.25564653    0.26146917    0.24718318    0.25805651    0.30604980    0.02236562    0.02236562    0.00000000    0.24549736    0.26622281    0.26244686    0.24250586    0.23983089    0.23896550    0.24730707
T10            0.11722387    0.27632653    0.26212670    0.34706319    0.32709964    0.33495746    0.34609535    0.34555667    0.44311695    0.19607644    0.20139896    0.18282889    0.18509910    0.21734334    0.25153493    0.25153493    0.24549736    0.00000000    0.04356148    0.04560159    0.03295069    0.03077814    0.06289709    0.09861000
T14            0.13409341    0.28827963    0.28013983    0.37252074    0.35890562    0.36004992    0.37183816    0.36745813    0.46029887    0.22107631    0.22660516    0.20730167    0.20959214    0.23127138    0.27248844    0.27248844    0.26622281    0.04356148    0.00000000    0.05200819    0.04560159    0.04554647    0.08080033    0.11743412
T16            0.14131438    0.29080115    0.28897626    0.37397191    0.35677622    0.35781434    0.36938302    0.36511316    0.45429819    0.21761270    0.22310157    0.20394803    0.21190397    0.23363785    0.26863428    0.26863428    0.26244686    0.04560159    0.05200819    0.00000000    0.04334673    0.04761206    0.07833986    0.11722387
T20            0.12449430    0.28897626    0.28086551    0.36145036    0.34098504    0.34199843    0.35331543    0.35275048    0.44311695    0.21014803    0.21559084    0.19658931    0.19885908    0.22600590    0.24850698    0.24850698    0.24250586    0.03295069    0.04560159    0.04334673    0.00000000    0.03077814    0.06736382    0.10330829
T15            0.11252490    0.27665142    0.26863428    0.36567921    0.33796499    0.33897863    0.35025691    0.34969228    0.44816919    0.19632831    0.19607644    0.18306058    0.18532040    0.21190397    0.24581406    0.24581406    0.23983089    0.03077814    0.04554647    0.04761206    0.03077814    0.00000000    0.06505345    0.09403102
T18            0.11227962    0.28134484    0.27321375    0.37137403    0.35165969    0.34451785    0.36314773    0.36625873    0.46296294    0.19011189    0.19537591    0.17702228    0.18199135    0.20836803    0.24192133    0.24192133    0.23896550    0.06289709    0.08080033    0.07833986    0.06736382    0.06505345    0.00000000    0.09395569
T23            0.12409784    0.28026158    0.27513912    0.41245793    0.36768419    0.37252074    0.38579721    0.38899404    0.48345133    0.20346192    0.20882914    0.19011189    0.18699612    0.21636276    0.25330777    0.25330777    0.24730707    0.09861000    0.11743412    0.11722387    0.10330829    0.09403102    0.09395569    0.00000000

