24
T18            0.00000000    0.49255786    0.41046663    0.40905140    0.41933637    0.43732712    0.44994673    0.46124126    0.42451032    0.32241981    0.31559818    0.35153027    0.34489879    0.34292047    0.30019297    0.30442598    0.32340230    0.23467919    0.23467919    0.24364736    0.25206835    0.24971784    0.17999938    0.19594627
T16            0.49255786    0.00000000    0.19548115    0.16346627    0.17444067    0.20250995    0.20766143    0.21044017    0.18708526    0.46447187    0.46447187    0.50828725    0.50563954    0.48998983    0.43319118    0.42908957    0.43519974    0.41004537    0.42304741    0.41393616    0.45180403    0.44899448    0.39597298    0.40375790
T9             0.41046663    0.19548115    0.00000000    0.05640630    0.09079033    0.10856964    0.12290308    0.13036439    0.09730703    0.41099683    0.41498323    0.45692516    0.44916717    0.44303377    0.37298776    0.37674794    0.37239702    0.35307922    0.37125736    0.36756785    0.41900205    0.40836653    0.36793928    0.36050235
T0             0.40905140    0.16346627    0.05640630    0.00000000    0.07448196    0.09009405    0.09902864    0.10616707    0.08323078    0.39419407    0.39802558    0.43862411    0.43111567    0.42098707    0.35000442    0.35716989    0.35049972    0.33131226    0.35568619    0.35568619    0.39039202    0.38021281    0.34135405    0.34135405
T23            0.41933637    0.17444067    0.09079033    0.07448196    0.00000000    0.09231681    0.09443285    0.09678406    0.06755504    0.39985011    0.40375790    0.43660166    0.42908957    0.41900205    0.34794713    0.36612841    0.37555168    0.34294136    0.36079196    0.35357417    0.38076163    0.37070848    0.35375065    0.35375065
T4             0.43732712    0.20250995    0.10856964    0.09009405    0.09231681    0.00000000    0.03695119    0.04335151    0.09189837    0.42181083    0.42579573    0.46803135    0.46021308    0.44138661    0.38340882    0.39477220    0.40846786    0.35742901    0.38184966    0.38184966    0.41785781    0.40729558    0.37555168    0.37555168
T3             0.44994673    0.20766143    0.12290308    0.09902864    0.09443285    0.03695119    0.00000000    0.01823348    0.09405164    0.42579573    0.42981301    0.46803135    0.46021308    0.44552132    0.37597584    0.39861881    0.40846786    0.35742901    0.37086656    0.37816144    0.42181083    0.41118672    0.37555168    0.37182022
T2             0.46124126    0.21044017    0.13036439    0.10616707    0.09678406    0.04335151    0.01823348    0.00000000    0.10107118    0.44072530    0.44484259    0.48394506    0.47594125    0.46092960    0.38984348    0.41301527    0.42706507    0.36367779    0.37722245    0.38828655    0.43259221    0.42181083    0.39335550    0.38950820
T14            0.42451032    0.18708526    0.09730703    0.08323078    0.06755504    0.09189837    0.09405164    0.10107118    0.00000000    0.40129359    0.40517001    0.44621688    0.43862411    0.42032965    0.36756785    0.38629716    0.39212603    0.35878794    0.37703083    0.37703083    0.39744734    0.39095531    0.36612841    0.36612841
T10            0.32241981    0.46447187    0.41099683    0.39419407    0.39985011    0.42181083    0.42579573    0.44072530    0.40129359    0.00000000    0.02660924    0.05427500    0.04996013    0.05869458    0.11495034    0.11735829    0.13440468    0.26200595    0.26507790    0.26507790    0.27062487    0.27440999    0.24837199    0.25683802
T11            0.31559818    0.46447187    0.41498323    0.39802558    0.40375790    0.42579573    0.42981301    0.44484259    0.40517001    0.02660924    0.00000000    0.04339592    0.03915215    0.06315404    0.11495034    0.12220966    0.13941577    0.25591875    0.25895298    0.25895298    0.26140946    0.26816906    0.24536491    0.25683802
T13            0.35153027    0.50828725    0.45692516    0.43862411    0.43660166    0.46803135    0.46803135    0.48394506    0.44621688    0.05427500    0.04339592    0.00000000    0.02442380    0.09243987    0.14893547    0.15404966    0.17217235    0.28850719    0.28283472    0.29492941    0.29102491    0.29170787    0.27127967    0.27686534
T20            0.34489879    0.50563954    0.44916717    0.43111567    0.42908957    0.46021308    0.46021308    0.47594125    0.43862411    0.04996013    0.03915215    0.02442380    0.00000000    0.08787846    0.14654320    0.14908719    0.16707156    0.28566529    0.28318561    0.28885576    0.29136051    0.29206695    0.27162378    0.27720716
T1             0.34292047    0.48998983    0.44303377    0.42098707    0.41900205    0.44138661    0.44552132    0.46092960    0.42032965    0.05869458    0.06315404    0.09243987    0.08787846    0.00000000    0.14194049    0.14702897    0.15977964    0.28354794    0.28674910    0.28674910    0.28601504    0.28036738    0.26957181    0.28470331
T15            0.30019297    0.43319118    0.37298776    0.35000442    0.34794713    0.38340882    0.37597584    0.38984348    0.36756785    0.11495034    0.11495034    0.14893547    0.14654320    0.14194049    0.00000000    0.05190935    0.06716456    0.24237602    0.23940510    0.23940510    0.26920463    0.26994996    0.22616040    0.23733555
T19            0.30442598    0.42908957    0.37674794    0.35716989    0.36612841    0.39477220    0.39861881    0.41301527    0.38629716    0.11735829    0.12220966    0.15404966    0.14908719    0.14702897    0.05190935    0.00000000    0.03275117    0.25076886    0.25379412    0.25379412    0.27792461    0.27868698    0.22850129    0.23969835
T21            0.32340230    0.43519974    0.37239702    0.35049972    0.37555168    0.40846786    0.40846786    0.42706507    0.39212603    0.13440468    0.13941577    0.17217235    0.16707156    0.15977964    0.06716456    0.03275117    0.00000000    0.27440999    0.27756026    0.27756026    0.30930735    0.31021924    0.25139748    0.25990079
T5             0.23467919    0.41004537    0.35307922    0.33131226    0.34294136    0.35742901    0.35742901    0.36367779    0.35878794    0.26200595    0.25591875    0.28850719    0.28566529    0.28354794    0.24237602    0.25076886    0.27440999    0.00000000    0.06277977    0.06513817    0.11555274    0.11098395    0.16951927    0.18248594
T6             0.23467919    0.42304741    0.37125736    0.35568619    0.36079196    0.38184966    0.37086656    0.37722245    0.37703083    0.26507790    0.25895298    0.28283472    0.28318561    0.28674910    0.23940510    0.25379412    0.27756026    0.06277977    0.00000000    0.03063270    0.11071256    0.10377612    0.16951927    0.18519707
T7             0.24364736    0.41393616    0.36756785    0.35568619    0.35357417    0.38184966    0.37816144    0.38828655    0.37703083    0.26507790    0.25895298    0.29492941    0.28885576    0.28674910    0.23940510    0.25379412    0.27756026    0.06513817    0.03063270    0.00000000    0.11799073    0.11341011    0.17483975    0.19066435
T8             0.25206835    0.45180403    0.41900205    0.39039202    0.38076163    0.41785781    0.42181083    0.43259221    0.39744734    0.27062487    0.26140946    0.29102491    0.29136051    0.28601504    0.26920463    0.27792461    0.30930735    0.11555274    0.11071256    0.11799073    0.00000000    0.03711244    0.17978961    0.20126821
T17            0.24971784    0.44899448    0.40836653    0.38021281    0.37070848    0.40729558    0.41118672    0.42181083    0.39095531    0.27440999    0.26816906    0.29170787    0.29206695    0.28036738    0.26994996    0.27868698    0.31021924    0.11098395    0.10377612    0.11341011    0.03711244    0.00000000    0.16951927    0.19066435
T22            0.17999938    0.39597298    0.36793928    0.34135405    0.35375065    0.37555168    0.37555168    0.39335550    0.36612841    0.24837199    0.24536491    0.27127967    0.27162378    0.26957181    0.22616040    0.22850129    0.25139748    0.16951927    0.16951927    0.17483975    0.17978961    0.16951927    0.00000000    0.02034322
T12            0.19594627    0.40375790    0.36050235    0.34135405    0.35375065    0.37555168    0.37182022    0.38950820    0.36612841    0.25683802    0.25683802    0.27686534    0.27720716    0.28470331    0.23733555    0.23969835    0.25990079    0.18248594    0.18519707    0.19066435    0.20126821    0.19066435    0.02034322    0.00000000

