24
T20            0.00000000    0.31358054    0.30332816    0.29217951    0.29090329    0.32664765    0.31987264    0.28827209    0.31692254    0.31105849    0.30773868    0.24044913    0.24013097    0.22495284    0.18904714    0.23216877    0.18531544    0.18531544    0.19537170    0.12953048    0.12661386    0.16455000    0.16296895    0.22077124
T4             0.31358054    0.00000000    0.02442240    0.03902278    0.11055324    0.14395803    0.14425492    0.14860491    0.18260149    0.17764160    0.18034090    0.38615735    0.38191894    0.36660194    0.33306715    0.35088491    0.36509086    0.36509086    0.38781164    0.32243364    0.31244140    0.34562829    0.34096726    0.40464151
T19            0.30332816    0.02442240    0.00000000    0.03899910    0.11023302    0.14608356    0.14608356    0.15330170    0.18198830    0.17701886    0.17969625    0.38094457    0.37683151    0.36151685    0.32839714    0.34621280    0.35626099    0.35626099    0.37238102    0.31468780    0.30492488    0.34087053    0.33607675    0.40294360
T10            0.29217951    0.03902278    0.03899910    0.00000000    0.10386909    0.12953048    0.13200809    0.13907210    0.15728510    0.15248348    0.15508420    0.36609159    0.36559491    0.34704602    0.31440061    0.33521814    0.33746031    0.33746031    0.36036720    0.29754885    0.29365934    0.31651943    0.31190411    0.39161285
T17            0.29090329    0.11055324    0.11023302    0.10386909    0.00000000    0.12532406    0.12285244    0.12516596    0.15009499    0.15051694    0.14277507    0.32367468    0.32664765    0.31912054    0.28765889    0.30444088    0.35813260    0.35813260    0.36682517    0.28085427    0.27073452    0.29294097    0.29175722    0.35111443
T13            0.32664765    0.14395803    0.14608356    0.12953048    0.12532406    0.00000000    0.04120460    0.14648588    0.17208460    0.17249721    0.16983401    0.35675874    0.35269145    0.32920842    0.29828317    0.30881031    0.38084673    0.38084673    0.39370180    0.32622233    0.30623550    0.34805621    0.33794690    0.41041076
T11            0.31987264    0.14425492    0.14608356    0.13200809    0.12285244    0.04120460    0.00000000    0.14395803    0.16943565    0.16983401    0.16718499    0.36660194    0.36247019    0.33607675    0.30814433    0.31870301    0.36609159    0.36609159    0.37872563    0.31947043    0.29974780    0.34704602    0.33098191    0.40256864
T15            0.28827209    0.14860491    0.15330170    0.13907210    0.12516596    0.14648588    0.14395803    0.00000000    0.10056289    0.10299466    0.09603012    0.36973954    0.36559491    0.32283492    0.30116480    0.31833788    0.36142914    0.36142914    0.36400203    0.27978529    0.28731632    0.30659333    0.29866786    0.34432822
T3             0.31692254    0.18260149    0.18198830    0.15728510    0.15009499    0.17208460    0.16943565    0.10056289    0.00000000    0.02648558    0.02440627    0.39103252    0.38669442    0.36296725    0.33306715    0.34824266    0.38403925    0.38403925    0.38563468    0.31651943    0.30201173    0.31651943    0.31776534    0.37554636
T1             0.31105849    0.17764160    0.17701886    0.15248348    0.15051694    0.17249721    0.16983401    0.10299466    0.02648558    0.00000000    0.01823277    0.40256864    0.39809806    0.36400203    0.34096726    0.35176157    0.38141228    0.38141228    0.38295057    0.31733786    0.31244140    0.32664765    0.31865670    0.37026339
T18            0.30773868    0.18034090    0.17969625    0.15508420    0.14277507    0.16983401    0.16718499    0.09603012    0.02440627    0.01823277    0.00000000    0.39103252    0.39426773    0.36036720    0.33746031    0.34824266    0.38141228    0.38141228    0.38295057    0.31398453    0.30915477    0.31651943    0.31190411    0.36922947
T16            0.24044913    0.38615735    0.38094457    0.36609159    0.32367468    0.35675874    0.36660194    0.36973954    0.39103252    0.40256864    0.39103252    0.00000000    0.00805167    0.17342641    0.15312458    0.17810073    0.27843022    0.27843022    0.28970728    0.21788416    0.22543963    0.25526948    0.23880390    0.30792737
T23            0.24013097    0.38191894    0.37683151    0.36559491    0.32664765    0.35269145    0.36247019    0.36559491    0.38669442    0.39809806    0.39426773    0.00805167    0.00000000    0.17318117    0.15290266    0.17786678    0.27805075    0.27805075    0.28933134    0.21760583    0.22281869    0.26108281    0.24449171    0.31422671
T5             0.22495284    0.36660194    0.36151685    0.34704602    0.31912054    0.32920842    0.33607675    0.32283492    0.36296725    0.36400203    0.36036720    0.17342641    0.17318117    0.00000000    0.06753748    0.09635760    0.25835327    0.25835327    0.27247645    0.18828156    0.20394206    0.22985671    0.22269346    0.28049231
T9             0.18904714    0.33306715    0.32839714    0.31440061    0.28765889    0.29828317    0.30814433    0.30116480    0.33306715    0.34096726    0.33746031    0.15312458    0.15290266    0.06753748    0.00000000    0.07150462    0.22367517    0.22367517    0.24013097    0.17026694    0.16680073    0.20502376    0.19802040    0.24753792
T0             0.23216877    0.35088491    0.34621280    0.33521814    0.30444088    0.30881031    0.31870301    0.31833788    0.34824266    0.35176157    0.34824266    0.17810073    0.17786678    0.09635760    0.07150462    0.00000000    0.24882327    0.24882327    0.26276853    0.20139281    0.20322879    0.23778622    0.23351308    0.29220110
T7             0.18531544    0.36509086    0.35626099    0.33746031    0.35813260    0.38084673    0.36609159    0.36142914    0.38403925    0.38141228    0.38141228    0.27843022    0.27805075    0.25835327    0.22367517    0.24882327    0.00000000    0.00000000    0.07641819    0.16680073    0.16645111    0.18603142    0.18081483    0.24378663
T8             0.18531544    0.36509086    0.35626099    0.33746031    0.35813260    0.38084673    0.36609159    0.36142914    0.38403925    0.38141228    0.38141228    0.27843022    0.27805075    0.25835327    0.22367517    0.24882327    0.00000000    0.00000000    0.07641819    0.16680073    0.16645111    0.18603142    0.18081483    0.24378663
T22            0.19537170    0.38781164    0.37238102    0.36036720    0.36682517    0.39370180    0.37872563    0.36400203    0.38563468    0.38295057    0.38295057    0.28970728    0.28933134    0.27247645    0.24013097    0.26276853    0.07641819    0.07641819    0.00000000    0.17136440    0.17631282    0.19885275    0.18804429    0.26694520
T12            0.12953048    0.32243364    0.31468780    0.29754885    0.28085427    0.32622233    0.31947043    0.27978529    0.31651943    0.31733786    0.31398453    0.21788416    0.21760583    0.18828156    0.17026694    0.20139281    0.16680073    0.16680073    0.17136440    0.00000000    0.06498799    0.13907210    0.12981630    0.19790849
T14            0.12661386    0.31244140    0.30492488    0.29365934    0.27073452    0.30623550    0.29974780    0.28731632    0.30201173    0.31244140    0.30915477    0.22543963    0.22281869    0.20394206    0.16680073    0.20322879    0.16645111    0.16645111    0.17631282    0.06498799    0.00000000    0.14634342    0.12953048    0.20024332
T21            0.16455000    0.34562829    0.34087053    0.31651943    0.29294097    0.34805621    0.34704602    0.30659333    0.31651943    0.32664765    0.31651943    0.25526948    0.26108281    0.22985671    0.20502376    0.23778622    0.18603142    0.18603142    0.19885275    0.13907210    0.14634342    0.00000000    0.07388306    0.13700066
T6             0.16296895    0.34096726    0.33607675    0.31190411    0.29175722    0.33794690    0.33098191    0.29866786    0.31776534    0.31865670    0.31190411    0.23880390    0.24449171    0.22269346    0.19802040    0.23351308    0.18081483    0.18081483    0.18804429    0.12981630    0.12953048    0.07388306    0.00000000    0.11767385
T2             0.22077124    0.40464151    0.40294360    0.39161285    0.35111443    0.41041076    0.40256864    0.34432822    0.37554636    0.37026339    0.36922947    0.30792737    0.31422671    0.28049231    0.24753792    0.29220110    0.24378663    0.24378663    0.26694520    0.19790849    0.20024332    0.13700066    0.11767385    0.00000000

