24
T0             0.00000000    0.25759438    0.25933504    0.24846064    0.23775001    0.17226897    0.15930710    0.14394737    0.14662498    0.21851788    0.21310103    0.16399324    0.16399324    0.17365859    0.22078017    0.15528009    0.15008003    0.18552401    0.18850500    0.16780733    0.17247900    0.18258188    0.19430673    0.08784419
T12            0.25759438    0.00000000    0.05836109    0.09429550    0.09475720    0.29004226    0.27693420    0.25844057    0.25570225    0.34691953    0.33776938    0.30400468    0.30400468    0.28760570    0.31611892    0.26272710    0.26272710    0.31434019    0.31814104    0.29900910    0.28891824    0.29823072    0.29536113    0.29126824
T21            0.25933504    0.05836109    0.00000000    0.08717693    0.08520417    0.29176701    0.27257363    0.26039667    0.25764272    0.34138784    0.33224543    0.28983617    0.28983617    0.28608080    0.31434019    0.27380384    0.27380384    0.32615970    0.33000387    0.29749891    0.27257363    0.29043334    0.28822589    0.28399640
T18            0.24846064    0.09429550    0.08717693    0.00000000    0.04559974    0.28118317    0.25902620    0.24997601    0.24726772    0.32653727    0.31759278    0.27974037    0.27974037    0.27558960    0.30026352    0.26414948    0.26032532    0.30602990    0.30982180    0.27727931    0.26452912    0.29498838    0.28325459    0.26341704
T23            0.23775001    0.09475720    0.08520417    0.04559974    0.00000000    0.27319974    0.25419887    0.23920461    0.23653722    0.31463619    0.30583958    0.27484242    0.27484242    0.26453158    0.29214189    0.25945963    0.25559041    0.29696731    0.30070472    0.26616806    0.25356569    0.27413904    0.26892971    0.26179348
T2             0.17226897    0.29004226    0.29176701    0.28118317    0.27319974    0.00000000    0.02656577    0.04770997    0.05213782    0.23095168    0.22541020    0.17762237    0.17762237    0.18737549    0.21783419    0.16318344    0.15267327    0.19655722    0.19963078    0.18079335    0.16981660    0.16660665    0.17784689    0.17740662
T10            0.15930710    0.27693420    0.27257363    0.25902620    0.25419887    0.02656577    0.00000000    0.03277560    0.03705656    0.21114566    0.20576892    0.16191375    0.16191375    0.16852289    0.20655090    0.14512664    0.13496490    0.17762237    0.18055269    0.16230321    0.15949072    0.14872615    0.15949072    0.16961369
T17            0.14394737    0.25844057    0.26039667    0.24997601    0.23920461    0.04770997    0.03277560    0.00000000    0.02442212    0.19455068    0.18931088    0.14171603    0.14171603    0.14750022    0.18680241    0.12996075    0.12010083    0.16173178    0.16453412    0.14678359    0.13656649    0.12885859    0.13408329    0.15397267
T15            0.14662498    0.25570225    0.25764272    0.24726772    0.23653722    0.05213782    0.03705656    0.02442212    0.00000000    0.19473668    0.18949130    0.14917167    0.14917167    0.15550006    0.19266317    0.12763344    0.11779777    0.15930710    0.16210424    0.14440370    0.14678359    0.13880801    0.14678359    0.15671402
T9             0.21851788    0.34691953    0.34138784    0.32653727    0.31463619    0.23095168    0.21114566    0.19455068    0.19473668    0.00000000    0.01210035    0.23235462    0.23235462    0.23978837    0.26689879    0.20277904    0.19727839    0.24084312    0.24403266    0.21570560    0.21310103    0.24403266    0.25326483    0.22969793
T3             0.21310103    0.33776938    0.33224543    0.31759278    0.30583958    0.22541020    0.20576892    0.18931088    0.18949130    0.01210035    0.00000000    0.22682897    0.22682897    0.23416928    0.26103837    0.20298786    0.19201639    0.23524855    0.23840534    0.21031234    0.21330272    0.23840534    0.24755039    0.22419055
T7             0.16399324    0.30400468    0.28983617    0.27974037    0.27484242    0.17762237    0.16191375    0.14171603    0.14917167    0.23235462    0.22682897    0.00000000    0.00000000    0.17316097    0.21422383    0.16318344    0.15747168    0.19101006    0.19403682    0.17226897    0.16941943    0.18303396    0.19101006    0.18280349
T4             0.16399324    0.30400468    0.28983617    0.27974037    0.27484242    0.17762237    0.16191375    0.14171603    0.14917167    0.23235462    0.22682897    0.00000000    0.00000000    0.17316097    0.21422383    0.16318344    0.15747168    0.19101006    0.19403682    0.17226897    0.16941943    0.18303396    0.19101006    0.18280349
T20            0.17365859    0.28760570    0.28608080    0.27558960    0.26453158    0.18737549    0.16852289    0.14750022    0.15550006    0.23978837    0.23416928    0.17316097    0.17316097    0.00000000    0.12501560    0.16263771    0.15195758    0.19047234    0.19360963    0.16393149    0.16101119    0.17857279    0.18767517    0.17340550
T11            0.22078017    0.31611892    0.31434019    0.30026352    0.29214189    0.21783419    0.20655090    0.18680241    0.19266317    0.26689879    0.26103837    0.21422383    0.21422383    0.12501560    0.00000000    0.19214130    0.18088830    0.20723696    0.21562438    0.19895940    0.18957613    0.21132929    0.22412480    0.22933450
T1             0.15528009    0.26272710    0.27380384    0.26414948    0.25945963    0.16318344    0.14512664    0.12996075    0.12763344    0.20277904    0.20298786    0.16318344    0.16318344    0.16263771    0.19214130    0.00000000    0.02242047    0.06512215    0.06744375    0.08784419    0.15288638    0.16272651    0.17691862    0.16827590
T6             0.15008003    0.26272710    0.27380384    0.26032532    0.25559041    0.15267327    0.13496490    0.12010083    0.11779777    0.19727839    0.19201639    0.15747168    0.15747168    0.15195758    0.18088830    0.02242047    0.00000000    0.06067606    0.06296764    0.07860115    0.14769980    0.14969197    0.16342445    0.15768200
T16            0.18552401    0.31434019    0.32615970    0.30602990    0.29696731    0.19655722    0.17762237    0.16173178    0.15930710    0.24084312    0.23524855    0.19101006    0.19101006    0.19047234    0.20723696    0.06512215    0.06067606    0.00000000    0.00602725    0.11779777    0.19126323    0.19604706    0.20814134    0.20471208
T22            0.18850500    0.31814104    0.33000387    0.30982180    0.30070472    0.19963078    0.18055269    0.16453412    0.16210424    0.24403266    0.23840534    0.19403682    0.19403682    0.19360963    0.21562438    0.06744375    0.06296764    0.00602725    0.00000000    0.12038398    0.19430673    0.19908665    0.21132929    0.20784044
T8             0.16780733    0.29900910    0.29749891    0.27727931    0.26616806    0.18079335    0.16230321    0.14678359    0.14440370    0.21570560    0.21031234    0.17226897    0.17226897    0.16393149    0.19895940    0.08784419    0.07860115    0.11779777    0.12038398    0.00000000    0.16758580    0.17762237    0.19207646    0.17292503
T5             0.17247900    0.28891824    0.27257363    0.26452912    0.25356569    0.16981660    0.15949072    0.13656649    0.14678359    0.21310103    0.21330272    0.16941943    0.16941943    0.16101119    0.18957613    0.15288638    0.14769980    0.19126323    0.19430673    0.16758580    0.00000000    0.11321458    0.12352613    0.18626451
T19            0.18258188    0.29823072    0.29043334    0.29498838    0.27413904    0.16660665    0.14872615    0.12885859    0.13880801    0.24403266    0.23840534    0.18303396    0.18303396    0.17857279    0.21132929    0.16272651    0.14969197    0.19604706    0.19908665    0.17762237    0.11321458    0.00000000    0.08761741    0.19604706
T14            0.19430673    0.29536113    0.28822589    0.28325459    0.26892971    0.17784689    0.15949072    0.13408329    0.14678359    0.25326483    0.24755039    0.19101006    0.19101006    0.18767517    0.22412480    0.17691862    0.16342445    0.20814134    0.21132929    0.19207646    0.12352613    0.08761741    0.00000000    0.19403682
T13            0.08784419    0.29126824    0.28399640    0.26341704    0.26179348    0.17740662    0.16961369    0.15397267    0.15671402    0.22969793    0.22419055    0.18280349    0.18280349    0.17340550    0.22933450    0.16827590    0.15768200    0.20471208    0.20784044    0.17292503    0.18626451    0.19604706    0.19403682    0.00000000

