24
T23            0.00000000    0.39997545    0.38705428    0.37253703    0.32756563    0.32850409    0.30335238    0.31360710    0.31990034    0.33444043    0.38088813    0.33701810    0.31949782    0.32966264    0.28296837    0.30157323    0.25121853    0.25697887    0.24519941    0.24582146    0.29792512    0.22996944    0.22732398    0.22256566
T13            0.39997545    0.00000000    0.01617923    0.07150580    0.30412362    0.31526900    0.30171226    0.31717931    0.31669073    0.35332800    0.35817215    0.32809525    0.33247542    0.32407449    0.30031394    0.30369166    0.33932096    0.35328147    0.34293137    0.33333817    0.36138749    0.31475657    0.31526900    0.39899839
T15            0.38705428    0.01617923    0.00000000    0.06728726    0.30267901    0.31396475    0.29695900    0.31235736    0.31184500    0.34838780    0.36071827    0.33036500    0.33459993    0.32624574    0.29565066    0.29902863    0.32740384    0.34115806    0.33096284    0.32151717    0.35286907    0.30317961    0.30369166    0.37836641
T2             0.37253703    0.07150580    0.06728726    0.00000000    0.26186015    0.27539408    0.25874676    0.27645375    0.28245824    0.31037846    0.32624574    0.29079442    0.30171226    0.29362655    0.25805976    0.26667567    0.31162262    0.32505101    0.30817448    0.30585423    0.33645330    0.29128366    0.28846252    0.35509853
T19            0.32756563    0.30412362    0.30267901    0.26186015    0.00000000    0.02863008    0.18760585    0.20676714    0.21217186    0.23482814    0.24380336    0.20986999    0.20346787    0.19608083    0.17050445    0.17272467    0.22463353    0.23317807    0.21879030    0.21652042    0.25492643    0.20563257    0.20309012    0.27010802
T14            0.32850409    0.31526900    0.31396475    0.27539408    0.02863008    0.00000000    0.19912276    0.20730591    0.21272444    0.23780191    0.24079358    0.21044388    0.20395312    0.19659293    0.17368912    0.18407789    0.22827675    0.23690020    0.22236384    0.21427118    0.25805976    0.21204220    0.20948490    0.27090464
T10            0.30335238    0.30171226    0.29695900    0.25874676    0.18760585    0.19912276    0.00000000    0.04330991    0.04757265    0.06945560    0.22256566    0.17991069    0.17632038    0.16907920    0.17368912    0.17860397    0.22923635    0.23780191    0.23218373    0.22399413    0.25565275    0.20907989    0.20651184    0.25939180
T5             0.31360710    0.31717931    0.31235736    0.27645375    0.20676714    0.20730591    0.04330991    0.00000000    0.00401107    0.04539310    0.23099659    0.19056191    0.18951851    0.17683683    0.17886426    0.18381119    0.23780191    0.25257787    0.24683147    0.23317807    0.25528783    0.22601207    0.21761851    0.26830534
T1             0.31990034    0.31669073    0.31184500    0.28245824    0.21217186    0.21272444    0.04757265    0.00401107    0.00000000    0.04966454    0.23658433    0.19583852    0.19476543    0.18199663    0.18407789    0.18905735    0.24346571    0.25837219    0.25257787    0.23882045    0.25800809    0.22864036    0.22310778    0.27176699
T0             0.33444043    0.35332800    0.34838780    0.31037846    0.23482814    0.23780191    0.06945560    0.04539310    0.04966454    0.00000000    0.24490384    0.20883548    0.20775696    0.20025339    0.21684770    0.22202880    0.25425563    0.26935448    0.26347989    0.25800809    0.28008102    0.24819986    0.24251382    0.27666375
T12            0.38088813    0.35817215    0.36071827    0.32624574    0.24380336    0.24079358    0.22256566    0.23099659    0.23658433    0.24490384    0.00000000    0.07607179    0.07588551    0.08711579    0.21394303    0.22202880    0.27605129    0.28204602    0.27605129    0.26421529    0.30218989    0.24519941    0.24851487    0.31485634
T21            0.33701810    0.32809525    0.33036500    0.29079442    0.20986999    0.21044388    0.17991069    0.19056191    0.19583852    0.20883548    0.07607179    0.00000000    0.03481506    0.04969548    0.18187781    0.18683762    0.24113218    0.24683147    0.24113218    0.23283677    0.27131904    0.21475598    0.21217186    0.27807205
T22            0.31949782    0.33247542    0.33459993    0.30171226    0.20346787    0.20395312    0.17632038    0.18951851    0.19476543    0.20775696    0.07588551    0.03481506    0.00000000    0.04962312    0.18058239    0.18829116    0.23421697    0.23983837    0.23421697    0.22893342    0.27327076    0.20837528    0.20580260    0.26458597
T11            0.32966264    0.32407449    0.32624574    0.29362655    0.19608083    0.19659293    0.16907920    0.17683683    0.18199663    0.20025339    0.08711579    0.04969548    0.04962312    0.00000000    0.18712083    0.19491198    0.23847096    0.24415115    0.23847096    0.23020410    0.26539798    0.21502622    0.21244341    0.28087588
T9             0.28296837    0.30031394    0.29565066    0.25805976    0.17050445    0.17368912    0.17368912    0.17886426    0.18407789    0.21684770    0.21394303    0.18187781    0.18058239    0.18712083    0.00000000    0.04982888    0.19995577    0.20818413    0.20278607    0.18656324    0.22531150    0.17518302    0.17272467    0.22545299
T16            0.30157323    0.30369166    0.29902863    0.26667567    0.17272467    0.18407789    0.17860397    0.18381119    0.18905735    0.22202880    0.22202880    0.18683762    0.18829116    0.19491198    0.04982888    0.00000000    0.20503567    0.20818413    0.20788209    0.19156029    0.23653013    0.18829116    0.18579327    0.23954024
T8             0.25121853    0.33932096    0.32740384    0.31162262    0.22463353    0.22827675    0.22923635    0.23780191    0.24346571    0.25425563    0.27605129    0.24113218    0.23421697    0.23847096    0.19995577    0.20503567    0.00000000    0.01824870    0.01620868    0.03272816    0.13498136    0.09879155    0.09889267    0.21589424
T3             0.25697887    0.35328147    0.34115806    0.32505101    0.23317807    0.23690020    0.23780191    0.25257787    0.25837219    0.26935448    0.28204602    0.24683147    0.23983837    0.24415115    0.20818413    0.20818413    0.01824870    0.00000000    0.02239020    0.03904435    0.13985757    0.10104708    0.10114631    0.22724781
T18            0.24519941    0.34293137    0.33096284    0.30817448    0.21879030    0.22236384    0.23218373    0.24683147    0.25257787    0.26347989    0.27605129    0.24113218    0.23421697    0.23847096    0.20278607    0.20788209    0.01620868    0.02239020    0.00000000    0.03694851    0.14003803    0.10351226    0.10362468    0.21879030
T6             0.24582146    0.33333817    0.32151717    0.30585423    0.21652042    0.21427118    0.22399413    0.23317807    0.23882045    0.25800809    0.26421529    0.23283677    0.22893342    0.23020410    0.18656324    0.19156029    0.03272816    0.03904435    0.03694851    0.00000000    0.12071204    0.09430272    0.09206931    0.21301495
T7             0.29792512    0.36138749    0.35286907    0.33645330    0.25492643    0.25805976    0.25565275    0.25528783    0.25800809    0.28008102    0.30218989    0.27131904    0.27327076    0.26539798    0.22531150    0.23653013    0.13498136    0.13985757    0.14003803    0.12071204    0.00000000    0.14221988    0.13732929    0.25641374
T17            0.22996944    0.31475657    0.30317961    0.29128366    0.20563257    0.21204220    0.20907989    0.22601207    0.22864036    0.24819986    0.24519941    0.21475598    0.20837528    0.21502622    0.17518302    0.18829116    0.09879155    0.10104708    0.10351226    0.09430272    0.14221988    0.00000000    0.00602728    0.19331371
T4             0.22732398    0.31526900    0.30369166    0.28846252    0.20309012    0.20948490    0.20651184    0.21761851    0.22310778    0.24251382    0.24851487    0.21217186    0.20580260    0.21244341    0.17272467    0.18579327    0.09889267    0.10114631    0.10362468    0.09206931    0.13732929    0.00602728    0.00000000    0.19079795
T20            0.22256566    0.39899839    0.37836641    0.35509853    0.27010802    0.27090464    0.25939180    0.26830534    0.27176699    0.27666375    0.31485634    0.27807205    0.26458597    0.28087588    0.22545299    0.23954024    0.21589424    0.22724781    0.21879030    0.21301495    0.25641374    0.19331371    0.19079795    0.00000000

