24
T4             0.00000000    0.46925009    0.46569548    0.32147793    0.33293762    0.29531246    0.25014582    0.24138948    0.22653356    0.21841061    0.20468784    0.22819031    0.19736682    0.21162865    0.20619449    0.21355187    0.21903124    0.21098367    0.22819031    0.18030271    0.17268087    0.18008002    0.13879869    0.14583816
T9             0.46925009    0.00000000    0.01210028    0.45130553    0.49220815    0.40955745    0.47054814    0.45940002    0.46804453    0.46969643    0.44530655    0.46292223    0.43160296    0.43160296    0.41618789    0.44599910    0.45513335    0.44398009    0.46017961    0.43842278    0.43569461    0.44599910    0.46068037    0.44946628
T13            0.46569548    0.01210028    0.00000000    0.45645166    0.49767267    0.41415690    0.47587476    0.46450185    0.47326041    0.47498595    0.45438884    0.47242367    0.44054293    0.44054293    0.42484590    0.45513335    0.46450185    0.45318179    0.46531717    0.43500495    0.44054293    0.45090289    0.45716232    0.45294991
T21            0.32147793    0.45130553    0.45645166    0.00000000    0.13804215    0.09755594    0.33796626    0.32686086    0.31899310    0.30308694    0.31995181    0.34877987    0.30491571    0.31168431    0.31219344    0.31701839    0.33632686    0.32791583    0.32606103    0.31653288    0.30976457    0.31267517    0.32398784    0.30723743
T18            0.33293762    0.49220815    0.49767267    0.13804215    0.00000000    0.08732751    0.36294886    0.35148297    0.35403090    0.35148297    0.31935559    0.34034089    0.30106178    0.30762907    0.30803257    0.31307858    0.32867529    0.32355179    0.34235151    0.35045277    0.34337268    0.34385597    0.34419733    0.33052303
T2             0.29531246    0.40955745    0.41415690    0.09755594    0.08732751    0.00000000    0.31409677    0.30352681    0.29936405    0.29691555    0.27444322    0.30065054    0.25721539    0.26337737    0.26373761    0.26854122    0.28321000    0.27833621    0.30589919    0.29364251    0.28716023    0.28999423    0.29457990    0.28501244
T3             0.25014582    0.47054814    0.47587476    0.33796626    0.36294886    0.31409677    0.00000000    0.03900705    0.10339386    0.09653134    0.18823961    0.21098367    0.17830349    0.18650814    0.18678100    0.18848470    0.20781478    0.19989245    0.22262584    0.19428438    0.19428438    0.20186803    0.21184709    0.20620769
T23            0.24138948    0.45940002    0.46450185    0.32686086    0.35148297    0.30352681    0.03900705    0.00000000    0.09643626    0.09195894    0.17760496    0.19989245    0.16513632    0.17314333    0.17338742    0.18053419    0.19074569    0.18077442    0.21419509    0.17855370    0.17584118    0.18325405    0.20086021    0.19533026
T0             0.22653356    0.46804453    0.47326041    0.31899310    0.35403090    0.29936405    0.10339386    0.09643626    0.00000000    0.02034090    0.16171808    0.18598883    0.15465656    0.16249565    0.16271114    0.16451955    0.18256384    0.17536414    0.20556435    0.18574242    0.18077442    0.18823961    0.19808757    0.19765461
T10            0.21841061    0.46969643    0.47498595    0.30308694    0.35148297    0.29691555    0.09653134    0.09195894    0.02034090    0.00000000    0.15429186    0.17830349    0.14729660    0.15505448    0.15526584    0.15706262    0.17492173    0.16779106    0.19766210    0.17806194    0.17314333    0.18053419    0.19028523    0.18986099
T1             0.20468784    0.44530655    0.45438884    0.31995181    0.31935559    0.27444322    0.18823961    0.17760496    0.16171808    0.15429186    0.00000000    0.03729140    0.03284894    0.04139778    0.04349491    0.04554377    0.06735769    0.05876069    0.08343038    0.17046001    0.16293502    0.17023171    0.17414159    0.17380432
T6             0.22819031    0.46292223    0.47242367    0.34877987    0.34034089    0.30065054    0.21098367    0.19989245    0.18598883    0.17830349    0.03729140    0.00000000    0.04362781    0.05238320    0.05009582    0.05654272    0.07880945    0.07011702    0.09532868    0.18984329    0.18210616    0.18955389    0.19602575    0.19280321
T22            0.19736682    0.43160296    0.44054293    0.30491571    0.30106178    0.25721539    0.17830349    0.16513632    0.15465656    0.14729660    0.03284894    0.04362781    0.00000000    0.01420038    0.01417447    0.02447302    0.04343826    0.03508109    0.07011702    0.15548542    0.14810971    0.15526584    0.16433098    0.16397953
T12            0.21162865    0.43160296    0.44054293    0.31168431    0.30762907    0.26337737    0.18650814    0.17314333    0.16249565    0.15505448    0.04139778    0.05238320    0.01420038    0.00000000    0.01212514    0.03077651    0.04994742    0.04153424    0.07700082    0.16876031    0.16124487    0.16850534    0.17492173    0.17451414
T5             0.20619449    0.41618789    0.42484590    0.31219344    0.30803257    0.26373761    0.18678100    0.17338742    0.16271114    0.15526584    0.04349491    0.05009582    0.01417447    0.01212514    0.00000000    0.03073445    0.04988314    0.04146278    0.07252911    0.16365676    0.15619334    0.16340785    0.16980079    0.16940429
T17            0.21355187    0.44599910    0.45513335    0.31701839    0.31307858    0.26854122    0.18848470    0.18053419    0.16451955    0.15706262    0.04554377    0.05654272    0.02447302    0.03077651    0.03073445    0.00000000    0.04977455    0.04133928    0.07892584    0.17609261    0.16850534    0.17584118    0.17966110    0.17927763
T15            0.21903124    0.45513335    0.46450185    0.33632686    0.32867529    0.28321000    0.20781478    0.19074569    0.18256384    0.17492173    0.06735769    0.07880945    0.04343826    0.04994742    0.04988314    0.04977455    0.00000000    0.02029448    0.09488527    0.17046001    0.16293502    0.17023171    0.18755805    0.18214805
T14            0.21098367    0.44398009    0.45318179    0.32791583    0.32355179    0.27833621    0.19989245    0.18077442    0.17536414    0.16779106    0.05876069    0.07011702    0.03508109    0.04153424    0.04146278    0.04133928    0.02029448    0.00000000    0.09310855    0.16293502    0.15548542    0.16271114    0.17986614    0.17718296
T11            0.22819031    0.46017961    0.46531717    0.32606103    0.34235151    0.30589919    0.22262584    0.21419509    0.20556435    0.19766210    0.08343038    0.09532868    0.07011702    0.07700082    0.07252911    0.07892584    0.09488527    0.09310855    0.00000000    0.19608854    0.18765213    0.19514639    0.20160225    0.20109831
T7             0.18030271    0.43842278    0.43500495    0.31653288    0.35045277    0.29364251    0.19428438    0.17855370    0.18574242    0.17806194    0.17046001    0.18984329    0.15548542    0.16876031    0.16365676    0.17609261    0.17046001    0.16293502    0.19608854    0.00000000    0.01823247    0.02439611    0.14129386    0.14355564
T8             0.17268087    0.43569461    0.44054293    0.30976457    0.34337268    0.28716023    0.19428438    0.17584118    0.18077442    0.17314333    0.16293502    0.18210616    0.14810971    0.16124487    0.15619334    0.16850534    0.16293502    0.15548542    0.18765213    0.01823247    0.00000000    0.01006769    0.13407445    0.13631595
T20            0.18008002    0.44599910    0.45090289    0.31267517    0.34385597    0.28999423    0.20186803    0.18325405    0.18823961    0.18053419    0.17023171    0.18955389    0.15526584    0.16850534    0.16340785    0.17584118    0.17023171    0.16271114    0.19514639    0.02439611    0.01006769    0.00000000    0.14117305    0.14344517
T19            0.13879869    0.46068037    0.45716232    0.32398784    0.34419733    0.29457990    0.21184709    0.20086021    0.19808757    0.19028523    0.17414159    0.19602575    0.16433098    0.17492173    0.16980079    0.17966110    0.18755805    0.17986614    0.20160225    0.14129386    0.13407445    0.14117305    0.00000000    0.03270934
T16            0.14583816    0.44946628    0.45294991    0.30723743    0.33052303    0.28501244    0.20620769    0.19533026    0.19765461    0.18986099    0.17380432    0.19280321    0.16397953    0.17451414    0.16940429    0.17927763    0.18214805    0.17718296    0.20109831    0.14355564    0.13631595    0.14344517    0.03270934    0.00000000

