24
T13            0.00000000    0.20952421    0.27910494    0.27910494    0.22621969    0.21870393    0.18573435    0.21385592    0.19707018    0.16248931    0.16270441    0.17045257    0.15618532    0.23871498    0.20047813    0.18515998    0.18268788    0.15547859    0.14788811    0.14788811    0.16849702    0.15026676    0.20440437    0.17000535
T6             0.20952421    0.00000000    0.16658769    0.16658769    0.12204149    0.11282319    0.17167100    0.21007509    0.19073772    0.22914646    0.21494959    0.22099630    0.20467761    0.30552697    0.24005053    0.24102840    0.23538000    0.20340407    0.21158753    0.21158753    0.22302647    0.21754105    0.27096446    0.22855506
T4             0.27910494    0.16658769    0.00000000    0.04982499    0.15139770    0.14949343    0.23383925    0.25553533    0.24069243    0.30201509    0.27951443    0.29062568    0.26842325    0.34483286    0.31650777    0.31559522    0.30926700    0.27672561    0.27714646    0.27714646    0.29915095    0.28968819    0.34483286    0.28714203
T0             0.27910494    0.16658769    0.04982499    0.00000000    0.14885181    0.14185543    0.24572082    0.26801164    0.24672294    0.29536123    0.27951443    0.28733163    0.27480083    0.34483286    0.33032243    0.32252653    0.31612686    0.28641582    0.28597440    0.28597440    0.31507530    0.29867706    0.35560324    0.29362273
T8             0.22621969    0.12204149    0.15139770    0.14885181    0.00000000    0.03701272    0.19325280    0.22390604    0.21264650    0.23209051    0.21781747    0.22683286    0.20751296    0.29647785    0.25754160    0.24707725    0.25358368    0.22914646    0.22592768    0.22592768    0.24069243    0.23209051    0.27794197    0.24272378
T11            0.21870393    0.11282319    0.14949343    0.14185543    0.03701272    0.00000000    0.18872973    0.22226922    0.20810331    0.22454057    0.21323250    0.22226922    0.19735595    0.28512464    0.24672294    0.23943823    0.24591925    0.21870393    0.21551442    0.21551442    0.22715396    0.21870393    0.26997871    0.24102840
T23            0.18573435    0.17167100    0.23383925    0.24572082    0.19325280    0.18872973    0.00000000    0.06944840    0.05840882    0.18349317    0.17608394    0.19233139    0.17118725    0.24036646    0.21293481    0.19176451    0.20047813    0.18076627    0.17245599    0.17245599    0.18598029    0.17805419    0.22564541    0.18526907
T2             0.21385592    0.21007509    0.25553533    0.26801164    0.22390604    0.22226922    0.06944840    0.00000000    0.02665029    0.22037057    0.21852135    0.23006839    0.19043647    0.28405921    0.24552418    0.22928246    0.23268616    0.20873051    0.19988162    0.19988162    0.21128861    0.20017536    0.25246442    0.20185828
T7             0.19707018    0.19073772    0.24069243    0.24672294    0.21264650    0.20810331    0.05840882    0.02665029    0.00000000    0.20047813    0.19858868    0.20974004    0.17963030    0.25900726    0.22782509    0.21195090    0.21521431    0.19483923    0.18623507    0.18623507    0.19735595    0.18649866    0.24069243    0.19932132
T21            0.16248931    0.22914646    0.30201509    0.29536123    0.23209051    0.22454057    0.18349317    0.22037057    0.20047813    0.00000000    0.08741406    0.09663193    0.12332996    0.21522727    0.17022469    0.14254975    0.14274346    0.14000373    0.12240100    0.12240100    0.13982454    0.13027889    0.19050344    0.14218643
T20            0.16270441    0.21494959    0.27951443    0.27951443    0.21781747    0.21323250    0.17608394    0.21852135    0.19858868    0.08741406    0.00000000    0.06762712    0.11365403    0.19905481    0.15986290    0.14019090    0.14294518    0.12762049    0.11523383    0.11523383    0.12253648    0.12267973    0.17450846    0.14455637
T15            0.17045257    0.22099630    0.29062568    0.28733163    0.22683286    0.22226922    0.19233139    0.23006839    0.20974004    0.09663193    0.06762712    0.00000000    0.11838907    0.20109008    0.17559055    0.15547859    0.15308639    0.14000373    0.13228265    0.13228265    0.14491659    0.14000373    0.17965512    0.15206566
T10            0.15618532    0.20467761    0.26842325    0.27480083    0.20751296    0.19735595    0.17118725    0.19043647    0.17963030    0.12332996    0.11365403    0.11838907    0.00000000    0.15986290    0.14038605    0.12121211    0.11892006    0.10895032    0.09685852    0.09685852    0.11365403    0.10173540    0.14949343    0.11320450
T5             0.23871498    0.30552697    0.34483286    0.34483286    0.29647785    0.28512464    0.24036646    0.28405921    0.25900726    0.21522727    0.19905481    0.20109008    0.15986290    0.00000000    0.23836817    0.21066328    0.20810331    0.20440437    0.19301997    0.19301997    0.20414037    0.19098099    0.24241909    0.21754105
T17            0.20047813    0.24005053    0.31650777    0.33032243    0.25754160    0.24672294    0.21293481    0.24552418    0.22782509    0.17022469    0.15986290    0.17559055    0.14038605    0.23836817    0.00000000    0.09698280    0.09005266    0.15265350    0.14473243    0.14473243    0.15766109    0.15006117    0.20695966    0.16189457
T16            0.18515998    0.24102840    0.31559522    0.32252653    0.24707725    0.23943823    0.19176451    0.22928246    0.21195090    0.14254975    0.14019090    0.15547859    0.12121211    0.21066328    0.09698280    0.00000000    0.03077619    0.13569491    0.12298945    0.12298945    0.13336107    0.12563858    0.17245599    0.13965337
T3             0.18268788    0.23538000    0.30926700    0.31612686    0.25358368    0.24591925    0.20047813    0.23268616    0.21521431    0.14274346    0.14294518    0.15308639    0.11892006    0.20810331    0.09005266    0.03077619    0.00000000    0.13336107    0.12068545    0.12068545    0.13569491    0.12332996    0.17000535    0.13228265
T1             0.15547859    0.20340407    0.27672561    0.28641582    0.22914646    0.21870393    0.18076627    0.20873051    0.19483923    0.14000373    0.12762049    0.14000373    0.10895032    0.20440437    0.15265350    0.13569491    0.13336107    0.00000000    0.06262811    0.06262811    0.07825782    0.06932024    0.12193738    0.14218643
T14            0.14788811    0.21158753    0.27714646    0.28597440    0.22592768    0.21551442    0.17245599    0.19988162    0.18623507    0.12240100    0.11523383    0.13228265    0.09685852    0.19301997    0.14473243    0.12298945    0.12068545    0.06262811    0.00000000    0.00000000    0.06487482    0.05825101    0.11927374    0.12950985
T22            0.14788811    0.21158753    0.27714646    0.28597440    0.22592768    0.21551442    0.17245599    0.19988162    0.18623507    0.12240100    0.11523383    0.13228265    0.09685852    0.19301997    0.14473243    0.12298945    0.12068545    0.06262811    0.00000000    0.00000000    0.06487482    0.05825101    0.11927374    0.12950985
T18            0.16849702    0.22302647    0.29915095    0.31507530    0.24069243    0.22715396    0.18598029    0.21128861    0.19735595    0.13982454    0.12253648    0.14491659    0.11365403    0.20414037    0.15766109    0.13336107    0.13569491    0.07825782    0.06487482    0.06487482    0.00000000    0.05403161    0.13631374    0.13697636
T19            0.15026676    0.21754105    0.28968819    0.29867706    0.23209051    0.21870393    0.17805419    0.20017536    0.18649866    0.13027889    0.12267973    0.14000373    0.10173540    0.19098099    0.15006117    0.12563858    0.12332996    0.06932024    0.05825101    0.05825101    0.05403161    0.00000000    0.12175294    0.13213049
T9             0.20440437    0.27096446    0.34483286    0.35560324    0.27794197    0.26997871    0.22564541    0.25246442    0.24069243    0.19050344    0.17450846    0.17965512    0.14949343    0.24241909    0.20695966    0.17245599    0.17000535    0.12193738    0.11927374    0.11927374    0.13631374    0.12175294    0.00000000    0.16641839
T12            0.17000535    0.22855506    0.28714203    0.29362273    0.24272378    0.24102840    0.18526907    0.20185828    0.19932132    0.14218643    0.14455637    0.15206566    0.11320450    0.21754105    0.16189457    0.13965337    0.13228265    0.14218643    0.12950985    0.12950985    0.13697636    0.13213049    0.16641839    0.00000000

