24
T4             0.00000000    0.26819398    0.29529967    0.27164939    0.46885250    0.46981646    0.43492811    0.44342401    0.43492811    0.43102626    0.39139748    0.37956448    0.38544099    0.37853950    0.39294512    0.40173199    0.39846954    0.36045648    0.38903233    0.35980552    0.36225331    0.36289223    0.35982851    0.38359307
T3             0.26819398    0.00000000    0.03907026    0.03077629    0.32424046    0.32838486    0.30743967    0.30743967    0.30979548    0.29583127    0.27871152    0.27592155    0.28112513    0.27515498    0.29732954    0.28191060    0.27911043    0.30202259    0.32899668    0.30827019    0.31068327    0.31800530    0.30222760    0.32738969
T2             0.29529967    0.03907026    0.00000000    0.03910452    0.33494905    0.33909697    0.33196682    0.33196682    0.32736174    0.31651500    0.29894443    0.29282620    0.29816853    0.29206970    0.31469434    0.29894443    0.29607729    0.33439123    0.36289223    0.34095024    0.33630614    0.34396940    0.33429698    0.35350273
T12            0.27164939    0.03077629    0.03910452    0.00000000    0.32015791    0.32424046    0.30351318    0.30351318    0.29915850    0.29536812    0.28151236    0.27871152    0.28393771    0.27794650    0.29362823    0.27515498    0.27237428    0.31613606    0.34392985    0.32253606    0.32493719    0.33253644    0.31604197    0.34180966
T6             0.46885250    0.32424046    0.33494905    0.32015791    0.00000000    0.02454926    0.07931491    0.07469408    0.06989077    0.07413107    0.24760552    0.23877869    0.25296485    0.24717053    0.28879590    0.25750605    0.25169125    0.51832954    0.55891892    0.52720802    0.52973937    0.53103732    0.50506932    0.53503778
T7             0.46981646    0.32838486    0.33909697    0.32424046    0.02454926    0.00000000    0.08885319    0.08413392    0.07917782    0.08342885    0.25117966    0.24850511    0.26291672    0.25702307    0.29264198    0.26743689    0.26152296    0.51960765    0.56039929    0.52851890    0.52084825    0.52211355    0.52094654    0.55177546
T21            0.43492811    0.30743967    0.33196682    0.30351318    0.07931491    0.08885319    0.00000000    0.00401613    0.05009517    0.06089903    0.24805038    0.23920451    0.25028024    0.24450546    0.28930340    0.25169125    0.24592497    0.51456456    0.55494231    0.52339819    0.52591676    0.52720802    0.49879613    0.52856167
T5             0.44342401    0.30743967    0.33196682    0.30351318    0.07469408    0.08413392    0.00401613    0.00000000    0.04572731    0.05646325    0.24805038    0.23920451    0.25028024    0.24450546    0.28930340    0.25169125    0.24592497    0.52470226    0.56591665    0.53369275    0.53621102    0.53755584    0.50848969    0.53874988
T15            0.43492811    0.30979548    0.32736174    0.29915850    0.06989077    0.07917782    0.05009517    0.04572731    0.00000000    0.04977423    0.24100871    0.23229442    0.24325890    0.23755939    0.27941972    0.24860092    0.24286308    0.48062282    0.51832954    0.48895427    0.48422235    0.48062282    0.47336972    0.50181576
T0             0.43102626    0.29583127    0.31651500    0.29536812    0.07413107    0.08342885    0.06089903    0.05646325    0.04977423    0.00000000    0.24900577    0.24020636    0.25128684    0.24552963    0.27715264    0.24977034    0.24404806    0.49147377    0.51960223    0.49992606    0.49768441    0.50361935    0.47501529    0.50343676
T23            0.39139748    0.27871152    0.29894443    0.28151236    0.24760552    0.25117966    0.24805038    0.24805038    0.24100871    0.24900577    0.00000000    0.04988270    0.06067360    0.05632587    0.21385982    0.18349569    0.17829772    0.41249488    0.43659809    0.41988941    0.43915796    0.44860920    0.43332057    0.45126558
T19            0.37956448    0.27592155    0.29282620    0.27871152    0.23877869    0.24850511    0.23920451    0.23920451    0.23229442    0.24020636    0.04988270    0.00000000    0.01006769    0.00602416    0.19427743    0.17022672    0.16513158    0.42148034    0.45482007    0.42899636    0.44860920    0.45830350    0.42736650    0.44517633
T9             0.38544099    0.28112513    0.29816853    0.28393771    0.25296485    0.26291672    0.25028024    0.25028024    0.24325890    0.25128684    0.06067360    0.01006769    0.00000000    0.00401106    0.20751609    0.18300965    0.17782385    0.42736650    0.46086285    0.43492811    0.45465343    0.46437584    0.43332057    0.45126558
T13            0.37853950    0.27515498    0.29206970    0.27794650    0.24717053    0.25702307    0.24450546    0.24450546    0.23755939    0.24552963    0.05632587    0.00602416    0.00401106    0.00000000    0.20213572    0.17782385    0.17267588    0.41988941    0.45296855    0.42736650    0.44686063    0.45644563    0.42579791    0.44355625
T8             0.39294512    0.29732954    0.31469434    0.29362823    0.28879590    0.29264198    0.28930340    0.28930340    0.27941972    0.27715264    0.21385982    0.19427743    0.20751609    0.20213572    0.00000000    0.07186279    0.06744030    0.46437584    0.50026950    0.47240226    0.47051861    0.48977118    0.45292677    0.47137261
T17            0.40173199    0.28191060    0.29894443    0.27515498    0.25750605    0.26743689    0.25169125    0.25169125    0.24860092    0.24977034    0.18349569    0.17022672    0.18300965    0.17782385    0.07186279    0.00000000    0.01212510    0.46180328    0.49293024    0.46981646    0.47693998    0.49659087    0.46164511    0.48032534
T18            0.39846954    0.27911043    0.29607729    0.27237428    0.25169125    0.26152296    0.24592497    0.24592497    0.24286308    0.24404806    0.17829772    0.16513158    0.17782385    0.17267588    0.06744030    0.01212510    0.00000000    0.44086424    0.47079738    0.44860920    0.45993902    0.47893380    0.44092861    0.45906468
T11            0.36045648    0.30202259    0.33439123    0.31613606    0.51832954    0.51960765    0.51456456    0.52470226    0.48062282    0.49147377    0.41249488    0.42148034    0.42736650    0.41988941    0.46437584    0.46180328    0.44086424    0.00000000    0.01824821    0.00602722    0.03280861    0.03284873    0.07387661    0.08955079
T16            0.38903233    0.32899668    0.36289223    0.34392985    0.55891892    0.56039929    0.55494231    0.56591665    0.51832954    0.51960223    0.43659809    0.45482007    0.46086285    0.45296855    0.50026950    0.49293024    0.47079738    0.01824821    0.00000000    0.02029443    0.04765552    0.04770835    0.08963678    0.10566077
T20            0.35980552    0.30827019    0.34095024    0.32253606    0.52720802    0.52851890    0.52339819    0.53369275    0.48895427    0.49992606    0.41988941    0.42899636    0.43492811    0.42736650    0.47240226    0.46981646    0.44860920    0.00602722    0.02029443    0.00000000    0.03488936    0.03492755    0.07606378    0.09178233
T22            0.36225331    0.31068327    0.33630614    0.32493719    0.52973937    0.52084825    0.52591676    0.53621102    0.48422235    0.49768441    0.43915796    0.44860920    0.45465343    0.44686063    0.47051861    0.47693998    0.45993902    0.03280861    0.04765552    0.03488936    0.00000000    0.01212510    0.08732654    0.10329580
T10            0.36289223    0.31800530    0.34396940    0.33253644    0.53103732    0.52211355    0.52720802    0.53755584    0.48062282    0.50361935    0.44860920    0.45830350    0.46437584    0.45644563    0.48977118    0.49659087    0.47893380    0.03284873    0.04770835    0.03492755    0.01212510    0.00000000    0.08973005    0.10576312
T1             0.35982851    0.30222760    0.33429698    0.31604197    0.50506932    0.52094654    0.49879613    0.50848969    0.47336972    0.47501529    0.43332057    0.42736650    0.43332057    0.42579791    0.45292677    0.46164511    0.44092861    0.07387661    0.08963678    0.07606378    0.08732654    0.08973005    0.00000000    0.02236499
T14            0.38359307    0.32738969    0.35350273    0.34180966    0.53503778    0.55177546    0.52856167    0.53874988    0.50181576    0.50343676    0.45126558    0.44517633    0.45126558    0.44355625    0.47137261    0.48032534    0.45906468    0.08955079    0.10566077    0.09178233    0.10329580    0.10576312    0.02236499    0.00000000

