24
T17            0.00000000    0.37373301    0.37253273    0.36881518    0.35948151    0.36435521    0.39825608    0.30506486    0.26459719    0.29884446    0.32948903    0.33404760    0.32703085    0.37315486    0.37945383    0.37249427    0.32624646    0.34838537    0.31717677    0.19307778    0.17743239    0.18853669    0.17318906    0.19966810
T2             0.37373301    0.00000000    0.02857375    0.03694843    0.02650621    0.04969532    0.06289737    0.41376546    0.38407531    0.41709147    0.46326133    0.46052138    0.45622686    0.49902027    0.50644526    0.49808903    0.47525877    0.46052138    0.44737303    0.39813707    0.38088249    0.39285694    0.38262389    0.43136560
T3             0.37253273    0.02857375    0.00000000    0.03694843    0.02650621    0.04969532    0.06277049    0.41249454    0.38298501    0.40797539    0.45748060    0.45470949    0.45048810    0.49997702    0.50742220    0.49909906    0.47383063    0.45896702    0.44579940    0.40082004    0.38728221    0.39934435    0.38902510    0.44235607
T0             0.36881518    0.03694843    0.03694843    0.00000000    0.01822326    0.04112747    0.06056200    0.39165122    0.36562572    0.39755550    0.43395212    0.43121082    0.42716117    0.47036356    0.47753489    0.46959013    0.44583035    0.43121082    0.41842494    0.38941341    0.36514203    0.37661312    0.37398638    0.42176782
T18            0.35948151    0.02650621    0.02650621    0.01822326    0.00000000    0.03063125    0.04977758    0.39107003    0.36250075    0.39430554    0.43871453    0.43598863    0.43188880    0.46839952    0.47554344    0.46759305    0.45056151    0.43598863    0.42316487    0.38352303    0.36663424    0.37826986    0.36824950    0.41981974
T16            0.36435521    0.04969532    0.04969532    0.04112747    0.03063125    0.00000000    0.03904424    0.39488693    0.36612313    0.39813707    0.44701665    0.44429113    0.44012255    0.48443937    0.49173291    0.48358924    0.45889710    0.44429113    0.43816965    0.37608889    0.35938923    0.36715901    0.35730133    0.40781508
T7             0.39825608    0.06289737    0.06277049    0.06056200    0.04977758    0.03904424    0.00000000    0.41775054    0.39165122    0.42109250    0.46326133    0.45622686    0.45622686    0.50178922    0.50924542    0.50087374    0.47525877    0.46922331    0.44737303    0.40199835    0.39224686    0.40453294    0.39025860    0.43970386
T12            0.30506486    0.41376546    0.41249454    0.39165122    0.39107003    0.39488693    0.41775054    0.00000000    0.09430241    0.11296188    0.15951151    0.15210276    0.14696801    0.17272389    0.18306307    0.17787451    0.15640336    0.15469015    0.13264097    0.30568297    0.27386337    0.28445545    0.31085313    0.34362243
T6             0.26459719    0.38407531    0.38298501    0.36562572    0.36250075    0.36612313    0.39165122    0.09430241    0.00000000    0.04545640    0.12474192    0.11767686    0.11284148    0.15248937    0.16253413    0.15749389    0.12927978    0.12997515    0.11809677    0.27980259    0.23819977    0.25090220    0.27010600    0.29747911
T1             0.29884446    0.41709147    0.40797539    0.39755550    0.39430554    0.39813707    0.42109250    0.11296188    0.04545640    0.00000000    0.14173124    0.13450204    0.12953398    0.16984076    0.18012468    0.17496400    0.15369074    0.14971120    0.13750284    0.30196552    0.26735068    0.28087303    0.29552330    0.31134218
T15            0.32948903    0.46326133    0.45748060    0.43395212    0.43871453    0.44701665    0.46326133    0.15951151    0.12474192    0.14173124    0.00000000    0.01415502    0.01007298    0.13281811    0.14258538    0.13768490    0.09635933    0.08752106    0.08742531    0.31577116    0.28511759    0.29830340    0.30322391    0.33797554
T21            0.33404760    0.46052138    0.45470949    0.43121082    0.43598863    0.44429113    0.45622686    0.15210276    0.11767686    0.13450204    0.01415502    0.00000000    0.00401618    0.12816468    0.13787495    0.13300316    0.08956129    0.08080072    0.08070667    0.31989578    0.28828984    0.30156948    0.30747575    0.34253369
T19            0.32703085    0.45622686    0.45048810    0.42716117    0.43188880    0.44012255    0.45622686    0.14696801    0.11284148    0.12953398    0.01007298    0.00401618    0.00000000    0.12318371    0.13281811    0.12798454    0.08496064    0.07623149    0.07614797    0.31321031    0.28196545    0.29505863    0.30078904    0.33546762
T20            0.37315486    0.49902027    0.49997702    0.47036356    0.46839952    0.48443937    0.50178922    0.17272389    0.15248937    0.16984076    0.13281811    0.12816468    0.12318371    0.00000000    0.00804446    0.00401107    0.11755238    0.12566796    0.12055034    0.35836487    0.31694550    0.32850057    0.35571235    0.38968446
T13            0.37945383    0.50644526    0.50742220    0.47753489    0.47554344    0.49173291    0.50924542    0.18306307    0.16253413    0.18012468    0.14258538    0.13787495    0.13281811    0.00804446    0.00000000    0.00401107    0.12706845    0.13534010    0.13013806    0.36457326    0.32285826    0.33447994    0.36187363    0.39221597
T11            0.37249427    0.49808903    0.49909906    0.46959013    0.46759305    0.48358924    0.50087374    0.17787451    0.15749389    0.17496400    0.13768490    0.13300316    0.12798454    0.00401107    0.00401107    0.00000000    0.12229455    0.13048752    0.12532802    0.35782645    0.31654181    0.32802490    0.35509596    0.38900461
T8             0.32624646    0.47525877    0.47383063    0.44583035    0.45056151    0.45889710    0.47525877    0.15640336    0.12927978    0.15369074    0.09635933    0.08956129    0.08496064    0.11755238    0.12706845    0.12229455    0.00000000    0.10577851    0.10095486    0.31080557    0.27653983    0.28961195    0.30446199    0.32882020
T10            0.34838537    0.46052138    0.45896702    0.43121082    0.43598863    0.44429113    0.46922331    0.15469015    0.12997515    0.14971120    0.08752106    0.08080072    0.07623149    0.12566796    0.13534010    0.13048752    0.10577851    0.00000000    0.09463905    0.33610273    0.30698389    0.32162981    0.32703085    0.36315805
T9             0.31717677    0.44737303    0.44579940    0.41842494    0.42316487    0.43816965    0.44737303    0.13264097    0.11809677    0.13750284    0.08742531    0.08070667    0.07614797    0.12055034    0.13013806    0.12532802    0.10095486    0.09463905    0.00000000    0.31028230    0.27914504    0.29296140    0.30795322    0.33951336
T4             0.19307778    0.39813707    0.40082004    0.38941341    0.38352303    0.37608889    0.40199835    0.30568297    0.27980259    0.30196552    0.31577116    0.31989578    0.31321031    0.35836487    0.36457326    0.35782645    0.31080557    0.33610273    0.31028230    0.00000000    0.12487665    0.14003761    0.19223068    0.22493107
T14            0.17743239    0.38088249    0.38728221    0.36514203    0.36663424    0.35938923    0.39224686    0.27386337    0.23819977    0.26735068    0.28511759    0.28828984    0.28196545    0.31694550    0.32285826    0.31654181    0.27653983    0.30698389    0.27914504    0.12487665    0.00000000    0.03281026    0.16874888    0.19749984
T23            0.18853669    0.39285694    0.39934435    0.37661312    0.37826986    0.36715901    0.40453294    0.28445545    0.25090220    0.28087303    0.29830340    0.30156948    0.29505863    0.32850057    0.33447994    0.32802490    0.28961195    0.32162981    0.29296140    0.14003761    0.03281026    0.00000000    0.18489027    0.20883369
T22            0.17318906    0.38262389    0.38902510    0.37398638    0.36824950    0.35730133    0.39025860    0.31085313    0.27010600    0.29552330    0.30322391    0.30747575    0.30078904    0.35571235    0.36187363    0.35509596    0.30446199    0.32703085    0.30795322    0.19223068    0.16874888    0.18489027    0.00000000    0.06979753
T5             0.19966810    0.43136560    0.44235607    0.42176782    0.41981974    0.40781508    0.43970386    0.34362243    0.29747911    0.31134218    0.33797554    0.34253369    0.33546762    0.38968446    0.39221597    0.38900461    0.32882020    0.36315805    0.33951336    0.22493107    0.19749984    0.20883369    0.06979753    0.00000000

