24
T4             0.00000000    0.26538706    0.26538706    0.29238830    0.39896363    0.30389387    0.30426442    0.32942445    0.29316408    0.24990057    0.24666304    0.26782586    0.29316408    0.26848493    0.28107227    0.28069774    0.26883062    0.26883062    0.25046915    0.26474713    0.27092370    0.27931026    0.27370825    0.27370825
T20            0.26538706    0.00000000    0.00000000    0.15910097    0.28548992    0.16776586    0.16675078    0.20898643    0.16733426    0.15704293    0.15685895    0.16206913    0.17265550    0.16206913    0.16998779    0.16226675    0.17878099    0.17878099    0.15743587    0.16511231    0.17043359    0.18595818    0.17557057    0.17243830
T21            0.26538706    0.00000000    0.00000000    0.15910097    0.28548992    0.16776586    0.16675078    0.20898643    0.16733426    0.15704293    0.15685895    0.16206913    0.17265550    0.16206913    0.16998779    0.16226675    0.17878099    0.17878099    0.15743587    0.16511231    0.17043359    0.18595818    0.17557057    0.17243830
T10            0.29238830    0.15910097    0.15910097    0.00000000    0.24169026    0.14406652    0.16840818    0.18390769    0.16169924    0.14392366    0.14378903    0.15138630    0.16169924    0.15138630    0.15910097    0.13642150    0.15964801    0.15964801    0.13667760    0.14128208    0.15138630    0.15893551    0.14898848    0.15379247
T5             0.39896363    0.28548992    0.28548992    0.24169026    0.00000000    0.27370825    0.32304853    0.33932245    0.27998182    0.27404089    0.27370825    0.27060079    0.27060079    0.26751254    0.27438446    0.25864603    0.30389387    0.30389387    0.27160214    0.28388458    0.29356898    0.30216741    0.29316408    0.28992559
T0             0.30389387    0.16776586    0.16776586    0.14406652    0.27370825    0.00000000    0.13227246    0.15445137    0.15463693    0.13947932    0.14437682    0.15723524    0.17311565    0.14692215    0.15205207    0.13947932    0.16847669    0.16847669    0.14235144    0.14184441    0.14437682    0.15445137    0.14200534    0.15704293
T23            0.30426442    0.16675078    0.16675078    0.16840818    0.32304853    0.13227246    0.00000000    0.14884101    0.17165591    0.16657344    0.16640473    0.18232693    0.19323102    0.16902342    0.17165591    0.16657344    0.18571303    0.18571303    0.16169924    0.16640473    0.17430236    0.18442867    0.17412150    0.17677498
T6             0.32942445    0.20898643    0.20898643    0.18390769    0.33932245    0.15445137    0.14884101    0.00000000    0.20617617    0.18174671    0.18157120    0.19783905    0.20617617    0.19277597    0.18963887    0.18983620    0.20183266    0.20183266    0.18482107    0.18424596    0.19235732    0.20828968    0.19762842    0.19530294
T3             0.29316408    0.16733426    0.16733426    0.16169924    0.27998182    0.15463693    0.17165591    0.20617617    0.00000000    0.09934678    0.09685266    0.10426951    0.12139095    0.09685266    0.10878920    0.09226964    0.14529466    0.14529466    0.12267079    0.13461527    0.13461527    0.14169159    0.13696602    0.14709604
T12            0.24990057    0.15704293    0.15704293    0.14392366    0.27404089    0.13947932    0.16657344    0.18174671    0.09934678    0.00000000    0.01006767    0.06743694    0.09251693    0.09016899    0.10442513    0.09029786    0.11577230    0.11577230    0.10134474    0.11053127    0.11293568    0.12252798    0.11764867    0.11306239
T17            0.24666304    0.15685895    0.15685895    0.14378903    0.27370825    0.14437682    0.16640473    0.18157120    0.09685266    0.01006767    0.00000000    0.06960140    0.09004727    0.08771579    0.10187082    0.08783205    0.11562450    0.11562450    0.10123166    0.11041796    0.11281658    0.12239294    0.11752553    0.11293568
T18            0.26782586    0.16206913    0.16206913    0.15138630    0.27060079    0.15723524    0.18232693    0.19783905    0.10426951    0.06743694    0.06960140    0.00000000    0.05638897    0.09710775    0.10910173    0.09487595    0.13802295    0.13802295    0.11562450    0.12993755    0.13243204    0.14709604    0.13728652    0.13981255
T19            0.29316408    0.17265550    0.17265550    0.16169924    0.27060079    0.17311565    0.19323102    0.20617617    0.12139095    0.09251693    0.09004727    0.05638897    0.00000000    0.11854827    0.12101814    0.11380930    0.16362831    0.16362831    0.13511284    0.14727809    0.14984966    0.16489931    0.15483077    0.15483077
T22            0.26848493    0.16206913    0.16206913    0.15138630    0.26751254    0.14692215    0.16902342    0.19277597    0.09685266    0.09016899    0.08771579    0.09710775    0.11854827    0.00000000    0.07661959    0.06089600    0.12830818    0.12830818    0.11078064    0.12252798    0.12498564    0.13947932    0.12978419    0.13477320
T14            0.28107227    0.16998779    0.16998779    0.15910097    0.27438446    0.15205207    0.17165591    0.18963887    0.10878920    0.10442513    0.10187082    0.10910173    0.12101814    0.07661959    0.00000000    0.06988643    0.14057485    0.14057485    0.12545553    0.13493906    0.13745873    0.15223919    0.14235144    0.13981255
T7             0.28069774    0.16226675    0.16226675    0.13642150    0.25864603    0.13947932    0.16657344    0.18983620    0.09226964    0.09029786    0.08783205    0.09487595    0.11380930    0.06089600    0.06988643    0.00000000    0.12562762    0.12562762    0.10637895    0.11535172    0.11777950    0.13212079    0.12252798    0.12745546
T13            0.26883062    0.17878099    0.17878099    0.15964801    0.30389387    0.16847669    0.18571303    0.20183266    0.14529466    0.11577230    0.11562450    0.13802295    0.16362831    0.12830818    0.14057485    0.12562762    0.00000000    0.00000000    0.07205252    0.08550600    0.08319073    0.09215681    0.08771579    0.09238969
T8             0.26883062    0.17878099    0.17878099    0.15964801    0.30389387    0.16847669    0.18571303    0.20183266    0.14529466    0.11577230    0.11562450    0.13802295    0.16362831    0.12830818    0.14057485    0.12562762    0.00000000    0.00000000    0.07205252    0.08550600    0.08319073    0.09215681    0.08771579    0.09238969
T15            0.25046915    0.15743587    0.15743587    0.13667760    0.27160214    0.14235144    0.16169924    0.18482107    0.12267079    0.10134474    0.10123166    0.11562450    0.13511284    0.11078064    0.12545553    0.10637895    0.07205252    0.07205252    0.00000000    0.05425785    0.05206460    0.06511642    0.05638897    0.08078598
T9             0.26474713    0.16511231    0.16511231    0.14128208    0.28388458    0.14184441    0.16640473    0.18424596    0.13461527    0.11053127    0.11041796    0.12993755    0.14727809    0.12252798    0.13493906    0.11535172    0.08550600    0.08550600    0.05425785    0.00000000    0.01620802    0.03485707    0.02650494    0.09205123
T2             0.27092370    0.17043359    0.17043359    0.15138630    0.29356898    0.14437682    0.17430236    0.19235732    0.13461527    0.11293568    0.11281658    0.13243204    0.14984966    0.12498564    0.13745873    0.11777950    0.08319073    0.08319073    0.05206460    0.01620802    0.00000000    0.03274724    0.02442150    0.09205123
T16            0.27931026    0.18595818    0.18595818    0.15893551    0.30216741    0.15445137    0.18442867    0.20828968    0.14169159    0.12252798    0.12239294    0.14709604    0.16489931    0.13947932    0.15223919    0.13212079    0.09215681    0.09215681    0.06511642    0.03485707    0.03274724    0.00000000    0.01210951    0.10349056
T11            0.27370825    0.17557057    0.17557057    0.14898848    0.29316408    0.14200534    0.17412150    0.19762842    0.13696602    0.11764867    0.11752553    0.13728652    0.15483077    0.12978419    0.14235144    0.12252798    0.08771579    0.08771579    0.05638897    0.02650494    0.02442150    0.01210951    0.00000000    0.09428436
T1             0.27370825    0.17243830    0.17243830    0.15379247    0.28992559    0.15704293    0.17677498    0.19530294    0.14709604    0.11306239    0.11293568    0.13981255    0.15483077    0.13477320    0.13981255    0.12745546    0.09238969    0.09238969    0.08078598    0.09205123    0.09205123    0.10349056    0.09428436    0.00000000

