24
T1             0.00000000    0.41959135    0.43167393    0.43167393    0.32151548    0.32151548    0.32447421    0.33184635    0.38635218    0.38312849    0.15226683    0.31474537    0.21388634    0.16803108    0.21100059    0.21970848    0.21873382    0.21873382    0.21873382    0.15670913    0.18215882    0.17740017    0.17247278    0.18506791
T12            0.41959135    0.00000000    0.01010174    0.01010174    0.15028127    0.15028127    0.15266812    0.16341819    0.23681368    0.23415779    0.42294535    0.54456858    0.49425819    0.45302737    0.48139354    0.50056218    0.49967125    0.49058937    0.49967125    0.44884829    0.43753872    0.48010592    0.46858366    0.47726964
T17            0.43167393    0.01010174    0.00000000    0.00000000    0.15812177    0.15812177    0.16052917    0.17146991    0.24575500    0.24307254    0.42695643    0.54941781    0.50800661    0.46577919    0.49501797    0.51456879    0.51361229    0.50427505    0.51361229    0.46149221    0.44971799    0.49342521    0.48167010    0.49058937
T16            0.43167393    0.01010174    0.00000000    0.00000000    0.15812177    0.15812177    0.16052917    0.17146991    0.24575500    0.24307254    0.42695643    0.54941781    0.50800661    0.46577919    0.49501797    0.51456879    0.51361229    0.50427505    0.51361229    0.46149221    0.44971799    0.49342521    0.48167010    0.49058937
T20            0.32151548    0.15028127    0.15812177    0.15812177    0.00000000    0.00806493    0.01008424    0.01833326    0.14171210    0.13934511    0.30516446    0.47805898    0.35000135    0.32020381    0.35317395    0.38049815    0.35407697    0.34694375    0.35407697    0.34794969    0.33857342    0.37494388    0.36497206    0.35407697
T0             0.32151548    0.15028127    0.15812177    0.15812177    0.00806493    0.00000000    0.00200301    0.01010174    0.13669593    0.13434149    0.29859516    0.47367781    0.34646019    0.31684176    0.34955533    0.37671484    0.35049759    0.34341508    0.35049759    0.34794969    0.33857342    0.37494388    0.36497206    0.35407697
T8             0.32447421    0.15266812    0.16052917    0.16052917    0.01008424    0.00200301    0.00000000    0.01212520    0.13905843    0.13669593    0.30147509    0.47726964    0.34951817    0.31979100    0.35261272    0.37987973    0.35356787    0.34646019    0.35356787    0.35100687    0.34160821    0.37810757    0.36809492    0.35716011
T2             0.33184635    0.16341819    0.17146991    0.17146991    0.01833326    0.01010174    0.01212520    0.00000000    0.14933235    0.14694605    0.30848189    0.48693865    0.35716011    0.32699675    0.36049101    0.38815209    0.36131382    0.35407697    0.36131382    0.35876621    0.34904807    0.37868443    0.36865736    0.36497206
T7             0.38635218    0.23681368    0.24575500    0.24575500    0.14171210    0.13669593    0.13905843    0.14933235    0.00000000    0.00200301    0.37310648    0.53420357    0.42513557    0.39241308    0.41384623    0.45449034    0.44156548    0.43354425    0.44156548    0.40737287    0.40600486    0.41787917    0.41502468    0.41118408
T19            0.38312849    0.23415779    0.24307254    0.24307254    0.13934511    0.13434149    0.13669593    0.14694605    0.00200301    0.00000000    0.36993870    0.53031169    0.42174950    0.38915894    0.41052377    0.45099138    0.43811699    0.43012781    0.43811699    0.40785972    0.40269173    0.41452385    0.41168562    0.40785972
T10            0.15226683    0.42294535    0.42695643    0.42695643    0.30516446    0.29859516    0.30147509    0.30848189    0.37310648    0.36993870    0.00000000    0.25723859    0.15447806    0.11742326    0.14933235    0.16229768    0.15912696    0.15912696    0.15912696    0.15912696    0.17662579    0.17151031    0.16398802    0.16922821
T11            0.31474537    0.54456858    0.54941781    0.54941781    0.47805898    0.47367781    0.47726964    0.48693865    0.53420357    0.53031169    0.25723859    0.00000000    0.32837887    0.28642775    0.31390459    0.31725537    0.31939045    0.31939045    0.31939045    0.29392214    0.30908347    0.33388360    0.32447421    0.31350226
T18            0.21388634    0.49425819    0.50800661    0.50800661    0.35000135    0.34646019    0.34951817    0.35716011    0.42513557    0.42174950    0.15447806    0.32837887    0.00000000    0.03705627    0.11823599    0.11823599    0.13011941    0.13011941    0.13011941    0.20111201    0.21070107    0.22225914    0.21704153    0.21372626
T13            0.16803108    0.45302737    0.46577919    0.46577919    0.32020381    0.31684176    0.31979100    0.32699675    0.39241308    0.38915894    0.11742326    0.28642775    0.03705627    0.00000000    0.08761581    0.09462889    0.09663685    0.09663685    0.09663685    0.17151031    0.18393718    0.18715987    0.18215882    0.18143391
T14            0.21100059    0.48139354    0.49501797    0.49501797    0.35317395    0.34955533    0.35261272    0.36049101    0.41384623    0.41052377    0.14933235    0.31390459    0.11823599    0.08761581    0.00000000    0.05213720    0.05413378    0.05413378    0.05413378    0.20342541    0.21350524    0.22513623    0.21990216    0.22225914
T4             0.21970848    0.50056218    0.51456879    0.51456879    0.38049815    0.37671484    0.37987973    0.38815209    0.45449034    0.45099138    0.16229768    0.31725537    0.11823599    0.09462889    0.05213720    0.00000000    0.06074382    0.06074382    0.06074382    0.20903409    0.22201375    0.23386855    0.22858394    0.22803003
T6             0.21873382    0.49967125    0.51361229    0.51361229    0.35407697    0.35049759    0.35356787    0.36131382    0.44156548    0.43811699    0.15912696    0.31939045    0.13011941    0.09663685    0.05413378    0.06074382    0.00000000    0.00401615    0.00401615    0.22016851    0.23040946    0.23947956    0.23711168    0.23947956
T9             0.21873382    0.49058937    0.50427505    0.50427505    0.34694375    0.34341508    0.34646019    0.35407697    0.43354425    0.43012781    0.15912696    0.31939045    0.13011941    0.09663685    0.05413378    0.06074382    0.00401615    0.00000000    0.00806493    0.22016851    0.23040946    0.23947956    0.23711168    0.23947956
T15            0.21873382    0.49967125    0.51361229    0.51361229    0.35407697    0.35049759    0.35356787    0.36131382    0.44156548    0.43811699    0.15912696    0.31939045    0.13011941    0.09663685    0.05413378    0.06074382    0.00401615    0.00806493    0.00000000    0.22016851    0.23040946    0.23947956    0.23711168    0.23947956
T21            0.15670913    0.44884829    0.46149221    0.46149221    0.34794969    0.34794969    0.35100687    0.35876621    0.40737287    0.40785972    0.15912696    0.29392214    0.20111201    0.17151031    0.20342541    0.20903409    0.22016851    0.22016851    0.22016851    0.00000000    0.05403284    0.06512129    0.05639285    0.08983456
T23            0.18215882    0.43753872    0.44971799    0.44971799    0.33857342    0.33857342    0.34160821    0.34904807    0.40600486    0.40269173    0.17662579    0.30908347    0.21070107    0.18393718    0.21350524    0.22201375    0.23040946    0.23040946    0.23040946    0.05403284    0.00000000    0.08070008    0.07177869    0.10599587
T3             0.17740017    0.48010592    0.49342521    0.49342521    0.37494388    0.37494388    0.37810757    0.37868443    0.41787917    0.41452385    0.17151031    0.33388360    0.22225914    0.18715987    0.22513623    0.23386855    0.23947956    0.23947956    0.23947956    0.06512129    0.08070008    0.00000000    0.01210967    0.09663685
T22            0.17247278    0.46858366    0.48167010    0.48167010    0.36497206    0.36497206    0.36809492    0.36865736    0.41502468    0.41168562    0.16398802    0.32447421    0.21704153    0.18215882    0.21990216    0.22858394    0.23711168    0.23711168    0.23711168    0.05639285    0.07177869    0.01210967    0.00000000    0.08751326
T5             0.18506791    0.47726964    0.49058937    0.49058937    0.35407697    0.35407697    0.35716011    0.36497206    0.41118408    0.40785972    0.16922821    0.31350226    0.21372626    0.18143391    0.22225914    0.22803003    0.23947956    0.23947956    0.23947956    0.08983456    0.10599587    0.09663685    0.08751326    0.00000000

