24
T12            0.00000000    0.35625091    0.36132014    0.36608257    0.47240945    0.48228397    0.49522709    0.46975581    0.43453730    0.39782855    0.39782855    0.42703415    0.40829391    0.40829391    0.40569412    0.39717805    0.40897653    0.40501257    0.32955005    0.28890451    0.30187313    0.31271602    0.31139897    0.32107086
T21            0.35625091    0.00000000    0.04559939    0.15726562    0.25147608    0.25325450    0.25758316    0.25147608    0.22513839    0.21784680    0.21784680    0.26615613    0.24307526    0.24307526    0.23181469    0.23151424    0.22334073    0.22044673    0.38448350    0.35975371    0.36701700    0.38306573    0.38625830    0.38565258
T3             0.36132014    0.04559939    0.00000000    0.18575619    0.28116973    0.28288736    0.28437025    0.28116973    0.24813678    0.24008583    0.24008583    0.29327011    0.26927651    0.26927651    0.25758316    0.25180925    0.24275936    0.23977890    0.40123235    0.37594568    0.38337099    0.39979184    0.40434572    0.40369358
T13            0.36608257    0.15726562    0.18575619    0.00000000    0.22857414    0.22197126    0.22560221    0.21679135    0.19990945    0.18459539    0.18459539    0.22786231    0.20876283    0.20876283    0.19798393    0.19767926    0.20114234    0.19829755    0.36186897    0.34240185    0.33534363    0.33991772    0.34651682    0.35318031
T9             0.47240945    0.25147608    0.28116973    0.22857414    0.00000000    0.02236523    0.06289352    0.06289352    0.11536682    0.20244433    0.20244433    0.23774040    0.21843018    0.21843018    0.21905165    0.21296463    0.21646551    0.21357131    0.47867919    0.45406862    0.45406862    0.47598228    0.47336317    0.46107240
T0             0.48228397    0.25325450    0.28288736    0.22197126    0.02236523    0.00000000    0.06932245    0.06932245    0.12216096    0.21554447    0.21554447    0.25147608    0.23181469    0.23181469    0.23244519    0.22625165    0.22981226    0.22686685    0.48416276    0.45676626    0.45676626    0.48317988    0.47610509    0.46379959
T15            0.49522709    0.25758316    0.28437025    0.22560221    0.06289352    0.06932245    0.00000000    0.01210967    0.11294985    0.22490808    0.22490808    0.26139874    0.24444000    0.24444000    0.24213826    0.23575584    0.23948005    0.23646322    0.49693122    0.48590634    0.48590634    0.50837721    0.50531105    0.49230513
T7             0.46975581    0.25147608    0.28116973    0.21679135    0.06289352    0.06932245    0.01210967    0.00000000    0.11294985    0.21614906    0.21614906    0.25521571    0.23541692    0.23541692    0.23311498    0.22686685    0.23048383    0.22752083    0.48502500    0.47421881    0.47421881    0.49623747    0.49326095    0.48048312
T8             0.43453730    0.22513839    0.24813678    0.19990945    0.11536682    0.12216096    0.11294985    0.11294985    0.00000000    0.18279803    0.18279803    0.22567543    0.20391037    0.20391037    0.20161839    0.19579945    0.20470494    0.20188452    0.42829580    0.41897460    0.41502687    0.42425180    0.42762264    0.42295386
T6             0.39782855    0.21784680    0.24008583    0.18459539    0.20244433    0.21554447    0.22490808    0.21614906    0.18279803    0.00000000    0.00000000    0.05836060    0.03907092    0.03907092    0.03277544    0.02855471    0.03077694    0.02866684    0.43040933    0.41822678    0.40633510    0.44025691    0.43114515    0.41822678
T17            0.39782855    0.21784680    0.24008583    0.18459539    0.20244433    0.21554447    0.22490808    0.21614906    0.18279803    0.00000000    0.00000000    0.05836060    0.03907092    0.03907092    0.03277544    0.02855471    0.03077694    0.02866684    0.43040933    0.41822678    0.40633510    0.44025691    0.43114515    0.41822678
T1             0.42703415    0.26615613    0.29327011    0.22786231    0.23774040    0.25147608    0.26139874    0.25521571    0.22567543    0.05836060    0.05836060    0.00000000    0.02653245    0.02653245    0.04549631    0.04117119    0.07387928    0.07162619    0.43869977    0.43453730    0.42225461    0.45479857    0.44959897    0.44025691
T19            0.40829391    0.24307526    0.26927651    0.20876283    0.21843018    0.23181469    0.24444000    0.23541692    0.20391037    0.03907092    0.03907092    0.02653245    0.00000000    0.00000000    0.02653245    0.02234713    0.05413390    0.05194989    0.43040933    0.42225461    0.41026753    0.44187783    0.43684388    0.42776853
T10            0.40829391    0.24307526    0.26927651    0.20876283    0.21843018    0.23181469    0.24444000    0.23541692    0.20391037    0.03907092    0.03907092    0.02653245    0.00000000    0.00000000    0.02653245    0.02234713    0.05413390    0.05194989    0.43040933    0.42225461    0.41026753    0.44187783    0.43684388    0.42776853
T4             0.40569412    0.23181469    0.25758316    0.19798393    0.21905165    0.23244519    0.24213826    0.23311498    0.20161839    0.03277544    0.03277544    0.04549631    0.02653245    0.02653245    0.00000000    0.01619058    0.04770961    0.04554455    0.42367436    0.41961357    0.40762613    0.44187783    0.43684388    0.42776853
T18            0.39717805    0.23151424    0.25180925    0.19767926    0.21296463    0.22625165    0.23575584    0.22686685    0.19579945    0.02855471    0.02855471    0.04117119    0.02234713    0.02234713    0.01619058    0.00000000    0.04334529    0.04120352    0.41092126    0.41092126    0.39916969    0.43266375    0.42776853    0.41891256
T14            0.40897653    0.22334073    0.24275936    0.20114234    0.21646551    0.22981226    0.23948005    0.23048383    0.20470494    0.03077694    0.03077694    0.07387928    0.05413390    0.05413390    0.04770961    0.04334529    0.00000000    0.00200403    0.44634023    0.42968915    0.41755626    0.44793709    0.44713054    0.43794512
T20            0.40501257    0.22044673    0.23977890    0.19829755    0.21357131    0.22686685    0.23646322    0.22752083    0.20188452    0.02866684    0.02866684    0.07162619    0.05194989    0.05194989    0.04554455    0.04120352    0.00200403    0.00000000    0.44212498    0.42561193    0.41357675    0.44368574    0.44289732    0.43380003
T2             0.32955005    0.38448350    0.40123235    0.36186897    0.47867919    0.48416276    0.49693122    0.48502500    0.42829580    0.43040933    0.43040933    0.43869977    0.43040933    0.43040933    0.42367436    0.41092126    0.44634023    0.44212498    0.00000000    0.14662166    0.14886295    0.14694700    0.14712200    0.15688692
T11            0.28890451    0.35975371    0.37594568    0.34240185    0.45406862    0.45676626    0.48590634    0.47421881    0.41897460    0.41822678    0.41822678    0.43453730    0.42225461    0.42225461    0.41961357    0.41092126    0.42968915    0.42561193    0.14662166    0.00000000    0.01415481    0.08046223    0.07813396    0.08717583
T5             0.30187313    0.36701700    0.38337099    0.33534363    0.45406862    0.45676626    0.48590634    0.47421881    0.41502687    0.40633510    0.40633510    0.42225461    0.41026753    0.41026753    0.40762613    0.39916969    0.41755626    0.41357675    0.14886295    0.01415481    0.00000000    0.08033943    0.07803593    0.08705081
T23            0.31271602    0.38306573    0.39979184    0.33991772    0.47598228    0.48317988    0.50837721    0.49623747    0.42425180    0.44025691    0.44025691    0.45479857    0.44187783    0.44187783    0.44187783    0.43266375    0.44793709    0.44368574    0.14694700    0.08046223    0.08033943    0.00000000    0.05194989    0.05626883
T22            0.31139897    0.38625830    0.40434572    0.34651682    0.47336317    0.47610509    0.50531105    0.49326095    0.42762264    0.43114515    0.43114515    0.44959897    0.43684388    0.43684388    0.43684388    0.42776853    0.44713054    0.44289732    0.14712200    0.07813396    0.07803593    0.05194989    0.00000000    0.04117119
T16            0.32107086    0.38565258    0.40369358    0.35318031    0.46107240    0.46379959    0.49230513    0.48048312    0.42295386    0.41822678    0.41822678    0.44025691    0.42776853    0.42776853    0.42776853    0.41891256    0.43794512    0.43380003    0.15688692    0.08717583    0.08705081    0.05626883    0.04117119    0.00000000

