24
T9             0.00000000    0.28602139    0.19206100    0.20019444    0.19990029    0.21969904    0.24747056    0.27163764    0.25361448    0.28927604    0.28737254    0.29115390    0.29732449    0.24022976    0.20686889    0.21341036    0.20686889    0.23276355    0.21904082    0.19737436    0.21387773    0.14511838    0.18302211    0.21356091
T8             0.28602139    0.00000000    0.14295482    0.14789836    0.15811691    0.16583429    0.24175789    0.27528108    0.23874171    0.28645531    0.27163764    0.27528108    0.27805851    0.28866874    0.24541170    0.23396591    0.25167202    0.28552444    0.27207064    0.25658651    0.26294651    0.24944625    0.28737254    0.32428521
T13            0.19206100    0.14295482    0.00000000    0.00805160    0.01210965    0.04539152    0.15189583    0.18599581    0.15189583    0.18506410    0.17806834    0.18054086    0.18302211    0.20653114    0.15332655    0.16445785    0.16177420    0.20588295    0.19151114    0.17120140    0.18155366    0.15527044    0.19099703    0.22489622
T7             0.20019444    0.14789836    0.00805160    0.00000000    0.00805160    0.05399250    0.15688300    0.19124960    0.15688300    0.19029332    0.18874585    0.19124960    0.19376227    0.21488409    0.16099952    0.17230076    0.17230076    0.21420389    0.19961521    0.17635844    0.18956070    0.16294011    0.19907234    0.23345167
T10            0.19990029    0.15811691    0.01210965    0.00805160    0.00000000    0.05831737    0.16715914    0.19654294    0.16715914    0.19556153    0.19402256    0.19654294    0.19907234    0.21745855    0.16341277    0.17474096    0.17474096    0.21677988    0.20215127    0.17881862    0.19206100    0.16536418    0.20161084    0.23609180
T16            0.21969904    0.16583429    0.04539152    0.05399250    0.05831737    0.00000000    0.17492826    0.21038475    0.17492826    0.21211750    0.20782344    0.21038475    0.21009490    0.22298735    0.17120140    0.18270527    0.17718956    0.22456410    0.20697843    0.19234928    0.19457014    0.16779663    0.20415849    0.25091755
T14            0.24747056    0.24175789    0.15189583    0.15688300    0.16715914    0.17492826    0.00000000    0.04572816    0.09475347    0.13279456    0.12333718    0.12351916    0.12086026    0.24784559    0.22669997    0.23574945    0.22298735    0.27440508    0.25520285    0.23984296    0.23609180    0.20753248    0.24607161    0.28409891
T5             0.27163764    0.27528108    0.18599581    0.19124960    0.19654294    0.21038475    0.04572816    0.00000000    0.12103605    0.15548994    0.14059863    0.14596890    0.14316479    0.28272596    0.26615721    0.26938873    0.25568666    0.30642726    0.28927604    0.27343325    0.26383231    0.24212429    0.27955098    0.30983515
T20            0.25361448    0.23874171    0.15189583    0.15688300    0.16715914    0.17492826    0.09475347    0.12103605    0.00000000    0.08732921    0.07841529    0.07850351    0.08281760    0.24479244    0.20907958    0.21781190    0.20557256    0.25556543    0.22829624    0.21325343    0.22424158    0.20469645    0.23710467    0.29634124
T1             0.28927604    0.28645531    0.18506410    0.19029332    0.19556153    0.21211750    0.13279456    0.15548994    0.08732921    0.00000000    0.04545452    0.05407967    0.05831737    0.28972888    0.24862585    0.25171693    0.23874171    0.29780483    0.26614371    0.24979453    0.26138464    0.23540538    0.26237648    0.31221365
T11            0.28737254    0.27163764    0.17806834    0.18874585    0.19402256    0.20782344    0.12333718    0.14059863    0.07841529    0.04545452    0.00000000    0.02447312    0.04549602    0.27483773    0.24677068    0.24987146    0.23381036    0.29256036    0.26725303    0.24479244    0.24710562    0.23417879    0.26650282    0.32076908
T12            0.29115390    0.27528108    0.18054086    0.19124960    0.19654294    0.21038475    0.12351916    0.14596890    0.07850351    0.05407967    0.02447312    0.00000000    0.04554416    0.27528108    0.24103282    0.24410496    0.23417879    0.28645531    0.26138464    0.24516813    0.25361448    0.23154970    0.26375277    0.31091067
T17            0.29732449    0.27805851    0.18302211    0.19376227    0.19907234    0.21009490    0.12086026    0.14316479    0.08281760    0.05831737    0.04549602    0.04554416    0.00000000    0.28456319    0.24987146    0.25299167    0.24288687    0.29586647    0.27040246    0.25400857    0.25632157    0.23946601    0.27278179    0.32665200
T6             0.24022976    0.28866874    0.20653114    0.21488409    0.21745855    0.22298735    0.24784559    0.28272596    0.24479244    0.28972888    0.27483773    0.27528108    0.28456319    0.00000000    0.13612377    0.14433381    0.13357722    0.17094768    0.16757560    0.13297849    0.13297849    0.20557256    0.23574367    0.28784765
T22            0.20686889    0.24541170    0.15332655    0.16099952    0.16341277    0.17120140    0.22669997    0.26615721    0.20907958    0.24862585    0.24677068    0.24103282    0.24987146    0.13612377    0.00000000    0.04588356    0.04994785    0.10611939    0.09186934    0.06969502    0.08089333    0.17120140    0.18874585    0.23984296
T23            0.21341036    0.23396591    0.16445785    0.17230076    0.17474096    0.18270527    0.23574945    0.26938873    0.21781190    0.25171693    0.24987146    0.24410496    0.25299167    0.14433381    0.04588356    0.00000000    0.05894889    0.11366011    0.10147600    0.07905020    0.09044448    0.17173423    0.20049764    0.24677068
T15            0.20686889    0.25167202    0.16177420    0.17230076    0.17474096    0.17718956    0.22298735    0.25568666    0.20557256    0.23874171    0.23381036    0.23417879    0.24288687    0.13357722    0.04994785    0.05894889    0.00000000    0.09898979    0.08724857    0.07423192    0.07859881    0.17390679    0.19708818    0.24594949
T4             0.23276355    0.28552444    0.20588295    0.21420389    0.21677988    0.22456410    0.27440508    0.30642726    0.25556543    0.29780483    0.29256036    0.28645531    0.29586647    0.17094768    0.10611939    0.11366011    0.09898979    0.00000000    0.07599696    0.10361227    0.11512139    0.20442284    0.22277372    0.27955098
T18            0.21904082    0.27207064    0.19151114    0.19961521    0.20215127    0.20697843    0.25520285    0.28927604    0.22829624    0.26614371    0.26725303    0.26138464    0.27040246    0.16757560    0.09186934    0.10147600    0.08724857    0.07599696    0.00000000    0.09163932    0.10078597    0.19351100    0.21444214    0.26725303
T21            0.19737436    0.25658651    0.17120140    0.17635844    0.17881862    0.19234928    0.23984296    0.27343325    0.21325343    0.24979453    0.24479244    0.24516813    0.25400857    0.13297849    0.06969502    0.07905020    0.07423192    0.10361227    0.09163932    0.00000000    0.04541967    0.17584718    0.19628392    0.24175789
T2             0.21387773    0.26294651    0.18155366    0.18956070    0.19206100    0.19457014    0.23609180    0.26383231    0.22424158    0.26138464    0.24710562    0.25361448    0.25632157    0.13297849    0.08089333    0.09044448    0.07859881    0.11512139    0.10078597    0.04541967    0.00000000    0.18078097    0.20981441    0.25943182
T0             0.14511838    0.24944625    0.15527044    0.16294011    0.16536418    0.16779663    0.20753248    0.24212429    0.20469645    0.23540538    0.23417879    0.23154970    0.23946601    0.20557256    0.17120140    0.17173423    0.17390679    0.20442284    0.19351100    0.17584718    0.18078097    0.00000000    0.13433984    0.17291378
T19            0.18302211    0.28737254    0.19099703    0.19907234    0.20161084    0.20415849    0.24607161    0.27955098    0.23710467    0.26237648    0.26650282    0.26375277    0.27278179    0.23574367    0.18874585    0.20049764    0.19708818    0.22277372    0.21444214    0.19628392    0.20981441    0.13433984    0.00000000    0.20064072
T3             0.21356091    0.32428521    0.22489622    0.23345167    0.23609180    0.25091755    0.28409891    0.30983515    0.29634124    0.31221365    0.32076908    0.31091067    0.32665200    0.28784765    0.23984296    0.24677068    0.24594949    0.27955098    0.26725303    0.24175789    0.25943182    0.17291378    0.20064072    0.00000000

