24
T20            0.00000000    0.23946636    0.24482806    0.23179921    0.22886312    0.23242896    0.27834498    0.27996469    0.20214753    0.23608699    0.20160670    0.20497551    0.23909406    0.18651204    0.19205809    0.18927735    0.19515077    0.20019128    0.22423694    0.20526775    0.21524296    0.21009066    0.19680755    0.16513929
T8             0.23946636    0.00000000    0.05822919    0.04327766    0.06055816    0.06709356    0.27103540    0.27874319    0.19981367    0.21349568    0.21135924    0.21371648    0.24185713    0.20854742    0.21654420    0.21371648    0.22829006    0.23065823    0.25266818    0.22775644    0.25239943    0.23522629    0.21870658    0.24917051
T21            0.24482806    0.05822919    0.00000000    0.02854261    0.06932135    0.07593436    0.26801997    0.28187241    0.20532834    0.21915111    0.22512492    0.23039783    0.25930579    0.22512492    0.21892394    0.21609628    0.23946636    0.24781680    0.26975264    0.23838198    0.26392057    0.24941976    0.23256164    0.25462758
T22            0.23179921    0.04327766    0.02854261    0.00000000    0.05639208    0.06289245    0.25737212    0.26821232    0.19007241    0.20645681    0.20671074    0.21185195    0.24305826    0.20671074    0.20341617    0.20063568    0.21496468    0.21728875    0.24427111    0.21963474    0.24454443    0.23039783    0.21394693    0.24131785
T14            0.22886312    0.06055816    0.06932135    0.05639208    0.00000000    0.00602416    0.28126690    0.28961837    0.20341617    0.21728875    0.20671074    0.21185195    0.23709836    0.20110268    0.20621226    0.20341617    0.22653927    0.22886312    0.25023066    0.21963474    0.24752420    0.22462787    0.20832331    0.24427111
T2             0.23242896    0.06709356    0.07593436    0.06289245    0.00602416    0.00000000    0.28754498    0.29284916    0.20902413    0.22304233    0.21238263    0.21185195    0.23709836    0.20671074    0.21185195    0.20902413    0.23242896    0.23475270    0.25626235    0.22538822    0.25353775    0.23039783    0.21394693    0.25023066
T11            0.27834498    0.27103540    0.26801997    0.25737212    0.28126690    0.28754498    0.00000000    0.06753195    0.17118082    0.20020593    0.26174313    0.25450163    0.28395952    0.24243735    0.24185713    0.23546331    0.27202645    0.28395952    0.30034353    0.27760081    0.27534459    0.26364742    0.24106363    0.28439605
T5             0.27996469    0.27874319    0.28187241    0.26821232    0.28961837    0.29284916    0.06753195    0.00000000    0.17492501    0.20441867    0.28600551    0.27572920    0.29633364    0.26612862    0.25593227    0.24909030    0.27439843    0.28644789    0.29040042    0.28234318    0.29000375    0.27166890    0.25179084    0.30266913
T19            0.20214753    0.19981367    0.20532834    0.19007241    0.20341617    0.20902413    0.17118082    0.17492501    0.00000000    0.05867728    0.17001508    0.16249851    0.19428859    0.15548812    0.15811507    0.16075594    0.18211000    0.19264383    0.21238263    0.20049465    0.18527992    0.15653558    0.14968196    0.21185195
T12            0.23608699    0.21349568    0.21915111    0.20645681    0.21728875    0.22304233    0.20020593    0.20441867    0.05867728    0.00000000    0.19653927    0.19150790    0.22195573    0.18376199    0.18927735    0.19485444    0.20587972    0.21677616    0.24071272    0.22489199    0.22623688    0.19051485    0.18301878    0.23475270
T6             0.20160670    0.21135924    0.22512492    0.20671074    0.20671074    0.21238263    0.26174313    0.28600551    0.17001508    0.19653927    0.00000000    0.13028514    0.16052238    0.12316173    0.17268410    0.16736028    0.18927735    0.19989695    0.21418701    0.19375863    0.20365283    0.18756180    0.16940732    0.20297095
T1             0.20497551    0.21371648    0.23039783    0.21185195    0.21185195    0.21185195    0.25450163    0.27572920    0.16249851    0.19150790    0.13028514    0.00000000    0.05221221    0.10160357    0.16779414    0.16779414    0.17662480    0.19264383    0.21238263    0.18984743    0.19074963    0.16960128    0.15929635    0.20902413
T10            0.23909406    0.24185713    0.25930579    0.24305826    0.23709836    0.23709836    0.28395952    0.29633364    0.19428859    0.22195573    0.16052238    0.05221221    0.00000000    0.13046283    0.18599263    0.19150790    0.20941365    0.22631671    0.24674487    0.22631671    0.21524296    0.19051485    0.18800727    0.24909030
T0             0.18651204    0.20854742    0.22512492    0.20671074    0.20110268    0.20671074    0.24243735    0.26612862    0.15548812    0.18376199    0.12316173    0.10160357    0.13046283    0.00000000    0.15811507    0.15287494    0.16902698    0.17935985    0.20441867    0.18706664    0.18030623    0.17268410    0.14711594    0.20441867
T16            0.19205809    0.21654420    0.21892394    0.20341617    0.20621226    0.21185195    0.24185713    0.25593227    0.15811507    0.18927735    0.17268410    0.16779414    0.18599263    0.15811507    0.00000000    0.02660491    0.10477303    0.11172461    0.13228826    0.11627696    0.12530668    0.11549652    0.10413309    0.19051485
T4             0.18927735    0.21371648    0.21609628    0.20063568    0.20341617    0.20902413    0.23546331    0.24909030    0.16075594    0.19485444    0.16736028    0.16779414    0.19150790    0.15287494    0.02660491    0.00000000    0.10235607    0.10928402    0.12732232    0.11382440    0.11549652    0.11549652    0.10413309    0.18778004
T9             0.19515077    0.22829006    0.23946636    0.21496468    0.22653927    0.23242896    0.27202645    0.27439843    0.18211000    0.20587972    0.18927735    0.17662480    0.20941365    0.16902698    0.10477303    0.10235607    0.00000000    0.01620830    0.08717410    0.06960612    0.13804428    0.11807790    0.11892653    0.21038071
T18            0.20019128    0.23065823    0.24781680    0.21728875    0.22886312    0.23475270    0.28395952    0.28644789    0.19264383    0.21677616    0.19989695    0.19264383    0.22631671    0.17935985    0.11172461    0.10928402    0.01620830    0.00000000    0.09626932    0.08309196    0.14789672    0.13011527    0.12351821    0.22131794
T15            0.22423694    0.25266818    0.26975264    0.24427111    0.25023066    0.25626235    0.30034353    0.29040042    0.21238263    0.24071272    0.21418701    0.21238263    0.24674487    0.20441867    0.13228826    0.12732232    0.08717410    0.09626932    0.00000000    0.06922100    0.16940732    0.15381001    0.14694113    0.23946636
T17            0.20526775    0.22775644    0.23838198    0.21963474    0.21963474    0.22538822    0.27760081    0.28234318    0.20049465    0.22489199    0.19375863    0.18984743    0.22631671    0.18706664    0.11627696    0.11382440    0.06960612    0.08309196    0.06922100    0.00000000    0.16317025    0.14237111    0.13824910    0.21783322
T3             0.21524296    0.25239943    0.26392057    0.24454443    0.24752420    0.25353775    0.27534459    0.29000375    0.18527992    0.22623688    0.20365283    0.19074963    0.21524296    0.18030623    0.12530668    0.11549652    0.13804428    0.14789672    0.16940732    0.16317025    0.00000000    0.08061216    0.09698632    0.22916438
T23            0.21009066    0.23522629    0.24941976    0.23039783    0.22462787    0.23039783    0.26364742    0.27166890    0.15653558    0.19051485    0.18756180    0.16960128    0.19051485    0.17268410    0.11549652    0.11549652    0.11807790    0.13011527    0.15381001    0.14237111    0.08061216    0.00000000    0.07387790    0.21989115
T13            0.19680755    0.21870658    0.23256164    0.21394693    0.20832331    0.21394693    0.24106363    0.25179084    0.14968196    0.18301878    0.16940732    0.15929635    0.18800727    0.14711594    0.10413309    0.10413309    0.11892653    0.12351821    0.14694113    0.13824910    0.09698632    0.07387790    0.00000000    0.19578890
T7             0.16513929    0.24917051    0.25462758    0.24131785    0.24427111    0.25023066    0.28439605    0.30266913    0.21185195    0.23475270    0.20297095    0.20902413    0.24909030    0.20441867    0.19051485    0.18778004    0.21038071    0.22131794    0.23946636    0.21783322    0.22916438    0.21989115    0.19578890    0.00000000

