24
T5             0.00000000    0.40484434    0.40080805    0.40810992    0.39358506    0.39435206    0.29623510    0.30580421    0.31500525    0.29530398    0.29815764    0.38889129    0.41234916    0.35792159    0.36408664    0.36786352    0.40252618    0.36031873    0.30435807    0.27946606    0.27752411    0.29246153    0.33025094    0.30148200
T4             0.40484434    0.00000000    0.00602418    0.01006773    0.07195220    0.06978427    0.22328256    0.24402184    0.24627460    0.22552529    0.22813649    0.31951319    0.33729839    0.23712320    0.24242852    0.26418304    0.28493319    0.25549588    0.24740105    0.24547889    0.21672334    0.21063413    0.27270641    0.24242852
T20            0.40080805    0.00602418    0.00000000    0.01210028    0.06968945    0.06752663    0.22625138    0.24710998    0.24936272    0.22849409    0.23111413    0.32300006    0.34085976    0.24320547    0.24854800    0.26736965    0.28822477    0.26169114    0.25046073    0.24854800    0.21964012    0.21350892    0.27587270    0.24547889
T13            0.40810992    0.01006773    0.01210028    0.00000000    0.07412703    0.07195220    0.22588359    0.24668734    0.24895036    0.22813649    0.23075725    0.32244745    0.34030521    0.24281206    0.24815565    0.26691830    0.29104466    0.26131221    0.25008918    0.24815565    0.21930864    0.21320368    0.27548688    0.24509595
T1             0.39358506    0.07195220    0.06968945    0.07412703    0.00000000    0.00200302    0.21705568    0.23750787    0.23977096    0.21930864    0.22190334    0.31897273    0.34747918    0.24587178    0.25433187    0.26691830    0.27474654    0.24972777    0.24703885    0.23903222    0.20493372    0.21033714    0.27866323    0.24740105
T17            0.39435206    0.06978427    0.06752663    0.07195220    0.00200302    0.00000000    0.21448055    0.23487037    0.23712320    0.21672334    0.21930864    0.31951319    0.34444671    0.24320547    0.25163609    0.26418304    0.27518664    0.24703885    0.24436001    0.23638312    0.20238963    0.20777579    0.27587270    0.24472298
T10            0.29623510    0.22328256    0.22625138    0.22588359    0.21705568    0.21448055    0.00000000    0.02245628    0.02650506    0.01617896    0.01822304    0.14631335    0.17908633    0.09868196    0.10320445    0.11972154    0.16450167    0.13642608    0.14914753    0.14200731    0.10803291    0.12950376    0.18503513    0.17557150
T18            0.30580421    0.24402184    0.24710998    0.24668734    0.23750787    0.23487037    0.02245628    0.00000000    0.04559659    0.03069814    0.03277452    0.16413644    0.19236451    0.11041997    0.11500270    0.13184431    0.17490036    0.14631335    0.16713403    0.15984859    0.12730999    0.14437921    0.19853043    0.18896873
T0             0.31500525    0.24627460    0.24936272    0.24895036    0.23977096    0.23712320    0.02650506    0.04559659    0.00000000    0.02650506    0.02857262    0.16121419    0.20018385    0.11741278    0.12203811    0.14155062    0.18797863    0.15621259    0.17203362    0.16469709    0.13446768    0.15170573    0.21207647    0.19957161
T21            0.29530398    0.22552529    0.22849409    0.22813649    0.21930864    0.21672334    0.01617896    0.03069814    0.02650506    0.00000000    0.00200302    0.14857705    0.18141351    0.10320445    0.10775721    0.12436256    0.16938733    0.14116764    0.14914753    0.14675926    0.11741278    0.13419286    0.19278142    0.18050808
T6             0.29815764    0.22813649    0.23111413    0.23075725    0.22190334    0.21930864    0.01822304    0.03277452    0.02857262    0.00200302    0.00000000    0.15098119    0.18391726    0.10547702    0.11004509    0.12669494    0.17184308    0.14355079    0.15154407    0.14914753    0.11972154    0.13654946    0.19530903    0.18298944
T19            0.38889129    0.31951319    0.32300006    0.32244745    0.31897273    0.31951319    0.14631335    0.16413644    0.16121419    0.14857705    0.15098119    0.00000000    0.17223285    0.17660246    0.18694271    0.18659183    0.21935830    0.21287498    0.22881951    0.22039327    0.19806480    0.21985643    0.28634666    0.27667683
T22            0.41234916    0.33729839    0.34085976    0.34030521    0.34747918    0.34444671    0.17908633    0.19236451    0.20018385    0.18141351    0.18391726    0.17223285    0.00000000    0.21369043    0.21889913    0.22130503    0.26507300    0.25236667    0.24239329    0.24569121    0.22246896    0.24507844    0.28316024    0.26573181
T11            0.35792159    0.23712320    0.24320547    0.24281206    0.24587178    0.24320547    0.09868196    0.11041997    0.11741278    0.10320445    0.10547702    0.17660246    0.21369043    0.00000000    0.02862818    0.06511665    0.10610834    0.07144749    0.18372671    0.17904607    0.14272960    0.16027074    0.22300305    0.21382350
T3             0.36408664    0.24242852    0.24854800    0.24815565    0.25433187    0.25163609    0.10320445    0.11500270    0.12203811    0.10775721    0.11004509    0.18694271    0.21889913    0.02862818    0.00000000    0.07395151    0.11548524    0.08033649    0.19147132    0.18124926    0.14490405    0.15984859    0.22535197    0.21608676
T15            0.36786352    0.26418304    0.26736965    0.26691830    0.26691830    0.26418304    0.11972154    0.13184431    0.14155062    0.12436256    0.12669494    0.18659183    0.22130503    0.06511665    0.07395151    0.00000000    0.11791884    0.08933641    0.20777579    0.19732870    0.15743690    0.17803545    0.22772332    0.22418739
T2             0.40252618    0.28493319    0.28822477    0.29104466    0.27474654    0.27518664    0.16450167    0.17490036    0.18797863    0.16938733    0.17184308    0.21935830    0.26507300    0.10610834    0.11548524    0.11791884    0.00000000    0.09602358    0.24472298    0.23977096    0.19985465    0.21898658    0.26919415    0.26837337
T14            0.36031873    0.25549588    0.26169114    0.26131221    0.24972777    0.24703885    0.13642608    0.14631335    0.15621259    0.14116764    0.14355079    0.21287498    0.25236667    0.07144749    0.08033649    0.08933641    0.09602358    0.00000000    0.21466026    0.20131697    0.16938733    0.18797863    0.25077819    0.24065969
T12            0.30435807    0.24740105    0.25046073    0.25008918    0.24703885    0.24436001    0.14914753    0.16713403    0.17203362    0.14914753    0.15154407    0.22881951    0.24239329    0.18372671    0.19147132    0.20777579    0.24472298    0.21466026    0.00000000    0.03485734    0.06511665    0.08069342    0.20899231    0.19096102
T8             0.27946606    0.24547889    0.24854800    0.24815565    0.23903222    0.23638312    0.14200731    0.15984859    0.16469709    0.14675926    0.14914753    0.22039327    0.24569121    0.17904607    0.18124926    0.19732870    0.23977096    0.20131697    0.03485734    0.00000000    0.05206459    0.07185915    0.19853043    0.18074642
T9             0.27752411    0.21672334    0.21964012    0.21930864    0.20493372    0.20238963    0.10803291    0.12730999    0.13446768    0.11741278    0.11972154    0.19806480    0.22246896    0.14272960    0.14490405    0.15743690    0.19985465    0.16938733    0.06511665    0.05206459    0.00000000    0.04133752    0.16675498    0.15743690
T16            0.29246153    0.21063413    0.21350892    0.21320368    0.21033714    0.20777579    0.12950376    0.14437921    0.15170573    0.13419286    0.13654946    0.21985643    0.24507844    0.16027074    0.15984859    0.17803545    0.21898658    0.18797863    0.08069342    0.07185915    0.04133752    0.00000000    0.17944822    0.17265728
T7             0.33025094    0.27270641    0.27587270    0.27548688    0.27866323    0.27587270    0.18503513    0.19853043    0.21207647    0.19278142    0.19530903    0.28634666    0.28316024    0.22300305    0.22535197    0.22772332    0.26919415    0.25077819    0.20899231    0.19853043    0.16675498    0.17944822    0.00000000    0.06498164
T23            0.30148200    0.24242852    0.24547889    0.24509595    0.24740105    0.24472298    0.17557150    0.18896873    0.19957161    0.18050808    0.18298944    0.27667683    0.26573181    0.21382350    0.21608676    0.22418739    0.26837337    0.24065969    0.19096102    0.18074642    0.15743690    0.17265728    0.06498164    0.00000000

