24
T16            0.00000000    0.35352647    0.36220350    0.36646529    0.36646529    0.33836998    0.38087207    0.37455678    0.39702602    0.39632604    0.40026539    0.39174693    0.25782639    0.22326261    0.22850703    0.22909519    0.26329497    0.25747753    0.21649336    0.21389640    0.21389640    0.23857607    0.25287693    0.20549092
T23            0.35352647    0.00000000    0.01823223    0.01619025    0.01619025    0.11949825    0.51806014    0.52016299    0.54898841    0.53270793    0.53768754    0.51703751    0.52777747    0.47286811    0.48002963    0.50109727    0.51129083    0.51703751    0.46068685    0.50952432    0.50952432    0.48374014    0.51408441    0.46856154
T20            0.36220350    0.01823223    0.00000000    0.00602719    0.00602719    0.13375980    0.53826374    0.54044992    0.57015438    0.55335374    0.55848675    0.53229485    0.54324327    0.48273245    0.48999320    0.51129083    0.52165280    0.52743640    0.46341948    0.52462715    0.52462715    0.49837508    0.52165280    0.48290437
T8             0.36646529    0.01619025    0.00602719    0.00000000    0.00401610    0.12638490    0.53439184    0.53656890    0.56612061    0.54940631    0.55451311    0.52845114    0.53934670    0.47912851    0.48635396    0.50755087    0.51785898    0.52361619    0.45138103    0.52082267    0.52082267    0.49468915    0.51785898    0.47929253
T22            0.36646529    0.01619025    0.00602719    0.00401610    0.00000000    0.13143637    0.53439184    0.53656890    0.56612061    0.54940631    0.55451311    0.52845114    0.53934670    0.47912851    0.48635396    0.50755087    0.51785898    0.52361619    0.45989744    0.52082267    0.52082267    0.49468915    0.51785898    0.47929253
T5             0.33836998    0.11949825    0.13375980    0.12638490    0.13143637    0.00000000    0.47644025    0.47828865    0.50516297    0.49008792    0.48549715    0.47554196    0.48094818    0.46407757    0.47114923    0.46668155    0.49740939    0.48912772    0.42263781    0.47286811    0.47286811    0.46584386    0.48635396    0.43419580
T4             0.38087207    0.51806014    0.53826374    0.53439184    0.53439184    0.47644025    0.00000000    0.02236456    0.03069776    0.07205027    0.06978249    0.06519285    0.48050355    0.40258043    0.40534377    0.41027683    0.46188536    0.46255876    0.40715999    0.42703350    0.42703350    0.44016763    0.46059003    0.42422353
T3             0.37455678    0.52016299    0.54044992    0.53656890    0.53656890    0.47828865    0.02236456    0.00000000    0.02037269    0.06304026    0.06081292    0.06073816    0.48653393    0.40258043    0.40534377    0.40754384    0.45902726    0.45971697    0.41583440    0.43219620    0.43219620    0.44534532    0.46610737    0.42144489
T6             0.39702602    0.54898841    0.57015438    0.56612061    0.56612061    0.50516297    0.03069776    0.02037269    0.00000000    0.07650653    0.07422321    0.06959964    0.50382855    0.41750574    0.42028440    0.42266738    0.47107493    0.47180194    0.43100390    0.43966130    0.43966130    0.46122911    0.48261324    0.44506892
T15            0.39632604    0.53270793    0.55335374    0.54940631    0.54940631    0.49008792    0.07205027    0.06304026    0.07650653    0.00000000    0.00200401    0.03502152    0.51221117    0.41693322    0.41972747    0.42603471    0.48336151    0.47538808    0.44657109    0.45971697    0.45971697    0.46899861    0.49066086    0.45270291
T14            0.40026539    0.53768754    0.55848675    0.55451311    0.55451311    0.48549715    0.06978249    0.06081292    0.07422321    0.00200401    0.00000000    0.03289376    0.50755644    0.42085689    0.42365111    0.43005308    0.47899179    0.47107493    0.44248710    0.45551268    0.45551268    0.46477663    0.48625262    0.44853368
T17            0.39174693    0.51703751    0.53229485    0.52845114    0.52845114    0.47554196    0.06519285    0.06073816    0.06959964    0.03502152    0.03289376    0.00000000    0.49018139    0.41637609    0.41918611    0.42144489    0.46967325    0.47036536    0.43384589    0.44248710    0.44248710    0.45583352    0.47685751    0.43966130
T1             0.25782639    0.52777747    0.54324327    0.53934670    0.53934670    0.48094818    0.48050355    0.48653393    0.50382855    0.51221117    0.50755644    0.49018139    0.00000000    0.13242582    0.13711597    0.14216733    0.16468546    0.17019577    0.14183802    0.16488961    0.16488961    0.18297518    0.19070350    0.14674965
T13            0.22326261    0.47286811    0.48273245    0.47912851    0.47912851    0.46407757    0.40258043    0.40258043    0.41750574    0.41693322    0.42085689    0.41637609    0.13242582    0.00000000    0.00401207    0.02440543    0.06497974    0.06951854    0.10328761    0.13197171    0.13197171    0.14913741    0.15650886    0.12214208
T11            0.22850703    0.48002963    0.48999320    0.48635396    0.48635396    0.47114923    0.40534377    0.40534377    0.42028440    0.41972747    0.42365111    0.41918611    0.13711597    0.00401207    0.00000000    0.02854218    0.06931688    0.07387188    0.10783553    0.13667221    0.13667221    0.15393773    0.16135597    0.12679402
T10            0.22909519    0.50109727    0.51129083    0.50755087    0.50755087    0.46668155    0.41027683    0.40754384    0.42266738    0.42603471    0.43005308    0.42144489    0.14216733    0.02440543    0.02854218    0.00000000    0.07155417    0.07613450    0.11259798    0.14168552    0.14168552    0.15909328    0.16656525    0.13170870
T21            0.26329497    0.51129083    0.52165280    0.51785898    0.51785898    0.49740939    0.46188536    0.45902726    0.47107493    0.48336151    0.47899179    0.46967325    0.16468546    0.06497974    0.06931688    0.07155417    0.00000000    0.00805150    0.14154115    0.18004348    0.18004348    0.19851295    0.20640527    0.16674221
T2             0.25747753    0.51703751    0.52743640    0.52361619    0.52361619    0.48912772    0.46255876    0.45971697    0.47180194    0.47538808    0.47107493    0.47036536    0.17019577    0.06951854    0.07387188    0.07613450    0.00805150    0.00000000    0.14168552    0.17488704    0.17488704    0.19321835    0.20105361    0.16692776
T12            0.21649336    0.46068685    0.46341948    0.45138103    0.45989744    0.42263781    0.40715999    0.41583440    0.43100390    0.44657109    0.44248710    0.43384589    0.14183802    0.10328761    0.10783553    0.11259798    0.14154115    0.14168552    0.00000000    0.12949612    0.12949612    0.13903451    0.14883484    0.11250211
T0             0.21389640    0.50952432    0.52462715    0.52082267    0.52082267    0.47286811    0.42703350    0.43219620    0.43966130    0.45971697    0.45551268    0.44248710    0.16488961    0.13197171    0.13667221    0.14168552    0.18004348    0.17488704    0.12949612    0.00000000    0.00000000    0.08069073    0.09204846    0.08732024
T18            0.21389640    0.50952432    0.52462715    0.52082267    0.52082267    0.47286811    0.42703350    0.43219620    0.43966130    0.45971697    0.45551268    0.44248710    0.16488961    0.13197171    0.13667221    0.14168552    0.18004348    0.17488704    0.12949612    0.00000000    0.00000000    0.08069073    0.09204846    0.08732024
T7             0.23857607    0.48374014    0.49837508    0.49468915    0.49468915    0.46584386    0.44016763    0.44534532    0.46122911    0.46899861    0.46477663    0.45583352    0.18297518    0.14913741    0.15393773    0.15909328    0.19851295    0.19321835    0.13903451    0.08069073    0.08069073    0.00000000    0.02233500    0.09867730
T19            0.25287693    0.51408441    0.52165280    0.51785898    0.51785898    0.48635396    0.46059003    0.46610737    0.48261324    0.49066086    0.48625262    0.47685751    0.19070350    0.15650886    0.16135597    0.16656525    0.20640527    0.20105361    0.14883484    0.09204846    0.09204846    0.02233500    0.00000000    0.11030892
T9             0.20549092    0.46856154    0.48290437    0.47929253    0.47929253    0.43419580    0.42422353    0.42144489    0.44506892    0.45270291    0.44853368    0.43966130    0.14674965    0.12214208    0.12679402    0.13170870    0.16674221    0.16692776    0.11250211    0.08732024    0.08732024    0.09867730    0.11030892    0.00000000

