24
T5             0.00000000    0.18754312    0.21096047    0.26850898    0.25480574    0.24182610    0.24182610    0.20951376    0.22913382    0.19931183    0.25011405    0.24742659    0.24742659    0.25087150    0.27550925    0.25244885    0.25860883    0.24438413    0.27272966    0.19764116    0.18504173    0.18006558    0.15464565    0.18483140
T14            0.18754312    0.00000000    0.13212648    0.31971079    0.30508873    0.28215022    0.28215022    0.21652015    0.24211042    0.21326240    0.26141139    0.25866478    0.25866478    0.26817289    0.32236074    0.27685895    0.28000671    0.26541004    0.30681881    0.23272535    0.20295007    0.19785034    0.19257284    0.23012047
T18            0.21096047    0.13212648    0.00000000    0.31217835    0.30439373    0.27720264    0.27720264    0.23146891    0.24872099    0.22563322    0.26334495    0.26060534    0.26060534    0.26407434    0.30823835    0.25787618    0.26096563    0.25515737    0.30439373    0.23341225    0.21986500    0.21467043    0.20184856    0.24003662
T11            0.26850898    0.31971079    0.31217835    0.00000000    0.02855422    0.07582987    0.07582987    0.29961611    0.31194245    0.28435516    0.34151794    0.33848420    0.33245485    0.34941895    0.39995274    0.31931171    0.31931171    0.31559893    0.34499445    0.27933271    0.25140105    0.24303250    0.26170697    0.28406038
T4             0.25480574    0.30508873    0.30439373    0.02855422    0.00000000    0.06050869    0.06050869    0.27589426    0.29741350    0.27589426    0.32647559    0.32350447    0.31759875    0.33426201    0.38378993    0.30468539    0.30468539    0.30102226    0.32989270    0.27162729    0.24667819    0.23835326    0.24808576    0.27620474
T2             0.24182610    0.28215022    0.27720264    0.07582987    0.06050869    0.00000000    0.00000000    0.27195962    0.29005245    0.26587547    0.31194245    0.30901287    0.30318960    0.31265973    0.37582479    0.30029570    0.30681733    0.29995002    0.31454510    0.25536387    0.24012342    0.23188129    0.23543558    0.25710785
T10            0.24182610    0.28215022    0.27720264    0.07582987    0.06050869    0.00000000    0.00000000    0.27195962    0.29005245    0.26587547    0.31194245    0.30901287    0.30318960    0.31265973    0.37582479    0.30029570    0.30681733    0.29995002    0.31454510    0.25536387    0.24012342    0.23188129    0.23543558    0.25710785
T20            0.20951376    0.21652015    0.23146891    0.29961611    0.27589426    0.27195962    0.27195962    0.00000000    0.06709155    0.08462764    0.13364338    0.13128537    0.13128537    0.13879172    0.23914938    0.18407991    0.18984633    0.17697217    0.27720264    0.22944412    0.21912671    0.21392321    0.18504173    0.21936310
T9             0.22913382    0.24211042    0.24872099    0.31194245    0.29741350    0.29005245    0.29005245    0.06709155    0.00000000    0.10767837    0.15621291    0.15379843    0.15379843    0.15910841    0.25958751    0.21912671    0.21960920    0.20900048    0.31554944    0.24975052    0.25078918    0.24539258    0.21182740    0.24749167
T23            0.19931183    0.21326240    0.22563322    0.28435516    0.27589426    0.26587547    0.26587547    0.08462764    0.10767837    0.00000000    0.08704603    0.08482105    0.08254783    0.09643267    0.24211042    0.17908694    0.17945179    0.17203920    0.29645607    0.23239654    0.21347302    0.20830130    0.18463002    0.21890008
T13            0.25011405    0.26141139    0.26334495    0.34151794    0.32647559    0.31194245    0.31194245    0.13364338    0.15621291    0.08704603    0.00000000    0.00804334    0.00804334    0.02236486    0.28792568    0.23354781    0.23411436    0.22620740    0.32828695    0.27311867    0.25622709    0.25622709    0.23089976    0.26446287
T12            0.24742659    0.25866478    0.26060534    0.33848420    0.32350447    0.30901287    0.30901287    0.13128537    0.15379843    0.08482105    0.00804334    0.00000000    0.00401206    0.01824812    0.29075794    0.23089976    0.23146891    0.22359118    0.32531779    0.27351841    0.25958751    0.25958751    0.22826159    0.26170697
T1             0.24742659    0.25866478    0.26060534    0.33245485    0.31759875    0.30318960    0.30318960    0.13128537    0.15379843    0.08254783    0.00804334    0.00401206    0.00000000    0.01824812    0.29075794    0.23089976    0.23146891    0.22359118    0.32877052    0.27351841    0.25958751    0.25958751    0.22826159    0.26170697
T17            0.25087150    0.26817289    0.26407434    0.34941895    0.33426201    0.31265973    0.31265973    0.13879172    0.15910841    0.09643267    0.02236486    0.01824812    0.01824812    0.00000000    0.29774113    0.24003662    0.24067838    0.23272535    0.32828695    0.27075082    0.27476521    0.26921344    0.23737369    0.25896174
T16            0.27550925    0.32236074    0.30823835    0.39995274    0.38378993    0.37582479    0.37582479    0.23914938    0.25958751    0.24211042    0.28792568    0.29075794    0.29075794    0.29774113    0.00000000    0.18504173    0.19324398    0.18299958    0.38116089    0.29444780    0.29605051    0.29035101    0.26609509    0.27406476
T7             0.25244885    0.27685895    0.25787618    0.31931171    0.30468539    0.30029570    0.30029570    0.18407991    0.21912671    0.17908694    0.23354781    0.23089976    0.23089976    0.24003662    0.18504173    0.00000000    0.02854231    0.02439596    0.32828695    0.25823731    0.24721013    0.24182610    0.22098456    0.25110048
T3             0.25860883    0.28000671    0.26096563    0.31931171    0.30468539    0.30681733    0.30681733    0.18984633    0.21960920    0.17945179    0.23411436    0.23146891    0.23146891    0.24067838    0.19324398    0.02854231    0.00000000    0.02028058    0.34126431    0.26996079    0.25564102    0.25019771    0.22620740    0.25653594
T0             0.24438413    0.26541004    0.25515737    0.31559893    0.30102226    0.29995002    0.29995002    0.17697217    0.20900048    0.17203920    0.22620740    0.22359118    0.22359118    0.23272535    0.18299958    0.02439596    0.02028058    0.00000000    0.32629752    0.25627412    0.23914938    0.23382610    0.21550328    0.24539258
T6             0.27272966    0.30681881    0.30439373    0.34499445    0.32989270    0.31454510    0.31454510    0.27720264    0.31554944    0.29645607    0.32828695    0.32531779    0.32877052    0.32828695    0.38116089    0.32828695    0.34126431    0.32629752    0.00000000    0.10312244    0.19576785    0.19301118    0.22799049    0.26446287
T19            0.19764116    0.23272535    0.23341225    0.27933271    0.27162729    0.25536387    0.25536387    0.22944412    0.24975052    0.23239654    0.27311867    0.27351841    0.27351841    0.27075082    0.29444780    0.25823731    0.26996079    0.25627412    0.10312244    0.00000000    0.12777999    0.12315230    0.15484007    0.18504173
T15            0.18504173    0.20295007    0.21986500    0.25140105    0.24667819    0.24012342    0.24012342    0.21912671    0.25078918    0.21347302    0.25622709    0.25958751    0.25958751    0.27476521    0.29605051    0.24721013    0.25564102    0.23914938    0.19576785    0.12777999    0.00000000    0.00804438    0.14870699    0.18125365
T21            0.18006558    0.19785034    0.21467043    0.24303250    0.23835326    0.23188129    0.23188129    0.21392321    0.24539258    0.20830130    0.25622709    0.25958751    0.25958751    0.26921344    0.29035101    0.24182610    0.25019771    0.23382610    0.19301118    0.12315230    0.00804438    0.00000000    0.14392897    0.17627098
T8             0.15464565    0.19257284    0.20184856    0.26170697    0.24808576    0.23543558    0.23543558    0.18504173    0.21182740    0.18463002    0.23089976    0.22826159    0.22826159    0.23737369    0.26609509    0.22098456    0.22620740    0.21550328    0.22799049    0.15484007    0.14870699    0.14392897    0.00000000    0.05407790
T22            0.18483140    0.23012047    0.24003662    0.28406038    0.27620474    0.25710785    0.25710785    0.21936310    0.24749167    0.21890008    0.26446287    0.26170697    0.26170697    0.25896174    0.27406476    0.25110048    0.25653594    0.24539258    0.26446287    0.18504173    0.18125365    0.17627098    0.05407790    0.00000000

