24
T2             0.00000000    0.44947906    0.40488263    0.40160547    0.40409766    0.39370412    0.38664923    0.42747464    0.41601149    0.45143164    0.45917729    0.45295267    0.44450694    0.20617283    0.19828439    0.20106296    0.30878313    0.27963583    0.09867979    0.09205027    0.08510490    0.11270470    0.11270470    0.10575629
T15            0.44947906    0.00000000    0.26606148    0.26331086    0.25241303    0.24098106    0.23533457    0.27070607    0.25856945    0.30011804    0.30631873    0.29439865    0.29112912    0.39246137    0.38224570    0.38603605    0.59567078    0.56999733    0.47202370    0.44336030    0.44760109    0.45295267    0.47918203    0.46759495
T18            0.40488263    0.26606148    0.00000000    0.04760808    0.06727717    0.05852630    0.05419043    0.08078495    0.07650755    0.11053026    0.12993519    0.10837468    0.10598197    0.37735634    0.36371377    0.36371377    0.58731926    0.57817731    0.43351129    0.41864492    0.40673118    0.42399700    0.43764672    0.43351129
T4             0.40160547    0.26331086    0.04760808    0.00000000    0.05846328    0.04982328    0.04554179    0.07177201    0.06960057    0.10348974    0.12266872    0.10134342    0.09897903    0.36060490    0.35084053    0.35442682    0.57600174    0.56098563    0.42198571    0.40737693    0.39569534    0.41270051    0.43012201    0.42603729
T16            0.40409766    0.25241303    0.06727717    0.05846328    0.00000000    0.01620796    0.01619031    0.04338648    0.03914410    0.07155547    0.08972440    0.06944544    0.06720810    0.37275495    0.35913796    0.36280322    0.56178602    0.54507549    0.40871271    0.39434688    0.38284443    0.39569534    0.42485518    0.42077040
T14            0.39370412    0.24098106    0.05852630    0.04982328    0.01620796    0.00000000    0.00805151    0.03492650    0.03073337    0.06276327    0.08069210    0.06067096    0.05846328    0.35913796    0.34578682    0.34937316    0.56178602    0.54026323    0.39824065    0.38408357    0.37275495    0.38543689    0.41412654    0.41010745
T22            0.38664923    0.23533457    0.05419043    0.04554179    0.01619031    0.00805151    0.00000000    0.03073337    0.02656444    0.05840705    0.07621821    0.05632348    0.05413034    0.35605521    0.34275572    0.34632925    0.55778278    0.53636167    0.39112520    0.37711416    0.36591252    0.38224570    0.40682392    0.40285274
T0             0.42747464    0.27070607    0.08078495    0.07177201    0.04338648    0.03492650    0.03073337    0.00000000    0.05425722    0.07825478    0.09662577    0.07613578    0.07387312    0.39636051    0.38219742    0.38604627    0.58948899    0.56190682    0.42004677    0.41340568    0.40149175    0.41864492    0.44496791    0.44072708
T8             0.41601149    0.25856945    0.07650755    0.06960057    0.03914410    0.03073337    0.02656444    0.05425722    0.00000000    0.07606041    0.09438702    0.07395040    0.07169284    0.39178128    0.37396318    0.37773927    0.57496529    0.54812873    0.42077040    0.40612044    0.39434688    0.41133231    0.43731387    0.43312635
T21            0.45143164    0.30011804    0.11053026    0.10348974    0.07155547    0.06276327    0.05840705    0.07825478    0.07606041    0.00000000    0.03705427    0.01826987    0.01826987    0.42198571    0.41133231    0.41531925    0.62709413    0.58939908    0.45218392    0.43691625    0.42466165    0.45069582    0.46406103    0.46236600
T11            0.45917729    0.30631873    0.12993519    0.12266872    0.08972440    0.08069210    0.07621821    0.09662577    0.09438702    0.03705427    0.00000000    0.01824797    0.03077518    0.42534175    0.41464202    0.41864492    0.61488245    0.58839219    0.45994930    0.44450694    0.43210020    0.45842206    0.47649207    0.47471370
T20            0.45295267    0.29439865    0.10837468    0.10134342    0.06944544    0.06067096    0.05632348    0.07613578    0.07395040    0.01826987    0.01824797    0.00000000    0.01214649    0.43159307    0.42077040    0.42485518    0.62396474    0.59675230    0.45803331    0.44258049    0.43012201    0.46073810    0.47476025    0.47291874
T10            0.44450694    0.29112912    0.10598197    0.09897903    0.06720810    0.05846328    0.05413034    0.07387312    0.07169284    0.01826987    0.03077518    0.01214649    0.00000000    0.42338989    0.41269969    0.41671874    0.61840236    0.58626928    0.44947906    0.43424041    0.42198571    0.45218392    0.46582322    0.46406103
T12            0.20617283    0.39246137    0.37735634    0.36060490    0.37275495    0.35913796    0.35605521    0.39636051    0.39178128    0.42198571    0.42534175    0.43159307    0.42338989    0.00000000    0.02646347    0.03483210    0.34677507    0.32975880    0.21439322    0.20082694    0.19256006    0.20550213    0.22482871    0.21674174
T19            0.19828439    0.38224570    0.36371377    0.35084053    0.35913796    0.34578682    0.34275572    0.38219742    0.37396318    0.41133231    0.41464202    0.42077040    0.41269969    0.02646347    0.00000000    0.01617890    0.33723660    0.32376167    0.20923294    0.19575102    0.18752945    0.20038271    0.21959161    0.21155950
T7             0.20106296    0.38603605    0.36371377    0.35442682    0.36280322    0.34937316    0.34632925    0.38604627    0.37773927    0.41531925    0.41864492    0.42485518    0.41671874    0.03483210    0.01617890    0.00000000    0.34758683    0.33383363    0.21206668    0.19852189    0.19025496    0.20315355    0.22245783    0.21439322
T5             0.30878313    0.59567078    0.58731926    0.57600174    0.56178602    0.56178602    0.55778278    0.58948899    0.57496529    0.62709413    0.61488245    0.62396474    0.61840236    0.34677507    0.33723660    0.34758683    0.00000000    0.11450825    0.32093379    0.32183535    0.31169481    0.32263369    0.32941673    0.32008074
T6             0.27963583    0.56999733    0.57817731    0.56098563    0.54507549    0.54026323    0.53636167    0.56190682    0.54812873    0.58939908    0.58839219    0.59675230    0.58626928    0.32975880    0.32376167    0.33383363    0.11450825    0.00000000    0.28561864    0.28314179    0.27997592    0.29064760    0.30425771    0.29523839
T13            0.09867979    0.47202370    0.43351129    0.42198571    0.40871271    0.39824065    0.39112520    0.42004677    0.42077040    0.45218392    0.45994930    0.45803331    0.44947906    0.21439322    0.20923294    0.21206668    0.32093379    0.28561864    0.00000000    0.03914410    0.03066895    0.07621821    0.08078495    0.07412596
T9             0.09205027    0.44336030    0.41864492    0.40737693    0.39434688    0.38408357    0.37711416    0.41340568    0.40612044    0.43691625    0.44450694    0.44258049    0.43424041    0.20082694    0.19575102    0.19852189    0.32183535    0.28314179    0.03914410    0.00000000    0.00806475    0.06978333    0.07432933    0.06772568
T23            0.08510490    0.44760109    0.40673118    0.39569534    0.38284443    0.37275495    0.36591252    0.40149175    0.39434688    0.42466165    0.43210020    0.43012201    0.42198571    0.19256006    0.18752945    0.19025496    0.31169481    0.27997592    0.03066895    0.00806475    0.00000000    0.06081359    0.06527832    0.05875590
T1             0.11270470    0.45295267    0.42399700    0.41270051    0.39569534    0.38543689    0.38224570    0.41864492    0.41133231    0.45069582    0.45842206    0.46073810    0.45218392    0.20550213    0.20038271    0.20315355    0.32263369    0.29064760    0.07621821    0.06978333    0.06081359    0.00000000    0.08289493    0.07621821
T3             0.11270470    0.47918203    0.43764672    0.43012201    0.42485518    0.41412654    0.40682392    0.44496791    0.43731387    0.46406103    0.47649207    0.47476025    0.46582322    0.22482871    0.21959161    0.22245783    0.32941673    0.30425771    0.08078495    0.07432933    0.06527832    0.08289493    0.00000000    0.01007280
T17            0.10575629    0.46759495    0.43351129    0.42603729    0.42077040    0.41010745    0.40285274    0.44072708    0.43312635    0.46236600    0.47471370    0.47291874    0.46406103    0.21674174    0.21155950    0.21439322    0.32008074    0.29523839    0.07412596    0.06772568    0.05875590    0.07621821    0.01007280    0.00000000

