24
T20            0.00000000    0.23531981    0.28182112    0.22559837    0.21697590    0.21697590    0.23884033    0.23086540    0.26472577    0.20129795    0.29481234    0.28989421    0.26536304    0.27681050    0.27715155    0.27715155    0.25137637    0.21866116    0.22985434    0.22962656    0.21366871    0.24911244    0.14765644    0.13333786
T3             0.23531981    0.00000000    0.13903487    0.20384660    0.20105283    0.20105283    0.22822698    0.22037028    0.24125706    0.19622813    0.27068606    0.27862541    0.26055298    0.27507521    0.24535092    0.24535092    0.23172777    0.21910093    0.22457518    0.22434397    0.20292773    0.23540798    0.24298024    0.23267852
T14            0.28182112    0.13903487    0.00000000    0.22559837    0.22270765    0.22270765    0.23590722    0.23378994    0.25618649    0.20975033    0.29572033    0.28423769    0.26845972    0.26569773    0.25441655    0.25441655    0.23999454    0.25316471    0.25892145    0.25862685    0.23033995    0.27026785    0.27401602    0.26639909
T12            0.22559837    0.20384660    0.22559837    0.00000000    0.00603631    0.00603631    0.10597922    0.09238562    0.12483932    0.09934210    0.16312802    0.18645842    0.17019425    0.17802061    0.17286845    0.17286845    0.15567591    0.15378646    0.16395419    0.16379300    0.14406057    0.19234710    0.22219308    0.21438174
T22            0.21697590    0.20105283    0.22270765    0.00603631    0.00000000    0.00000000    0.10122821    0.08539197    0.11752144    0.09226593    0.15523199    0.18371070    0.16225645    0.16997635    0.16488840    0.16488840    0.14786216    0.15378646    0.16395419    0.16379300    0.13903487    0.18692622    0.21366871    0.20592942
T5             0.21697590    0.20105283    0.22270765    0.00603631    0.00000000    0.00000000    0.10122821    0.08539197    0.11752144    0.09226593    0.15523199    0.18371070    0.16225645    0.16997635    0.16488840    0.16488840    0.14786216    0.15378646    0.16395419    0.16379300    0.13903487    0.18692622    0.21366871    0.20592942
T15            0.23884033    0.22822698    0.23590722    0.10597922    0.10122821    0.10122821    0.00000000    0.11077584    0.14406057    0.11764412    0.19172236    0.19901413    0.17983066    0.19321735    0.19574142    0.19574142    0.16468456    0.18711538    0.19196678    0.19179042    0.17394198    0.21025630    0.24179076    0.23911374
T21            0.23086540    0.22037028    0.23378994    0.09238562    0.08539197    0.08539197    0.11077584    0.00000000    0.11994885    0.10623471    0.18700853    0.19760293    0.17019425    0.19675106    0.18321067    0.18321067    0.16312802    0.16869194    0.17377948    0.17362584    0.15620119    0.20016487    0.23033995    0.22532788
T10            0.26472577    0.24125706    0.25618649    0.12483932    0.11752144    0.11752144    0.14406057    0.11994885    0.00000000    0.13931857    0.21259987    0.22879463    0.21723126    0.23733141    0.22009711    0.22009711    0.19396505    0.20199047    0.20215897    0.19926530    0.18626065    0.23453162    0.26109136    0.25287784
T19            0.20129795    0.19622813    0.20975033    0.09934210    0.09226593    0.09226593    0.11764412    0.10623471    0.13931857    0.00000000    0.11152848    0.14036269    0.11064781    0.12512828    0.10824952    0.10824952    0.09238562    0.15138015    0.15635086    0.15620119    0.13667240    0.17377948    0.20360292    0.20155226
T7             0.29481234    0.27068606    0.29572033    0.16312802    0.15523199    0.15523199    0.19172236    0.18700853    0.21259987    0.11152848    0.00000000    0.21737397    0.19731000    0.20105703    0.18619650    0.18619650    0.17684685    0.22297950    0.22850590    0.22822698    0.21518054    0.26294640    0.29481234    0.29857294
T9             0.28989421    0.27862541    0.28423769    0.18645842    0.18371070    0.18371070    0.19901413    0.19760293    0.22879463    0.14036269    0.21737397    0.00000000    0.10397530    0.12793613    0.13528588    0.13528588    0.09004351    0.23059771    0.23324746    0.23009215    0.21697590    0.25922665    0.28914236    0.29028702
T13            0.26536304    0.26055298    0.26845972    0.17019425    0.16225645    0.16225645    0.17983066    0.17019425    0.21723126    0.11064781    0.19731000    0.10397530    0.00000000    0.09634092    0.09642773    0.09642773    0.06276237    0.21626759    0.22457518    0.22434397    0.20016487    0.24179076    0.26472577    0.27192979
T23            0.27681050    0.27507521    0.26569773    0.17802061    0.16997635    0.16997635    0.19321735    0.19675106    0.23733141    0.12512828    0.20105703    0.12793613    0.09634092    0.00000000    0.10338379    0.10338379    0.06937719    0.23911374    0.24179076    0.24151880    0.21957966    0.26197088    0.29846352    0.28989421
T6             0.27715155    0.24535092    0.25441655    0.17286845    0.16488840    0.16488840    0.19574142    0.18321067    0.22009711    0.10824952    0.18619650    0.13528588    0.09642773    0.10338379    0.00000000    0.00000000    0.06055477    0.20873100    0.20849970    0.21389681    0.19782742    0.23351371    0.27715155    0.27507521
T8             0.27715155    0.24535092    0.25441655    0.17286845    0.16488840    0.16488840    0.19574142    0.18321067    0.22009711    0.10824952    0.18619650    0.13528588    0.09642773    0.10338379    0.00000000    0.00000000    0.06055477    0.20873100    0.20849970    0.21389681    0.19782742    0.23351371    0.27715155    0.27507521
T0             0.25137637    0.23172777    0.23999454    0.15567591    0.14786216    0.14786216    0.16468456    0.16312802    0.19396505    0.09238562    0.17684685    0.09004351    0.06276237    0.06937719    0.06055477    0.06055477    0.00000000    0.19529115    0.19507975    0.20037293    0.17962751    0.21957966    0.24179076    0.24867503
T18            0.21866116    0.21910093    0.25316471    0.15378646    0.15378646    0.15378646    0.18711538    0.16869194    0.20199047    0.15138015    0.22297950    0.23059771    0.21626759    0.23911374    0.20873100    0.20873100    0.19529115    0.00000000    0.02866514    0.02862781    0.04349200    0.08502129    0.22962656    0.22171754
T16            0.22985434    0.22457518    0.25892145    0.16395419    0.16395419    0.16395419    0.19196678    0.17377948    0.20215897    0.15635086    0.22850590    0.23324746    0.22457518    0.24179076    0.20849970    0.20849970    0.19507975    0.02866514    0.00000000    0.00805149    0.03914373    0.08266336    0.23517357    0.22720979
T1             0.22962656    0.22434397    0.25862685    0.16379300    0.16379300    0.16379300    0.19179042    0.17362584    0.19926530    0.15620119    0.22822698    0.23009215    0.22434397    0.24151880    0.21389681    0.21389681    0.20037293    0.02862781    0.00805149    0.00000000    0.03910322    0.08487916    0.23494935    0.22698028
T17            0.21366871    0.20292773    0.23033995    0.14406057    0.13903487    0.13903487    0.17394198    0.15620119    0.18626065    0.13667240    0.21518054    0.21697590    0.20016487    0.21957966    0.19782742    0.19782742    0.17962751    0.04349200    0.03914373    0.03910322    0.00000000    0.06492261    0.21887615    0.21107943
T2             0.24911244    0.23540798    0.27026785    0.19234710    0.18692622    0.18692622    0.21025630    0.20016487    0.23453162    0.17377948    0.26294640    0.25922665    0.24179076    0.26197088    0.23351371    0.23351371    0.21957966    0.08502129    0.08266336    0.08487916    0.06492261    0.00000000    0.25411595    0.24593484
T11            0.14765644    0.24298024    0.27401602    0.22219308    0.21366871    0.21366871    0.24179076    0.23033995    0.26109136    0.20360292    0.29481234    0.28914236    0.26472577    0.29846352    0.27715155    0.27715155    0.24179076    0.22962656    0.23517357    0.23494935    0.21887615    0.25411595    0.00000000    0.04977215
T4             0.13333786    0.23267852    0.26639909    0.21438174    0.20592942    0.20592942    0.23911374    0.22532788    0.25287784    0.20155226    0.29857294    0.29028702    0.27192979    0.28989421    0.27507521    0.27507521    0.24867503    0.22171754    0.22720979    0.22698028    0.21107943    0.24593484    0.04977215    0.00000000

