24
T15            0.00000000    0.43825269    0.42497107    0.45201199    0.43404341    0.43404341    0.44428503    0.44428503    0.51771908    0.51771908    0.52373237    0.45472478    0.45567218    0.38934098    0.36725459    0.38682971    0.37487095    0.39323811    0.39323811    0.31017909    0.34035117    0.34205904    0.33790116    0.31404483
T14            0.43825269    0.00000000    0.04539081    0.06709221    0.04972970    0.04972970    0.08510802    0.08510802    0.11753054    0.11753054    0.11765376    0.12447383    0.12459145    0.28815523    0.26541443    0.27441390    0.26609778    0.31598462    0.31090811    0.34585692    0.35670182    0.35728603    0.39187793    0.35613062
T21            0.42497107    0.04539081    0.00000000    0.02855442    0.01210027    0.01210027    0.07155732    0.07155732    0.10565899    0.10565899    0.10576096    0.12436413    0.12447383    0.28153393    0.25292048    0.26171341    0.25350758    0.30252522    0.29742222    0.33224885    0.33927505    0.34695902    0.37343646    0.34126784
T19            0.45201199    0.06709221    0.02855442    0.00000000    0.01617895    0.01617895    0.09419109    0.09419109    0.12950725    0.12950725    0.12964492    0.14884905    0.14899658    0.30355499    0.27407004    0.28317974    0.27476870    0.31524782    0.30682611    0.35921360    0.36657662    0.37467695    0.40226573    0.36120571
T23            0.43404341    0.04972970    0.01210027    0.01617895    0.00000000    0.00000000    0.07613841    0.07613841    0.11053574    0.11053574    0.11065673    0.12937753    0.12950725    0.28815523    0.25927428    0.26817786    0.25991953    0.30285659    0.29134281    0.33980686    0.34695902    0.35481183    0.38163688    0.34890090
T20            0.43404341    0.04972970    0.01210027    0.01617895    0.00000000    0.00000000    0.07613841    0.07613841    0.11053574    0.11053574    0.11065673    0.12937753    0.12950725    0.28815523    0.25927428    0.26817786    0.25991953    0.30285659    0.29134281    0.33980686    0.34695902    0.35481183    0.38163688    0.34890090
T2             0.44428503    0.08510802    0.07155732    0.09419109    0.07613841    0.07613841    0.00000000    0.00000000    0.12253359    0.12253359    0.12267651    0.15380106    0.15395330    0.29610925    0.27934025    0.28531579    0.27373715    0.31561011    0.30646027    0.37343646    0.36717549    0.38296272    0.41093761    0.36541892
T1             0.44428503    0.08510802    0.07155732    0.09419109    0.07613841    0.07613841    0.00000000    0.00000000    0.12253359    0.12253359    0.12267651    0.15380106    0.15395330    0.29610925    0.27934025    0.28531579    0.27373715    0.31561011    0.30646027    0.37343646    0.36717549    0.38296272    0.41093761    0.36541892
T12            0.51771908    0.11753054    0.10565899    0.12950725    0.11053574    0.11053574    0.12253359    0.12253359    0.00000000    0.00000000    0.00401106    0.19785366    0.19807368    0.35249793    0.31424491    0.33426645    0.31941689    0.36852753    0.35249793    0.39121904    0.41649902    0.41319383    0.43825269    0.38036613
T0             0.51771908    0.11753054    0.10565899    0.12950725    0.11053574    0.11053574    0.12253359    0.12253359    0.00000000    0.00000000    0.00401106    0.19785366    0.19807368    0.35249793    0.31424491    0.33426645    0.31941689    0.36852753    0.35249793    0.39121904    0.41649902    0.41319383    0.43825269    0.38036613
T10            0.52373237    0.11765376    0.10576096    0.12964492    0.11065673    0.11065673    0.12267651    0.12267651    0.00401106    0.00401106    0.00000000    0.19807368    0.19830294    0.35297756    0.31466867    0.33474836    0.31990007    0.36901831    0.35297756    0.39187793    0.41728257    0.41397543    0.43907956    0.38099461
T6             0.45472478    0.12447383    0.12436413    0.14884905    0.12937753    0.12937753    0.15380106    0.15380106    0.19785366    0.19785366    0.19807368    0.00000000    0.00401106    0.27128614    0.26609778    0.27198687    0.25991953    0.30355499    0.29527964    0.33626886    0.36157846    0.36593918    0.38934098    0.32977425
T7             0.45567218    0.12459145    0.12447383    0.14899658    0.12950725    0.12950725    0.15395330    0.15395330    0.19807368    0.19807368    0.19830294    0.00401106    0.00000000    0.27720761    0.26645548    0.27235349    0.26025801    0.30392196    0.29566130    0.34035117    0.36220242    0.36659030    0.39002694    0.33029347
T11            0.38934098    0.28815523    0.28153393    0.30355499    0.28815523    0.28815523    0.29610925    0.29610925    0.35249793    0.35249793    0.35297756    0.27128614    0.27720761    0.00000000    0.05621505    0.08045852    0.05840837    0.08923143    0.09643354    0.27373715    0.32877251    0.31308951    0.32532022    0.28531579
T17            0.36725459    0.26541443    0.25292048    0.27407004    0.25927428    0.25927428    0.27934025    0.27934025    0.31424491    0.31424491    0.31466867    0.26609778    0.26645548    0.05621505    0.00000000    0.05632505    0.03497171    0.06262811    0.07177469    0.24539563    0.29402039    0.28229457    0.28752027    0.26266168
T3             0.38682971    0.27441390    0.26171341    0.28317974    0.26817786    0.26817786    0.28531579    0.28531579    0.33426645    0.33426645    0.33474836    0.27198687    0.27235349    0.08045852    0.05632505    0.00000000    0.03904252    0.08476935    0.08963519    0.26885907    0.31601167    0.30060631    0.29360374    0.27720761
T8             0.37487095    0.26609778    0.25350758    0.27476870    0.25991953    0.25991953    0.27373715    0.27373715    0.31941689    0.31941689    0.31990007    0.25991953    0.26025801    0.05840837    0.03497171    0.03904252    0.00000000    0.06262811    0.06727934    0.25142465    0.30060631    0.28552363    0.28110375    0.26334712
T22            0.39323811    0.31598462    0.30252522    0.31524782    0.30285659    0.30285659    0.31561011    0.31561011    0.36852753    0.36852753    0.36901831    0.30355499    0.30392196    0.08923143    0.06262811    0.08476935    0.06262811    0.00000000    0.06721001    0.27871291    0.34077391    0.32736195    0.32606241    0.29674227
T5             0.39323811    0.31090811    0.29742222    0.30682611    0.29134281    0.29134281    0.30646027    0.30646027    0.35249793    0.35249793    0.35297756    0.29527964    0.29566130    0.09643354    0.07177469    0.08963519    0.06727934    0.06721001    0.00000000    0.28317974    0.32877251    0.32580295    0.32439132    0.29169105
T13            0.31017909    0.34585692    0.33224885    0.35921360    0.33980686    0.33980686    0.37343646    0.37343646    0.39121904    0.39121904    0.39187793    0.33626886    0.34035117    0.27373715    0.24539563    0.26885907    0.25142465    0.27871291    0.28317974    0.00000000    0.14438461    0.12979051    0.13406991    0.12459145
T18            0.34035117    0.35670182    0.33927505    0.36657662    0.34695902    0.34695902    0.36717549    0.36717549    0.41649902    0.41649902    0.41728257    0.36157846    0.36220242    0.32877251    0.29402039    0.31601167    0.30060631    0.34077391    0.32877251    0.14438461    0.00000000    0.05001665    0.07606274    0.16534475
T16            0.34205904    0.35728603    0.34695902    0.37467695    0.35481183    0.35481183    0.38296272    0.38296272    0.41319383    0.41319383    0.41397543    0.36593918    0.36659030    0.31308951    0.28229457    0.30060631    0.28552363    0.32736195    0.32580295    0.12979051    0.05001665    0.00000000    0.06504677    0.15285942
T4             0.33790116    0.39187793    0.37343646    0.40226573    0.38163688    0.38163688    0.41093761    0.41093761    0.43825269    0.43825269    0.43907956    0.38934098    0.39002694    0.32532022    0.28752027    0.29360374    0.28110375    0.32606241    0.32439132    0.13406991    0.07606274    0.06504677    0.00000000    0.15484013
T9             0.31404483    0.35613062    0.34126784    0.36120571    0.34890090    0.34890090    0.36541892    0.36541892    0.38036613    0.38036613    0.38099461    0.32977425    0.33029347    0.28531579    0.26266168    0.27720761    0.26334712    0.29674227    0.29169105    0.12459145    0.16534475    0.15285942    0.15484013    0.00000000

