24
T19            0.00000000    0.35043833    0.34987104    0.26791578    0.31785718    0.33968343    0.28675333    0.27704299    0.27662527    0.25274491    0.28262947    0.27662527    0.28180699    0.18320486    0.17778434    0.18320486    0.19002557    0.18751510    0.18545776    0.20804514    0.11064583    0.11064583    0.14674595    0.14420774
T8             0.35043833    0.00000000    0.06043281    0.23436288    0.23910437    0.28593296    0.22878572    0.21957183    0.21366147    0.20036654    0.23350478    0.35349486    0.37767104    0.32373430    0.31686030    0.31007954    0.33369125    0.33069729    0.32618649    0.33017563    0.33721914    0.33721914    0.37452018    0.37076006
T21            0.34987104    0.06043281    0.00000000    0.23113408    0.23350478    0.27056644    0.21982561    0.22794937    0.22769024    0.20849274    0.24206324    0.37515709    0.39375709    0.32669075    0.31979304    0.31298922    0.33669768    0.33369125    0.32915506    0.32965926    0.34739452    0.34379677    0.38147406    0.37767104
T10            0.26791578    0.23436288    0.23113408    0.00000000    0.15544544    0.19321113    0.13510159    0.13258888    0.12744662    0.10359635    0.13476322    0.33592182    0.34856621    0.25970782    0.25349581    0.25349581    0.26603093    0.26328078    0.26203420    0.27108074    0.26477072    0.26477072    0.30141998    0.29809724
T20            0.31785718    0.23910437    0.23350478    0.15544544    0.00000000    0.19982829    0.13547147    0.16267087    0.15722126    0.14233955    0.17018925    0.36398961    0.38487229    0.28912393    0.28262947    0.28262947    0.29558073    0.29272455    0.28502285    0.29435954    0.29764947    0.29764947    0.34324275    0.33968343
T17            0.33968343    0.28593296    0.27056644    0.19321113    0.19982829    0.00000000    0.10371462    0.19024010    0.18191671    0.16918597    0.19804006    0.40969809    0.41404268    0.32720708    0.32028548    0.32028548    0.33116447    0.32818325    0.32618649    0.35407534    0.31735284    0.31735284    0.36452668    0.36082229
T9             0.28675333    0.22878572    0.21982561    0.13510159    0.13547147    0.10371462    0.00000000    0.13997929    0.13476322    0.11547700    0.14216315    0.35476507    0.36024356    0.27836042    0.27192860    0.27192860    0.28141216    0.27861170    0.27426587    0.29333330    0.28349555    0.28349555    0.32827587    0.32477879
T11            0.27704299    0.21957183    0.22794937    0.13258888    0.16267087    0.19024010    0.13997929    0.00000000    0.00805148    0.03294600    0.05875425    0.35346544    0.35527476    0.25238474    0.24630497    0.24630497    0.26502738    0.26227396    0.25474418    0.27304330    0.26126686    0.26126686    0.30429502    0.30096120
T1             0.27662527    0.21366147    0.22769024    0.12744662    0.15722126    0.18191671    0.13476322    0.00805148    0.00000000    0.02866498    0.05425594    0.34553393    0.34739452    0.24597345    0.23998473    0.23998473    0.25861599    0.25587983    0.24834412    0.26638673    0.25474418    0.25474418    0.29721301    0.29393388
T4             0.25274491    0.20036654    0.20849274    0.10359635    0.14233955    0.16918597    0.11547700    0.03294600    0.02866498    0.00000000    0.03710257    0.31890114    0.32078981    0.22325253    0.21748825    0.21748825    0.23564367    0.23298253    0.22558989    0.24899493    0.24062178    0.24062178    0.27582210    0.27265715
T23            0.28262947    0.23350478    0.24206324    0.13476322    0.17018925    0.19804006    0.14216315    0.05875425    0.05425594    0.03710257    0.00000000    0.34856621    0.34324275    0.24565205    0.23968122    0.23968122    0.26441187    0.26165582    0.25407705    0.27228173    0.26988833    0.26988833    0.31345842    0.31007954
T12            0.27662527    0.35349486    0.37515709    0.33592182    0.36398961    0.40969809    0.35476507    0.35346544    0.34553393    0.31890114    0.34856621    0.00000000    0.03064603    0.23234229    0.22645928    0.23234229    0.25375903    0.25104642    0.23763639    0.24329259    0.26791578    0.27108074    0.30141998    0.29809724
T13            0.28180699    0.37767104    0.39375709    0.34856621    0.38487229    0.41404268    0.36024356    0.35527476    0.34739452    0.32078981    0.34324275    0.03064603    0.00000000    0.24329259    0.23732176    0.24329259    0.26502738    0.26227396    0.24866442    0.25136560    0.27543669    0.27861170    0.30917557    0.30584177
T5             0.18320486    0.32373430    0.32669075    0.25970782    0.28912393    0.32720708    0.27836042    0.25238474    0.24597345    0.22325253    0.24565205    0.23234229    0.24329259    0.00000000    0.00401609    0.00806471    0.04536844    0.04325284    0.03701125    0.08298313    0.17242197    0.17242197    0.20409251    0.20129115
T22            0.17778434    0.31686030    0.31979304    0.25349581    0.28262947    0.32028548    0.27192860    0.24630497    0.23998473    0.21748825    0.23968122    0.22645928    0.23732176    0.00401609    0.00000000    0.00401609    0.04111305    0.03900649    0.03277389    0.07840630    0.16711652    0.16711652    0.19850540    0.19573509
T16            0.18320486    0.31007954    0.31298922    0.25349581    0.28262947    0.32028548    0.27192860    0.24630497    0.23998473    0.21748825    0.23968122    0.23234229    0.24329259    0.00806471    0.00401609    0.00000000    0.04536844    0.04325284    0.03701125    0.08298313    0.17242197    0.17242197    0.20409251    0.20129115
T18            0.19002557    0.33369125    0.33669768    0.26603093    0.29558073    0.33116447    0.28141216    0.26502738    0.25861599    0.23564367    0.26441187    0.25375903    0.26502738    0.04536844    0.04111305    0.04536844    0.00000000    0.00200301    0.03061712    0.09851393    0.17924273    0.17924273    0.20827099    0.20548525
T14            0.18751510    0.33069729    0.33369125    0.26328078    0.29272455    0.32818325    0.27861170    0.26227396    0.25587983    0.23298253    0.26165582    0.25104642    0.26227396    0.04325284    0.03900649    0.04325284    0.00200301    0.00000000    0.02853692    0.09626018    0.17676125    0.17676125    0.20569921    0.20292121
T15            0.18545776    0.32618649    0.32915506    0.26203420    0.28502285    0.32618649    0.27426587    0.25474418    0.24834412    0.22558989    0.25407705    0.23763639    0.24866442    0.03701125    0.03277389    0.03701125    0.03061712    0.02853692    0.00000000    0.09204686    0.17467488    0.17467488    0.20359611    0.20081036
T7             0.20804514    0.33017563    0.32965926    0.27108074    0.29435954    0.35407534    0.29333330    0.27304330    0.26638673    0.24899493    0.27228173    0.24329259    0.25136560    0.08298313    0.07840630    0.08298313    0.09851393    0.09626018    0.09204686    0.00000000    0.19069619    0.19069619    0.21804643    0.21517260
T0             0.11064583    0.33721914    0.34739452    0.26477072    0.29764947    0.31735284    0.28349555    0.26126686    0.25474418    0.24062178    0.26988833    0.26791578    0.27543669    0.17242197    0.16711652    0.17242197    0.17924273    0.17676125    0.17467488    0.19069619    0.00000000    0.01210944    0.05402928    0.05185532
T3             0.11064583    0.33721914    0.34379677    0.26477072    0.29764947    0.31735284    0.28349555    0.26126686    0.25474418    0.24062178    0.26988833    0.27108074    0.27861170    0.17242197    0.16711652    0.17242197    0.17924273    0.17676125    0.17467488    0.19069619    0.01210944    0.00000000    0.05412918    0.05194573
T6             0.14674595    0.37452018    0.38147406    0.30141998    0.34324275    0.36452668    0.32827587    0.30429502    0.29721301    0.27582210    0.31345842    0.30141998    0.30917557    0.20409251    0.19850540    0.20409251    0.20827099    0.20569921    0.20359611    0.21804643    0.05402928    0.05412918    0.00000000    0.00200401
T2             0.14420774    0.37076006    0.37767104    0.29809724    0.33968343    0.36082229    0.32477879    0.30096120    0.29393388    0.27265715    0.31007954    0.29809724    0.30584177    0.20129115    0.19573509    0.20129115    0.20548525    0.20292121    0.20081036    0.21517260    0.05185532    0.05194573    0.00200401    0.00000000

