24
T21            0.00000000    0.33020875    0.33020875    0.33426049    0.32704611    0.37967155    0.36647348    0.29527075    0.30964963    0.30386374    0.30967570    0.36221246    0.30865466    0.35531504    0.36958664    0.40246060    0.35838654    0.35047627    0.36026782    0.35353326    0.17202283    0.19851599    0.19827854    0.18297730
T9             0.33020875    0.00000000    0.05399012    0.06060934    0.07387234    0.12435673    0.11041559    0.18274915    0.17448523    0.17983388    0.17243001    0.23034511    0.18274915    0.21490958    0.22095063    0.25351515    0.20948600    0.22482117    0.23009723    0.22326622    0.20806957    0.22770370    0.21888066    0.20828199
T3             0.33020875    0.05399012    0.00000000    0.05632303    0.06504423    0.11489642    0.11791395    0.18049629    0.17983388    0.18524040    0.17779303    0.23617752    0.18546710    0.21835331    0.22448889    0.25661213    0.21289115    0.23114844    0.23645245    0.22678313    0.20571001    0.22533298    0.22172221    0.20593356
T23            0.33426049    0.06060934    0.05632303    0.00000000    0.07185736    0.12252414    0.12051099    0.18895573    0.18819992    0.19371080    0.18073459    0.23940308    0.19396912    0.22448889    0.22550624    0.25390620    0.21896889    0.23437797    0.23969679    0.23005287    0.21438635    0.23143601    0.22770370    0.21180164
T4             0.32704611    0.07387234    0.06504423    0.07185736    0.00000000    0.06055509    0.13009341    0.19731441    0.19648921    0.19928315    0.18345997    0.23351915    0.19119841    0.23039030    0.23672725    0.27284239    0.22481849    0.24031437    0.24566865    0.23302107    0.21777562    0.23797709    0.23703240    0.22095063
T16            0.37967155    0.12435673    0.11489642    0.12252414    0.06055509    0.00000000    0.18546710    0.24131571    0.23969679    0.24267380    0.22880010    0.27027505    0.23408176    0.27664792    0.28028261    0.31893325    0.26128662    0.28386299    0.28952144    0.26990927    0.26846719    0.28386299    0.28915101    0.27193762
T11            0.36647348    0.11041559    0.11791395    0.12051099    0.13009341    0.18546710    0.00000000    0.21576545    0.22065819    0.22647370    0.21638307    0.26881164    0.22448889    0.25972842    0.26328459    0.30104978    0.25081879    0.26605058    0.27158341    0.25547148    0.26021279    0.28182985    0.28067722    0.26365720
T14            0.29527075    0.18274915    0.18049629    0.18895573    0.19731441    0.24131571    0.21576545    0.00000000    0.11730052    0.11752274    0.16246458    0.22245043    0.17532803    0.18819992    0.19396912    0.22515761    0.18297730    0.19827854    0.20337260    0.18570267    0.19574530    0.22326622    0.21723603    0.20155652
T2             0.30964963    0.17448523    0.17983388    0.18819992    0.19648921    0.23969679    0.22065819    0.11730052    0.00000000    0.05616887    0.16004630    0.21649855    0.16753723    0.17983388    0.18819992    0.21835331    0.18004590    0.19488112    0.19996985    0.18502258    0.19978044    0.23009723    0.22412732    0.21390125
T1             0.30386374    0.17983388    0.18524040    0.19371080    0.19928315    0.24267380    0.22647370    0.11752274    0.05616887    0.00000000    0.16579113    0.22560356    0.17065881    0.18026672    0.18594707    0.21896889    0.18049629    0.19298989    0.19805027    0.18321425    0.20016865    0.22823225    0.22172221    0.21438635
T22            0.30967570    0.17243001    0.17779303    0.18073459    0.18345997    0.22880010    0.21638307    0.16246458    0.16004630    0.16579113    0.00000000    0.08716827    0.03497070    0.14421304    0.14947461    0.17779303    0.14691665    0.16120438    0.16608993    0.15722799    0.20640882    0.23500006    0.22823225    0.21232759
T19            0.36221246    0.23034511    0.23617752    0.23940308    0.23351915    0.27027505    0.26881164    0.22245043    0.21649855    0.22560356    0.08716827    0.00000000    0.06709016    0.18893793    0.19450427    0.22172221    0.18374927    0.19372537    0.19884267    0.19450427    0.24962178    0.27996393    0.26968637    0.25589698
T0             0.30865466    0.18274915    0.18546710    0.19396912    0.19119841    0.23408176    0.22448889    0.17532803    0.16753723    0.17065881    0.03497070    0.06709016    0.00000000    0.15153567    0.15685291    0.18546710    0.15169740    0.16869451    0.17362852    0.15945076    0.20593356    0.23437797    0.22770370    0.21750105
T8             0.35531504    0.21490958    0.21835331    0.22448889    0.23039030    0.27664792    0.25972842    0.18819992    0.17983388    0.18026672    0.14421304    0.18893793    0.15153567    0.00000000    0.02866523    0.05653787    0.04124020    0.09844630    0.10298078    0.09652282    0.22560356    0.25138299    0.23911945    0.22880010
T6             0.36958664    0.22095063    0.22448889    0.22550624    0.23672725    0.28028261    0.26328459    0.19396912    0.18819992    0.18594707    0.14947461    0.19450427    0.15685291    0.02866523    0.00000000    0.05441031    0.03701160    0.10085282    0.10539402    0.09897761    0.23703240    0.26330015    0.25075441    0.24031437
T12            0.40246060    0.25351515    0.25661213    0.25390620    0.27284239    0.31893325    0.30104978    0.22515761    0.21835331    0.21896889    0.17779303    0.22172221    0.18546710    0.05653787    0.05441031    0.00000000    0.06519301    0.12446594    0.12668881    0.12266650    0.26330015    0.29070030    0.27751165    0.27306489
T7             0.35838654    0.20948600    0.21289115    0.21896889    0.22481849    0.26128662    0.25081879    0.18297730    0.18004590    0.18049629    0.14691665    0.18374927    0.15169740    0.04124020    0.03701160    0.06519301    0.00000000    0.09619039    0.10070974    0.08963065    0.22823225    0.25409471    0.23591265    0.23143601
T10            0.35047627    0.22482117    0.23114844    0.23437797    0.24031437    0.28386299    0.26605058    0.19827854    0.19488112    0.19298989    0.16120438    0.19372537    0.16869451    0.09844630    0.10085282    0.12446594    0.09619039    0.00000000    0.01210947    0.06937762    0.22985933    0.25260764    0.24053884    0.23884594
T13            0.36026782    0.23009723    0.23645245    0.23969679    0.24566865    0.28952144    0.27158341    0.20337260    0.19996985    0.19805027    0.16608993    0.19884267    0.17362852    0.10298078    0.10539402    0.12668881    0.10070974    0.01210947    0.00000000    0.07373890    0.23228788    0.26109793    0.24301569    0.24126266
T5             0.35353326    0.22326622    0.22678313    0.23005287    0.23302107    0.26990927    0.25547148    0.18570267    0.18502258    0.18321425    0.15722799    0.19450427    0.15945076    0.09652282    0.09897761    0.12266650    0.08963065    0.06937762    0.07373890    0.00000000    0.22770370    0.25045564    0.23251398    0.23087075
T20            0.17202283    0.20806957    0.20571001    0.21438635    0.21777562    0.26846719    0.26021279    0.19574530    0.19978044    0.20016865    0.20640882    0.24962178    0.20593356    0.22560356    0.23703240    0.26330015    0.22823225    0.22985933    0.23228788    0.22770370    0.00000000    0.04969134    0.04536889    0.03485691
T17            0.19851599    0.22770370    0.22533298    0.23143601    0.23797709    0.28386299    0.28182985    0.22326622    0.23009723    0.22823225    0.23500006    0.27996393    0.23437797    0.25138299    0.26330015    0.29070030    0.25409471    0.25260764    0.26109793    0.25045564    0.04969134    0.00000000    0.05621347    0.04776519
T18            0.19827854    0.21888066    0.22172221    0.22770370    0.23703240    0.28915101    0.28067722    0.21723603    0.22412732    0.22172221    0.22823225    0.26968637    0.22770370    0.23911945    0.25075441    0.27751165    0.23591265    0.24053884    0.24301569    0.23251398    0.04536889    0.05621347    0.00000000    0.03069782
T15            0.18297730    0.20828199    0.20593356    0.21180164    0.22095063    0.27193762    0.26365720    0.20155652    0.21390125    0.21438635    0.21232759    0.25589698    0.21750105    0.22880010    0.24031437    0.27306489    0.23143601    0.23884594    0.24126266    0.23087075    0.03485691    0.04776519    0.03069782    0.00000000

