24
T23            0.00000000    0.29116261    0.29686152    0.30346738    0.30346738    0.32830283    0.26832039    0.21005704    0.22518658    0.19986218    0.21335351    0.22070175    0.21064235    0.20523152    0.24549117    0.25976720    0.23594129    0.22853869    0.26201367    0.19677630    0.19398942    0.21291569    0.21005704    0.16470136
T21            0.29116261    0.00000000    0.07169464    0.07169464    0.07395234    0.46408192    0.39843847    0.32783136    0.30484619    0.30582291    0.28543351    0.31370110    0.30582291    0.29958860    0.32783136    0.38501388    0.35140677    0.34334653    0.37165658    0.30532881    0.29863420    0.31744108    0.32088054    0.30773355
T13            0.29686152    0.07169464    0.00000000    0.00401611    0.00804441    0.45309415    0.38876592    0.32332064    0.29728763    0.30149894    0.28121816    0.30245303    0.29158980    0.28550846    0.31988122    0.35601132    0.33981202    0.33173726    0.35963599    0.29443308    0.28791342    0.29972799    0.30970292    0.30015352
T19            0.30346738    0.07169464    0.00401611    0.00000000    0.01007284    0.46203695    0.39677644    0.33027138    0.30391545    0.30821603    0.28775944    0.30921569    0.29817399    0.29202819    0.32678391    0.36345437    0.33981202    0.33173726    0.35963599    0.30103902    0.29443308    0.30635575    0.31646534    0.30015352
T17            0.30346738    0.07395234    0.00804441    0.01007284    0.00000000    0.46203695    0.39677644    0.33027138    0.30391545    0.30821603    0.28775944    0.30921569    0.29817399    0.29202819    0.32678391    0.36345437    0.33981202    0.32483474    0.36324942    0.30103902    0.29443308    0.30635575    0.31646534    0.30680339
T0             0.32830283    0.46408192    0.45309415    0.46203695    0.46203695    0.00000000    0.08795658    0.22191267    0.24670096    0.22553576    0.23305569    0.24362187    0.24206629    0.23639407    0.26290425    0.30396953    0.26957218    0.26209340    0.27628289    0.23042015    0.22745978    0.24741251    0.25047264    0.32008750
T10            0.26832039    0.39843847    0.38876592    0.39677644    0.39677644    0.08795658    0.00000000    0.17852949    0.19572934    0.17632655    0.18361487    0.17961018    0.18125554    0.18152028    0.21673263    0.24016730    0.22329261    0.20466021    0.23768266    0.17067482    0.16799988    0.18621919    0.18897533    0.26103138
T5             0.21005704    0.32783136    0.32332064    0.33027138    0.33027138    0.22191267    0.17852949    0.00000000    0.08078734    0.05617037    0.12067828    0.12498942    0.13184657    0.12704229    0.16431863    0.19096706    0.16302351    0.15849980    0.19689462    0.11490283    0.11250997    0.12914224    0.13159986    0.20387248
T14            0.22518658    0.30484619    0.29728763    0.30391545    0.30391545    0.24670096    0.19572934    0.08078734    0.00000000    0.07412804    0.14335993    0.14767068    0.15464255    0.14966615    0.18846191    0.21064235    0.18928490    0.18213454    0.20274598    0.13697099    0.13447024    0.14915060    0.15428055    0.20721466
T3             0.19986218    0.30582291    0.30149894    0.30821603    0.30821603    0.22553576    0.17632655    0.05617037    0.07412804    0.00000000    0.11121323    0.11792111    0.12471573    0.11995735    0.15428055    0.18323216    0.15813364    0.15111185    0.18911575    0.11031621    0.10793474    0.12447351    0.12447351    0.19096706
T12            0.21335351    0.28543351    0.28121816    0.28775944    0.28775944    0.23305569    0.18361487    0.12067828    0.14335993    0.11121323    0.00000000    0.06735481    0.08289734    0.07841091    0.10825652    0.14273344    0.11934934    0.11983639    0.15621549    0.07841091    0.07613781    0.09195521    0.09428667    0.19260660
T6             0.22070175    0.31370110    0.30245303    0.30921569    0.30921569    0.24362187    0.17961018    0.12498942    0.14767068    0.11792111    0.06735481    0.00000000    0.09643310    0.09186445    0.11741450    0.14201038    0.12400716    0.11961794    0.15339620    0.08039416    0.07813139    0.09394621    0.09626681    0.19705175
T15            0.21064235    0.30582291    0.29158980    0.29817399    0.29817399    0.24206629    0.18125554    0.13184657    0.15464255    0.12471573    0.08289734    0.09643310    0.00000000    0.00401106    0.06487474    0.09887530    0.10046956    0.09143642    0.12634813    0.05179381    0.04963847    0.06479523    0.06259722    0.20211496
T8             0.20523152    0.29958860    0.28550846    0.29202819    0.29202819    0.23639407    0.18152028    0.12704229    0.14966615    0.11995735    0.07841091    0.09186445    0.00401106    0.00000000    0.06050944    0.09428667    0.09590332    0.08691872    0.12160283    0.04751140    0.04536992    0.06043541    0.05825181    0.19677630
T1             0.24549117    0.32783136    0.31988122    0.32678391    0.32678391    0.26290425    0.21673263    0.16431863    0.18846191    0.15428055    0.10825652    0.11741450    0.06487474    0.06050944    0.00000000    0.12731239    0.12148417    0.11688859    0.15064987    0.08039416    0.07587883    0.09163636    0.09163636    0.23206964
T9             0.25976720    0.38501388    0.35601132    0.36345437    0.36345437    0.30396953    0.24016730    0.19096706    0.21064235    0.18323216    0.14273344    0.14201038    0.09887530    0.09428667    0.12731239    0.00000000    0.15339620    0.14645644    0.16121726    0.10349349    0.11065518    0.12484865    0.12484865    0.24669739
T4             0.23594129    0.35140677    0.33981202    0.33981202    0.33981202    0.26957218    0.22329261    0.16302351    0.18928490    0.15813364    0.11934934    0.12400716    0.10046956    0.09590332    0.12148417    0.15339620    0.00000000    0.02650514    0.09838874    0.08463278    0.08238535    0.09592203    0.09592203    0.21828907
T11            0.22853869    0.34334653    0.33173726    0.33173726    0.32483474    0.26209340    0.20466021    0.15849980    0.18213454    0.15111185    0.11983639    0.11961794    0.09143642    0.08691872    0.11688859    0.14645644    0.02650514    0.00000000    0.09178103    0.07803472    0.07579230    0.08923275    0.08923275    0.21652245
T7             0.26201367    0.37165658    0.35963599    0.35963599    0.36324942    0.27628289    0.23768266    0.19689462    0.20274598    0.18911575    0.15621549    0.15339620    0.12634813    0.12160283    0.15064987    0.16121726    0.09838874    0.09178103    0.00000000    0.10984609    0.10749828    0.12153946    0.12153946    0.24939670
T18            0.19677630    0.30532881    0.29443308    0.30103902    0.30103902    0.23042015    0.17067482    0.11490283    0.13697099    0.11031621    0.07841091    0.08039416    0.05179381    0.04751140    0.08039416    0.10349349    0.08463278    0.07803472    0.10984609    0.00000000    0.00806479    0.02031429    0.02238908    0.18525814
T16            0.19398942    0.29863420    0.28791342    0.29443308    0.29443308    0.22745978    0.16799988    0.11250997    0.13447024    0.10793474    0.07613781    0.07813139    0.04963847    0.04536992    0.07587883    0.11065518    0.08238535    0.07579230    0.10749828    0.00806479    0.00000000    0.02031429    0.02238908    0.18254697
T22            0.21291569    0.31744108    0.29972799    0.30635575    0.30635575    0.24741251    0.18621919    0.12914224    0.14915060    0.12447351    0.09195521    0.09394621    0.06479523    0.06043541    0.09163636    0.12484865    0.09592203    0.08923275    0.12153946    0.02031429    0.02031429    0.00000000    0.03488897    0.20107786
T20            0.21005704    0.32088054    0.30970292    0.31646534    0.31646534    0.25047264    0.18897533    0.13159986    0.15428055    0.12447351    0.09428667    0.09626681    0.06259722    0.05825181    0.09163636    0.12484865    0.09592203    0.08923275    0.12153946    0.02238908    0.02238908    0.03488897    0.00000000    0.20107786
T2             0.16470136    0.30773355    0.30015352    0.30015352    0.30680339    0.32008750    0.26103138    0.20387248    0.20721466    0.19096706    0.19260660    0.19705175    0.20211496    0.19677630    0.23206964    0.24669739    0.21828907    0.21652245    0.24939670    0.18525814    0.18254697    0.20107786    0.20107786    0.00000000

