24
T23            0.00000000    0.47428297    0.48505641    0.49805108    0.48606722    0.45290667    0.45638377    0.45635659    0.46510877    0.44120641    0.44885484    0.51398944    0.43929985    0.47220078    0.46864631    0.48212973    0.46864631    0.45901453    0.45901453    0.43512526    0.48843125    0.43666976    0.43666976    0.45469544
T21            0.47428297    0.00000000    0.01210028    0.01617896    0.04776722    0.02037321    0.02450773    0.09252151    0.09279792    0.17804996    0.17512810    0.20973086    0.20973086    0.20840500    0.19512809    0.20872273    0.21160699    0.19764391    0.22520474    0.21417354    0.26422700    0.17991613    0.17991613    0.21417354
T17            0.48505641    0.01210028    0.00000000    0.02028071    0.05194820    0.02444408    0.02859746    0.09922213    0.09948889    0.18822747    0.18526566    0.22036121    0.22036121    0.21611009    0.20270240    0.21642502    0.21933446    0.20524521    0.23306892    0.22192898    0.27246363    0.19012298    0.19012298    0.22192898
T7             0.49805108    0.01617896    0.02028071    0.00000000    0.06067304    0.03280841    0.03701258    0.10624525    0.10653172    0.19073374    0.18776590    0.22295338    0.22591467    0.22160650    0.20809647    0.22192898    0.22486408    0.21065656    0.23870639    0.22747670    0.27845962    0.19543232    0.19543232    0.22747670
T2             0.48606722    0.04776722    0.05194820    0.06067304    0.00000000    0.03069849    0.03488920    0.11593465    0.11137635    0.20185307    0.20158827    0.23189051    0.22889364    0.23341680    0.21966731    0.23377442    0.23078659    0.21933446    0.24172124    0.23043791    0.28171017    0.20464624    0.20464624    0.23641359
T14            0.45290667    0.02037321    0.02444408    0.03280841    0.03069849    0.00000000    0.00805156    0.08795965    0.08822810    0.17289633    0.17267020    0.20429971    0.20718405    0.20300375    0.18982571    0.20331417    0.20047099    0.19232483    0.21384834    0.20300375    0.25208727    0.17471840    0.17471840    0.20872273
T18            0.45638377    0.02450773    0.02859746    0.03701258    0.03488920    0.00805156    0.00000000    0.08783608    0.08809033    0.17804996    0.17781794    0.20973086    0.21264042    0.20840500    0.19512809    0.20872273    0.20585504    0.19764391    0.21353246    0.20270240    0.25167367    0.17991613    0.17991613    0.21417354
T16            0.45635659    0.09252151    0.09922213    0.10624525    0.11593465    0.08795965    0.08783608    0.00000000    0.01415465    0.15894686    0.15878971    0.20524521    0.19678794    0.18483689    0.18006990    0.18776590    0.19049991    0.17717430    0.19257915    0.18213985    0.22884020    0.17313105    0.17313105    0.19577325
T1             0.46510877    0.09279792    0.09948889    0.10653172    0.11137635    0.08822810    0.08809033    0.01415465    0.00000000    0.15669465    0.15652724    0.20872273    0.20016866    0.18799221    0.18324154    0.19097657    0.19374091    0.18029174    0.19577325    0.18526566    0.23240244    0.17362615    0.17362615    0.19073374
T15            0.44120641    0.17804996    0.18822747    0.19073374    0.20185307    0.17289633    0.17804996    0.15894686    0.15669465    0.00000000    0.00401106    0.15705470    0.17781794    0.16641710    0.15911252    0.16921208    0.16694974    0.15894686    0.18463595    0.17697731    0.22041208    0.16270063    0.16270063    0.18234244
T13            0.44885484    0.17512810    0.18526566    0.18776590    0.20158827    0.17267020    0.17781794    0.15878971    0.15652724    0.00401106    0.00000000    0.15687048    0.17759464    0.17149521    0.16414436    0.17431622    0.17204358    0.16397368    0.18444401    0.17678914    0.22013747    0.16248588    0.16248588    0.18213985
T6             0.51398944    0.20973086    0.22036121    0.22295338    0.23189051    0.20429971    0.20973086    0.20524521    0.20872273    0.15705470    0.15687048    0.00000000    0.19512809    0.20585504    0.18649316    0.20840500    0.21128093    0.19734959    0.21901105    0.21674934    0.25127014    0.18515279    0.18515279    0.20809647
T0             0.43929985    0.20973086    0.22036121    0.22591467    0.22889364    0.20718405    0.21264042    0.19678794    0.20016866    0.17781794    0.17759464    0.19512809    0.00000000    0.16824626    0.15833480    0.16050813    0.16315525    0.15026317    0.16512595    0.15765745    0.19734959    0.13103142    0.13103142    0.16557791
T11            0.47220078    0.20840500    0.21611009    0.22160650    0.23341680    0.20300375    0.20840500    0.18483689    0.18799221    0.16641710    0.17149521    0.20585504    0.16824626    0.00000000    0.04753708    0.04963808    0.05179350    0.04111387    0.11042337    0.09643429    0.13212889    0.12778145    0.12778145    0.14660866
T22            0.46864631    0.19512809    0.20270240    0.20809647    0.21966731    0.18982571    0.19512809    0.18006990    0.18324154    0.15911252    0.16414436    0.18649316    0.15833480    0.04753708    0.00000000    0.03066936    0.03277482    0.02028071    0.10123635    0.08972888    0.12761842    0.11593465    0.11593465    0.14201484
T4             0.48212973    0.20872273    0.21642502    0.22192898    0.23377442    0.20331417    0.20872273    0.18776590    0.19097657    0.16921208    0.17431622    0.20840500    0.16050813    0.04963808    0.03066936    0.00000000    0.01007285    0.02439620    0.10814365    0.09652897    0.12979211    0.12546357    0.12546357    0.14676637
T12            0.46864631    0.21160699    0.21933446    0.22486408    0.23078659    0.20047099    0.20585504    0.19049991    0.19374091    0.16694974    0.17204358    0.21128093    0.16315525    0.05179350    0.03277482    0.01007285    0.00000000    0.02647100    0.11053682    0.09887711    0.13228076    0.12795228    0.12795228    0.14931863
T10            0.45901453    0.19764391    0.20524521    0.21065656    0.21933446    0.19232483    0.19764391    0.17717430    0.18029174    0.15894686    0.16397368    0.19734959    0.15026317    0.04111387    0.02028071    0.02439620    0.02647100    0.00000000    0.09877690    0.08732578    0.12008903    0.11577905    0.11577905    0.13682628
T5             0.45901453    0.22520474    0.23306892    0.23870639    0.24172124    0.21384834    0.21353246    0.19257915    0.19577325    0.18463595    0.18444401    0.21901105    0.16512595    0.11042337    0.10123635    0.10814365    0.11053682    0.09877690    0.00000000    0.04765519    0.07395356    0.13746810    0.13746810    0.15428517
T9             0.43512526    0.21417354    0.22192898    0.22747670    0.23043791    0.20300375    0.20270240    0.18213985    0.18526566    0.17697731    0.17678914    0.21674934    0.15765745    0.09643429    0.08972888    0.09652897    0.09887711    0.08732578    0.04765519    0.00000000    0.05875883    0.12529895    0.12529895    0.14185370
T3             0.48843125    0.26422700    0.27246363    0.27845962    0.28171017    0.25208727    0.25167367    0.22884020    0.23240244    0.22041208    0.22013747    0.25127014    0.19734959    0.13212889    0.12761842    0.12979211    0.13228076    0.12008903    0.07395356    0.05875883    0.00000000    0.16557791    0.16557791    0.18573009
T19            0.43666976    0.17991613    0.19012298    0.19543232    0.20464624    0.17471840    0.17991613    0.17313105    0.17362615    0.16270063    0.16248588    0.18515279    0.13103142    0.12778145    0.11593465    0.12546357    0.12795228    0.11577905    0.13746810    0.12529895    0.16557791    0.00000000    0.00000000    0.10851215
T8             0.43666976    0.17991613    0.19012298    0.19543232    0.20464624    0.17471840    0.17991613    0.17313105    0.17362615    0.16270063    0.16248588    0.18515279    0.13103142    0.12778145    0.11593465    0.12546357    0.12795228    0.11577905    0.13746810    0.12529895    0.16557791    0.00000000    0.00000000    0.10851215
T20            0.45469544    0.21417354    0.22192898    0.22747670    0.23641359    0.20872273    0.21417354    0.19577325    0.19073374    0.18234244    0.18213985    0.20809647    0.16557791    0.14660866    0.14201484    0.14676637    0.14931863    0.13682628    0.15428517    0.14185370    0.18573009    0.10851215    0.10851215    0.00000000

