24
T5             0.00000000    0.27304855    0.27266273    0.26675842    0.24934003    0.26558229    0.26127153    0.30296130    0.28181288    0.28630915    0.28957756    0.30574424    0.27237185    0.27237185    0.27704760    0.29286750    0.28957756    0.31963953    0.30542646    0.31203253    0.30574424    0.34135132    0.32997419    0.31890652
T18            0.27304855    0.00000000    0.09401497    0.09409620    0.07373830    0.09204750    0.08750124    0.12226047    0.11064678    0.11591937    0.11837048    0.10133996    0.08795009    0.08795009    0.08060437    0.11348023    0.11348023    0.21545874    0.20473031    0.28487979    0.25119402    0.26961631    0.26369618    0.25782643
T16            0.27266273    0.09401497    0.00000000    0.02031400    0.01823225    0.06066978    0.07599061    0.11012144    0.09867715    0.09662277    0.09897580    0.08954426    0.07858872    0.07858872    0.07149609    0.10133996    0.10348647    0.22021225    0.20426107    0.27704760    0.25545698    0.27791460    0.26326621    0.26284656
T9             0.26675842    0.09409620    0.02031400    0.00000000    0.01824786    0.05645876    0.07605876    0.11021122    0.09876929    0.09673154    0.09909013    0.08962941    0.07869024    0.07869024    0.07155411    0.10384095    0.10597824    0.20931429    0.20440783    0.27427020    0.24969058    0.28070198    0.26600153    0.26558229
T7             0.24934003    0.07373830    0.01823225    0.01824786    0.00000000    0.04128494    0.05621307    0.08939586    0.07825311    0.08078263    0.08308156    0.06937695    0.05867121    0.05867121    0.05185567    0.08308156    0.08519169    0.20154350    0.19131729    0.25659573    0.22971331    0.25971137    0.24544043    0.24505827
T4             0.26558229    0.09204750    0.06066978    0.05645876    0.04128494    0.00000000    0.06951792    0.10338323    0.09204750    0.09473752    0.09710169    0.08760273    0.07673240    0.07673240    0.06951792    0.09947709    0.10158720    0.21845501    0.20806386    0.26054120    0.24239130    0.26369618    0.25242727    0.25200616
T23            0.26127153    0.08750124    0.07599061    0.07605876    0.05621307    0.06951792    0.00000000    0.04120142    0.02653126    0.07879874    0.08110297    0.08308156    0.07226907    0.07226907    0.06735155    0.09486982    0.09697103    0.21545874    0.20748533    0.26643118    0.24811673    0.26643118    0.25740601    0.25159507
T10            0.30296130    0.12226047    0.11012144    0.11021122    0.08939586    0.10338323    0.04120142    0.00000000    0.06066978    0.11805665    0.12050775    0.11764311    0.10637213    0.10637213    0.10112231    0.12512671    0.12730132    0.25708357    0.24571795    0.29381926    0.27469874    0.29617922    0.28675790    0.28070198
T1             0.28181288    0.11064678    0.09867715    0.09876929    0.07825311    0.09204750    0.02653126    0.06066978    0.00000000    0.09461244    0.09697103    0.10610209    0.09500931    0.09500931    0.08982151    0.11837048    0.12050775    0.23741353    0.23206617    0.29050753    0.26832843    0.30388818    0.29431176    0.28816974
T22            0.28630915    0.11591937    0.09662277    0.09673154    0.08078263    0.09473752    0.07879874    0.11805665    0.09461244    0.00000000    0.00200401    0.11136115    0.09071988    0.09071988    0.09251123    0.12637981    0.12848989    0.23274283    0.22171551    0.30663299    0.28256375    0.30208777    0.28916545    0.28635685
T17            0.28957756    0.11837048    0.09897580    0.09909013    0.08308156    0.09710169    0.08110297    0.12050775    0.09697103    0.00200401    0.00000000    0.11380030    0.09308966    0.09308966    0.09016372    0.12889886    0.13100893    0.23565006    0.22457289    0.31009378    0.28585370    0.30550128    0.29249928    0.28967960
T12            0.30574424    0.10133996    0.08954426    0.08962941    0.06937695    0.08760273    0.08308156    0.11764311    0.10610209    0.11136115    0.11380030    0.00000000    0.05638724    0.05638724    0.06944396    0.10651827    0.10863735    0.22962507    0.22194796    0.28816974    0.27558772    0.29585550    0.27977687    0.28026907
T20            0.27237185    0.08795009    0.07858872    0.07869024    0.05867121    0.07673240    0.07226907    0.10637213    0.09500931    0.09071988    0.09308966    0.05638724    0.00000000    0.00000000    0.05653698    0.09308966    0.09515597    0.20786144    0.20549009    0.28128531    0.25599359    0.28128531    0.27197153    0.26600027
T19            0.27237185    0.08795009    0.07858872    0.07869024    0.05867121    0.07673240    0.07226907    0.10637213    0.09500931    0.09071988    0.09308966    0.05638724    0.00000000    0.00000000    0.05653698    0.09308966    0.09515597    0.20786144    0.20549009    0.28128531    0.25599359    0.28128531    0.27197153    0.26600027
T2             0.27704760    0.08060437    0.07149609    0.07155411    0.05185567    0.06951792    0.06735155    0.10112231    0.08982151    0.09251123    0.09016372    0.06944396    0.05653698    0.05653698    0.00000000    0.09016372    0.09226493    0.19627708    0.19926542    0.26012116    0.24505827    0.25388981    0.24811673    0.24239130
T15            0.29286750    0.11348023    0.10133996    0.10384095    0.08308156    0.09947709    0.09486982    0.12512671    0.11837048    0.12637981    0.12889886    0.10651827    0.09308966    0.09308966    0.09016372    0.00000000    0.01007278    0.23857430    0.23033712    0.29532989    0.26961631    0.28305603    0.27929531    0.27006652
T0             0.28957756    0.11348023    0.10348647    0.10597824    0.08519169    0.10158720    0.09697103    0.12730132    0.12050775    0.12848989    0.13100893    0.10863735    0.09515597    0.09515597    0.09226493    0.01007278    0.00000000    0.24100347    0.23274283    0.29198490    0.26643118    0.27977687    0.27604811    0.26687120
T14            0.31963953    0.21545874    0.22021225    0.20931429    0.20154350    0.21845501    0.21545874    0.25708357    0.23741353    0.23274283    0.23565006    0.22962507    0.20786144    0.20786144    0.19627708    0.23857430    0.24100347    0.00000000    0.07380136    0.30172525    0.29884659    0.31839565    0.30874917    0.31591824
T3             0.30542646    0.20473031    0.20426107    0.20440783    0.19131729    0.20806386    0.20748533    0.24571795    0.23206617    0.22171551    0.22457289    0.22194796    0.20549009    0.20549009    0.19926542    0.23033712    0.23274283    0.07380136    0.00000000    0.27995052    0.27961120    0.28950605    0.28103490    0.29027923
T11            0.31203253    0.28487979    0.27704760    0.27427020    0.25659573    0.26054120    0.26643118    0.29381926    0.29050753    0.30663299    0.31009378    0.28816974    0.28128531    0.28128531    0.26012116    0.29532989    0.29198490    0.30172525    0.27995052    0.00000000    0.15003376    0.19730483    0.17334025    0.17850427
T6             0.30574424    0.25119402    0.25545698    0.24969058    0.22971331    0.24239130    0.24811673    0.27469874    0.26832843    0.28256375    0.28585370    0.27558772    0.25599359    0.25599359    0.24505827    0.26961631    0.26643118    0.29884659    0.27961120    0.15003376    0.00000000    0.15742268    0.13744865    0.13727722
T21            0.34135132    0.26961631    0.27791460    0.28070198    0.25971137    0.26369618    0.26643118    0.29617922    0.30388818    0.30208777    0.30550128    0.29585550    0.28128531    0.28128531    0.25388981    0.28305603    0.27977687    0.31839565    0.28950605    0.19730483    0.15742268    0.00000000    0.04554108    0.04982246
T8             0.32997419    0.26369618    0.26326621    0.26600153    0.24544043    0.25242727    0.25740601    0.28675790    0.29431176    0.28916545    0.29249928    0.27977687    0.27197153    0.27197153    0.24811673    0.27929531    0.27604811    0.30874917    0.28103490    0.17334025    0.13744865    0.04554108    0.00000000    0.02028052
T13            0.31890652    0.25782643    0.26284656    0.26558229    0.24505827    0.25200616    0.25159507    0.28070198    0.28816974    0.28635685    0.28967960    0.28026907    0.26600027    0.26600027    0.24239130    0.27006652    0.26687120    0.31591824    0.29027923    0.17850427    0.13727722    0.04982246    0.02028052    0.00000000

