24
T16            0.00000000    0.26562286    0.26016174    0.24627352    0.24320421    0.24936182    0.27754680    0.25830069    0.26562286    0.27333120    0.24894885    0.26288714    0.26101520    0.24854585    0.28074747    0.28591509    0.14857164    0.14857164    0.15410500    0.15046320    0.12529050    0.15743490    0.12716873    0.12203485
T12            0.26562286    0.00000000    0.10329058    0.09897993    0.09662655    0.09897993    0.12484429    0.13227200    0.15685850    0.15154017    0.13197687    0.13917823    0.26442305    0.25512955    0.27547816    0.31258635    0.27826875    0.28466251    0.29908271    0.27982929    0.23867369    0.29908271    0.26481252    0.28399641
T2             0.26016174    0.10329058    0.00000000    0.04982352    0.04994479    0.05875663    0.07403535    0.12760987    0.14692168    0.14169144    0.12239274    0.13418944    0.24972237    0.24065384    0.26057789    0.30012818    0.26717091    0.27348395    0.29008609    0.28311033    0.23939403    0.29671337    0.26247627    0.27518340
T8             0.24627352    0.09897993    0.04982352    0.00000000    0.02862813    0.04139572    0.05194697    0.10864352    0.12716873    0.12239274    0.10360160    0.11510949    0.23303765    0.22418339    0.24668119    0.28548654    0.24703402    0.25315373    0.26288714    0.26556920    0.20837920    0.26922033    0.23939403    0.25163412
T20            0.24320421    0.09662655    0.04994479    0.02862813    0.00000000    0.04153160    0.05206447    0.11105954    0.13461487    0.12484429    0.10598304    0.11752545    0.23006875    0.22126652    0.24365842    0.28225867    0.24633847    0.25242086    0.26288714    0.26556920    0.21705417    0.27241731    0.23638032    0.24854585
T9             0.24936182    0.09897993    0.05875663    0.04139572    0.04153160    0.00000000    0.05206447    0.11348730    0.14217374    0.13227200    0.11319624    0.12484429    0.23602431    0.22711740    0.24972237    0.28873542    0.25242086    0.25857825    0.26922033    0.27856616    0.22886033    0.28541392    0.24547657    0.25786855
T1             0.27754680    0.12484429    0.07403535    0.05194697    0.05206447    0.05206447    0.00000000    0.13243144    0.15154017    0.14659880    0.12716873    0.13406370    0.27112561    0.26168565    0.28548654    0.32675495    0.28506901    0.29156680    0.29623015    0.29929682    0.23602431    0.29291656    0.26058335    0.27428716
T5             0.25830069    0.13227200    0.12760987    0.10864352    0.11105954    0.11348730    0.13243144    0.00000000    0.06061005    0.06511628    0.04776592    0.06067128    0.24168738    0.23567809    0.25784853    0.29484768    0.26130596    0.26755972    0.27197617    0.27153182    0.22849261    0.28166033    0.25353546    0.27474255
T17            0.26562286    0.15685850    0.14692168    0.12716873    0.13461487    0.14217374    0.15154017    0.06061005    0.00000000    0.09186189    0.07613621    0.08494831    0.26755972    0.26130596    0.28426707    0.32279811    0.28388271    0.28466251    0.29484768    0.28541392    0.23205504    0.28830733    0.27269838    0.29770101
T13            0.27333120    0.15154017    0.14169144    0.12239274    0.12484429    0.13227200    0.14659880    0.06511628    0.09186189    0.00000000    0.04128577    0.06055566    0.24098840    0.23799282    0.25411001    0.29726309    0.27071622    0.27708972    0.28166033    0.28361512    0.23674609    0.28399641    0.25895865    0.28030724
T10            0.24894885    0.13197687    0.12239274    0.10360160    0.10598304    0.11319624    0.12716873    0.04776592    0.07613621    0.04128577    0.00000000    0.04549411    0.22096385    0.21233903    0.23675020    0.26918510    0.24902861    0.25512955    0.26247627    0.25874298    0.20807140    0.25624194    0.23832831    0.25895865
T14            0.26288714    0.13917823    0.13418944    0.11510949    0.11752545    0.12484429    0.13406370    0.06067128    0.08494831    0.06055566    0.04549411    0.00000000    0.23735159    0.22852360    0.25348225    0.28992367    0.26297036    0.26918510    0.27667065    0.26647495    0.22418339    0.26795909    0.25278219    0.27308580
T0             0.26101520    0.26442305    0.24972237    0.23303765    0.23006875    0.23602431    0.27112561    0.24168738    0.26755972    0.24098840    0.22096385    0.23735159    0.00000000    0.01826993    0.08519467    0.12051518    0.26404407    0.26795909    0.28119851    0.28082787    0.21930616    0.26521246    0.23501510    0.25549006
T22            0.24854585    0.25512955    0.24065384    0.22418339    0.22126652    0.22711740    0.26168565    0.23567809    0.26130596    0.23799282    0.21233903    0.22852360    0.01826993    0.00000000    0.07832856    0.11319624    0.25172893    0.25549006    0.26836899    0.27428716    0.20777280    0.25278219    0.22327870    0.24332483
T6             0.28074747    0.27547816    0.26057789    0.24668119    0.24365842    0.24972237    0.28548654    0.25784853    0.28426707    0.25411001    0.23675020    0.25348225    0.08519467    0.07832856    0.00000000    0.10102784    0.27826875    0.28548654    0.29908271    0.30447529    0.23799282    0.29156680    0.23971021    0.27348395
T4             0.28591509    0.31258635    0.30012818    0.28548654    0.28225867    0.28873542    0.32675495    0.29484768    0.32279811    0.29726309    0.26918510    0.28992367    0.12051518    0.11319624    0.10102784    0.00000000    0.29398224    0.30147484    0.31551670    0.33063470    0.26130596    0.31351617    0.25989176    0.28992367
T15            0.14857164    0.27826875    0.26717091    0.24703402    0.24633847    0.25242086    0.28506901    0.26130596    0.28388271    0.27071622    0.24902861    0.26297036    0.26404407    0.25172893    0.27826875    0.29398224    0.00000000    0.00804438    0.04969161    0.14617634    0.12649989    0.16581779    0.13838294    0.14333451
T19            0.14857164    0.28466251    0.27348395    0.25315373    0.25242086    0.25857825    0.29156680    0.26755972    0.28466251    0.27708972    0.25512955    0.26918510    0.26795909    0.25549006    0.28548654    0.30147484    0.00804438    0.00000000    0.05403038    0.14870223    0.13137895    0.16581779    0.14333451    0.14833567
T7             0.15410500    0.29908271    0.29008609    0.26288714    0.26288714    0.26922033    0.29623015    0.27197617    0.29484768    0.28166033    0.26247627    0.27667065    0.28119851    0.26836899    0.29908271    0.31551670    0.04969161    0.05403038    0.00000000    0.16733343    0.14169144    0.18482077    0.15124096    0.15893553
T23            0.15046320    0.27982929    0.28311033    0.26556920    0.26556920    0.27856616    0.29929682    0.27153182    0.28541392    0.28361512    0.25874298    0.26647495    0.28082787    0.27428716    0.30447529    0.33063470    0.14617634    0.14870223    0.16733343    0.00000000    0.08319037    0.13026698    0.15445082    0.15927453
T3             0.12529050    0.23867369    0.23939403    0.20837920    0.21705417    0.22886033    0.23602431    0.22849261    0.23205504    0.23674609    0.20807140    0.22418339    0.21930616    0.20777280    0.23799282    0.26130596    0.12649989    0.13137895    0.14169144    0.08319037    0.00000000    0.07403535    0.10532385    0.12425736
T11            0.15743490    0.29908271    0.29671337    0.26922033    0.27241731    0.28541392    0.29291656    0.28166033    0.28830733    0.28399641    0.25624194    0.26795909    0.26521246    0.25278219    0.29156680    0.31351617    0.16581779    0.16581779    0.18482077    0.13026698    0.07403535    0.00000000    0.15606572    0.17131740
T18            0.12716873    0.26481252    0.26247627    0.23939403    0.23638032    0.24547657    0.26058335    0.25353546    0.27269838    0.25895865    0.23832831    0.25278219    0.23501510    0.22327870    0.23971021    0.25989176    0.13838294    0.14333451    0.15124096    0.15445082    0.10532385    0.15606572    0.00000000    0.10783869
T21            0.12203485    0.28399641    0.27518340    0.25163412    0.24854585    0.25786855    0.27428716    0.27474255    0.29770101    0.28030724    0.25895865    0.27308580    0.25549006    0.24332483    0.27348395    0.28992367    0.14333451    0.14833567    0.15893553    0.15927453    0.12425736    0.17131740    0.10783869    0.00000000

