24
T17            0.00000000    0.31320270    0.38448733    0.35582721    0.23716828    0.25294054    0.23779825    0.23716828    0.26587443    0.25970593    0.25458412    0.28612312    0.18381017    0.18656231    0.18579127    0.19183130    0.18260741    0.24755353    0.23421218    0.23071879    0.22835220    0.26212950    0.25030089    0.19607799
T21            0.31320270    0.00000000    0.13465284    0.12749046    0.26696066    0.28375850    0.26459532    0.26073387    0.28650859    0.27844591    0.26696066    0.29837572    0.32305513    0.32305513    0.32504831    0.32702802    0.30485138    0.35729422    0.36611383    0.36976295    0.37826243    0.42042226    0.39754475    0.32965030
T23            0.38448733    0.13465284    0.00000000    0.03285064    0.33274958    0.35219111    0.32681740    0.32568202    0.34306805    0.34173891    0.33036388    0.36967802    0.38012866    0.38012866    0.38195663    0.38469733    0.37688093    0.47286556    0.40917453    0.43741793    0.46030910    0.48529758    0.47277885    0.41131863
T6             0.35582721    0.12749046    0.03285064    0.00000000    0.32568202    0.34480837    0.31979945    0.31871355    0.34306805    0.33459563    0.32329604    0.36967802    0.36250320    0.36250320    0.36435209    0.36690871    0.35947694    0.44381814    0.40650781    0.41841675    0.43628503    0.46921411    0.45700166    0.39543691
T0             0.23716828    0.26696066    0.33274958    0.32568202    0.00000000    0.03924945    0.02863006    0.03067055    0.08267553    0.07588443    0.05847026    0.12997461    0.24718577    0.24718577    0.24917166    0.24682816    0.23953457    0.30747302    0.29505253    0.28614207    0.29011051    0.32710422    0.30735950    0.24164681
T1             0.25294054    0.28375850    0.35219111    0.34480837    0.03924945    0.00000000    0.03082688    0.03285064    0.09440697    0.08742492    0.06979762    0.13787490    0.26667481    0.26667481    0.26855860    0.26623785    0.25221835    0.30506297    0.29256919    0.30322004    0.30747302    0.34556196    0.32504831    0.26658785
T9             0.23779825    0.26459532    0.32681740    0.31979945    0.02863006    0.03082688    0.00000000    0.01007297    0.07826549    0.07150499    0.05419745    0.13030866    0.25100667    0.25100667    0.25294054    0.25061922    0.23716828    0.30506297    0.29256919    0.28050036    0.28445181    0.32117222    0.30156359    0.25121272
T22            0.23716828    0.26073387    0.32568202    0.31871355    0.03067055    0.03285064    0.01007297    0.00000000    0.08040150    0.07364119    0.05627148    0.13247124    0.25331710    0.25331710    0.25528382    0.25294054    0.23953457    0.30411828    0.29505253    0.28295940    0.28688644    0.32369251    0.30407183    0.24759392
T3             0.26587443    0.28650859    0.34306805    0.34306805    0.08267553    0.09440697    0.07826549    0.08040150    0.00000000    0.08274619    0.06938702    0.16193341    0.28526519    0.28526519    0.29376601    0.29462098    0.27454356    0.34200359    0.33911675    0.31948504    0.31693856    0.35532450    0.34171601    0.28862564
T5             0.25970593    0.27844591    0.34173891    0.33459563    0.07588443    0.08742492    0.07150499    0.07364119    0.08274619    0.00000000    0.06715374    0.15970343    0.26312224    0.26312224    0.27454356    0.27212043    0.25603682    0.31441800    0.31282187    0.30697662    0.30117879    0.34916684    0.32881140    0.27353186
T11            0.25458412    0.26696066    0.33036388    0.32329604    0.05847026    0.06979762    0.05419745    0.05627148    0.06938702    0.06715374    0.00000000    0.13498048    0.25874344    0.25874344    0.26696066    0.26459532    0.25089832    0.32010860    0.30735950    0.28228079    0.28614207    0.32285041    0.30333978    0.25665015
T2             0.28612312    0.29837572    0.36967802    0.36967802    0.12997461    0.13787490    0.13030866    0.13247124    0.16193341    0.15970343    0.13498048    0.00000000    0.30421424    0.30421424    0.30605397    0.30369011    0.28851055    0.34116269    0.30816107    0.32755564    0.32504831    0.35678177    0.33609478    0.29376601
T13            0.18381017    0.32305513    0.38012866    0.36250320    0.24718577    0.26667481    0.25100667    0.25331710    0.28526519    0.26312224    0.25874344    0.30421424    0.00000000    0.00200403    0.01617385    0.02031512    0.04771190    0.14319522    0.22170136    0.22338980    0.21530296    0.25458412    0.24281590    0.18579127
T18            0.18656231    0.32305513    0.38012866    0.36250320    0.24718577    0.26667481    0.25100667    0.25331710    0.28526519    0.26312224    0.25874344    0.30421424    0.00200403    0.00000000    0.01822321    0.02239019    0.04988672    0.14577622    0.22463167    0.22338980    0.21530296    0.25458412    0.24281590    0.18853568
T4             0.18579127    0.32504831    0.38195663    0.36435209    0.24917166    0.26855860    0.25294054    0.25528382    0.29376601    0.27454356    0.26696066    0.30605397    0.01617385    0.01822321    0.00000000    0.01617918    0.04344100    0.13534000    0.22138504    0.22021608    0.21216825    0.25121272    0.23953457    0.18283022
T10            0.19183130    0.32702802    0.38469733    0.36690871    0.24682816    0.26623785    0.25061922    0.25294054    0.29462098    0.27212043    0.26459532    0.30369011    0.02031512    0.02239019    0.01617918    0.00000000    0.05214061    0.14341464    0.22792280    0.22954611    0.22138504    0.26109770    0.24917166    0.19155883
T7             0.18260741    0.30485138    0.37688093    0.35947694    0.23953457    0.25221835    0.23716828    0.23953457    0.27454356    0.25603682    0.25089832    0.28851055    0.04771190    0.04988672    0.04344100    0.05214061    0.00000000    0.13750244    0.22368573    0.21399752    0.20602485    0.24461147    0.23310820    0.19055892
T14            0.24755353    0.35729422    0.47286556    0.44381814    0.30747302    0.30506297    0.30506297    0.30411828    0.34200359    0.31441800    0.32010860    0.34116269    0.14319522    0.14577622    0.13534000    0.14341464    0.13750244    0.00000000    0.24682816    0.26459532    0.26147207    0.30034229    0.28767600    0.23812827
T20            0.23421218    0.36611383    0.40917453    0.40650781    0.29505253    0.29256919    0.29256919    0.29505253    0.33911675    0.31282187    0.30735950    0.30816107    0.22170136    0.22463167    0.22138504    0.22792280    0.22368573    0.24682816    0.00000000    0.24433604    0.24788873    0.27946210    0.26427979    0.25257428
T19            0.23071879    0.36976295    0.43741793    0.41841675    0.28614207    0.30322004    0.28050036    0.28295940    0.31948504    0.30697662    0.28228079    0.32755564    0.22338980    0.22338980    0.22021608    0.22954611    0.21399752    0.26459532    0.24433604    0.00000000    0.04128968    0.06051348    0.04751284    0.17931496
T12            0.22835220    0.37826243    0.46030910    0.43628503    0.29011051    0.30747302    0.28445181    0.28688644    0.31693856    0.30117879    0.28614207    0.32504831    0.21530296    0.21530296    0.21216825    0.22138504    0.20602485    0.26147207    0.24788873    0.04128968    0.00000000    0.06297109    0.04982873    0.17970126
T15            0.26212950    0.42042226    0.48529758    0.46921411    0.32710422    0.34556196    0.32117222    0.32369251    0.35532450    0.34916684    0.32285041    0.35678177    0.25458412    0.25458412    0.25121272    0.26109770    0.24461147    0.30034229    0.27946210    0.06051348    0.06297109    0.00000000    0.01619079    0.20883087
T16            0.25030089    0.39754475    0.47277885    0.45700166    0.30735950    0.32504831    0.30156359    0.30407183    0.34171601    0.32881140    0.30333978    0.33609478    0.24281590    0.24281590    0.23953457    0.24917166    0.23310820    0.28767600    0.26427979    0.04751284    0.04982873    0.01619079    0.00000000    0.19516234
T8             0.19607799    0.32965030    0.41131863    0.39543691    0.24164681    0.26658785    0.25121272    0.24759392    0.28862564    0.27353186    0.25665015    0.29376601    0.18579127    0.18853568    0.18283022    0.19155883    0.19055892    0.23812827    0.25257428    0.17931496    0.17970126    0.20883087    0.19516234    0.00000000

