24
T5             0.00000000    0.33370213    0.37717668    0.37518088    0.36454863    0.31839080    0.32426750    0.32829483    0.23467470    0.22064993    0.22822195    0.25747061    0.24297597    0.23267653    0.19345520    0.21031445    0.15502156    0.17242503    0.17509932    0.17488393    0.13980370    0.17201715    0.19528692    0.19254666
T11            0.33370213    0.00000000    0.12483799    0.13653820    0.12457967    0.08060422    0.08502037    0.08052544    0.30963322    0.30791437    0.33670648    0.32815669    0.32895707    0.32429995    0.38023070    0.39173107    0.33019191    0.34629030    0.31254288    0.31546428    0.31347179    0.32772589    0.37676093    0.38048005
T16            0.37717668    0.12483799    0.00000000    0.06937661    0.05846219    0.10893574    0.11348176    0.10397514    0.33669485    0.32772589    0.35853837    0.35644290    0.35746439    0.33865213    0.42710937    0.43972263    0.38102481    0.38533048    0.37269379    0.37583270    0.37898504    0.39818779    0.44174908    0.44595321
T7             0.37518088    0.13653820    0.06937661    0.00000000    0.01006764    0.12035711    0.12497886    0.11534605    0.35045759    0.34019215    0.37155289    0.36215525    0.36678708    0.35131497    0.43153029    0.44409053    0.39308650    0.40143751    0.37330619    0.37645532    0.37212382    0.40667258    0.44643476    0.45062122
T18            0.36454863    0.12457967    0.05846219    0.01006764    0.00000000    0.10863853    0.11319094    0.10371583    0.33669485    0.32682505    0.35746439    0.34840409    0.35287002    0.33765427    0.41334906    0.42555151    0.37583270    0.38786813    0.36393915    0.36704822    0.35545703    0.39302218    0.43203271    0.43613331
T20            0.31839080    0.08060422    0.10893574    0.12035711    0.10863853    0.00000000    0.00401206    0.04145957    0.30477929    0.29884571    0.32134272    0.31628820    0.31709586    0.31254288    0.36393915    0.37898504    0.30814756    0.33317227    0.30097375    0.30384875    0.31347179    0.32429995    0.36314918    0.36678708
T13            0.32426750    0.08502037    0.11348176    0.12497886    0.11319094    0.00401206    0.00000000    0.04565665    0.31056271    0.30461293    0.32726934    0.32219788    0.32300201    0.31839753    0.36765836    0.38281839    0.31395383    0.33916978    0.30673521    0.30963322    0.31932514    0.33025097    0.36940472    0.37306929
T4             0.32829483    0.08052544    0.10397514    0.11534605    0.10371583    0.04145957    0.04565665    0.00000000    0.30766525    0.30172353    0.32429995    0.31590250    0.31668600    0.31209605    0.36704822    0.37833224    0.31444757    0.33265465    0.30384875    0.30673521    0.31639256    0.33765427    0.37359946    0.37730480
T14            0.23467470    0.30963322    0.33669485    0.35045759    0.33669485    0.30477929    0.31056271    0.30766525    0.00000000    0.05846219    0.07605840    0.10112187    0.08731941    0.08088308    0.23298387    0.24235967    0.20036783    0.20766166    0.22506138    0.22480983    0.23968581    0.25044219    0.29162105    0.28842519
T15            0.22064993    0.30791437    0.32772589    0.34019215    0.32682505    0.29884571    0.30461293    0.30172353    0.05846219    0.00000000    0.05846219    0.08731941    0.07155358    0.06743479    0.23939155    0.24900177    0.20921825    0.21366241    0.21932939    0.21909424    0.23203180    0.24867044    0.27714364    0.27400792
T22            0.22822195    0.33670648    0.35853837    0.37155289    0.35746439    0.32134272    0.32726934    0.32429995    0.07605840    0.05846219    0.00000000    0.10093321    0.08946534    0.08298387    0.25015318    0.25986282    0.21957423    0.22411420    0.22984615    0.22961765    0.23033313    0.24744740    0.28209414    0.27895845
T10            0.25747061    0.32815669    0.35644290    0.36215525    0.34840409    0.31628820    0.32219788    0.31590250    0.10112187    0.08731941    0.10093321    0.00000000    0.06276186    0.07840681    0.27960662    0.28988710    0.23350770    0.23807181    0.23227337    0.23205674    0.25044219    0.26748212    0.31628820    0.31296483
T8             0.24297597    0.32895707    0.35746439    0.36678708    0.35287002    0.31709586    0.32300201    0.31668600    0.08731941    0.07155358    0.08946534    0.06276186    0.00000000    0.05840585    0.25861788    0.26845282    0.22532272    0.22984615    0.22411420    0.22390211    0.23968581    0.26811848    0.29093773    0.28776219
T23            0.23267653    0.32429995    0.33865213    0.35131497    0.33765427    0.31254288    0.31839753    0.31209605    0.08088308    0.06743479    0.08298387    0.07840681    0.05840585    0.00000000    0.25648614    0.26639421    0.21749237    0.22194386    0.22822195    0.22795222    0.23113811    0.25680386    0.29520668    0.29197985
T6             0.19345520    0.38023070    0.42710937    0.43153029    0.41334906    0.36393915    0.36765836    0.36704822    0.23298387    0.23939155    0.25015318    0.27960662    0.25861788    0.25648614    0.00000000    0.02034023    0.16025811    0.16976498    0.16412095    0.16395073    0.19875587    0.22325748    0.25376352    0.25074156
T12            0.21031445    0.39173107    0.43972263    0.44409053    0.42555151    0.37898504    0.38281839    0.37833224    0.24235967    0.24900177    0.25986282    0.28988710    0.26845282    0.26639421    0.02034023    0.00000000    0.17903071    0.18868978    0.18274337    0.18252367    0.21575852    0.23864837    0.26676152    0.26364531
T3             0.15502156    0.33019191    0.38102481    0.39308650    0.37583270    0.30814756    0.31395383    0.31444757    0.20036783    0.20921825    0.21957423    0.23350770    0.22532272    0.21749237    0.16025811    0.17903071    0.00000000    0.04133676    0.10338252    0.10328637    0.15262693    0.18231280    0.20827194    0.20548586
T17            0.17242503    0.34629030    0.38533048    0.40143751    0.38786813    0.33317227    0.33916978    0.33265465    0.20766166    0.21366241    0.22411420    0.23807181    0.22984615    0.22194386    0.16976498    0.18868978    0.04133676    0.00000000    0.11719746    0.11233178    0.16205762    0.20313846    0.22697196    0.22411420
T1             0.17509932    0.31254288    0.37269379    0.37330619    0.36393915    0.30097375    0.30673521    0.30384875    0.22506138    0.21932939    0.22984615    0.23227337    0.22411420    0.22822195    0.16412095    0.18274337    0.10338252    0.11719746    0.00000000    0.00805149    0.17221678    0.20592454    0.23273697    0.22984615
T0             0.17488393    0.31546428    0.37583270    0.37645532    0.36704822    0.30384875    0.30963322    0.30673521    0.22480983    0.21909424    0.22961765    0.23205674    0.22390211    0.22795222    0.16395073    0.18252367    0.10328637    0.11233178    0.00805149    0.00000000    0.17201715    0.20570050    0.22675171    0.22390211
T2             0.13980370    0.31347179    0.37898504    0.37212382    0.35545703    0.31347179    0.31932514    0.31639256    0.23968581    0.23203180    0.23033313    0.25044219    0.23968581    0.23113811    0.19875587    0.21575852    0.15262693    0.16205762    0.17221678    0.17201715    0.00000000    0.12716222    0.14616773    0.14365484
T9             0.17201715    0.32772589    0.39818779    0.40667258    0.39302218    0.32429995    0.33025097    0.33765427    0.25044219    0.24867044    0.24744740    0.26748212    0.26811848    0.25680386    0.22325748    0.23864837    0.18231280    0.20313846    0.20592454    0.20570050    0.12716222    0.00000000    0.08740682    0.08972183
T21            0.19528692    0.37676093    0.44174908    0.44643476    0.43203271    0.36314918    0.36940472    0.37359946    0.29162105    0.27714364    0.28209414    0.31628820    0.29093773    0.29520668    0.25376352    0.26676152    0.20827194    0.22697196    0.23273697    0.22675171    0.14616773    0.08740682    0.00000000    0.00200401
T19            0.19254666    0.38048005    0.44595321    0.45062122    0.43613331    0.36678708    0.37306929    0.37730480    0.28842519    0.27400792    0.27895845    0.31296483    0.28776219    0.29197985    0.25074156    0.26364531    0.20548586    0.22411420    0.22984615    0.22390211    0.14365484    0.08972183    0.00200401    0.00000000

