24
T21            0.00000000    0.27621284    0.29479055    0.23003449    0.24362064    0.24664226    0.25930484    0.25274084    0.24630004    0.26674724    0.29479055    0.29435290    0.29523940    0.25740128    0.23997894    0.23466389    0.22558414    0.30499580    0.31164166    0.27926231    0.28628269    0.28309744    0.26259083    0.25581827
T11            0.27621284    0.00000000    0.08519045    0.09427907    0.13183121    0.13431277    0.12729838    0.13211018    0.11971043    0.17755939    0.18480045    0.19002082    0.18230667    0.16245548    0.16429476    0.16467761    0.21412092    0.27581595    0.28220693    0.27190933    0.26712490    0.26399937    0.24564587    0.21545421
T8             0.29479055    0.08519045    0.00000000    0.10610059    0.15203751    0.15462171    0.14233823    0.15283351    0.12949131    0.19069286    0.20408868    0.20946988    0.20154189    0.17579095    0.18296541    0.18344847    0.24564587    0.28948837    0.29596208    0.29351129    0.29523940    0.29194929    0.26638014    0.23829178
T19            0.23003449    0.09427907    0.10610059    0.00000000    0.10637123    0.10878103    0.09723927    0.09947658    0.09226405    0.15544473    0.16821148    0.16797506    0.16047658    0.13354045    0.13781380    0.13821274    0.19926930    0.24699454    0.25311179    0.25544804    0.25388412    0.25079718    0.22447150    0.20011866
T23            0.24362064    0.13183121    0.15203751    0.10637123    0.00000000    0.00200401    0.09723927    0.10426160    0.07858811    0.16509427    0.18672158    0.18645068    0.18149086    0.15328036    0.15501681    0.15544473    0.20383535    0.25473838    0.26089327    0.26712490    0.26557559    0.26243038    0.25388412    0.20462295
T9             0.24664226    0.13431277    0.15462171    0.10878103    0.00200401    0.00000000    0.09962037    0.10667141    0.08088180    0.16774705    0.18949200    0.18921344    0.18423844    0.15590529    0.15762802    0.15806967    0.20664468    0.25780635    0.26399937    0.27027009    0.26874071    0.26557559    0.25699025    0.20745617
T15            0.25930484    0.12729838    0.14233823    0.09723927    0.09723927    0.09962037    0.00000000    0.08110278    0.06735100    0.16578220    0.17604060    0.17041399    0.17358845    0.14356587    0.14016442    0.14312493    0.21258850    0.26363146    0.26988256    0.26988256    0.27149620    0.26832102    0.25041546    0.20490385
T22            0.25274084    0.13211018    0.15283351    0.09947658    0.10426160    0.10667141    0.08110278    0.00000000    0.07858811    0.16289174    0.17579095    0.17554986    0.17064914    0.14592568    0.15023586    0.15066913    0.22093315    0.26638014    0.27265085    0.26327405    0.26243038    0.25930484    0.26243038    0.20745617
T6             0.24630004    0.11971043    0.12949131    0.09226405    0.07858811    0.08088180    0.06735100    0.07858811    0.00000000    0.16003760    0.17286140    0.17263610    0.16774705    0.13294559    0.13727450    0.13762613    0.19803504    0.24772619    0.25375122    0.25072962    0.24596790    0.24296445    0.23466389    0.19597016
T17            0.26674724    0.17755939    0.19069286    0.15544473    0.16509427    0.16774705    0.16578220    0.16289174    0.16003760    0.00000000    0.13781380    0.13762613    0.13294559    0.10700093    0.10610059    0.10637123    0.20848642    0.25586995    0.26194993    0.25890069    0.25344288    0.25647363    0.22794252    0.20973914
T2             0.29479055    0.18480045    0.20408868    0.16821148    0.18672158    0.18949200    0.17604060    0.17579095    0.17286140    0.13781380    0.00000000    0.01210015    0.01619018    0.09500916    0.09897418    0.09921078    0.24564587    0.30916662    0.31590205    0.28628269    0.29351129    0.29026395    0.26950566    0.22008367
T14            0.29435290    0.19002082    0.20946988    0.16797506    0.18645068    0.18921344    0.17041399    0.17554986    0.17263610    0.13762613    0.01210015    0.00000000    0.01617873    0.09486946    0.09886690    0.09908881    0.24533398    0.30873130    0.31544411    0.29233343    0.29636530    0.29310737    0.26913940    0.21981967
T3             0.29523940    0.18230667    0.20154189    0.16047658    0.18149086    0.18423844    0.17358845    0.17064914    0.16774705    0.13294559    0.01619018    0.01617873    0.00000000    0.08574343    0.09438265    0.09461160    0.23997894    0.30294556    0.30961360    0.28028397    0.29066854    0.28743171    0.26363146    0.21178458
T16            0.25740128    0.16245548    0.17579095    0.13354045    0.15328036    0.15590529    0.14356587    0.14592568    0.13294559    0.10700093    0.09500916    0.09486946    0.08574343    0.00000000    0.05859450    0.05875430    0.19874826    0.25780635    0.26399937    0.25168913    0.25853497    0.25544804    0.22676491    0.18569050
T10            0.23997894    0.16429476    0.18296541    0.13781380    0.15501681    0.15762802    0.14016442    0.15023586    0.13727450    0.10610059    0.09897418    0.09886690    0.09438265    0.05859450    0.00000000    0.00804434    0.19550090    0.26018714    0.26638014    0.23909665    0.23967481    0.23671582    0.21462584    0.19297586
T5             0.23466389    0.16467761    0.18344847    0.13821274    0.15544473    0.15806967    0.14312493    0.15066913    0.13762613    0.10637123    0.09921078    0.09908881    0.09461160    0.05875430    0.00804434    0.00000000    0.19320742    0.25780635    0.26399937    0.23671582    0.23731646    0.23435746    0.21231114    0.19344799
T18            0.22558414    0.21412092    0.24564587    0.19926930    0.20383535    0.20664468    0.21258850    0.22093315    0.19803504    0.20848642    0.24564587    0.24533398    0.23997894    0.19874826    0.19550090    0.19320742    0.00000000    0.22296589    0.22878067    0.18108087    0.18405315    0.18138624    0.16104719    0.15073031
T12            0.30499580    0.27581595    0.28948837    0.24699454    0.25473838    0.25780635    0.26363146    0.26638014    0.24772619    0.25586995    0.30916662    0.30873130    0.30294556    0.25780635    0.26018714    0.25780635    0.22296589    0.00000000    0.00806472    0.19344799    0.19118567    0.19395608    0.17531735    0.24865837
T4             0.31164166    0.28220693    0.29596208    0.25311179    0.26089327    0.26399937    0.26988256    0.27265085    0.25375122    0.26194993    0.31590205    0.31544411    0.30961360    0.26399937    0.26638014    0.26399937    0.22878067    0.00806472    0.00000000    0.19344799    0.19118567    0.19395608    0.17531735    0.25473838
T13            0.27926231    0.27190933    0.29351129    0.25544804    0.26712490    0.27027009    0.26988256    0.26327405    0.25072962    0.25890069    0.28628269    0.29233343    0.28028397    0.25168913    0.23909665    0.23671582    0.18108087    0.19344799    0.19344799    0.00000000    0.05846158    0.05626371    0.09449350    0.21603502
T1             0.28628269    0.26712490    0.29523940    0.25388412    0.26557559    0.26874071    0.27149620    0.26243038    0.24596790    0.25344288    0.29351129    0.29636530    0.29066854    0.25853497    0.23967481    0.23731646    0.18405315    0.19118567    0.19118567    0.05846158    0.00000000    0.00804434    0.09238385    0.21932057
T7             0.28309744    0.26399937    0.29194929    0.25079718    0.26243038    0.26557559    0.26832102    0.25930484    0.24296445    0.25647363    0.29026395    0.29310737    0.28743171    0.25544804    0.23671582    0.23435746    0.18138624    0.19395608    0.19395608    0.05626371    0.00804434    0.00000000    0.09004180    0.21647932
T20            0.26259083    0.24564587    0.26638014    0.22447150    0.25388412    0.25699025    0.25041546    0.26243038    0.23466389    0.22794252    0.26950566    0.26913940    0.26363146    0.22676491    0.21462584    0.21231114    0.16104719    0.17531735    0.17531735    0.09449350    0.09238385    0.09004180    0.00000000    0.18961789
T0             0.25581827    0.21545421    0.23829178    0.20011866    0.20462295    0.20745617    0.20490385    0.20745617    0.19597016    0.20973914    0.22008367    0.21981967    0.21178458    0.18569050    0.19297586    0.19344799    0.15073031    0.24865837    0.25473838    0.21603502    0.21932057    0.21647932    0.18961789    0.00000000

