24
T12            0.00000000    0.22384514    0.21317559    0.20012270    0.18894709    0.17825586    0.18795584    0.20058151    0.18645409    0.22676970    0.20872165    0.20896295    0.22821641    0.22254417    0.19171765    0.18672510    0.18370637    0.18396981    0.24316975    0.24505904    0.20326539    0.19069783    0.19821183    0.18017534
T0             0.22384514    0.00000000    0.02447209    0.14745581    0.13226303    0.12281288    0.12483640    0.15137477    0.12561815    0.25746345    0.24099018    0.23539335    0.24934186    0.24029822    0.21462970    0.19826686    0.20639625    0.20104509    0.25274694    0.23967967    0.24899508    0.25699710    0.23763677    0.22155182
T22            0.21317559    0.02447209    0.00000000    0.13781567    0.12281288    0.11348042    0.11547708    0.13916845    0.11625243    0.24933654    0.23297805    0.22743677    0.24124242    0.24432266    0.21834084    0.20180940    0.20718032    0.20180940    0.25389074    0.24062248    0.24095669    0.25200953    0.22676970    0.21091341
T16            0.20012270    0.14745581    0.13781567    0.00000000    0.03906885    0.10651879    0.11305555    0.12729970    0.10893448    0.24933654    0.23058588    0.22505599    0.24474550    0.22123996    0.19622181    0.19118903    0.20208245    0.19954719    0.24851035    0.24736286    0.22155182    0.22622085    0.22447639    0.20867153
T7             0.18894709    0.13226303    0.12281288    0.03906885    0.00000000    0.09724027    0.09897499    0.11292903    0.09934099    0.23436223    0.21625579    0.21084811    0.23589404    0.21259258    0.18795584    0.18025792    0.19093805    0.18843375    0.23335422    0.23531146    0.21231510    0.22254417    0.21002174    0.20012270
T13            0.17825586    0.12281288    0.11348042    0.10651879    0.09724027    0.00000000    0.05852496    0.06708854    0.08795063    0.21834084    0.20615349    0.20080869    0.22269769    0.21348106    0.18593830    0.18645409    0.16997171    0.16488413    0.20804752    0.20718032    0.21030971    0.20899723    0.20236460    0.18978312
T8             0.18795584    0.12483640    0.11547708    0.11305555    0.09897499    0.05852496    0.00000000    0.07812610    0.08760246    0.22505599    0.21302909    0.20765701    0.23249428    0.22064475    0.19297893    0.18795584    0.17428667    0.16918424    0.21575353    0.21204699    0.21178829    0.21317559    0.20383886    0.19118903
T23            0.20058151    0.15137477    0.13916845    0.12729970    0.11292903    0.06708854    0.07812610    0.00000000    0.10802500    0.24716077    0.22898672    0.22350227    0.24885784    0.23672050    0.21129922    0.20615349    0.19214302    0.18691746    0.24296964    0.23910124    0.23938542    0.23796204    0.22243495    0.21517276
T5             0.18645409    0.12561815    0.11625243    0.10893448    0.09934099    0.08795063    0.08760246    0.10802500    0.00000000    0.22064475    0.20615349    0.20080869    0.22558840    0.21637181    0.18868601    0.18370637    0.17801595    0.17286416    0.22549466    0.22155182    0.20180940    0.20042394    0.18025792    0.17334055
T19            0.22676970    0.25746345    0.24933654    0.24933654    0.23436223    0.21834084    0.22505599    0.24716077    0.22064475    0.00000000    0.09618672    0.09625893    0.10555530    0.19597347    0.17201408    0.16976198    0.16168562    0.15667054    0.19900780    0.19275631    0.23406554    0.23267068    0.24736286    0.22447639
T9             0.20872165    0.24099018    0.23297805    0.23058588    0.21625579    0.20615349    0.21302909    0.22898672    0.20615349    0.09618672    0.00000000    0.00805149    0.04120110    0.18441135    0.16104896    0.15109232    0.14342511    0.13855913    0.19826686    0.19486821    0.23672050    0.22645988    0.23377875    0.21776236
T3             0.20896295    0.23539335    0.22743677    0.22505599    0.21084811    0.20080869    0.20765701    0.22350227    0.20080869    0.09625893    0.00805149    0.00000000    0.04123974    0.18460277    0.16119531    0.15122936    0.14353475    0.13866464    0.19850472    0.19507098    0.23406554    0.22093759    0.23406554    0.21804687
T2             0.22821641    0.24934186    0.24124242    0.24474550    0.23589404    0.22269769    0.23249428    0.24885784    0.22558840    0.10555530    0.04120110    0.04123974    0.00000000    0.20313411    0.17906300    0.17146723    0.16348880    0.15847797    0.21462970    0.21106891    0.24803181    0.24062248    0.24565110    0.22645988
T1             0.22254417    0.24029822    0.24432266    0.22123996    0.21259258    0.21348106    0.22064475    0.23672050    0.21637181    0.19597347    0.18441135    0.18460277    0.20313411    0.00000000    0.02450696    0.06117851    0.13008924    0.12528228    0.16267192    0.16467993    0.25311806    0.25200953    0.24773537    0.24974748
T20            0.19171765    0.21462970    0.21834084    0.19622181    0.18795584    0.18593830    0.19297893    0.21129922    0.18868601    0.17201408    0.16104896    0.16119531    0.17906300    0.02450696    0.00000000    0.03937051    0.10359619    0.09897499    0.14234006    0.14436579    0.22676970    0.22254417    0.22155182    0.22325283
T18            0.18672510    0.19826686    0.20180940    0.19118903    0.18025792    0.18645409    0.18795584    0.20615349    0.18370637    0.16976198    0.15109232    0.15122936    0.17146723    0.06117851    0.03937051    0.00000000    0.09908967    0.09449429    0.14785973    0.14216328    0.22741818    0.22325283    0.21927937    0.21808044
T4             0.18370637    0.20639625    0.20718032    0.20208245    0.19093805    0.16997171    0.17428667    0.19214302    0.17801595    0.16168562    0.14342511    0.14353475    0.16348880    0.13008924    0.10359619    0.09908967    0.00000000    0.00805149    0.14508272    0.14199454    0.22415599    0.22289381    0.21669495    0.21188800
T10            0.18396981    0.20104509    0.20180940    0.19954719    0.18843375    0.16488413    0.16918424    0.18691746    0.17286416    0.15667054    0.13855913    0.13866464    0.15847797    0.12528228    0.09897499    0.09449429    0.00805149    0.00000000    0.14016630    0.13711216    0.22155182    0.22030234    0.21411984    0.20933203
T21            0.24316975    0.25274694    0.25389074    0.24851035    0.23335422    0.20804752    0.21575353    0.24296964    0.22549466    0.19900780    0.19826686    0.19850472    0.21462970    0.16267192    0.14234006    0.14785973    0.14508272    0.14016630    0.00000000    0.08760246    0.27007051    0.25645100    0.27007051    0.25961642
T11            0.24505904    0.23967967    0.24062248    0.24736286    0.23531146    0.20718032    0.21204699    0.23910124    0.22155182    0.19275631    0.19486821    0.19507098    0.21106891    0.16467993    0.14436579    0.14216328    0.14199454    0.13711216    0.08760246    0.00000000    0.26732612    0.25200953    0.27193371    0.26459206
T6             0.20326539    0.24899508    0.24095669    0.22155182    0.21231510    0.21030971    0.21178829    0.23938542    0.20180940    0.23406554    0.23672050    0.23406554    0.24803181    0.25311806    0.22676970    0.22741818    0.22415599    0.22155182    0.27007051    0.26732612    0.00000000    0.05867140    0.22030234    0.19821183
T15            0.19069783    0.25699710    0.25200953    0.22622085    0.22254417    0.20899723    0.21317559    0.23796204    0.20042394    0.23267068    0.22645988    0.22093759    0.24062248    0.25200953    0.22254417    0.22325283    0.22289381    0.22030234    0.25645100    0.25200953    0.05867140    0.00000000    0.22140919    0.19418451
T17            0.19821183    0.23763677    0.22676970    0.22447639    0.21002174    0.20236460    0.20383886    0.22243495    0.18025792    0.24736286    0.23377875    0.23406554    0.24565110    0.24773537    0.22155182    0.21927937    0.21669495    0.21411984    0.27007051    0.27193371    0.22030234    0.22140919    0.00000000    0.08266151
T14            0.18017534    0.22155182    0.21091341    0.20867153    0.20012270    0.18978312    0.19118903    0.21517276    0.17334055    0.22447639    0.21776236    0.21804687    0.22645988    0.24974748    0.22325283    0.21808044    0.21188800    0.20933203    0.25961642    0.26459206    0.19821183    0.19418451    0.08266151    0.00000000

