24
T6             0.00000000    0.17334504    0.22909163    0.20237064    0.19258283    0.21606490    0.20012881    0.18097849    0.18751813    0.19024352    0.19901335    0.20775560    0.21061352    0.16468359    0.18460707    0.20181516    0.21123599    0.21834768    0.22155906    0.22416332    0.23073301    0.21995968    0.14471098    0.23999187
T12            0.17334504    0.00000000    0.12225996    0.08266229    0.06497937    0.09185874    0.19145423    0.17802045    0.20058668    0.19002830    0.19597869    0.19901335    0.20181516    0.17510033    0.20640192    0.23408520    0.24052371    0.23565573    0.23900569    0.23865068    0.24545163    0.24892283    0.14965170    0.21933042
T9             0.22909163    0.12225996    0.00000000    0.11994774    0.10802642    0.12730181    0.26478395    0.24363467    0.26196448    0.25044368    0.25105304    0.26055066    0.26055066    0.23436980    0.26845481    0.27583402    0.28677094    0.29766463    0.29811361    0.30097722    0.30190859    0.30575975    0.20615905    0.27554588
T21            0.20237064    0.08266229    0.11994774    0.00000000    0.05395610    0.06931637    0.22709673    0.20718638    0.23407296    0.22244143    0.23467652    0.24096512    0.24397812    0.20409801    0.23672802    0.26688642    0.27054444    0.26833935    0.26875946    0.27151513    0.28209903    0.28587278    0.18843875    0.24716861
T22            0.19258283    0.06497937    0.10802642    0.05395610    0.00000000    0.06492203    0.21412699    0.20520425    0.22850300    0.21179426    0.22385231    0.23301573    0.23600173    0.19648466    0.22879244    0.25471438    0.26780001    0.25932183    0.26285851    0.26559373    0.26644515    0.27653680    0.17334504    0.24565941
T3             0.21606490    0.09185874    0.12730181    0.06931637    0.06492203    0.00000000    0.25350916    0.22971917    0.24773930    0.23939306    0.25204432    0.25621516    0.25932183    0.21776891    0.24206815    0.27884038    0.29149966    0.28914011    0.28959002    0.29242010    0.28442405    0.29149966    0.20463278    0.26471871
T11            0.20012881    0.19145423    0.26478395    0.22709673    0.21412699    0.25350916    0.00000000    0.03069770    0.09642675    0.09662307    0.10397559    0.10893631    0.11136384    0.07412468    0.11052652    0.22065153    0.21865126    0.22587618    0.22616682    0.22587618    0.22646715    0.22677713    0.16468359    0.23590116
T10            0.18097849    0.17802045    0.24363467    0.20718638    0.20520425    0.22971917    0.03069770    0.00000000    0.08038938    0.08052557    0.08760350    0.09238593    0.09473915    0.05852541    0.09642675    0.20105048    0.20463278    0.21463589    0.21490282    0.21463589    0.22094452    0.21546504    0.14708715    0.21886962
T23            0.18751813    0.20058668    0.26196448    0.23407296    0.22850300    0.24773930    0.09642675    0.08038938    0.00000000    0.06479165    0.07144401    0.06714440    0.06937670    0.07582722    0.11456398    0.21626162    0.24266451    0.25015453    0.25044368    0.25315841    0.24475337    0.23616675    0.16853834    0.24075533
T1             0.19024352    0.19002830    0.25044368    0.22244143    0.21179426    0.23939306    0.09662307    0.08052557    0.06479165    0.00000000    0.03066862    0.03492621    0.03705396    0.07592865    0.11471303    0.21626162    0.23499310    0.24236127    0.24266451    0.24534722    0.24297784    0.23436980    0.16884569    0.23740284
T19            0.19901335    0.19597869    0.25105304    0.23467652    0.22385231    0.25204432    0.10397559    0.08760350    0.07144401    0.03066862    0.00000000    0.04565675    0.04783080    0.08289291    0.12214064    0.21437844    0.23865068    0.24297784    0.24631421    0.24900384    0.24665677    0.23797019    0.17714711    0.24663929
T20            0.20775560    0.19901335    0.26055066    0.24096512    0.23301573    0.25621516    0.10893631    0.09238593    0.06714440    0.03492621    0.04565675    0.00000000    0.00603632    0.08760350    0.12716262    0.22325905    0.25043119    0.25782186    0.25818135    0.26090930    0.25239524    0.24665677    0.18004111    0.24393938
T4             0.21061352    0.20181516    0.26055066    0.24397812    0.23600173    0.25932183    0.11136384    0.09473915    0.06937670    0.03705396    0.04783080    0.00603632    0.00000000    0.08992933    0.12963210    0.22616682    0.24737207    0.24867238    0.24900384    0.25170363    0.24330123    0.23764476    0.18819524    0.25287065
T2             0.16468359    0.17510033    0.23436980    0.20409801    0.19648466    0.21776891    0.07412468    0.05852541    0.07582722    0.07592865    0.08289291    0.08760350    0.08992933    0.00000000    0.09169884    0.18173408    0.21002803    0.21722816    0.21749377    0.22009423    0.22355088    0.21805355    0.14405855    0.21583629
T15            0.18460707    0.20640192    0.26845481    0.23672802    0.22879244    0.24206815    0.11052652    0.09642675    0.11456398    0.11471303    0.12214064    0.12716262    0.12963210    0.09169884    0.00000000    0.22456905    0.23407296    0.24151237    0.24178517    0.24447177    0.23616675    0.23644238    0.17393796    0.24886535
T0             0.20181516    0.23408520    0.27583402    0.26688642    0.25471438    0.27884038    0.22065153    0.20105048    0.21626162    0.21626162    0.21437844    0.22325905    0.22616682    0.18173408    0.22456905    0.00000000    0.22094452    0.23113959    0.23142779    0.23407296    0.23172582    0.22616682    0.17756637    0.26055066
T7             0.21123599    0.24052371    0.28677094    0.27054444    0.26780001    0.29149966    0.21865126    0.20463278    0.24266451    0.23499310    0.23865068    0.25043119    0.24737207    0.21002803    0.23407296    0.22094452    0.00000000    0.03492621    0.03284741    0.03492621    0.04783080    0.04355498    0.20208835    0.27823748
T17            0.21834768    0.23565573    0.29766463    0.26833935    0.25932183    0.28914011    0.22587618    0.21463589    0.25015453    0.24236127    0.24297784    0.25782186    0.24867238    0.21722816    0.24151237    0.23113959    0.03492621    0.00000000    0.02647048    0.02854202    0.05407603    0.04977195    0.21205309    0.29235234
T14            0.22155906    0.23900569    0.29811361    0.26875946    0.26285851    0.28959002    0.22616682    0.21490282    0.25044368    0.24266451    0.24631421    0.25818135    0.24900384    0.21749377    0.24178517    0.23142779    0.03284741    0.02647048    0.00000000    0.01006763    0.05194598    0.04765329    0.21232133    0.28705643
T16            0.22416332    0.23865068    0.30097722    0.27151513    0.26559373    0.29242010    0.22587618    0.21463589    0.25315841    0.24534722    0.24900384    0.26090930    0.25170363    0.22009423    0.24447177    0.23407296    0.03492621    0.02854202    0.01006763    0.00000000    0.05407603    0.04977195    0.21776891    0.29235234
T13            0.23073301    0.24545163    0.30190859    0.28209903    0.26644515    0.28442405    0.22646715    0.22094452    0.24475337    0.24297784    0.24665677    0.25239524    0.24330123    0.22355088    0.23616675    0.23172582    0.04783080    0.05407603    0.05194598    0.05407603    0.00000000    0.02859679    0.21031614    0.28423437
T8             0.21995968    0.24892283    0.30575975    0.28587278    0.27653680    0.29149966    0.22677713    0.21546504    0.23616675    0.23436980    0.23797019    0.24665677    0.23764476    0.21805355    0.23644238    0.22616682    0.04355498    0.04977195    0.04765329    0.04977195    0.02859679    0.00000000    0.20718638    0.28066432
T5             0.14471098    0.14965170    0.20615905    0.18843875    0.17334504    0.20463278    0.16468359    0.14708715    0.16853834    0.16884569    0.17714711    0.18004111    0.18819524    0.14405855    0.17393796    0.17756637    0.20208835    0.21205309    0.21232133    0.21776891    0.21031614    0.20718638    0.00000000    0.15169351
T18            0.23999187    0.21933042    0.27554588    0.24716861    0.24565941    0.26471871    0.23590116    0.21886962    0.24075533    0.23740284    0.24663929    0.24393938    0.25287065    0.21583629    0.24886535    0.26055066    0.27823748    0.29235234    0.28705643    0.29235234    0.28423437    0.28066432    0.15169351    0.00000000

