24
T5             0.00000000    0.32728889    0.34173517    0.33771617    0.29399196    0.29684591    0.29684591    0.32528481    0.35498464    0.34173517    0.30796254    0.27309494    0.26131455    0.27906095    0.27627207    0.28636707    0.31742881    0.31693355    0.31352897    0.27710116    0.27827639    0.26297618    0.25651811    0.25348579
T21            0.32728889    0.00000000    0.09004811    0.08993343    0.09724742    0.09948480    0.09948480    0.14766876    0.27390364    0.27155751    0.24937773    0.26563440    0.26648806    0.26923326    0.26648806    0.27106474    0.32710706    0.33126048    0.33960696    0.30614977    0.26838031    0.26248724    0.27390364    0.27072648
T3             0.34173517    0.09004811    0.00000000    0.02859714    0.12022016    0.12252891    0.12252891    0.17223152    0.30968705    0.30724940    0.29032575    0.29201749    0.28311753    0.28592663    0.28311753    0.28775414    0.34866725    0.35171236    0.35784074    0.31315432    0.30581471    0.29530986    0.30390189    0.30057667
T17            0.33771617    0.08993343    0.02859714    0.00000000    0.12008319    0.12239368    0.12239368    0.16675199    0.30345238    0.31110325    0.28427495    0.29399196    0.28507874    0.28467132    0.28186067    0.28636707    0.34691912    0.34996270    0.35608813    0.31606403    0.30678869    0.29073189    0.30590206    0.30258793
T2             0.29399196    0.09724742    0.12022016    0.12008319    0.00000000    0.00200301    0.00200301    0.11838091    0.25935979    0.25704621    0.24668878    0.26289889    0.24816335    0.25084943    0.24816335    0.24937444    0.31715984    0.31660611    0.31898538    0.29310410    0.26796959    0.26522321    0.27032687    0.26717977
T10            0.29684591    0.09948480    0.12252891    0.12239368    0.00200301    0.00000000    0.00000000    0.12067717    0.26208595    0.25976160    0.24937773    0.26563440    0.25084943    0.25354555    0.25084943    0.25205918    0.32008194    0.31952778    0.32191844    0.29593500    0.27072648    0.26796959    0.27309494    0.26993790
T16            0.29684591    0.09948480    0.12252891    0.12239368    0.00200301    0.00000000    0.00000000    0.12067717    0.26208595    0.25976160    0.24937773    0.26563440    0.25084943    0.25354555    0.25084943    0.25205918    0.32008194    0.31952778    0.32191844    0.29593500    0.27072648    0.26796959    0.27309494    0.26993790
T1             0.32528481    0.14766876    0.17223152    0.16675199    0.11838091    0.12067717    0.12067717    0.00000000    0.28507874    0.29577163    0.26094448    0.28400997    0.27113670    0.26838031    0.27113670    0.27564905    0.33188829    0.33486986    0.34202057    0.29722406    0.28507874    0.28226869    0.28749298    0.28427495
T4             0.35498464    0.27390364    0.30968705    0.30345238    0.25935979    0.26208595    0.26208595    0.28507874    0.00000000    0.05200267    0.09401711    0.30102654    0.29862410    0.30820554    0.30531933    0.31262416    0.34624195    0.35907391    0.35784074    0.32008194    0.29399196    0.28146361    0.28351547    0.28351547
T6             0.34173517    0.27155751    0.30724940    0.31110325    0.25704621    0.25976160    0.25976160    0.29577163    0.05200267    0.00000000    0.09186216    0.30196049    0.29624459    0.30244452    0.29958102    0.31025613    0.35232105    0.36279580    0.36153504    0.31660611    0.29157778    0.27270666    0.29642975    0.29642975
T20            0.30796254    0.24937773    0.29032575    0.28427495    0.24668878    0.24937773    0.24937773    0.26094448    0.09401711    0.09186216    0.00000000    0.27309494    0.26368311    0.27587369    0.27309494    0.27668123    0.33025754    0.34031290    0.33221202    0.28592663    0.25348579    0.24478020    0.26444538    0.26139458
T0             0.27309494    0.26563440    0.29201749    0.29399196    0.26289889    0.26563440    0.26563440    0.28400997    0.30102654    0.30196049    0.27309494    0.00000000    0.06735425    0.08069331    0.07849773    0.08550680    0.12314714    0.12794555    0.13260109    0.18675036    0.16188139    0.14659977    0.15606533    0.15351344
T23            0.26131455    0.26648806    0.28311753    0.28507874    0.24816335    0.25084943    0.25084943    0.27113670    0.29862410    0.29624459    0.26368311    0.06735425    0.00000000    0.05413082    0.05200267    0.05867388    0.10668128    0.11137117    0.11838091    0.17361343    0.15927618    0.14154751    0.14366269    0.14116192
T8             0.27906095    0.26923326    0.28592663    0.28467132    0.25084943    0.25354555    0.25354555    0.26838031    0.30820554    0.30244452    0.27587369    0.08069331    0.05413082    0.00000000    0.00602720    0.02444385    0.10146609    0.10610865    0.11306326    0.18372983    0.17716122    0.14870214    0.16885703    0.16624506
T13            0.27627207    0.26648806    0.28311753    0.28186067    0.24816335    0.25084943    0.25084943    0.27113670    0.30531933    0.29958102    0.27309494    0.07849773    0.05200267    0.00602720    0.00000000    0.02238905    0.10159409    0.10624069    0.11319773    0.18125289    0.17469203    0.14630901    0.16640539    0.16380023
T9             0.28636707    0.27106474    0.28775414    0.28636707    0.24937444    0.25205918    0.25205918    0.27564905    0.31262416    0.31025613    0.27668123    0.08550680    0.05867388    0.02444385    0.02238905    0.00000000    0.10894323    0.11364642    0.12067717    0.19541581    0.18298960    0.15410620    0.17449339    0.17183973
T18            0.31742881    0.32710706    0.34866725    0.34691912    0.31715984    0.32008194    0.32008194    0.33188829    0.34624195    0.35232105    0.33025754    0.12314714    0.10668128    0.10146609    0.10159409    0.10894323    0.00000000    0.00804334    0.04988118    0.23449468    0.21520232    0.19575721    0.20898868    0.20617820
T22            0.31693355    0.33126048    0.35171236    0.34996270    0.31660611    0.31952778    0.31952778    0.33486986    0.35907391    0.36279580    0.34031290    0.12794555    0.11137117    0.10610865    0.10624069    0.11364642    0.00804334    0.00000000    0.05419115    0.24016468    0.22067575    0.20106932    0.21439942    0.21156501
T11            0.31352897    0.33960696    0.35784074    0.35608813    0.31898538    0.32191844    0.32191844    0.34202057    0.35784074    0.36153504    0.33221202    0.13260109    0.11838091    0.11306326    0.11319773    0.12067717    0.04988118    0.05419115    0.00000000    0.24016468    0.22300050    0.20338346    0.21959670    0.21674613
T19            0.27710116    0.30614977    0.31315432    0.31606403    0.29310410    0.29593500    0.29593500    0.29722406    0.32008194    0.31660611    0.28592663    0.18675036    0.17361343    0.18372983    0.18125289    0.19541581    0.23449468    0.24016468    0.24016468    0.00000000    0.17736703    0.16693820    0.17696419    0.17430348
T7             0.27827639    0.26838031    0.30581471    0.30678869    0.26796959    0.27072648    0.27072648    0.28507874    0.29399196    0.29157778    0.25348579    0.16188139    0.15927618    0.17716122    0.17469203    0.18298960    0.21520232    0.22067575    0.22300050    0.17736703    0.00000000    0.06312900    0.11500021    0.11260152
T15            0.26297618    0.26248724    0.29530986    0.29073189    0.26522321    0.26796959    0.26796959    0.28226869    0.28146361    0.27270666    0.24478020    0.14659977    0.14154751    0.14870214    0.14630901    0.15410620    0.19575721    0.20106932    0.20338346    0.16693820    0.06312900    0.00000000    0.11510996    0.11270548
T12            0.25651811    0.27390364    0.30390189    0.30590206    0.27032687    0.27309494    0.27309494    0.28749298    0.28351547    0.29642975    0.26444538    0.15606533    0.14366269    0.16885703    0.16640539    0.17449339    0.20898868    0.21439942    0.21959670    0.17696419    0.11500021    0.11510996    0.00000000    0.00602415
T14            0.25348579    0.27072648    0.30057667    0.30258793    0.26717977    0.26993790    0.26993790    0.28427495    0.28351547    0.29642975    0.26139458    0.15351344    0.14116192    0.16624506    0.16380023    0.17183973    0.20617820    0.21156501    0.21674613    0.17430348    0.11260152    0.11270548    0.00602415    0.00000000

