24
T13            0.00000000    0.34187663    0.31841338    0.34935425    0.35855973    0.36421746    0.29111554    0.29723833    0.28504640    0.30054037    0.30768198    0.33918943    0.34220687    0.35603538    0.35388511    0.35133489    0.31738613    0.23033970    0.27230093    0.27230093    0.28960183    0.28960183    0.27090158    0.27090158
T22            0.34187663    0.00000000    0.09169954    0.15393790    0.16412435    0.15650916    0.20384922    0.20922453    0.19851457    0.23532671    0.22095064    0.23324767    0.23590688    0.26261390    0.25834101    0.25589041    0.32477345    0.23617267    0.26295081    0.26295081    0.24207456    0.24505187    0.27585134    0.27585134
T4             0.31841338    0.09169954    0.00000000    0.12266640    0.12745073    0.13197210    0.17532828    0.18321459    0.17287223    0.21190208    0.19229280    0.19529183    0.19782768    0.22009975    0.21626618    0.21389682    0.28223662    0.20130095    0.23268578    0.23268578    0.21490827    0.21777459    0.22744856    0.22744856
T15            0.34935425    0.15393790    0.12266640    0.00000000    0.03485675    0.04756821    0.20836777    0.20868472    0.19791276    0.24053270    0.22586900    0.23500007    0.23765177    0.25856001    0.25714180    0.25476137    0.31057950    0.23865839    0.28028578    0.28028578    0.26166699    0.26479342    0.27230093    0.27230093
T8             0.35855973    0.16412435    0.12745073    0.03485675    0.00000000    0.05840624    0.22847877    0.22812063    0.21996686    0.25872491    0.24359219    0.24970541    0.25547224    0.27472206    0.26990918    0.26754014    0.33074168    0.25661552    0.28960183    0.28960183    0.27387231    0.27706875    0.28143316    0.28143316
T11            0.36421746    0.15650916    0.13197210    0.04756821    0.05840624    0.00000000    0.21929342    0.22188733    0.21092633    0.24507690    0.23636541    0.24867979    0.25442140    0.26953162    0.26504061    0.26261390    0.32918720    0.25240343    0.28504640    0.28504640    0.26402487    0.26715127    0.28031029    0.28031029
T3             0.29111554    0.20384922    0.17532828    0.20836777    0.22847877    0.21929342    0.00000000    0.02439578    0.01617356    0.06937716    0.05846264    0.11764474    0.11994924    0.13461004    0.13158886    0.13183637    0.23797743    0.16732596    0.21638534    0.21638534    0.21380924    0.21380924    0.22037380    0.22037380
T18            0.29723833    0.20922453    0.18321459    0.20868472    0.22812063    0.22188733    0.02439578    0.00000000    0.01209708    0.07380153    0.06282164    0.12238868    0.12470688    0.13947371    0.13890431    0.13667233    0.23831298    0.17242949    0.22188733    0.22188733    0.21929342    0.21929342    0.22298259    0.22298259
T6             0.28504640    0.19851457    0.17287223    0.19791276    0.21996686    0.21092633    0.01617356    0.01209708    0.00000000    0.06497978    0.05412983    0.11293205    0.11522303    0.12977933    0.12924513    0.12703290    0.23235819    0.16225895    0.21092633    0.21092633    0.20836777    0.20836777    0.21490827    0.21490827
T7             0.30054037    0.23532671    0.21190208    0.24053270    0.25872491    0.24507690    0.06937716    0.07380153    0.06497978    0.00000000    0.02442134    0.15003964    0.15242754    0.17334917    0.16976921    0.16753740    0.26519338    0.19145904    0.24585393    0.24585393    0.24625729    0.24318841    0.25276482    0.25276482
T21            0.30768198    0.22095064    0.19229280    0.22586900    0.24359219    0.23636541    0.05846264    0.06282164    0.05412983    0.02442134    0.00000000    0.13998530    0.14234540    0.15763722    0.15426724    0.15204529    0.25622419    0.18895713    0.23710665    0.23710665    0.24359219    0.24053270    0.24398592    0.24398592
T16            0.33918943    0.23324767    0.19529183    0.23500007    0.24970541    0.24867979    0.11764474    0.12238868    0.11293205    0.15003964    0.13998530    0.00000000    0.00602719    0.07185757    0.07155412    0.06944450    0.28308376    0.22125337    0.26876986    0.26876986    0.25351814    0.25351814    0.24804703    0.24804703
T14            0.34220687    0.23590688    0.19782768    0.23765177    0.25547224    0.25442140    0.11994924    0.12470688    0.11522303    0.15242754    0.14234540    0.00602719    0.00000000    0.06951879    0.07373809    0.07161953    0.27943773    0.22385868    0.27152559    0.27152559    0.25006758    0.25006758    0.25075018    0.25075018
T20            0.35603538    0.26261390    0.22009975    0.25856001    0.27472206    0.26953162    0.13461004    0.13947371    0.12977933    0.17334917    0.15763722    0.07185757    0.06951879    0.00000000    0.02236457    0.02034032    0.28871239    0.24131721    0.26166699    0.26166699    0.25584309    0.25584309    0.25954515    0.25954515
T19            0.35388511    0.25834101    0.21626618    0.25714180    0.26990918    0.26504061    0.13158886    0.13890431    0.12924513    0.16976921    0.15426724    0.07155412    0.07373809    0.02236457    0.00000000    0.00602414    0.29681167    0.23703021    0.26329830    0.26329830    0.25748077    0.25748077    0.25532784    0.25532784
T5             0.35133489    0.25589041    0.21389682    0.25476137    0.26754014    0.26261390    0.13183637    0.13667233    0.12703290    0.16753740    0.15204529    0.06944450    0.07161953    0.02034032    0.00602414    0.00000000    0.29767633    0.23468326    0.26091791    0.26091791    0.25511166    0.25511166    0.25287722    0.25287722
T2             0.31738613    0.32477345    0.28223662    0.31057950    0.33074168    0.32918720    0.23797743    0.23831298    0.23235819    0.26519338    0.25622419    0.28308376    0.27943773    0.28871239    0.29681167    0.29767633    0.00000000    0.21576633    0.24970541    0.24970541    0.26245764    0.26245764    0.24298493    0.24298493
T23            0.23033970    0.23617267    0.20130095    0.23865839    0.25661552    0.25240343    0.16732596    0.17242949    0.16225895    0.19145904    0.18895713    0.22125337    0.22385868    0.24131721    0.23703021    0.23468326    0.21576633    0.00000000    0.16267916    0.16267916    0.16822246    0.16822246    0.16412435    0.16412435
T9             0.27230093    0.26295081    0.23268578    0.28028578    0.28960183    0.28504640    0.21638534    0.22188733    0.21092633    0.24585393    0.23710665    0.26876986    0.27152559    0.26166699    0.26329830    0.26091791    0.24970541    0.16267916    0.00000000    0.00000000    0.18425210    0.18425210    0.17983220    0.17983220
T1             0.27230093    0.26295081    0.23268578    0.28028578    0.28960183    0.28504640    0.21638534    0.22188733    0.21092633    0.24585393    0.23710665    0.26876986    0.27152559    0.26166699    0.26329830    0.26091791    0.24970541    0.16267916    0.00000000    0.00000000    0.18425210    0.18425210    0.17983220    0.17983220
T12            0.28960183    0.24207456    0.21490827    0.26166699    0.27387231    0.26402487    0.21380924    0.21929342    0.20836777    0.24625729    0.24359219    0.25351814    0.25006758    0.25584309    0.25748077    0.25511166    0.26245764    0.16822246    0.18425210    0.18425210    0.00000000    0.00401206    0.18819951    0.18819951
T0             0.28960183    0.24505187    0.21777459    0.26479342    0.27706875    0.26715127    0.21380924    0.21929342    0.20836777    0.24318841    0.24053270    0.25351814    0.25006758    0.25584309    0.25748077    0.25511166    0.26245764    0.16822246    0.18425210    0.18425210    0.00401206    0.00000000    0.18819951    0.18819951
T10            0.27090158    0.27585134    0.22744856    0.27230093    0.28143316    0.28031029    0.22037380    0.22298259    0.21490827    0.25276482    0.24398592    0.24804703    0.25075018    0.25954515    0.25532784    0.25287722    0.24298493    0.16412435    0.17983220    0.17983220    0.18819951    0.18819951    0.00000000    0.00401610
T17            0.27090158    0.27585134    0.22744856    0.27230093    0.28143316    0.28031029    0.22037380    0.22298259    0.21490827    0.25276482    0.24398592    0.24804703    0.25075018    0.25954515    0.25532784    0.25287722    0.24298493    0.16412435    0.17983220    0.17983220    0.18819951    0.18819951    0.00401610    0.00000000

