24
T19            0.00000000    0.26607703    0.28034160    0.23206288    0.23767536    0.24870507    0.25108528    0.22272916    0.21725184    0.22300236    0.26751815    0.28710041    0.26231443    0.28121339    0.28634287    0.27753853    0.22534918    0.15764791    0.15764791    0.23007796    0.11041890    0.11471821    0.11711112    0.11951556
T20            0.26607703    0.00000000    0.04549431    0.15743878    0.15243732    0.16490232    0.29357831    0.26405474    0.26131679    0.26131679    0.30177339    0.31507471    0.30217657    0.30027716    0.31507471    0.28710041    0.37535701    0.28749596    0.28749596    0.39607952    0.30390498    0.29131667    0.29452425    0.29775258
T4             0.28034160    0.04549431    0.00000000    0.17780589    0.17265884    0.18548032    0.31171601    0.27511218    0.27233180    0.27866594    0.31421505    0.32347945    0.31047807    0.30800812    0.32602959    0.30427256    0.39189708    0.29239626    0.29239626    0.39068022    0.32233161    0.31595353    0.31928966    0.32264825
T15            0.23206288    0.15743878    0.17780589    0.00000000    0.02031426    0.02648466    0.23470605    0.21320808    0.21351445    0.21063911    0.25750812    0.27309743    0.26094681    0.28917828    0.30390498    0.28186341    0.35477402    0.25243079    0.25243079    0.34511817    0.28790265    0.28598092    0.28917828    0.29239626
T8             0.23767536    0.15243732    0.17265884    0.02031426    0.00000000    0.01006767    0.23735907    0.21578637    0.21609171    0.21320808    0.26023823    0.27587630    0.26368554    0.29202497    0.30679191    0.28467417    0.36526096    0.25207900    0.25207900    0.34447453    0.29486215    0.29277892    0.29602834    0.29929905
T18            0.24870507    0.16490232    0.18548032    0.02648466    0.01006767    0.00000000    0.24537802    0.22357777    0.22387993    0.22097114    0.26849171    0.28427791    0.27196513    0.30389362    0.31891541    0.29643300    0.37842695    0.26332689    0.26332689    0.35358011    0.30679191    0.30217657    0.30547973    0.30880490
T7             0.25108528    0.29357831    0.31171601    0.23470605    0.23735907    0.24537802    0.00000000    0.04966097    0.04969161    0.05185633    0.13159471    0.14728055    0.12950249    0.26111366    0.26849171    0.25989968    0.36116601    0.26572993    0.26572993    0.33123908    0.29929905    0.29739491    0.30063369    0.30389362
T16            0.22272916    0.26405474    0.27511218    0.21320808    0.21578637    0.22357777    0.04966097    0.00000000    0.01822287    0.02028055    0.10329116    0.11577399    0.09887354    0.22435985    0.23116666    0.22300236    0.32186071    0.23326805    0.23326805    0.29277892    0.27827920    0.27278135    0.27587944    0.27899689
T6             0.21725184    0.26131679    0.27233180    0.21351445    0.21609171    0.22387993    0.04969161    0.01822287    0.00000000    0.00603635    0.10102852    0.11348969    0.09662763    0.22173371    0.22852977    0.22039333    0.31552243    0.22771831    0.22771831    0.28993406    0.27233180    0.26692332    0.26999285    0.27308138
T5             0.22300236    0.26131679    0.27866594    0.21063911    0.21320808    0.22097114    0.05185633    0.02028055    0.00603635    0.00000000    0.10338756    0.11592950    0.09898114    0.22459240    0.23145555    0.22328524    0.32233161    0.23353573    0.23353573    0.29643300    0.27866594    0.27308138    0.27618914    0.27931636
T2             0.26751815    0.30177339    0.31421505    0.25750812    0.26023823    0.26849171    0.13159471    0.10329116    0.10102852    0.10338756    0.00000000    0.06067171    0.04330681    0.26309000    0.27029431    0.25262310    0.38641116    0.27868859    0.27868859    0.35293919    0.31673944    0.32745829    0.33082811    0.33422084
T13            0.28710041    0.31507471    0.32347945    0.27309743    0.27587630    0.28427791    0.14728055    0.11577399    0.11348969    0.11592950    0.06067171    0.00000000    0.02859717    0.27839152    0.28034160    0.26169264    0.38375275    0.28563022    0.28563022    0.35036296    0.32778750    0.34192265    0.34541025    0.34892239
T1             0.26231443    0.30217657    0.31047807    0.26094681    0.26368554    0.27196513    0.12950249    0.09887354    0.09662763    0.09898114    0.04330681    0.02859717    0.00000000    0.25782638    0.26264131    0.24747850    0.36948031    0.26721529    0.26721529    0.33330626    0.30796636    0.31853018    0.32186628    0.32522482
T10            0.28121339    0.30027716    0.30800812    0.28917828    0.29202497    0.30389362    0.26111366    0.22435985    0.22173371    0.22459240    0.26309000    0.27839152    0.25782638    0.00000000    0.04541819    0.04982383    0.36800738    0.28812958    0.28812958    0.35293919    0.33461391    0.33763680    0.34107628    0.34453964
T3             0.28634287    0.31507471    0.32602959    0.30390498    0.30679191    0.31891541    0.26849171    0.23116666    0.22852977    0.23145555    0.27029431    0.28034160    0.26264131    0.04541819    0.00000000    0.05894450    0.35911736    0.28710041    0.28710041    0.35609244    0.33821466    0.35086914    0.35445711    0.35807106
T23            0.27753853    0.28710041    0.30427256    0.28186341    0.28467417    0.29643300    0.25989968    0.22300236    0.22039333    0.22328524    0.25262310    0.26169264    0.24747850    0.04982383    0.05894450    0.00000000    0.36116601    0.28467417    0.28467417    0.36092836    0.32435963    0.32645057    0.32986664    0.33330626
T11            0.22534918    0.37535701    0.39189708    0.35477402    0.36526096    0.37842695    0.36116601    0.32186071    0.31552243    0.32233161    0.38641116    0.38375275    0.36948031    0.36800738    0.35911736    0.36116601    0.00000000    0.15985002    0.15985002    0.22850374    0.27072879    0.27684177    0.27998875    0.28315570
T17            0.15764791    0.28749596    0.29239626    0.25243079    0.25207900    0.26332689    0.26572993    0.23326805    0.22771831    0.23353573    0.27868859    0.28563022    0.26721529    0.28812958    0.28710041    0.28467417    0.15985002    0.00000000    0.00000000    0.13063169    0.19121428    0.19829163    0.20107085    0.20386563
T14            0.15764791    0.28749596    0.29239626    0.25243079    0.25207900    0.26332689    0.26572993    0.23326805    0.22771831    0.23353573    0.27868859    0.28563022    0.26721529    0.28812958    0.28710041    0.28467417    0.15985002    0.00000000    0.00000000    0.13063169    0.19121428    0.19829163    0.20107085    0.20386563
T9             0.23007796    0.39607952    0.39068022    0.34511817    0.34447453    0.35358011    0.33123908    0.29277892    0.28993406    0.29643300    0.35293919    0.35036296    0.33330626    0.35293919    0.35609244    0.36092836    0.22850374    0.13063169    0.13063169    0.00000000    0.27243292    0.29531261    0.29862688    0.30196330
T12            0.11041890    0.30390498    0.32233161    0.28790265    0.29486215    0.30679191    0.29929905    0.27827920    0.27233180    0.27866594    0.31673944    0.32778750    0.30796636    0.33461391    0.33821466    0.32435963    0.27072879    0.19121428    0.19121428    0.27243292    0.00000000    0.09652557    0.09887354    0.10123261
T22            0.11471821    0.29131667    0.31595353    0.28598092    0.29277892    0.30217657    0.29739491    0.27278135    0.26692332    0.27308138    0.32745829    0.34192265    0.31853018    0.33763680    0.35086914    0.32645057    0.27684177    0.19829163    0.19829163    0.29531261    0.09652557    0.00000000    0.00200402    0.00401611
T0             0.11711112    0.29452425    0.31928966    0.28917828    0.29602834    0.30547973    0.30063369    0.27587944    0.26999285    0.27618914    0.33082811    0.34541025    0.32186628    0.34107628    0.35445711    0.32986664    0.27998875    0.20107085    0.20107085    0.29862688    0.09887354    0.00200402    0.00000000    0.00200402
T21            0.11951556    0.29775258    0.32264825    0.29239626    0.29929905    0.30880490    0.30389362    0.27899689    0.27308138    0.27931636    0.33422084    0.34892239    0.32522482    0.34453964    0.35807106    0.33330626    0.28315570    0.20386563    0.20386563    0.30196330    0.10123261    0.00401611    0.00200402    0.00000000

