24
T21            0.00000000    0.39646586    0.39386550    0.32786131    0.34995109    0.36956939    0.36383263    0.33293217    0.34641127    0.34946859    0.33940617    0.34199420    0.33337876    0.41494705    0.38385185    0.41018644    0.39407066    0.30732347    0.31267025    0.35806631    0.37398808    0.37495516    0.38343515    0.40178353
T1             0.39646586    0.00000000    0.00401207    0.11549449    0.14711262    0.15706145    0.14729556    0.14439165    0.14274797    0.14219001    0.13982818    0.14202015    0.14274797    0.27409404    0.24842318    0.24874662    0.23356851    0.22391574    0.22014965    0.28174459    0.29548798    0.28688721    0.28407823    0.28735142
T7             0.39386550    0.00401207    0.00000000    0.11549449    0.14711262    0.15706145    0.14729556    0.14439165    0.14274797    0.14219001    0.13982818    0.14202015    0.14274797    0.27409404    0.24842318    0.24874662    0.23356851    0.22162404    0.21782572    0.27618068    0.28983669    0.28128009    0.28174459    0.29064623
T16            0.32786131    0.11549449    0.11549449    0.00000000    0.07387710    0.08281579    0.07850202    0.07155840    0.09419354    0.09877871    0.09419354    0.08940120    0.08973085    0.20512470    0.18409103    0.16325092    0.15824765    0.14932397    0.15395951    0.21067282    0.22557666    0.22131001    0.21582042    0.21811222
T12            0.34995109    0.14711262    0.14711262    0.07387710    0.00000000    0.04327740    0.03492771    0.09205736    0.11741840    0.12215512    0.12227522    0.12204287    0.11765821    0.23862897    0.21370949    0.21393990    0.19707319    0.19302566    0.19238048    0.24441150    0.26655020    0.25247690    0.24977834    0.24908031
T3             0.36956939    0.15706145    0.15706145    0.08281579    0.04327740    0.00000000    0.01617368    0.09887931    0.12692339    0.12925931    0.12938169    0.12426449    0.12472148    0.23812767    0.21327763    0.21348872    0.19673365    0.19808573    0.19745027    0.25284042    0.27526188    0.26410493    0.25826661    0.25755322
T11            0.36383263    0.14729556    0.14729556    0.07850202    0.03492771    0.01617368    0.00000000    0.09450638    0.12240314    0.12472148    0.12485545    0.11972674    0.12023004    0.23304077    0.20831668    0.20854076    0.19181791    0.19325895    0.19258640    0.24783007    0.27019414    0.25592143    0.25321418    0.25247690
T15            0.33293217    0.14439165    0.14439165    0.07155840    0.09205736    0.09887931    0.09450638    0.00000000    0.11031939    0.11481054    0.11012984    0.10997117    0.11031939    0.22355141    0.20475889    0.20493701    0.18852929    0.18426575    0.18643749    0.23739710    0.25284042    0.25449125    0.25483328    0.26028356
T4             0.34641127    0.14274797    0.14274797    0.09419354    0.11741840    0.12692339    0.12240314    0.11031939    0.00000000    0.08319686    0.07869974    0.07169695    0.07662571    0.23384740    0.20340981    0.19491077    0.18426575    0.16171688    0.16381549    0.22783699    0.24634020    0.23872722    0.24515306    0.25359815
T6             0.34946859    0.14219001    0.14219001    0.09877871    0.12215512    0.12925931    0.12472148    0.11481054    0.08319686    0.00000000    0.00805158    0.05413271    0.05885097    0.22486365    0.20318255    0.19745027    0.18142240    0.17738809    0.17679471    0.23343802    0.23982872    0.24441150    0.25090168    0.25941464
T23            0.33940617    0.13982818    0.13982818    0.09419354    0.12227522    0.12938169    0.12485545    0.11012984    0.07869974    0.00805158    0.00000000    0.05200453    0.05450224    0.21938064    0.19511502    0.19218374    0.17628100    0.17225148    0.17167459    0.23080798    0.23718124    0.24174307    0.24821526    0.25669839
T0             0.34199420    0.14202015    0.14202015    0.08940120    0.12204287    0.12426449    0.11972674    0.10997117    0.07169695    0.05413271    0.05200453    0.00000000    0.05229409    0.22176020    0.19745027    0.18409103    0.17102803    0.17185818    0.17133370    0.23308899    0.23945170    0.24103995    0.25051709    0.25902160
T2             0.33337876    0.14274797    0.14274797    0.08973085    0.11765821    0.12472148    0.12023004    0.11031939    0.07662571    0.05885097    0.05450224    0.05229409    0.00000000    0.22856345    0.19831606    0.18755641    0.16642145    0.17267943    0.17205048    0.23454347    0.24101868    0.24553881    0.23982872    0.24515306
T9             0.41494705    0.27409404    0.27409404    0.20512470    0.23862897    0.23812767    0.23304077    0.22355141    0.23384740    0.22486365    0.21938064    0.22176020    0.22856345    0.00000000    0.07155840    0.15155514    0.12426449    0.23092027    0.22774841    0.26723421    0.27716327    0.29823322    0.29208534    0.29448654
T22            0.38385185    0.24842318    0.24842318    0.18409103    0.21370949    0.21327763    0.20831668    0.20475889    0.20340981    0.20318255    0.19511502    0.19745027    0.19831606    0.07155840    0.00000000    0.13478713    0.10329656    0.20723976    0.20926983    0.24248596    0.25211607    0.26611648    0.25710226    0.26886240
T10            0.41018644    0.24874662    0.24874662    0.16325092    0.21393990    0.21348872    0.20854076    0.20493701    0.19491077    0.19745027    0.19218374    0.18409103    0.18755641    0.15155514    0.13478713    0.00000000    0.07599534    0.20645019    0.21417993    0.27571596    0.28931778    0.28735142    0.28454259    0.28688721
T17            0.39407066    0.23356851    0.23356851    0.15824765    0.19707319    0.19673365    0.19181791    0.18852929    0.18426575    0.18142240    0.17628100    0.17102803    0.16642145    0.12426449    0.10329656    0.07599534    0.00000000    0.17965960    0.17909780    0.22978762    0.24210956    0.24070336    0.24103995    0.24639012
T5             0.30732347    0.22391574    0.22162404    0.14932397    0.19302566    0.19808573    0.19325895    0.18426575    0.16171688    0.17738809    0.17225148    0.17185818    0.17267943    0.23092027    0.20723976    0.20645019    0.17965960    0.00000000    0.02442182    0.13914342    0.15515047    0.15936655    0.15431814    0.16986221
T18            0.31267025    0.22014965    0.21782572    0.15395951    0.19238048    0.19745027    0.19258640    0.18643749    0.16381549    0.17679471    0.17167459    0.17133370    0.17205048    0.22774841    0.20926983    0.21417993    0.17909780    0.02442182    0.00000000    0.14619664    0.16232565    0.16124345    0.16150169    0.17718221
T8             0.35806631    0.28174459    0.27618068    0.21067282    0.24441150    0.25284042    0.24783007    0.23739710    0.22783699    0.23343802    0.23080798    0.23308899    0.23454347    0.26723421    0.24248596    0.27571596    0.22978762    0.13914342    0.14619664    0.00000000    0.02866643    0.04770862    0.06098836    0.06978933
T13            0.37398808    0.29548798    0.28983669    0.22557666    0.26655020    0.27526188    0.27019414    0.25284042    0.24634020    0.23982872    0.23718124    0.23945170    0.24101868    0.27716327    0.25211607    0.28931778    0.24210956    0.15515047    0.16232565    0.02866643    0.00000000    0.06773234    0.07931630    0.08837741
T20            0.37495516    0.28688721    0.28128009    0.22131001    0.25247690    0.26410493    0.25592143    0.25449125    0.23872722    0.24441150    0.24174307    0.24103995    0.24553881    0.29823322    0.26611648    0.28735142    0.24070336    0.15936655    0.16124345    0.04770862    0.06773234    0.00000000    0.07880912    0.08089181
T19            0.38343515    0.28407823    0.28174459    0.21582042    0.24977834    0.25826661    0.25321418    0.25483328    0.24515306    0.25090168    0.24821526    0.25051709    0.23982872    0.29208534    0.25710226    0.28454259    0.24103995    0.15431814    0.16150169    0.06098836    0.07931630    0.07880912    0.00000000    0.03277502
T14            0.40178353    0.28735142    0.29064623    0.21811222    0.24908031    0.25755322    0.25247690    0.26028356    0.25359815    0.25941464    0.25669839    0.25902160    0.24515306    0.29448654    0.26886240    0.28688721    0.24639012    0.16986221    0.17718221    0.06978933    0.08837741    0.08089181    0.03277502    0.00000000

