24
T5             0.00000000    0.21927265    0.23598574    0.24890311    0.22513843    0.22845471    0.22919797    0.21736180    0.21994466    0.23071718    0.21316973    0.21347491    0.21895071    0.14548631    0.14929434    0.20966855    0.19171270    0.15566983    0.16752670    0.17263530    0.17041302    0.18522711    0.15982986    0.17755871
T0             0.21927265    0.00000000    0.06727487    0.08068877    0.20547825    0.21412049    0.22035629    0.18691494    0.19214038    0.21563009    0.20015198    0.20313066    0.19740451    0.19926810    0.21436802    0.27149329    0.25237822    0.22708249    0.20920918    0.21748246    0.22093182    0.23084924    0.20383460    0.22217771
T3             0.23598574    0.06727487    0.00000000    0.09194785    0.22505154    0.24533300    0.24296318    0.21106535    0.21647915    0.25258044    0.22768240    0.23084924    0.22480029    0.22123388    0.23435633    0.29285535    0.28585841    0.25619633    0.23141486    0.23997779    0.24361897    0.25375031    0.22008287    0.23058123
T17            0.24890311    0.08068877    0.09194785    0.00000000    0.24150014    0.24772552    0.25135780    0.22193471    0.22743268    0.25804707    0.23007495    0.23323037    0.22719285    0.23828996    0.25406881    0.30523816    0.30141134    0.27107425    0.24865706    0.25745611    0.26125995    0.26534153    0.23701012    0.25616597
T12            0.22513843    0.20547825    0.22505154    0.24150014    0.00000000    0.06536760    0.07673210    0.07858790    0.08078164    0.10813141    0.16224925    0.16245472    0.16488101    0.21863816    0.22008287    0.28674645    0.27661795    0.23898909    0.23701012    0.23967385    0.24029173    0.25344220    0.22849059    0.22794198
T4             0.22845471    0.21412049    0.24533300    0.24772552    0.06536760    0.00000000    0.07685621    0.07185553    0.07403192    0.09662095    0.14470572    0.14488882    0.14983429    0.20462172    0.22269288    0.28393841    0.26751078    0.24238403    0.22558333    0.22531256    0.22877956    0.24772552    0.22008287    0.22586382
T11            0.22919797    0.22035629    0.24296318    0.25135780    0.07673210    0.07685621    0.00000000    0.09029145    0.09251042    0.12035394    0.16289074    0.15522578    0.17089151    0.22253684    0.21804137    0.27512845    0.25273879    0.24011128    0.22615401    0.22586382    0.22938672    0.23937995    0.21775716    0.23466257
T2             0.21736180    0.18691494    0.21106535    0.22193471    0.07858790    0.07185553    0.09029145    0.00000000    0.01006763    0.04114349    0.13460380    0.13476131    0.13711020    0.20235921    0.21178389    0.26242770    0.25273879    0.23406822    0.21748246    0.22008287    0.22353812    0.23642980    0.20639203    0.21721728
T19            0.21994466    0.19214038    0.21647915    0.22743268    0.08078164    0.07403192    0.09251042    0.01006763    0.00000000    0.04325234    0.13695436    0.13711020    0.13946707    0.20490246    0.21436802    0.26516328    0.25544607    0.23670594    0.22008287    0.22269288    0.22615401    0.23909610    0.20895878    0.21981905
T6             0.23071718    0.21563009    0.25258044    0.25804707    0.10813141    0.09662095    0.12035394    0.04114349    0.04325234    0.00000000    0.15908571    0.15925916    0.15908571    0.22353812    0.23909610    0.28867801    0.27542801    0.25619633    0.24205497    0.24474014    0.24833632    0.25860522    0.23349696    0.23701012
T13            0.21316973    0.20015198    0.22768240    0.23007495    0.16224925    0.14470572    0.16289074    0.13460380    0.13695436    0.15908571    0.00000000    0.01210016    0.02233486    0.19344712    0.21412049    0.26557276    0.24968033    0.22809734    0.22558333    0.22531256    0.22586382    0.23297377    0.21436802    0.21343521
T21            0.21347491    0.20313066    0.23084924    0.23323037    0.16245472    0.14488882    0.15522578    0.13476131    0.13711020    0.15925916    0.01210016    0.00000000    0.02234648    0.19369653    0.21436802    0.25970245    0.24396189    0.22253684    0.21721728    0.21696165    0.21748246    0.22455886    0.20614955    0.21365405
T22            0.21895071    0.19740451    0.22480029    0.22719285    0.16488101    0.14983429    0.17089151    0.13711020    0.13946707    0.15908571    0.02233486    0.02234648    0.00000000    0.19621744    0.21696165    0.27107425    0.25202785    0.23037011    0.22849059    0.22821138    0.22877956    0.23588950    0.21721728    0.21625235
T9             0.14548631    0.19926810    0.22123388    0.23828996    0.21863816    0.20462172    0.22253684    0.20235921    0.20490246    0.22353812    0.19344712    0.19369653    0.19621744    0.00000000    0.13476131    0.17114342    0.17411399    0.14829231    0.15741881    0.16245472    0.16025203    0.16955797    0.14983429    0.15168845
T20            0.14929434    0.21436802    0.23435633    0.25406881    0.22008287    0.22269288    0.21804137    0.21178389    0.21436802    0.23909610    0.21412049    0.21436802    0.21696165    0.13476131    0.00000000    0.17801210    0.16711324    0.13711020    0.15650157    0.16151153    0.15925916    0.15861609    0.14897541    0.16378440
T1             0.20966855    0.27149329    0.29285535    0.30523816    0.28674645    0.28393841    0.27512845    0.26242770    0.26516328    0.28867801    0.26557276    0.25970245    0.27107425    0.17114342    0.17801210    0.00000000    0.10172070    0.12137855    0.23670594    0.23634098    0.23708062    0.24396189    0.22513843    0.22383909
T16            0.19171270    0.25237822    0.28585841    0.30141134    0.27661795    0.26751078    0.25273879    0.25273879    0.25544607    0.27542801    0.24968033    0.24396189    0.25202785    0.17411399    0.16711324    0.10172070    0.00000000    0.11105136    0.21287386    0.22123388    0.22186646    0.22353812    0.21316973    0.21204230
T15            0.15566983    0.22708249    0.25619633    0.27107425    0.23898909    0.24238403    0.24011128    0.23406822    0.23670594    0.25619633    0.22809734    0.22253684    0.23037011    0.14829231    0.13711020    0.12137855    0.11105136    0.00000000    0.18618732    0.19144421    0.18921202    0.19320669    0.18096939    0.18818639
T23            0.16752670    0.20920918    0.23141486    0.24865706    0.23701012    0.22558333    0.22615401    0.21748246    0.22008287    0.24205497    0.22558333    0.21721728    0.22849059    0.15741881    0.15650157    0.23670594    0.21287386    0.18618732    0.00000000    0.02439570    0.02234648    0.05185482    0.05206271    0.11489094
T14            0.17263530    0.21748246    0.23997779    0.25745611    0.23967385    0.22531256    0.22586382    0.22008287    0.22269288    0.24474014    0.22531256    0.21696165    0.22821138    0.16245472    0.16151153    0.23634098    0.22123388    0.19144421    0.02439570    0.00000000    0.01006866    0.05827733    0.05638681    0.11960501
T18            0.17041302    0.22093182    0.24361897    0.26125995    0.24029173    0.22877956    0.22938672    0.22353812    0.22615401    0.24833632    0.22586382    0.21748246    0.22877956    0.16025203    0.15925916    0.23708062    0.22186646    0.18921202    0.02234648    0.01006866    0.00000000    0.05616755    0.05432918    0.11740226
T8             0.18522711    0.23084924    0.25375031    0.26534153    0.25344220    0.24772552    0.23937995    0.23642980    0.23909610    0.25860522    0.23297377    0.22455886    0.23588950    0.16955797    0.15861609    0.24396189    0.22353812    0.19320669    0.05185482    0.05827733    0.05616755    0.00000000    0.06055363    0.12165994
T7             0.15982986    0.20383460    0.22008287    0.23701012    0.22849059    0.22008287    0.21775716    0.20639203    0.20895878    0.23349696    0.21436802    0.20614955    0.21721728    0.14983429    0.14897541    0.22513843    0.21316973    0.18096939    0.05206271    0.05638681    0.05432918    0.06055363    0.00000000    0.11020761
T10            0.17755871    0.22217771    0.23058123    0.25616597    0.22794198    0.22586382    0.23466257    0.21721728    0.21981905    0.23701012    0.21343521    0.21365405    0.21625235    0.15168845    0.16378440    0.22383909    0.21204230    0.18818639    0.11489094    0.11960501    0.11740226    0.12165994    0.11020761    0.00000000

