24
T20            0.00000000    0.21962501    0.22777155    0.21962501    0.24131663    0.24852875    0.23636488    0.24470270    0.25855933    0.22710307    0.22385817    0.23074010    0.25332669    0.25872431    0.22884596    0.26328903    0.22812015    0.22812015    0.22647303    0.23468268    0.22879810    0.15926729    0.20181986    0.13476770
T17            0.21962501    0.00000000    0.03073328    0.09897728    0.16246461    0.17605239    0.16267890    0.16753712    0.17468110    0.15983927    0.15964023    0.15204505    0.17657809    0.18150368    0.16048631    0.18371561    0.15523556    0.15523556    0.30577241    0.31155561    0.30479503    0.24804633    0.29395706    0.21805894
T1             0.22777155    0.03073328    0.00000000    0.10825008    0.16997889    0.18371561    0.17019741    0.17510370    0.18231688    0.16732568    0.16712274    0.15944957    0.18425180    0.18922701    0.17334890    0.19145869    0.16267890    0.16267890    0.31155561    0.31738510    0.31057850    0.26570081    0.31301671    0.23203979
T18            0.21962501    0.09897728    0.10825008    0.00000000    0.15685155    0.16004664    0.14965416    0.16489093    0.18004450    0.15462963    0.15444416    0.13963603    0.16629395    0.17115636    0.15523556    0.17556087    0.15523556    0.15523556    0.30003474    0.30577241    0.29905722    0.25476068    0.30386340    0.23268525
T21            0.24131663    0.16246461    0.16997889    0.15685155    0.00000000    0.07195074    0.05852578    0.06951874    0.08740774    0.05407628    0.05402950    0.17488806    0.19200569    0.19703156    0.17334890    0.20327761    0.17334890    0.16532511    0.31397020    0.31982326    0.31301671    0.29274313    0.35660404    0.27029662
T9             0.24852875    0.17605239    0.18371561    0.16004664    0.07195074    0.00000000    0.02034031    0.07432902    0.09004476    0.05662334    0.06098314    0.17287194    0.19571033    0.19791241    0.17959431    0.20934562    0.16872098    0.16071856    0.32591148    0.32831434    0.32134143    0.29723739    0.35471282    0.27472133
T22            0.23636488    0.16267890    0.17019741    0.14965416    0.05852578    0.02034031    0.00000000    0.05859571    0.07621726    0.04349238    0.04776534    0.16489093    0.18177720    0.18673505    0.16603924    0.20074627    0.16603924    0.15807932    0.31206156    0.31446452    0.30768101    0.28746032    0.34383581    0.26286784
T14            0.24470270    0.16753712    0.17510370    0.16489093    0.06951874    0.07432902    0.05859571    0.00000000    0.03914388    0.05852578    0.05846260    0.17287194    0.19229246    0.19731623    0.17903661    0.19509453    0.17141720    0.16337181    0.33538597    0.34138583    0.33426384    0.29967569    0.35353500    0.27706799
T13            0.25855933    0.17468110    0.18231688    0.18004450    0.08740774    0.09004476    0.07621726    0.03914388    0.00000000    0.07387194    0.07380147    0.19648914    0.21670844    0.22188686    0.20296794    0.20805956    0.18123879    0.17310615    0.33426384    0.34026215    0.33319062    0.31125085    0.35240852    0.28504555
T4             0.22710307    0.15983927    0.16732568    0.15462963    0.05407628    0.05662334    0.04349238    0.05852578    0.07387194    0.00000000    0.00401105    0.16206116    0.17385987    0.17877060    0.16579285    0.19200569    0.16048631    0.15263074    0.30577241    0.31155561    0.30479503    0.27824612    0.34081778    0.25622355
T19            0.22385817    0.15964023    0.16712274    0.15444416    0.05402950    0.06098314    0.04776534    0.05846260    0.07380147    0.00401105    0.00000000    0.16187207    0.17360014    0.17851317    0.16555480    0.18895680    0.16026233    0.15242732    0.30192046    0.30768101    0.30098838    0.27471497    0.33671387    0.25276418
T23            0.23074010    0.15204505    0.15944957    0.13963603    0.17488806    0.17287194    0.16489093    0.17287194    0.19648914    0.16206116    0.16187207    0.00000000    0.14313313    0.14786588    0.12545060    0.16712274    0.13728079    0.13728079    0.31738510    0.32326164    0.31640839    0.27267691    0.31497053    0.23566261
T11            0.25332669    0.17657809    0.18425180    0.16629395    0.19200569    0.19571033    0.18177720    0.19229246    0.21670844    0.17385987    0.17360014    0.14313313    0.00000000    0.00401206    0.09004476    0.18673505    0.17685370    0.17685370    0.32943480    0.33538597    0.32831434    0.29905722    0.37232866    0.27654821
T16            0.25872431    0.18150368    0.18922701    0.17115636    0.19703156    0.19791241    0.18673505    0.19731623    0.22188686    0.17877060    0.17851317    0.14786588    0.00401206    0.00000000    0.09449652    0.18895680    0.18177720    0.18177720    0.33538597    0.34138583    0.33426384    0.30479503    0.37860364    0.28211054
T3             0.22884596    0.16048631    0.17334890    0.15523556    0.17334890    0.17959431    0.16603924    0.17903661    0.20296794    0.16579285    0.16555480    0.12545060    0.09004476    0.09449652    0.00000000    0.15807932    0.14808014    0.14808014    0.28960100    0.29527234    0.28871153    0.28265392    0.34255915    0.26689671
T0             0.26328903    0.18371561    0.19145869    0.17556087    0.20327761    0.20934562    0.20074627    0.19509453    0.20805956    0.19200569    0.18895680    0.16712274    0.18673505    0.18895680    0.15807932    0.00000000    0.07849542    0.07849542    0.33781214    0.34383581    0.33671387    0.31301671    0.31841224    0.27069545
T6             0.22812015    0.15523556    0.16267890    0.15523556    0.17334890    0.16872098    0.16603924    0.17141720    0.18123879    0.16048631    0.16026233    0.13728079    0.17685370    0.18177720    0.14808014    0.07849542    0.00000000    0.00806476    0.32241283    0.32831434    0.32134143    0.28182857    0.29681071    0.25043925
T10            0.22812015    0.15523556    0.16267890    0.15523556    0.16532511    0.16071856    0.15807932    0.16337181    0.17310615    0.15263074    0.15242732    0.13728079    0.17685370    0.18177720    0.14808014    0.07849542    0.00806476    0.00000000    0.31893852    0.32481571    0.31789114    0.28182857    0.29681071    0.25043925
T5             0.22647303    0.30577241    0.31155561    0.30003474    0.31397020    0.32591148    0.31206156    0.33538597    0.33426384    0.30577241    0.30192046    0.31738510    0.32943480    0.33538597    0.28960100    0.33781214    0.32241283    0.31893852    0.00000000    0.01415450    0.01007278    0.25532699    0.29885777    0.24566588
T7             0.23468268    0.31155561    0.31738510    0.30577241    0.31982326    0.32831434    0.31446452    0.34138583    0.34026215    0.31155561    0.30768101    0.32326164    0.33538597    0.34138583    0.29527234    0.34383581    0.32831434    0.32481571    0.01415450    0.00000000    0.00401610    0.25780186    0.30792692    0.25409105
T15            0.22879810    0.30479503    0.31057850    0.29905722    0.31301671    0.32134143    0.30768101    0.33426384    0.33319062    0.30479503    0.30098838    0.31640839    0.32831434    0.33426384    0.28871153    0.33671387    0.32134143    0.31789114    0.01007278    0.00401610    0.00000000    0.25182956    0.30134470    0.24804633
T8             0.15926729    0.24804633    0.26570081    0.25476068    0.29274313    0.29723739    0.28746032    0.29967569    0.31125085    0.27824612    0.27471497    0.27267691    0.29905722    0.30479503    0.28265392    0.31301671    0.28182857    0.28182857    0.25532699    0.25780186    0.25182956    0.00000000    0.15186625    0.07832684
T12            0.20181986    0.29395706    0.31301671    0.30386340    0.35660404    0.35471282    0.34383581    0.35353500    0.35240852    0.34081778    0.33671387    0.31497053    0.37232866    0.37860364    0.34255915    0.31841224    0.29681071    0.29681071    0.29885777    0.30792692    0.30134470    0.15186625    0.00000000    0.12297486
T2             0.13476770    0.21805894    0.23203979    0.23268525    0.27029662    0.27472133    0.26286784    0.27706799    0.28504555    0.25622355    0.25276418    0.23566261    0.27654821    0.28211054    0.26689671    0.27069545    0.25043925    0.25043925    0.24566588    0.25409105    0.24804633    0.07832684    0.12297486    0.00000000

