24
T17            0.00000000    0.25546243    0.26439329    0.27028631    0.25854981    0.25239401    0.28631884    0.28264232    0.29904323    0.35336337    0.35131705    0.33972678    0.33417041    0.48018759    0.48018759    0.41302370    0.43293630    0.41556114    0.42456267    0.34826170    0.34933528    0.07592866    0.07368132    0.07368132
T4             0.25546243    0.00000000    0.01210018    0.03073314    0.02241930    0.05449694    0.07455910    0.07444015    0.08574519    0.21982946    0.20921893    0.20691491    0.19927786    0.38419734    0.38419734    0.30190645    0.30719612    0.30673683    0.30719612    0.29110304    0.28869947    0.26714063    0.26401463    0.26401463
T11            0.26439329    0.01210018    0.00000000    0.03910309    0.03069769    0.06312651    0.08341936    0.08329994    0.09473892    0.22481055    0.21413008    0.21179372    0.20409736    0.39772755    0.39772755    0.31395561    0.31932690    0.31546594    0.31592420    0.29312579    0.29068698    0.27862189    0.27544624    0.27544624
T23            0.27028631    0.03073314    0.03910309    0.00000000    0.03284738    0.06098246    0.08587705    0.08574519    0.09962271    0.22850230    0.21776816    0.22124606    0.20208751    0.37650080    0.37650080    0.29857183    0.30385036    0.30340225    0.30385036    0.28785514    0.27984396    0.28545156    0.28222463    0.28222463
T8             0.25854981    0.02241930    0.03069769    0.03284738    0.00000000    0.05228928    0.07227055    0.07215683    0.08574519    0.20849499    0.20081353    0.20409736    0.19094249    0.38033425    0.38033425    0.29525932    0.30052686    0.30008977    0.30052686    0.28785514    0.28545156    0.26714063    0.26401463    0.26401463
T10            0.25239401    0.05449694    0.06312651    0.06098246    0.05228928    0.00000000    0.07891567    0.07879995    0.09251277    0.21463529    0.20409736    0.20746552    0.19423186    0.38173492    0.38173492    0.30288291    0.31495488    0.30766696    0.30814932    0.27507067    0.27266702    0.27028631    0.26714063    0.26714063
T18            0.28631884    0.07455910    0.08341936    0.08587705    0.07227055    0.07891567    0.00000000    0.00401105    0.03697535    0.24565854    0.23764378    0.22939956    0.22742475    0.39596913    0.39596913    0.34253916    0.34799725    0.34024457    0.34079961    0.31104667    0.30864320    0.29857183    0.29525932    0.29525932
T22            0.28264232    0.07444015    0.08329994    0.08574519    0.07215683    0.07879995    0.00401105    0.00000000    0.03694580    0.24534645    0.23732836    0.22909074    0.22709563    0.39522817    0.39522817    0.34919682    0.34741637    0.33970197    0.34024457    0.30814932    0.30814932    0.29481015    0.29153026    0.29153026
T15            0.29904323    0.08574519    0.09473892    0.09962271    0.08574519    0.09251277    0.03697535    0.03694580    0.00000000    0.26364647    0.25546243    0.24330022    0.24433024    0.39128894    0.39128894    0.35655347    0.35469261    0.34684810    0.34741637    0.31980864    0.31736996    0.31154051    0.30814932    0.30814932
T19            0.35336337    0.21982946    0.22481055    0.22850230    0.20849499    0.21463529    0.24565854    0.24534645    0.26364647    0.00000000    0.01210018    0.15667343    0.13711438    0.49547175    0.50478112    0.39180900    0.41061449    0.40215049    0.40276712    0.34796621    0.34534848    0.35595386    0.35595386    0.35595386
T5             0.35131705    0.20921893    0.21413008    0.21776816    0.20081353    0.20409736    0.23764378    0.23732836    0.25546243    0.01210018    0.00000000    0.15722449    0.13259164    0.48910721    0.49837352    0.38980599    0.41526292    0.40667540    0.40732199    0.34230396    0.33972678    0.35386781    0.35386781    0.35386781
T14            0.33972678    0.20691491    0.21179372    0.22124606    0.20409736    0.20746552    0.22939956    0.22909074    0.24330022    0.15667343    0.15722449    0.00000000    0.06727585    0.49837352    0.50781493    0.40144042    0.42071479    0.41195370    0.41264556    0.35192845    0.34932441    0.35287198    0.35287198    0.35287198
T20            0.33417041    0.19927786    0.20409736    0.20208751    0.19094249    0.19423186    0.22742475    0.22709563    0.24433024    0.13711438    0.13259164    0.06727585    0.00000000    0.46486669    0.47376189    0.37271070    0.40934999    0.40078093    0.40144042    0.34626812    0.34370421    0.35799699    0.35799699    0.35799699
T16            0.48018759    0.38419734    0.39772755    0.37650080    0.38033425    0.38173492    0.39596913    0.39522817    0.39128894    0.49547175    0.48910721    0.49837352    0.46486669    0.00000000    0.00401610    0.13009127    0.14252733    0.13727839    0.13745034    0.43229330    0.42145420    0.49362904    0.48890829    0.48890829
T21            0.48018759    0.38419734    0.39772755    0.37650080    0.38033425    0.38173492    0.39596913    0.39522817    0.39128894    0.50478112    0.49837352    0.50781493    0.47376189    0.00401610    0.00000000    0.13510458    0.14765643    0.14234249    0.14252733    0.44066678    0.42968971    0.49362904    0.48890829    0.48890829
T7             0.41302370    0.30190645    0.31395561    0.29857183    0.29525932    0.30288291    0.34253916    0.34919682    0.35655347    0.39180900    0.38980599    0.40144042    0.37271070    0.13009127    0.13510458    0.00000000    0.07403320    0.06944394    0.06951816    0.36276196    0.35294703    0.42956426    0.42537750    0.42537750
T6             0.43293630    0.30719612    0.31932690    0.30385036    0.30052686    0.31495488    0.34799725    0.34741637    0.35469261    0.41061449    0.41526292    0.42071479    0.40934999    0.14252733    0.14765643    0.07403320    0.00000000    0.02447216    0.02450704    0.39886356    0.39240468    0.43293630    0.42873194    0.42873194
T13            0.41556114    0.30673683    0.31546594    0.30340225    0.30008977    0.30766696    0.34024457    0.33970197    0.34684810    0.40215049    0.40667540    0.41195370    0.40078093    0.13727839    0.14234249    0.06944394    0.02447216    0.00000000    0.00805150    0.39429757    0.38787089    0.42376292    0.41964520    0.41964520
T3             0.42456267    0.30719612    0.31592420    0.30385036    0.30052686    0.30814932    0.34079961    0.34024457    0.34741637    0.40276712    0.40732199    0.41264556    0.40144042    0.13745034    0.14252733    0.06951816    0.02450704    0.00805150    0.00000000    0.38722907    0.38085974    0.43293630    0.42873194    0.42873194
T12            0.34826170    0.29110304    0.29312579    0.28785514    0.28785514    0.27507067    0.31104667    0.30814932    0.31980864    0.34796621    0.34230396    0.35192845    0.34626812    0.43229330    0.44066678    0.36276196    0.39886356    0.39429757    0.38722907    0.00000000    0.01617877    0.38023330    0.37645784    0.37645784
T2             0.34933528    0.28869947    0.29068698    0.27984396    0.28545156    0.27266702    0.30864320    0.30814932    0.31736996    0.34534848    0.33972678    0.34932441    0.34370421    0.42145420    0.42968971    0.35294703    0.39240468    0.38787089    0.38085974    0.01617877    0.00000000    0.38149988    0.37769566    0.37769566
T0             0.07592866    0.26714063    0.27862189    0.28545156    0.26714063    0.27028631    0.29857183    0.29481015    0.31154051    0.35595386    0.35386781    0.35287198    0.35799699    0.49362904    0.49362904    0.42956426    0.43293630    0.42376292    0.43293630    0.38023330    0.38149988    0.00000000    0.00401610    0.00401610
T9             0.07368132    0.26401463    0.27544624    0.28222463    0.26401463    0.26714063    0.29525932    0.29153026    0.30814932    0.35595386    0.35386781    0.35287198    0.35799699    0.48890829    0.48890829    0.42537750    0.42873194    0.41964520    0.42873194    0.37645784    0.37769566    0.00401610    0.00000000    0.00000000
T1             0.07368132    0.26401463    0.27544624    0.28222463    0.26401463    0.26714063    0.29525932    0.29153026    0.30814932    0.35595386    0.35386781    0.35287198    0.35799699    0.48890829    0.48890829    0.42537750    0.42873194    0.41964520    0.42873194    0.37645784    0.37769566    0.00401610    0.00000000    0.00000000

