24
T1             0.00000000    0.37274045    0.35697539    0.36058775    0.36369569    0.33419330    0.34472620    0.34422094    0.34422094    0.26330266    0.27903440    0.27665370    0.23645253    0.24031684    0.23969789    0.19902046    0.21032418    0.24203876    0.20410548    0.19047420    0.20806196    0.20551146    0.21607344    0.14508951
T16            0.37274045    0.00000000    0.14253136    0.16872226    0.17657950    0.15640992    0.15377064    0.15045829    0.15045829    0.30424308    0.31168224    0.31418216    0.28915130    0.27996386    0.26997224    0.32229296    0.33267998    0.37274045    0.34372842    0.34422094    0.31548638    0.34631814    0.33867815    0.29640202
T15            0.35697539    0.14253136    0.00000000    0.08750297    0.09438609    0.07185780    0.06960021    0.15482487    0.15482487    0.30862757    0.31518810    0.32183595    0.29095522    0.27192926    0.27754928    0.30968352    0.31630939    0.36218379    0.36218379    0.34493169    0.31630939    0.34324864    0.34278164    0.33419330
T9             0.36058775    0.16872226    0.08750297    0.00000000    0.00602719    0.03066878    0.02857227    0.18425345    0.18425345    0.32857347    0.32857347    0.33540312    0.31377128    0.29702329    0.30280177    0.31377128    0.32387793    0.38164260    0.37310006    0.36267435    0.34726410    0.36111852    0.36058775    0.34828711
T23            0.36369569    0.17657950    0.09438609    0.00602719    0.00000000    0.03697559    0.03485685    0.19229428    0.19229428    0.33842396    0.33842396    0.33842396    0.32006485    0.30640326    0.31224778    0.32344502    0.33372497    0.39244252    0.38370202    0.37310006    0.35749304    0.37158429    0.37102653    0.35856773
T5             0.33419330    0.15640992    0.07185780    0.03066878    0.03697559    0.00000000    0.01415451    0.16362054    0.16362054    0.31005947    0.31670741    0.31670741    0.28277891    0.27305992    0.27866695    0.28844255    0.29485581    0.35338896    0.33929534    0.32939923    0.30793479    0.33119984    0.33073112    0.31887808
T13            0.34472620    0.15377064    0.06960021    0.02857227    0.03485685    0.01415451    0.00000000    0.16362054    0.16362054    0.30676839    0.31337238    0.31337238    0.28915130    0.27616680    0.28179325    0.29809359    0.30463280    0.36422643    0.34982810    0.33975012    0.32478033    0.34169589    0.34119050    0.32919359
T11            0.34422094    0.15045829    0.15482487    0.18425345    0.19229428    0.16362054    0.16362054    0.00000000    0.00000000    0.28777923    0.30714537    0.30386509    0.27929313    0.26662319    0.26056024    0.30503422    0.31168224    0.34069772    0.32006485    0.31711749    0.29926793    0.32673084    0.31934816    0.30342126
T17            0.34422094    0.15045829    0.15482487    0.18425345    0.19229428    0.16362054    0.16362054    0.00000000    0.00000000    0.28777923    0.30714537    0.30386509    0.27929313    0.26662319    0.26056024    0.30503422    0.31168224    0.34069772    0.32006485    0.31711749    0.29926793    0.32673084    0.31934816    0.30342126
T12            0.26330266    0.30424308    0.30862757    0.32857347    0.33842396    0.31005947    0.30676839    0.28777923    0.28777923    0.00000000    0.06752560    0.05638818    0.11250289    0.13903602    0.14378500    0.22326806    0.24031684    0.26092186    0.23087090    0.21345234    0.21698059    0.22880192    0.24267523    0.21806215
T19            0.27903440    0.31168224    0.31518810    0.32857347    0.33842396    0.31670741    0.31337238    0.30714537    0.30714537    0.06752560    0.00000000    0.06527816    0.11971565    0.15109908    0.15364413    0.25007077    0.26794317    0.27986041    0.24868368    0.24237196    0.23437977    0.25894385    0.27346744    0.23566596
T22            0.27665370    0.31418216    0.32183595    0.33540312    0.33842396    0.31670741    0.31337238    0.30386509    0.30386509    0.05638818    0.06527816    0.00000000    0.12214323    0.14604756    0.14856693    0.23798056    0.25547580    0.27665370    0.24567042    0.23351892    0.22560443    0.24666796    0.26092186    0.22743549
T0             0.23645253    0.28915130    0.29095522    0.31377128    0.32006485    0.28277891    0.28915130    0.27929313    0.27929313    0.11250289    0.11971565    0.12214323    0.00000000    0.13127978    0.12884038    0.21438670    0.21958406    0.25442551    0.21910386    0.21605262    0.18909490    0.21698059    0.23060243    0.18711778
T3             0.24031684    0.27996386    0.27192926    0.29702329    0.30640326    0.27305992    0.27616680    0.26662319    0.26662319    0.13903602    0.15109908    0.14604756    0.13127978    0.00000000    0.04327631    0.21518757    0.23268857    0.24632533    0.21698059    0.20593312    0.19508259    0.22066033    0.23437977    0.19876420
T6             0.23969789    0.26997224    0.27754928    0.30280177    0.31224778    0.27866695    0.28179325    0.26056024    0.26056024    0.14378500    0.15364413    0.14856693    0.12884038    0.04327631    0.00000000    0.22326806    0.24097579    0.25783409    0.22219720    0.21065038    0.20016714    0.23173557    0.24567042    0.20948757
T10            0.19902046    0.32229296    0.30968352    0.31377128    0.32344502    0.28844255    0.29809359    0.30503422    0.30503422    0.22326806    0.25007077    0.23798056    0.21438670    0.21518757    0.22326806    0.00000000    0.02653144    0.20182250    0.17715266    0.16152153    0.17802611    0.18646560    0.20237809    0.15242870
T8             0.21032418    0.33267998    0.31630939    0.32387793    0.33372497    0.29485581    0.30463280    0.31168224    0.31168224    0.24031684    0.26794317    0.25547580    0.21958406    0.23268857    0.24097579    0.02653144    0.00000000    0.22125596    0.19346310    0.17963064    0.18844511    0.19423953    0.21032418    0.17042612
T7             0.24203876    0.37274045    0.36218379    0.38164260    0.39244252    0.35338896    0.36422643    0.34069772    0.34069772    0.26092186    0.27986041    0.27665370    0.25442551    0.24632533    0.25783409    0.20182250    0.22125596    0.00000000    0.07621763    0.10384406    0.14853356    0.15932925    0.17196519    0.18673683
T20            0.20410548    0.34372842    0.36218379    0.37310006    0.38370202    0.33929534    0.34982810    0.32006485    0.32006485    0.23087090    0.24868368    0.24567042    0.21910386    0.21698059    0.22219720    0.17715266    0.19346310    0.07621763    0.00000000    0.08052668    0.12314144    0.12830348    0.14292518    0.15463123
T21            0.19047420    0.34422094    0.34493169    0.36267435    0.37310006    0.32939923    0.33975012    0.31711749    0.31711749    0.21345234    0.24237196    0.23351892    0.21605262    0.20593312    0.21065038    0.16152153    0.17963064    0.10384406    0.08052668    0.00000000    0.12331484    0.12349587    0.13801766    0.14965563
T4             0.20806196    0.31548638    0.31630939    0.34726410    0.35749304    0.30793479    0.32478033    0.29926793    0.29926793    0.21698059    0.23437977    0.22560443    0.18909490    0.19508259    0.20016714    0.17802611    0.18844511    0.14853356    0.12314144    0.12331484    0.00000000    0.08782997    0.10159045    0.13998625
T2             0.20551146    0.34631814    0.34324864    0.36111852    0.37158429    0.33119984    0.34169589    0.32673084    0.32673084    0.22880192    0.25894385    0.24666796    0.21698059    0.22066033    0.23173557    0.18646560    0.19423953    0.15932925    0.12830348    0.12349587    0.08782997    0.00000000    0.01210020    0.15306314
T18            0.21607344    0.33867815    0.34278164    0.36058775    0.37102653    0.33073112    0.34119050    0.31934816    0.31934816    0.24267523    0.27346744    0.26092186    0.23060243    0.23437977    0.24567042    0.20237809    0.21032418    0.17196519    0.14292518    0.13801766    0.10159045    0.01210020    0.00000000    0.16822367
T14            0.14508951    0.29640202    0.33419330    0.34828711    0.35856773    0.31887808    0.32919359    0.30342126    0.30342126    0.21806215    0.23566596    0.22743549    0.18711778    0.19876420    0.20948757    0.15242870    0.17042612    0.18673683    0.15463123    0.14965563    0.13998625    0.15306314    0.16822367    0.00000000

