24
T23            0.00000000    0.28466069    0.31339171    0.30795346    0.34475022    0.35391896    0.28184977    0.28184977    0.34831171    0.34994279    0.40357679    0.35606880    0.35443688    0.34475022    0.34121395    0.38961042    0.40759515    0.42400989    0.39451864    0.39451864    0.39247430    0.38806728    0.19723458    0.22534282
T12            0.28466069    0.00000000    0.08273438    0.10598278    0.11562369    0.12252731    0.16226535    0.16226535    0.23205384    0.23602307    0.28873357    0.23237161    0.24936902    0.23439030    0.22038610    0.28708791    0.29601554    0.30632709    0.28466069    0.28466069    0.27789196    0.27826699    0.14675563    0.15964671
T6             0.31339171    0.08273438    0.00000000    0.08939735    0.14675563    0.15910019    0.18193039    0.18193039    0.25590816    0.25989019    0.30505254    0.25989019    0.27683266    0.26751067    0.24396170    0.29130786    0.31007836    0.31379069    0.29524224    0.29524224    0.28845874    0.29130786    0.16581694    0.17363175
T8             0.30795346    0.10598278    0.08939735    0.00000000    0.15685793    0.17468909    0.20693144    0.20693144    0.27473557    0.27904979    0.33621391    0.28788850    0.29641934    0.28992173    0.26230582    0.32138603    0.33770254    0.34526836    0.31889841    0.31889841    0.31505944    0.31799386    0.18712429    0.19805759
T1             0.34475022    0.11562369    0.14675563    0.15685793    0.00000000    0.03492663    0.22942031    0.22942031    0.28106843    0.28788850    0.35299937    0.31108697    0.31304318    0.30967385    0.27789196    0.34728837    0.36061408    0.36479764    0.33075295    0.33075295    0.32686943    0.32985240    0.22011215    0.22589513
T18            0.35391896    0.12252731    0.15910019    0.17468909    0.03492663    0.00000000    0.22618589    0.22618589    0.28314543    0.28992173    0.35859397    0.31304318    0.31505944    0.31170148    0.28314543    0.35649649    0.36997946    0.38167246    0.33977317    0.33977317    0.33585565    0.33887614    0.21984783    0.23380634
T22            0.28184977    0.16226535    0.18193039    0.20693144    0.22942031    0.22618589    0.00000000    0.00000000    0.16136281    0.15445028    0.22299527    0.17780064    0.18253673    0.16919819    0.16169836    0.22196309    0.23885576    0.23618750    0.22245972    0.22245972    0.23380634    0.23061252    0.13681718    0.15723388
T10            0.28184977    0.16226535    0.18193039    0.20693144    0.22942031    0.22618589    0.00000000    0.00000000    0.16136281    0.15445028    0.22299527    0.17780064    0.18253673    0.16919819    0.16169836    0.22196309    0.23885576    0.23618750    0.22245972    0.22245972    0.23380634    0.23061252    0.13681718    0.15723388
T11            0.34831171    0.23205384    0.25590816    0.27473557    0.28106843    0.28314543    0.16136281    0.16136281    0.00000000    0.02650492    0.23409335    0.17963663    0.17378594    0.16079462    0.16106148    0.29097173    0.30970237    0.30026822    0.28212603    0.28212603    0.29130786    0.28779536    0.21491991    0.22711626
T21            0.34994279    0.23602307    0.25989019    0.27904979    0.28788850    0.28992173    0.15445028    0.15445028    0.02650492    0.00000000    0.23205384    0.17803212    0.17202863    0.15893490    0.15668250    0.28953902    0.30836594    0.29562317    0.28069426    0.28069426    0.28992173    0.28633199    0.21290288    0.22223051
T19            0.40357679    0.28873357    0.30505254    0.33621391    0.35299937    0.35859397    0.22299527    0.22299527    0.23409335    0.23205384    0.00000000    0.11806329    0.12252731    0.11764814    0.10825304    0.34985267    0.36684423    0.36372248    0.34728837    0.34728837    0.34679598    0.34280512    0.27865294    0.29814829
T3             0.35606880    0.23237161    0.25989019    0.28788850    0.31108697    0.31304318    0.17780064    0.17780064    0.17963663    0.17803212    0.11806329    0.00000000    0.04988078    0.04554197    0.04349282    0.28633199    0.30176098    0.29238495    0.28069426    0.28069426    0.28033113    0.27683266    0.22973909    0.24471803
T13            0.35443688    0.24936902    0.27683266    0.29641934    0.31304318    0.31505944    0.18253673    0.18253673    0.17378594    0.17202863    0.12252731    0.04988078    0.00000000    0.01620800    0.04765407    0.30795346    0.32731409    0.31755959    0.30216328    0.30216328    0.30176098    0.29811097    0.23174587    0.24365710
T14            0.34475022    0.23439030    0.26751067    0.28992173    0.30967385    0.31170148    0.16919819    0.16919819    0.16079462    0.15893490    0.11764814    0.04554197    0.01620800    0.00000000    0.04334336    0.29165547    0.31046630    0.30099126    0.28597085    0.28597085    0.28562096    0.28212603    0.22011215    0.23174587
T0             0.34121395    0.22038610    0.24396170    0.26230582    0.27789196    0.28314543    0.16169836    0.16169836    0.16106148    0.15668250    0.10825304    0.04349282    0.04765407    0.04334336    0.00000000    0.28597085    0.30465103    0.28953902    0.27403823    0.27403823    0.27370596    0.27650158    0.20641758    0.22066964
T2             0.38961042    0.28708791    0.29130786    0.32138603    0.34728837    0.35649649    0.22196309    0.22196309    0.29097173    0.28953902    0.34985267    0.28633199    0.30795346    0.29165547    0.28597085    0.00000000    0.02648464    0.02859707    0.04128573    0.04128573    0.04988078    0.04765407    0.27403823    0.28670435
T9             0.40759515    0.29601554    0.31007836    0.33770254    0.36061408    0.36997946    0.23885576    0.23885576    0.30970237    0.30836594    0.36684423    0.30176098    0.32731409    0.31046630    0.30465103    0.02648464    0.00000000    0.02859707    0.05626543    0.05626543    0.06504507    0.05835755    0.29238495    0.30546574
T20            0.42400989    0.30632709    0.31379069    0.34526836    0.36479764    0.38167246    0.23618750    0.23618750    0.30026822    0.29562317    0.36372248    0.29238495    0.31755959    0.30099126    0.28953902    0.02859707    0.02859707    0.00000000    0.05852660    0.05852660    0.06735360    0.06060996    0.29601554    0.30922616
T16            0.39451864    0.28466069    0.29524224    0.31889841    0.33075295    0.33977317    0.22245972    0.22245972    0.28212603    0.28069426    0.34728837    0.28069426    0.30216328    0.28597085    0.27403823    0.04128573    0.05626543    0.05852660    0.00000000    0.00000000    0.03492663    0.03277432    0.27159901    0.28426523
T17            0.39451864    0.28466069    0.29524224    0.31889841    0.33075295    0.33977317    0.22245972    0.22245972    0.28212603    0.28069426    0.34728837    0.28069426    0.30216328    0.28597085    0.27403823    0.04128573    0.05626543    0.05852660    0.00000000    0.00000000    0.03492663    0.03277432    0.27159901    0.28426523
T4             0.39247430    0.27789196    0.28845874    0.31505944    0.32686943    0.33585565    0.23380634    0.23380634    0.29130786    0.28992173    0.34679598    0.28033113    0.30176098    0.28562096    0.27370596    0.04988078    0.06504507    0.06735360    0.03492663    0.03492663    0.00000000    0.01008408    0.27752788    0.28388085
T5             0.38806728    0.27826699    0.29130786    0.31799386    0.32985240    0.33887614    0.23061252    0.23061252    0.28779536    0.28633199    0.34280512    0.27683266    0.29811097    0.28212603    0.27650158    0.04765407    0.05835755    0.06060996    0.03277432    0.03277432    0.01008408    0.00000000    0.27403823    0.28033113
T15            0.19723458    0.14675563    0.16581694    0.18712429    0.22011215    0.21984783    0.13681718    0.13681718    0.21491991    0.21290288    0.27865294    0.22973909    0.23174587    0.22011215    0.20641758    0.27403823    0.29238495    0.29601554    0.27159901    0.27159901    0.27752788    0.27403823    0.00000000    0.06498083
T7             0.22534282    0.15964671    0.17363175    0.19805759    0.22589513    0.23380634    0.15723388    0.15723388    0.22711626    0.22223051    0.29814829    0.24471803    0.24365710    0.23174587    0.22066964    0.28670435    0.30546574    0.30922616    0.28426523    0.28426523    0.28388085    0.28033113    0.06498083    0.00000000

