24
T21            0.00000000    0.35057636    0.30986244    0.31178843    0.36086261    0.36450963    0.34653605    0.35315093    0.35266729    0.35528273    0.35528273    0.36874714    0.35830166    0.30481716    0.34301793    0.32251834    0.33644575    0.33191781    0.33541156    0.32943333    0.37620538    0.36562287    0.12548579    0.13533023
T20            0.35057636    0.00000000    0.08040041    0.08282201    0.23575477    0.23922696    0.20578501    0.21732787    0.21993095    0.30696218    0.30362065    0.27724778    0.29217865    0.22861562    0.29130399    0.23215620    0.24110128    0.23745455    0.24043610    0.23810169    0.25390266    0.24817132    0.33752992    0.35626448
T19            0.30986244    0.08040041    0.00000000    0.02862966    0.19536499    0.19306204    0.16174168    0.17474175    0.17721171    0.24248654    0.23951403    0.21759599    0.22890783    0.17949379    0.22833330    0.18627888    0.19740712    0.19405225    0.19684193    0.19181190    0.21816107    0.21557136    0.28980073    0.30703360
T14            0.31178843    0.08282201    0.02862966    0.00000000    0.18803682    0.18577582    0.15727948    0.17025995    0.17270962    0.25290884    0.24984464    0.22460557    0.23613841    0.18033370    0.22076028    0.19018096    0.20149961    0.19800845    0.20084599    0.19580811    0.22233512    0.21974087    0.28841012    0.30236847
T7             0.36086261    0.23575477    0.19536499    0.18803682    0.00000000    0.05200713    0.07369037    0.08040041    0.08261118    0.28293236    0.28293236    0.28724147    0.29987124    0.25631649    0.28859933    0.26619686    0.27562100    0.27487305    0.27323109    0.26931845    0.28895155    0.28611354    0.35632960    0.37176823
T9             0.36450963    0.23922696    0.19306204    0.18577582    0.05200713    0.00000000    0.06945353    0.08282201    0.08503399    0.29007668    0.29007668    0.29130399    0.30407351    0.26001180    0.28931520    0.26380667    0.27323109    0.27245975    0.27086402    0.26692835    0.29292315    0.28365246    0.35632960    0.36428130
T23            0.34653605    0.20578501    0.16174168    0.15727948    0.07369037    0.06945353    0.00000000    0.03069962    0.03277598    0.26794560    0.26486285    0.26035283    0.26931845    0.23070154    0.26794560    0.24310908    0.25218982    0.25151214    0.24984464    0.24611762    0.27138424    0.26550828    0.33491325    0.34963712
T17            0.35315093    0.21732787    0.17474175    0.17025995    0.08040041    0.08282201    0.03069962    0.00000000    0.00602726    0.27383347    0.27072185    0.26309472    0.26895898    0.24219059    0.27696466    0.25184580    0.26106662    0.26035283    0.25871050    0.25490046    0.28047118    0.27451552    0.34143946    0.35999034
T18            0.35266729    0.21993095    0.17721171    0.17270962    0.08261118    0.08503399    0.03277598    0.00602726    0.00000000    0.28293236    0.27977137    0.26584719    0.27173184    0.24487732    0.27977137    0.25455741    0.26380667    0.26309472    0.26143933    0.25762144    0.28328678    0.27731010    0.34447232    0.36308841
T16            0.35528273    0.30696218    0.24248654    0.25290884    0.28293236    0.29007668    0.26794560    0.27383347    0.28293236    0.00000000    0.00401616    0.16231361    0.18033370    0.13214983    0.17270962    0.20190798    0.21329019    0.20984787    0.20756655    0.20246864    0.25254417    0.24144894    0.33395430    0.34751791
T10            0.35528273    0.30362065    0.23951403    0.24984464    0.28293236    0.29007668    0.26486285    0.27072185    0.27977137    0.00401616    0.00000000    0.16231361    0.18033370    0.13214983    0.17270962    0.20190798    0.21329019    0.20984787    0.20756655    0.20246864    0.25254417    0.24144894    0.32706379    0.34045641
T11            0.36874714    0.27724778    0.21759599    0.22460557    0.28724147    0.29130399    0.26035283    0.26309472    0.26584719    0.16231361    0.16231361    0.00000000    0.03904390    0.12269717    0.17293717    0.18379247    0.19209221    0.18877407    0.18877407    0.18105637    0.22789408    0.21940591    0.34715320    0.36118218
T12            0.35830166    0.29217865    0.22890783    0.23613841    0.29987124    0.30407351    0.26931845    0.26895898    0.27173184    0.18033370    0.18033370    0.03904390    0.00000000    0.13246344    0.18131478    0.18627888    0.19740712    0.19405225    0.19405225    0.18627888    0.23051607    0.22200100    0.33698160    0.35077417
T15            0.30481716    0.22861562    0.17949379    0.18033370    0.25631649    0.26001180    0.23070154    0.24219059    0.24487732    0.13214983    0.13214983    0.12269717    0.13246344    0.00000000    0.08540866    0.12228900    0.13214983    0.12939698    0.12719499    0.12473595    0.16943038    0.15655480    0.30696218    0.31762257
T13            0.34301793    0.29130399    0.22833330    0.22076028    0.28859933    0.28931520    0.26794560    0.27696466    0.27977137    0.17270962    0.17270962    0.17293717    0.18131478    0.08540866    0.00000000    0.18577582    0.19684193    0.19353898    0.19127812    0.18353527    0.23215620    0.22658409    0.32204376    0.33292719
T22            0.32251834    0.23215620    0.18627888    0.19018096    0.26619686    0.26380667    0.24310908    0.25184580    0.25455741    0.20190798    0.20190798    0.18379247    0.18627888    0.12228900    0.18577582    0.00000000    0.01620853    0.01413403    0.01617916    0.02648552    0.06492951    0.05399407    0.33326777    0.33625260
T1             0.33644575    0.24110128    0.19740712    0.20149961    0.27562100    0.27323109    0.25218982    0.26106662    0.26380667    0.21329019    0.21329019    0.19209221    0.19740712    0.13214983    0.19684193    0.01620853    0.00000000    0.01007295    0.02029482    0.03067031    0.06938567    0.06276916    0.34775425    0.35079175
T0             0.33191781    0.23745455    0.19405225    0.19800845    0.27487305    0.27245975    0.25151214    0.26035283    0.26309472    0.20984787    0.20984787    0.18877407    0.19405225    0.12939698    0.19353898    0.01413403    0.01007295    0.00000000    0.01822005    0.02854316    0.07150408    0.06487867    0.34285778    0.34588021
T3             0.33541156    0.24043610    0.19684193    0.20084599    0.27323109    0.27086402    0.24984464    0.25871050    0.26143933    0.20756655    0.20756655    0.18877407    0.19405225    0.12719499    0.19127812    0.01617916    0.02029482    0.01822005    0.00000000    0.03063112    0.07374717    0.06709679    0.34649227    0.34952795
T2             0.32943333    0.23810169    0.19181190    0.19580811    0.26931845    0.26692835    0.24611762    0.25490046    0.25762144    0.20246864    0.20246864    0.18105637    0.18627888    0.12473595    0.18353527    0.02648552    0.03067031    0.02854316    0.03063112    0.00000000    0.06715260    0.05617338    0.33685005    0.33625260
T5             0.37620538    0.25390266    0.21816107    0.22233512    0.28895155    0.29292315    0.27138424    0.28047118    0.28328678    0.25254417    0.25254417    0.22789408    0.23051607    0.16943038    0.23215620    0.06492951    0.06938567    0.07150408    0.07374717    0.06715260    0.00000000    0.02650597    0.38460605    0.38004357
T6             0.36562287    0.24817132    0.21557136    0.21974087    0.28611354    0.28365246    0.26550828    0.27451552    0.27731010    0.24144894    0.24144894    0.21940591    0.22200100    0.15655480    0.22658409    0.05399407    0.06276916    0.06487867    0.06709679    0.05617338    0.02650597    0.00000000    0.37374310    0.36928506
T8             0.12548579    0.33752992    0.28980073    0.28841012    0.35632960    0.35632960    0.33491325    0.34143946    0.34447232    0.33395430    0.32706379    0.34715320    0.33698160    0.30696218    0.32204376    0.33326777    0.34775425    0.34285778    0.34649227    0.33685005    0.38460605    0.37374310    0.00000000    0.03289671
T4             0.13533023    0.35626448    0.30703360    0.30236847    0.37176823    0.36428130    0.34963712    0.35999034    0.36308841    0.34751791    0.34045641    0.36118218    0.35077417    0.31762257    0.33292719    0.33625260    0.35079175    0.34588021    0.34952795    0.33625260    0.38004357    0.36928506    0.03289671    0.00000000

