24
T23            0.00000000    0.28843133    0.27865663    0.20391941    0.22031207    0.16532286    0.26990311    0.18252612    0.18523676    0.14471186    0.19070256    0.19070256    0.18844026    0.16225691    0.18523676    0.18274587    0.11052707    0.17532573    0.13418345    0.14691441    0.13695942    0.14272143    0.10893674    0.12793724
T18            0.28843133    0.00000000    0.05001443    0.29846127    0.31795959    0.24592695    0.37743726    0.29667800    0.29413990    0.25505982    0.29030629    0.29030629    0.27218553    0.26996258    0.27961240    0.28242841    0.24100054    0.31154545    0.26537698    0.26259844    0.26282575    0.27865663    0.23564854    0.26503640
T9             0.27865663    0.05001443    0.00000000    0.30213259    0.32180845    0.24910569    0.37335243    0.30278946    0.30023842    0.25480535    0.29000480    0.29000480    0.27246263    0.26967289    0.27615662    0.27896407    0.22919436    0.30474422    0.25625815    0.25350386    0.25664439    0.26912649    0.22107198    0.25259673
T4             0.20391941    0.29846127    0.30213259    0.00000000    0.08341982    0.10250845    0.33894835    0.24852264    0.25471695    0.19200231    0.24240419    0.24240419    0.23109234    0.22255389    0.22221351    0.21962041    0.18730023    0.24240419    0.19396654    0.19702826    0.19731272    0.22104104    0.18295296    0.19920660
T15            0.22031207    0.31795959    0.32180845    0.08341982    0.00000000    0.10926362    0.34080747    0.25742156    0.25351182    0.20237231    0.25351182    0.25351182    0.24507078    0.23038759    0.23600403    0.23336475    0.20550537    0.27151819    0.21518125    0.21260091    0.21865326    0.24318168    0.20172678    0.22739176
T2             0.16532286    0.24592695    0.24910569    0.10250845    0.10926362    0.00000000    0.27824105    0.19094469    0.19423423    0.14930038    0.18231521    0.18231521    0.18274587    0.16956589    0.18004256    0.17756775    0.13931805    0.20665605    0.16135472    0.16937325    0.16430165    0.18345788    0.14292226    0.16071605
T12            0.26990311    0.37743726    0.37335243    0.33894835    0.34080747    0.27824105    0.00000000    0.21834971    0.21260091    0.16430165    0.22009648    0.22009648    0.22065368    0.20336708    0.22355307    0.21232332    0.24207099    0.27647652    0.24100054    0.25618372    0.24151535    0.25345977    0.22616910    0.24934820
T13            0.18252612    0.29667800    0.30278946    0.24852264    0.25742156    0.19094469    0.21834971    0.00000000    0.07832656    0.10134103    0.13931805    0.13931805    0.13211463    0.13695942    0.14984105    0.14234371    0.17467942    0.21107679    0.18692355    0.20360207    0.19003003    0.19598040    0.16004466    0.17286964
T10            0.18523676    0.29413990    0.30023842    0.25471695    0.25351182    0.19423423    0.21260091    0.07832656    0.00000000    0.09897668    0.14436944    0.14436944    0.14216687    0.13695942    0.14984105    0.14234371    0.16937325    0.20872940    0.17924566    0.19804512    0.18731203    0.19598040    0.15482163    0.17019525
T22            0.14471186    0.25505982    0.25480535    0.19200231    0.20237231    0.14930038    0.16430165    0.10134103    0.09897668    0.00000000    0.10610357    0.10610357    0.09921345    0.08954409    0.09897668    0.09204823    0.12458073    0.17676441    0.13866792    0.15393669    0.14140392    0.15186495    0.10359805    0.12021391
T0             0.19070256    0.29030629    0.29000480    0.24240419    0.25351182    0.18231521    0.22009648    0.13931805    0.14436944    0.10610357    0.00000000    0.00000000    0.06944421    0.11752089    0.12744952    0.12266525    0.16674115    0.21957772    0.18156049    0.19804512    0.18460874    0.19046939    0.15262879    0.17286964
T21            0.19070256    0.29030629    0.29000480    0.24240419    0.25351182    0.18231521    0.22009648    0.13931805    0.14436944    0.10610357    0.00000000    0.00000000    0.06944421    0.11752089    0.12744952    0.12266525    0.16674115    0.21957772    0.18156049    0.19804512    0.18460874    0.19046939    0.15262879    0.17286964
T8             0.18844026    0.27218553    0.27246263    0.23109234    0.24507078    0.18274587    0.22065368    0.13211463    0.14216687    0.09921345    0.06944421    0.06944421    0.00000000    0.10575319    0.11064782    0.10597930    0.15926598    0.21723037    0.17393953    0.18480916    0.17695210    0.18819677    0.14528602    0.16267679
T11            0.16225691    0.26996258    0.26967289    0.22255389    0.23038759    0.16956589    0.20336708    0.13695942    0.13695942    0.08954409    0.11752089    0.11752089    0.10575319    0.00000000    0.04554134    0.04128520    0.13653945    0.19507767    0.16105342    0.17429198    0.16135472    0.17756775    0.13493216    0.14984105
T17            0.18523676    0.27961240    0.27615662    0.22221351    0.23600403    0.18004256    0.22355307    0.14984105    0.14984105    0.09897668    0.12744952    0.12744952    0.11064782    0.04554134    0.00000000    0.01619024    0.15153248    0.21389439    0.17362232    0.18211316    0.16379092    0.19321729    0.14708807    0.15703391
T7             0.18274587    0.28242841    0.27896407    0.21962041    0.23336475    0.17756775    0.21232332    0.14234371    0.14234371    0.09204823    0.12266525    0.12266525    0.10597930    0.04128520    0.01619024    0.00000000    0.15137871    0.21413273    0.16853991    0.17695210    0.15877028    0.18796218    0.14471186    0.15462805
T1             0.11052707    0.24100054    0.22919436    0.18730023    0.20550537    0.13931805    0.24207099    0.17467942    0.16937325    0.12458073    0.16674115    0.16674115    0.15926598    0.13653945    0.15153248    0.15137871    0.00000000    0.11777453    0.07818647    0.08740735    0.08060467    0.08771279    0.08539235    0.09897668
T20            0.17532573    0.31154545    0.30474422    0.24240419    0.27151819    0.20665605    0.27647652    0.21107679    0.20872940    0.17676441    0.21957772    0.21957772    0.21723037    0.19507767    0.21389439    0.21413273    0.11777453    0.00000000    0.11030833    0.12716336    0.11510512    0.12051017    0.13727950    0.15186495
T6             0.13418345    0.26537698    0.25625815    0.19396654    0.21518125    0.16135472    0.24100054    0.18692355    0.17924566    0.13866792    0.18156049    0.18156049    0.17393953    0.16105342    0.17362232    0.16853991    0.07818647    0.11030833    0.00000000    0.05194609    0.03906909    0.07368160    0.09642720    0.11021040
T16            0.14691441    0.26259844    0.25350386    0.19702826    0.21260091    0.16937325    0.25618372    0.20360207    0.19804512    0.15393669    0.19804512    0.19804512    0.18480916    0.17429198    0.18211316    0.17695210    0.08740735    0.12716336    0.05194609    0.00000000    0.02866524    0.08510298    0.11077612    0.11994840
T14            0.13695942    0.26282575    0.25664439    0.19731272    0.21865326    0.16430165    0.24151535    0.19003003    0.18731203    0.14140392    0.18460874    0.18460874    0.17695210    0.16135472    0.16379092    0.15877028    0.08060467    0.11510512    0.03906909    0.02866524    0.00000000    0.07380128    0.09897668    0.11281228
T19            0.14272143    0.27865663    0.26912649    0.22104104    0.24318168    0.18345788    0.25345977    0.19598040    0.19598040    0.15186495    0.19046939    0.19046939    0.18819677    0.17756775    0.19321729    0.18796218    0.08771279    0.12051017    0.07368160    0.08510298    0.07380128    0.00000000    0.11363950    0.12776690
T3             0.10893674    0.23564854    0.22107198    0.18295296    0.20172678    0.14292226    0.22616910    0.16004466    0.15482163    0.10359805    0.15262879    0.15262879    0.14528602    0.13493216    0.14708807    0.14471186    0.08539235    0.13727950    0.09642720    0.11077612    0.09897668    0.11363950    0.00000000    0.03701148
T5             0.12793724    0.26503640    0.25259673    0.19920660    0.22739176    0.16071605    0.24934820    0.17286964    0.17019525    0.12021391    0.17286964    0.17286964    0.16267679    0.14984105    0.15703391    0.15462805    0.09897668    0.15186495    0.11021040    0.11994840    0.11281228    0.12776690    0.03701148    0.00000000

