24
T10            0.00000000    0.27057369    0.29521055    0.32426570    0.30914389    0.30525982    0.36645105    0.38023055    0.33317162    0.33593959    0.32884494    0.35784866    0.27544602    0.27544602    0.29028243    0.29679884    0.27229069    0.28142188    0.30766432    0.26535882    0.26845548    0.26676208    0.25376600    0.29394480
T22            0.27057369    0.00000000    0.02034020    0.23038199    0.20835833    0.20409739    0.22909044    0.24934350    0.20360053    0.21864893    0.21575820    0.23635347    0.19094213    0.19094213    0.19345568    0.19622621    0.18546178    0.18523506    0.20592676    0.18460830    0.18731139    0.20155021    0.21179454    0.21463594
T0             0.29521055    0.02034020    0.00000000    0.23565284    0.21928333    0.21205283    0.24030523    0.26090737    0.22009438    0.22971684    0.22677508    0.24166019    0.19597822    0.19597822    0.19850983    0.20691477    0.18501722    0.19024391    0.20548897    0.20058780    0.20336601    0.21805228    0.22559547    0.23142752
T7             0.32426570    0.23038199    0.23565284    0.00000000    0.03497052    0.04753570    0.18072959    0.20236831    0.14453539    0.15023984    0.14508452    0.16603282    0.16871420    0.16871420    0.17657068    0.17930337    0.15854816    0.16095285    0.18921986    0.22846626    0.23445566    0.24051771    0.25120040    0.26054872
T20            0.30914389    0.20835833    0.21928333    0.03497052    0.00000000    0.03697542    0.17359366    0.19508589    0.13259114    0.14334473    0.13821583    0.15376320    0.15376320    0.15376320    0.15879753    0.16145751    0.14639907    0.14876464    0.18149658    0.20933454    0.21808290    0.22400140    0.23747749    0.23747749
T3             0.30525982    0.20409739    0.21205283    0.04753570    0.03697542    0.00000000    0.16186958    0.18274398    0.12690867    0.13226508    0.12730176    0.13980372    0.14234208    0.14234208    0.14983922    0.15242352    0.13259114    0.14252666    0.16956464    0.20208649    0.21061094    0.21637578    0.22448103    0.23267603
T1             0.36645105    0.22909044    0.24030523    0.18072959    0.17359366    0.16186958    0.00000000    0.06944404    0.13418341    0.14471036    0.13963360    0.16554940    0.17264198    0.17264198    0.18049129    0.18320910    0.17310076    0.17555566    0.21749359    0.25275344    0.26204378    0.25971771    0.27151010    0.28676534
T14            0.38023055    0.24934350    0.26090737    0.20236831    0.19508589    0.18274398    0.06944404    0.00000000    0.16186958    0.16997493    0.16468317    0.18895025    0.19119278    0.19119278    0.20208649    0.20208649    0.19450679    0.17778818    0.24030523    0.27068266    0.27705376    0.27151010    0.28676534    0.28913559
T23            0.33317162    0.20360053    0.22009438    0.14453539    0.13259114    0.12690867    0.13418341    0.16186958    0.00000000    0.09652140    0.10122766    0.11805760    0.14453539    0.14453539    0.15462650    0.15462650    0.14489341    0.14726821    0.17714749    0.21288411    0.22155647    0.23038199    0.23267603    0.23864749
T18            0.33593959    0.21864893    0.22971684    0.15023984    0.14334473    0.13226508    0.14471036    0.16997493    0.09652140    0.00000000    0.00806473    0.10158803    0.15544891    0.15544891    0.16048109    0.16312697    0.15067288    0.15305684    0.18320910    0.24278046    0.25201366    0.25600258    0.25512970    0.26687952
T11            0.32884494    0.21575820    0.22677508    0.14508452    0.13821583    0.12730176    0.13963360    0.16468317    0.10122766    0.00806473    0.00000000    0.09684828    0.15023984    0.15023984    0.15523099    0.15784915    0.14549081    0.14786131    0.17778818    0.23671842    0.24583928    0.24975094    0.25512970    0.26054872
T2             0.35784866    0.23635347    0.24166019    0.16603282    0.15376320    0.13980372    0.16554940    0.18895025    0.11805760    0.10158803    0.09684828    0.00000000    0.16871420    0.16871420    0.17930337    0.18205109    0.16924538    0.16897562    0.17876390    0.24278046    0.25201366    0.26874550    0.27424531    0.26370410
T6             0.27544602    0.19094213    0.19597822    0.16871420    0.15376320    0.14234208    0.17264198    0.19119278    0.14453539    0.15544891    0.15023984    0.16871420    0.00000000    0.00000000    0.03485672    0.04123995    0.03902079    0.08972204    0.15926509    0.21031406    0.21896142    0.21961464    0.22709413    0.23900193
T9             0.27544602    0.19094213    0.19597822    0.16871420    0.15376320    0.14234208    0.17264198    0.19119278    0.14453539    0.15544891    0.15023984    0.16871420    0.00000000    0.00000000    0.03485672    0.04123995    0.03902079    0.08972204    0.15926509    0.21031406    0.21896142    0.21961464    0.22709413    0.23900193
T13            0.29028243    0.19345568    0.19850983    0.17657068    0.15879753    0.14983922    0.18049129    0.20208649    0.15462650    0.16048109    0.15523099    0.17930337    0.03485672    0.03485672    0.00000000    0.01007277    0.04538971    0.09662303    0.16692577    0.21002644    0.21864893    0.21928333    0.22677508    0.24166019
T8             0.29679884    0.19622621    0.20691477    0.17930337    0.16145751    0.15242352    0.18320910    0.20208649    0.15462650    0.16312697    0.15784915    0.18205109    0.04123995    0.04123995    0.01007277    0.00000000    0.05185551    0.10371589    0.17488455    0.21002644    0.21864893    0.21637578    0.22971684    0.24469117
T5             0.27229069    0.18546178    0.18501722    0.15854816    0.14639907    0.13259114    0.17310076    0.19450679    0.14489341    0.15067288    0.14549081    0.16924538    0.03902079    0.03902079    0.04538971    0.05185551    0.00000000    0.08528822    0.15703251    0.19396332    0.20236831    0.20580872    0.21317992    0.22481060
T17            0.28142188    0.18523506    0.19024391    0.16095285    0.14876464    0.14252666    0.17555566    0.17778818    0.14726821    0.15305684    0.14786131    0.16897562    0.08972204    0.08972204    0.09662303    0.10371589    0.08528822    0.00000000    0.14659119    0.19927701    0.20775327    0.20835833    0.22742280    0.22742280
T4             0.30766432    0.20592676    0.20548897    0.18921986    0.18149658    0.16956464    0.21749359    0.24030523    0.17714749    0.18320910    0.17778818    0.17876390    0.15926509    0.15926509    0.16692577    0.17488455    0.15703251    0.14659119    0.00000000    0.21463594    0.22036767    0.22971684    0.24329986    0.24096282
T15            0.26535882    0.18460830    0.20058780    0.22846626    0.20933454    0.20208649    0.25275344    0.27068266    0.21288411    0.24278046    0.23671842    0.24278046    0.21031406    0.21031406    0.21002644    0.21002644    0.19396332    0.19927701    0.21463594    0.00000000    0.00603631    0.11091087    0.12993014    0.13744989
T16            0.26845548    0.18731139    0.20336601    0.23445566    0.21808290    0.21061094    0.26204378    0.27705376    0.22155647    0.25201366    0.24583928    0.25201366    0.21896142    0.21896142    0.21864893    0.21864893    0.20236831    0.20775327    0.22036767    0.00603631    0.00000000    0.11821095    0.13744989    0.13998183
T19            0.26676208    0.20155021    0.21805228    0.24051771    0.22400140    0.21637578    0.25971771    0.27151010    0.23038199    0.25600258    0.24975094    0.26874550    0.21961464    0.21961464    0.21928333    0.21637578    0.20580872    0.20835833    0.22971684    0.11091087    0.11821095    0.00000000    0.09662303    0.11120456
T21            0.25376600    0.21179454    0.22559547    0.25120040    0.23747749    0.22448103    0.27151010    0.28676534    0.23267603    0.25512970    0.25512970    0.27424531    0.22709413    0.22709413    0.22677508    0.22971684    0.21317992    0.22742280    0.24329986    0.12993014    0.13744989    0.09662303    0.00000000    0.11791187
T12            0.29394480    0.21463594    0.23142752    0.26054872    0.23747749    0.23267603    0.28676534    0.28913559    0.23864749    0.26687952    0.26054872    0.26370410    0.23900193    0.23900193    0.24166019    0.24469117    0.22481060    0.22742280    0.24096282    0.13744989    0.13998183    0.11120456    0.11791187    0.00000000

