24
T14            0.00000000    0.30134616    0.29736311    0.30134616    0.37157244    0.34827651    0.31670059    0.28594939    0.32982300    0.31925212    0.30213825    0.29885824    0.32524069    0.30462616    0.25016221    0.25260166    0.26166815    0.30184132    0.36680657    0.25862767    0.26442407    0.25589164    0.26661976    0.26719075
T7             0.30134616    0.00000000    0.02857223    0.03284749    0.19731431    0.16555348    0.12435505    0.12252347    0.18982642    0.16379295    0.14947364    0.13931926    0.15223160    0.15204482    0.15204482    0.15426717    0.15944954    0.21673122    0.26834555    0.15462930    0.16225828    0.15742748    0.17264566    0.16775613
T16            0.29736311    0.02857223    0.00000000    0.01210947    0.19955645    0.16510302    0.12415997    0.12226166    0.18944169    0.16349571    0.14913800    0.13903499    0.15703526    0.15169600    0.14913800    0.15138035    0.15650950    0.21910122    0.25818772    0.15169600    0.15409858    0.14930171    0.16956759    0.16468624
T8             0.30134616    0.03284749    0.01210947    0.00000000    0.20296567    0.16822076    0.12679440    0.12498084    0.19255183    0.16120181    0.14947364    0.13931926    0.15742748    0.15204482    0.14691563    0.14913800    0.15426717    0.21673122    0.24970303    0.14947364    0.15186628    0.14708921    0.16997841    0.16246393
T19            0.37157244    0.19731431    0.19955645    0.20296567    0.00000000    0.08099089    0.16412464    0.15204482    0.26055753    0.23733496    0.21490753    0.21490753    0.24166873    0.22355573    0.22776900    0.23005209    0.23302042    0.29572951    0.31155149    0.22481819    0.23336707    0.23109440    0.24737741    0.23974966
T2             0.34827651    0.16555348    0.16510302    0.16822076    0.08099089    0.00000000    0.12949655    0.12281628    0.23114541    0.22037308    0.19070456    0.18523874    0.21061731    0.19346006    0.19451242    0.19675458    0.20237413    0.27069298    0.27706498    0.19172616    0.19983972    0.19760761    0.22188471    0.20581551
T5             0.31670059    0.12435505    0.12415997    0.12679440    0.16412464    0.12949655    0.00000000    0.06271003    0.19977600    0.17874395    0.14822495    0.14572460    0.16105558    0.15580198    0.16120181    0.16869148    0.17394186    0.23808041    0.27193396    0.16639761    0.17448328    0.17183021    0.18231730    0.17735563
T4             0.28594939    0.12252347    0.12226166    0.12498084    0.15204482    0.12281628    0.06271003    0.00000000    0.17610493    0.16120181    0.14354013    0.13856426    0.15892883    0.14856605    0.15426717    0.15909395    0.16430333    0.22769970    0.25818772    0.15944954    0.16712265    0.16225828    0.17715052    0.16997841
T20            0.32982300    0.18982642    0.18944169    0.19255183    0.26055753    0.23114541    0.19977600    0.17610493    0.00000000    0.12435505    0.13431843    0.12203107    0.14199920    0.12446448    0.19851409    0.20360464    0.20922412    0.25922874    0.27863102    0.19804767    0.20665850    0.20155505    0.21723330    0.20640648
T0             0.31925212    0.16379295    0.16349571    0.16120181    0.23733496    0.22037308    0.17874395    0.16120181    0.12435505    0.00000000    0.11994930    0.10319929    0.12252347    0.11030922    0.15635104    0.16120181    0.16379295    0.22697972    0.25171008    0.15892883    0.17183021    0.16692852    0.18461111    0.17962854
T15            0.30213825    0.14947364    0.14913800    0.14947364    0.21490753    0.19070456    0.14822495    0.14354013    0.13431843    0.11994930    0.00000000    0.07380165    0.08993000    0.08519268    0.14471290    0.15426717    0.15944954    0.22244708    0.26518975    0.15426717    0.15703526    0.15223160    0.16732531    0.16468624
T13            0.29885824    0.13931926    0.13903499    0.13931926    0.21490753    0.18523874    0.14572460    0.13856426    0.12203107    0.10319929    0.07380165    0.00000000    0.03502156    0.03488832    0.13931926    0.14406096    0.14913800    0.19722548    0.23468198    0.14406096    0.15186628    0.14708921    0.16468624    0.15462930
T18            0.32524069    0.15223160    0.15703526    0.15742748    0.24166873    0.21061731    0.16105558    0.15892883    0.14199920    0.12252347    0.08993000    0.03502156    0.00000000    0.05001449    0.16267797    0.16753648    0.17287104    0.22560073    0.26559967    0.16753648    0.17580104    0.17090236    0.18922526    0.18371416
T1             0.30462616    0.15204482    0.15169600    0.15204482    0.22355573    0.19346006    0.15580198    0.14856605    0.12446448    0.11030922    0.08519268    0.03488832    0.05001449    0.00000000    0.15462930    0.15944954    0.16468624    0.21673122    0.24063632    0.15685163    0.16489041    0.16004583    0.17802328    0.16732531
T23            0.25016221    0.15204482    0.14913800    0.14691563    0.22776900    0.19451242    0.16120181    0.15426717    0.19851409    0.15635104    0.14471290    0.13931926    0.16267797    0.15462930    0.00000000    0.02029413    0.02444363    0.10112322    0.16822076    0.08539265    0.07859004    0.07650672    0.09684950    0.08771309
T22            0.25260166    0.15426717    0.15138035    0.14913800    0.23005209    0.19675458    0.16869148    0.15909395    0.20360464    0.16120181    0.15426717    0.14406096    0.16753648    0.15944954    0.02029413    0.00000000    0.00804436    0.10565220    0.16775613    0.08519268    0.07840759    0.07630671    0.09662399    0.08750239
T10            0.26166815    0.15944954    0.15650950    0.15426717    0.23302042    0.20237413    0.17394186    0.16430333    0.20922412    0.16379295    0.15944954    0.14913800    0.17287104    0.16468624    0.02444363    0.00804436    0.00000000    0.11041471    0.17310498    0.08982282    0.07840759    0.08088385    0.10134156    0.09215409
T6             0.30184132    0.21673122    0.21910122    0.21673122    0.29572951    0.27069298    0.23808041    0.22769970    0.25922874    0.22697972    0.22244708    0.19722548    0.22560073    0.21673122    0.10112322    0.10565220    0.11041471    0.00000000    0.21777366    0.14406096    0.14421172    0.13947351    0.16430333    0.15685163
T9             0.36680657    0.26834555    0.25818772    0.24970303    0.31155149    0.27706498    0.27193396    0.25818772    0.27863102    0.25171008    0.26518975    0.23468198    0.26559967    0.24063632    0.16822076    0.16775613    0.17310498    0.21777366    0.00000000    0.12252347    0.13259349    0.12793788    0.14216791    0.13745235
T21            0.25862767    0.15462930    0.15169600    0.14947364    0.22481819    0.19172616    0.16639761    0.15944954    0.19804767    0.15892883    0.15426717    0.14406096    0.16753648    0.15685163    0.08539265    0.08519268    0.08982282    0.14406096    0.12252347    0.00000000    0.04545231    0.04124012    0.06055474    0.05189758
T17            0.26442407    0.16225828    0.15409858    0.15186628    0.23336707    0.19983972    0.17448328    0.16712265    0.20665850    0.17183021    0.15703526    0.15186628    0.17580104    0.16489041    0.07859004    0.07840759    0.07840759    0.14421172    0.13259349    0.04545231    0.00000000    0.00804436    0.04760759    0.03910327
T3             0.25589164    0.15742748    0.14930171    0.14708921    0.23109440    0.19760761    0.17183021    0.16225828    0.20155505    0.16692852    0.15223160    0.14708921    0.17090236    0.16004583    0.07650672    0.07630671    0.08088385    0.13947351    0.12793788    0.04124012    0.00804436    0.00000000    0.04338615    0.03492630
T12            0.26661976    0.17264566    0.16956759    0.16997841    0.24737741    0.22188471    0.18231730    0.17715052    0.21723330    0.18461111    0.16732531    0.16468624    0.18922526    0.17802328    0.09684950    0.09662399    0.10134156    0.16430333    0.14216791    0.06055474    0.04760759    0.04338615    0.00000000    0.05407635
T11            0.26719075    0.16775613    0.16468624    0.16246393    0.23974966    0.20581551    0.17735563    0.16997841    0.20640648    0.17962854    0.16468624    0.15462930    0.18371416    0.16732531    0.08771309    0.08750239    0.09215409    0.15685163    0.13745235    0.05189758    0.03910327    0.03492630    0.05407635    0.00000000

