24
T14            0.00000000    0.23470827    0.18753601    0.21466066    0.18658391    0.22771901    0.21132702    0.22508794    0.34987321    0.31421768    0.22619599    0.22619599    0.22328706    0.21549257    0.21959955    0.21959955    0.20924312    0.23175634    0.25894830    0.24478379    0.16755030    0.15445449    0.20412133    0.19048722
T9             0.23470827    0.00000000    0.12529385    0.13764238    0.13728937    0.17852956    0.16580757    0.17828014    0.36063840    0.34529451    0.25085534    0.25085534    0.24473408    0.24816928    0.24066503    0.24066503    0.23603784    0.24134599    0.27033295    0.24601645    0.29771973    0.26573200    0.30063483    0.29131755
T21            0.18753601    0.12529385    0.00000000    0.06714635    0.10813959    0.14728155    0.13764238    0.15483463    0.32986925    0.30506836    0.20721159    0.20721159    0.20438498    0.21034335    0.20924312    0.20924312    0.20465785    0.21549257    0.24269683    0.22300391    0.24870729    0.22797994    0.27651094    0.25894830
T8             0.21466066    0.13764238    0.06714635    0.00000000    0.10349171    0.15786687    0.14293509    0.16291508    0.32095833    0.29643622    0.21034335    0.21034335    0.20749250    0.21351718    0.21520580    0.21520580    0.21064168    0.21868090    0.24903988    0.22912197    0.25445013    0.23647125    0.29202670    0.26783303
T19            0.18658391    0.13728937    0.10813959    0.10349171    0.00000000    0.13197887    0.11281784    0.13184278    0.30607710    0.27587966    0.17908113    0.17908113    0.17908113    0.18193396    0.17626562    0.18157306    0.17430518    0.18193396    0.21911762    0.19742969    0.23061940    0.21628312    0.26333899    0.23991227
T1             0.22771901    0.17852956    0.14728155    0.15786687    0.13197887    0.00000000    0.04349341    0.06296267    0.33502085    0.29704932    0.22562246    0.22562246    0.22273043    0.22012021    0.23116812    0.23116812    0.22943191    0.23834070    0.26573200    0.25140831    0.28710329    0.27126596    0.32140554    0.29452536
T20            0.21132702    0.16580757    0.13764238    0.14293509    0.11281784    0.04349341    0.00000000    0.04776652    0.32943611    0.29166641    0.21492849    0.21492849    0.21207771    0.20950416    0.21751959    0.21751959    0.21291330    0.22451593    0.25445013    0.24033951    0.26607945    0.25379946    0.31088119    0.28846885
T15            0.22508794    0.17828014    0.15483463    0.16291508    0.13184278    0.06296267    0.04776652    0.00000000    0.34236742    0.30063483    0.23705454    0.23705454    0.23410265    0.23145730    0.23736117    0.23736117    0.23502591    0.24704754    0.27233465    0.25717071    0.28428094    0.27474874    0.32348197    0.30063483
T2             0.34987321    0.36063840    0.32986925    0.32095833    0.30607710    0.33502085    0.32943611    0.34236742    0.00000000    0.05632432    0.20950416    0.20950416    0.20386693    0.20642454    0.29563750    0.29563750    0.28352089    0.31552642    0.35609891    0.32645288    0.41072175    0.39513534    0.45075204    0.42549837
T4             0.31421768    0.34529451    0.30506836    0.29643622    0.27587966    0.29704932    0.29166641    0.30063483    0.05632432    0.00000000    0.17758383    0.17758383    0.16693998    0.17469402    0.27511489    0.27511489    0.26024058    0.29115605    0.31645840    0.29850493    0.35702414    0.35343587    0.41735270    0.39341059
T22            0.22619599    0.25085534    0.20721159    0.21034335    0.17908113    0.22562246    0.21492849    0.23705454    0.20950416    0.17758383    0.00000000    0.00000000    0.02653172    0.03492692    0.17021121    0.16490350    0.15786687    0.18152142    0.21965122    0.19372817    0.27627839    0.26058997    0.30506836    0.28352089
T16            0.22619599    0.25085534    0.20721159    0.21034335    0.17908113    0.22562246    0.21492849    0.23705454    0.20950416    0.17758383    0.00000000    0.00000000    0.02653172    0.03492692    0.17021121    0.16490350    0.15786687    0.18152142    0.21965122    0.19372817    0.27627839    0.26058997    0.30506836    0.28352089
T6             0.22328706    0.24473408    0.20438498    0.20749250    0.17908113    0.22273043    0.21207771    0.23410265    0.20386693    0.16693998    0.02653172    0.02653172    0.00000000    0.03280808    0.16755030    0.16227066    0.16049975    0.18427030    0.21965122    0.19650758    0.26680628    0.25445013    0.31171927    0.28993678
T13            0.21549257    0.24816928    0.21034335    0.21351718    0.18193396    0.22012021    0.20950416    0.23145730    0.20642454    0.17469402    0.03492692    0.03492692    0.03280808    0.00000000    0.17312116    0.17312116    0.16338644    0.19011114    0.21126611    0.18845966    0.26797596    0.25243384    0.30634690    0.28467759
T0             0.21959955    0.24066503    0.20924312    0.21520580    0.17626562    0.23116812    0.21751959    0.23736117    0.29563750    0.27511489    0.17021121    0.17021121    0.16755030    0.17312116    0.00000000    0.00603636    0.04120203    0.05407737    0.11270613    0.09177870    0.25047552    0.22987091    0.30217946    0.27126596
T18            0.21959955    0.24066503    0.20924312    0.21520580    0.18157306    0.23116812    0.21751959    0.23736117    0.29563750    0.27511489    0.16490350    0.16490350    0.16227066    0.17312116    0.00603636    0.00000000    0.03906963    0.05407737    0.11752685    0.09643097    0.25047552    0.22987091    0.29889776    0.27439348
T10            0.20924312    0.23603784    0.20465785    0.21064168    0.17430518    0.22943191    0.21291330    0.23502591    0.28352089    0.26024058    0.15786687    0.15786687    0.16049975    0.16338644    0.04120203    0.03906963    0.00000000    0.04559702    0.11319871    0.08289640    0.23381472    0.21935373    0.28918019    0.26199933
T3             0.23175634    0.24134599    0.21549257    0.21868090    0.18193396    0.23834070    0.22451593    0.24704754    0.31552642    0.29115605    0.18152142    0.18152142    0.18427030    0.19011114    0.05407737    0.05407737    0.04559702    0.00000000    0.11535340    0.10372217    0.25717071    0.24807280    0.31129430    0.29278148
T12            0.25894830    0.27033295    0.24269683    0.24903988    0.21911762    0.26573200    0.25445013    0.27233465    0.35609891    0.31645840    0.21965122    0.21965122    0.21965122    0.21126611    0.11270613    0.11752685    0.11319871    0.11535340    0.00000000    0.06492378    0.29239840    0.27964823    0.36374638    0.33243174
T23            0.24478379    0.24601645    0.22300391    0.22912197    0.19742969    0.25140831    0.24033951    0.25717071    0.32645288    0.29850493    0.19372817    0.19372817    0.19650758    0.18845966    0.09177870    0.09643097    0.08289640    0.10372217    0.06492378    0.00000000    0.28315755    0.26444918    0.33587161    0.30607710
T5             0.16755030    0.29771973    0.24870729    0.25445013    0.23061940    0.28710329    0.26607945    0.28428094    0.41072175    0.35702414    0.27627839    0.27627839    0.26680628    0.26797596    0.25047552    0.25047552    0.23381472    0.25717071    0.29239840    0.28315755    0.00000000    0.12529385    0.22680831    0.20083469
T11            0.15445449    0.26573200    0.22797994    0.23647125    0.21628312    0.27126596    0.25379946    0.27474874    0.39513534    0.35343587    0.26058997    0.26058997    0.25445013    0.25243384    0.22987091    0.22987091    0.21935373    0.24807280    0.27964823    0.26444918    0.12529385    0.00000000    0.21234684    0.17412390
T17            0.20412133    0.30063483    0.27651094    0.29202670    0.26333899    0.32140554    0.31088119    0.32348197    0.45075204    0.41735270    0.30506836    0.30506836    0.31171927    0.30634690    0.30217946    0.29889776    0.28918019    0.31129430    0.36374638    0.33587161    0.22680831    0.21234684    0.00000000    0.06714635
T7             0.19048722    0.29131755    0.25894830    0.26783303    0.23991227    0.29452536    0.28846885    0.30063483    0.42549837    0.39341059    0.28352089    0.28352089    0.28993678    0.28467759    0.27126596    0.27439348    0.26199933    0.29278148    0.33243174    0.30607710    0.20083469    0.17412390    0.06714635    0.00000000

