24
T8             0.00000000    0.30389284    0.24937786    0.27198740    0.26967347    0.26923160    0.22797832    0.22746735    0.23592724    0.22852872    0.27432304    0.25976039    0.24066067    0.26023668    0.25989838    0.19957403    0.20157152    0.18753476    0.16999010    0.15984921    0.17716196    0.20157152    0.17469262    0.17780494
T17            0.30389284    0.00000000    0.12174796    0.13891097    0.13667888    0.13654673    0.20491757    0.20732152    0.22964215    0.31388999    0.34496770    0.32821078    0.33160337    0.33384109    0.34372148    0.25562783    0.26692341    0.31557862    0.29488214    0.28150919    0.27731757    0.32186611    0.28946943    0.30282773
T10            0.24937786    0.12174796    0.00000000    0.04343673    0.04139603    0.04133775    0.15170425    0.15910277    0.18276079    0.24666719    0.29971220    0.28389101    0.28389101    0.29488214    0.28881648    0.20157152    0.21779267    0.26264012    0.24634557    0.22852872    0.23619325    0.26919288    0.24478208    0.24537691
T16            0.27198740    0.13891097    0.04343673    0.00000000    0.02034049    0.02031424    0.16776823    0.17265791    0.19704742    0.26539244    0.31742807    0.30102630    0.30772110    0.31214995    0.30258918    0.22814235    0.24510186    0.29201698    0.26880020    0.25625106    0.26405252    0.29246745    0.27627198    0.27390300
T20            0.26967347    0.13667888    0.04139603    0.02034049    0.00000000    0.00401105    0.17361273    0.17852620    0.20329529    0.27548676    0.31845315    0.30195945    0.30869952    0.31305743    0.30345278    0.22886899    0.23977788    0.28311677    0.26967347    0.25704484    0.26482192    0.29340178    0.27710036    0.27475374
T7             0.26923160    0.13654673    0.04133775    0.02031424    0.00401105    0.00000000    0.17336122    0.17827713    0.20298527    0.27511040    0.31793471    0.30148718    0.30820454    0.31259779    0.30301521    0.22850090    0.23940256    0.28268726    0.26923160    0.25664283    0.26443198    0.29292906    0.27668079    0.27432304
T3             0.22797832    0.20491757    0.15170425    0.16776823    0.17361273    0.17336122    0.00000000    0.04343673    0.06296231    0.20659215    0.28597991    0.27684092    0.26444828    0.27839191    0.27558111    0.19552722    0.22011790    0.23229827    0.22221149    0.20530026    0.22413750    0.24181298    0.21305462    0.22150952
T15            0.22746735    0.20732152    0.15910277    0.17265791    0.17852620    0.17827713    0.04343673    0.00000000    0.03492681    0.22286054    0.29166436    0.28246273    0.26999281    0.27475329    0.28434095    0.19784183    0.22246505    0.24054944    0.22746735    0.21325483    0.22942326    0.25262304    0.22352991    0.22677538
T22            0.23592724    0.22964215    0.18276079    0.19704742    0.20329529    0.20298527    0.06296231    0.03492681    0.00000000    0.24261653    0.30427147    0.30138060    0.29166436    0.29639226    0.30643068    0.21725103    0.24269376    0.24617877    0.24776894    0.23301019    0.24963623    0.27371380    0.24347497    0.24692706
T6             0.22852872    0.31388999    0.24666719    0.26539244    0.27548676    0.27511040    0.20659215    0.22286054    0.24261653    0.00000000    0.21156622    0.20386476    0.18775187    0.21109515    0.20017816    0.18424822    0.21109515    0.22459229    0.21415221    0.19829095    0.23276279    0.23011009    0.22722674    0.23061802
T12            0.27432304    0.34496770    0.29971220    0.31742807    0.31845315    0.31793471    0.28597991    0.29166436    0.30427147    0.21156622    0.00000000    0.02647075    0.07162129    0.09394325    0.08710384    0.23041441    0.25664283    0.26956015    0.25242868    0.24169546    0.26264012    0.29157765    0.26919288    0.26443198
T0             0.25976039    0.32821078    0.28389101    0.30102630    0.30195945    0.30148718    0.27684092    0.28246273    0.30138060    0.20386476    0.02647075    0.00000000    0.05638923    0.07373991    0.07155585    0.21382797    0.23940256    0.25207714    0.22942779    0.22484165    0.23942089    0.27270708    0.24870359    0.24099565
T23            0.24066067    0.33160337    0.28389101    0.30772110    0.30869952    0.30820454    0.26444828    0.26999281    0.29166436    0.18775187    0.07162129    0.05638923    0.00000000    0.07387390    0.06498122    0.20239244    0.22451097    0.25207714    0.22649349    0.21608983    0.23353510    0.26956015    0.24507438    0.23799972
T1             0.26023668    0.33384109    0.29488214    0.31214995    0.31305743    0.31259779    0.27839191    0.27475329    0.29639226    0.21109515    0.09394325    0.07373991    0.07387390    0.00000000    0.03069813    0.20386476    0.22590152    0.26199752    0.24507438    0.23439730    0.25836546    0.29239492    0.26721512    0.25683828
T2             0.25989838    0.34372148    0.28881648    0.30258918    0.30345278    0.30301521    0.27558111    0.28434095    0.30643068    0.20017816    0.08710384    0.07155585    0.06498122    0.03069813    0.00000000    0.20977147    0.23206128    0.25621199    0.23061802    0.22590152    0.24963623    0.27371380    0.25535161    0.24807022
T5             0.19957403    0.25562783    0.20157152    0.22814235    0.22886899    0.22850090    0.19552722    0.19784183    0.21725103    0.18424822    0.23041441    0.21382797    0.20239244    0.20386476    0.20977147    0.00000000    0.05646106    0.18797794    0.17534006    0.16733647    0.18753476    0.20386476    0.19277869    0.18547943
T18            0.20157152    0.26692341    0.21779267    0.24510186    0.23977788    0.23940256    0.22011790    0.22246505    0.24269376    0.21109515    0.25664283    0.23940256    0.22451097    0.22590152    0.23206128    0.05646106    0.00000000    0.20386476    0.18547943    0.17736755    0.20338465    0.22011790    0.20874791    0.20131620
T21            0.18753476    0.31557862    0.26264012    0.29201698    0.28311677    0.28268726    0.23229827    0.24054944    0.24617877    0.22459229    0.26956015    0.25207714    0.25207714    0.26199752    0.25621199    0.18797794    0.20386476    0.00000000    0.08045665    0.08273494    0.12183591    0.14141171    0.12174796    0.12214722
T9             0.16999010    0.29488214    0.24634557    0.26880020    0.26967347    0.26923160    0.22221149    0.22746735    0.24776894    0.21415221    0.25242868    0.22942779    0.22649349    0.24507438    0.23061802    0.17534006    0.18547943    0.08045665    0.00000000    0.04756896    0.09612672    0.11971941    0.10539539    0.10575770
T11            0.15984921    0.28150919    0.22852872    0.25625106    0.25704484    0.25664283    0.20530026    0.21325483    0.23301019    0.19829095    0.24169546    0.22484165    0.21608983    0.23439730    0.22590152    0.16733647    0.17736755    0.08273494    0.04756896    0.00000000    0.10312114    0.12214722    0.10304751    0.10813922
T4             0.17716196    0.27731757    0.23619325    0.26405252    0.26482192    0.26443198    0.22413750    0.22942326    0.24963623    0.23276279    0.26264012    0.23942089    0.23353510    0.25836546    0.24963623    0.18753476    0.20338465    0.12183591    0.09612672    0.10312114    0.00000000    0.08954720    0.07812927    0.06714634
T19            0.20157152    0.32186611    0.26919288    0.29246745    0.29340178    0.29292906    0.24181298    0.25262304    0.27371380    0.23011009    0.29157765    0.27270708    0.26956015    0.29239492    0.27371380    0.20386476    0.22011790    0.14141171    0.11971941    0.12214722    0.08954720    0.00000000    0.03924526    0.07606107
T14            0.17469262    0.28946943    0.24478208    0.27627198    0.27710036    0.27668079    0.21305462    0.22352991    0.24347497    0.22722674    0.26919288    0.24870359    0.24507438    0.26721512    0.25535161    0.19277869    0.20874791    0.12174796    0.10539539    0.10304751    0.07812927    0.03924526    0.00000000    0.06487334
T13            0.17780494    0.30282773    0.24537691    0.27390300    0.27475374    0.27432304    0.22150952    0.22677538    0.24692706    0.23061802    0.26443198    0.24099565    0.23799972    0.25683828    0.24807022    0.18547943    0.20131620    0.12214722    0.10575770    0.10813922    0.06714634    0.07606107    0.06487334    0.00000000

