24
T18            0.00000000    0.38425218    0.39243253    0.42744162    0.39304715    0.38482366    0.40936047    0.40157380    0.40669999    0.40734613    0.40874337    0.40874337    0.16798450    0.19070526    0.16732581    0.19172650    0.15722762    0.18297674    0.21865610    0.16489084    0.19984008    0.19984008    0.19928279    0.19623151
T11            0.38425218    0.00000000    0.01212490    0.07869182    0.11333427    0.09887015    0.14644473    0.14140613    0.12484037    0.12993242    0.13931975    0.13681308    0.37080193    0.35955996    0.35597402    0.37416678    0.36788337    0.37309356    0.39390663    0.35646463    0.38482366    0.38482366    0.39124606    0.36421850
T21            0.39243253    0.01212490    0.00000000    0.07422339    0.11837413    0.10371733    0.14659363    0.14154228    0.12498113    0.13009328    0.13947393    0.13696096    0.37900604    0.36368847    0.36733995    0.38600869    0.37964073    0.38482366    0.39831213    0.36788337    0.39691038    0.39691038    0.41130109    0.37587927
T0             0.42744162    0.07869182    0.07422339    0.00000000    0.12067045    0.10598010    0.15409922    0.14898322    0.13980643    0.13998468    0.15722762    0.14947409    0.40975562    0.40080371    0.40080371    0.41266913    0.41007791    0.41930617    0.42937525    0.40540220    0.42818372    0.42818372    0.43495090    0.41814775
T16            0.39304715    0.11333427    0.11837413    0.12067045    0.00000000    0.04760766    0.14168660    0.13667325    0.12760532    0.13276865    0.14471323    0.13711686    0.39524712    0.39431906    0.38662220    0.40472762    0.40352679    0.42073892    0.42264726    0.39497633    0.41483249    0.41483249    0.41337542    0.41007791
T1             0.38482366    0.09887015    0.10371733    0.10598010    0.04760766    0.00000000    0.12913292    0.12425422    0.11522338    0.12021492    0.13197263    0.12458228    0.37900604    0.37845727    0.36368847    0.38106224    0.36588861    0.39628087    0.40606860    0.37157533    0.40080371    0.40080371    0.40734613    0.37845727
T5             0.40936047    0.14644473    0.14659363    0.15409922    0.14168660    0.12913292    0.00000000    0.01826982    0.11333427    0.11592277    0.13226736    0.12266626    0.36788337    0.35812926    0.34329822    0.36079001    0.36170234    0.38262208    0.39501103    0.36217873    0.39334910    0.39334910    0.39067424    0.37523821
T13            0.40157380    0.14140613    0.14154228    0.14898322    0.13667325    0.12425422    0.01826982    0.00000000    0.10850266    0.11348338    0.12730378    0.11777555    0.36421850    0.36170234    0.34674793    0.36436308    0.35812926    0.38635535    0.39878656    0.36217873    0.39715343    0.39715343    0.39447859    0.37523821
T9             0.40669999    0.12484037    0.12498113    0.13980643    0.12760532    0.11522338    0.11333427    0.10850266    0.00000000    0.01623178    0.05840641    0.04760766    0.40098836    0.40406763    0.38861361    0.40279147    0.39367599    0.41063934    0.41266721    0.38921356    0.41130109    0.41130109    0.41930617    0.38861361
T2             0.40734613    0.12993242    0.13009328    0.13998468    0.13276865    0.12021492    0.11592277    0.11348338    0.01623178    0.00000000    0.06288780    0.05200166    0.40171811    0.39691038    0.38921356    0.40342224    0.39431906    0.41130109    0.41329979    0.40146280    0.42001499    0.42001499    0.42818372    0.38540917
T17            0.40874337    0.13931975    0.13947393    0.15722762    0.14471323    0.13197263    0.13226736    0.12730378    0.05840641    0.06288780    0.00000000    0.01007278    0.39109807    0.39831213    0.39566573    0.40485010    0.38163353    0.41662211    0.41870748    0.39243253    0.41727042    0.41727042    0.42530763    0.38802780
T3             0.40874337    0.13681308    0.13696096    0.14947409    0.13711686    0.12458228    0.12266626    0.11777555    0.04760766    0.05200166    0.01007278    0.00000000    0.40282435    0.40217531    0.38802780    0.40485010    0.38163353    0.41266721    0.41476821    0.39243253    0.42127287    0.42127287    0.42937525    0.38425218
T19            0.16798450    0.37080193    0.37900604    0.40975562    0.39524712    0.37900604    0.36788337    0.36421850    0.40098836    0.40171811    0.39109807    0.40282435    0.00000000    0.06296070    0.11871892    0.13843042    0.12119458    0.13081465    0.16925067    0.12349410    0.16603749    0.16603749    0.17090253    0.15785304
T10            0.19070526    0.35955996    0.36368847    0.40080371    0.39431906    0.37845727    0.35812926    0.36170234    0.40406763    0.39691038    0.39831213    0.40217531    0.06296070    0.00000000    0.12745064    0.14984241    0.12745064    0.14252967    0.18646241    0.13728074    0.18594678    0.18594678    0.19371030    0.16430400
T7             0.16732581    0.35597402    0.36733995    0.40080371    0.38662220    0.36368847    0.34329822    0.34674793    0.38861361    0.38921356    0.39566573    0.38802780    0.11871892    0.12745064    0.00000000    0.07605934    0.08078393    0.08963034    0.13009328    0.08740798    0.16225873    0.16225873    0.16712323    0.14406157
T20            0.19172650    0.37416678    0.38600869    0.41266913    0.40472762    0.38106224    0.36079001    0.36436308    0.40279147    0.40342224    0.40485010    0.40485010    0.13843042    0.14984241    0.07605934    0.00000000    0.09428201    0.10825034    0.14234495    0.10122891    0.17510379    0.17510379    0.18004508    0.15651021
T23            0.15722762    0.36788337    0.37964073    0.41007791    0.40352679    0.36588861    0.36170234    0.35812926    0.39367599    0.39431906    0.38163353    0.38163353    0.12119458    0.12745064    0.08078393    0.09428201    0.00000000    0.08519282    0.11805961    0.07177120    0.15223196    0.15223196    0.15703573    0.14183905
T15            0.18297674    0.37309356    0.38482366    0.41930617    0.42073892    0.39628087    0.38262208    0.38635535    0.41063934    0.41130109    0.41662211    0.41266721    0.13081465    0.14252967    0.08963034    0.10825034    0.08519282    0.00000000    0.10122891    0.06492272    0.16976928    0.16976928    0.17468196    0.15909466
T14            0.21865610    0.39390663    0.39831213    0.42937525    0.42264726    0.40606860    0.39501103    0.39878656    0.41266721    0.41329979    0.41870748    0.41476821    0.16925067    0.18646241    0.13009328    0.14234495    0.11805961    0.10122891    0.00000000    0.09897739    0.20520821    0.20520821    0.21032063    0.19371030
T8             0.16489084    0.35646463    0.36788337    0.40540220    0.39497633    0.37157533    0.36217873    0.36217873    0.38921356    0.40146280    0.39243253    0.39243253    0.12349410    0.13728074    0.08740798    0.10122891    0.07177120    0.06492272    0.09897739    0.00000000    0.15945008    0.15945008    0.16430400    0.14644473
T4             0.19984008    0.38482366    0.39691038    0.42818372    0.41483249    0.40080371    0.39334910    0.39715343    0.41130109    0.42001499    0.41727042    0.42127287    0.16603749    0.18594678    0.16225873    0.17510379    0.15223196    0.16976928    0.20520821    0.15945008    0.00000000    0.00000000    0.01620792    0.14234495
T6             0.19984008    0.38482366    0.39691038    0.42818372    0.41483249    0.40080371    0.39334910    0.39715343    0.41130109    0.42001499    0.41727042    0.42127287    0.16603749    0.18594678    0.16225873    0.17510379    0.15223196    0.16976928    0.20520821    0.15945008    0.00000000    0.00000000    0.01620792    0.14234495
T12            0.19928279    0.39124606    0.41130109    0.43495090    0.41337542    0.40734613    0.39067424    0.39447859    0.41930617    0.42818372    0.42530763    0.42937525    0.17090253    0.19371030    0.16712323    0.18004508    0.15703573    0.17468196    0.21032063    0.16430400    0.01620792    0.01620792    0.00000000    0.14708959
T22            0.19623151    0.36421850    0.37587927    0.41814775    0.41007791    0.37845727    0.37523821    0.37523821    0.38861361    0.38540917    0.38802780    0.38425218    0.15785304    0.16430400    0.14406157    0.15651021    0.14183905    0.15909466    0.19371030    0.14644473    0.14234495    0.14234495    0.14708959    0.00000000

