24
T7             0.00000000    0.18073563    0.23524854    0.23408164    0.23446818    0.21380895    0.21670847    0.22972673    0.22290824    0.22031646    0.33840215    0.28259252    0.29305815    0.21061964    0.21061964    0.21003439    0.16956903    0.29101732    0.26560352    0.15242778    0.15742874    0.15742874    0.15463050    0.19731637
T19            0.18073563    0.00000000    0.15242778    0.19385852    0.18211704    0.16395585    0.16656736    0.18692798    0.17202259    0.16692992    0.26365825    0.23204166    0.24434001    0.15835470    0.15835470    0.15558004    0.16854381    0.28504818    0.26402634    0.13878421    0.14115857    0.14115857    0.13119308    0.18211704
T20            0.23524854    0.15242778    0.00000000    0.23541050    0.24434001    0.22417047    0.22710402    0.24935470    0.22156594    0.21318861    0.30240427    0.27195554    0.28869192    0.20337189    0.20337189    0.20570867    0.22355832    0.32535803    0.30192172    0.16956903    0.17468278    0.17468278    0.17448481    0.19901912
T17            0.23408164    0.19385852    0.23541050    0.00000000    0.16430467    0.15109925    0.15364424    0.16869292    0.14930281    0.14659409    0.24901324    0.19827828    0.22065884    0.20767054    0.20490744    0.20973974    0.20473092    0.31797121    0.28879013    0.18878402    0.19131660    0.19131660    0.19655452    0.23299454
T9             0.23446818    0.18211704    0.24434001    0.16430467    0.00000000    0.05407649    0.05626482    0.06926395    0.05206379    0.05875563    0.21962492    0.16579273    0.18730335    0.21750113    0.21464313    0.21413813    0.22880048    0.32777346    0.30432563    0.18570338    0.18820045    0.18820045    0.18796596    0.23235911
T3             0.21380895    0.16395585    0.22417047    0.15109925    0.05407649    0.00000000    0.00200401    0.02234665    0.03485685    0.04128536    0.20463878    0.16004714    0.17851339    0.20105681    0.19827828    0.20059337    0.20593262    0.30386610    0.28143561    0.16430467    0.16674434    0.16674434    0.16656736    0.21206003
T22            0.21670847    0.16656736    0.22710402    0.15364424    0.05626482    0.00200401    0.00000000    0.02442140    0.03697558    0.04343602    0.20747250    0.16267933    0.18123892    0.20385088    0.20105681    0.20337189    0.20873450    0.30721218    0.28464209    0.16692992    0.16937650    0.16937650    0.16919259    0.21490989
T12            0.22972673    0.18692798    0.24935470    0.16869292    0.06926395    0.02234665    0.02442140    0.00000000    0.04966062    0.05621334    0.23268633    0.18297787    0.20209410    0.22533232    0.22244961    0.22481965    0.23325134    0.32277089    0.29967970    0.19003423    0.19255370    0.19255370    0.19234936    0.23087001
T16            0.22290824    0.17202259    0.22156594    0.14930281    0.05206379    0.03485685    0.03697558    0.04966062    0.00000000    0.02245614    0.21124191    0.15807921    0.17931067    0.20922635    0.20640864    0.20593262    0.21180139    0.30432563    0.28183136    0.16712405    0.16956903    0.16956903    0.17468278    0.22095167
T21            0.22031646    0.16692992    0.21318861    0.14659409    0.05875563    0.04128536    0.04343602    0.05621334    0.02245614    0.00000000    0.20296788    0.15568027    0.17685304    0.20105681    0.19827828    0.20059337    0.20922635    0.30145052    0.27903156    0.16732673    0.16977016    0.16977016    0.17488946    0.21260558
T23            0.33840215    0.26365825    0.30240427    0.24901324    0.21962492    0.20463878    0.20747250    0.23268633    0.21124191    0.20296788    0.00000000    0.06296085    0.08099123    0.29438692    0.29767790    0.29111748    0.29812669    0.39060395    0.37585984    0.26440493    0.27346442    0.27346442    0.27624261    0.32187182
T14            0.28259252    0.23204166    0.27195554    0.19827828    0.16579273    0.16004714    0.16267933    0.18297787    0.15807921    0.15568027    0.06296085    0.00000000    0.02866530    0.25511313    0.25819123    0.25205387    0.24701814    0.34618433    0.32886874    0.21289242    0.22125405    0.22125405    0.22678455    0.26876943
T15            0.29305815    0.24434001    0.28869192    0.22065884    0.18730335    0.17851339    0.18123892    0.20209410    0.17931067    0.17685304    0.08099123    0.02866530    0.00000000    0.27749850    0.28072575    0.26793997    0.26919990    0.37304241    0.35855115    0.23372638    0.24240975    0.24240975    0.24813584    0.29201583
T0             0.21061964    0.15835470    0.20337189    0.20767054    0.21750113    0.20105681    0.20385088    0.22533232    0.20922635    0.20105681    0.29438692    0.25511313    0.27749850    0.00000000    0.00200401    0.03483181    0.20293017    0.30010527    0.28105083    0.16901734    0.17147599    0.17147599    0.17394338    0.20948635
T6             0.21061964    0.15835470    0.20337189    0.20490744    0.21464313    0.19827828    0.20105681    0.22244961    0.20640864    0.19827828    0.29767790    0.25819123    0.28072575    0.00200401    0.00000000    0.03272648    0.20570867    0.30341806    0.28424705    0.16639899    0.16885077    0.16885077    0.17131125    0.20666067
T13            0.21003439    0.15558004    0.20570867    0.20973974    0.21413813    0.20059337    0.20337189    0.22481965    0.20593262    0.20059337    0.29111748    0.25205387    0.26793997    0.03483181    0.03272648    0.00000000    0.20293017    0.30675296    0.29070150    0.16869292    0.17115530    0.17115530    0.17362648    0.20897572
T4             0.16956903    0.16854381    0.22355832    0.20473092    0.22880048    0.20593262    0.20873450    0.23325134    0.21180139    0.20922635    0.29812669    0.24701814    0.26919990    0.20293017    0.20570867    0.20293017    0.00000000    0.16822225    0.14234569    0.11041530    0.11270248    0.11270248    0.11281372    0.15242778
T1             0.29101732    0.28504818    0.32535803    0.31797121    0.32777346    0.30386610    0.30721218    0.32277089    0.30432563    0.30145052    0.39060395    0.34618433    0.37304241    0.30010527    0.30341806    0.30675296    0.16822225    0.00000000    0.04338624    0.19731637    0.20836740    0.20836740    0.20581779    0.23673051
T11            0.26560352    0.26402634    0.30192172    0.28879013    0.30432563    0.28143561    0.28464209    0.29967970    0.28183136    0.27903156    0.37585984    0.32886874    0.35855115    0.28105083    0.28424705    0.29070150    0.14234569    0.04338624    0.00000000    0.18646394    0.19172809    0.19172809    0.18922715    0.21704102
T2             0.15242778    0.13878421    0.16956903    0.18878402    0.18570338    0.16430467    0.16692992    0.19003423    0.16712405    0.16732673    0.26440493    0.21289242    0.23372638    0.16901734    0.16639899    0.16869292    0.11041530    0.19731637    0.18646394    0.00000000    0.02031410    0.02031410    0.02236460    0.11548076
T18            0.15742874    0.14115857    0.17468278    0.19131660    0.18820045    0.16674434    0.16937650    0.19255370    0.16956903    0.16977016    0.27346442    0.22125405    0.24240975    0.17147599    0.16885077    0.17115530    0.11270248    0.20836740    0.19172809    0.02031410    0.00000000    0.00000000    0.02238885    0.12266676
T8             0.15742874    0.14115857    0.17468278    0.19131660    0.18820045    0.16674434    0.16937650    0.19255370    0.16956903    0.16977016    0.27346442    0.22125405    0.24240975    0.17147599    0.16885077    0.17115530    0.11270248    0.20836740    0.19172809    0.02031410    0.00000000    0.00000000    0.02238885    0.12266676
T10            0.15463050    0.13119308    0.17448481    0.19655452    0.18796596    0.16656736    0.16919259    0.19234936    0.17468278    0.17488946    0.27624261    0.22678455    0.24813584    0.17394338    0.17131125    0.17362648    0.11281372    0.20581779    0.18922715    0.02236460    0.02238885    0.02238885    0.00000000    0.12498161
T5             0.19731637    0.18211704    0.19901912    0.23299454    0.23235911    0.21206003    0.21490989    0.23087001    0.22095167    0.21260558    0.32187182    0.26876943    0.29201583    0.20948635    0.20666067    0.20897572    0.15242778    0.23673051    0.21704102    0.11548076    0.12266676    0.12266676    0.12498161    0.00000000

