24
T20            0.00000000    0.33421159    0.32389487    0.37736037    0.34120975    0.37475624    0.37907655    0.38285339    0.36846368    0.39718664    0.38485736    0.33121785    0.33121785    0.30425774    0.34120975    0.34474595    0.16268463    0.16226449    0.16712900    0.17511051    0.18322166    0.18232455    0.16733188    0.16977535
T12            0.33421159    0.00000000    0.00806477    0.07387315    0.04765400    0.14529242    0.14808479    0.15068302    0.37651268    0.40217835    0.37723810    0.31691435    0.30677195    0.27347979    0.32050279    0.32731015    0.30588728    0.29523899    0.29773915    0.30425774    0.30098781    0.31672337    0.30136690    0.31086254
T7             0.32389487    0.00806477    0.00000000    0.07387315    0.04765400    0.14017579    0.14292852    0.14550000    0.36904355    0.39435840    0.36586365    0.30677195    0.29683146    0.26404016    0.31046264    0.31713359    0.29601238    0.28561786    0.28811809    0.29451149    0.29130456    0.30678319    0.29165222    0.30098781
T1             0.37736037    0.07387315    0.07387315    0.00000000    0.03910358    0.17489493    0.17779961    0.17511051    0.41208671    0.43892803    0.41819550    0.34728395    0.33674968    0.30967051    0.35108157    0.35815379    0.34728395    0.34280066    0.34539152    0.33500352    0.32482721    0.34800961    0.33887169    0.34190479
T17            0.34120975    0.04765400    0.04765400    0.03910358    0.00000000    0.14454250    0.14727614    0.14984758    0.39186720    0.42199570    0.38994149    0.32184020    0.31169797    0.27904714    0.32560532    0.33241257    0.30922278    0.30504914    0.30754922    0.30425774    0.30098781    0.31672337    0.30794996    0.31086254
T18            0.37475624    0.14529242    0.14017579    0.17489493    0.14454250    0.00000000    0.01008408    0.01623187    0.43352271    0.46591230    0.45185863    0.38028956    0.36904355    0.33974626    0.37849070    0.38604446    0.37651268    0.35699638    0.35958712    0.37050508    0.36319999    0.38428487    0.37475624    0.37791863
T11            0.37907655    0.14808479    0.14292852    0.17779961    0.14727614    0.01008408    0.00000000    0.01419999    0.43425349    0.46675554    0.44840199    0.38091669    0.36962826    0.34276436    0.38544390    0.39308431    0.37336279    0.35391435    0.35649170    0.36737007    0.36009156    0.38109480    0.37160749    0.37475624
T8             0.38285339    0.15068302    0.14550000    0.17511051    0.14984758    0.01623187    0.01419999    0.00000000    0.43840720    0.47116601    0.45275500    0.38473692    0.37336279    0.34633858    0.38544390    0.39308431    0.38091669    0.36114026    0.36371755    0.37475624    0.36737007    0.38864849    0.37907655    0.38225329
T3             0.36846368    0.37651268    0.36904355    0.41208671    0.39186720    0.43352271    0.43425349    0.43840720    0.00000000    0.04756873    0.21233650    0.19742490    0.19742490    0.17890913    0.19655919    0.20473635    0.40019769    0.36632179    0.37999203    0.35909600    0.36269582    0.39014865    0.37312296    0.36269582
T21            0.39718664    0.40217835    0.39435840    0.43892803    0.42199570    0.46591230    0.46675554    0.47116601    0.04756873    0.00000000    0.22386945    0.21934638    0.21934638    0.19469173    0.21546549    0.22391946    0.43499996    0.39894969    0.41333912    0.39775977    0.40160928    0.41999925    0.40610644    0.39510014
T14            0.38485736    0.37723810    0.36586365    0.41819550    0.38994149    0.45185863    0.44840199    0.45275500    0.21233650    0.22386945    0.00000000    0.22711459    0.23006587    0.21836396    0.22797085    0.24268445    0.37022638    0.35804524    0.37160749    0.34631194    0.34984808    0.38166709    0.36114026    0.36168450
T0             0.33121785    0.31691435    0.30677195    0.34728395    0.32184020    0.38028956    0.38091669    0.38473692    0.19742490    0.21934638    0.22711459    0.00000000    0.01010148    0.14914272    0.15668164    0.15927306    0.32328620    0.30632381    0.31213344    0.30136690    0.31127433    0.32479761    0.30504914    0.30546238
T2             0.33121785    0.30677195    0.29683146    0.33674968    0.31169797    0.36904355    0.36962826    0.37336279    0.19742490    0.21934638    0.23006587    0.01010148    0.00000000    0.14659751    0.15927306    0.16187800    0.33374726    0.30967051    0.31550269    0.30464758    0.31462097    0.32823644    0.30836249    0.30878677
T23            0.30425774    0.27347979    0.26404016    0.30967051    0.27904714    0.33974626    0.34276436    0.34633858    0.17890913    0.19469173    0.21836396    0.14914272    0.14659751    0.00000000    0.07803154    0.08028404    0.30546238    0.28916450    0.29486949    0.29096837    0.29416502    0.30969860    0.29451149    0.28845554
T4             0.34120975    0.32050279    0.31046264    0.35108157    0.32560532    0.37849070    0.38544390    0.38544390    0.19655919    0.21546549    0.22797085    0.15668164    0.15927306    0.07803154    0.00000000    0.01010148    0.33469256    0.31419800    0.32008123    0.31262594    0.32263244    0.33542108    0.31967182    0.31007465
T13            0.34474595    0.32731015    0.31713359    0.35815379    0.33241257    0.38604446    0.39308431    0.39308431    0.20473635    0.22391946    0.24268445    0.15927306    0.16187800    0.08028404    0.01010148    0.00000000    0.34526413    0.32434015    0.33029242    0.32941659    0.33284355    0.34584527    0.32984830    0.32008123
T10            0.16268463    0.30588728    0.29601238    0.34728395    0.30922278    0.37651268    0.37336279    0.38091669    0.40019769    0.43499996    0.37022638    0.32328620    0.33374726    0.30546238    0.33469256    0.34526413    0.00000000    0.05846334    0.06276315    0.06720810    0.07169298    0.07144563    0.06727733    0.06944551
T19            0.16226449    0.29523899    0.28561786    0.34280066    0.30504914    0.35699638    0.35391435    0.36114026    0.36632179    0.39894969    0.35804524    0.30632381    0.30967051    0.28916450    0.31419800    0.32434015    0.05846334    0.00000000    0.01620799    0.05616904    0.06498068    0.06479303    0.05840697    0.05835742
T16            0.16712900    0.29773915    0.28811809    0.34539152    0.30754922    0.35958712    0.35649170    0.36371755    0.37999203    0.41333912    0.37160749    0.31213344    0.31550269    0.29486949    0.32008123    0.33029242    0.06276315    0.01620799    0.00000000    0.06046723    0.06931786    0.06914684    0.06271073    0.06266522
T15            0.17511051    0.30425774    0.29451149    0.33500352    0.30425774    0.37050508    0.36737007    0.37475624    0.35909600    0.39775977    0.34631194    0.30136690    0.30464758    0.29096837    0.31262594    0.32941659    0.06720810    0.05616904    0.06046723    0.00000000    0.02249933    0.04541804    0.04349277    0.04343639
T6             0.18322166    0.30098781    0.29130456    0.32482721    0.30098781    0.36319999    0.36009156    0.36737007    0.36269582    0.40160928    0.34984808    0.31127433    0.31462097    0.29416502    0.32263244    0.33284355    0.07169298    0.06498068    0.06931786    0.02249933    0.00000000    0.06067108    0.05441134    0.04994467
T5             0.18232455    0.31672337    0.30678319    0.34800961    0.31672337    0.38428487    0.38109480    0.38864849    0.39014865    0.41999925    0.38166709    0.32479761    0.32823644    0.30969860    0.33542108    0.34584527    0.07144563    0.06479303    0.06914684    0.04541804    0.06067108    0.00000000    0.03910358    0.03906949
T9             0.16733188    0.30136690    0.29165222    0.33887169    0.30794996    0.37475624    0.37160749    0.37907655    0.37312296    0.40610644    0.36114026    0.30504914    0.30836249    0.29451149    0.31967182    0.32984830    0.06727733    0.05840697    0.06271073    0.04349277    0.05441134    0.03910358    0.00000000    0.02866549
T22            0.16977535    0.31086254    0.30098781    0.34190479    0.31086254    0.37791863    0.37475624    0.38225329    0.36269582    0.39510014    0.36168450    0.30546238    0.30878677    0.28845554    0.31007465    0.32008123    0.06944551    0.05835742    0.06266522    0.04343639    0.04994467    0.03906949    0.02866549    0.00000000

