24
T16            0.00000000    0.22709558    0.16711961    0.18320976    0.19570306    0.19288548    0.18922135    0.20384416    0.19046751    0.20384416    0.24202614    0.25350741    0.25741663    0.21154488    0.20896861    0.19927788    0.19119354    0.22036766    0.21776839    0.21749343    0.23968715    0.23968715    0.37730830    0.37414668
T22            0.22709558    0.00000000    0.06968727    0.07879988    0.19901274    0.20181447    0.17695068    0.20849556    0.19507603    0.20570169    0.22939966    0.24433016    0.25350741    0.20313958    0.19782382    0.18819477    0.18026196    0.25648781    0.25376510    0.25648781    0.28066386    0.28066386    0.40039032    0.40482565
T5             0.16711961    0.06968727    0.00000000    0.01214645    0.14929928    0.15186377    0.13158762    0.15592359    0.14353768    0.15337872    0.17429064    0.18773473    0.19597831    0.15579905    0.15084675    0.14436839    0.13695850    0.20548712    0.20292336    0.20271650    0.22433779    0.22433779    0.35412393    0.35103940
T0             0.18320976    0.07879988    0.01214645    0.00000000    0.15963718    0.16225543    0.13653875    0.16105255    0.15619824    0.16623471    0.18501682    0.19875668    0.20718568    0.16608361    0.16105255    0.15462672    0.14708688    0.21957549    0.21697214    0.21672586    0.23883484    0.23883484    0.36121896    0.36528077
T15            0.19570306    0.19901274    0.14929928    0.15963718    0.00000000    0.00200401    0.09418457    0.19370560    0.18594255    0.19094259    0.23004621    0.24737055    0.25120343    0.21437836    0.20896861    0.19199974    0.18397392    0.25170292    0.24900303    0.24867178    0.27192550    0.27192550    0.39241070    0.39688845
T6             0.19288548    0.20181447    0.15186377    0.16225543    0.00200401    0.00000000    0.09652123    0.19648397    0.18869038    0.19370560    0.23301437    0.25042956    0.24812557    0.21722800    0.21179409    0.19479367    0.18672934    0.25475257    0.25204340    0.25170292    0.27507112    0.27507112    0.39625872    0.40078145
T20            0.18922135    0.17695068    0.13158762    0.13653875    0.09418457    0.09652123    0.00000000    0.17714705    0.17182693    0.18480757    0.19827191    0.20665376    0.21805286    0.18925880    0.18406021    0.15684895    0.15186377    0.23113937    0.22850268    0.22822322    0.25137270    0.25137270    0.36577048    0.36992489
T23            0.20384416    0.20849556    0.15592359    0.16105255    0.19370560    0.19648397    0.17714705    0.00000000    0.08962926    0.10134048    0.21179409    0.22850268    0.23499221    0.19703854    0.19178512    0.17943022    0.17164469    0.25259413    0.24987641    0.24368968    0.26967009    0.26967009    0.38850628    0.39278217
T10            0.19046751    0.19507603    0.14353768    0.15619824    0.18594255    0.18869038    0.17182693    0.08962926    0.00000000    0.03480105    0.19875668    0.21517861    0.22155793    0.19467986    0.18943753    0.16918797    0.16151707    0.24075645    0.23807366    0.23205868    0.26661118    0.26661118    0.38751981    0.38430058
T17            0.20384416    0.20570169    0.15337872    0.16623471    0.19094259    0.19370560    0.18480757    0.10134048    0.03480105    0.00000000    0.21179409    0.23142738    0.24096403    0.21085418    0.20548712    0.18523496    0.17735218    0.25207160    0.24935068    0.24321977    0.27835748    0.27835748    0.40916096    0.40585550
T8             0.24202614    0.22939966    0.17429064    0.18501682    0.23004621    0.23301437    0.19827191    0.21179409    0.19875668    0.21179409    0.00000000    0.03270457    0.04120132    0.11305710    0.10837131    0.15742482    0.15502194    0.25833516    0.25559789    0.25833516    0.29127614    0.29127614    0.37790485    0.37472810
T3             0.25350741    0.24433016    0.18773473    0.19875668    0.24737055    0.25042956    0.20665376    0.22850268    0.21517861    0.23142738    0.03270457    0.00000000    0.04120132    0.12252186    0.12021313    0.17019351    0.16775309    0.27057144    0.26779685    0.27057144    0.30095686    0.30095686    0.40585550    0.40256503
T9             0.25741663    0.25350741    0.19597831    0.20718568    0.25120343    0.24812557    0.21805286    0.23499221    0.22155793    0.24096403    0.04120132    0.04120132    0.00000000    0.13528589    0.13294944    0.17604743    0.17359514    0.28311492    0.28030112    0.28311492    0.31082885    0.31082885    0.40811610    0.40482565
T13            0.21154488    0.20313958    0.15579905    0.16608361    0.21437836    0.21722800    0.18925880    0.19703854    0.19467986    0.21085418    0.11305710    0.12252186    0.13528589    0.00000000    0.00401105    0.14168384    0.13431645    0.25136724    0.24864086    0.25136724    0.28062400    0.28062400    0.36537585    0.36223388
T7             0.20896861    0.19782382    0.15084675    0.16105255    0.20896861    0.21179409    0.18406021    0.19178512    0.18943753    0.20548712    0.10837131    0.12021313    0.13294944    0.00401105    0.00000000    0.13681054    0.12949472    0.25159139    0.24886692    0.25159139    0.28089586    0.28089586    0.36576875    0.36262810
T1             0.19927788    0.18819477    0.14436839    0.15462672    0.19199974    0.19479367    0.15684895    0.17943022    0.16918797    0.18523496    0.15742482    0.17019351    0.17604743    0.14168384    0.13681054    0.00000000    0.00602719    0.22433779    0.22171183    0.21865473    0.25259413    0.25259413    0.37571860    0.37255662
T11            0.19119354    0.18026196    0.13695850    0.14708688    0.18397392    0.18672934    0.15186377    0.17164469    0.16151707    0.17735218    0.15502194    0.16775309    0.17359514    0.13431645    0.12949472    0.00602719    0.00000000    0.21604487    0.21344471    0.21044147    0.24394019    0.24394019    0.37255662    0.36940836
T14            0.22036766    0.25648781    0.20548712    0.21957549    0.25170292    0.25475257    0.23113937    0.25259413    0.24075645    0.25207160    0.25833516    0.27057144    0.28311492    0.25136724    0.25159139    0.22433779    0.21604487    0.00000000    0.00200301    0.03277396    0.05859521    0.05859521    0.33670931    0.33717682
T19            0.21776839    0.25376510    0.20292336    0.21697214    0.24900303    0.25204340    0.22850268    0.24987641    0.23807366    0.24935068    0.25559789    0.26779685    0.28030112    0.24864086    0.24886692    0.22171183    0.21344471    0.00200301    0.00000000    0.03069769    0.05645926    0.05645926    0.33625438    0.33670931
T18            0.21749343    0.25648781    0.20271650    0.21672586    0.24867178    0.25170292    0.22822322    0.24368968    0.23205868    0.24321977    0.25833516    0.27057144    0.28311492    0.25136724    0.25159139    0.21865473    0.21044147    0.03277396    0.03069769    0.00000000    0.06527726    0.06527726    0.34275919    0.34322578
T2             0.23968715    0.28066386    0.22433779    0.23883484    0.27192550    0.27507112    0.25137270    0.26967009    0.26661118    0.27835748    0.29127614    0.30095686    0.31082885    0.28062400    0.28089586    0.25259413    0.24394019    0.05859521    0.05645926    0.06527726    0.00000000    0.00000000    0.36940836    0.36992489
T12            0.23968715    0.28066386    0.22433779    0.23883484    0.27192550    0.27507112    0.25137270    0.26967009    0.26661118    0.27835748    0.29127614    0.30095686    0.31082885    0.28062400    0.28089586    0.25259413    0.24394019    0.05859521    0.05645926    0.06527726    0.00000000    0.00000000    0.36940836    0.36992489
T4             0.37730830    0.40039032    0.35412393    0.36121896    0.39241070    0.39625872    0.36577048    0.38850628    0.38751981    0.40916096    0.37790485    0.40585550    0.40811610    0.36537585    0.36576875    0.37571860    0.37255662    0.33670931    0.33625438    0.34275919    0.36940836    0.36940836    0.00000000    0.00401105
T21            0.37414668    0.40482565    0.35103940    0.36528077    0.39688845    0.40078145    0.36992489    0.39278217    0.38430058    0.40585550    0.37472810    0.40256503    0.40482565    0.36223388    0.36262810    0.37255662    0.36940836    0.33717682    0.33670931    0.34322578    0.36992489    0.36992489    0.00401105    0.00000000

