24
T22            0.00000000    0.31215421    0.31903701    0.30851456    0.28267485    0.27568792    0.27036070    0.27036070    0.60529840    0.61644656    0.61084134    0.33226334    0.31943040    0.30973112    0.32237579    0.32979003    0.29535161    0.28596545    0.29820476    0.29775371    0.16390199    0.17934239    0.18456569    0.18180870
T19            0.31215421    0.00000000    0.01007284    0.08099723    0.07833119    0.19262384    0.17854162    0.17854162    0.52290673    0.53259442    0.52290673    0.21726959    0.22013728    0.21416928    0.20573583    0.20596096    0.20413620    0.20158891    0.20158891    0.19626310    0.27352887    0.32787335    0.32734108    0.28315594
T13            0.31903701    0.01007284    0.00000000    0.08796025    0.08519820    0.19826250    0.18623140    0.18623140    0.53750975    0.54748816    0.53750975    0.22302154    0.22013728    0.21987187    0.21134226    0.21158323    0.20979049    0.20722726    0.20722726    0.20185409    0.27992623    0.33492630    0.33436913    0.28967879
T17            0.30851456    0.08099723    0.08796025    0.00000000    0.07413007    0.17501576    0.16874830    0.16874830    0.49948008    0.50407821    0.49948008    0.20467326    0.21035986    0.20440011    0.19049990    0.19073410    0.18898831    0.18649490    0.18101130    0.18348964    0.25707897    0.30688841    0.30636920    0.29262240
T0             0.28267485    0.07833119    0.08519820    0.07413007    0.00000000    0.17879994    0.16734824    0.16734824    0.54321627    0.55319420    0.52383997    0.21158323    0.21441831    0.20853117    0.19470855    0.19490305    0.19301636    0.19601358    0.19601358    0.19301636    0.26020754    0.29777682    0.29726939    0.27615169
T21            0.27568792    0.19262384    0.19826250    0.17501576    0.17879994    0.00000000    0.04977390    0.04977390    0.53363963    0.54356850    0.52874834    0.20158891    0.20779891    0.19905076    0.19349094    0.19374179    0.19203945    0.19513066    0.20078526    0.19764634    0.24439232    0.27992623    0.27950601    0.25357656
T8             0.27036070    0.17854162    0.18623140    0.16874830    0.16734824    0.04977390    0.00000000    0.00000000    0.51911127    0.52861393    0.51442697    0.19807651    0.20084860    0.19237270    0.18965353    0.18985150    0.18526571    0.18822803    0.19097729    0.18799241    0.23973895    0.27477608    0.27442045    0.24940579
T12            0.27036070    0.17854162    0.18623140    0.16874830    0.16734824    0.04977390    0.00000000    0.00000000    0.51911127    0.52861393    0.51442697    0.19807651    0.20084860    0.19237270    0.18965353    0.18985150    0.18526571    0.18822803    0.19097729    0.18799241    0.23973895    0.27477608    0.27442045    0.24940579
T2             0.60529840    0.52290673    0.53750975    0.49948008    0.54321627    0.53363963    0.51911127    0.51911127    0.00000000    0.00602416    0.07606304    0.53445535    0.52674362    0.52113216    0.51185085    0.51269023    0.47558575    0.47633633    0.47055222    0.47126645    0.53538621    0.62926070    0.62784960    0.59144007
T4             0.61644656    0.53259442    0.54748816    0.50407821    0.55319420    0.54356850    0.52861393    0.52861393    0.00602416    0.00000000    0.08273712    0.54414213    0.53633746    0.53058945    0.51646992    0.51733083    0.48433821    0.48512744    0.47919089    0.47994278    0.54512037    0.64099939    0.63951945    0.60234477
T7             0.61084134    0.52290673    0.53750975    0.49948008    0.52383997    0.52874834    0.51442697    0.51442697    0.07606304    0.08273712    0.00000000    0.51269023    0.51442697    0.50892977    0.49693048    0.49776179    0.47710456    0.47789046    0.47199820    0.47274744    0.50435299    0.59813239    0.59686262    0.56451535
T6             0.33226334    0.21726959    0.22302154    0.20467326    0.21158323    0.20158891    0.19807651    0.19807651    0.53445535    0.54414213    0.51269023    0.00000000    0.04343759    0.03697640    0.05194818    0.05200379    0.12778210    0.12795313    0.12546432    0.12282920    0.29688568    0.32830270    0.32783145    0.30928157
T9             0.31943040    0.22013728    0.22013728    0.21035986    0.21441831    0.20779891    0.20084860    0.20084860    0.52674362    0.53633746    0.51442697    0.04343759    0.00000000    0.01417437    0.05646263    0.05654132    0.12563686    0.12581711    0.12332827    0.12068390    0.28793746    0.31556388    0.31511521    0.29688568
T15            0.30973112    0.21416928    0.21987187    0.20440011    0.20853117    0.19905076    0.19237270    0.19237270    0.52113216    0.53058945    0.50892977    0.03697640    0.01417437    0.00000000    0.04982475    0.04988227    0.12298787    0.12315424    0.12068390    0.11807156    0.28431077    0.31175522    0.31132979    0.29320754
T18            0.32237579    0.20573583    0.21134226    0.19049990    0.19470855    0.19349094    0.18965353    0.18965353    0.51185085    0.51646992    0.49693048    0.05194818    0.05646263    0.04982475    0.00000000    0.01210026    0.11563145    0.11577964    0.10851250    0.11078676    0.27477608    0.30841770    0.30800343    0.29975143
T5             0.32979003    0.20596096    0.21158323    0.19073410    0.19490305    0.19374179    0.18985150    0.18985150    0.51269023    0.51733083    0.49776179    0.05200379    0.05654132    0.04988227    0.01210026    0.00000000    0.11092313    0.11106703    0.10385240    0.10611346    0.27514262    0.30884376    0.30841770    0.30017922
T20            0.29535161    0.20413620    0.20979049    0.18898831    0.19301636    0.19203945    0.18526571    0.18526571    0.47558575    0.48433821    0.47710456    0.12778210    0.12563686    0.12298787    0.11563145    0.11092313    0.00000000    0.01623212    0.03485752    0.03272689    0.28640670    0.31506402    0.31455603    0.30636920
T11            0.28596545    0.20158891    0.20722726    0.18649490    0.19601358    0.19513066    0.18822803    0.18822803    0.47633633    0.48512744    0.47789046    0.12795313    0.12581711    0.12315424    0.11577964    0.11106703    0.01623212    0.00000000    0.03488919    0.03274760    0.27713798    0.30536509    0.30488024    0.29677314
T1             0.29820476    0.20158891    0.20722726    0.18101130    0.19601358    0.20078526    0.19097729    0.19097729    0.47055222    0.47919089    0.47199820    0.12546432    0.12332827    0.12068390    0.10851250    0.10385240    0.03485752    0.03488919    0.00000000    0.02234688    0.27312915    0.30776703    0.30729385    0.30586142
T3             0.29775371    0.19626310    0.20185409    0.18348964    0.19301636    0.19764634    0.18799241    0.18799241    0.47126645    0.47994278    0.47274744    0.12282920    0.12068390    0.11807156    0.11078676    0.10611346    0.03272689    0.03274760    0.02234688    0.00000000    0.27909666    0.31405978    0.31357528    0.30200488
T14            0.16390199    0.27352887    0.27992623    0.25707897    0.26020754    0.24439232    0.23973895    0.23973895    0.53538621    0.54512037    0.50435299    0.29688568    0.28793746    0.28431077    0.27477608    0.27514262    0.28640670    0.27713798    0.27312915    0.27909666    0.00000000    0.08069596    0.08060971    0.10611346
T10            0.17934239    0.32787335    0.33492630    0.30688841    0.29777682    0.27992623    0.27477608    0.27477608    0.62926070    0.64099939    0.59813239    0.32830270    0.31556388    0.31175522    0.30841770    0.30884376    0.31506402    0.30536509    0.30776703    0.31405978    0.08069596    0.00000000    0.00401106    0.13478217
T23            0.18456569    0.32734108    0.33436913    0.30636920    0.29726939    0.27950601    0.27442045    0.27442045    0.62784960    0.63951945    0.59686262    0.32783145    0.31511521    0.31132979    0.30800343    0.30841770    0.31455603    0.30488024    0.30729385    0.31357528    0.08060971    0.00401106    0.00000000    0.13462379
T16            0.18180870    0.28315594    0.28967879    0.29262240    0.27615169    0.25357656    0.24940579    0.24940579    0.59144007    0.60234477    0.56451535    0.30928157    0.29688568    0.29320754    0.29975143    0.30017922    0.30636920    0.29677314    0.30586142    0.30200488    0.10611346    0.13478217    0.13462379    0.00000000

