24
T1             0.00000000    0.37422525    0.31086217    0.33195903    0.29425549    0.29370421    0.29765070    0.29708788    0.42236722    0.42325714    0.37945519    0.38029507    0.34188113    0.35164229    0.36302954    0.31852224    0.29494712    0.31545992    0.29765070    0.30797728    0.31726264    0.32604167    0.31545992    0.37708493
T23            0.37422525    0.00000000    0.19374633    0.22390698    0.19679413    0.19652640    0.18847687    0.19374633    0.33278554    0.33330603    0.27480222    0.27524488    0.26173575    0.26173575    0.26801297    0.25900851    0.20620047    0.22041814    0.21611791    0.21901928    0.22421944    0.23803234    0.21468234    0.31067775
T3             0.31086217    0.19374633    0.00000000    0.05626722    0.08069670    0.08061043    0.07841291    0.07380576    0.23442688    0.23770538    0.18052709    0.18623570    0.15395717    0.15652933    0.16171380    0.16414677    0.14155738    0.16208488    0.14748264    0.15006158    0.15745197    0.15947225    0.15687324    0.21468234
T15            0.33195903    0.22390698    0.05626722    0.00000000    0.10339233    0.10329573    0.10103299    0.10094197    0.26267609    0.26923262    0.20669780    0.21264736    0.18176369    0.18444644    0.18985564    0.18426312    0.16625842    0.18214285    0.16714787    0.16979515    0.18277850    0.17717756    0.17450909    0.23384038
T19            0.29425549    0.19679413    0.08069670    0.10339233    0.00000000    0.00401106    0.02660457    0.03077621    0.22421944    0.22454150    0.16825141    0.17389261    0.14201727    0.14455677    0.14967491    0.14693483    0.12485343    0.14491698    0.12813401    0.13064170    0.14810356    0.14748264    0.13982490    0.20751376
T11            0.29370421    0.19652640    0.08061043    0.10329573    0.00401106    0.00000000    0.02656514    0.03073421    0.22390698    0.22421944    0.16801373    0.17363190    0.14185583    0.14438887    0.14949387    0.14676859    0.12717788    0.14729188    0.13045655    0.13297055    0.15048089    0.14986415    0.14218681    0.21007591
T9             0.29765070    0.18847687    0.07841291    0.10103299    0.02660457    0.02656514    0.00000000    0.01623216    0.22421944    0.22454150    0.16825141    0.17389261    0.14201727    0.14455677    0.14967491    0.14693483    0.12485343    0.14491698    0.12813401    0.13064170    0.14294554    0.14748264    0.13982490    0.20185905
T13            0.29708788    0.19374633    0.07380576    0.10094197    0.03077621    0.03073421    0.01623216    0.00000000    0.22977794    0.23010777    0.17337970    0.17907107    0.14693483    0.14949387    0.15465167    0.15188666    0.12964821    0.14986415    0.13045655    0.13297055    0.14274383    0.14729188    0.13965375    0.21007591
T14            0.42236722    0.33278554    0.23442688    0.26267609    0.22421944    0.22390698    0.22421944    0.22977794    0.00000000    0.01210028    0.17986039    0.18549793    0.17167164    0.17431885    0.17431885    0.16658829    0.23678435    0.27036990    0.26294220    0.26610074    0.26842458    0.27672704    0.26098360    0.34935543
T6             0.42325714    0.33330603    0.23770538    0.26923262    0.22454150    0.22421944    0.22454150    0.23010777    0.01210028    0.00000000    0.18007383    0.18573500    0.17185482    0.17450909    0.17450909    0.16154103    0.23119331    0.27077036    0.26336513    0.26653373    0.26884674    0.27714788    0.26135445    0.34269181
T5             0.37945519    0.27480222    0.18052709    0.20669780    0.16825141    0.16801373    0.16825141    0.17337970    0.17986039    0.18007383    0.00000000    0.00805157    0.04124155    0.04338780    0.03910449    0.08289945    0.19427519    0.22001930    0.21009563    0.21301415    0.22110387    0.21418244    0.20841310    0.30223293
T4             0.38029507    0.27524488    0.18623570    0.21264736    0.17389261    0.17363190    0.17389261    0.17907107    0.18549793    0.18573500    0.00805157    0.00000000    0.04343781    0.04776764    0.04343781    0.08761150    0.20017609    0.22629504    0.21633101    0.21929289    0.22746106    0.22037146    0.21451742    0.30966975
T22            0.34188113    0.26173575    0.15395717    0.18176369    0.14201727    0.14185583    0.14201727    0.14693483    0.17167164    0.17185482    0.04124155    0.04343781    0.00000000    0.02233099    0.02233099    0.07599492    0.17224730    0.19679413    0.18705281    0.18983301    0.19765142    0.19959767    0.19123391    0.27847500
T10            0.35164229    0.26173575    0.15652933    0.18444644    0.14455677    0.14438887    0.14455677    0.14949387    0.17431885    0.17450909    0.04338780    0.04776764    0.02233099    0.00000000    0.00804440    0.07825795    0.17224730    0.19455308    0.18983301    0.19262879    0.20047886    0.19959767    0.19400627    0.27524488
T12            0.36302954    0.26801297    0.16171380    0.18985564    0.14967491    0.14949387    0.14967491    0.15465167    0.17431885    0.17450909    0.03910449    0.04343781    0.02233099    0.00804440    0.00000000    0.08053130    0.17759869    0.20241705    0.19544033    0.19826781    0.20618230    0.20525247    0.19959767    0.28172618
T16            0.31852224    0.25900851    0.16414677    0.18426312    0.14693483    0.14676859    0.14693483    0.15188666    0.16658829    0.16154103    0.08289945    0.08761150    0.07599492    0.07825795    0.08053130    0.00000000    0.16939947    0.19098168    0.18954411    0.19233206    0.20017609    0.20213348    0.19374633    0.27160320
T7             0.29494712    0.20620047    0.14155738    0.16625842    0.12485343    0.12717788    0.12485343    0.12964821    0.23678435    0.23119331    0.19427519    0.20017609    0.17224730    0.17224730    0.17759869    0.16939947    0.00000000    0.05200410    0.08299100    0.08529590    0.09205616    0.10349645    0.09178229    0.18549793
T20            0.31545992    0.22041814    0.16208488    0.18214285    0.14491698    0.14729188    0.14491698    0.14986415    0.27036990    0.27077036    0.22001930    0.22629504    0.19679413    0.19455308    0.20241705    0.19098168    0.05200410    0.00000000    0.09227522    0.09462354    0.10385369    0.11065934    0.09877771    0.19932206
T2             0.29765070    0.21611791    0.14748264    0.16714787    0.12813401    0.13045655    0.12813401    0.13045655    0.26294220    0.26336513    0.21009563    0.21633101    0.18705281    0.18983301    0.19544033    0.18954411    0.08299100    0.09227522    0.00000000    0.00603639    0.05450132    0.06762720    0.05646303    0.18899278
T8             0.30797728    0.21901928    0.15006158    0.16979515    0.13064170    0.13297055    0.13064170    0.13297055    0.26610074    0.26653373    0.21301415    0.21929289    0.18983301    0.19262879    0.19826781    0.19233206    0.08529590    0.09462354    0.00603639    0.00000000    0.05671921    0.06989034    0.05867596    0.19455308
T18            0.31726264    0.22421944    0.15745197    0.18277850    0.14810356    0.15048089    0.14294554    0.14274383    0.26842458    0.26884674    0.22110387    0.22746106    0.19765142    0.20047886    0.20618230    0.20017609    0.09205616    0.10385369    0.05450132    0.05671921    0.00000000    0.07880765    0.06744001    0.20241705
T17            0.32604167    0.23803234    0.15947225    0.17717756    0.14748264    0.14986415    0.14748264    0.14729188    0.27672704    0.27714788    0.21418244    0.22037146    0.19959767    0.19959767    0.20525247    0.20213348    0.10349645    0.11065934    0.06762720    0.06989034    0.07880765    0.00000000    0.02444415    0.20780431
T21            0.31545992    0.21468234    0.15687324    0.17450909    0.13982490    0.14218681    0.13982490    0.13965375    0.26098360    0.26135445    0.20841310    0.21451742    0.19123391    0.19400627    0.19959767    0.19374633    0.09178229    0.09877771    0.05646303    0.05867596    0.06744001    0.02444415    0.00000000    0.20440517
T0             0.37708493    0.31067775    0.21468234    0.23384038    0.20751376    0.21007591    0.20185905    0.21007591    0.34935543    0.34269181    0.30223293    0.30966975    0.27847500    0.27524488    0.28172618    0.27160320    0.18549793    0.19932206    0.18899278    0.19455308    0.20241705    0.20780431    0.20440517    0.00000000

