24
T21            0.00000000    0.38688752    0.38105391    0.39627423    0.35148495    0.41197294    0.39367127    0.38661773    0.37101107    0.42059884    0.42461786    0.38481574    0.36680127    0.38105391    0.30861403    0.30639096    0.34102619    0.31188344    0.34980594    0.09684954    0.09684954    0.10134139    0.10134139    0.09697339
T15            0.38688752    0.00000000    0.00602719    0.05391014    0.14832739    0.16674159    0.13170784    0.13211507    0.13393977    0.20640494    0.20271798    0.20336774    0.18943870    0.19507796    0.40311777    0.39603793    0.42085046    0.40311777    0.43965513    0.38049537    0.38049537    0.38313984    0.38688752    0.37361421
T0             0.38105391    0.00602719    0.00000000    0.04750947    0.14844142    0.16692747    0.13183562    0.13226669    0.13405761    0.20155440    0.19782596    0.19574206    0.18192021    0.18752044    0.39714099    0.38634298    0.41084498    0.39333625    0.42941358    0.37471710    0.37471710    0.37732021    0.38105391    0.36787685
T1             0.39627423    0.05391014    0.04750947    0.00000000    0.15605719    0.16956663    0.13681168    0.14199868    0.13653943    0.20719002    0.20616185    0.20129929    0.18731245    0.19298645    0.40483852    0.39010475    0.42266466    0.39333625    0.43751679    0.37214087    0.37214087    0.37471710    0.37845083    0.36531381
T2             0.35148495    0.14832739    0.14844142    0.15605719    0.00000000    0.09204849    0.08723971    0.10348711    0.09634008    0.22009771    0.21672851    0.21130769    0.19722198    0.19741404    0.39929854    0.37840066    0.41027126    0.39174657    0.43158475    0.35502045    0.35502045    0.36122577    0.35766510    0.34841464
T10            0.41197294    0.16674159    0.16692747    0.16956663    0.09204849    0.00000000    0.10637510    0.11592304    0.10371704    0.23566097    0.22909593    0.23532450    0.22617092    0.22647148    0.43687266    0.41460322    0.45290755    0.42059884    0.46696029    0.39754996    0.39754996    0.40406191    0.40015290    0.39045178
T6             0.39367127    0.13170784    0.13183562    0.13681168    0.08723971    0.10637510    0.00000000    0.07880083    0.06735239    0.20491782    0.20436426    0.20747023    0.19598165    0.19623030    0.42194536    0.40015290    0.42529974    0.41393933    0.45562348    0.38724634    0.38724634    0.39367127    0.38982246    0.38024994
T3             0.38661773    0.13211507    0.13226669    0.14199868    0.10348711    0.11592304    0.07880083    0.00000000    0.04760746    0.21606933    0.21546903    0.20719002    0.19574206    0.19876025    0.40669226    0.38540241    0.40341530    0.39890464    0.43957400    0.37272605    0.37272605    0.37903680    0.37528904    0.36588488
T23            0.37101107    0.13393977    0.13405761    0.13653943    0.09634008    0.10371704    0.06735239    0.04760746    0.00000000    0.21003185    0.20948309    0.20691905    0.19827478    0.19851294    0.39714099    0.37995076    0.41063208    0.38956028    0.42941358    0.35387958    0.35387958    0.36005515    0.35645594    0.34725058
T19            0.42059884    0.20640494    0.20155440    0.20719002    0.22009771    0.23566097    0.20491782    0.21606933    0.21003185    0.00000000    0.06527786    0.21576449    0.21380749    0.22221663    0.39658217    0.39066352    0.43137088    0.39771435    0.43137088    0.40998393    0.40998393    0.41661189    0.41265652    0.40669226
T12            0.42461786    0.20271798    0.19782596    0.20616185    0.21672851    0.22909593    0.20436426    0.21546903    0.20948309    0.06527786    0.00000000    0.21805751    0.21032018    0.21865567    0.39174657    0.38956028    0.44230491    0.39658217    0.42603134    0.41792630    0.41792630    0.42461786    0.42059884    0.41460322
T18            0.38481574    0.20336774    0.19574206    0.20129929    0.21130769    0.23532450    0.20747023    0.20719002    0.20691905    0.21576449    0.21805751    0.00000000    0.02646187    0.03272625    0.38313984    0.37361421    0.38529652    0.37677558    0.40544168    0.35747882    0.35747882    0.37732021    0.37361421    0.37528904
T11            0.36680127    0.18943870    0.18192021    0.18731245    0.19722198    0.22617092    0.19598165    0.19574206    0.19827478    0.21380749    0.21032018    0.02646187    0.00000000    0.02027194    0.37890338    0.36941809    0.38479466    0.37256610    0.40097492    0.34981376    0.34981376    0.36941809    0.36577959    0.36733233
T7             0.38105391    0.19507796    0.18752044    0.19298645    0.19741404    0.22647148    0.19623030    0.19876025    0.19851294    0.22221663    0.21865567    0.03272625    0.02027194    0.00000000    0.38049537    0.37361421    0.38903015    0.37677558    0.40544168    0.35387958    0.35387958    0.37361421    0.36993549    0.37156920
T9             0.30861403    0.40311777    0.39714099    0.40483852    0.39929854    0.43687266    0.42194536    0.40669226    0.39714099    0.39658217    0.39174657    0.38313984    0.37890338    0.38049537    0.00000000    0.04554142    0.07812695    0.04541746    0.07139985    0.29448699    0.29448699    0.30536588    0.30278918    0.29667773
T5             0.30639096    0.39603793    0.38634298    0.39010475    0.37840066    0.41460322    0.40015290    0.38540241    0.37995076    0.39066352    0.38956028    0.37361421    0.36941809    0.37361421    0.04554142    0.00000000    0.06931657    0.04338611    0.07155390    0.28525617    0.28525617    0.29604503    0.29348151    0.28745323
T16            0.34102619    0.42085046    0.41084498    0.42266466    0.41027126    0.45290755    0.42529974    0.40341530    0.41063208    0.43137088    0.44230491    0.38529652    0.38479466    0.38903015    0.07812695    0.06931657    0.00000000    0.07587450    0.10531959    0.31886020    0.31886020    0.33342674    0.33078192    0.32442552
T8             0.31188344    0.40311777    0.39333625    0.39333625    0.39174657    0.42059884    0.41393933    0.39890464    0.38956028    0.39771435    0.39658217    0.37677558    0.37256610    0.37677558    0.04541746    0.04338611    0.07587450    0.00000000    0.05613018    0.27554961    0.27554961    0.28630842    0.28373160    0.27780017
T4             0.34980594    0.43965513    0.42941358    0.43751679    0.43158475    0.46696029    0.45562348    0.43957400    0.42941358    0.43137088    0.42603134    0.40544168    0.40097492    0.40544168    0.07139985    0.07155390    0.10531959    0.05613018    0.00000000    0.32406730    0.32406730    0.32938534    0.32671216    0.32638054
T13            0.09684954    0.38049537    0.37471710    0.37214087    0.35502045    0.39754996    0.38724634    0.37272605    0.35387958    0.40998393    0.41792630    0.35747882    0.34981376    0.35387958    0.29448699    0.28525617    0.31886020    0.27554961    0.32406730    0.00000000    0.00000000    0.02233491    0.02233491    0.02031408
T20            0.09684954    0.38049537    0.37471710    0.37214087    0.35502045    0.39754996    0.38724634    0.37272605    0.35387958    0.40998393    0.41792630    0.35747882    0.34981376    0.35387958    0.29448699    0.28525617    0.31886020    0.27554961    0.32406730    0.00000000    0.00000000    0.02233491    0.02233491    0.02031408
T22            0.10134139    0.38313984    0.37732021    0.37471710    0.36122577    0.40406191    0.39367127    0.37903680    0.36005515    0.41661189    0.42461786    0.37732021    0.36941809    0.37361421    0.30536588    0.29604503    0.33342674    0.28630842    0.32938534    0.02233491    0.02233491    0.00000000    0.01007277    0.02234657
T14            0.10134139    0.38688752    0.38105391    0.37845083    0.35766510    0.40015290    0.38982246    0.37528904    0.35645594    0.41265652    0.42059884    0.37361421    0.36577959    0.36993549    0.30278918    0.29348151    0.33078192    0.28373160    0.32671216    0.02233491    0.02233491    0.01007277    0.00000000    0.02234657
T17            0.09697339    0.37361421    0.36787685    0.36531381    0.34841464    0.39045178    0.38024994    0.36588488    0.34725058    0.40669226    0.41460322    0.37528904    0.36733233    0.37156920    0.29667773    0.28745323    0.32442552    0.27780017    0.32638054    0.02031408    0.02031408    0.02234657    0.02234657    0.00000000

