24
T10            0.00000000    0.46236765    0.44154166    0.39955636    0.42267946    0.42004771    0.45803431    0.47571587    0.45704842    0.44750702    0.44580120    0.44336241    0.41066873    0.41066873    0.41066873    0.38165815    0.20614155    0.23337765    0.20551526    0.21413963    0.21929995    0.21836087    0.23074778    0.23637302
T3             0.46236765    0.00000000    0.02440553    0.25988417    0.25107112    0.23970382    0.30241748    0.31768957    0.31366298    0.28540237    0.28772768    0.27030846    0.26505350    0.26505350    0.26262594    0.26441443    0.42533934    0.45142828    0.45566955    0.45142828    0.46269485    0.46473079    0.47658401    0.48018113
T0             0.44154166    0.02440553    0.00000000    0.23766060    0.22618114    0.21519209    0.28118786    0.29928341    0.29537560    0.26782052    0.27010328    0.25007667    0.24506250    0.24506250    0.24268126    0.23832133    0.40803687    0.43350995    0.43764593    0.43350995    0.44450491    0.44650327    0.44947883    0.45295182
T22            0.39955636    0.25988417    0.23766060    0.00000000    0.04545264    0.04116971    0.24536443    0.24776191    0.24434822    0.21836087    0.21778215    0.22796846    0.20571366    0.20571366    0.20617111    0.18212097    0.35196747    0.38264460    0.38264460    0.37893831    0.38906754    0.38387326    0.39337327    0.39662027
T18            0.42267946    0.25107112    0.22618114    0.04545264    0.00000000    0.02029420    0.25410276    0.25974153    0.25623356    0.23269367    0.22910630    0.23940952    0.21673923    0.21673923    0.21724153    0.19828310    0.36945004    0.40101268    0.40101268    0.39717837    0.40758006    0.40208677    0.41207726    0.41539880
T20            0.42004771    0.23970382    0.21519209    0.04116971    0.02029420    0.00000000    0.23970382    0.25044873    0.24702645    0.21866445    0.21519209    0.22533855    0.20315125    0.20315125    0.20361182    0.18502649    0.36319283    0.39717837    0.39450394    0.39069881    0.40101268    0.39554791    0.40547915    0.40877076
T13            0.45803431    0.30241748    0.28118786    0.24536443    0.25410276    0.23970382    0.00000000    0.12119762    0.11854549    0.10217541    0.10426732    0.09887153    0.15187023    0.15187023    0.15482709    0.19623776    0.39127123    0.43481444    0.43891637    0.43481444    0.43891637    0.43690942    0.44650327    0.44997054
T7             0.47571587    0.31768957    0.29928341    0.24776191    0.25974153    0.25044873    0.12119762    0.00000000    0.01008407    0.07265443    0.07239280    0.09029618    0.14036872    0.14036872    0.13567772    0.18321951    0.39693826    0.41531861    0.44680488    0.44258144    0.44680488    0.44033443    0.45026345    0.45373825
T16            0.45704842    0.31366298    0.29537560    0.24434822    0.25623356    0.24702645    0.11854549    0.01008407    0.00000000    0.07023154    0.06999396    0.08783062    0.13763569    0.13763569    0.13295470    0.18298215    0.38484846    0.41864371    0.43350995    0.42940794    0.43350995    0.42736131    0.43691429    0.44033443
T6             0.44750702    0.28540237    0.26782052    0.21836087    0.23269367    0.21866445    0.10217541    0.07265443    0.07023154    0.00000000    0.01415453    0.07673575    0.13843439    0.13843439    0.13122550    0.18124346    0.37217001    0.40803687    0.42004771    0.41601192    0.42004771    0.41397700    0.41531861    0.41864371
T1             0.44580120    0.28772768    0.27010328    0.21778215    0.22910630    0.21519209    0.10426732    0.07239280    0.06999396    0.01415453    0.00000000    0.07650785    0.13801930    0.13801930    0.13081806    0.18398413    0.36371001    0.39894006    0.41066873    0.40672849    0.41066873    0.40487666    0.40609643    0.40938851
T8             0.44336241    0.27030846    0.25007667    0.22796846    0.23940952    0.22533855    0.09887153    0.09029618    0.08783062    0.07673575    0.07650785    0.00000000    0.12470956    0.12470956    0.11764701    0.18232298    0.36845744    0.39988184    0.41147413    0.40758006    0.41147413    0.42148359    0.41873551    0.42208753
T17            0.41066873    0.26505350    0.24506250    0.20571366    0.21673923    0.20315125    0.15187023    0.14036872    0.13763569    0.13843439    0.13801930    0.12470956    0.00000000    0.00000000    0.03906945    0.15580586    0.36037222    0.38020785    0.38855252    0.38483248    0.38855252    0.39080027    0.38805192    0.39503369
T5             0.41066873    0.26505350    0.24506250    0.20571366    0.21673923    0.20315125    0.15187023    0.14036872    0.13763569    0.13843439    0.13801930    0.12470956    0.00000000    0.00000000    0.03906945    0.15580586    0.36037222    0.38020785    0.38855252    0.38483248    0.38855252    0.39080027    0.38805192    0.39503369
T11            0.41066873    0.26262594    0.24268126    0.20617111    0.21724153    0.20361182    0.15482709    0.13567772    0.13295470    0.13122550    0.13081806    0.11764701    0.03906945    0.03906945    0.00000000    0.16120604    0.35065084    0.37747451    0.38483248    0.37383578    0.37747451    0.38709408    0.39554791    0.40261499
T19            0.38165815    0.26441443    0.23832133    0.18212097    0.19828310    0.18502649    0.19623776    0.18321951    0.18298215    0.18124346    0.18398413    0.18232298    0.15580586    0.15580586    0.16120604    0.00000000    0.33886633    0.34844415    0.36631469    0.36268906    0.36631469    0.37477085    0.37209623    0.37525933
T23            0.20614155    0.42533934    0.40803687    0.35196747    0.36945004    0.36319283    0.39127123    0.39693826    0.38484846    0.37217001    0.36371001    0.36845744    0.36037222    0.36037222    0.35065084    0.33886633    0.00000000    0.08060612    0.06276302    0.06498052    0.07380252    0.07599167    0.07387291    0.07832794
T4             0.23337765    0.45142828    0.43350995    0.38264460    0.40101268    0.39717837    0.43481444    0.41531861    0.41864371    0.40803687    0.39894006    0.39988184    0.38020785    0.38020785    0.37747451    0.34844415    0.08060612    0.00000000    0.08045574    0.08273391    0.09177751    0.09186107    0.07599167    0.07593034
T2             0.20551526    0.45566955    0.43764593    0.38264460    0.40101268    0.39450394    0.43891637    0.44680488    0.43350995    0.42004771    0.41066873    0.41147413    0.38855252    0.38855252    0.38483248    0.36631469    0.06276302    0.08045574    0.00000000    0.00603633    0.01415453    0.03274718    0.06282228    0.06720791
T9             0.21413963    0.45142828    0.43350995    0.37893831    0.39717837    0.39069881    0.43481444    0.44258144    0.42940794    0.41601192    0.40672849    0.40758006    0.38483248    0.38483248    0.37383578    0.36268906    0.06498052    0.08273391    0.00603633    0.00000000    0.00804437    0.03485698    0.06504472    0.06944528
T14            0.21929995    0.46269485    0.44450491    0.38906754    0.40758006    0.40101268    0.43891637    0.44680488    0.43350995    0.42004771    0.41066873    0.41147413    0.38855252    0.38855252    0.37747451    0.36631469    0.07380252    0.09177751    0.01415453    0.00804437    0.00000000    0.04330658    0.07387291    0.07832794
T21            0.21836087    0.46473079    0.44650327    0.38387326    0.40208677    0.39554791    0.43690942    0.44033443    0.42736131    0.41397700    0.40487666    0.42148359    0.39080027    0.39080027    0.38709408    0.37477085    0.07599167    0.09186107    0.03274718    0.03485698    0.04330658    0.00000000    0.06944528    0.07387291
T12            0.23074778    0.47658401    0.44947883    0.39337327    0.41207726    0.40547915    0.44650327    0.45026345    0.43691429    0.41531861    0.40609643    0.41873551    0.38805192    0.38805192    0.39554791    0.37209623    0.07387291    0.07599167    0.06282228    0.06504472    0.07387291    0.06944528    0.00000000    0.00805151
T15            0.23637302    0.48018113    0.45295182    0.39662027    0.41539880    0.40877076    0.44997054    0.45373825    0.44033443    0.41864371    0.40938851    0.42208753    0.39503369    0.39503369    0.40261499    0.37525933    0.07832794    0.07593034    0.06720791    0.06944528    0.07832794    0.07387291    0.00805151    0.00000000

