24
T6             0.00000000    0.22046907    0.22890247    0.20648714    0.20648714    0.20392897    0.26368860    0.23600401    0.25150518    0.25761470    0.27802554    0.21188379    0.19378809    0.20501037    0.20700665    0.20190479    0.21298778    0.27802554    0.21527863    0.17681923    0.26040780    0.24896655    0.17169775    0.18411544
T10            0.22046907    0.00000000    0.01619068    0.14576290    0.14576290    0.14554528    0.20674221    0.17833339    0.25020610    0.25020610    0.28003207    0.26485223    0.26069783    0.27322499    0.27523348    0.26968180    0.28199732    0.32704973    0.28846395    0.22993909    0.34123932    0.32836095    0.28763172    0.27695370
T2             0.22890247    0.01619068    0.00000000    0.13571980    0.13571980    0.13552071    0.20418540    0.17048718    0.25058234    0.25058234    0.28046619    0.26517028    0.26106066    0.27362756    0.27561365    0.27006351    0.27600472    0.32749982    0.28889684    0.23308381    0.34864734    0.33560325    0.29786992    0.28684438
T16            0.20648714    0.14576290    0.13571980    0.00000000    0.00000000    0.01008431    0.12448846    0.09686922    0.21786910    0.22075574    0.25218413    0.25298906    0.23448504    0.24644801    0.24847832    0.24546976    0.24816361    0.29751964    0.25118125    0.22203452    0.31205350    0.29971794    0.26583876    0.26424864
T15            0.20648714    0.14576290    0.13571980    0.00000000    0.00000000    0.01008431    0.12448846    0.09686922    0.21786910    0.22075574    0.25218413    0.25298906    0.23448504    0.24644801    0.24847832    0.24546976    0.24816361    0.29751964    0.25118125    0.22203452    0.31205350    0.29971794    0.26583876    0.26424864
T3             0.20392897    0.14554528    0.13552071    0.01008431    0.01008431    0.00000000    0.12460724    0.09675156    0.22105204    0.22396406    0.25561285    0.25027195    0.23184016    0.24376746    0.24578562    0.24278608    0.24546976    0.29464809    0.25455056    0.21941930    0.31240885    0.30005444    0.26308687    0.26149058
T14            0.26368860    0.20674221    0.20418540    0.12448846    0.12448846    0.12460724    0.00000000    0.10299126    0.27729991    0.27802554    0.31479586    0.29717007    0.28082852    0.30029294    0.30232109    0.29903473    0.30521118    0.35351301    0.30693195    0.28102692    0.37911842    0.36560185    0.34604748    0.34734989
T18            0.23600401    0.17833339    0.17048718    0.09686922    0.09686922    0.09675156    0.10299126    0.00000000    0.24310306    0.24611171    0.28199732    0.27568015    0.25358216    0.26895066    0.27103715    0.26793508    0.27695370    0.33097514    0.28574797    0.23460572    0.32655456    0.31400813    0.29538442    0.29683223
T13            0.25150518    0.25020610    0.25058234    0.21786910    0.21786910    0.22105204    0.27729991    0.24310306    0.00000000    0.01415491    0.06099272    0.28159665    0.26343821    0.27600472    0.27486425    0.27879525    0.29129661    0.32239892    0.26209691    0.23841705    0.32280016    0.31022893    0.31523592    0.32321379
T5             0.25761470    0.25020610    0.25058234    0.22075574    0.22075574    0.22396406    0.27802554    0.24611171    0.01415491    0.00000000    0.06304951    0.29046556    0.26655021    0.27919657    0.27802554    0.28199732    0.29457241    0.32917216    0.26517028    0.24430920    0.32959664    0.31688917    0.32203306    0.33003367
T12            0.27802554    0.28003207    0.28046619    0.25218413    0.25218413    0.25561285    0.31479586    0.28199732    0.06099272    0.06304951    0.00000000    0.31276493    0.28723243    0.30361234    0.29903473    0.30317029    0.31615200    0.32424813    0.29538442    0.27349715    0.36761755    0.35775075    0.34801527    0.35621803
T17            0.21188379    0.26485223    0.26517028    0.25298906    0.25298906    0.25027195    0.29717007    0.27568015    0.28159665    0.29046556    0.31276493    0.00000000    0.07395968    0.08772996    0.08070325    0.08530365    0.09217115    0.28824477    0.25455056    0.21612401    0.29559897    0.28985029    0.25328034    0.26396316
T8             0.19378809    0.26069783    0.26106066    0.23448504    0.23448504    0.23184016    0.28082852    0.25358216    0.26343821    0.26655021    0.28723243    0.07395968    0.00000000    0.01626289    0.01414132    0.03280970    0.03914686    0.27450597    0.24075872    0.19514523    0.28161278    0.26979723    0.24247928    0.25298906
T11            0.20501037    0.27322499    0.27362756    0.24644801    0.24644801    0.24376746    0.30029294    0.26895066    0.27600472    0.27919657    0.30361234    0.08772996    0.01626289    0.00000000    0.02656606    0.04566210    0.05213896    0.28723243    0.25290438    0.20066242    0.29751964    0.28540517    0.25455056    0.25904240
T0             0.20700665    0.27523348    0.27561365    0.24847832    0.24847832    0.24578562    0.30232109    0.27103715    0.27486425    0.27802554    0.29903473    0.08070325    0.01414132    0.02656606    0.00000000    0.04334599    0.04977635    0.28930390    0.25489426    0.20835054    0.29971794    0.28759602    0.24756524    0.25817710
T20            0.20190479    0.26968180    0.27006351    0.24546976    0.24546976    0.24278608    0.29903473    0.26793508    0.27879525    0.28199732    0.30317029    0.08530365    0.03280970    0.04566210    0.04334599    0.00000000    0.01417472    0.27802554    0.24043057    0.20321577    0.29717007    0.28507375    0.24578562    0.25630702
T21            0.21298778    0.28199732    0.27600472    0.24816361    0.24816361    0.24546976    0.30521118    0.27695370    0.29129661    0.29457241    0.31615200    0.09217115    0.03914686    0.05213896    0.04977635    0.01417472    0.00000000    0.28723243    0.24913866    0.21138881    0.30656215    0.29429733    0.25761470    0.26209691
T7             0.27802554    0.32704973    0.32749982    0.29751964    0.29751964    0.29464809    0.35351301    0.33097514    0.32239892    0.32917216    0.32424813    0.28824477    0.27450597    0.28723243    0.28930390    0.27802554    0.28723243    0.00000000    0.17516520    0.20418540    0.28824477    0.27629460    0.32959664    0.33779435
T9             0.21527863    0.28846395    0.28889684    0.25118125    0.25118125    0.25455056    0.30693195    0.28574797    0.26209691    0.26517028    0.29538442    0.25455056    0.24075872    0.25290438    0.25489426    0.24043057    0.24913866    0.17516520    0.00000000    0.14750774    0.23950666    0.22832679    0.26549913    0.27258795
T22            0.17681923    0.22993909    0.23308381    0.22203452    0.22203452    0.21941930    0.28102692    0.23460572    0.23841705    0.24430920    0.27349715    0.21612401    0.19514523    0.20066242    0.20835054    0.20321577    0.21138881    0.20418540    0.14750774    0.00000000    0.18364352    0.17338315    0.22419978    0.23422212
T4             0.26040780    0.34123932    0.34864734    0.31205350    0.31205350    0.31240885    0.37911842    0.32655456    0.32280016    0.32959664    0.36761755    0.29559897    0.28161278    0.29751964    0.29971794    0.29717007    0.30656215    0.28824477    0.23950666    0.18364352    0.00000000    0.01210974    0.31637469    0.32808456
T19            0.24896655    0.32836095    0.33560325    0.29971794    0.29971794    0.30005444    0.36560185    0.31400813    0.31022893    0.31688917    0.35775075    0.28985029    0.26979723    0.28540517    0.28759602    0.28507375    0.29429733    0.27629460    0.22832679    0.17338315    0.01210974    0.00000000    0.30403788    0.31558006
T23            0.17169775    0.28763172    0.29786992    0.26583876    0.26583876    0.26308687    0.34604748    0.29538442    0.31523592    0.32203306    0.34801527    0.25328034    0.24247928    0.25455056    0.24756524    0.24578562    0.25761470    0.32959664    0.26549913    0.22419978    0.31637469    0.30403788    0.00000000    0.04117166
T1             0.18411544    0.27695370    0.28684438    0.26424864    0.26424864    0.26149058    0.34734989    0.29683223    0.32321379    0.33003367    0.35621803    0.26396316    0.25298906    0.25904240    0.25817710    0.25630702    0.26209691    0.33779435    0.27258795    0.23422212    0.32808456    0.31558006    0.04117166    0.00000000

