24
T21            0.00000000    0.15285346    0.22771928    0.21132717    0.21415358    0.20829361    0.19425497    0.24169915    0.24777088    0.43241833    0.19026204    0.21651160    0.16188287    0.15606700    0.14354588    0.15394685    0.16450178    0.12679945    0.11983332    0.11511075    0.11270626    0.14645159    0.14645159    0.10610922
T17            0.15285346    0.00000000    0.11942567    0.10775438    0.11012460    0.11480485    0.15046820    0.18373151    0.18753591    0.39533991    0.14472242    0.17203299    0.11806611    0.20107162    0.19300314    0.20239496    0.21640743    0.16754956    0.16511608    0.16005823    0.15483398    0.22680682    0.22680682    0.15985052
T16            0.22771928    0.11942567    0.00000000    0.03692327    0.03904207    0.04327671    0.21132717    0.27196660    0.27651138    0.47580538    0.21911825    0.24937882    0.20618071    0.27619057    0.26721663    0.27474790    0.27754005    0.23276377    0.22483577    0.21935408    0.21651160    0.29775429    0.29775429    0.21585751
T2             0.21132717    0.10775438    0.03692327    0.00000000    0.00200402    0.00602721    0.20131793    0.25514063    0.26199950    0.47036301    0.19784288    0.22722768    0.18797944    0.24719878    0.23913783    0.24870629    0.26368695    0.20829361    0.20618071    0.20083454    0.19806302    0.27339386    0.27339386    0.20530089
T14            0.21415358    0.11012460    0.03904207    0.00200402    0.00000000    0.00805154    0.20412060    0.25821986    0.25894863    0.46591102    0.20060671    0.23011116    0.19072057    0.25018576    0.24209829    0.24569216    0.26058864    0.21109620    0.20899122    0.20362153    0.20083454    0.27651138    0.27651138    0.20808005
T7             0.20829361    0.11480485    0.04327671    0.00602721    0.00805154    0.00000000    0.20386643    0.25785945    0.26475414    0.46945006    0.20038817    0.22987195    0.19048680    0.24396786    0.23592858    0.24537919    0.26023957    0.20530089    0.20315966    0.19784288    0.19509428    0.26999421    0.26999421    0.20234846
T1             0.19425497    0.15046820    0.21132717    0.20131793    0.20412060    0.20386643    0.00000000    0.11153780    0.21291197    0.40255838    0.15264153    0.18028001    0.13568459    0.25046954    0.24169915    0.24937748    0.26147486    0.20808027    0.20045574    0.19793224    0.19511363    0.26680461    0.26680461    0.19986049
T3             0.24169915    0.18373151    0.27196660    0.25514063    0.25821986    0.25785945    0.11153780    0.00000000    0.25859064    0.43479793    0.19147564    0.21492777    0.16823578    0.28269190    0.27349792    0.29155695    0.30449865    0.23304847    0.22518545    0.22258350    0.21964894    0.29971631    0.29971631    0.22974995
T19            0.24777088    0.18753591    0.27651138    0.26199950    0.25894863    0.26475414    0.21291197    0.25859064    0.00000000    0.37339722    0.17944574    0.20618071    0.15187582    0.26751950    0.25865236    0.27233329    0.28146805    0.24450157    0.23647113    0.23381444    0.23088866    0.32943614    0.32943614    0.24838423
T23            0.43241833    0.39533991    0.47580538    0.47036301    0.46591102    0.46945006    0.40255838    0.43479793    0.37339722    0.00000000    0.38998399    0.40088195    0.35908067    0.46080405    0.44877253    0.44767249    0.45543172    0.42344768    0.41606721    0.40480863    0.40876644    0.47665609    0.47665609    0.41606721
T4             0.19026204    0.14472242    0.21911825    0.19784288    0.20060671    0.20038817    0.15264153    0.19147564    0.17944574    0.38998399    0.00000000    0.05185638    0.05425831    0.23971797    0.21391460    0.23833888    0.25316639    0.20950344    0.20183815    0.19650652    0.19372722    0.25591629    0.25591629    0.19853092
T10            0.21651160    0.17203299    0.24937882    0.22722768    0.23011116    0.22987195    0.18028001    0.21492777    0.20618071    0.40088195    0.05185638    0.00000000    0.08750564    0.25865236    0.24396786    0.26332827    0.27549036    0.23061954    0.22273011    0.21725274    0.21440211    0.27529485    0.27529485    0.22508805
T6             0.16188287    0.11806611    0.20618071    0.18797944    0.19072057    0.19048680    0.13568459    0.16823578    0.15187582    0.35908067    0.05425831    0.08750564    0.00000000    0.21207711    0.19552852    0.20493851    0.21899310    0.18028001    0.17557496    0.17043779    0.16776984    0.23061954    0.23061954    0.16978119
T8             0.15606700    0.20107162    0.27619057    0.24719878    0.25018576    0.24396786    0.25046954    0.28269190    0.26751950    0.46080405    0.23971797    0.25865236    0.21207711    0.00000000    0.04783230    0.08319179    0.09239102    0.11961381    0.11511075    0.11041912    0.11281784    0.22196882    0.22196882    0.16380196
T11            0.14354588    0.19300314    0.26721663    0.23913783    0.24209829    0.23592858    0.24169915    0.27349792    0.25865236    0.44877253    0.21391460    0.24396786    0.19552852    0.04783230    0.00000000    0.07640624    0.08088712    0.11971966    0.11281784    0.11293708    0.11053256    0.22173461    0.22173461    0.15365056
T0             0.15394685    0.20239496    0.27474790    0.24870629    0.24569216    0.24537919    0.24937748    0.29155695    0.27233329    0.44767249    0.23833888    0.26332827    0.20493851    0.08319179    0.07640624    0.00000000    0.04133788    0.11995477    0.11548596    0.11562631    0.10837767    0.21132717    0.21132717    0.15463993
T9             0.16450178    0.21640743    0.27754005    0.26368695    0.26058864    0.26023957    0.26147486    0.30449865    0.28146805    0.45543172    0.25316639    0.27549036    0.21899310    0.09239102    0.08088712    0.04133788    0.00000000    0.13212274    0.12761263    0.12777560    0.12036557    0.23116769    0.23116769    0.16450178
T13            0.12679945    0.16754956    0.23276377    0.20829361    0.21109620    0.20530089    0.20808027    0.23304847    0.24450157    0.42344768    0.20950344    0.23061954    0.18028001    0.11961381    0.11971966    0.11995477    0.13212274    0.00000000    0.01414110    0.02236476    0.01823232    0.18712835    0.18712835    0.12925115
T22            0.11983332    0.16511608    0.22483577    0.20618071    0.20899122    0.20315966    0.20045574    0.22518545    0.23647113    0.41606721    0.20183815    0.22273011    0.17557496    0.11511075    0.11281784    0.11548596    0.12761263    0.01414110    0.00000000    0.01623198    0.01417426    0.19236072    0.19236072    0.12226712
T20            0.11511075    0.16005823    0.21935408    0.20083454    0.20362153    0.19784288    0.19793224    0.22258350    0.23381444    0.40480863    0.19650652    0.21725274    0.17043779    0.11041912    0.11293708    0.11562631    0.12777560    0.02236476    0.01623198    0.00000000    0.00603636    0.18712835    0.18712835    0.11752688
T15            0.11270626    0.15483398    0.21651160    0.19806302    0.20083454    0.19509428    0.19511363    0.21964894    0.23088866    0.40876644    0.19372722    0.21440211    0.16776984    0.11281784    0.11053256    0.10837767    0.12036557    0.01823232    0.01417426    0.00603636    0.00000000    0.18174955    0.18174955    0.11511075
T12            0.14645159    0.22680682    0.29775429    0.27339386    0.27651138    0.26999421    0.26680461    0.29971631    0.32943614    0.47665609    0.25591629    0.27529485    0.23061954    0.22196882    0.22173461    0.21132717    0.23116769    0.18712835    0.19236072    0.18712835    0.18174955    0.00000000    0.00401611    0.13696808
T5             0.14645159    0.22680682    0.29775429    0.27339386    0.27651138    0.26999421    0.26680461    0.29971631    0.32943614    0.47665609    0.25591629    0.27529485    0.23061954    0.22196882    0.22173461    0.21132717    0.23116769    0.18712835    0.19236072    0.18712835    0.18174955    0.00401611    0.00000000    0.13696808
T18            0.10610922    0.15985052    0.21585751    0.20530089    0.20808005    0.20234846    0.19986049    0.22974995    0.24838423    0.41606721    0.19853092    0.22508805    0.16978119    0.16380196    0.15365056    0.15463993    0.16450178    0.12925115    0.12226712    0.11752688    0.11511075    0.13696808    0.13696808    0.00000000

