24
T11            0.00000000    0.27472757    0.25172140    0.25172140    0.23380027    0.26288111    0.24132714    0.27070883    0.28465307    0.34757047    0.30588126    0.32388696    0.31712559    0.33584164    0.33720958    0.32858031    0.35957675    0.21180602    0.21806707    0.25314752    0.21464812    0.21464812    0.17510881    0.14421460
T15            0.27472757    0.00000000    0.06296146    0.06296146    0.05840669    0.10850481    0.11548247    0.13745615    0.16152319    0.28879729    0.23500909    0.25749131    0.26678463    0.27159101    0.26716322    0.26813904    0.27716593    0.24633169    0.24633169    0.28309784    0.23798677    0.23798677    0.23438489    0.20898000
T16            0.25172140    0.06296146    0.00000000    0.00000000    0.02857229    0.07403482    0.08993163    0.10864249    0.12446597    0.24126363    0.19902459    0.22038132    0.22910646    0.23087496    0.22356504    0.22482323    0.23912324    0.21547845    0.22711233    0.26288111    0.21836161    0.21836161    0.21836161    0.18797013
T17            0.25172140    0.06296146    0.00000000    0.00000000    0.02857229    0.07403482    0.08993163    0.10864249    0.12446597    0.24126363    0.19902459    0.22038132    0.22910646    0.23087496    0.22356504    0.22482323    0.23912324    0.21547845    0.22711233    0.26288111    0.21836161    0.21836161    0.21836161    0.18797013
T20            0.23380027    0.05840669    0.02857229    0.02857229    0.00000000    0.07162022    0.08510440    0.10360036    0.11961059    0.24665342    0.19574941    0.21698409    0.22560870    0.22745578    0.22010707    0.22149854    0.23565885    0.19852056    0.20976159    0.24434990    0.20130719    0.20130719    0.20923116    0.17943785
T3             0.26288111    0.10850481    0.07403482    0.07403482    0.07162022    0.00000000    0.09501476    0.11854639    0.13511035    0.23970280    0.20267489    0.21836161    0.22711233    0.23469206    0.23269495    0.22851699    0.24599875    0.22744201    0.24547157    0.27609106    0.23337982    0.23337982    0.23110788    0.20210044
T12            0.24132714    0.11548247    0.08993163    0.08993163    0.08510440    0.09501476    0.00000000    0.07185841    0.11293389    0.23674281    0.18923363    0.19902459    0.20747906    0.21778202    0.21577409    0.20898000    0.23469206    0.20492652    0.21062712    0.24854081    0.20776868    0.20776868    0.20210044    0.18050163
T2             0.27070883    0.13745615    0.10864249    0.10864249    0.10360036    0.11854639    0.07185841    0.00000000    0.13947658    0.25955531    0.21350201    0.21778202    0.22066516    0.23408762    0.23500909    0.23380027    0.25512234    0.22386690    0.23567266    0.27517692    0.22679228    0.22679228    0.23866823    0.21577409
T9             0.28465307    0.16152319    0.12446597    0.12446597    0.11961059    0.13511035    0.11293389    0.13947658    0.00000000    0.27337494    0.23174078    0.25172140    0.26403641    0.25589979    0.25682329    0.24962213    0.26750143    0.23940798    0.25749131    0.29483852    0.24299423    0.24299423    0.23352287    0.21673728
T21            0.34757047    0.28879729    0.24126363    0.24126363    0.24665342    0.23970280    0.23674281    0.25955531    0.27337494    0.00000000    0.08915165    0.12626961    0.12147263    0.35372831    0.35504538    0.34636676    0.36706205    0.34630242    0.34983861    0.38165710    0.34983861    0.34983861    0.32559552    0.31299194
T8             0.30588126    0.23500909    0.19902459    0.19902459    0.19574941    0.20267489    0.18923363    0.21350201    0.23174078    0.08915165    0.00000000    0.06937780    0.06937780    0.30504228    0.29641046    0.28844806    0.30754154    0.28829825    0.29483852    0.30818179    0.29155768    0.29155768    0.27864572    0.26366760
T1             0.32388696    0.25749131    0.22038132    0.22038132    0.21698409    0.21836161    0.19902459    0.21778202    0.25172140    0.12626961    0.06937780    0.00000000    0.01620798    0.31461382    0.31595552    0.30754154    0.33327835    0.29927625    0.31935929    0.34633240    0.30921681    0.30921681    0.30256783    0.28707947
T0             0.31712559    0.26678463    0.22910646    0.22910646    0.22560870    0.22711233    0.20747906    0.22066516    0.26403641    0.12147263    0.06937780    0.01620798    0.00000000    0.32049483    0.32183359    0.31337943    0.33930428    0.29927625    0.31935929    0.34633240    0.30921681    0.30921681    0.30011770    0.28465307
T22            0.33584164    0.27159101    0.23087496    0.23087496    0.22745578    0.23469206    0.21778202    0.23408762    0.25589979    0.35372831    0.30504228    0.31461382    0.32049483    0.00000000    0.05441136    0.04554181    0.06288841    0.30350466    0.33373485    0.35495544    0.31754833    0.31754833    0.31754833    0.29450365
T4             0.33720958    0.26716322    0.22356504    0.22356504    0.22010707    0.23269495    0.21577409    0.23500909    0.25682329    0.35504538    0.29641046    0.31595552    0.32183359    0.05441136    0.00000000    0.04128561    0.06968891    0.30464030    0.32137525    0.35549995    0.30215349    0.30215349    0.32574290    0.29561340
T7             0.32858031    0.26813904    0.22482323    0.22482323    0.22149854    0.22851699    0.20898000    0.23380027    0.24962213    0.34636676    0.28844806    0.30754154    0.31337943    0.04554181    0.04128561    0.00000000    0.06282218    0.30387146    0.32388696    0.36167624    0.30464030    0.30464030    0.31712559    0.28778370
T23            0.35957675    0.27716593    0.23912324    0.23912324    0.23565885    0.24599875    0.23469206    0.25512234    0.26750143    0.36706205    0.30754154    0.33327835    0.33930428    0.06288841    0.06968891    0.06282218    0.00000000    0.32940734    0.35033128    0.38603510    0.33720958    0.33720958    0.34070866    0.32007280
T14            0.21180602    0.24633169    0.21547845    0.21547845    0.19852056    0.22744201    0.20492652    0.22386690    0.23940798    0.34630242    0.28829825    0.29927625    0.29927625    0.30350466    0.30464030    0.30387146    0.32940734    0.00000000    0.06752626    0.09004619    0.06276281    0.06276281    0.16656934    0.13383307
T6             0.21806707    0.24633169    0.22711233    0.22711233    0.20976159    0.24547157    0.21062712    0.23567266    0.25749131    0.34983861    0.29483852    0.31935929    0.31935929    0.33373485    0.32137525    0.32388696    0.35033128    0.06752626    0.00000000    0.04559635    0.04559635    0.04559635    0.18298233    0.14914102
T10            0.25314752    0.28309784    0.26288111    0.26288111    0.24434990    0.27609106    0.24854081    0.27517692    0.29483852    0.38165710    0.30818179    0.34633240    0.34633240    0.35495544    0.35549995    0.36167624    0.38603510    0.09004619    0.04559635    0.00000000    0.06752626    0.06752626    0.21319596    0.18027132
T13            0.21464812    0.23798677    0.21836161    0.21836161    0.20130719    0.23337982    0.20776868    0.22679228    0.24299423    0.34983861    0.29155768    0.30921681    0.30921681    0.31754833    0.30215349    0.30464030    0.33720958    0.06276281    0.04559635    0.06752626    0.00000000    0.00000000    0.17448754    0.14127903
T5             0.21464812    0.23798677    0.21836161    0.21836161    0.20130719    0.23337982    0.20776868    0.22679228    0.24299423    0.34983861    0.29155768    0.30921681    0.30921681    0.31754833    0.30215349    0.30464030    0.33720958    0.06276281    0.04559635    0.06752626    0.00000000    0.00000000    0.17448754    0.14127903
T19            0.17510881    0.23438489    0.21836161    0.21836161    0.20923116    0.23110788    0.20210044    0.23866823    0.23352287    0.32559552    0.27864572    0.30256783    0.30011770    0.31754833    0.32574290    0.31712559    0.34070866    0.16656934    0.18298233    0.21319596    0.17448754    0.17448754    0.00000000    0.05419051
T18            0.14421460    0.20898000    0.18797013    0.18797013    0.17943785    0.20210044    0.18050163    0.21577409    0.21673728    0.31299194    0.26366760    0.28707947    0.28465307    0.29450365    0.29561340    0.28778370    0.32007280    0.13383307    0.14914102    0.18027132    0.14127903    0.14127903    0.05419051    0.00000000

