24
T9             0.00000000    0.35374656    0.34955350    0.32099753    0.31317239    0.30113547    0.30783793    0.30159947    0.32886232    0.45947822    0.44332712    0.21296190    0.21239270    0.23806497    0.24141060    0.17339852    0.18625650    0.18736707    0.18431051    0.17365153    0.19265428    0.17339852    0.17391306    0.17936900
T14            0.35374656    0.00000000    0.02037372    0.23720672    0.23119122    0.22264514    0.23156096    0.22596081    0.25286672    0.41514664    0.39592349    0.24910454    0.28436490    0.27956271    0.27852776    0.28841556    0.30689938    0.30447543    0.29167897    0.28799520    0.31413353    0.29409143    0.29921047    0.30832463
T20            0.34955350    0.02037372    0.00000000    0.23083114    0.22196840    0.22524749    0.22524749    0.21970832    0.24641410    0.39848284    0.38750193    0.24877028    0.28397733    0.27279145    0.27807307    0.28476359    0.30311891    0.30068294    0.29124792    0.28758602    0.31705549    0.29041956    0.29541709    0.30447543
T4             0.32099753    0.23720672    0.23083114    0.00000000    0.09429357    0.08529979    0.08529979    0.08079366    0.11032328    0.28517339    0.26964151    0.21525347    0.22277817    0.24339755    0.22363178    0.23212165    0.24307144    0.24072628    0.24408006    0.23773684    0.26102230    0.23681241    0.23875105    0.24711507
T5             0.31317239    0.23119122    0.22196840    0.09429357    0.00000000    0.07614226    0.07614226    0.07169875    0.10794105    0.29737628    0.27133755    0.20342437    0.21610436    0.22858284    0.20646572    0.21419606    0.22830084    0.22251309    0.22567205    0.21964424    0.23624634    0.22177659    0.22858284    0.23681241
T22            0.30113547    0.22264514    0.22524749    0.08529979    0.07614226    0.00000000    0.01620837    0.01212520    0.06289329    0.28155281    0.25996885    0.20698362    0.21395564    0.23181126    0.21239270    0.21784378    0.23445596    0.23212165    0.22948783    0.22624840    0.23415662    0.22539856    0.22655120    0.23476524
T19            0.30783793    0.23156096    0.22524749    0.08529979    0.07614226    0.01620837    0.00000000    0.00401106    0.06735919    0.27836260    0.25690609    0.20135890    0.20833127    0.22887470    0.21239270    0.21497481    0.23151075    0.22917637    0.22948783    0.22333755    0.24008207    0.22539856    0.22655120    0.23476524
T13            0.30159947    0.22596081    0.21970832    0.08079366    0.07169875    0.01212520    0.00401106    0.00000000    0.06296678    0.27557162    0.25418382    0.20161587    0.20855571    0.22624840    0.20698362    0.21239270    0.22887470    0.22655120    0.22686372    0.22072938    0.23445596    0.21990101    0.22102477    0.22917637
T2             0.32886232    0.25286672    0.24641410    0.11032328    0.10794105    0.06289329    0.06735919    0.06296678    0.00000000    0.31431655    0.29820964    0.22830084    0.23257103    0.24484000    0.22802870    0.23066867    0.24159342    0.24215402    0.25147191    0.24215402    0.25627542    0.24428224    0.24543895    0.25386206
T18            0.45947822    0.41514664    0.39848284    0.28517339    0.29737628    0.28155281    0.27836260    0.27557162    0.31431655    0.00000000    0.06989391    0.34508371    0.35655828    0.36095463    0.35876673    0.36548222    0.37493423    0.37226372    0.37645655    0.36861917    0.38656530    0.37082369    0.36548222    0.37176980
T12            0.44332712    0.39592349    0.38750193    0.26964151    0.27133755    0.25996885    0.25690609    0.25418382    0.29820964    0.06989391    0.00000000    0.32755301    0.34575649    0.34996591    0.34771244    0.34814334    0.35740113    0.35474447    0.35876673    0.35829806    0.36500110    0.34649902    0.34465197    0.35078601
T8             0.21296190    0.24910454    0.24877028    0.21525347    0.20342437    0.20698362    0.20135890    0.20161587    0.22830084    0.34508371    0.32755301    0.00000000    0.05407985    0.07833459    0.07404199    0.11481446    0.13396062    0.14171160    0.13185794    0.12926460    0.13185794    0.10533091    0.10804175    0.11501184
T15            0.21239270    0.28436490    0.28397733    0.22277817    0.21610436    0.21395564    0.20833127    0.20855571    0.23257103    0.35655828    0.34575649    0.05407985    0.00000000    0.08502983    0.08511261    0.12408805    0.14345021    0.14619417    0.14632787    0.14367986    0.14858947    0.12393921    0.12426909    0.13139155
T0             0.23806497    0.27956271    0.27279145    0.24339755    0.22858284    0.23181126    0.22887470    0.22624840    0.24484000    0.36095463    0.34996591    0.07833459    0.08502983    0.00000000    0.05632735    0.10768493    0.12660311    0.13199466    0.12938716    0.12460047    0.15140786    0.12651067    0.12692858    0.13407933
T10            0.24141060    0.27852776    0.27807307    0.22363178    0.20646572    0.21239270    0.21239270    0.20698362    0.22802870    0.35876673    0.34771244    0.07404199    0.08511261    0.05632735    0.00000000    0.12926460    0.14886139    0.15172635    0.14677882    0.14408666    0.14171160    0.11712106    0.11753907    0.12460047
T7             0.17339852    0.28841556    0.28476359    0.23212165    0.21419606    0.21784378    0.21497481    0.21239270    0.23066867    0.36548222    0.34814334    0.11481446    0.12408805    0.10768493    0.12926460    0.00000000    0.04761023    0.04770948    0.04994835    0.04554443    0.10852045    0.08502983    0.08751314    0.09216663
T17            0.18625650    0.30689938    0.30311891    0.24307144    0.22830084    0.23445596    0.23151075    0.22887470    0.24159342    0.37493423    0.35740113    0.13396062    0.14345021    0.12660311    0.14886139    0.04761023    0.00000000    0.05190064    0.07195930    0.06512124    0.12762981    0.10339688    0.10599569    0.10865897
T11            0.18736707    0.30447543    0.30068294    0.24072628    0.22251309    0.23212165    0.22917637    0.22655120    0.24215402    0.37226372    0.35474447    0.14171160    0.14619417    0.13199466    0.15172635    0.04770948    0.05190064    0.00000000    0.07216767    0.06547627    0.13046722    0.10599569    0.10865897    0.11350481
T3             0.18431051    0.29167897    0.29124792    0.24408006    0.22567205    0.22948783    0.22948783    0.22686372    0.25147191    0.37645655    0.35876673    0.13185794    0.14632787    0.12938716    0.14677882    0.04994835    0.07195930    0.07216767    0.00000000    0.02866680    0.13317392    0.10399418    0.11122790    0.11610941
T1             0.17365153    0.28799520    0.28758602    0.23773684    0.21964424    0.22624840    0.22333755    0.22072938    0.24215402    0.36861917    0.35829806    0.12926460    0.14367986    0.12460047    0.14408666    0.04554443    0.06512124    0.06547627    0.02866680    0.00000000    0.12796525    0.09910645    0.10625361    0.11107600
T16            0.19265428    0.31413353    0.31705549    0.26102230    0.23624634    0.23415662    0.24008207    0.23445596    0.25627542    0.38656530    0.36500110    0.13185794    0.14858947    0.15140786    0.14171160    0.10852045    0.12762981    0.13046722    0.13317392    0.12796525    0.00000000    0.04549619    0.04994835    0.05213721
T23            0.17339852    0.29409143    0.29041956    0.23681241    0.22177659    0.22539856    0.22539856    0.21990101    0.24428224    0.37082369    0.34649902    0.10533091    0.12393921    0.12651067    0.11712106    0.08502983    0.10339688    0.10599569    0.10399418    0.09910645    0.04549619    0.00000000    0.02440591    0.02648513
T6             0.17391306    0.29921047    0.29541709    0.23875105    0.22858284    0.22655120    0.22655120    0.22102477    0.24543895    0.36548222    0.34465197    0.10804175    0.12426909    0.12692858    0.11753907    0.08751314    0.10599569    0.10865897    0.11122790    0.10625361    0.04994835    0.02440591    0.00000000    0.01007289
T21            0.17936900    0.30832463    0.30447543    0.24711507    0.23681241    0.23476524    0.23476524    0.22917637    0.25386206    0.37176980    0.35078601    0.11501184    0.13139155    0.13407933    0.12460047    0.09216663    0.10865897    0.11350481    0.11610941    0.11107600    0.05213721    0.02648513    0.01007289    0.00000000

