24
T20            0.00000000    0.32914144    0.40020523    0.37388065    0.32617359    0.36641631    0.43903773    0.44224401    0.46392902    0.41882537    0.42474632    0.43640654    0.38019281    0.38718698    0.38336936    0.37641843    0.36641631    0.38782817    0.39304425    0.34250448    0.35716054    0.32826594    0.20104686    0.20137474
T9             0.32914144    0.00000000    0.07840546    0.07640113    0.03904117    0.12470153    0.18273562    0.19549934    0.23112573    0.19369593    0.19849974    0.20383362    0.18479908    0.18230533    0.17961694    0.17181964    0.17263483    0.18025372    0.18072194    0.25698708    0.27192245    0.25079421    0.30095075    0.30717047
T18            0.40020523    0.07840546    0.00000000    0.11347860    0.09427872    0.17018608    0.23299980    0.23112573    0.26327104    0.22938588    0.22848931    0.23405860    0.22558202    0.22296380    0.22008165    0.21178272    0.20717457    0.22093102    0.21574709    0.28767781    0.30336130    0.28348794    0.35772598    0.36451298
T3             0.37388065    0.07640113    0.11347860    0.00000000    0.08760146    0.16731521    0.22676263    0.23731404    0.26362840    0.23563963    0.24061465    0.24029058    0.22296380    0.22035522    0.21748135    0.20920813    0.21030357    0.21833433    0.21895025    0.29714206    0.31306277    0.29049636    0.34133353    0.34796238
T5             0.32617359    0.03904117    0.09427872    0.08760146    0.00000000    0.12213720    0.17487688    0.19803345    0.23671348    0.19900253    0.20383362    0.20920813    0.18459883    0.18210344    0.17675539    0.17694293    0.17778054    0.18545325    0.18593360    0.25658628    0.27149271    0.25041255    0.28742807    0.29434898
T4             0.36641631    0.12470153    0.17018608    0.16731521    0.12213720    0.00000000    0.07403185    0.23435512    0.25984689    0.22324570    0.22820996    0.22794040    0.20871643    0.20614833    0.20335477    0.19803345    0.19900253    0.20128552    0.20180393    0.26950247    0.27264755    0.24629737    0.32769952    0.33511370
T8             0.43903773    0.18273562    0.23299980    0.22676263    0.17487688    0.07403185    0.00000000    0.28665102    0.31499364    0.28742807    0.29271106    0.28591858    0.26501496    0.26226221    0.25920373    0.25344023    0.25473555    0.25103652    0.25168639    0.30960928    0.31297683    0.29392261    0.38655971    0.39491082
T11            0.44224401    0.19549934    0.23112573    0.23731404    0.19803345    0.23435512    0.28665102    0.00000000    0.08992714    0.07868955    0.08318575    0.08308050    0.10338025    0.10585925    0.10585925    0.09886652    0.10172067    0.11105128    0.11136003    0.32530963    0.33235331    0.29478656    0.43204430    0.44139126
T19            0.46392902    0.23112573    0.26327104    0.26362840    0.23671348    0.25984689    0.31499364    0.08992714    0.00000000    0.09672981    0.10849832    0.10836842    0.13680598    0.13695390    0.13695390    0.13460340    0.13528112    0.13997736    0.14035765    0.33314357    0.34021211    0.30251672    0.42292478    0.43204430
T22            0.41882537    0.19369593    0.22938588    0.23563963    0.19900253    0.22324570    0.28742807    0.07868955    0.09672981    0.00000000    0.05425573    0.05638678    0.09908841    0.10158576    0.09921035    0.09226369    0.09278577    0.10201237    0.10233309    0.30912113    0.31597175    0.29239443    0.40490529    0.41374990
T16            0.42474632    0.19849974    0.22848931    0.24061465    0.20383362    0.22820996    0.29271106    0.08318575    0.10849832    0.05425573    0.00000000    0.02859660    0.10802371    0.10813108    0.10813108    0.10111967    0.10158576    0.11090809    0.11120194    0.31442178    0.32129593    0.29434898    0.41072606    0.41959231
T21            0.43640654    0.20383362    0.23405860    0.24029058    0.20920813    0.22794040    0.28591858    0.08308050    0.10836842    0.05638678    0.02859660    0.00000000    0.11030496    0.11041045    0.11041045    0.10338025    0.10383925    0.11318797    0.11347860    0.31734200    0.32423986    0.29392261    0.41000673    0.41882537
T14            0.38019281    0.18479908    0.22558202    0.22296380    0.18459883    0.20871643    0.26501496    0.10338025    0.13680598    0.09908841    0.10802371    0.11030496    0.00000000    0.01008401    0.00805148    0.02653114    0.04765274    0.05407536    0.05200068    0.30337772    0.31344678    0.28867686    0.39103398    0.39950446
T1             0.38718698    0.18230533    0.22296380    0.22035522    0.18210344    0.20614833    0.26226221    0.10585925    0.13695390    0.10158576    0.10813108    0.11041045    0.01008401    0.00000000    0.00603630    0.02447200    0.04554072    0.05194533    0.04987923    0.31734200    0.32772481    0.30236314    0.39558198    0.40417443
T0             0.38336936    0.17961694    0.22008165    0.21748135    0.17675539    0.20335477    0.25920373    0.10585925    0.13695390    0.09921035    0.10813108    0.11041045    0.00805148    0.00603630    0.00000000    0.02238865    0.04338550    0.04977137    0.04770527    0.31392844    0.32423986    0.29901810    0.39169004    0.40020523
T2             0.37641843    0.17181964    0.21178272    0.20920813    0.17694293    0.19803345    0.25344023    0.09886652    0.13460340    0.09226369    0.10111967    0.10338025    0.02653114    0.02447200    0.02238865    0.00000000    0.03701108    0.04334229    0.04128469    0.30764089    0.31442178    0.28629612    0.38463627    0.39304425
T13            0.36641631    0.17263483    0.20717457    0.21030357    0.17778054    0.19900253    0.25473555    0.10172067    0.13528112    0.09278577    0.10158576    0.10383925    0.04765274    0.04554072    0.04338550    0.03701108    0.00000000    0.02862761    0.02870862    0.30623554    0.31306277    0.28816016    0.36451298    0.37265557
T10            0.38782817    0.18025372    0.22093102    0.21833433    0.18545325    0.20128552    0.25103652    0.11105128    0.13997736    0.10201237    0.11090809    0.11318797    0.05407536    0.05194533    0.04977137    0.04334229    0.02862761    0.00000000    0.01007275    0.31889235    0.32586237    0.29714206    0.38983523    0.39840807
T12            0.39304425    0.18072194    0.21574709    0.21895025    0.18593360    0.20180393    0.25168639    0.11136003    0.14035765    0.10233309    0.11120194    0.11347860    0.05200068    0.04987923    0.04770527    0.04128469    0.02870862    0.01007275    0.00000000    0.31998455    0.32700352    0.30154114    0.39124276    0.39990595
T6             0.34250448    0.25698708    0.28767781    0.29714206    0.25658628    0.26950247    0.30960928    0.32530963    0.33314357    0.30912113    0.31442178    0.31734200    0.30337772    0.31734200    0.31392844    0.30764089    0.30623554    0.31889235    0.31998455    0.00000000    0.01826970    0.07169010    0.29901810    0.29616641
T7             0.35716054    0.27192245    0.30336130    0.31306277    0.27149271    0.27264755    0.31297683    0.33235331    0.34021211    0.31597175    0.32129593    0.32423986    0.31344678    0.32772481    0.32423986    0.31442178    0.31306277    0.32586237    0.32700352    0.01826970    0.00000000    0.08308050    0.30573071    0.30285657
T15            0.32826594    0.25079421    0.28348794    0.29049636    0.25041255    0.24629737    0.29392261    0.29478656    0.30251672    0.29239443    0.29434898    0.29392261    0.28867686    0.30236314    0.29901810    0.28629612    0.28816016    0.29714206    0.30154114    0.07169010    0.08308050    0.00000000    0.28348794    0.28069060
T23            0.20104686    0.30095075    0.35772598    0.34133353    0.28742807    0.32769952    0.38655971    0.43204430    0.42292478    0.40490529    0.41072606    0.41000673    0.39103398    0.39558198    0.39169004    0.38463627    0.36451298    0.38983523    0.39124276    0.29901810    0.30573071    0.28348794    0.00000000    0.01210015
T17            0.20137474    0.30717047    0.36451298    0.34796238    0.29434898    0.33511370    0.39491082    0.44139126    0.43204430    0.41374990    0.41959231    0.41882537    0.39950446    0.40417443    0.40020523    0.39304425    0.37265557    0.39840807    0.39990595    0.29616641    0.30285657    0.28069060    0.01210015    0.00000000

