24
T3             0.00000000    0.40378234    0.40378234    0.38694510    0.32984674    0.42320605    0.43244231    0.44524842    0.42824572    0.37743471    0.38945313    0.35124728    0.35066102    0.35066102    0.34099178    0.34345117    0.30017469    0.32046498    0.34099178    0.28797806    0.30399205    0.30354027    0.14316446    0.14574395
T23            0.40378234    0.00000000    0.00000000    0.04994781    0.12485810    0.17492576    0.22131960    0.23012874    0.22717502    0.15266308    0.15948027    0.14677492    0.15429482    0.14474011    0.12500001    0.13463157    0.28276683    0.32497549    0.33988499    0.29782140    0.31809642    0.31765880    0.39912616    0.39912616
T19            0.40378234    0.00000000    0.00000000    0.04994781    0.12485810    0.17492576    0.22131960    0.23012874    0.22717502    0.15266308    0.15948027    0.14677492    0.15429482    0.14474011    0.12500001    0.13463157    0.28276683    0.32497549    0.33988499    0.29782140    0.31809642    0.31765880    0.39912616    0.39912616
T7             0.38694510    0.04994781    0.04994781    0.00000000    0.10361141    0.15465978    0.19680894    0.20526941    0.20243326    0.13297798    0.13966021    0.12732268    0.13463157    0.12530723    0.11066321    0.12500001    0.30017469    0.34034588    0.35184633    0.28962008    0.31654785    0.31607385    0.38240102    0.38240102
T18            0.32984674    0.12485810    0.12485810    0.10361141    0.00000000    0.13228871    0.16757384    0.17560284    0.17291210    0.11122521    0.11536355    0.10826384    0.11536355    0.10625132    0.08053293    0.09419495    0.25631832    0.29919039    0.31804114    0.26545031    0.28474698    0.28434863    0.35797673    0.36167526
T14            0.42320605    0.17492576    0.17492576    0.15465978    0.13228871    0.00000000    0.17001592    0.17806647    0.18077915    0.13804519    0.13966021    0.12732268    0.13463157    0.12530723    0.13713955    0.15207375    0.31964104    0.36359593    0.38059124    0.31854610    0.35430545    0.35371868    0.42405600    0.43680842
T2             0.43244231    0.22131960    0.22131960    0.19680894    0.16757384    0.17001592    0.00000000    0.00603642    0.01210964    0.14620165    0.14039468    0.13513195    0.14001144    0.13316994    0.17001592    0.18574723    0.35067155    0.41326242    0.41082355    0.35621492    0.38307428    0.39014266    0.45305278    0.45305278
T13            0.44524842    0.23012874    0.23012874    0.20526941    0.17560284    0.17806647    0.00603642    0.00000000    0.01827036    0.15406248    0.14811325    0.14275209    0.14769022    0.14080974    0.17268501    0.18848972    0.36185138    0.42158649    0.41904426    0.36726947    0.38694510    0.39405906    0.46637219    0.46637219
T11            0.42824572    0.22717502    0.22717502    0.20243326    0.17291210    0.18077915    0.01210964    0.01827036    0.00000000    0.15406248    0.15287595    0.14019907    0.14511746    0.13825010    0.17536848    0.19124739    0.35437036    0.41740707    0.41491695    0.35621492    0.38307428    0.39014266    0.45305278    0.45305278
T9             0.37743471    0.15266308    0.15266308    0.13297798    0.11122521    0.13804519    0.14620165    0.15406248    0.15406248    0.00000000    0.04977483    0.04120314    0.04760986    0.03492793    0.11107342    0.12547250    0.29835077    0.33734873    0.35743274    0.30734258    0.32497549    0.32444174    0.38836339    0.39229540
T6             0.38945313    0.15948027    0.15948027    0.13966021    0.11536355    0.13966021    0.14039468    0.14811325    0.15287595    0.04977483    0.00000000    0.04112605    0.04751123    0.04120314    0.12254149    0.13713955    0.29919039    0.34156394    0.35797673    0.30184904    0.31900782    0.31854610    0.40851670    0.41256011
T8             0.35124728    0.14677492    0.14677492    0.12732268    0.10826384    0.12732268    0.13513195    0.14275209    0.14019907    0.04120314    0.04112605    0.00000000    0.00602723    0.01413282    0.11294675    0.12732268    0.27996761    0.32444174    0.34043213    0.29246625    0.30932758    0.30888834    0.37414748    0.37793004
T20            0.35066102    0.15429482    0.15429482    0.13463157    0.11536355    0.13463157    0.14001144    0.14769022    0.14511746    0.04760986    0.04751123    0.00602723    0.00000000    0.02027328    0.12009504    0.13463157    0.27717918    0.32392002    0.33988499    0.28888288    0.30556034    0.30514399    0.37353072    0.37729893
T4             0.35066102    0.14474011    0.14474011    0.12530723    0.10625132    0.12530723    0.13316994    0.14080974    0.13825010    0.03492793    0.04120314    0.01413282    0.02027328    0.00000000    0.11092914    0.12530723    0.28129733    0.32607903    0.33499016    0.29365468    0.31071579    0.31024133    0.36477350    0.36851362
T5             0.34099178    0.12500001    0.12500001    0.11066321    0.08053293    0.13713955    0.17001592    0.17268501    0.17536848    0.11107342    0.12254149    0.11294675    0.12009504    0.11092914    0.00000000    0.02034098    0.25983239    0.29633739    0.31511939    0.27445309    0.28193576    0.28153672    0.35859003    0.36230238
T17            0.34345117    0.13463157    0.13463157    0.12500001    0.09419495    0.15207375    0.18574723    0.18848972    0.19124739    0.12547250    0.13713955    0.12732268    0.13463157    0.12530723    0.02034098    0.00000000    0.26845464    0.30541659    0.32444174    0.28322039    0.28756923    0.28717159    0.37607916    0.37990544
T22            0.30017469    0.28276683    0.28276683    0.30017469    0.25631832    0.31964104    0.35067155    0.36185138    0.35437036    0.29835077    0.29919039    0.27996761    0.27717918    0.28129733    0.25983239    0.26845464    0.00000000    0.08069878    0.09216499    0.23740755    0.25903528    0.25322728    0.30747682    0.31784323
T15            0.32046498    0.32497549    0.32497549    0.34034588    0.29919039    0.36359593    0.41326242    0.42158649    0.41740707    0.33734873    0.34156394    0.32444174    0.32392002    0.32607903    0.29633739    0.30541659    0.08069878    0.00000000    0.13199156    0.27167045    0.28474698    0.27873578    0.32793313    0.33855652
T1             0.34099178    0.33988499    0.33988499    0.35184633    0.31804114    0.38059124    0.41082355    0.41904426    0.41491695    0.35743274    0.35797673    0.34043213    0.33988499    0.33499016    0.31511939    0.32444174    0.09216499    0.13199156    0.00000000    0.29692814    0.30066390    0.30111604    0.35614317    0.37116186
T12            0.28797806    0.29782140    0.29782140    0.28962008    0.26545031    0.31854610    0.35621492    0.36726947    0.35621492    0.30734258    0.30184904    0.29246625    0.28888288    0.29365468    0.27445309    0.28322039    0.23740755    0.27167045    0.29692814    0.00000000    0.04977483    0.04973053    0.30310006    0.30310006
T21            0.30399205    0.31809642    0.31809642    0.31654785    0.28474698    0.35430545    0.38307428    0.38694510    0.38307428    0.32497549    0.31900782    0.30932758    0.30556034    0.31071579    0.28193576    0.28756923    0.25903528    0.28474698    0.30066390    0.04977483    0.00000000    0.00401106    0.31362596    0.31362596
T0             0.30354027    0.31765880    0.31765880    0.31607385    0.28434863    0.35371868    0.39014266    0.39405906    0.39014266    0.32444174    0.31854610    0.30888834    0.30514399    0.31024133    0.28153672    0.28717159    0.25322728    0.27873578    0.30111604    0.04973053    0.00401106    0.00000000    0.31071579    0.31071579
T10            0.14316446    0.39912616    0.39912616    0.38240102    0.35797673    0.42405600    0.45305278    0.46637219    0.45305278    0.38836339    0.40851670    0.37414748    0.37353072    0.36477350    0.35859003    0.37607916    0.30747682    0.32793313    0.35614317    0.30310006    0.31362596    0.31071579    0.00000000    0.01413389
T16            0.14574395    0.39912616    0.39912616    0.38240102    0.36167526    0.43680842    0.45305278    0.46637219    0.45305278    0.39229540    0.41256011    0.37793004    0.37729893    0.36851362    0.36230238    0.37990544    0.31784323    0.33855652    0.37116186    0.30310006    0.31362596    0.31071579    0.01413389    0.00000000

