24
T2             0.00000000    0.22885394    0.23474279    0.22224056    0.21962713    0.23766868    0.19325839    0.18695629    0.35121620    0.33852682    0.33197911    0.21891710    0.19258636    0.19511508    0.19325839    0.16414967    0.15245330    0.15265770    0.16471489    0.17513651    0.20752037    0.16659113    0.17760291    0.19177130
T10            0.22885394    0.00000000    0.08061117    0.09462497    0.09239706    0.11996277    0.18234971    0.16610865    0.38905044    0.39225224    0.37880324    0.26696270    0.24184791    0.24105529    0.23329962    0.21938070    0.19578249    0.19602327    0.20597051    0.21754811    0.25518414    0.22537995    0.21112049    0.21442918
T23            0.23474279    0.08061117    0.00000000    0.11053947    0.10826169    0.13643195    0.20620542    0.18126470    0.40048549    0.40120636    0.38760658    0.27312377    0.24481847    0.24399945    0.23622660    0.22511693    0.21265390    0.21294255    0.21159364    0.23274812    0.27161607    0.22885394    0.21962713    0.21728093
T18            0.22224056    0.09462497    0.11053947    0.00000000    0.00602723    0.11282482    0.19532836    0.18409157    0.37290167    0.38513516    0.36422506    0.26614917    0.24105529    0.25213239    0.24426212    0.22438698    0.21184450    0.21210485    0.21938070    0.22828145    0.26648233    0.22176059    0.21048264    0.22511693
T15            0.21962713    0.09239706    0.10826169    0.00602723    0.00000000    0.11053947    0.19280126    0.18159036    0.36977448    0.38196242    0.36113604    0.26337577    0.23837370    0.24941095    0.24157344    0.22176059    0.20364604    0.20389178    0.21112049    0.21988327    0.25755204    0.21348917    0.20236837    0.21677542
T21            0.23766868    0.11996277    0.13643195    0.11282482    0.11053947    0.00000000    0.21028931    0.20443309    0.41288132    0.42581812    0.41175961    0.27172904    0.24941095    0.26061327    0.24374714    0.23255402    0.21608972    0.21630858    0.22374639    0.23837370    0.26755983    0.23812841    0.22619665    0.23812841
T4             0.19325839    0.18234971    0.20620542    0.19532836    0.19280126    0.21028931    0.00000000    0.09265972    0.37160427    0.36977448    0.35918215    0.24620920    0.22176059    0.22153537    0.21393994    0.20552898    0.18007801    0.18030053    0.19280126    0.20644973    0.23804087    0.20296486    0.19238062    0.21523467
T14            0.18695629    0.16610865    0.18126470    0.18409157    0.18159036    0.20443309    0.09265972    0.00000000    0.37036062    0.36352573    0.35063085    0.25760710    0.23279246    0.22153537    0.21677542    0.20552898    0.18234971    0.17718125    0.19511508    0.20041009    0.23148987    0.19435447    0.18695629    0.20340962
T17            0.35121620    0.38905044    0.40048549    0.37290167    0.36977448    0.41288132    0.37160427    0.37036062    0.00000000    0.04338804    0.03914546    0.41018340    0.40166075    0.40492671    0.39450967    0.37664847    0.36629975    0.37324598    0.38125039    0.37181748    0.41321076    0.37097572    0.37739565    0.38125039
T22            0.33852682    0.39225224    0.40120636    0.38513516    0.38196242    0.42581812    0.36977448    0.36352573    0.04338804    0.00000000    0.01617371    0.42286324    0.40630105    0.39000733    0.37981275    0.36604797    0.36320662    0.37012517    0.37809268    0.37739565    0.42734871    0.37538577    0.37425275    0.37809268
T20            0.33197911    0.37880324    0.38760658    0.36422506    0.36113604    0.41175961    0.35918215    0.35063085    0.03914546    0.01617371    0.00000000    0.40492671    0.38873999    0.38042979    0.37036062    0.35311545    0.34655290    0.35330535    0.36113604    0.36047177    0.40910184    0.35487299    0.35739679    0.36113604
T13            0.21891710    0.26696270    0.27312377    0.26614917    0.26337577    0.27172904    0.24620920    0.25760710    0.41018340    0.42286324    0.40492671    0.00000000    0.05206686    0.12669907    0.12692350    0.10547970    0.17205022    0.17225107    0.18734717    0.18484398    0.22042457    0.20020011    0.19238062    0.21237466
T6             0.19258636    0.24184791    0.24481847    0.24105529    0.23837370    0.24941095    0.22176059    0.23279246    0.40166075    0.40630105    0.38873999    0.05206686    0.00000000    0.10814604    0.11078990    0.08741509    0.14729503    0.14748601    0.15687626    0.15706104    0.19401205    0.16397839    0.16432953    0.18349908
T0             0.19511508    0.24105529    0.24399945    0.25213239    0.24941095    0.26061327    0.22153537    0.22153537    0.40492671    0.39000733    0.38042979    0.12669907    0.10814604    0.00000000    0.03073437    0.05639150    0.14711221    0.14949677    0.16154373    0.17718125    0.20670340    0.17396744    0.16904121    0.18550260
T16            0.19325839    0.23329962    0.23622660    0.24426212    0.24157344    0.24374714    0.21393994    0.21677542    0.39450967    0.37981275    0.37036062    0.12692350    0.11078990    0.03073437    0.00000000    0.05894787    0.14748601    0.14768512    0.15966706    0.17267874    0.20213981    0.17471182    0.16715146    0.18375537
T1             0.16414967    0.21938070    0.22511693    0.22438698    0.22176059    0.23255402    0.20552898    0.20552898    0.37664847    0.36604797    0.35311545    0.10547970    0.08741509    0.05639150    0.05894787    0.00000000    0.12514650    0.12778664    0.13697898    0.15465495    0.18873591    0.15669987    0.14677110    0.16270904
T11            0.15245330    0.19578249    0.21265390    0.21184450    0.20364604    0.21608972    0.18007801    0.18234971    0.36629975    0.36320662    0.34655290    0.17205022    0.14729503    0.14711221    0.14748601    0.12514650    0.00000000    0.00401106    0.03066950    0.07841366    0.10851562    0.08519993    0.07169689    0.09030570
T8             0.15265770    0.19602327    0.21294255    0.21210485    0.20389178    0.21630858    0.18030053    0.17718125    0.37324598    0.37012517    0.35330535    0.17225107    0.14748601    0.14949677    0.14768512    0.12778664    0.00401106    0.00000000    0.03069873    0.07395492    0.10385531    0.08069754    0.06728087    0.08575623
T7             0.16471489    0.20597051    0.21159364    0.21938070    0.21112049    0.22374639    0.19280126    0.19511508    0.38125039    0.37809268    0.36113604    0.18734717    0.15687626    0.16154373    0.15966706    0.13697898    0.03066950    0.03069873    0.00000000    0.08495219    0.11523560    0.08732717    0.08273847    0.09922523
T9             0.17513651    0.21754811    0.23274812    0.22828145    0.21988327    0.23837370    0.20644973    0.20041009    0.37181748    0.37739565    0.36047177    0.18484398    0.15706104    0.17718125    0.17267874    0.15465495    0.07841366    0.07395492    0.08495219    0.00000000    0.03077640    0.08281578    0.07587906    0.09674301
T12            0.20752037    0.25518414    0.27161607    0.26648233    0.25755204    0.26755983    0.23804087    0.23148987    0.41321076    0.42734871    0.40910184    0.22042457    0.19401205    0.20670340    0.20213981    0.18873591    0.10851562    0.10385531    0.11523560    0.03077640    0.00000000    0.11549423    0.10566168    0.12283324
T19            0.16659113    0.22537995    0.22885394    0.22176059    0.21348917    0.23812841    0.20296486    0.19435447    0.37097572    0.37538577    0.35487299    0.20020011    0.16397839    0.17396744    0.17471182    0.15669987    0.08519993    0.08069754    0.08732717    0.08281578    0.11549423    0.00000000    0.08260553    0.10611639
T3             0.17760291    0.21112049    0.21962713    0.21048264    0.20236837    0.22619665    0.19238062    0.18695629    0.37739565    0.37425275    0.35739679    0.19238062    0.16432953    0.16904121    0.16715146    0.14677110    0.07169689    0.06728087    0.08273847    0.07587906    0.10566168    0.08260553    0.00000000    0.05407891
T5             0.19177130    0.21442918    0.21728093    0.22511693    0.21677542    0.23812841    0.21523467    0.20340962    0.38125039    0.37809268    0.36113604    0.21237466    0.18349908    0.18550260    0.18375537    0.16270904    0.09030570    0.08575623    0.09922523    0.09674301    0.12283324    0.10611639    0.05407891    0.00000000

