24
T0             0.00000000    0.21997736    0.21997736    0.20869408    0.24242303    0.23373864    0.21997736    0.23526293    0.23410524    0.41630357    0.36924476    0.25585687    0.26480826    0.25241667    0.20970018    0.23147684    0.22032830    0.19571914    0.22483171    0.23602117    0.22189769    0.20437437    0.22778307    0.22624866
T10            0.21997736    0.00000000    0.01415454    0.00805152    0.07185859    0.06060974    0.05200221    0.13728468    0.13712047    0.28788454    0.24633431    0.20571397    0.20361294    0.19488406    0.14253450    0.16489662    0.15223691    0.13511100    0.16977490    0.18005124    0.16712852    0.14630671    0.16977490    0.16268452
T13            0.21997736    0.01415454    0.00000000    0.01008408    0.07412650    0.05840687    0.04982335    0.14746608    0.14727595    0.29113337    0.24936623    0.20617207    0.20411131    0.19529932    0.14509282    0.16754302    0.15482839    0.13763697    0.17243538    0.18275492    0.17243538    0.14883901    0.17243538    0.17066623
T8             0.20869408    0.00805152    0.01008408    0.00000000    0.06743648    0.05626525    0.04770659    0.13998922    0.13981063    0.28184602    0.24064992    0.20038061    0.19828420    0.18963554    0.13763697    0.15984461    0.14727595    0.13026606    0.16469211    0.17489442    0.16469211    0.14140860    0.16469211    0.16290725
T7             0.24242303    0.07185859    0.07412650    0.06743648    0.00000000    0.09673515    0.08539443    0.17020352    0.17533446    0.33673974    0.29529193    0.24268328    0.24299695    0.22482611    0.16776301    0.19649736    0.18050295    0.16268452    0.19322736    0.21233583    0.20156420    0.17147936    0.19599087    0.18870301
T18            0.23373864    0.06060974    0.05840687    0.05626525    0.09673515    0.00000000    0.03064621    0.16510957    0.15964552    0.31984627    0.27625736    0.22482611    0.21698656    0.21086674    0.14965880    0.18027272    0.16998493    0.14984742    0.18524593    0.19299536    0.17448910    0.16120585    0.18524593    0.18346776
T21            0.21997736    0.05200221    0.04982335    0.04770659    0.08539443    0.03064621    0.00000000    0.16005205    0.15984461    0.31350965    0.27031272    0.21934488    0.21155860    0.20549904    0.14471765    0.17511012    0.16489662    0.14490120    0.18005124    0.19047906    0.16938058    0.15620484    0.17736212    0.17827115
T17            0.23526293    0.13728468    0.14746608    0.13998922    0.17020352    0.16510957    0.16005205    0.00000000    0.04988071    0.34084459    0.29907758    0.24064992    0.23867037    0.20949369    0.17386661    0.19732477    0.17311257    0.16337771    0.19676417    0.19397749    0.18845036    0.16938058    0.19397749    0.19792122
T11            0.23410524    0.13712047    0.14727595    0.13981063    0.17533446    0.15964552    0.15984461    0.04988071    0.00000000    0.31936380    0.28225339    0.23674563    0.23469449    0.21439264    0.17043063    0.19371845    0.17511012    0.16268452    0.19047906    0.20385749    0.18502742    0.16624217    0.19322736    0.19703998
T3             0.41630357    0.28788454    0.29113337    0.28184602    0.33673974    0.31984627    0.31350965    0.34084459    0.31936380    0.00000000    0.07593020    0.35699357    0.36113785    0.35751173    0.30868008    0.33728298    0.32328524    0.30146920    0.34474398    0.35914504    0.32389241    0.31672050    0.34120769    0.35050711
T19            0.36924476    0.24633431    0.24936623    0.24064992    0.29529193    0.27625736    0.27031272    0.29907758    0.28225339    0.07593020    0.00000000    0.31045990    0.31419558    0.30098514    0.26247243    0.28916951    0.28267170    0.26836492    0.31643082    0.33023506    0.28991700    0.27997403    0.29969545    0.30818545
T14            0.25585687    0.20571397    0.20617207    0.20038061    0.24268328    0.22482611    0.21934488    0.24064992    0.23674563    0.35699357    0.31045990    0.00000000    0.02442145    0.04977265    0.13641985    0.15848794    0.15110142    0.13137681    0.17907615    0.16624217    0.17115803    0.15305539    0.16594819    0.17757633
T22            0.26480826    0.20361294    0.20411131    0.19828420    0.24299695    0.21698656    0.21155860    0.23867037    0.23469449    0.36113785    0.31419558    0.02442145    0.00000000    0.04343639    0.13432167    0.15379033    0.14898643    0.12924831    0.17695997    0.16938058    0.16902078    0.15085230    0.16902078    0.17556743
T6             0.25241667    0.19488406    0.19529932    0.18963554    0.22482611    0.21086674    0.20549904    0.20949369    0.21439264    0.35751173    0.30098514    0.04977265    0.04343639    0.00000000    0.12446690    0.13867212    0.13418774    0.11710935    0.16869573    0.15351135    0.15835664    0.14315405    0.15835664    0.16449608
T15            0.20970018    0.14253450    0.14509282    0.13763697    0.16776301    0.14965880    0.14471765    0.17386661    0.17043063    0.30868008    0.26247243    0.13641985    0.13432167    0.12446690    0.00000000    0.06282237    0.05194676    0.04770659    0.10146423    0.11077946    0.08972446    0.07593020    0.09673515    0.09962664
T4             0.23147684    0.16489662    0.16754302    0.15984461    0.19649736    0.18027272    0.17511012    0.19732477    0.19371845    0.33728298    0.28916951    0.15848794    0.15379033    0.13867212    0.06282237    0.00000000    0.04972863    0.06944541    0.12252656    0.13211914    0.11281541    0.09619023    0.11764738    0.11821653
T12            0.22032830    0.15223691    0.15482839    0.14727595    0.18050295    0.16998493    0.16489662    0.17311257    0.17511012    0.32328524    0.28267170    0.15110142    0.14898643    0.13418774    0.05194676    0.04972863    0.00000000    0.06288857    0.11306118    0.11764738    0.10586533    0.08939665    0.10825244    0.11120986
T20            0.19571914    0.13511100    0.13763697    0.13026606    0.16268452    0.14984742    0.14490120    0.16337771    0.16268452    0.30146920    0.26836492    0.13137681    0.12924831    0.11710935    0.04770659    0.06944541    0.06288857    0.00000000    0.09215600    0.10825244    0.08519416    0.06926430    0.08982458    0.09501497
T5             0.22483171    0.16977490    0.17243538    0.16469211    0.19322736    0.18524593    0.18005124    0.19676417    0.19047906    0.34474398    0.31643082    0.17907615    0.17695997    0.16869573    0.10146423    0.12252656    0.11306118    0.09215600    0.00000000    0.12252656    0.11983070    0.10085298    0.12745389    0.12528959
T16            0.23602117    0.18005124    0.18275492    0.17489442    0.21233583    0.19299536    0.19047906    0.19397749    0.20385749    0.35914504    0.33023506    0.16624217    0.16938058    0.15351135    0.11077946    0.13211914    0.11764738    0.10825244    0.12252656    0.00000000    0.13432167    0.11250414    0.12936997    0.12993591
T1             0.22189769    0.16712852    0.17243538    0.16469211    0.20156420    0.17448910    0.16938058    0.18845036    0.18502742    0.32389241    0.28991700    0.17115803    0.16902078    0.15835664    0.08972446    0.11281541    0.10586533    0.08519416    0.11983070    0.13432167    0.00000000    0.04760797    0.08308457    0.09029699
T9             0.20437437    0.14630671    0.14883901    0.14140860    0.17147936    0.16120585    0.15620484    0.16938058    0.16624217    0.31672050    0.27997403    0.15305539    0.15085230    0.14315405    0.07593020    0.09619023    0.08939665    0.06926430    0.10085298    0.11250414    0.04760797    0.00000000    0.06050771    0.06504485
T2             0.22778307    0.16977490    0.17243538    0.16469211    0.19599087    0.18524593    0.17736212    0.19397749    0.19322736    0.34120769    0.29969545    0.16594819    0.16902078    0.15835664    0.09673515    0.11764738    0.10825244    0.08982458    0.12745389    0.12936997    0.08308457    0.06050771    0.00000000    0.06735344
T23            0.22624866    0.16268452    0.17066623    0.16290725    0.18870301    0.18346776    0.17827115    0.19792122    0.19703998    0.35050711    0.30818545    0.17757633    0.17556743    0.16449608    0.09962664    0.11821653    0.11120986    0.09501497    0.12528959    0.12993591    0.09029699    0.06504485    0.06735344    0.00000000

