24
T18            0.00000000    0.44346620    0.44346620    0.28965751    0.27589102    0.28833677    0.28468979    0.29674966    0.29116868    0.29911794    0.29960226    0.28551592    0.30303546    0.27197906    0.27197906    0.29533013    0.29295045    0.34639004    0.34281416    0.26060017    0.27074331    0.30882321    0.27127781    0.26798613
T5             0.44346620    0.00000000    0.00401612    0.30303546    0.30798425    0.32011732    0.31802833    0.33326445    0.33523126    0.32628749    0.33774268    0.30970918    0.34531284    0.31554177    0.31554177    0.31554177    0.31989018    0.36405246    0.36777504    0.32780826    0.31940675    0.34588773    0.31303348    0.31802833
T7             0.44346620    0.00401612    0.00000000    0.30303546    0.30798425    0.32011732    0.31802833    0.33326445    0.33523126    0.32628749    0.33079028    0.30970918    0.34531284    0.31554177    0.31554177    0.31554177    0.31989018    0.35668960    0.36035745    0.32780826    0.31940675    0.34588773    0.31303348    0.31802833
T14            0.28965751    0.30303546    0.30303546    0.00000000    0.10784096    0.12704144    0.10586932    0.11593209    0.11042097    0.12513909    0.12994243    0.10112858    0.12214978    0.10803363    0.10803363    0.10349332    0.10611105    0.17758843    0.16958405    0.14235753    0.15525099    0.19878514    0.15395050    0.13712752
T9             0.27589102    0.30798425    0.30798425    0.10784096    0.00000000    0.10304900    0.08695162    0.08954856    0.09612798    0.10793348    0.12447188    0.08933524    0.10760943    0.09381802    0.09381802    0.08933524    0.09178011    0.16337156    0.16855513    0.14870695    0.14645488    0.19470270    0.15316321    0.13630966
T6             0.28833677    0.32011732    0.32011732    0.12704144    0.10304900    0.00000000    0.08710493    0.09450186    0.11012639    0.12471523    0.13918315    0.10085603    0.11720558    0.10775609    0.10775609    0.10103023    0.10360475    0.18964765    0.18964765    0.17449998    0.16694421    0.20274161    0.16841424    0.15894174
T4             0.28468979    0.31802833    0.31802833    0.10586932    0.08695162    0.08710493    0.00000000    0.03280822    0.09394456    0.11053445    0.12226940    0.08717075    0.10775609    0.09394456    0.09394456    0.08947011    0.09195508    0.17678276    0.17945078    0.15154608    0.15445799    0.18964765    0.15849572    0.14660438
T16            0.29674966    0.33326445    0.33326445    0.11593209    0.08954856    0.09450186    0.03280822    0.00000000    0.10384999    0.11609523    0.12794915    0.09227226    0.11306597    0.09439062    0.09439062    0.09462037    0.09724956    0.17512208    0.17781175    0.15765264    0.16073588    0.19904208    0.16713900    0.15264551
T22            0.29116868    0.33523126    0.33523126    0.11042097    0.09612798    0.11012639    0.09394456    0.10384999    0.00000000    0.07599344    0.09626529    0.05827954    0.07355773    0.06479382    0.06479382    0.06046801    0.06276429    0.17678276    0.17678276    0.14966751    0.15224604    0.20668398    0.15878453    0.14438246
T8             0.29911794    0.32628749    0.32628749    0.12513909    0.10793348    0.12471523    0.11053445    0.11609523    0.07599344    0.00000000    0.08724388    0.06061097    0.08045769    0.06714708    0.06714708    0.06504635    0.06743838    0.19324155    0.19324155    0.16512066    0.16824075    0.21549922    0.17469864    0.16006254
T13            0.29960226    0.33774268    0.33079028    0.12994243    0.12447188    0.13918315    0.12226940    0.12794915    0.09626529    0.08724388    0.00000000    0.08260358    0.10304900    0.08933524    0.08933524    0.08033557    0.08273607    0.20132458    0.20132458    0.18100347    0.17607277    0.20951068    0.18254730    0.17044273
T23            0.28551592    0.30970918    0.30970918    0.10112858    0.08933524    0.10085603    0.08717075    0.09227226    0.05827954    0.06061097    0.08260358    0.00000000    0.03274746    0.02029432    0.02029432    0.03272679    0.03488897    0.17716803    0.17449998    0.14710224    0.14490971    0.18775886    0.15139187    0.13712752
T2             0.30303546    0.34531284    0.34531284    0.12214978    0.10760943    0.11720558    0.10775609    0.11306597    0.07355773    0.08045769    0.10304900    0.03274746    0.00000000    0.02442163    0.02442163    0.05185677    0.05413142    0.20061309    0.20061309    0.16958405    0.16470248    0.21157485    0.17395661    0.15928164
T0             0.27197906    0.31554177    0.31554177    0.10803363    0.09381802    0.10775609    0.09394456    0.09439062    0.06479382    0.06714708    0.08933524    0.02029432    0.02442163    0.00000000    0.00000000    0.04114459    0.04334386    0.17945078    0.17945078    0.14422298    0.14455009    0.19005202    0.15110859    0.13682258
T17            0.27197906    0.31554177    0.31554177    0.10803363    0.09381802    0.10775609    0.09394456    0.09439062    0.06479382    0.06714708    0.08933524    0.02029432    0.02442163    0.00000000    0.00000000    0.04114459    0.04334386    0.17945078    0.17945078    0.14422298    0.14455009    0.19005202    0.15110859    0.13682258
T15            0.29533013    0.31554177    0.31554177    0.10349332    0.08933524    0.10103023    0.08947011    0.09462037    0.06046801    0.06504635    0.08033557    0.03272679    0.05185677    0.04114459    0.04114459    0.00000000    0.01415462    0.17449998    0.16958405    0.14966751    0.14747501    0.18775886    0.15395050    0.13964746
T21            0.29295045    0.31989018    0.31989018    0.10611105    0.09178011    0.10360475    0.09195508    0.09724956    0.06276429    0.06743838    0.08273607    0.03488897    0.05413142    0.04334386    0.04334386    0.01415462    0.00000000    0.17758843    0.17266437    0.15264551    0.15047221    0.19651304    0.15686564    0.14254291
T20            0.34639004    0.36405246    0.35668960    0.17758843    0.16337156    0.18964765    0.17678276    0.17512208    0.17678276    0.19324155    0.20132458    0.17716803    0.20061309    0.17945078    0.17945078    0.17449998    0.17758843    0.00000000    0.02862842    0.18822048    0.19482529    0.24334447    0.20084100    0.18299692
T12            0.34281416    0.36777504    0.36035745    0.16958405    0.16855513    0.18964765    0.17945078    0.17781175    0.17678276    0.19324155    0.20132458    0.17449998    0.20061309    0.17945078    0.17945078    0.16958405    0.17266437    0.02862842    0.00000000    0.19878514    0.20553720    0.24334447    0.21157485    0.19348301
T19            0.26060017    0.32780826    0.32780826    0.14235753    0.14870695    0.17449998    0.15154608    0.15765264    0.14966751    0.16512066    0.18100347    0.14710224    0.16958405    0.14422298    0.14422298    0.14966751    0.15264551    0.18822048    0.19878514    0.00000000    0.06960286    0.11065553    0.06704311    0.06743838
T11            0.27074331    0.31940675    0.31940675    0.15525099    0.14645488    0.16694421    0.15445799    0.16073588    0.15224604    0.16824075    0.17607277    0.14490971    0.16470248    0.14455009    0.14455009    0.14747501    0.15047221    0.19482529    0.20553720    0.06960286    0.00000000    0.10349332    0.07149821    0.06519577
T1             0.30882321    0.34588773    0.34588773    0.19878514    0.19470270    0.20274161    0.18964765    0.19904208    0.20668398    0.21549922    0.20951068    0.18775886    0.21157485    0.19005202    0.19005202    0.18775886    0.19651304    0.24334447    0.24334447    0.11065553    0.10349332    0.00000000    0.10304900    0.09887522
T10            0.27127781    0.31303348    0.31303348    0.15395050    0.15316321    0.16841424    0.15849572    0.16713900    0.15878453    0.17469864    0.18254730    0.15139187    0.17395661    0.15110859    0.15110859    0.15395050    0.15686564    0.20084100    0.21157485    0.06704311    0.07149821    0.10304900    0.00000000    0.05610063
T3             0.26798613    0.31802833    0.31802833    0.13712752    0.13630966    0.15894174    0.14660438    0.15264551    0.14438246    0.16006254    0.17044273    0.13712752    0.15928164    0.13682258    0.13682258    0.13964746    0.14254291    0.18299692    0.19348301    0.06743838    0.06519577    0.09887522    0.05610063    0.00000000

