24
T9             0.00000000    0.32142962    0.38552467    0.35613772    0.36486480    0.38037455    0.38230469    0.47138076    0.46783493    0.41425064    0.40623583    0.38164755    0.36842429    0.31648840    0.31319612    0.31664920    0.30535696    0.33137761    0.31902792    0.30585318    0.31065707    0.31114160    0.31902792    0.32306054
T21            0.32142962    0.00000000    0.09619335    0.11004417    0.11688428    0.12416698    0.12447314    0.19854224    0.19601059    0.18323981    0.16978954    0.13198339    0.10329381    0.18425679    0.17224157    0.17224157    0.16920921    0.22389675    0.22069312    0.20212512    0.20439679    0.20466989    0.21610819    0.21933297
T8             0.38552467    0.09619335    0.00000000    0.17833475    0.18839881    0.19387326    0.18096765    0.28001204    0.27720777    0.25020215    0.22393669    0.19724708    0.17627346    0.23455602    0.23328330    0.22460590    0.21848011    0.27653175    0.28001204    0.26233484    0.26785259    0.26817773    0.26575175    0.26609949
T19            0.35613772    0.11004417    0.17833475    0.00000000    0.03063023    0.03485744    0.06735584    0.13530345    0.13296688    0.14393044    0.13395084    0.10556399    0.08260393    0.18865614    0.18444007    0.17116932    0.17876045    0.23037403    0.23594292    0.21416580    0.21088567    0.21110750    0.22247998    0.23090328
T1             0.36486480    0.11688428    0.18839881    0.03063023    0.00000000    0.01619041    0.08289818    0.15244511    0.15005703    0.16641387    0.15607243    0.12193508    0.09844911    0.20458154    0.20274512    0.19724708    0.19417820    0.25291875    0.25866963    0.23620964    0.23037403    0.23063368    0.24480002    0.25350727
T12            0.38037455    0.12416698    0.19387326    0.03485744    0.01619041    0.00000000    0.08761002    0.15787424    0.15547396    0.17184923    0.15621472    0.12447314    0.10320478    0.21027786    0.20852791    0.20295302    0.19434474    0.25927389    0.26508837    0.24240870    0.23648645    0.23677331    0.25110452    0.25992056
T15            0.38230469    0.12447314    0.18096765    0.06735584    0.08289818    0.08761002    0.00000000    0.16389967    0.16148894    0.17781610    0.16189009    0.12979093    0.10587058    0.21890371    0.20643614    0.20084553    0.19490026    0.25413762    0.26300045    0.24335266    0.23973443    0.24004015    0.24603365    0.25480959
T16            0.47138076    0.19854224    0.28001204    0.13530345    0.15244511    0.15787424    0.16389967    0.00000000    0.00200301    0.23208061    0.22040850    0.19651861    0.17804840    0.28565387    0.27630100    0.27551380    0.27477002    0.28957643    0.31804146    0.29035622    0.29280575    0.29646153    0.30637447    0.30593625
T6             0.46783493    0.19601059    0.27720777    0.13296688    0.15005703    0.15547396    0.16148894    0.00200301    0.00000000    0.23239955    0.22069312    0.19678620    0.17558486    0.28282738    0.27671082    0.27273405    0.27198857    0.28674176    0.31510699    0.28752313    0.28996069    0.29360664    0.30348693    0.30304822
T4             0.41425064    0.18323981    0.25020215    0.14393044    0.16641387    0.17184923    0.17781610    0.23208061    0.23239955    0.00000000    0.05692234    0.13746723    0.13260752    0.25564584    0.23737706    0.24636751    0.24808975    0.28996069    0.29932780    0.28189020    0.28110582    0.28149250    0.29445282    0.30393717
T0             0.40623583    0.16978954    0.22393669    0.13395084    0.15607243    0.15621472    0.16189009    0.22040850    0.22069312    0.05692234    0.00000000    0.13243962    0.12267711    0.25564584    0.23737706    0.24035591    0.23620964    0.28674176    0.29605611    0.28189020    0.28110582    0.28149250    0.29118104    0.30061087
T2             0.38164755    0.13198339    0.19724708    0.10556399    0.12193508    0.12447314    0.12979093    0.19651861    0.19678620    0.13746723    0.13243962    0.00000000    0.08069548    0.21027786    0.19510396    0.19785302    0.19470580    0.23887785    0.24155617    0.22247998    0.22484879    0.22510152    0.23090328    0.24539641
T22            0.36842429    0.10329381    0.17627346    0.08260393    0.09844911    0.10320478    0.10587058    0.17804840    0.17558486    0.13260752    0.12267711    0.08069548    0.00000000    0.19979766    0.18754539    0.18483365    0.18175752    0.22799397    0.23355148    0.21467330    0.21416580    0.21441478    0.22359407    0.23441590
T20            0.31648840    0.18425679    0.23455602    0.18865614    0.20458154    0.21027786    0.21890371    0.28565387    0.28282738    0.25564584    0.25564584    0.21027786    0.19979766    0.00000000    0.09652814    0.08724450    0.08254846    0.19180898    0.19706375    0.17643533    0.18110747    0.18125640    0.18158146    0.19217377
T14            0.31319612    0.17224157    0.23328330    0.18444007    0.20274512    0.20852791    0.20643614    0.27630100    0.27671082    0.23737706    0.23737706    0.19510396    0.18754539    0.09652814    0.00000000    0.03277472    0.07622135    0.17245073    0.18213656    0.15928449    0.16903308    0.16920921    0.16958747    0.18006752
T11            0.31664920    0.17224157    0.22460590    0.17116932    0.19724708    0.20295302    0.20084553    0.27551380    0.27273405    0.24636751    0.24035591    0.19785302    0.18483365    0.08724450    0.03277472    0.00000000    0.06289054    0.17166611    0.18213656    0.15928449    0.16641387    0.16658309    0.16432126    0.18006752
T5             0.30535696    0.16920921    0.21848011    0.17876045    0.19417820    0.19434474    0.19490026    0.27477002    0.27198857    0.24808975    0.23620964    0.19470580    0.18175752    0.08254846    0.07622135    0.06289054    0.00000000    0.17395913    0.17908933    0.15894412    0.15836565    0.15849741    0.16397072    0.16903308
T7             0.33137761    0.22389675    0.27653175    0.23037403    0.25291875    0.25927389    0.25413762    0.28957643    0.28674176    0.28996069    0.28674176    0.23887785    0.22799397    0.19180898    0.17245073    0.17166611    0.17395913    0.00000000    0.09868300    0.07380478    0.07807806    0.07587776    0.07599389    0.08273664
T13            0.31902792    0.22069312    0.28001204    0.23594292    0.25866963    0.26508837    0.26300045    0.31804146    0.31510699    0.29932780    0.29605611    0.24155617    0.23355148    0.19706375    0.18213656    0.18213656    0.17908933    0.09868300    0.00000000    0.04117023    0.05831565    0.06266630    0.06276463    0.07613846
T10            0.30585318    0.20212512    0.26233484    0.21416580    0.23620964    0.24240870    0.24335266    0.29035622    0.28752313    0.28189020    0.28189020    0.22247998    0.21467330    0.17643533    0.15928449    0.15928449    0.15894412    0.07380478    0.04117023    0.00000000    0.04327705    0.04330723    0.04124124    0.05419218
T23            0.31065707    0.20439679    0.26785259    0.21088567    0.23037403    0.23648645    0.23973443    0.29280575    0.28996069    0.28110582    0.28110582    0.22484879    0.21416580    0.18110747    0.16903308    0.16641387    0.15836565    0.07807806    0.05831565    0.04327705    0.00000000    0.00401105    0.04330723    0.05189909
T18            0.31114160    0.20466989    0.26817773    0.21110750    0.23063368    0.23677331    0.24004015    0.29646153    0.29360664    0.28149250    0.28149250    0.22510152    0.21441478    0.18125640    0.16920921    0.16658309    0.15849741    0.07587776    0.06266630    0.04330723    0.00401105    0.00000000    0.03907000    0.04760890
T17            0.31902792    0.21610819    0.26575175    0.22247998    0.24480002    0.25110452    0.24603365    0.30637447    0.30348693    0.29445282    0.29118104    0.23090328    0.22359407    0.18158146    0.16958747    0.16432126    0.16397072    0.07599389    0.06276463    0.04124124    0.04330723    0.03907000    0.00000000    0.02859739
T3             0.32306054    0.21933297    0.26609949    0.23090328    0.25350727    0.25992056    0.25480959    0.30593625    0.30304822    0.30393717    0.30061087    0.24539641    0.23441590    0.19217377    0.18006752    0.18006752    0.16903308    0.08273664    0.07613846    0.05419218    0.05189909    0.04760890    0.02859739    0.00000000

