24
T13            0.00000000    0.30371121    0.33547963    0.29296829    0.31443126    0.29377826    0.37254776    0.35422799    0.36007595    0.35334046    0.32408607    0.37375037    0.34862508    0.29705595    0.31530258    0.21620798    0.22793111    0.22271596    0.22271596    0.28517617    0.22940242    0.24605121    0.22828447    0.25042245
T15            0.30371121    0.00000000    0.14680196    0.12256102    0.13685605    0.11502431    0.16739954    0.15469258    0.16033716    0.15530642    0.13282064    0.24380858    0.23515338    0.39538271    0.39064880    0.29336175    0.30045551    0.30045551    0.29400741    0.38706721    0.34100651    0.37511819    0.35371493    0.36317401
T7             0.33547963    0.14680196    0.00000000    0.04988708    0.07388455    0.06970235    0.15889067    0.14577982    0.14412475    0.13918640    0.12206016    0.25493709    0.23993747    0.39935903    0.38034066    0.30157547    0.30238095    0.30902363    0.29909261    0.42940369    0.36189324    0.40152647    0.37881183    0.37385253
T1             0.29296829    0.12256102    0.04988708    0.00000000    0.04334701    0.04356190    0.13150202    0.12393465    0.12435482    0.11955669    0.09845634    0.23241319    0.21789465    0.37084669    0.35272852    0.26521299    0.27528362    0.27845680    0.27213058    0.38863249    0.31820473    0.35511495    0.33406285    0.33276854
T16            0.31443126    0.13685605    0.07388455    0.04334701    0.00000000    0.05847068    0.14556154    0.13534283    0.13573432    0.13087153    0.10704703    0.24913651    0.23426947    0.39374877    0.38246892    0.29793453    0.30527153    0.30859277    0.30197234    0.40805886    0.33599329    0.37000379    0.34862508    0.34363792
T0             0.29377826    0.11502431    0.06970235    0.04356190    0.05847068    0.00000000    0.13107393    0.12106050    0.11648078    0.11174819    0.09568167    0.22343506    0.21205000    0.37196701    0.36093552    0.26899741    0.27605761    0.27925130    0.27288430    0.38226891    0.32275251    0.36008213    0.33874941    0.33755422
T6             0.37254776    0.16739954    0.15889067    0.13150202    0.14556154    0.13107393    0.00000000    0.09430308    0.08964833    0.08512005    0.07414110    0.28566634    0.26351311    0.46134875    0.44014131    0.33401405    0.34916436    0.35277500    0.34557975    0.45252224    0.39432632    0.42775633    0.41209436    0.40706203
T12            0.35422799    0.15469258    0.14577982    0.12393465    0.13534283    0.12106050    0.09430308    0.00000000    0.04542128    0.04117243    0.06736462    0.26943351    0.25722570    0.39756635    0.38620050    0.32711861    0.33497852    0.33848720    0.33149444    0.42281981    0.38015336    0.42106137    0.39755526    0.40054776
T14            0.36007595    0.16033716    0.14412475    0.12435482    0.13573432    0.11648078    0.08964833    0.04542128    0.00000000    0.00401107    0.06529093    0.26395068    0.24872799    0.39874675    0.40262407    0.33848720    0.34667092    0.34667092    0.34308616    0.44996899    0.38401679    0.42521502    0.40152647    0.40458386
T19            0.35334046    0.15530642    0.13918640    0.11955669    0.13087153    0.11174819    0.08512005    0.04117243    0.00401107    0.00000000    0.06090651    0.26439867    0.24913651    0.39814918    0.40201134    0.33198322    0.34006596    0.34006596    0.33651950    0.44218575    0.37699621    0.41773643    0.39432632    0.39731198
T18            0.32408607    0.13282064    0.12206016    0.09845634    0.10704703    0.09568167    0.07414110    0.06736462    0.06529093    0.06090651    0.00000000    0.22343506    0.21496374    0.40128399    0.38583236    0.30035540    0.30796576    0.31135537    0.30459912    0.39257259    0.34294938    0.38154996    0.35943771    0.36209386
T4             0.37375037    0.24380858    0.25493709    0.23241319    0.24913651    0.22343506    0.28566634    0.26943351    0.26395068    0.26439867    0.22343506    0.00000000    0.03716364    0.43331203    0.41980193    0.33599329    0.33248446    0.34781334    0.34420238    0.37061137    0.33352430    0.37375037    0.35222258    0.36189324
T9             0.34862508    0.23515338    0.23993747    0.21789465    0.23426947    0.21205000    0.26351311    0.25722570    0.24872799    0.24913651    0.21496374    0.03716364    0.00000000    0.40201134    0.39699826    0.30323325    0.29992288    0.31426656    0.31426656    0.33848720    0.30656583    0.35222258    0.32459871    0.33352430
T3             0.29705595    0.39538271    0.39935903    0.37084669    0.39374877    0.37196701    0.46134875    0.39756635    0.39874675    0.39814918    0.40128399    0.43331203    0.40201134    0.00000000    0.05860542    0.23099795    0.24282380    0.24046909    0.24046909    0.32331418    0.28286720    0.30423041    0.28469695    0.30014986
T11            0.31530258    0.39064880    0.38034066    0.35272852    0.38246892    0.36093552    0.44014131    0.38620050    0.40262407    0.40201134    0.38583236    0.41980193    0.39699826    0.05860542    0.00000000    0.23337570    0.24221828    0.23687570    0.23687570    0.32220283    0.28517617    0.30999581    0.29032779    0.29904551
T17            0.21620798    0.29336175    0.30157547    0.26521299    0.29793453    0.26899741    0.33401405    0.32711861    0.33848720    0.33198322    0.30035540    0.33599329    0.30323325    0.23099795    0.23337570    0.00000000    0.03489116    0.03073601    0.03073601    0.21362991    0.17369361    0.19183699    0.17564857    0.18990969
T23            0.22793111    0.30045551    0.30238095    0.27528362    0.30527153    0.27605761    0.34916436    0.33497852    0.34667092    0.34006596    0.30796576    0.33248446    0.29992288    0.24282380    0.24221828    0.03489116    0.00000000    0.03285081    0.03285081    0.21943999    0.17369361    0.20309612    0.18107816    0.19552347
T21            0.22271596    0.30045551    0.30902363    0.27845680    0.30859277    0.27925130    0.35277500    0.33848720    0.34667092    0.34006596    0.31135537    0.34781334    0.31426656    0.24046909    0.23687570    0.03073601    0.03285081    0.00000000    0.01626322    0.20563833    0.16881309    0.19521599    0.17343909    0.18216903
T20            0.22271596    0.29400741    0.29909261    0.27213058    0.30197234    0.27288430    0.34557975    0.33149444    0.34308616    0.33651950    0.30459912    0.34420238    0.31426656    0.24046909    0.23687570    0.03073601    0.03285081    0.01626322    0.00000000    0.21138147    0.17422834    0.19803876    0.17614656    0.18772029
T2             0.28517617    0.38706721    0.42940369    0.38863249    0.40805886    0.38226891    0.45252224    0.42281981    0.44996899    0.44218575    0.39257259    0.37061137    0.33848720    0.32331418    0.32220283    0.21362991    0.21943999    0.20563833    0.21138147    0.00000000    0.08512005    0.10577911    0.08948218    0.08521059
T5             0.22940242    0.34100651    0.36189324    0.31820473    0.33599329    0.32275251    0.39432632    0.38015336    0.38401679    0.37699621    0.34294938    0.33352430    0.30656583    0.28286720    0.28517617    0.17369361    0.17369361    0.16881309    0.17422834    0.08512005    0.00000000    0.05200866    0.03697840    0.04349830
T10            0.24605121    0.37511819    0.40152647    0.35511495    0.37000379    0.36008213    0.42775633    0.42106137    0.42521502    0.41773643    0.38154996    0.37375037    0.35222258    0.30423041    0.30999581    0.19183699    0.20309612    0.19521599    0.19803876    0.10577911    0.05200866    0.00000000    0.01824872    0.05413690
T8             0.22828447    0.35371493    0.37881183    0.33406285    0.34862508    0.33874941    0.41209436    0.39755526    0.40152647    0.39432632    0.35943771    0.35222258    0.32459871    0.28469695    0.29032779    0.17564857    0.18107816    0.17343909    0.17614656    0.08948218    0.03697840    0.01824872    0.00000000    0.04334701
T22            0.25042245    0.36317401    0.37385253    0.33276854    0.34363792    0.33755422    0.40706203    0.40054776    0.40458386    0.39731198    0.36209386    0.36189324    0.33352430    0.30014986    0.29904551    0.18990969    0.19552347    0.18216903    0.18772029    0.08521059    0.04349830    0.05413690    0.04334701    0.00000000

