24
T16            0.00000000    0.34336558    0.33980215    0.35669675    0.32732041    0.30592767    0.34147426    0.31131354    0.30029572    0.30681691    0.30429272    0.31423730    0.29241522    0.28248001    0.20618888    0.18822205    0.19097106    0.18233684    0.19026904    0.18462985    0.19373530    0.17512344    0.19489761    0.17044430
T6             0.34336558    0.00000000    0.00200402    0.04327696    0.40838378    0.36096331    0.38752545    0.40365652    0.39638987    0.40418422    0.40158221    0.40552560    0.39833127    0.38231970    0.33824249    0.31696245    0.32039127    0.33824249    0.34944034    0.33474165    0.34282047    0.31941184    0.33245389    0.31745822
T17            0.33980215    0.00200402    0.00000000    0.04114456    0.40437692    0.35728158    0.38364318    0.39969739    0.39253789    0.40027182    0.39766975    0.40158221    0.39443406    0.37855485    0.33474165    0.31355704    0.31696245    0.33474165    0.34585133    0.33126520    0.33926975    0.32284061    0.32903710    0.31404112
T3             0.35669675    0.04327696    0.04114456    0.00000000    0.41397287    0.37217439    0.39143818    0.41981489    0.40812753    0.42014800    0.40950039    0.41350711    0.40621822    0.38611316    0.35756961    0.32732041    0.32732041    0.34176806    0.36036492    0.35612491    0.35977962    0.34282047    0.35248722    0.32680070
T11            0.32732041    0.40838378    0.40437692    0.41397287    0.00000000    0.15686652    0.16557421    0.17828620    0.18028676    0.18846640    0.17266577    0.18075707    0.17558183    0.15139236    0.31970989    0.30636561    0.31647854    0.30798770    0.32188558    0.30798770    0.27792108    0.30392804    0.32350285    0.27272706
T5             0.30592767    0.36096331    0.35728158    0.37217439    0.15686652    0.00000000    0.09662960    0.15894232    0.15849589    0.16625151    0.15621311    0.16396881    0.15894232    0.13104761    0.30575309    0.30468389    0.31466170    0.29419478    0.30758560    0.29419478    0.28353665    0.27406378    0.28435617    0.25958639
T4             0.34147426    0.38752545    0.38364318    0.39143818    0.16557421    0.09662960    0.00000000    0.17558183    0.16958510    0.17758975    0.17804536    0.18075707    0.17558183    0.14631399    0.34379734    0.32089888    0.33136557    0.31554631    0.32976965    0.31554631    0.31647854    0.30392804    0.31676136    0.29204197
T12            0.31131354    0.40365652    0.39969739    0.41981489    0.17828620    0.15894232    0.17558183    0.00000000    0.02859733    0.03069836    0.04133828    0.04770758    0.04343726    0.13373786    0.31855078    0.29527248    0.30508679    0.28750360    0.29419478    0.29385866    0.30429272    0.28248001    0.29929534    0.27406378
T1             0.30029572    0.39638987    0.39253789    0.40812753    0.18028676    0.15849589    0.16958510    0.02859733    0.00000000    0.01007283    0.04120233    0.04756931    0.04545330    0.13348143    0.31422054    0.28781937    0.29741330    0.28040893    0.29005392    0.28662530    0.29353415    0.26916784    0.28585131    0.26141150
T19            0.30681691    0.40418422    0.40027182    0.42014800    0.18846640    0.16625151    0.17758975    0.03069836    0.01007283    0.00000000    0.04120233    0.04972942    0.04760875    0.14085497    0.31750239    0.29099689    0.30065271    0.28350744    0.29322129    0.28976277    0.29673200    0.27222841    0.28895940    0.26446281
T8             0.30429272    0.40158221    0.39766975    0.40950039    0.17266577    0.15621311    0.17804536    0.04133828    0.04120233    0.04120233    0.00000000    0.02648476    0.03697621    0.13119839    0.30834300    0.29168316    0.30140181    0.28406179    0.29067101    0.29035668    0.29741330    0.26971649    0.28324753    0.26753290
T2             0.31423730    0.40552560    0.40158221    0.41350711    0.18075707    0.16396881    0.18075707    0.04770758    0.04756931    0.04972942    0.02648476    0.00000000    0.04760875    0.13610200    0.31488535    0.29814118    0.30468389    0.29035668    0.29706681    0.29673200    0.30391330    0.27589462    0.28948328    0.27373033
T10            0.29241522    0.39833127    0.39443406    0.40621822    0.17558183    0.15894232    0.17558183    0.04343726    0.04545330    0.04760875    0.03697621    0.04760875    0.00000000    0.13373786    0.30284586    0.28317326    0.29279836    0.27870392    0.28282104    0.28248001    0.29204348    0.26508279    0.28152440    0.26232928
T20            0.28248001    0.38231970    0.37855485    0.38611316    0.15139236    0.13104761    0.14631399    0.13373786    0.13348143    0.14085497    0.13119839    0.13610200    0.13373786    0.00000000    0.29292010    0.27279599    0.28215020    0.26263487    0.28122846    0.26866353    0.28466196    0.26665588    0.27969261    0.24693918
T7             0.20618888    0.33824249    0.33474165    0.35756961    0.31970989    0.30575309    0.34379734    0.31855078    0.31422054    0.31750239    0.30834300    0.31488535    0.30284586    0.29292010    0.00000000    0.11741370    0.12471568    0.11241951    0.12458996    0.11720567    0.14915063    0.13655021    0.15306149    0.13198206
T9             0.18822205    0.31696245    0.31355704    0.32732041    0.30636561    0.30468389    0.32089888    0.29527248    0.28781937    0.29099689    0.29168316    0.29814118    0.28317326    0.27279599    0.11741370    0.00000000    0.00804438    0.03488901    0.04133828    0.03701238    0.12499063    0.11548868    0.13394974    0.11078473
T21            0.19097106    0.32039127    0.31696245    0.32732041    0.31647854    0.31466170    0.33136557    0.30508679    0.29741330    0.30065271    0.30140181    0.30468389    0.29279836    0.28215020    0.12471568    0.00804438    0.00000000    0.04334391    0.04988184    0.04549472    0.13243802    0.12282661    0.14141543    0.11806913
T22            0.18233684    0.33824249    0.33474165    0.34176806    0.30798770    0.29419478    0.31554631    0.28750360    0.28040893    0.28350744    0.28406179    0.29035668    0.27870392    0.26263487    0.11241951    0.03488901    0.04334391    0.00000000    0.03705504    0.03488901    0.12717361    0.11282015    0.13128606    0.10814171
T18            0.19026904    0.34944034    0.34585133    0.36036492    0.32188558    0.30758560    0.32976965    0.29419478    0.29005392    0.29322129    0.29067101    0.29706681    0.28282104    0.28122846    0.12458996    0.04133828    0.04988184    0.03705504    0.00000000    0.03715974    0.13477918    0.11320107    0.13159782    0.11306649
T15            0.18462985    0.33474165    0.33126520    0.35612491    0.30798770    0.29419478    0.31554631    0.29385866    0.28662530    0.28976277    0.29035668    0.29673200    0.28248001    0.26866353    0.11720567    0.03701238    0.04549472    0.03488901    0.03715974    0.00000000    0.12717361    0.11065600    0.12680206    0.10814171
T14            0.19373530    0.34282047    0.33926975    0.35977962    0.27792108    0.28353665    0.31647854    0.30429272    0.29353415    0.29673200    0.29741330    0.30391330    0.29204348    0.28466196    0.14915063    0.12499063    0.13243802    0.12717361    0.13477918    0.12717361    0.00000000    0.09215966    0.11012644    0.09439099
T13            0.17512344    0.31941184    0.32284061    0.34282047    0.30392804    0.27406378    0.30392804    0.28248001    0.26916784    0.27222841    0.26971649    0.27589462    0.26508279    0.26665588    0.13655021    0.11548868    0.12282661    0.11282015    0.11320107    0.11065600    0.09215966    0.00000000    0.04325345    0.08529385
T23            0.19489761    0.33245389    0.32903710    0.35248722    0.32350285    0.28435617    0.31676136    0.29929534    0.28585131    0.28895940    0.28324753    0.28948328    0.28152440    0.27969261    0.15306149    0.13394974    0.14141543    0.13128606    0.13159782    0.12680206    0.11012644    0.04325345    0.00000000    0.10312273
T0             0.17044430    0.31745822    0.31404112    0.32680070    0.27272706    0.25958639    0.29204197    0.27406378    0.26141150    0.26446281    0.26753290    0.27373033    0.26232928    0.24693918    0.13198206    0.11078473    0.11806913    0.10814171    0.11306649    0.10814171    0.09439099    0.08529385    0.10312273    0.00000000

