24
T12            0.00000000    0.25754502    0.21781993    0.24476839    0.32736072    0.24440295    0.24440295    0.19831174    0.19808166    0.21522980    0.20901261    0.22855742    0.21677081    0.21393548    0.19532463    0.19302154    0.19831174    0.18755272    0.19831174    0.31557972    0.33279037    0.33578395    0.29120219    0.32608385
T16            0.25754502    0.00000000    0.02857277    0.18277952    0.24510598    0.16695333    0.16695333    0.19050509    0.18255854    0.21007777    0.20669902    0.23209359    0.21727616    0.21727616    0.19626914    0.19626914    0.21007777    0.20751572    0.21581406    0.36783519    0.37917875    0.38234609    0.33439020    0.37602961
T0             0.21781993    0.02857277    0.00000000    0.15225472    0.22041955    0.13713404    0.13713404    0.15705855    0.14693541    0.17290233    0.17245754    0.19374784    0.17986109    0.17986109    0.17000697    0.16513136    0.17829748    0.17045455    0.17829748    0.32093767    0.33140839    0.33439020    0.28969446    0.32880397
T6             0.24476839    0.18277952    0.15225472    0.00000000    0.16340223    0.08761183    0.08761183    0.18401662    0.18375165    0.19795792    0.20586600    0.22332826    0.20780652    0.19652804    0.18650128    0.18429030    0.20079358    0.18983556    0.18954645    0.33431756    0.33431756    0.33730223    0.30351253    0.33527539
T21            0.32736072    0.24510598    0.22041955    0.16340223    0.00000000    0.15705855    0.15705855    0.26213114    0.26486802    0.26842868    0.27480679    0.30798178    0.29868345    0.28880051    0.25940462    0.26022096    0.27894439    0.26022096    0.26610529    0.43745482    0.43745482    0.44086245    0.39619410    0.42619965
T18            0.24440295    0.16695333    0.13713404    0.08761183    0.15705855    0.00000000    0.00000000    0.18375165    0.18076839    0.19484232    0.19988459    0.22002267    0.21612034    0.20468021    0.18623748    0.18677387    0.19765397    0.19233453    0.19765397    0.32660645    0.33014627    0.33311742    0.30638795    0.33477928
T14            0.24440295    0.16695333    0.13713404    0.08761183    0.15705855    0.00000000    0.00000000    0.18375165    0.18076839    0.19484232    0.19988459    0.22002267    0.21612034    0.20468021    0.18623748    0.18677387    0.19765397    0.19233453    0.19765397    0.32660645    0.33014627    0.33311742    0.30638795    0.33477928
T2             0.19831174    0.19050509    0.15705855    0.18401662    0.26213114    0.18375165    0.18375165    0.00000000    0.04977420    0.06528264    0.16028938    0.18899469    0.18052841    0.16979603    0.16007272    0.15788085    0.17093623    0.15788085    0.16558439    0.28231906    0.28880051    0.29163204    0.25283150    0.28922168
T10            0.19808166    0.18255854    0.14693541    0.18375165    0.26486802    0.18076839    0.18076839    0.04977420    0.00000000    0.06074193    0.16535366    0.19149690    0.17491671    0.16959368    0.15986441    0.15505002    0.17069114    0.15766282    0.16535366    0.29163204    0.29822049    0.30108494    0.26486802    0.29282521
T15            0.21522980    0.21007777    0.17290233    0.19795792    0.26842868    0.19484232    0.19484232    0.06528264    0.06074193    0.00000000    0.16875415    0.20079358    0.19204644    0.18101711    0.17338146    0.17118980    0.18457270    0.17118980    0.17907327    0.29536732    0.30202178    0.30489717    0.27480679    0.31557972
T5             0.20901261    0.20669902    0.17245754    0.20586600    0.27480679    0.19988459    0.19988459    0.16028938    0.16535366    0.16875415    0.00000000    0.04982511    0.08529618    0.07613966    0.09652999    0.09205641    0.10851441    0.09674207    0.10372755    0.30442321    0.31116756    0.31407738    0.29346329    0.32831982
T1             0.22855742    0.23209359    0.19374784    0.22332826    0.30798178    0.22002267    0.22002267    0.18899469    0.19149690    0.20079358    0.04982511    0.00000000    0.10385419    0.09439374    0.11535978    0.11078866    0.13028010    0.11807389    0.12530214    0.32042898    0.31699891    0.31993223    0.30014023    0.34129995
T11            0.21677081    0.21727616    0.17986109    0.20780652    0.29868345    0.21612034    0.21612034    0.18052841    0.17491671    0.19204644    0.08529618    0.10385419    0.00000000    0.02242002    0.10803690    0.10349663    0.12022833    0.10826055    0.11078866    0.31166447    0.31508288    0.31800439    0.29868345    0.32353482
T4             0.21393548    0.21727616    0.17986109    0.19652804    0.28880051    0.20468021    0.20468021    0.16979603    0.16959368    0.18101711    0.07613966    0.09439374    0.02242002    0.00000000    0.09859915    0.09410321    0.11053830    0.09877780    0.10123772    0.30063367    0.30396077    0.30684806    0.28554925    0.31345318
T8             0.19532463    0.19626914    0.17000697    0.18650128    0.25940462    0.18623748    0.18623748    0.16007272    0.15986441    0.17338146    0.09652999    0.11535978    0.10803690    0.09859915    0.00000000    0.01821977    0.04117049    0.03483243    0.04117049    0.29679058    0.30014023    0.30300424    0.26253363    0.30929680
T9             0.19302154    0.19626914    0.16513136    0.18429030    0.26022096    0.18677387    0.18677387    0.15788085    0.15505002    0.17118980    0.09205641    0.11078866    0.10349663    0.09410321    0.01821977    0.00000000    0.04124159    0.03488935    0.04124159    0.30014023    0.30351253    0.30638795    0.26885118    0.31265744
T3             0.19831174    0.21007777    0.17829748    0.20079358    0.27894439    0.19765397    0.19765397    0.17093623    0.17069114    0.18457270    0.10851441    0.13028010    0.12022833    0.11053830    0.04117049    0.04124159    0.00000000    0.03280861    0.03914531    0.30638795    0.30979478    0.31269322    0.27248351    0.30974692
T7             0.18755272    0.20751572    0.17045455    0.18983556    0.26022096    0.19233453    0.19233453    0.15788085    0.15766282    0.17118980    0.09674207    0.11807389    0.10826055    0.09877780    0.03483243    0.03488935    0.03280861    0.00000000    0.01824821    0.30587955    0.30927475    0.31217303    0.26568240    0.31020877
T19            0.19831174    0.21581406    0.17829748    0.18954645    0.26610529    0.19765397    0.19765397    0.16558439    0.16535366    0.17907327    0.10372755    0.12530214    0.11078866    0.10123772    0.04117049    0.04124159    0.03914531    0.01824821    0.00000000    0.30538262    0.30876626    0.31166447    0.26842868    0.30639754
T23            0.31557972    0.36783519    0.32093767    0.33431756    0.43745482    0.32660645    0.32660645    0.28231906    0.29163204    0.29536732    0.30442321    0.32042898    0.31166447    0.30063367    0.29679058    0.30014023    0.30638795    0.30587955    0.30538262    0.00000000    0.02242002    0.02037339    0.13697715    0.17396462
T20            0.33279037    0.37917875    0.33140839    0.33431756    0.43745482    0.33014627    0.33014627    0.28880051    0.29822049    0.30202178    0.31116756    0.31699891    0.31508288    0.30396077    0.30014023    0.30351253    0.30979478    0.30927475    0.30876626    0.02242002    0.00000000    0.00200301    0.13949112    0.17661188
T13            0.33578395    0.38234609    0.33439020    0.33730223    0.44086245    0.33311742    0.33311742    0.29163204    0.30108494    0.30489717    0.31407738    0.31993223    0.31800439    0.30684806    0.30300424    0.30638795    0.31269322    0.31217303    0.31166447    0.02037339    0.00200301    0.00000000    0.14185624    0.17644085
T17            0.29120219    0.33439020    0.28969446    0.30351253    0.39619410    0.30638795    0.30638795    0.25283150    0.26486802    0.27480679    0.29346329    0.30014023    0.29868345    0.28554925    0.26253363    0.26885118    0.27248351    0.26568240    0.26842868    0.13697715    0.13949112    0.14185624    0.00000000    0.14631926
T22            0.32608385    0.37602961    0.32880397    0.33527539    0.42619965    0.33477928    0.33477928    0.28922168    0.29282521    0.31557972    0.32831982    0.34129995    0.32353482    0.31345318    0.30929680    0.31265744    0.30974692    0.31020877    0.30639754    0.17396462    0.17661188    0.17644085    0.14631926    0.00000000

