24
T17            0.00000000    0.19218270    0.16432888    0.17760239    0.13028184    0.16921683    0.19471472    0.16122237    0.21393852    0.20062827    0.17432116    0.16228641    0.15086455    0.15098566    0.16570322    0.17149892    0.17451178    0.14000696    0.16607431    0.17145544    0.14439098    0.15788354    0.15265759    0.12995009
T21            0.19218270    0.00000000    0.19532731    0.20040881    0.15986677    0.20831541    0.22374389    0.20810091    0.26419162    0.25051008    0.21089665    0.21184350    0.19418567    0.19435269    0.21270163    0.22725307    0.24130711    0.19302446    0.20644879    0.21782408    0.19258528    0.20441057    0.19602261    0.16921683
T1             0.16432888    0.19532731    0.00000000    0.07850182    0.08079096    0.15911688    0.20296346    0.16642066    0.19999793    0.19511388    0.17698274    0.17246012    0.15824707    0.15837057    0.18111373    0.18409013    0.19490968    0.15725388    0.18077162    0.18624104    0.16171607    0.16491999    0.15188906    0.13682960
T18            0.17760239    0.20040881    0.07850182    0.00000000    0.10160159    0.18256119    0.21370815    0.18195105    0.21869796    0.21702213    0.19554992    0.19375135    0.18677308    0.18695502    0.20789596    0.21111903    0.20831541    0.16735498    0.19960375    0.21097963    0.18527347    0.18598587    0.17246012    0.16471445
T20            0.13028184    0.15986677    0.08079096    0.10160159    0.00000000    0.12530367    0.15929170    0.12731936    0.17185727    0.16491999    0.13478652    0.13550059    0.12447674    0.12459493    0.14129244    0.15687575    0.16208783    0.12601042    0.13824513    0.15117557    0.12530367    0.12832380    0.11593940    0.10879957
T9             0.16921683    0.20831541    0.15911688    0.18256119    0.12530367    0.00000000    0.12951154    0.10360921    0.15687575    0.13730064    0.11563489    0.18550206    0.16625970    0.16642066    0.18409013    0.18444854    0.21111903    0.16293268    0.17000958    0.17805925    0.16659029    0.18325120    0.17513607    0.14155872
T23            0.19471472    0.22374389    0.20296346    0.21370815    0.15929170    0.12951154    0.00000000    0.09178269    0.14393547    0.12472102    0.09898702    0.20596929    0.17396630    0.17380213    0.19164797    0.21370815    0.23862727    0.19150063    0.20389096    0.21008200    0.19199520    0.19532731    0.18714606    0.17133290
T13            0.16122237    0.20810091    0.16642066    0.18195105    0.12731936    0.10360921    0.09178269    0.00000000    0.10793708    0.08963725    0.07169679    0.17185727    0.15352520    0.15366128    0.16582918    0.18505380    0.20574365    0.16491999    0.17513607    0.18375523    0.15864342    0.16695546    0.15911688    0.13643119
T16            0.21393852    0.26419162    0.19999793    0.21869796    0.17185727    0.15687575    0.14393547    0.10793708    0.00000000    0.07599519    0.11753402    0.22223908    0.19725599    0.19744916    0.20751486    0.23303915    0.25212964    0.21495583    0.23178878    0.24138431    0.21068386    0.21135099    0.20296346    0.18409013
T15            0.20062827    0.25051008    0.19511388    0.21702213    0.16491999    0.13730064    0.12472102    0.08963725    0.07599519    0.00000000    0.10851552    0.20644879    0.19511388    0.19532731    0.19980656    0.22565166    0.23862727    0.19932771    0.21008200    0.21935137    0.20340851    0.20980142    0.20134236    0.17167372
T6             0.17432116    0.21089665    0.17698274    0.19554992    0.13478652    0.11563489    0.09898702    0.07169679    0.11753402    0.10851552    0.00000000    0.17491926    0.16122237    0.16137838    0.17364682    0.18734616    0.21417849    0.17022926    0.17513607    0.18375523    0.16642066    0.17760239    0.17491926    0.15155446
T0             0.16228641    0.21184350    0.17246012    0.19375135    0.13550059    0.18550206    0.20596929    0.17185727    0.22223908    0.20644879    0.17491926    0.00000000    0.12680666    0.12692294    0.14367300    0.14900184    0.17927523    0.13478652    0.16270886    0.17069425    0.14423094    0.14986728    0.13965606    0.12240268
T3             0.15086455    0.19418567    0.15824707    0.18677308    0.12447674    0.16625970    0.17396630    0.15352520    0.19725599    0.19511388    0.16122237    0.12680666    0.00000000    0.00200301    0.03277499    0.11703197    0.18084239    0.14632043    0.15879271    0.17185727    0.14334167    0.14142147    0.13395465    0.12167275
T14            0.15098566    0.19435269    0.15837057    0.18695502    0.12459493    0.16642066    0.17380213    0.15366128    0.19744916    0.19532731    0.16137838    0.12692294    0.00200301    0.00000000    0.03485770    0.11711672    0.18097349    0.14646222    0.15895054    0.17204954    0.14344375    0.14155872    0.13407316    0.12175325
T2             0.16570322    0.21270163    0.18111373    0.20789596    0.14129244    0.18409013    0.19164797    0.16582918    0.20751486    0.19980656    0.17364682    0.14367300    0.03277499    0.03485770    0.00000000    0.12876775    0.19119698    0.15850269    0.17380213    0.18714606    0.15802610    0.15607774    0.14845899    0.13364799
T5             0.17149892    0.22725307    0.18409013    0.21111903    0.15687575    0.18444854    0.21370815    0.18505380    0.23303915    0.22565166    0.18734616    0.14900184    0.11703197    0.11711672    0.12876775    0.00000000    0.19999793    0.15366128    0.17185727    0.17986359    0.15570111    0.16381474    0.16122237    0.13857649
T19            0.17451178    0.24130711    0.19490968    0.20831541    0.16208783    0.21111903    0.23862727    0.20574365    0.25212964    0.23862727    0.21417849    0.17927523    0.18084239    0.18097349    0.19119698    0.19999793    0.00000000    0.15947498    0.17536155    0.18077162    0.16887243    0.18550206    0.18007741    0.15139966
T10            0.14000696    0.19302446    0.15725388    0.16735498    0.12601042    0.16293268    0.19150063    0.16491999    0.21495583    0.19932771    0.17022926    0.13478652    0.14632043    0.14646222    0.15850269    0.15366128    0.15947498    0.00000000    0.11122218    0.11610300    0.13495316    0.14315919    0.14059322    0.11822971
T11            0.16607431    0.20644879    0.18077162    0.19960375    0.13824513    0.17000958    0.20389096    0.17513607    0.23178878    0.21008200    0.17513607    0.16270886    0.15879271    0.15895054    0.17380213    0.17185727    0.17536155    0.11122218    0.00000000    0.02236502    0.15245311    0.16099237    0.15309110    0.13278969
T4             0.17145544    0.21782408    0.18624104    0.21097963    0.15117557    0.17805925    0.21008200    0.18375523    0.24138431    0.21935137    0.18375523    0.17069425    0.17185727    0.17204954    0.18714606    0.17986359    0.18077162    0.11610300    0.02236502    0.00000000    0.16558736    0.16902089    0.16633032    0.14552177
T22            0.14439098    0.19258528    0.16171607    0.18527347    0.12530367    0.16659029    0.19199520    0.15864342    0.21068386    0.20340851    0.16642066    0.14423094    0.14334167    0.14344375    0.15802610    0.15570111    0.16887243    0.13495316    0.15245311    0.16558736    0.00000000    0.09488443    0.08783890    0.06289174
T12            0.15788354    0.20441057    0.16491999    0.18598587    0.12832380    0.18325120    0.19532731    0.16695546    0.21135099    0.20980142    0.17760239    0.14986728    0.14142147    0.14155872    0.15607774    0.16381474    0.18550206    0.14315919    0.16099237    0.16902089    0.09488443    0.00000000    0.01415472    0.05867660
T8             0.15265759    0.19602261    0.15188906    0.17246012    0.11593940    0.17513607    0.18714606    0.15911688    0.20296346    0.20134236    0.17491926    0.13965606    0.13395465    0.13407316    0.14845899    0.16122237    0.18007741    0.14059322    0.15309110    0.16633032    0.08783890    0.01415472    0.00000000    0.05206685
T7             0.12995009    0.16921683    0.13682960    0.16471445    0.10879957    0.14155872    0.17133290    0.13643119    0.18409013    0.17167372    0.15155446    0.12240268    0.12167275    0.12175325    0.13364799    0.13857649    0.15139966    0.11822971    0.13278969    0.14552177    0.06289174    0.05867660    0.05206685    0.00000000

