24
T12            0.00000000    0.34835936    0.28995105    0.34449202    0.33926750    0.35864545    0.36324984    0.36014146    0.34151310    0.34455972    0.37481453    0.33935461    0.33589032    0.33244992    0.33589032    0.25653293    0.25380999    0.26060167    0.25109744    0.24210779    0.24210779    0.24479333    0.27030636    0.26201030
T17            0.34835936    0.00000000    0.05200331    0.13712785    0.14931443    0.33126239    0.36174059    0.37974125    0.35653965    0.35963501    0.37719273    0.32054056    0.32393425    0.32735119    0.32393425    0.31089731    0.31131070    0.31217307    0.31173596    0.29279593    0.29279593    0.29319063    0.30798483    0.30508409
T1             0.28995105    0.05200331    0.00000000    0.09922069    0.11078451    0.29034652    0.31465890    0.31600433    0.29526967    0.29813820    0.31262201    0.26540675    0.26850553    0.27162367    0.27476143    0.24748909    0.24778081    0.25446109    0.24808285    0.23620344    0.23620344    0.23648022    0.25563852    0.25048553
T18            0.34449202    0.13712785    0.09922069    0.00000000    0.06313019    0.34993378    0.37663494    0.37217269    0.35612246    0.35920478    0.36840753    0.31308274    0.31647659    0.32333435    0.31308274    0.31113005    0.31162611    0.31265312    0.31213381    0.29864885    0.29864885    0.29912234    0.32679890    0.32141713
T9             0.33926750    0.14931443    0.11078451    0.06313019    0.00000000    0.34567065    0.38364170    0.37404211    0.35809925    0.36119427    0.36287295    0.32188308    0.32531184    0.32876433    0.32188308    0.30392632    0.30438798    0.31213381    0.30486114    0.29160032    0.29160032    0.29204064    0.31847773    0.31308274
T13            0.35864545    0.33126239    0.29034652    0.34993378    0.34567065    0.00000000    0.07825622    0.39457331    0.39343707    0.39668394    0.39963428    0.35914188    0.36274364    0.35556594    0.36014146    0.32828101    0.32531184    0.32629109    0.32235478    0.31403954    0.31403954    0.31453556    0.33823977    0.32925989
T21            0.36324984    0.36174059    0.31465890    0.37663494    0.38364170    0.07825622    0.00000000    0.38071517    0.39458679    0.39784959    0.40823993    0.36041488    0.36397791    0.35687711    0.36130582    0.33545831    0.33244992    0.33679230    0.32945406    0.32438125    0.32438125    0.32484045    0.33935461    0.33033339
T15            0.36014146    0.37974125    0.31600433    0.37217269    0.37404211    0.39457331    0.38071517    0.00000000    0.11523023    0.11511264    0.13494510    0.09909819    0.10146863    0.09439081    0.10360491    0.32988751    0.32690474    0.32780996    0.32393425    0.30390995    0.30390995    0.30681337    0.33202976    0.32307697
T3             0.34151310    0.35653965    0.29526967    0.35612246    0.35809925    0.39343707    0.39458679    0.11523023    0.00000000    0.01417432    0.08078812    0.09419005    0.09652716    0.08954842    0.09170331    0.30972863    0.30681337    0.30428959    0.29740989    0.28152086    0.28152086    0.28435243    0.29208194    0.28350304
T5             0.34455972    0.35963501    0.29813820    0.35920478    0.36119427    0.39668394    0.39784959    0.11511264    0.01417432    0.00000000    0.08298896    0.09643233    0.09877491    0.09177990    0.09394413    0.31930740    0.31635816    0.31382164    0.30681337    0.29066733    0.29066733    0.29353028    0.29496500    0.28635106
T2             0.37481453    0.37719273    0.31262201    0.36840753    0.36287295    0.39963428    0.40823993    0.13494510    0.08078812    0.08298896    0.00000000    0.11320086    0.11562897    0.11320086    0.11535550    0.33425609    0.33126239    0.33224087    0.32484045    0.30468098    0.30468098    0.30758251    0.31854643    0.31303239
T23            0.33935461    0.32054056    0.26540675    0.31308274    0.32188308    0.35914188    0.36041488    0.09909819    0.09419005    0.09643233    0.11320086    0.00000000    0.00200402    0.00804438    0.04334385    0.30029212    0.29740989    0.29168011    0.28814331    0.26638196    0.26638196    0.26916421    0.28662093    0.28122471
T11            0.33589032    0.32393425    0.26850553    0.31647659    0.32531184    0.36274364    0.36397791    0.10146863    0.09652716    0.09877491    0.11562897    0.00200402    0.00000000    0.01007283    0.04549467    0.30354209    0.30064933    0.29489870    0.29133103    0.26943321    0.26943321    0.27222480    0.28975842    0.28435243
T0             0.33244992    0.32735119    0.27162367    0.32333435    0.32876433    0.35556594    0.35687711    0.09439081    0.08954842    0.09177990    0.11320086    0.00804438    0.01007283    0.00000000    0.04114445    0.29385500    0.29099342    0.28530456    0.28182832    0.26033488    0.26033488    0.26309879    0.28350304    0.27502748
T6             0.33589032    0.32393425    0.27476143    0.31308274    0.32188308    0.36014146    0.36130582    0.10360491    0.09170331    0.09394413    0.11535550    0.04334385    0.04549467    0.04114445    0.00000000    0.30354209    0.30064933    0.29813820    0.29133103    0.26943321    0.26943321    0.27222480    0.29291577    0.28435243
T16            0.25653293    0.31089731    0.24748909    0.31113005    0.30392632    0.32828101    0.33545831    0.32988751    0.30972863    0.31930740    0.33425609    0.30029212    0.30354209    0.29385500    0.30354209    0.00000000    0.00200301    0.02238918    0.01620812    0.06931900    0.06931900    0.07149800    0.15558617    0.14833788
T20            0.25380999    0.31131070    0.24778081    0.31162611    0.30438798    0.32531184    0.33244992    0.32690474    0.30681337    0.31635816    0.33126239    0.29740989    0.30064933    0.29099342    0.30064933    0.00200301    0.00000000    0.02034064    0.01417432    0.06714699    0.06714699    0.06931900    0.15316154    0.14593872
T19            0.26060167    0.31217307    0.25446109    0.31265312    0.31213381    0.32629109    0.33679230    0.32780996    0.30428959    0.31382164    0.33224087    0.29168011    0.29489870    0.28530456    0.29813820    0.02238918    0.02034064    0.00000000    0.00805155    0.06727899    0.06727899    0.06944711    0.15339044    0.14617999
T4             0.25109744    0.31173596    0.24808285    0.31213381    0.30486114    0.32235478    0.32945406    0.32393425    0.29740989    0.30681337    0.32484045    0.28814331    0.29133103    0.28182832    0.29133103    0.01620812    0.01417432    0.00805155    0.00000000    0.06276423    0.06276423    0.06492437    0.14823194    0.14105322
T22            0.24210779    0.29279593    0.23620344    0.29864885    0.29160032    0.31403954    0.32438125    0.30390995    0.28152086    0.29066733    0.30468098    0.26638196    0.26943321    0.26033488    0.26943321    0.06931900    0.06714699    0.06727899    0.06276423    0.00000000    0.00000000    0.00200301    0.12641728    0.11942693
T7             0.24210779    0.29279593    0.23620344    0.29864885    0.29160032    0.31403954    0.32438125    0.30390995    0.28152086    0.29066733    0.30468098    0.26638196    0.26943321    0.26033488    0.26943321    0.06931900    0.06714699    0.06727899    0.06276423    0.00000000    0.00000000    0.00200301    0.12641728    0.11942693
T8             0.24479333    0.29319063    0.23648022    0.29912234    0.29204064    0.31453556    0.32484045    0.30681337    0.28435243    0.29353028    0.30758251    0.26916421    0.27222480    0.26309879    0.27222480    0.07149800    0.06931900    0.06944711    0.06492437    0.00200301    0.00200301    0.00000000    0.12876343    0.12174909
T10            0.27030636    0.30798483    0.25563852    0.32679890    0.31847773    0.33823977    0.33935461    0.33202976    0.29208194    0.29496500    0.31854643    0.28662093    0.28975842    0.28350304    0.29291577    0.15558617    0.15316154    0.15339044    0.14823194    0.12641728    0.12641728    0.12876343    0.00000000    0.00602721
T14            0.26201030    0.30508409    0.25048553    0.32141713    0.31308274    0.32925989    0.33033339    0.32307697    0.28350304    0.28635106    0.31303239    0.28122471    0.28435243    0.27502748    0.28435243    0.14833788    0.14593872    0.14617999    0.14105322    0.11942693    0.11942693    0.12174909    0.00602721    0.00000000

