24
T9             0.00000000    0.34506465    0.32530749    0.31430007    0.30289578    0.30000009    0.26037126    0.26088861    0.26420702    0.26116355    0.25756753    0.21812257    0.22101627    0.13669270    0.13433836    0.13934171    0.14393984    0.15396395    0.14439581    0.14932840    0.18008516    0.18824546    0.18030803    0.13669270
T18            0.34506465    0.00000000    0.05190027    0.10566363    0.21349715    0.21090623    0.18142820    0.17613296    0.18195826    0.44880717    0.41621765    0.38822925    0.38444697    0.28786484    0.30614757    0.31271551    0.30978778    0.31860722    0.34185046    0.32835772    0.36806788    0.37549205    0.35765693    0.29424381
T21            0.32530749    0.05190027    0.00000000    0.09196017    0.17910364    0.17662033    0.15111983    0.14858651    0.14393984    0.42167445    0.39030792    0.36334004    0.35972243    0.28156650    0.28754762    0.29390617    0.29746418    0.30942072    0.30514666    0.30145790    0.34036019    0.35098255    0.33386196    0.26669284
T7             0.31430007    0.10566363    0.09196017    0.00000000    0.19579080    0.19326668    0.16696190    0.16696190    0.15929751    0.44628758    0.41768413    0.37415182    0.37039764    0.27724878    0.28322266    0.28962247    0.29324964    0.29532626    0.32149947    0.31071871    0.35066484    0.35798076    0.34043570    0.27167254
T23            0.30289578    0.21349715    0.17910364    0.19579080    0.00000000    0.00805160    0.10094444    0.10566363    0.10103575    0.38548543    0.38882080    0.34036019    0.34741654    0.27226581    0.26642112    0.27563591    0.27534679    0.28126920    0.28153902    0.26788924    0.31723615    0.32060912    0.30107584    0.26116355
T10            0.30000009    0.21090623    0.17662033    0.19326668    0.00805160    0.00000000    0.10339534    0.10339534    0.09878051    0.38600560    0.38942657    0.34084424    0.34792575    0.26947382    0.26364943    0.27283600    0.27254534    0.27844694    0.27873804    0.26512479    0.31766171    0.31766171    0.29819528    0.25841506
T16            0.26037126    0.18142820    0.15111983    0.16696190    0.10094444    0.10339534    0.00000000    0.02653230    0.06938224    0.34769354    0.34339216    0.29104411    0.29746418    0.22602204    0.22056454    0.22904756    0.23457780    0.24015148    0.23680334    0.22200490    0.26788924    0.28358760    0.27132562    0.22112217
T14            0.26088861    0.17613296    0.14858651    0.16696190    0.10566363    0.10339534    0.02653230    0.00000000    0.06714942    0.36093411    0.35662633    0.30396805    0.30725210    0.22885767    0.22337620    0.23190763    0.23746269    0.24306161    0.24274572    0.22775852    0.27410936    0.28358760    0.27445522    0.22395792
T2             0.26420702    0.18195826    0.14393984    0.15929751    0.10103575    0.09878051    0.06938224    0.06714942    0.00000000    0.35874565    0.36550742    0.30267409    0.30933039    0.23522789    0.22967828    0.23838388    0.23813813    0.24375734    0.25520014    0.24574370    0.27132562    0.29365719    0.28757163    0.22462965
T5             0.26116355    0.44880717    0.42167445    0.44628758    0.38548543    0.38600560    0.34769354    0.36093411    0.35874565    0.00000000    0.11335225    0.15637676    0.16154866    0.25294993    0.24427328    0.25324000    0.24158458    0.26545229    0.23357936    0.23623770    0.26338893    0.28077401    0.27797143    0.22703206
T4             0.25756753    0.41621765    0.39030792    0.41768413    0.38882080    0.38942657    0.34339216    0.35662633    0.36550742    0.11335225    0.00000000    0.15266376    0.15309772    0.24038927    0.23180216    0.23475581    0.23507477    0.24979252    0.23609090    0.24784481    0.26888014    0.29398486    0.27573534    0.21469819
T8             0.21812257    0.38822925    0.36334004    0.37415182    0.34036019    0.34084424    0.29104411    0.30396805    0.30267409    0.15637676    0.15266376    0.00000000    0.03914581    0.19303320    0.18506175    0.19326668    0.19029077    0.21238511    0.19429113    0.18849073    0.21903998    0.23013031    0.22163535    0.17987112
T15            0.22101627    0.38444697    0.35972243    0.37039764    0.34741654    0.34792575    0.29746418    0.30725210    0.30933039    0.16154866    0.15309772    0.03914581    0.00000000    0.20697639    0.19881267    0.20724915    0.20135221    0.21812257    0.20272793    0.20243447    0.23681748    0.23909815    0.22820035    0.17987112
T17            0.13669270    0.28786484    0.28156650    0.27724878    0.27226581    0.26947382    0.22602204    0.22885767    0.23522789    0.25294993    0.24038927    0.19303320    0.20697639    0.00000000    0.02234703    0.02859779    0.08061245    0.09439659    0.12240605    0.12472444    0.15429547    0.16736184    0.15706655    0.11282728
T13            0.13433836    0.30614757    0.28754762    0.28322266    0.26642112    0.26364943    0.22056454    0.22337620    0.22967828    0.24427328    0.23180216    0.18506175    0.19881267    0.02234703    0.00000000    0.01007288    0.07387813    0.08983314    0.12009543    0.11996559    0.15447379    0.16229289    0.15207439    0.10814833
T0             0.13934171    0.31271551    0.29390617    0.28962247    0.27563591    0.27283600    0.22904756    0.23190763    0.23838388    0.25324000    0.23475581    0.19326668    0.20724915    0.02859779    0.01007288    0.00000000    0.07841495    0.09686240    0.12747117    0.12732312    0.15967286    0.17291296    0.15987317    0.11536391
T20            0.14393984    0.30978778    0.29746418    0.29324964    0.27534679    0.27254534    0.23457780    0.23746269    0.23813813    0.24158458    0.23507477    0.19029077    0.20135221    0.08061245    0.07387813    0.07841495    0.00000000    0.02447313    0.12485852    0.12718294    0.14694221    0.17001674    0.15706655    0.10804008
T3             0.15396395    0.31860722    0.30942072    0.29532626    0.28126920    0.27844694    0.24015148    0.24306161    0.24375734    0.26545229    0.24979252    0.21238511    0.21812257    0.09439659    0.08983314    0.09686240    0.02447313    0.00000000    0.13966075    0.14202424    0.15967286    0.18599480    0.17268586    0.11753703
T6             0.14439581    0.34185046    0.30514666    0.32149947    0.28153902    0.27873804    0.23680334    0.24274572    0.25520014    0.23357936    0.23609090    0.19429113    0.20272793    0.12240605    0.12009543    0.12747117    0.12485852    0.13966075    0.00000000    0.06271357    0.11032157    0.11536391    0.11523823    0.11536391
T22            0.14932840    0.32835772    0.30145790    0.31071871    0.26788924    0.26512479    0.22200490    0.22775852    0.24574370    0.23623770    0.24784481    0.18849073    0.20243447    0.12472444    0.11996559    0.12732312    0.12718294    0.14202424    0.06271357    0.00000000    0.10078446    0.11523823    0.10339534    0.11042793
T11            0.18008516    0.36806788    0.34036019    0.35066484    0.31723615    0.31766171    0.26788924    0.27410936    0.27132562    0.26338893    0.26888014    0.21903998    0.23681748    0.15429547    0.15447379    0.15967286    0.14694221    0.15967286    0.11032157    0.10078446    0.00000000    0.12472444    0.10556867    0.13934171
T1             0.18824546    0.37549205    0.35098255    0.35798076    0.32060912    0.31766171    0.28358760    0.28358760    0.29365719    0.28077401    0.29398486    0.23013031    0.23909815    0.16736184    0.16229289    0.17291296    0.17001674    0.18599480    0.11536391    0.11523823    0.12472444    0.00000000    0.03919321    0.14950169
T19            0.18030803    0.35765693    0.33386196    0.34043570    0.30107584    0.29819528    0.27132562    0.27445522    0.28757163    0.27797143    0.27573534    0.22163535    0.22820035    0.15706655    0.15207439    0.15987317    0.15706655    0.17268586    0.11523823    0.10339534    0.10556867    0.03919321    0.00000000    0.13698289
T12            0.13669270    0.29424381    0.26669284    0.27167254    0.26116355    0.25841506    0.22112217    0.22395792    0.22462965    0.22703206    0.21469819    0.17987112    0.17987112    0.11282728    0.10814833    0.11536391    0.10804008    0.11753703    0.11536391    0.11042793    0.13934171    0.14950169    0.13698289    0.00000000

