24
T7             0.00000000    0.35285667    0.34673221    0.42218158    0.41404817    0.41404817    0.37328907    0.37328907    0.30022314    0.33323314    0.32596257    0.32045316    0.34274369    0.32894618    0.24329264    0.25746335    0.26477269    0.23234309    0.24699979    0.24699979    0.24664750    0.25892055    0.24664750    0.25582392
T21            0.35285667    0.00000000    0.04120113    0.28305961    0.28544047    0.28544047    0.24296957    0.29903023    0.21908984    0.23672071    0.22768735    0.23085455    0.23856396    0.23910171    0.28592938    0.31750694    0.33264141    0.29351892    0.31299000    0.31979460    0.28141184    0.29109177    0.28784425    0.29524706
T18            0.34673221    0.04120113    0.00000000    0.25931065    0.25545368    0.25545368    0.22586922    0.27791446    0.19214364    0.21178845    0.20313455    0.20615375    0.21648350    0.21982388    0.27088440    0.30171391    0.32669314    0.27822642    0.28743900    0.29393410    0.26951201    0.27900804    0.27265735    0.27983303
T4             0.42218158    0.28305961    0.25931065    0.00000000    0.01826974    0.01415445    0.06073742    0.10172197    0.23564690    0.23899618    0.23267014    0.23899618    0.26284653    0.26284653    0.30007795    0.32225759    0.34857226    0.29809935    0.28868800    0.28868800    0.29479819    0.30476781    0.29151870    0.29479819
T15            0.41404817    0.28544047    0.25545368    0.01826974    0.00000000    0.00401609    0.05412914    0.09226474    0.22971101    0.23300693    0.22676930    0.22708860    0.25659508    0.25659508    0.29678767    0.31884372    0.34494793    0.29479819    0.29195677    0.29195677    0.29151870    0.30142246    0.28826059    0.29151870
T12            0.41404817    0.28544047    0.25545368    0.01415445    0.00401609    0.00000000    0.05412914    0.09226474    0.22971101    0.23300693    0.22676930    0.22708860    0.25659508    0.25659508    0.29678767    0.31884372    0.34494793    0.29479819    0.28544047    0.28544047    0.29151870    0.30142246    0.28826059    0.29151870
T11            0.37328907    0.24296957    0.22586922    0.06073742    0.05412914    0.05412914    0.00000000    0.08539096    0.20409223    0.20947363    0.20359484    0.20947363    0.23436221    0.24029807    0.27228123    0.30007795    0.31152645    0.26713110    0.26751931    0.26751931    0.26089918    0.27344171    0.25781213    0.26089918
T23            0.37328907    0.29903023    0.27791446    0.10172197    0.09226474    0.09226474    0.08539096    0.00000000    0.24130024    0.24468506    0.23829665    0.23335342    0.26477269    0.27426877    0.29479819    0.31686230    0.33236872    0.27983303    0.28026174    0.28026174    0.28070124    0.29382002    0.27662716    0.27662716
T9             0.30022314    0.21908984    0.19214364    0.23564690    0.22971101    0.22971101    0.20409223    0.24130024    0.00000000    0.08038882    0.07582685    0.08038882    0.10774857    0.10319687    0.26534873    0.28704487    0.30383782    0.26638635    0.26602985    0.27228123    0.24206081    0.25407559    0.24866374    0.25781213
T20            0.33323314    0.23672071    0.21178845    0.23899618    0.23300693    0.23300693    0.20947363    0.24468506    0.08038882    0.00000000    0.00805149    0.04549311    0.11740348    0.11740348    0.26259692    0.28987802    0.31103295    0.26363752    0.25712497    0.26328011    0.23938574    0.25136453    0.24597314    0.24899487
T2             0.32596257    0.22768735    0.20313455    0.23267014    0.22676930    0.22676930    0.20359484    0.23829665    0.07582685    0.00805149    0.00000000    0.04116907    0.11011839    0.11011839    0.26227120    0.28949587    0.30383782    0.26328011    0.25679700    0.26293324    0.23910171    0.25104471    0.24565112    0.24866374
T0             0.32045316    0.23085455    0.20615375    0.23899618    0.22708860    0.22708860    0.20947363    0.23335342    0.08038882    0.04549311    0.04116907    0.00000000    0.11020860    0.11259540    0.26259692    0.28987802    0.31103295    0.26988891    0.26019306    0.26638635    0.23701604    0.24899487    0.24597314    0.24899487
T3             0.34274369    0.23856396    0.21648350    0.26284653    0.25659508    0.25659508    0.23436221    0.26477269    0.10774857    0.11740348    0.11011839    0.11020860    0.00000000    0.07358962    0.28065361    0.30873983    0.32028789    0.28180741    0.27822642    0.28461770    0.25679700    0.27543649    0.26675344    0.27941512
T13            0.32894618    0.23910171    0.21982388    0.26284653    0.25659508    0.25659508    0.24029807    0.27426877    0.10319687    0.11740348    0.11011839    0.11259540    0.07358962    0.00000000    0.26811119    0.29234111    0.30672420    0.26914576    0.27506117    0.28141184    0.24474602    0.25440464    0.25440464    0.26363752
T10            0.24329264    0.28592938    0.27088440    0.30007795    0.29678767    0.29678767    0.27228123    0.29479819    0.26534873    0.26259692    0.26227120    0.26259692    0.28065361    0.26811119    0.00000000    0.04760709    0.13025776    0.09673095    0.10371469    0.10849977    0.08298315    0.09908961    0.08510180    0.09204677
T19            0.25746335    0.31750694    0.30171391    0.32225759    0.31884372    0.31884372    0.30007795    0.31686230    0.28704487    0.28987802    0.28949587    0.28987802    0.30873983    0.29234111    0.04760709    0.00000000    0.14271733    0.11064569    0.11777210    0.12266253    0.09642575    0.11305552    0.10112092    0.10586061
T8             0.26477269    0.33264141    0.32669314    0.34857226    0.34494793    0.34494793    0.31152645    0.33236872    0.30383782    0.31103295    0.30383782    0.31103295    0.32028789    0.30672420    0.13025776    0.14271733    0.00000000    0.08367799    0.09057104    0.09057104    0.10411451    0.12330945    0.11837067    0.12579727
T1             0.23234309    0.29351892    0.27822642    0.29809935    0.29479819    0.29479819    0.26713110    0.27983303    0.26638635    0.26363752    0.26328011    0.26988891    0.28180741    0.26914576    0.09673095    0.11064569    0.08367799    0.00000000    0.05001387    0.05001387    0.07412382    0.09238454    0.08308134    0.09004245
T22            0.24699979    0.31299000    0.28743900    0.28868800    0.29195677    0.28544047    0.26751931    0.28026174    0.26602985    0.25712497    0.25679700    0.26019306    0.27822642    0.27506117    0.10371469    0.11777210    0.09057104    0.05001387    0.00000000    0.00401609    0.07630537    0.09461232    0.08760240    0.09461232
T16            0.24699979    0.31979460    0.29393410    0.28868800    0.29195677    0.28544047    0.26751931    0.28026174    0.27228123    0.26328011    0.26293324    0.26638635    0.28461770    0.28141184    0.10849977    0.12266253    0.09057104    0.05001387    0.00401609    0.00000000    0.08088232    0.09934083    0.09226474    0.09934083
T5             0.24664750    0.28141184    0.26951201    0.29479819    0.29151870    0.29151870    0.26089918    0.28070124    0.24206081    0.23938574    0.23910171    0.23701604    0.25679700    0.24474602    0.08298315    0.09642575    0.10411451    0.07412382    0.07630537    0.08088232    0.00000000    0.03924409    0.05189698    0.05846186
T17            0.25892055    0.29109177    0.27900804    0.30476781    0.30142246    0.30142246    0.27344171    0.29382002    0.25407559    0.25136453    0.25104471    0.24899487    0.27543649    0.25440464    0.09908961    0.11305552    0.12330945    0.09238454    0.09461232    0.09934083    0.03924409    0.00000000    0.06066945    0.06735136
T6             0.24664750    0.28784425    0.27265735    0.29151870    0.28826059    0.28826059    0.25781213    0.27662716    0.24866374    0.24597314    0.24565112    0.24597314    0.26675344    0.25440464    0.08510180    0.10112092    0.11837067    0.08308134    0.08760240    0.09226474    0.05189698    0.06066945    0.00000000    0.01415445
T14            0.25582392    0.29524706    0.27983303    0.29479819    0.29151870    0.29151870    0.26089918    0.27662716    0.25781213    0.24899487    0.24866374    0.24899487    0.27941512    0.26363752    0.09204677    0.10586061    0.12579727    0.09004245    0.09461232    0.09934083    0.05846186    0.06735136    0.01415445    0.00000000

