24
T21            0.00000000    0.25445606    0.23062442    0.25141411    0.25174565    0.25717680    0.22562713    0.22562713    0.22221726    0.23036501    0.24002925    0.24569853    0.22901906    0.20852051    0.24181995    0.22723187    0.23810360    0.22620058    0.22620058    0.22590899    0.18006155    0.19373146    0.21182210    0.16999467
T22            0.25445606    0.00000000    0.02444394    0.08963380    0.09673821    0.10123378    0.20721538    0.19878286    0.19600339    0.20387067    0.21609844    0.21808547    0.21133120    0.19148006    0.21549667    0.22012463    0.22221726    0.20721538    0.20778641    0.21321454    0.19600339    0.19878286    0.24635550    0.19677831
T14            0.23062442    0.02444394    0.00000000    0.07144633    0.07825590    0.08266567    0.18775668    0.17696889    0.17964405    0.18733075    0.19348087    0.19829623    0.18927689    0.16978419    0.20132218    0.19998215    0.20530413    0.19600339    0.19096735    0.19348087    0.16938902    0.17696889    0.22273499    0.17223616
T17            0.25141411    0.08963380    0.07144633    0.00000000    0.06969091    0.07403689    0.20438867    0.19373146    0.20438867    0.21235087    0.21034722    0.21520993    0.20572557    0.18596702    0.22419875    0.21675325    0.22221726    0.21579285    0.19930603    0.20466152    0.19600339    0.20157789    0.24938826    0.19958125
T16            0.25174565    0.09673821    0.07825590    0.06969091    0.00000000    0.01210954    0.19903989    0.19121924    0.20749627    0.21549667    0.21641342    0.21549667    0.19763527    0.17804210    0.21579285    0.21415781    0.21960406    0.21899910    0.20808577    0.21352115    0.19625264    0.20466152    0.24367559    0.19705469
T20            0.25717680    0.10123378    0.08266567    0.07403689    0.01210954    0.00000000    0.20977847    0.20184279    0.21262938    0.22068374    0.22159419    0.22650188    0.20273848    0.18299505    0.22097767    0.21087839    0.21912225    0.21838054    0.20749627    0.21064554    0.20132218    0.20977847    0.24602194    0.19930603
T3             0.22562713    0.20721538    0.18775668    0.20438867    0.19903989    0.20977847    0.00000000    0.03272668    0.09177949    0.10565686    0.13227640    0.13212444    0.18407732    0.16734078    0.19878286    0.20852051    0.21391863    0.18299505    0.18075368    0.18596702    0.15686414    0.17534518    0.20466152    0.15744212
T13            0.22562713    0.19878286    0.17696889    0.19373146    0.19121924    0.20184279    0.03272668    0.00000000    0.08717014    0.10093860    0.12484776    0.12717209    0.17875563    0.16207496    0.19323932    0.20572557    0.20551012    0.18028351    0.17804210    0.18323317    0.15170717    0.16999467    0.20184279    0.15224479
T18            0.22221726    0.19600339    0.17964405    0.20438867    0.20749627    0.21262938    0.09177949    0.08717014    0.00000000    0.02444394    0.12761445    0.14184851    0.17087802    0.16207496    0.18775668    0.20061036    0.19806668    0.18897795    0.18400011    0.18924882    0.15652065    0.16431654    0.20412505    0.14931288
T15            0.23036501    0.20387067    0.18733075    0.21235087    0.21549667    0.22068374    0.10565686    0.10093860    0.02444394    0.00000000    0.14018318    0.14948547    0.18375643    0.17490422    0.20668142    0.21415781    0.21157190    0.20240002    0.19734006    0.20269230    0.16396631    0.17449800    0.21208177    0.15668819
T9             0.24002925    0.21609844    0.19348087    0.21034722    0.21641342    0.22159419    0.13227640    0.12484776    0.12761445    0.14018318    0.00000000    0.08724332    0.18193707    0.16490585    0.20184279    0.20642841    0.20668142    0.19763439    0.19482352    0.20015886    0.17244515    0.18648466    0.21999767    0.17582068
T4             0.24569853    0.21808547    0.19829623    0.21520993    0.21549667    0.22650188    0.13212444    0.12717209    0.14184851    0.14948547    0.08724332    0.00000000    0.19961018    0.17449800    0.19784635    0.20618475    0.22247125    0.20184279    0.20184279    0.20721538    0.17412675    0.19576323    0.22943660    0.18006155
T0             0.22901906    0.21133120    0.18927689    0.20572557    0.19763527    0.20273848    0.18407732    0.17875563    0.17087802    0.18375643    0.18193707    0.19961018    0.00000000    0.06931879    0.10085519    0.17571141    0.17820668    0.17148699    0.16136775    0.16640939    0.17087802    0.17116485    0.21391863    0.17132152
T11            0.20852051    0.19148006    0.16978419    0.18596702    0.17804210    0.18299505    0.16734078    0.16207496    0.16207496    0.17490422    0.16490585    0.17449800    0.06931879    0.00000000    0.07859377    0.16902839    0.17148699    0.16291734    0.15285645    0.15786898    0.15427899    0.15946275    0.19072442    0.15224479
T19            0.24181995    0.21549667    0.20132218    0.22419875    0.21579285    0.22097767    0.19878286    0.19323932    0.18775668    0.20668142    0.20184279    0.19784635    0.10085519    0.07859377    0.00000000    0.18675960    0.18927689    0.17781001    0.18100185    0.18622144    0.17166121    0.17964405    0.22039938    0.17223616
T1             0.22723187    0.22012463    0.19998215    0.21675325    0.21415781    0.21087839    0.20852051    0.20572557    0.20061036    0.21415781    0.20642841    0.20618475    0.17571141    0.16902839    0.18675960    0.00000000    0.04977332    0.11778255    0.11806772    0.12036718    0.18425139    0.20852051    0.22221726    0.17643044
T6             0.23810360    0.22221726    0.20530413    0.22221726    0.21960406    0.21912225    0.21391863    0.20551012    0.19806668    0.21157190    0.20668142    0.22247125    0.17820668    0.17148699    0.18927689    0.04977332    0.00000000    0.12253122    0.12282509    0.13010300    0.18945637    0.21110002    0.22484019    0.17891544
T2             0.22620058    0.20721538    0.19600339    0.21579285    0.21899910    0.21838054    0.18299505    0.18028351    0.18897795    0.20240002    0.19763439    0.20184279    0.17148699    0.16291734    0.17781001    0.11778255    0.12253122    0.00000000    0.04790512    0.05441280    0.17534518    0.19399104    0.20749627    0.16490585
T12            0.22620058    0.20778641    0.19096735    0.19930603    0.20808577    0.20749627    0.18075368    0.17804210    0.18400011    0.19734006    0.19482352    0.20184279    0.16136775    0.15285645    0.18100185    0.11806772    0.12282509    0.04790512    0.00000000    0.00602721    0.16999467    0.18622144    0.20808577    0.16269416
T23            0.22590899    0.21321454    0.19348087    0.20466152    0.21352115    0.21064554    0.18596702    0.18323317    0.18924882    0.20269230    0.20015886    0.20721538    0.16640939    0.15786898    0.18622144    0.12036718    0.13010300    0.05441280    0.00602721    0.00000000    0.17512037    0.19148006    0.21641342    0.17044127
T5             0.18006155    0.19600339    0.16938902    0.19600339    0.19625264    0.20132218    0.15686414    0.15170717    0.15652065    0.16396631    0.17244515    0.17412675    0.17087802    0.15427899    0.17166121    0.18425139    0.18945637    0.17534518    0.16999467    0.17512037    0.00000000    0.07832974    0.14692681    0.08510680
T7             0.19373146    0.19878286    0.17696889    0.20157789    0.20466152    0.20977847    0.17534518    0.16999467    0.16431654    0.17449800    0.18648466    0.19576323    0.17116485    0.15946275    0.17964405    0.20852051    0.21110002    0.19399104    0.18622144    0.19148006    0.07832974    0.00000000    0.15244048    0.09439013
T10            0.21182210    0.24635550    0.22273499    0.24938826    0.24367559    0.24602194    0.20466152    0.20184279    0.20412505    0.21208177    0.21999767    0.22943660    0.21391863    0.19072442    0.22039938    0.22221726    0.22484019    0.20749627    0.20808577    0.21641342    0.14692681    0.15244048    0.00000000    0.08741149
T8             0.16999467    0.19677831    0.17223616    0.19958125    0.19705469    0.19930603    0.15744212    0.15224479    0.14931288    0.15668819    0.17582068    0.18006155    0.17132152    0.15224479    0.17223616    0.17643044    0.17891544    0.16490585    0.16269416    0.17044127    0.08510680    0.09439013    0.08741149    0.00000000

