24
T15            0.00000000    0.26918423    0.28466235    0.26057751    0.25749864    0.25477908    0.29276665    0.29316055    0.26782189    0.24568244    0.30723834    0.25172841    0.24536959    0.25620357    0.26230482    0.26918423    0.25683017    0.24536959    0.26606693    0.26331696    0.25139728    0.25989014    0.27963608    0.28245219
T1             0.26918423    0.00000000    0.17696129    0.15463617    0.15170152    0.14930731    0.18732226    0.17907693    0.17907693    0.15704205    0.21608484    0.15187227    0.15170152    0.15620541    0.16919750    0.16693549    0.17533673    0.15945626    0.18298604    0.24400306    0.23534252    0.24065409    0.25989014    0.27125387
T19            0.28466235    0.17696129    0.00000000    0.15187227    0.14169058    0.14437597    0.18481935    0.18192926    0.17659389    0.14947971    0.21414806    0.15463617    0.14930731    0.14140911    0.16674940    0.16938194    0.16713015    0.16977667    0.18275698    0.24837433    0.24568244    0.25410855    0.25893809    0.27338209
T6             0.26057751    0.15463617    0.15187227    0.00000000    0.02034045    0.01417422    0.10864389    0.10610747    0.10372026    0.07444318    0.13144519    0.12267034    0.11522617    0.12691288    0.13432239    0.12963799    0.13461458    0.13461458    0.14184353    0.20337954    0.19805697    0.20038204    0.23061127    0.24153209
T22            0.25749864    0.15170152    0.14169058    0.02034045    0.00000000    0.00602720    0.09909478    0.09897984    0.09897984    0.06988649    0.12639286    0.11293516    0.10565435    0.11720155    0.12203360    0.12226490    0.13461458    0.13461458    0.14692132    0.19828625    0.19299733    0.19530095    0.22196125    0.23275546
T5             0.25477908    0.14930731    0.14437597    0.01417422    0.00602720    0.00000000    0.09685247    0.09673577    0.09673577    0.06772724    0.12408980    0.11065174    0.10338618    0.11489716    0.12214533    0.11995262    0.13227188    0.13227188    0.13947855    0.19805697    0.19277416    0.19508848    0.22220519    0.23300302
T13            0.29276665    0.18732226    0.18481935    0.10864389    0.09909478    0.09685247    0.00000000    0.06282256    0.11053074    0.11121107    0.16899266    0.15427307    0.14644840    0.15862830    0.16902172    0.16413067    0.17468904    0.16938194    0.18774770    0.24477446    0.22746055    0.24449225    0.25289229    0.26110434
T21            0.29316055    0.17907693    0.18192926    0.10610747    0.09897984    0.09673577    0.06282256    0.00000000    0.11041732    0.11105999    0.17686438    0.15153907    0.14378762    0.15592992    0.16105972    0.16136175    0.17984024    0.17449051    0.19299733    0.24208906    0.22771124    0.24180548    0.24665878    0.25482174
T17            0.26782189    0.17907693    0.17659389    0.10372026    0.09897984    0.09673577    0.11053074    0.11041732    0.00000000    0.10146499    0.16604826    0.14898725    0.14630724    0.15848823    0.16657190    0.16136175    0.17715821    0.16919750    0.18753049    0.22986388    0.22150276    0.23541794    0.25561906    0.26083104
T7             0.24568244    0.15704205    0.14947971    0.07444318    0.06988649    0.06772724    0.11121107    0.11105999    0.10146499    0.00000000    0.11662452    0.11791763    0.10575636    0.12214533    0.13197622    0.12730764    0.13728597    0.13227188    0.13947855    0.19256007    0.19004077    0.19783689    0.21934667    0.23010303
T23            0.30723834    0.21608484    0.21414806    0.13144519    0.12639286    0.12408980    0.16899266    0.17686438    0.16604826    0.11662452    0.00000000    0.17066883    0.15984645    0.18027485    0.18571202    0.17803329    0.19173899    0.18621148    0.21093980    0.26093691    0.24001389    0.25749864    0.28506952    0.29683616
T4             0.25172841    0.15187227    0.15463617    0.12267034    0.11293516    0.11065174    0.15427307    0.15153907    0.14898725    0.11791763    0.17066883    0.00000000    0.03492669    0.04977275    0.05194689    0.05621376    0.09909478    0.09438786    0.10837586    0.20923573    0.20385988    0.22327821    0.22797181    0.24180548
T12            0.24536959    0.15170152    0.14930731    0.11522617    0.10565435    0.10338618    0.14644840    0.14378762    0.14630724    0.10575636    0.15984645    0.03492669    0.00000000    0.03902083    0.04541794    0.05182067    0.09195254    0.08732203    0.10112551    0.20898440    0.20361506    0.21439493    0.22196125    0.23566389
T11            0.25620357    0.15620541    0.14140911    0.12691288    0.11720155    0.11489716    0.15862830    0.15592992    0.15848823    0.12214533    0.18027485    0.04977275    0.03902083    0.00000000    0.03906945    0.06921789    0.10093639    0.10093639    0.11499911    0.21650442    0.21108937    0.22482797    0.22435308    0.23809055
T3             0.26230482    0.16919750    0.16674940    0.13432239    0.12203360    0.12214533    0.16902172    0.16105972    0.16657190    0.13197622    0.18571202    0.05194689    0.04541794    0.03906945    0.00000000    0.07144533    0.11041732    0.10803015    0.12226490    0.22508018    0.21959214    0.23352823    0.22963475    0.24346648
T14            0.26918423    0.16693549    0.16938194    0.12963799    0.12226490    0.11995262    0.16413067    0.16136175    0.16136175    0.12730764    0.17803329    0.05621376    0.05182067    0.06921789    0.07144533    0.00000000    0.11281595    0.10803015    0.12226490    0.22508018    0.21959214    0.23352823    0.23591996    0.24691883
T18            0.25683017    0.17533673    0.16713015    0.13461458    0.13461458    0.13227188    0.17468904    0.17984024    0.17715821    0.13728597    0.19173899    0.09909478    0.09195254    0.10093639    0.11041732    0.11281595    0.00000000    0.02450738    0.03924512    0.24032899    0.22299542    0.24001389    0.23646235    0.24747008
T9             0.24536959    0.15945626    0.16977667    0.13461458    0.13461458    0.13227188    0.16938194    0.17449051    0.16919750    0.13227188    0.18621148    0.09438786    0.08732203    0.10093639    0.10803015    0.10803015    0.02450738    0.00000000    0.02241957    0.23144803    0.21439493    0.23115923    0.23352823    0.24449225
T16            0.26606693    0.18298604    0.18275698    0.14184353    0.14692132    0.13947855    0.18774770    0.19299733    0.18753049    0.13947855    0.21093980    0.10837586    0.10112551    0.11499911    0.12226490    0.12226490    0.03924512    0.02241957    0.00000000    0.24568244    0.23409337    0.25139728    0.25378884    0.26505800
T2             0.26331696    0.24400306    0.24837433    0.20337954    0.19828625    0.19805697    0.24477446    0.24208906    0.22986388    0.19256007    0.26093691    0.20923573    0.20898440    0.21650442    0.22508018    0.22508018    0.24032899    0.23144803    0.24568244    0.00000000    0.02664959    0.05237952    0.18232537    0.18212286
T20            0.25139728    0.23534252    0.24568244    0.19805697    0.19299733    0.19277416    0.22746055    0.22771124    0.22150276    0.19004077    0.24001389    0.20385988    0.20361506    0.21108937    0.21959214    0.21959214    0.22299542    0.21439493    0.23409337    0.02664959    0.00000000    0.04153185    0.17715821    0.17696129
T10            0.25989014    0.24065409    0.25410855    0.20038204    0.19530095    0.19508848    0.24449225    0.24180548    0.23541794    0.19783689    0.25749864    0.22327821    0.21439493    0.22482797    0.23352823    0.23352823    0.24001389    0.23115923    0.25139728    0.05237952    0.04153185    0.00000000    0.16105972    0.15835673
T0             0.27963608    0.25989014    0.25893809    0.23061127    0.22196125    0.22220519    0.25289229    0.24665878    0.25561906    0.21934667    0.28506952    0.22797181    0.22196125    0.22435308    0.22963475    0.23591996    0.23646235    0.23352823    0.25378884    0.18232537    0.17715821    0.16105972    0.00000000    0.02442146
T8             0.28245219    0.27125387    0.27338209    0.24153209    0.23275546    0.23300302    0.26110434    0.25482174    0.26083104    0.23010303    0.29683616    0.24180548    0.23566389    0.23809055    0.24346648    0.24691883    0.24747008    0.24449225    0.26505800    0.18212286    0.17696129    0.15835673    0.02442146    0.00000000

