24
T18            0.00000000    0.38421551    0.36625969    0.36217968    0.35600391    0.33264644    0.31736075    0.37584611    0.35293548    0.36528724    0.35852863    0.22531897    0.23350362    0.28775559    0.27614511    0.27822929    0.27156351    0.22187508    0.24597541    0.21804856    0.24570017    0.22719815    0.18460381    0.13695676
T19            0.38421551    0.00000000    0.01210016    0.13393744    0.11950848    0.10093245    0.13931530    0.17164171    0.12892536    0.13855960    0.12883587    0.27895231    0.28775559    0.34711439    0.32516262    0.33279324    0.32555765    0.28826428    0.30132620    0.28949839    0.44652909    0.40364794    0.40422076    0.35385615
T5             0.36625969    0.01210016    0.00000000    0.12182842    0.10767153    0.08939380    0.12702977    0.16135098    0.11933653    0.12883587    0.11926240    0.26688339    0.27553853    0.33717957    0.31221965    0.32299389    0.31589458    0.27582580    0.28876731    0.27713784    0.43096435    0.38900443    0.38578707    0.33669776
T0             0.36217968    0.13393744    0.12182842    0.00000000    0.06288699    0.04554105    0.10122666    0.13431468    0.11269918    0.12213927    0.11259552    0.26811305    0.27679593    0.33194445    0.31708813    0.31123042    0.31415332    0.26713426    0.29109539    0.27543944    0.43215760    0.37992480    0.39827246    0.35544751
T1             0.35600391    0.11950848    0.10767153    0.06288699    0.00000000    0.02859672    0.08972128    0.12470381    0.10338175    0.11269918    0.10328558    0.26019542    0.26879255    0.31003165    0.30541996    0.29883898    0.30500708    0.26477615    0.28141489    0.26989201    0.42938035    0.38857687    0.38421551    0.33864354
T23            0.33264644    0.10093245    0.08939380    0.04554105    0.02859672    0.00000000    0.07169087    0.11052536    0.08501985    0.09409472    0.08494494    0.23938730    0.24773317    0.29734305    0.28310680    0.28384173    0.28666449    0.24432496    0.26364027    0.24630776    0.39601117    0.36418642    0.36730700    0.32274340
T3             0.31736075    0.13931530    0.12702977    0.10122666    0.08972128    0.07169087    0.00000000    0.11292944    0.08962850    0.09876801    0.08954298    0.26127095    0.26989201    0.32133493    0.30339390    0.31103785    0.30718755    0.25659870    0.25509644    0.24095885    0.40254675    0.36677661    0.35745460    0.31008508
T14            0.37584611    0.17164171    0.16135098    0.13431468    0.12470381    0.11052536    0.11292944    0.00000000    0.08038882    0.08939380    0.08033150    0.30430155    0.31346457    0.36473018    0.35293548    0.34683697    0.34270861    0.30863449    0.32721583    0.31055566    0.44184056    0.42391685    0.41789135    0.36644123
T12            0.35293548    0.12892536    0.11933653    0.11269918    0.10338175    0.08501985    0.08962850    0.08038882    0.00000000    0.02029405    0.01210016    0.27861492    0.28744216    0.34722807    0.32179240    0.33316406    0.32916089    0.28676145    0.30718755    0.28221747    0.43962126    0.39827246    0.40275171    0.34166072
T11            0.36528724    0.13855960    0.12883587    0.12213927    0.11269918    0.09409472    0.09876801    0.08939380    0.02029405    0.00000000    0.00805149    0.29067935    0.29965596    0.36418642    0.33464061    0.33916121    0.33513352    0.29903510    0.30962614    0.29436436    0.44244560    0.40094573    0.40541072    0.34418550
T22            0.35852863    0.12883587    0.11926240    0.11259552    0.10328558    0.08494494    0.08954298    0.08033150    0.01210016    0.00805149    0.00000000    0.27822929    0.28704776    0.35028343    0.32474902    0.32569949    0.32179240    0.28631143    0.30672829    0.28181072    0.43496609    0.39386698    0.39827246    0.33764563
T6             0.22531897    0.27895231    0.26688339    0.26811305    0.26019542    0.23938730    0.26127095    0.30430155    0.27861492    0.29067935    0.27822929    0.00000000    0.01007276    0.09897531    0.08760272    0.10441856    0.09947798    0.11064610    0.12716107    0.09867546    0.30443650    0.27217427    0.25832788    0.21648431
T16            0.23350362    0.28775559    0.27553853    0.27679593    0.26879255    0.24773317    0.26989201    0.31346457    0.28744216    0.29965596    0.28704776    0.01007276    0.00000000    0.10348542    0.09204705    0.11136242    0.10637276    0.11764192    0.13431468    0.10555560    0.31029808    0.28088649    0.26688339    0.22456421
T15            0.28775559    0.34711439    0.33717957    0.33194445    0.31003165    0.29734305    0.32133493    0.36473018    0.34722807    0.36418642    0.35028343    0.09897531    0.10348542    0.00000000    0.02650462    0.15481815    0.15462461    0.16363397    0.17347257    0.15579614    0.34036099    0.31946696    0.29891989    0.25181873
T2             0.27614511    0.32516262    0.31221965    0.31708813    0.30541996    0.28310680    0.30339390    0.35293548    0.32179240    0.33464061    0.32474902    0.08760272    0.09204705    0.02650462    0.00000000    0.14508351    0.14489215    0.15634577    0.16868504    0.14856100    0.33451849    0.30736120    0.29029342    0.24074985
T8             0.27822929    0.33279324    0.32299389    0.31123042    0.29883898    0.28384173    0.31103785    0.34683697    0.33316406    0.33916121    0.32569949    0.10441856    0.11136242    0.15481815    0.14508351    0.00000000    0.01829789    0.16267290    0.18320684    0.14946921    0.35368488    0.33194445    0.32384709    0.27785455
T7             0.27156351    0.32555765    0.31589458    0.31415332    0.30500708    0.28666449    0.30718755    0.34270861    0.32916089    0.33513352    0.32179240    0.09947798    0.10637276    0.15462461    0.14489215    0.01829789    0.00000000    0.15204026    0.17221468    0.13916903    0.34978789    0.32814801    0.31003165    0.27121943
T20            0.22187508    0.28826428    0.27582580    0.26713426    0.26477615    0.24432496    0.25659870    0.30863449    0.28676145    0.29903510    0.28631143    0.11064610    0.11764192    0.16363397    0.15634577    0.16267290    0.15204026    0.00000000    0.07169087    0.05412923    0.29161447    0.27156351    0.25712717    0.21864607
T17            0.24597541    0.30132620    0.28876731    0.29109539    0.28141489    0.26364027    0.25509644    0.32721583    0.30718755    0.30962614    0.30672829    0.12716107    0.13431468    0.17347257    0.16868504    0.18320684    0.17221468    0.07169087    0.00000000    0.04977172    0.30568182    0.28775559    0.26440837    0.21982518
T4             0.21804856    0.28949839    0.27713784    0.27543944    0.26989201    0.24630776    0.24095885    0.31055566    0.28221747    0.29436436    0.28181072    0.09867546    0.10555560    0.15579614    0.14856100    0.14946921    0.13916903    0.05412923    0.04977172    0.00000000    0.28177065    0.25890813    0.24716265    0.20359601
T9             0.24570017    0.44652909    0.43096435    0.43215760    0.42938035    0.39601117    0.40254675    0.44184056    0.43962126    0.44244560    0.43496609    0.30443650    0.31029808    0.34036099    0.33451849    0.35368488    0.34978789    0.29161447    0.30568182    0.28177065    0.00000000    0.08716573    0.28942362    0.21771813
T21            0.22719815    0.40364794    0.38900443    0.37992480    0.38857687    0.36418642    0.36677661    0.42391685    0.39827246    0.40094573    0.39386698    0.27217427    0.28088649    0.31946696    0.30736120    0.33194445    0.32814801    0.27156351    0.28775559    0.25890813    0.08716573    0.00000000    0.25531516    0.18892460
T13            0.18460381    0.40422076    0.38578707    0.39827246    0.38421551    0.36730700    0.35745460    0.41789135    0.40275171    0.40541072    0.39827246    0.25832788    0.26688339    0.29891989    0.29029342    0.32384709    0.31003165    0.25712717    0.26440837    0.24716265    0.28942362    0.25531516    0.00000000    0.08750092
T10            0.13695676    0.35385615    0.33669776    0.35544751    0.33864354    0.32274340    0.31008508    0.36644123    0.34166072    0.34418550    0.33764563    0.21648431    0.22456421    0.25181873    0.24074985    0.27785455    0.27121943    0.21864607    0.21982518    0.20359601    0.21771813    0.18892460    0.08750092    0.00000000

