24
T20            0.00000000    0.21773745    0.22743485    0.21962735    0.23901575    0.21929521    0.24279689    0.24279689    0.23788930    0.23788930    0.25918047    0.24359487    0.30290246    0.26794205    0.25743151    0.30099229    0.27903234    0.21318979    0.21607276    0.17019858    0.14766062    0.14077969    0.15502637    0.10442207
T22            0.21773745    0.00000000    0.03277408    0.10575399    0.11752189    0.19070621    0.20436713    0.20155716    0.20237753    0.20237753    0.23337218    0.21576783    0.26228900    0.24236921    0.22326630    0.27090302    0.24774725    0.24014073    0.24241265    0.20806153    0.23184409    0.21846829    0.27110823    0.22700458
T23            0.22743485    0.03277408    0.00000000    0.11471406    0.12192684    0.20037337    0.21413626    0.21131044    0.20640769    0.20640769    0.24031495    0.22271093    0.27585237    0.24125637    0.22506889    0.27836434    0.25506312    0.25313863    0.26166928    0.22355845    0.24775566    0.22812269    0.27508294    0.23074264
T7             0.21962735    0.10575399    0.11471406    0.00000000    0.09428205    0.18926165    0.20314432    0.20272037    0.20059165    0.20059165    0.22355845    0.20081920    0.25834192    0.22940491    0.20786058    0.26442353    0.24151929    0.22065878    0.22010087    0.19827729    0.23302502    0.21671069    0.26056088    0.21638705
T5             0.23901575    0.11752189    0.12192684    0.09428205    0.00000000    0.20016438    0.21673141    0.21389758    0.20616454    0.20616454    0.22065878    0.20360563    0.27928811    0.23857700    0.21958140    0.26996698    0.24690567    0.23532847    0.23468479    0.20105598    0.24203827    0.22551227    0.27545907    0.23409556
T21            0.21929521    0.19070621    0.20037337    0.18926165    0.20016438    0.00000000    0.02855391    0.02855391    0.03066872    0.03066872    0.17066127    0.14965501    0.20314432    0.17715118    0.16489198    0.30462810    0.27715597    0.23866037    0.24167377    0.19851553    0.23110020    0.20613794    0.27110823    0.22327086
T14            0.24279689    0.20436713    0.21413626    0.20314432    0.21673141    0.02855391    0.00000000    0.00401206    0.04545227    0.04545227    0.18073633    0.15945044    0.22219430    0.18731460    0.17488915    0.31753491    0.28951871    0.25661799    0.25973480    0.21806080    0.25514929    0.22922599    0.29669278    0.24709655
T10            0.24279689    0.20155716    0.21131044    0.20272037    0.21389758    0.02855391    0.00401206    0.00000000    0.04545227    0.04545227    0.18346200    0.16206209    0.21983632    0.18502144    0.17264744    0.31753491    0.28951871    0.25661799    0.25973480    0.21806080    0.25203243    0.22922599    0.29669278    0.24709655
T11            0.23788930    0.20237753    0.20640769    0.20059165    0.20616454    0.03066872    0.04545227    0.04545227    0.00000000    0.00401610    0.17931286    0.15263176    0.21205943    0.18026713    0.17335027    0.30876757    0.28104993    0.25245509    0.25558171    0.21607276    0.25020374    0.22440578    0.28820330    0.23913225
T12            0.23788930    0.20237753    0.20640769    0.20059165    0.20616454    0.03066872    0.04545227    0.04545227    0.00401610    0.00000000    0.17931286    0.15263176    0.21205943    0.18026713    0.17335027    0.31548288    0.28746351    0.25245509    0.25558171    0.21607276    0.25020374    0.22440578    0.28820330    0.23913225
T8             0.25918047    0.23337218    0.24031495    0.22355845    0.22065878    0.17066127    0.18073633    0.18346200    0.17931286    0.17931286    0.00000000    0.03924468    0.22812269    0.20266919    0.19009225    0.34631538    0.31689523    0.26920367    0.26920367    0.25161978    0.28517549    0.25156175    0.30680027    0.26059838
T15            0.24359487    0.21576783    0.22271093    0.20081920    0.20360563    0.14965501    0.15945044    0.16206209    0.15263176    0.15263176    0.03924468    0.00000000    0.20266919    0.18321561    0.16822352    0.31167820    0.28386177    0.25352050    0.25352050    0.23039469    0.26877076    0.24221075    0.28352664    0.23870829
T16            0.30290246    0.26228900    0.27585237    0.25834192    0.27928811    0.20314432    0.22219430    0.21983632    0.21205943    0.21205943    0.22812269    0.20266919    0.00000000    0.17488915    0.16798666    0.33238833    0.31044195    0.32277195    0.32622236    0.29573725    0.30290246    0.29053874    0.33217098    0.30106199
T13            0.26794205    0.24236921    0.24125637    0.22940491    0.23857700    0.17715118    0.18731460    0.18502144    0.18026713    0.18026713    0.20266919    0.18321561    0.17488915    0.00000000    0.02855391    0.35440666    0.33418871    0.30099229    0.30432755    0.26440616    0.28072900    0.26014624    0.31011144    0.27240028
T0             0.25743151    0.22326630    0.22506889    0.20786058    0.21958140    0.16489198    0.17488915    0.17264744    0.17335027    0.17335027    0.19009225    0.16822352    0.16798666    0.02855391    0.00000000    0.33319553    0.31349181    0.28028862    0.28352664    0.24775566    0.27009708    0.24667332    0.30145280    0.26508076
T4             0.30099229    0.27090302    0.27836434    0.26442353    0.26996698    0.30462810    0.31753491    0.31753491    0.30876757    0.31548288    0.34631538    0.31167820    0.33238833    0.35440666    0.33319553    0.00000000    0.02029413    0.33566970    0.33919311    0.28183178    0.31656375    0.31075588    0.34881426    0.31365406
T9             0.27903234    0.24774725    0.25506312    0.24151929    0.24690567    0.27715597    0.28951871    0.28951871    0.28104993    0.28746351    0.31689523    0.28386177    0.31044195    0.33418871    0.31349181    0.02029413    0.00000000    0.30341855    0.30675378    0.26056088    0.30392550    0.29820965    0.33217098    0.29769290
T19            0.21318979    0.24014073    0.25313863    0.22065878    0.23532847    0.23866037    0.25661799    0.25661799    0.25245509    0.25245509    0.26920367    0.25352050    0.32277195    0.30099229    0.28028862    0.33566970    0.30341855    0.00000000    0.01415451    0.12703316    0.23749430    0.21224772    0.25748255    0.19984329
T3             0.21607276    0.24241265    0.26166928    0.22010087    0.23468479    0.24167377    0.25973480    0.25973480    0.25558171    0.25558171    0.26920367    0.25352050    0.32622236    0.30432755    0.28352664    0.33919311    0.30675378    0.01415451    0.00000000    0.12949669    0.24053527    0.21516442    0.26056088    0.20266919
T1             0.17019858    0.20806153    0.22355845    0.19827729    0.20105598    0.19851553    0.21806080    0.21806080    0.21607276    0.21607276    0.25161978    0.23039469    0.29573725    0.26440616    0.24775566    0.28183178    0.26056088    0.12703316    0.12949669    0.00000000    0.19200743    0.16846879    0.21413626    0.17042568
T17            0.14766062    0.23184409    0.24775566    0.23302502    0.24203827    0.23110020    0.25514929    0.25203243    0.25020374    0.25020374    0.28517549    0.26877076    0.30290246    0.28072900    0.27009708    0.31656375    0.30392550    0.23749430    0.24053527    0.19200743    0.00000000    0.03497087    0.19623293    0.14571218
T2             0.14077969    0.21846829    0.22812269    0.21671069    0.22551227    0.20613794    0.22922599    0.22922599    0.22440578    0.22440578    0.25156175    0.24221075    0.29053874    0.26014624    0.24667332    0.31075588    0.29820965    0.21224772    0.21516442    0.16846879    0.03497087    0.00000000    0.16468747    0.12368477
T6             0.15502637    0.27110823    0.27508294    0.26056088    0.27545907    0.27110823    0.29669278    0.29669278    0.28820330    0.28820330    0.30680027    0.28352664    0.33217098    0.31011144    0.30145280    0.34881426    0.33217098    0.25748255    0.26056088    0.21413626    0.19623293    0.16468747    0.00000000    0.07599062
T18            0.10442207    0.22700458    0.23074264    0.21638705    0.23409556    0.22327086    0.24709655    0.24709655    0.23913225    0.23913225    0.26059838    0.23870829    0.30106199    0.27240028    0.26508076    0.31365406    0.29769290    0.19984329    0.20266919    0.17042568    0.14571218    0.12368477    0.07599062    0.00000000

