24
T10            0.00000000    0.31211566    0.30255715    0.30054483    0.29154753    0.20464015    0.29354596    0.29029745    0.31125591    0.26402825    0.26402825    0.26440746    0.25856343    0.23268858    0.23268858    0.23566609    0.26092114    0.24398895    0.24267378    0.25138329    0.32641192    0.17983343    0.16120148    0.15409920
T6             0.31211566    0.00000000    0.00602719    0.12425284    0.12203082    0.17488966    0.30174025    0.29522205    0.30714138    0.28386314    0.28706993    0.26916789    0.27584738    0.24566908    0.24566908    0.24267378    0.28224060    0.27429608    0.26640842    0.27863664    0.33672775    0.29485220    0.28118687    0.27368827
T5             0.30255715    0.00602719    0.00000000    0.11951117    0.11729897    0.16712417    0.29236541    0.28595183    0.29772128    0.27471893    0.27787507    0.26021345    0.26677633    0.23703253    0.23703253    0.23408146    0.27306888    0.26519728    0.25748369    0.26953496    0.33372181    0.28560154    0.27218987    0.26472847
T0             0.30054483    0.12425284    0.11951117    0.00000000    0.02029413    0.16206252    0.28312702    0.28312702    0.29485220    0.27986054    0.28308813    0.26754385    0.27429608    0.25007088    0.24398895    0.25313985    0.27429608    0.26964668    0.26794343    0.28678742    0.35297323    0.28348953    0.27616285    0.27193804
T14            0.29154753    0.12203082    0.11729897    0.02029413    0.00000000    0.15722903    0.27751067    0.27751067    0.29314113    0.27429608    0.27750297    0.25584653    0.26246155    0.24167489    0.24167489    0.24470662    0.26877410    0.26416759    0.25622779    0.27152982    0.33516569    0.27787507    0.27058124    0.26640842
T18            0.20464015    0.17488966    0.16712417    0.16206252    0.15722903    0.00000000    0.19876358    0.20155785    0.21491024    0.18922936    0.19200815    0.18453535    0.19039839    0.15831458    0.15568221    0.16096090    0.19887654    0.17225245    0.16579471    0.18453535    0.24970855    0.19346256    0.17429460    0.17779438
T3             0.29354596    0.30174025    0.29236541    0.28312702    0.27751067    0.19876358    0.00000000    0.02444367    0.05840634    0.21260667    0.21547311    0.19876358    0.20464015    0.17264796    0.17264796    0.16998049    0.23532949    0.20692268    0.19804883    0.22037585    0.29274760    0.28631334    0.27026919    0.27787507
T22            0.29029745    0.29522205    0.28595183    0.28312702    0.27751067    0.20155785    0.02444367    0.00000000    0.05840634    0.20975659    0.21260667    0.19047333    0.19623359    0.16998049    0.16998049    0.16732720    0.22647596    0.19851618    0.19529312    0.21180104    0.28312702    0.28312702    0.26719090    0.27471893
T1             0.31125591    0.30714138    0.29772128    0.29485220    0.29314113    0.21491024    0.05840634    0.05840634    0.00000000    0.22617529    0.22910046    0.19298944    0.19876358    0.18546796    0.18546796    0.18274971    0.24331127    0.22617529    0.21983708    0.23703253    0.31125591    0.29736402    0.28118687    0.28878783
T2             0.26402825    0.28386314    0.27471893    0.27986054    0.27429608    0.18922936    0.21260667    0.20975659    0.22617529    0.00000000    0.00806476    0.13510827    0.14036736    0.13211645    0.13211645    0.13211645    0.19731880    0.17580430    0.16732720    0.18594936    0.23969633    0.25045260    0.23250739    0.23940158
T23            0.26402825    0.28706993    0.27787507    0.28308813    0.27750297    0.19200815    0.21547311    0.21260667    0.22910046    0.00806476    0.00000000    0.14272453    0.14808167    0.13461076    0.13461076    0.13461076    0.19451664    0.17310802    0.16468792    0.17779438    0.23379417    0.25346594    0.23540700    0.24237017
T21            0.26440746    0.26916789    0.26021345    0.26754385    0.25584653    0.18453535    0.19876358    0.19047333    0.19298944    0.13510827    0.14272453    0.00000000    0.00805151    0.12513064    0.12513064    0.12266707    0.17877274    0.16846936    0.16004817    0.17310802    0.24599182    0.24836081    0.22796094    0.23733848
T15            0.25856343    0.27584738    0.26677633    0.27429608    0.26246155    0.19039839    0.20464015    0.19623359    0.19876358    0.14036736    0.14808167    0.00805151    0.00000000    0.12528725    0.12528725    0.12281758    0.18453535    0.17413029    0.16555657    0.17877274    0.25240656    0.24868246    0.23408146    0.24364510
T20            0.23268858    0.24566908    0.23703253    0.25007088    0.24167489    0.15831458    0.17264796    0.16998049    0.18546796    0.13211645    0.13461076    0.12513064    0.12528725    0.00000000    0.00804436    0.01007278    0.17196638    0.15114613    0.14292558    0.15615993    0.23337325    0.20059226    0.19761827    0.20410476
T13            0.23268858    0.24566908    0.23703253    0.24398895    0.24167489    0.15568221    0.17264796    0.16998049    0.18546796    0.13211645    0.13461076    0.12513064    0.12528725    0.00804436    0.00000000    0.01007278    0.16925542    0.14853438    0.14036736    0.15352754    0.23039572    0.20337096    0.19804883    0.20692268
T17            0.23566609    0.24267378    0.23408146    0.25313985    0.24470662    0.16096090    0.16998049    0.16732720    0.18274971    0.13211645    0.13461076    0.12266707    0.12281758    0.01007278    0.01007278    0.00000000    0.17469215    0.15377160    0.14549697    0.15880626    0.23337325    0.20616521    0.20037396    0.20692268
T16            0.26092114    0.28224060    0.27306888    0.27429608    0.26877410    0.19887654    0.23532949    0.22647596    0.24331127    0.19731880    0.19451664    0.17877274    0.18453535    0.17196638    0.16925542    0.17469215    0.00000000    0.08851746    0.08354767    0.09962517    0.16187335    0.27346727    0.24535650    0.24970855
T7             0.24398895    0.27429608    0.26519728    0.26964668    0.26416759    0.17225245    0.20692268    0.19851618    0.22617529    0.17580430    0.17310802    0.16846936    0.17413029    0.15114613    0.14853438    0.15377160    0.08851746    0.00000000    0.03710324    0.06968835    0.13418482    0.25933495    0.22588429    0.23601247
T9             0.24267378    0.26640842    0.25748369    0.26794343    0.25622779    0.16579471    0.19804883    0.19529312    0.21983708    0.16732720    0.16468792    0.16004817    0.16555657    0.14292558    0.14036736    0.14549697    0.08354767    0.03710324    0.00000000    0.06504422    0.13394098    0.24566908    0.21344962    0.22298461
T4             0.25138329    0.27863664    0.26953496    0.28678742    0.27152982    0.18453535    0.22037585    0.21180104    0.23703253    0.18594936    0.17779438    0.17310802    0.17877274    0.15615993    0.15352754    0.15880626    0.09962517    0.06968835    0.06504422    0.00000000    0.09394044    0.25276811    0.22171735    0.23143628
T11            0.32641192    0.33672775    0.33372181    0.35297323    0.33516569    0.24970855    0.29274760    0.28312702    0.31125591    0.23969633    0.23379417    0.24599182    0.25240656    0.23337325    0.23039572    0.23337325    0.16187335    0.13418482    0.13394098    0.09394044    0.00000000    0.34021426    0.30279611    0.31167988
T8             0.17983343    0.29485220    0.28560154    0.28348953    0.27787507    0.19346256    0.28631334    0.28312702    0.29736402    0.25045260    0.25346594    0.24836081    0.24868246    0.20059226    0.20337096    0.20616521    0.27346727    0.25933495    0.24566908    0.25276811    0.34021426    0.00000000    0.08254509    0.06937730
T19            0.16120148    0.28118687    0.27218987    0.27616285    0.27058124    0.17429460    0.27026919    0.26719090    0.28118687    0.23250739    0.23540700    0.22796094    0.23408146    0.19761827    0.19804883    0.20037396    0.24535650    0.22588429    0.21344962    0.22171735    0.30279611    0.08254509    0.00000000    0.03690633
T12            0.15409920    0.27368827    0.26472847    0.27193804    0.26640842    0.17779438    0.27787507    0.27471893    0.28878783    0.23940158    0.24237017    0.23733848    0.24364510    0.20410476    0.20692268    0.20692268    0.24970855    0.23601247    0.22298461    0.23143628    0.31167988    0.06937730    0.03690633    0.00000000

