24
T1             0.00000000    0.38635108    0.28686974    0.28716051    0.28402485    0.33800249    0.34492550    0.34636030    0.38210867    0.35179945    0.35112668    0.32308586    0.32973252    0.28402485    0.28686974    0.35241016    0.33281810    0.31849758    0.30570650    0.30931592    0.35194578    0.35502947    0.35022005    0.33759976
T0             0.38635108    0.00000000    0.12745005    0.12730327    0.12483991    0.18570076    0.21958120    0.21605169    0.31005407    0.28560046    0.28810166    0.24598672    0.24236747    0.21003086    0.21835068    0.25932475    0.23900799    0.24737497    0.24469751    0.22776659    0.26518681    0.26793331    0.29395362    0.26952837
T10            0.28686974    0.12745005    0.00000000    0.03485682    0.02650477    0.08750226    0.13931924    0.13890556    0.22171863    0.20252514    0.19977738    0.17222033    0.17183032    0.13728000    0.13963546    0.17065739    0.16336864    0.15763509    0.15523346    0.13781906    0.18123570    0.18371275    0.20129972    0.18274720
T9             0.28716051    0.12730327    0.03485682    0.00000000    0.02029414    0.09226641    0.13947332    0.13903533    0.22481766    0.20549286    0.20272224    0.17779128    0.17468104    0.13998378    0.14234407    0.16336864    0.16095570    0.15523346    0.15284003    0.14056600    0.18424796    0.18673142    0.20436380    0.18570076
T20            0.28402485    0.12483991    0.02650477    0.02029414    0.00000000    0.08528891    0.12949663    0.13405956    0.21910209    0.19996690    0.19722667    0.16976826    0.16674302    0.13493249    0.13728000    0.16555225    0.15830969    0.15262885    0.15024218    0.13295045    0.17604934    0.17851034    0.19321894    0.17756894
T12            0.33800249    0.18570076    0.08750226    0.09226641    0.08528891    0.00000000    0.19070394    0.19003254    0.26749342    0.24152038    0.24152038    0.22355461    0.20314465    0.18594523    0.18297542    0.19648710    0.21156193    0.20520606    0.20266353    0.18673142    0.21318458    0.21576294    0.23999705    0.20665791
T17            0.34492550    0.21958120    0.13931924    0.13947332    0.12949663    0.19070394    0.00000000    0.09016545    0.23617373    0.22698122    0.22985540    0.21205718    0.21154993    0.17555877    0.17802231    0.21003086    0.20520606    0.19345933    0.18819790    0.17310382    0.21318458    0.21576294    0.23702893    0.21464037
T8             0.34636030    0.21605169    0.13890556    0.13903533    0.13405956    0.19003254    0.09016545    0.00000000    0.26166895    0.24076532    0.24664908    0.21131052    0.21086026    0.17715043    0.17695432    0.20081837    0.19598193    0.17924854    0.18211557    0.15926745    0.21232495    0.21490683    0.23324906    0.21389811
T14            0.38210867    0.31005407    0.22171863    0.22481766    0.21910209    0.26749342    0.23617373    0.26166895    0.00000000    0.08963016    0.08045490    0.23617373    0.23565385    0.20081837    0.20336989    0.23114506    0.21865383    0.20105443    0.19851361    0.19551309    0.22850804    0.23114506    0.24690788    0.22149538
T18            0.35179945    0.28560046    0.20252514    0.20549286    0.19996690    0.24152038    0.22698122    0.24076532    0.08963016    0.00000000    0.03483182    0.21179883    0.21933679    0.18211557    0.17924854    0.21723305    0.20775771    0.19598193    0.18796367    0.17164835    0.21464037    0.21723305    0.23274621    0.21345116
T16            0.35112668    0.28810166    0.19977738    0.20272224    0.19722667    0.24152038    0.22985540    0.24664908    0.08045490    0.03483182    0.00000000    0.21131052    0.22171863    0.18211557    0.17924854    0.21154993    0.19648710    0.18502045    0.17715043    0.17164835    0.20897335    0.21154993    0.22698122    0.20233748
T5             0.32308586    0.24598672    0.17222033    0.17779128    0.16976826    0.22355461    0.21205718    0.21131052    0.23617373    0.21179883    0.21131052    0.00000000    0.09859283    0.06492268    0.07155440    0.17065739    0.16603583    0.15502368    0.15003774    0.13998378    0.18073287    0.18321244    0.18481148    0.17962859
T13            0.32973252    0.24236747    0.17183032    0.17468104    0.16674302    0.20314465    0.21154993    0.21086026    0.23565385    0.21933679    0.22171863    0.09859283    0.00000000    0.06704160    0.07380174    0.17242831    0.16510216    0.15426705    0.15703487    0.13460960    0.17532637    0.17779128    0.19804773    0.17429429
T6             0.28402485    0.21003086    0.13728000    0.13998378    0.13493249    0.18594523    0.17555877    0.17715043    0.20081837    0.18211557    0.18211557    0.06492268    0.06704160    0.00000000    0.01829792    0.13528703    0.13587771    0.12544924    0.12313917    0.10172394    0.14528586    0.14765777    0.15926745    0.13681263
T2             0.28686974    0.21835068    0.13963546    0.14234407    0.13728000    0.18297542    0.17802231    0.17695432    0.20336989    0.17924854    0.17924854    0.07155440    0.07380174    0.01829792    0.00000000    0.13763145    0.13314095    0.12776701    0.12544924    0.10158906    0.14765777    0.15003774    0.16169188    0.14421173
T19            0.35241016    0.25932475    0.17065739    0.16336864    0.16555225    0.19648710    0.21003086    0.20081837    0.23114506    0.21723305    0.21154993    0.17065739    0.17242831    0.13528703    0.13763145    0.00000000    0.12331234    0.12051027    0.11576707    0.12297365    0.16578986    0.16821943    0.18546512    0.16510216
T21            0.33281810    0.23900799    0.16336864    0.16095570    0.15830969    0.21156193    0.20520606    0.19598193    0.21865383    0.20775771    0.19648710    0.16603583    0.16510216    0.13587771    0.13314095    0.12331234    0.00000000    0.02870888    0.03087760    0.13101320    0.16924871    0.16897885    0.18673142    0.16798308
T22            0.31849758    0.24737497    0.15763509    0.15523346    0.15262885    0.20520606    0.19345933    0.17924854    0.20105443    0.19598193    0.18502045    0.15502368    0.15426705    0.12544924    0.12776701    0.12051027    0.02870888    0.00000000    0.02656430    0.12313917    0.15807660    0.16048379    0.17532637    0.15703487
T3             0.30570650    0.24469751    0.15523346    0.15284003    0.15024218    0.20266353    0.18819790    0.18211557    0.19851361    0.18796367    0.17715043    0.15003774    0.15703487    0.12313917    0.12544924    0.11576707    0.03087760    0.02656430    0.00000000    0.11837335    0.15567763    0.15807660    0.17019578    0.15462881
T7             0.30931592    0.22776659    0.13781906    0.14056600    0.13295045    0.18673142    0.17310382    0.15926745    0.19551309    0.17164835    0.17164835    0.13998378    0.13460960    0.10172394    0.10158906    0.12297365    0.13101320    0.12313917    0.11837335    0.00000000    0.08078366    0.08298457    0.10802793    0.08954480
T4             0.35194578    0.26518681    0.18123570    0.18424796    0.17604934    0.21318458    0.21318458    0.21232495    0.22850804    0.21464037    0.20897335    0.18073287    0.17532637    0.14528586    0.14765777    0.16578986    0.16924871    0.15807660    0.15567763    0.08078366    0.00000000    0.00200301    0.04982279    0.04133686
T11            0.35502947    0.26793331    0.18371275    0.18673142    0.17851034    0.21576294    0.21576294    0.21490683    0.23114506    0.21723305    0.21154993    0.18321244    0.17779128    0.14765777    0.15003774    0.16821943    0.16897885    0.16048379    0.15807660    0.08298457    0.00200301    0.00000000    0.05194624    0.04343585
T15            0.35022005    0.29395362    0.20129972    0.20436380    0.19321894    0.23999705    0.23702893    0.23324906    0.24690788    0.23274621    0.22698122    0.18481148    0.19804773    0.15926745    0.16169188    0.18546512    0.18673142    0.17532637    0.17019578    0.10802793    0.04982279    0.05194624    0.00000000    0.06050742
T23            0.33759976    0.26952837    0.18274720    0.18570076    0.17756894    0.20665791    0.21464037    0.21389811    0.22149538    0.21345116    0.20233748    0.17962859    0.17429429    0.13681263    0.14421173    0.16510216    0.16798308    0.15703487    0.15462881    0.08954480    0.04133686    0.04343585    0.06050742    0.00000000

