24
T17            0.00000000    0.15003215    0.13997894    0.13997894    0.13762676    0.16025381    0.17089354    0.19759558    0.22447333    0.18296699    0.16047732    0.16554536    0.24396624    0.23335052    0.23335052    0.31393715    0.18729023    0.17223698    0.18672255    0.18978014    0.18149173    0.15044904    0.13025694    0.13997894
T22            0.15003215    0.00000000    0.07176976    0.07176976    0.06735118    0.08760208    0.11077344    0.14508143    0.17487979    0.13196784    0.15242007    0.15222526    0.22064289    0.21030730    0.20745794    0.28065136    0.16047732    0.15283418    0.17778334    0.16692135    0.16429645    0.17182279    0.14897714    0.15892268
T14            0.13997894    0.07176976    0.00000000    0.00000000    0.03280729    0.05418915    0.09427958    0.12512521    0.17242085    0.12202764    0.14233906    0.14216248    0.21178730    0.20717839    0.20435319    0.27155923    0.15983168    0.14233906    0.16429645    0.17242085    0.16448347    0.16151356    0.13903038    0.14883012
T15            0.13997894    0.07176976    0.00000000    0.00000000    0.03280729    0.05418915    0.09427958    0.12512521    0.17242085    0.12202764    0.14233906    0.14216248    0.21178730    0.20717839    0.20435319    0.27155923    0.15983168    0.14233906    0.16429645    0.17242085    0.16448347    0.16151356    0.13903038    0.14883012
T13            0.13762676    0.06735118    0.03280729    0.03280729    0.00000000    0.04123970    0.08740590    0.11547656    0.16509536    0.11030636    0.13492801    0.13476260    0.19850358    0.19344986    0.19069474    0.27191357    0.15481616    0.13492801    0.15926106    0.16467899    0.15684527    0.15650346    0.12924182    0.13890055
T7             0.16025381    0.08760208    0.05418915    0.05418915    0.04123970    0.00000000    0.10586034    0.13727535    0.18273877    0.13158561    0.15784549    0.15762890    0.22269669    0.21287713    0.20947220    0.28665955    0.15944289    0.14453220    0.16655915    0.17201351    0.16411794    0.17962035    0.15137483    0.16135036
T3             0.17089354    0.11077344    0.09427958    0.09427958    0.08740590    0.10586034    0.00000000    0.07422173    0.17467332    0.12912846    0.16267041    0.16245659    0.23731944    0.22093539    0.21804485    0.28102470    0.17531867    0.16003859    0.17756101    0.18593652    0.17509491    0.19046192    0.16168526    0.16655915
T8             0.19759558    0.14508143    0.12512521    0.12512521    0.11547656    0.13727535    0.07422173    0.00000000    0.20974126    0.15634516    0.19171529    0.19144681    0.26053851    0.24664494    0.24362335    0.30917171    0.19927095    0.18344975    0.20947220    0.21379260    0.20804469    0.21489501    0.18772941    0.19550331
T10            0.22447333    0.17487979    0.17242085    0.17242085    0.16509536    0.18273877    0.17467332    0.20974126    0.00000000    0.09016345    0.23072097    0.22810103    0.30573831    0.29333273    0.29333273    0.34877056    0.25388610    0.23072097    0.25853777    0.24597105    0.23998214    0.25746112    0.23436047    0.23377773
T21            0.18296699    0.13196784    0.12202764    0.12202764    0.11030636    0.13158561    0.12912846    0.15634516    0.09016345    0.00000000    0.18818897    0.18025669    0.24866174    0.24029604    0.23731944    0.31793748    0.20409084    0.18545644    0.20313392    0.20896212    0.20058115    0.20569601    0.18173031    0.18405625
T23            0.16047732    0.15242007    0.14233906    0.14233906    0.13492801    0.15784549    0.16267041    0.19171529    0.23072097    0.18818897    0.00000000    0.00805148    0.16245659    0.14508143    0.14252367    0.22615781    0.17825402    0.16336187    0.17509491    0.19171529    0.18344975    0.19069474    0.15963310    0.17509491
T4             0.16554536    0.15222526    0.14216248    0.14216248    0.13476260    0.15762890    0.16245659    0.19144681    0.22810103    0.18025669    0.00805148    0.00000000    0.16225114    0.14489029    0.14233906    0.22586766    0.17531867    0.16047732    0.17221287    0.18868407    0.18048632    0.19320946    0.15944289    0.17487979
T19            0.24396624    0.22064289    0.21178730    0.21178730    0.19850358    0.22269669    0.23731944    0.26053851    0.30573831    0.24866174    0.16245659    0.16225114    0.00000000    0.05626391    0.05189696    0.30583776    0.26164386    0.24431912    0.25712299    0.27941166    0.26988601    0.25014625    0.22794605    0.23671929
T0             0.23335052    0.21030730    0.20717839    0.20717839    0.19344986    0.21287713    0.22093539    0.24664494    0.29333273    0.24029604    0.14508143    0.14489029    0.05626391    0.00000000    0.01210943    0.29026860    0.24468197    0.22775319    0.24630295    0.26516841    0.25582087    0.25746112    0.22908217    0.23202374
T2             0.23335052    0.20745794    0.20435319    0.20435319    0.19069474    0.20947220    0.21804485    0.24362335    0.29333273    0.23731944    0.14252367    0.14233906    0.05189696    0.01210943    0.00000000    0.29026860    0.24165122    0.22186997    0.24329047    0.25891733    0.24968490    0.25440257    0.22615781    0.22908217
T12            0.31393715    0.28065136    0.27155923    0.27155923    0.27191357    0.28665955    0.28102470    0.30917171    0.34877056    0.31793748    0.22615781    0.22586766    0.30583776    0.29026860    0.29026860    0.00000000    0.29393080    0.29195278    0.30961837    0.30338639    0.29678446    0.33115949    0.31637650    0.32915161
T18            0.18729023    0.16047732    0.15983168    0.15983168    0.15481616    0.15944289    0.17531867    0.19927095    0.25388610    0.20409084    0.17825402    0.17531867    0.26164386    0.24468197    0.24165122    0.29393080    0.00000000    0.05852481    0.08273124    0.16003859    0.15742055    0.19320946    0.15944289    0.17487979
T20            0.17223698    0.15283418    0.14233906    0.14233906    0.13492801    0.14453220    0.16003859    0.18344975    0.23072097    0.18545644    0.16336187    0.16047732    0.24431912    0.22775319    0.22186997    0.29195278    0.05852481    0.00000000    0.06951742    0.15283418    0.14508143    0.17531867    0.14233906    0.15481616
T11            0.18672255    0.17778334    0.16429645    0.16429645    0.15926106    0.16655915    0.17756101    0.20947220    0.25853777    0.20313392    0.17509491    0.17221287    0.25712299    0.24630295    0.24329047    0.30961837    0.08273124    0.06951742    0.00000000    0.16711529    0.16186545    0.19002326    0.15169018    0.16168526
T6             0.18978014    0.16692135    0.17242085    0.17242085    0.16467899    0.17201351    0.18593652    0.21379260    0.24597105    0.20896212    0.19171529    0.18868407    0.27941166    0.26516841    0.25891733    0.30338639    0.16003859    0.15283418    0.16711529    0.00000000    0.00806471    0.19297809    0.17242085    0.18273877
T16            0.18149173    0.16429645    0.16448347    0.16448347    0.15684527    0.16411794    0.17509491    0.20804469    0.23998214    0.20058115    0.18344975    0.18048632    0.26988601    0.25582087    0.24968490    0.29678446    0.15742055    0.14508143    0.16186545    0.00806471    0.00000000    0.18480273    0.16448347    0.17467332
T1             0.15044904    0.17182279    0.16151356    0.16151356    0.15650346    0.17962035    0.19046192    0.21489501    0.25746112    0.20569601    0.19069474    0.19320946    0.25014625    0.25746112    0.25440257    0.33115949    0.19320946    0.17531867    0.19002326    0.19297809    0.18480273    0.00000000    0.06917731    0.08254423
T9             0.13025694    0.14897714    0.13903038    0.13903038    0.12924182    0.15137483    0.16168526    0.18772941    0.23436047    0.18173031    0.15963310    0.15944289    0.22794605    0.22908217    0.22615781    0.31637650    0.15944289    0.14233906    0.15169018    0.17242085    0.16448347    0.06917731    0.00000000    0.03272621
T5             0.13997894    0.15892268    0.14883012    0.14883012    0.13890055    0.16135036    0.16655915    0.19550331    0.23377773    0.18405625    0.17509491    0.17487979    0.23671929    0.23202374    0.22908217    0.32915161    0.17487979    0.15481616    0.16168526    0.18273877    0.17467332    0.08254423    0.03272621    0.00000000

