24
T23            0.00000000    0.32279362    0.32279362    0.30770437    0.30434633    0.32726860    0.33023742    0.35721922    0.34634031    0.29928353    0.29238286    0.27752606    0.28426345    0.28670243    0.27997710    0.25988863    0.26263035    0.31741005    0.31843399    0.31399461    0.19852362    0.19488581    0.19197383    0.10360114
T10            0.32279362    0.00000000    0.00000000    0.22778381    0.23075269    0.23602210    0.25008196    0.28917117    0.28591173    0.21439429    0.23144654    0.37907854    0.37218097    0.36737185    0.35958876    0.35034183    0.33931532    0.37336480    0.36710532    0.36224379    0.37849265    0.35108302    0.35065694    0.33328846
T11            0.32279362    0.00000000    0.00000000    0.22778381    0.23075269    0.23602210    0.25008196    0.28917117    0.28591173    0.21439429    0.23144654    0.37907854    0.37218097    0.36737185    0.35958876    0.35034183    0.33931532    0.37336480    0.36710532    0.36224379    0.37849265    0.35108302    0.35065694    0.33328846
T8             0.30770437    0.22778381    0.22778381    0.00000000    0.00200402    0.04572511    0.05646048    0.11065137    0.11306151    0.07849680    0.07387321    0.35189609    0.34884002    0.35496504    0.35443400    0.32184159    0.30878802    0.36089884    0.35474446    0.35721922    0.32871944    0.31672459    0.30969972    0.33869891
T13            0.30434633    0.23075269    0.23075269    0.00200402    0.00000000    0.04790398    0.05867313    0.11306151    0.11548335    0.08078548    0.07613596    0.35189609    0.35244002    0.35859116    0.35804698    0.32526867    0.31213473    0.36460577    0.35842411    0.36089884    0.32871944    0.31672459    0.30969972    0.34223520
T3             0.32726860    0.23602210    0.23602210    0.04572511    0.04790398    0.00000000    0.02650490    0.12498457    0.12745431    0.08750420    0.08281109    0.37397700    0.37083994    0.37591552    0.36791626    0.33121931    0.31799150    0.38221437    0.37589460    0.37839404    0.34171695    0.32941792    0.32223740    0.35914845
T12            0.33023742    0.25008196    0.25008196    0.05646048    0.05867313    0.02650490    0.00000000    0.13197606    0.13446423    0.08972470    0.08732204    0.37083994    0.36771624    0.36904546    0.36847414    0.32823788    0.31505718    0.37524191    0.36897789    0.37146490    0.34121131    0.32899865    0.32185345    0.35859116
T16            0.35721922    0.28917117    0.28917117    0.11065137    0.11306151    0.12498457    0.13197606    0.00000000    0.00603634    0.11983128    0.11012344    0.40477103    0.40150599    0.41202277    0.41134493    0.36737185    0.36425027    0.38346947    0.37712753    0.38728974    0.38346947    0.37365548    0.36945881    0.39825539
T22            0.34634031    0.28591173    0.28591173    0.11306151    0.11548335    0.12745431    0.13446423    0.00603634    0.00000000    0.12471042    0.11489761    0.40872745    0.40544682    0.41602675    0.41533291    0.36737185    0.36425027    0.38346947    0.37712753    0.38728974    0.37967821    0.36997603    0.36581960    0.38666114
T0             0.29928353    0.21439429    0.21439429    0.07849680    0.08078548    0.08750420    0.08972470    0.11983128    0.12471042    0.00000000    0.04760806    0.33518749    0.33219422    0.35244002    0.35189609    0.31169923    0.30795115    0.35496504    0.34884002    0.35136507    0.32008249    0.31191332    0.30831544    0.34374932
T6             0.29238286    0.23144654    0.23144654    0.07387321    0.07613596    0.08281109    0.08732204    0.11012344    0.11489761    0.04760806    0.00000000    0.32871944    0.32575048    0.33170060    0.33121931    0.30716143    0.28811905    0.34728554    0.34121131    0.34728554    0.30315980    0.29866355    0.29521249    0.33121931
T7             0.27752606    0.37907854    0.37907854    0.35189609    0.35189609    0.37397700    0.37083994    0.40477103    0.40872745    0.33518749    0.32871944    0.00000000    0.01212495    0.07650841    0.07640482    0.12297827    0.12599314    0.26480966    0.25934669    0.26168284    0.35136507    0.33802690    0.34106174    0.32050408
T15            0.28426345    0.37218097    0.37218097    0.34884002    0.35244002    0.37083994    0.36771624    0.40150599    0.40544682    0.33219422    0.32575048    0.01212495    0.00000000    0.08122807    0.08110691    0.12314410    0.12368741    0.26520965    0.25974777    0.26207300    0.35443400    0.34106174    0.34410947    0.31755716
T14            0.28670243    0.36737185    0.36737185    0.35496504    0.35859116    0.37591552    0.36904546    0.41202277    0.41602675    0.35244002    0.33170060    0.07650841    0.08122807    0.00000000    0.01623188    0.14509315    0.13802109    0.27945599    0.27071322    0.27625915    0.36535232    0.37210451    0.37161508    0.33284492
T18            0.27997710    0.35958876    0.35958876    0.35443400    0.35804698    0.36791626    0.36847414    0.41134493    0.41533291    0.35189609    0.33121931    0.07640482    0.08110691    0.01623188    0.00000000    0.14490161    0.13277327    0.28548313    0.27666750    0.28225530    0.36847414    0.37161508    0.37113947    0.33241391
T21            0.25988863    0.35034183    0.35034183    0.32184159    0.32526867    0.33121931    0.32823788    0.36737185    0.36737185    0.31169923    0.30716143    0.12297827    0.12314410    0.14509315    0.14490161    0.00000000    0.04977274    0.23704335    0.23174473    0.22824143    0.31967306    0.31093383    0.31388034    0.30351437
T9             0.26263035    0.33931532    0.33931532    0.30878802    0.31213473    0.31799150    0.31505718    0.36425027    0.36425027    0.30795115    0.28811905    0.12599314    0.12368741    0.13802109    0.13277327    0.04977274    0.00000000    0.23501277    0.22973810    0.22618482    0.32346311    0.30799954    0.31419300    0.31046382
T17            0.31741005    0.37336480    0.37336480    0.36089884    0.36460577    0.38221437    0.37524191    0.38346947    0.38346947    0.35496504    0.34728554    0.26480966    0.26520965    0.27945599    0.28548313    0.23704335    0.23501277    0.00000000    0.00804437    0.02236468    0.35663621    0.33328846    0.33284492    0.34071831
T2             0.31843399    0.36710532    0.36710532    0.35474446    0.35842411    0.37589460    0.36897789    0.37712753    0.37712753    0.34884002    0.34121131    0.25934669    0.25974777    0.27071322    0.27666750    0.23174473    0.22973810    0.00804437    0.00000000    0.02241950    0.35050966    0.32731153    0.32686678    0.34171695
T4             0.31399461    0.36224379    0.36224379    0.35721922    0.36089884    0.37839404    0.37146490    0.38728974    0.38728974    0.35136507    0.34728554    0.26168284    0.26207300    0.27625915    0.28225530    0.22824143    0.22618482    0.02236468    0.02241950    0.00000000    0.35299683    0.32984965    0.32941792    0.33721924
T1             0.19852362    0.37849265    0.37849265    0.32871944    0.32871944    0.34171695    0.34121131    0.38346947    0.37967821    0.32008249    0.30315980    0.35136507    0.35443400    0.36535232    0.36847414    0.31967306    0.32346311    0.35663621    0.35050966    0.35299683    0.00000000    0.06931791    0.07149697    0.21367890
T20            0.19488581    0.35108302    0.35108302    0.31672459    0.31672459    0.32941792    0.32899865    0.37365548    0.36997603    0.31191332    0.29866355    0.33802690    0.34106174    0.37210451    0.37161508    0.31093383    0.30799954    0.33328846    0.32731153    0.32984965    0.06931791    0.00000000    0.01619031    0.21008115
T5             0.19197383    0.35065694    0.35065694    0.30969972    0.30969972    0.32223740    0.32185345    0.36945881    0.36581960    0.30831544    0.29521249    0.34106174    0.34410947    0.37161508    0.37113947    0.31388034    0.31419300    0.33284492    0.32686678    0.32941792    0.07149697    0.01619031    0.00000000    0.20168639
T19            0.10360114    0.33328846    0.33328846    0.33869891    0.34223520    0.35914845    0.35859116    0.39825539    0.38666114    0.34374932    0.33121931    0.32050408    0.31755716    0.33284492    0.33241391    0.30351437    0.31046382    0.34071831    0.34171695    0.33721924    0.21367890    0.21008115    0.20168639    0.00000000

