24
T23            0.00000000    0.23498035    0.24533529    0.23615706    0.22480259    0.23830804    0.27959465    0.29964570    0.25920866    0.26470665    0.23300173    0.23266524    0.23829155    0.18593502    0.19118563    0.18843058    0.20519338    0.23935467    0.20236025    0.17410517    0.15137407    0.13997808    0.12050607    0.13476187
T20            0.23498035    0.00000000    0.02859665    0.23938224    0.22505371    0.24503390    0.28140569    0.31590272    0.29351230    0.27822058    0.29351230    0.29636656    0.29596378    0.23997983    0.24503390    0.23909852    0.26638093    0.26226710    0.23615706    0.25344490    0.23085140    0.21462675    0.20408916    0.21436983
T5             0.24533529    0.02859665    0.00000000    0.24986592    0.23539232    0.25258360    0.29233571    0.32817410    0.30541005    0.28592459    0.31122090    0.31414400    0.30789818    0.25647553    0.25558691    0.24959823    0.27713104    0.27303429    0.24074762    0.26717028    0.24124087    0.22480259    0.21412241    0.22217988
T16            0.23615706    0.23938224    0.24986592    0.00000000    0.02866496    0.06270905    0.13196722    0.23731714    0.21178559    0.20057971    0.31499961    0.31793334    0.31750018    0.26053568    0.26259248    0.26259248    0.26018819    0.28665628    0.25647553    0.25832414    0.23856139    0.25043254    0.22821343    0.24177504
T6             0.22480259    0.22505371    0.23539232    0.02866496    0.00000000    0.04111262    0.11499314    0.21436983    0.19254123    0.18441039    0.30541005    0.30830962    0.30789818    0.24865923    0.25375287    0.24474270    0.25136009    0.27433825    0.24772808    0.23783191    0.21864749    0.23007752    0.21129731    0.23032555
T17            0.23830804    0.24503390    0.25258360    0.06270905    0.04111262    0.00000000    0.12446038    0.22586563    0.20871957    0.20313247    0.31041136    0.32002606    0.31961775    0.25647553    0.25558691    0.25558691    0.26534437    0.29196618    0.26164821    0.25753546    0.23539232    0.24124087    0.23085140    0.24743822
T9             0.27959465    0.28140569    0.29233571    0.13196722    0.11499314    0.12446038    0.00000000    0.27940814    0.25816563    0.25202989    0.35692390    0.36364213    0.36676298    0.29596378    0.31122090    0.30131828    0.30873278    0.33212711    0.30210927    0.27471053    0.25206189    0.28987213    0.26878521    0.27993479
T0             0.29964570    0.31590272    0.32817410    0.23731714    0.21436983    0.22586563    0.27940814    0.00000000    0.06303903    0.13183186    0.33579075    0.34578025    0.34532774    0.30094018    0.30383147    0.30057372    0.30459740    0.33970518    0.31041136    0.32978901    0.30873278    0.31207774    0.30007065    0.30170798
T7             0.25920866    0.29351230    0.30541005    0.21178559    0.19254123    0.20871957    0.25816563    0.06303903    0.00000000    0.10783284    0.32978901    0.33278363    0.33235382    0.27303429    0.27894766    0.27583204    0.28911987    0.32002606    0.29160803    0.29412123    0.26778392    0.27399587    0.26259248    0.27055845
T11            0.26470665    0.27822058    0.28592459    0.20057971    0.18441039    0.20313247    0.25202989    0.13183186    0.10783284    0.00000000    0.33668668    0.33278363    0.33925147    0.27433825    0.27645948    0.27334386    0.28743262    0.31081020    0.27645948    0.29733706    0.27088024    0.28665628    0.25712035    0.26502016
T18            0.23300173    0.29351230    0.31122090    0.31499961    0.30541005    0.31041136    0.35692390    0.33579075    0.32978901    0.33668668    0.00000000    0.01623167    0.01826971    0.14527960    0.13997808    0.13492724    0.14291585    0.17875764    0.14508048    0.27088024    0.24474270    0.24061745    0.21001774    0.22907998
T2             0.23266524    0.29636656    0.31414400    0.31793334    0.30830962    0.32002606    0.36364213    0.34578025    0.33278363    0.33278363    0.01623167    0.00000000    0.01008401    0.14508048    0.13979998    0.13476187    0.14016414    0.18122584    0.14745365    0.27366440    0.24743822    0.23731714    0.20973943    0.22878137
T14            0.23829155    0.29596378    0.30789818    0.31750018    0.30789818    0.31961775    0.36676298    0.34532774    0.33235382    0.33925147    0.01826971    0.01008401    0.00000000    0.14745365    0.14216166    0.13460442    0.14252277    0.18370267    0.14983491    0.27334386    0.24715866    0.23997983    0.20947044    0.22849251
T21            0.18593502    0.23997983    0.25647553    0.26053568    0.24865923    0.25647553    0.29596378    0.30094018    0.27303429    0.27433825    0.14527960    0.14508048    0.14745365    0.00000000    0.05412895    0.05194549    0.07650465    0.09947630    0.06968614    0.21603765    0.19195641    0.19320800    0.16996933    0.17714131
T10            0.19118563    0.24503390    0.25558691    0.26259248    0.25375287    0.25558691    0.31122090    0.30383147    0.27894766    0.27645948    0.13997808    0.13979998    0.14216166    0.05412895    0.00000000    0.02648433    0.06735099    0.08992743    0.06081180    0.22148059    0.19721504    0.17942473    0.16711420    0.17428544
T3             0.18843058    0.23909852    0.24959823    0.26259248    0.24474270    0.25558691    0.30131828    0.30057372    0.27583204    0.27334386    0.13492724    0.13476187    0.13460442    0.05194549    0.02648433    0.00000000    0.06511379    0.08298264    0.06066921    0.21864749    0.19449005    0.18751173    0.16448244    0.17163976
T12            0.20519338    0.26638093    0.27713104    0.26018819    0.25136009    0.26534437    0.30873278    0.30459740    0.28911987    0.28743262    0.14291585    0.14016414    0.14252277    0.07650465    0.06735099    0.06511379    0.00000000    0.10411337    0.07412330    0.22719542    0.20548031    0.20128780    0.17778203    0.18772806
T1             0.23935467    0.26226710    0.27303429    0.28665628    0.27433825    0.29196618    0.33212711    0.33970518    0.32002606    0.31081020    0.17875764    0.18122584    0.18370267    0.09947630    0.08992743    0.08298264    0.10411337    0.00000000    0.04770535    0.25587260    0.23323280    0.22093331    0.20180577    0.21489316
T13            0.20236025    0.23615706    0.24074762    0.25647553    0.24772808    0.26164821    0.30210927    0.31041136    0.29160803    0.27645948    0.14508048    0.14745365    0.14983491    0.06968614    0.06081180    0.06066921    0.07412330    0.04770535    0.00000000    0.22719542    0.20271000    0.19573173    0.16975989    0.17961919
T19            0.17410517    0.25344490    0.26717028    0.25832414    0.23783191    0.25753546    0.27471053    0.32978901    0.29412123    0.29733706    0.27088024    0.27366440    0.27334386    0.21603765    0.22148059    0.21864749    0.22719542    0.25587260    0.22719542    0.00000000    0.02646301    0.13855956    0.11950822    0.13372630
T22            0.15137407    0.23085140    0.24124087    0.23856139    0.21864749    0.23539232    0.25206189    0.30873278    0.26778392    0.27088024    0.24474270    0.24743822    0.24715866    0.19195641    0.19721504    0.19449005    0.20548031    0.23323280    0.20271000    0.02646301    0.00000000    0.11702035    0.09851256    0.11233080
T8             0.13997808    0.21462675    0.22480259    0.25043254    0.23007752    0.24124087    0.28987213    0.31207774    0.27399587    0.28665628    0.24061745    0.23731714    0.23997983    0.19320800    0.17942473    0.18751173    0.20128780    0.22093331    0.19573173    0.13855956    0.11702035    0.00000000    0.06270905    0.08038869
T15            0.12050607    0.20408916    0.21412241    0.22821343    0.21129731    0.23085140    0.26878521    0.30007065    0.26259248    0.25712035    0.21001774    0.20973943    0.20947044    0.16996933    0.16711420    0.16448244    0.17778203    0.20180577    0.16975989    0.11950822    0.09851256    0.06270905    0.00000000    0.03272618
T4             0.13476187    0.21436983    0.22217988    0.24177504    0.23032555    0.24743822    0.27993479    0.30170798    0.27055845    0.26502016    0.22907998    0.22878137    0.22849251    0.17714131    0.17428544    0.17163976    0.18772806    0.21489316    0.17961919    0.13372630    0.11233080    0.08038869    0.03272618    0.00000000

