24
T17            0.00000000    0.38209717    0.38209717    0.40398424    0.40398424    0.36700015    0.43202475    0.43202475    0.44401691    0.27365316    0.28664455    0.27023625    0.27333242    0.27333242    0.30055980    0.30635543    0.31256067    0.31256067    0.27120220    0.28027462    0.29065771    0.27677837    0.15861346    0.15108854
T16            0.38209717    0.00000000    0.00000000    0.10849736    0.09215043    0.05653644    0.14356266    0.14875771    0.16047303    0.40237625    0.42363091    0.40163307    0.39766434    0.39766434    0.44745952    0.45439306    0.48444283    0.48444283    0.40237625    0.40966632    0.40716645    0.38527615    0.39823193    0.38098936
T20            0.38209717    0.00000000    0.00000000    0.10849736    0.09215043    0.05653644    0.14356266    0.14875771    0.16047303    0.40237625    0.42363091    0.40163307    0.39766434    0.39766434    0.44745952    0.45439306    0.48444283    0.48444283    0.40237625    0.40966632    0.40716645    0.38527615    0.39823193    0.38098936
T5             0.40398424    0.10849736    0.10849736    0.00000000    0.10824513    0.06735045    0.18369855    0.18369855    0.19874344    0.37640562    0.40274039    0.39101984    0.38717326    0.38717326    0.43606708    0.44291713    0.46331904    0.46331904    0.38274363    0.38593330    0.38717326    0.36310628    0.41409342    0.39651660
T19            0.40398424    0.09215043    0.09215043    0.10824513    0.00000000    0.05418868    0.16047303    0.16577833    0.17200833    0.37781457    0.40531762    0.40138016    0.39747347    0.39747347    0.44566432    0.44430932    0.47320419    0.47320419    0.38533424    0.39235460    0.38593330    0.37302409    0.42196841    0.40805671
T21            0.36700015    0.05653644    0.05653644    0.06735045    0.05418868    0.00000000    0.13080642    0.13080642    0.14233569    0.35653781    0.38344386    0.36450024    0.36823197    0.36823197    0.41452191    0.42118187    0.44933600    0.44933600    0.36020118    0.36700015    0.36450024    0.34465953    0.38307778    0.36622678
T14            0.43202475    0.14356266    0.14356266    0.18369855    0.16047303    0.13080642    0.00000000    0.03710238    0.16509078    0.41625699    0.44658480    0.40488869    0.40090414    0.40090414    0.45359187    0.45629448    0.49078595    0.49078595    0.41219144    0.43202475    0.42948683    0.40670911    0.44436700    0.42590995
T11            0.43202475    0.14875771    0.14875771    0.18369855    0.16577833    0.13080642    0.03710238    0.00000000    0.16509078    0.39625201    0.41703648    0.39302908    0.38913759    0.38913759    0.43825771    0.44093141    0.47901739    0.47901739    0.40815869    0.42784010    0.42530217    0.40274039    0.44856922    0.42999207
T23            0.44401691    0.16047303    0.16047303    0.19874344    0.17200833    0.14233569    0.16509078    0.16509078    0.00000000    0.41328681    0.44735704    0.43458872    0.43040407    0.43040407    0.47201603    0.47918427    0.50089859    0.50089859    0.42548397    0.42884471    0.42213840    0.40398424    0.46685650    0.45203861
T9             0.27365316    0.40237625    0.40237625    0.37640562    0.37781457    0.35653781    0.41625699    0.39625201    0.41328681    0.00000000    0.02859654    0.14199050    0.14452866    0.14452866    0.21803661    0.22324172    0.21721248    0.21721248    0.13492498    0.14707976    0.14745099    0.14436171    0.30709629    0.29195350
T4             0.28664455    0.42363091    0.42363091    0.40274039    0.40531762    0.38344386    0.44658480    0.41703648    0.44735704    0.02859654    0.00000000    0.14946396    0.15203474    0.15203474    0.22938144    0.23465701    0.22268783    0.22268783    0.14488680    0.15721631    0.15762476    0.15443374    0.31748549    0.30209622
T12            0.27023625    0.40163307    0.40163307    0.39101984    0.40138016    0.36450024    0.40488869    0.39302908    0.43458872    0.14199050    0.14946396    0.00000000    0.00200401    0.00200401    0.18750679    0.19803063    0.19233162    0.19233162    0.12483339    0.13460203    0.13492498    0.12977184    0.31079593    0.30209622
T1             0.27333242    0.39766434    0.39766434    0.38717326    0.39747347    0.36823197    0.40090414    0.38913759    0.43040407    0.14452866    0.15203474    0.00200401    0.00000000    0.00000000    0.18479665    0.19527569    0.18961411    0.18961411    0.12238235    0.13210819    0.13241864    0.12729652    0.30748443    0.29881728
T8             0.27333242    0.39766434    0.39766434    0.38717326    0.39747347    0.36823197    0.40090414    0.38913759    0.43040407    0.14452866    0.15203474    0.00200401    0.00000000    0.00000000    0.18479665    0.19527569    0.18961411    0.18961411    0.12238235    0.13210819    0.13241864    0.12729652    0.30748443    0.29881728
T22            0.30055980    0.44745952    0.44745952    0.43606708    0.44566432    0.41452191    0.45359187    0.43825771    0.47201603    0.21803661    0.22938144    0.18750679    0.18479665    0.18479665    0.00000000    0.00804434    0.03280712    0.03280712    0.17428105    0.18750679    0.18251355    0.18190821    0.33375341    0.32141219
T2             0.30635543    0.45439306    0.45439306    0.44291713    0.44430932    0.42118187    0.45629448    0.44093141    0.47918427    0.22324172    0.23465701    0.19803063    0.19527569    0.19527569    0.00804434    0.00000000    0.03697497    0.03697497    0.17923431    0.19253584    0.18750679    0.18691130    0.33981461    0.32737473
T3             0.31256067    0.48444283    0.48444283    0.46331904    0.47320419    0.44933600    0.49078595    0.47901739    0.50089859    0.21721248    0.22268783    0.19233162    0.18961411    0.18961411    0.03280712    0.03697497    0.00000000    0.00000000    0.17905743    0.19233162    0.18190821    0.18404979    0.33677758    0.33037478
T6             0.31256067    0.48444283    0.48444283    0.46331904    0.47320419    0.44933600    0.49078595    0.47901739    0.50089859    0.21721248    0.22268783    0.19233162    0.18961411    0.18961411    0.03280712    0.03697497    0.00000000    0.00000000    0.17905743    0.19233162    0.18190821    0.18404979    0.33677758    0.33037478
T13            0.27120220    0.40237625    0.40237625    0.38274363    0.38533424    0.36020118    0.41219144    0.40815869    0.42548397    0.13492498    0.14488680    0.12483339    0.12238235    0.12238235    0.17428105    0.17923431    0.17905743    0.17905743    0.00000000    0.02439563    0.02442113    0.05181933    0.30635543    0.29124814
T18            0.28027462    0.40966632    0.40966632    0.38593330    0.39235460    0.36700015    0.43202475    0.42784010    0.42884471    0.14707976    0.15721631    0.13460203    0.13210819    0.13210819    0.18750679    0.19253584    0.19233162    0.19233162    0.02439563    0.00000000    0.02857191    0.06050577    0.31920575    0.30381736
T7             0.29065771    0.40716645    0.40716645    0.38717326    0.38593330    0.36450024    0.42948683    0.42530217    0.42213840    0.14745099    0.15762476    0.13492498    0.13241864    0.13241864    0.18251355    0.18750679    0.18190821    0.18190821    0.02442113    0.02857191    0.00000000    0.06060760    0.32679099    0.31120684
T15            0.27677837    0.38527615    0.38527615    0.36310628    0.37302409    0.34465953    0.40670911    0.40274039    0.40398424    0.14436171    0.15443374    0.12977184    0.12729652    0.12729652    0.18190821    0.18691130    0.18404979    0.18404979    0.05181933    0.06050577    0.06060760    0.00000000    0.29920986    0.29058847
T10            0.15861346    0.39823193    0.39823193    0.41409342    0.42196841    0.38307778    0.44436700    0.44856922    0.46685650    0.30709629    0.31748549    0.31079593    0.30748443    0.30748443    0.33375341    0.33981461    0.33677758    0.33677758    0.30635543    0.31920575    0.32679099    0.29920986    0.00000000    0.02028031
T0             0.15108854    0.38098936    0.38098936    0.39651660    0.40805671    0.36622678    0.42590995    0.42999207    0.45203861    0.29195350    0.30209622    0.30209622    0.29881728    0.29881728    0.32141219    0.32737473    0.33037478    0.33037478    0.29124814    0.30381736    0.31120684    0.29058847    0.02028031    0.00000000

