24
T9             0.00000000    0.21348477    0.17902927    0.19199795    0.22385006    0.17221713    0.21061065    0.21834544    0.20550044    0.20271757    0.20292412    0.20292412    0.20314005    0.19977276    0.19178661    0.20896854    0.27507009    0.29437000    0.22559473    0.21909664    0.22769433    0.24206836    0.24504515    0.21154498
T22            0.21348477    0.00000000    0.16095281    0.17089771    0.20073661    0.15830691    0.26054851    0.29382796    0.28537085    0.26879895    0.26915424    0.26915424    0.26879895    0.25315938    0.25044430    0.25204199    0.32775040    0.35654530    0.28913495    0.28066328    0.28384877    0.27157035    0.27786122    0.27028417
T16            0.17902927    0.16095281    0.00000000    0.01414103    0.11561824    0.13061981    0.24469080    0.25660132    0.24012396    0.25747099    0.25475134    0.25475134    0.25441220    0.24206836    0.23350941    0.23796764    0.31104293    0.34615654    0.25239235    0.24534660    0.24835023    0.24504515    0.24803978    0.23764274
T13            0.19199795    0.17089771    0.01414103    0.00000000    0.13242401    0.14271914    0.25275291    0.27109059    0.25429687    0.26952022    0.26676132    0.26676132    0.26639448    0.25376500    0.24504515    0.24969411    0.32426495    0.35285389    0.25817842    0.26020104    0.26328816    0.25986394    0.26294156    0.25239235
T11            0.22385006    0.20073661    0.11561824    0.13242401    0.00000000    0.17604594    0.29571582    0.31204101    0.30677337    0.30008817    0.29312534    0.29312534    0.29598064    0.30212688    0.29924947    0.29480739    0.35898476    0.41050051    0.30384786    0.30172550    0.30172550    0.29558915    0.29884733    0.30340035
T0             0.17221713    0.15830691    0.13061981    0.14271914    0.17604594    0.00000000    0.23203163    0.24363209    0.23565243    0.23298644    0.23324293    0.23324293    0.23298644    0.22697525    0.21865638    0.22850226    0.30340035    0.34136130    0.25475134    0.24475391    0.25074321    0.23857202    0.23033541    0.23172431
T3             0.21061065    0.26054851    0.24469080    0.25275291    0.29571582    0.23203163    0.00000000    0.12483825    0.12313754    0.16608467    0.17147181    0.17147181    0.17164509    0.16594252    0.16091608    0.15364109    0.23407226    0.25510079    0.18751816    0.17100455    0.17362267    0.18674275    0.18943855    0.16639504
T20            0.21834544    0.29382796    0.25660132    0.27109059    0.31204101    0.24363209    0.12483825    0.00000000    0.03910311    0.18711239    0.18731077    0.18731077    0.19254801    0.17362267    0.17115151    0.15892638    0.23672761    0.25475134    0.19550890    0.17874155    0.18139441    0.19468096    0.19741360    0.17676355
T4             0.20550044    0.28537085    0.24012396    0.25429687    0.30677337    0.23565243    0.12313754    0.03910311    0.00000000    0.17695089    0.17714701    0.17714701    0.18231362    0.17411067    0.17164509    0.16168904    0.23467476    0.25583056    0.19345526    0.17658503    0.17924496    0.19254801    0.19528815    0.16937192
T15            0.20271757    0.26879895    0.25747099    0.26952022    0.30008817    0.23298644    0.16608467    0.18711239    0.17695089    0.00000000    0.03274694    0.03274694    0.03272638    0.06714455    0.06497944    0.10102427    0.16937192    0.19702412    0.13947125    0.12446314    0.12690835    0.14168396    0.14420949    0.11281178
T6             0.20292412    0.26915424    0.25475134    0.26676132    0.29312534    0.23324293    0.17147181    0.18731077    0.17714701    0.03274694    0.00000000    0.00000000    0.00401105    0.07169128    0.06951808    0.10586191    0.16956424    0.20867446    0.14726801    0.12703154    0.12949483    0.14436825    0.14691308    0.11293053
T21            0.20292412    0.26915424    0.25475134    0.26676132    0.29312534    0.23324293    0.17147181    0.18731077    0.17714701    0.03274694    0.00000000    0.00000000    0.00401105    0.07169128    0.06951808    0.10586191    0.16956424    0.20867446    0.14726801    0.12703154    0.12949483    0.14436825    0.14691308    0.11293053
T17            0.20314005    0.26879895    0.25441220    0.26639448    0.29598064    0.23298644    0.17164509    0.19254801    0.18231362    0.03272638    0.00401105    0.00401105    0.00000000    0.07161907    0.06944397    0.10575279    0.16937192    0.20835813    0.14708647    0.12690835    0.12936558    0.14420949    0.14674785    0.11281178
T19            0.19977276    0.25315938    0.24206836    0.25376500    0.30212688    0.22697525    0.16594252    0.17362267    0.17411067    0.06714455    0.07169128    0.07169128    0.07161907    0.00000000    0.01008403    0.09859175    0.17982836    0.19119246    0.13431659    0.11951079    0.12192645    0.13903321    0.14153973    0.10555714
T5             0.19178661    0.25044430    0.23350941    0.24504515    0.29924947    0.21865638    0.16091608    0.17115151    0.17164509    0.06497944    0.06951808    0.06951808    0.06944397    0.01008403    0.00000000    0.09634007    0.17201778    0.18868918    0.12703154    0.11480022    0.11719849    0.13418306    0.13667087    0.09859175
T7             0.20896854    0.25204199    0.23796764    0.24969411    0.29480739    0.22850226    0.15364109    0.15892638    0.16168904    0.10102427    0.10586191    0.10586191    0.10575279    0.09859175    0.09634007    0.00000000    0.17801888    0.19508578    0.12497894    0.10792699    0.11030813    0.11982685    0.12226016    0.09418464
T8             0.27507009    0.32775040    0.31104293    0.32426495    0.35898476    0.30340035    0.23407226    0.23672761    0.23467476    0.16937192    0.16956424    0.16956424    0.16937192    0.17982836    0.17201778    0.17801888    0.00000000    0.18511182    0.20463080    0.19597775    0.19597775    0.19622580    0.19622580    0.18049098
T1             0.29437000    0.35654530    0.34615654    0.35285389    0.41050051    0.34136130    0.25510079    0.25475134    0.25583056    0.19702412    0.20867446    0.20867446    0.20835813    0.19119246    0.18868918    0.19508578    0.18511182    0.00000000    0.21091685    0.19927667    0.20491153    0.20645207    0.21961445    0.19199795
T14            0.22559473    0.28913495    0.25239235    0.25817842    0.30384786    0.25475134    0.18751816    0.19550890    0.19345526    0.13947125    0.14726801    0.14726801    0.14708647    0.13431659    0.12703154    0.12497894    0.20463080    0.21091685    0.00000000    0.10597853    0.10837108    0.11821088    0.12066813    0.09226551
T23            0.21909664    0.28066328    0.24534660    0.26020104    0.30172550    0.24475391    0.17100455    0.17874155    0.17658503    0.12446314    0.12703154    0.12703154    0.12690835    0.11951079    0.11480022    0.10792699    0.19597775    0.19927667    0.10597853    0.00000000    0.01821971    0.07363265    0.07587491    0.05835655
T12            0.22769433    0.28384877    0.24835023    0.26328816    0.30172550    0.25074321    0.17362267    0.18139441    0.17924496    0.12690835    0.12949483    0.12949483    0.12936558    0.12192645    0.11719849    0.11030813    0.19597775    0.20491153    0.10837108    0.01821971    0.00000000    0.07587491    0.07812728    0.06055444
T10            0.24206836    0.27157035    0.24504515    0.25986394    0.29558915    0.23857202    0.18674275    0.19468096    0.19254801    0.14168396    0.14436825    0.14436825    0.14420949    0.13903321    0.13418306    0.11982685    0.19622580    0.20645207    0.11821088    0.07363265    0.07587491    0.00000000    0.01413379    0.07387144
T2             0.24504515    0.27786122    0.24803978    0.26294156    0.29884733    0.23033541    0.18943855    0.19741360    0.19528815    0.14420949    0.14691308    0.14691308    0.14674785    0.14153973    0.13667087    0.12226016    0.19622580    0.21961445    0.12066813    0.07587491    0.07812728    0.01413379    0.00000000    0.07613402
T18            0.21154498    0.27028417    0.23764274    0.25239235    0.30340035    0.23172431    0.16639504    0.17676355    0.16937192    0.11281178    0.11293053    0.11293053    0.11281178    0.10555714    0.09859175    0.09418464    0.18049098    0.19199795    0.09226551    0.05835655    0.06055444    0.07387144    0.07613402    0.00000000

