24
T15            0.00000000    0.22186085    0.24430823    0.26673847    0.24164041    0.26436827    0.22969935    0.23633432    0.22479345    0.22092706    0.21488753    0.22092706    0.13762340    0.14527668    0.15241606    0.14983205    0.17018358    0.15089356    0.14507767    0.17531345    0.13008550    0.13210852    0.20973391    0.16204993
T2             0.22186085    0.00000000    0.11064343    0.29881922    0.26949703    0.29963425    0.26637196    0.27026026    0.26436827    0.25103308    0.26292001    0.25711228    0.23201460    0.23794948    0.23465746    0.23700537    0.25779833    0.21803684    0.22296084    0.25678486    0.22035209    0.22242687    0.28591503    0.23588598
T9             0.24430823    0.11064343    0.00000000    0.33162047    0.30094245    0.29881922    0.29434156    0.29853803    0.29238562    0.26877640    0.28101162    0.29107350    0.25237178    0.25237178    0.25507992    0.26362314    0.28219637    0.25003486    0.24295791    0.26913138    0.23497323    0.23700537    0.30209799    0.25013709
T11            0.26673847    0.29881922    0.33162047    0.00000000    0.07858725    0.27398712    0.22324232    0.22675812    0.21203849    0.20848333    0.21106259    0.21695822    0.26949703    0.27580638    0.28500602    0.29065841    0.28948025    0.27026026    0.26292001    0.29232550    0.25406344    0.25616136    0.33761822    0.28591503
T12            0.24164041    0.26949703    0.30094245    0.07858725    0.00000000    0.23671053    0.19899940    0.20235471    0.18319825    0.18522426    0.18772396    0.18794909    0.24128703    0.25040598    0.25929455    0.26475654    0.26987333    0.24810141    0.24698602    0.27580638    0.22644891    0.23435152    0.31005946    0.26017983
T7             0.26436827    0.29963425    0.29881922    0.27398712    0.23671053    0.00000000    0.15925726    0.16224683    0.15203497    0.15666655    0.16429242    0.14139806    0.26949703    0.27264175    0.26843211    0.26843211    0.29434156    0.26399047    0.26601605    0.28345129    0.25103308    0.25920093    0.34466076    0.28027662
T19            0.22969935    0.26637196    0.29434156    0.22324232    0.19899940    0.15925726    0.00000000    0.00804434    0.03064581    0.04756757    0.08280703    0.10371256    0.21258296    0.22063480    0.22035209    0.22557924    0.24361306    0.22707694    0.22614934    0.25406344    0.20920558    0.21129236    0.28702860    0.23615080
T23            0.23633432    0.27026026    0.29853803    0.22675812    0.20235471    0.16224683    0.00804434    0.00000000    0.03069741    0.04549277    0.08298182    0.10636949    0.21029947    0.21833023    0.21803684    0.22324232    0.24128703    0.23071078    0.22969935    0.25779833    0.21258296    0.21462129    0.29107350    0.23966916
T5             0.22479345    0.26436827    0.29238562    0.21203849    0.18319825    0.15203497    0.03064581    0.03069741    0.00000000    0.04330566    0.08078101    0.09461031    0.20207309    0.21001205    0.21544834    0.22063480    0.23265798    0.21346975    0.22414434    0.25202175    0.20717109    0.20920558    0.29149975    0.23700537
T20            0.22092706    0.25103308    0.26877640    0.20848333    0.18522426    0.15666655    0.04756757    0.04549277    0.04330566    0.00000000    0.07598871    0.09662020    0.20408406    0.21203849    0.21747848    0.21695822    0.23465746    0.21833023    0.21747848    0.24502691    0.20080191    0.20291218    0.28063862    0.22504802
T17            0.21488753    0.26292001    0.28101162    0.21106259    0.18772396    0.16429242    0.08280703    0.08298182    0.08078101    0.07598871    0.00000000    0.10836758    0.20664018    0.21462129    0.22296084    0.22242687    0.23201460    0.22092706    0.21436453    0.24176848    0.20335307    0.20270575    0.26777575    0.23297048
T18            0.22092706    0.25711228    0.29107350    0.21695822    0.18794909    0.14139806    0.10371256    0.10636949    0.09461031    0.09662020    0.10836758    0.00000000    0.20638863    0.21488753    0.23201460    0.22848627    0.24361306    0.20973391    0.21747848    0.24502691    0.19803179    0.20014971    0.27504618    0.22793825
T13            0.13762340    0.23201460    0.25237178    0.26949703    0.24128703    0.26949703    0.21258296    0.21029947    0.20207309    0.20408406    0.20664018    0.20638863    0.00000000    0.01210941    0.04554056    0.04554056    0.05616744    0.04559492    0.09723754    0.12544254    0.09976937    0.09933851    0.16266576    0.12050419
T10            0.14527668    0.23794948    0.25237178    0.27580638    0.25040598    0.27264175    0.22063480    0.21833023    0.21001205    0.21203849    0.21462129    0.21488753    0.01210941    0.00000000    0.04987899    0.04987899    0.06055345    0.04776412    0.10201088    0.13043015    0.10457713    0.10411185    0.16797091    0.12050419
T3             0.15241606    0.23465746    0.25507992    0.28500602    0.25929455    0.26843211    0.22035209    0.21803684    0.21544834    0.21747848    0.22296084    0.23201460    0.04554056    0.04987899    0.00000000    0.02029399    0.05621206    0.06968549    0.12100479    0.15023241    0.12617443    0.12561403    0.19449412    0.15023241
T4             0.14983205    0.23700537    0.26362314    0.29065841    0.26475654    0.26843211    0.22557924    0.22324232    0.22063480    0.21695822    0.22242687    0.22848627    0.04554056    0.04987899    0.02029399    0.00000000    0.05621206    0.07194794    0.11363359    0.14507767    0.12118681    0.12066346    0.19170856    0.14252010
T21            0.17018358    0.25779833    0.28219637    0.28948025    0.26987333    0.29434156    0.24361306    0.24128703    0.23265798    0.23465746    0.23201460    0.24361306    0.05616744    0.06055345    0.05621206    0.05621206    0.00000000    0.08518973    0.13509812    0.16224683    0.14035538    0.13727226    0.19647072    0.15962899
T6             0.15089356    0.21803684    0.25003486    0.27026026    0.24810141    0.26399047    0.22707694    0.23071078    0.21346975    0.21833023    0.22092706    0.20973391    0.04559492    0.04776412    0.06968549    0.07194794    0.08518973    0.00000000    0.11206405    0.14098438    0.10735680    0.10683023    0.17655989    0.13333109
T8             0.14507767    0.22296084    0.24295791    0.26292001    0.24698602    0.26601605    0.22614934    0.22969935    0.22414434    0.21747848    0.21436453    0.21747848    0.09723754    0.10201088    0.12100479    0.11363359    0.13509812    0.11206405    0.00000000    0.04120089    0.07176893    0.07379966    0.14183044    0.09177316
T22            0.17531345    0.25678486    0.26913138    0.29232550    0.27580638    0.28345129    0.25406344    0.25779833    0.25202175    0.24502691    0.24176848    0.24502691    0.12544254    0.13043015    0.15023241    0.14507767    0.16224683    0.14098438    0.04120089    0.00000000    0.10359424    0.10564809    0.17713774    0.12202572
T16            0.13008550    0.22035209    0.23497323    0.25406344    0.22644891    0.25103308    0.20920558    0.21258296    0.20717109    0.20080191    0.20335307    0.19803179    0.09976937    0.10457713    0.12617443    0.12118681    0.14035538    0.10735680    0.07176893    0.10359424    0.00000000    0.01414098    0.13727226    0.08494397
T1             0.13210852    0.22242687    0.23700537    0.25616136    0.23435152    0.25920093    0.21129236    0.21462129    0.20920558    0.20291218    0.20270575    0.20014971    0.09933851    0.10411185    0.12561403    0.12066346    0.13727226    0.10683023    0.07379966    0.10564809    0.01414098    0.00000000    0.13931152    0.08704120
T14            0.20973391    0.28591503    0.30209799    0.33761822    0.31005946    0.34466076    0.28702860    0.29107350    0.29149975    0.28063862    0.26777575    0.27504618    0.16266576    0.16797091    0.19449412    0.19170856    0.19647072    0.17655989    0.14183044    0.17713774    0.13727226    0.13931152    0.00000000    0.15908399
T0             0.16204993    0.23588598    0.25013709    0.28591503    0.26017983    0.28027662    0.23615080    0.23966916    0.23700537    0.22504802    0.23297048    0.22793825    0.12050419    0.12050419    0.15023241    0.14252010    0.15962899    0.13333109    0.09177316    0.12202572    0.08494397    0.08704120    0.15908399    0.00000000

