24
T13            0.00000000    0.33667878    0.20774196    0.18795105    0.34445301    0.33795847    0.33578282    0.33880236    0.22217656    0.22768121    0.25042829    0.25616436    0.23141324    0.19023437    0.20103991    0.19275198    0.21230866    0.20920791    0.14252149    0.13762472    0.12992587    0.14436318    0.14453005    0.14436318
T4             0.33667878    0.00000000    0.26399494    0.25745398    0.43152529    0.43212861    0.42596801    0.42534950    0.34227495    0.34977120    0.38100049    0.37672577    0.33367301    0.30789165    0.32427365    0.31163676    0.33461991    0.30210303    0.33321821    0.34064249    0.32724288    0.32476648    0.34227495    0.33837405
T3             0.20774196    0.26399494    0.00000000    0.09723834    0.30499152    0.29882403    0.30670980    0.30960766    0.20973657    0.21287221    0.24431244    0.25310698    0.20519065    0.17285938    0.18894096    0.18072114    0.18344609    0.17825056    0.18096810    0.18671861    0.18370050    0.19093264    0.19118328    0.18818523
T6             0.18795105    0.25745398    0.09723834    0.00000000    0.29481785    0.28875491    0.29636060    0.29922609    0.21230866    0.21894878    0.23795313    0.24967801    0.20774196    0.18618598    0.19982340    0.19144281    0.19198847    0.18344609    0.16205137    0.16224838    0.16467617    0.17713926    0.17467020    0.17447246
T20            0.34445301    0.43152529    0.30499152    0.29481785    0.00000000    0.00401104    0.05200064    0.05412877    0.30582746    0.31207108    0.34875669    0.35181188    0.29025940    0.26913556    0.27821536    0.26878034    0.27190561    0.29150546    0.32813380    0.32514832    0.31151952    0.34020183    0.32439706    0.33678853
T1             0.33795847    0.43212861    0.29882403    0.28875491    0.00401104    0.00000000    0.04770521    0.04982195    0.29963960    0.30582746    0.34215512    0.34518484    0.28421131    0.26327033    0.27227062    0.26292380    0.26602003    0.28542774    0.32179230    0.31883043    0.30534203    0.33376399    0.31809912    0.33038530
T12            0.33578282    0.42596801    0.30670980    0.29636060    0.05200064    0.04770521    0.00000000    0.02238863    0.30094862    0.30050089    0.34737829    0.35042155    0.27264637    0.26437297    0.27026514    0.25544366    0.26712021    0.28439530    0.32978142    0.32679935    0.31626580    0.33152396    0.32514832    0.33152396
T14            0.33880236    0.42534950    0.30960766    0.29922609    0.05412877    0.04982195    0.02238863    0.00000000    0.30050089    0.30337613    0.35042155    0.35347751    0.27542547    0.26712021    0.26674291    0.26362738    0.26987798    0.28720318    0.33277588    0.32978142    0.31921443    0.33453347    0.32813380    0.33453347
T18            0.22217656    0.34227495    0.20973657    0.21230866    0.30582746    0.29963960    0.30094862    0.30050089    0.00000000    0.01822273    0.07185534    0.07630451    0.12992587    0.11077218    0.12281054    0.11547519    0.11090778    0.12544366    0.20569172    0.20871668    0.20335498    0.22217656    0.22768121    0.22743160
T7             0.22768121    0.34977120    0.21287221    0.21894878    0.31207108    0.30582746    0.30050089    0.30337613    0.01822273    0.00000000    0.07422112    0.07868930    0.13762472    0.12066452    0.13043142    0.12296831    0.12544366    0.13566624    0.21388147    0.21696045    0.21153375    0.22768121    0.23615330    0.23588828
T9             0.25042829    0.38100049    0.24431244    0.23795313    0.34875669    0.34215512    0.34737829    0.35042155    0.07185534    0.07422112    0.00000000    0.01623165    0.17902097    0.16896809    0.17411252    0.16602564    0.15806750    0.16896809    0.23909467    0.24234598    0.23084784    0.24445766    0.25616436    0.25586812
T0             0.25616436    0.37672577    0.25310698    0.24967801    0.35181188    0.34518484    0.35042155    0.35347751    0.07630451    0.07868930    0.01623165    0.00000000    0.18423541    0.16870675    0.17384495    0.16577982    0.15784274    0.17957737    0.24473865    0.24802410    0.23937841    0.25013976    0.26194766    0.26164351
T21            0.23141324    0.33367301    0.20519065    0.20774196    0.29025940    0.28421131    0.27264637    0.27542547    0.12992587    0.13762472    0.17902097    0.18423541    0.00000000    0.07387016    0.08519011    0.08060282    0.07832487    0.09696950    0.22035480    0.22938486    0.22615235    0.21931924    0.22820997    0.22505031
T23            0.19023437    0.30789165    0.17285938    0.18618598    0.26913556    0.26327033    0.26437297    0.26712021    0.11077218    0.12066452    0.16896809    0.16870675    0.07387016    0.00000000    0.03697507    0.03274668    0.05852447    0.07185534    0.19572923    0.20153957    0.19849947    0.20035948    0.20614844    0.20591540
T19            0.20103991    0.32427365    0.18894096    0.19982340    0.27821536    0.27227062    0.27026514    0.26674291    0.12281054    0.13043142    0.17411252    0.17384495    0.08519011    0.03697507    0.00000000    0.01617460    0.06735071    0.07858767    0.19826197    0.20128516    0.19826197    0.18691430    0.20591540    0.20569172
T15            0.19275198    0.31163676    0.18072114    0.19144281    0.26878034    0.26292380    0.25544366    0.26362738    0.11547519    0.12296831    0.16602564    0.16577982    0.08060282    0.03274668    0.01617460    0.00000000    0.06288632    0.07176924    0.19001959    0.19297425    0.19001959    0.18691430    0.19760451    0.19740380
T8             0.21230866    0.33461991    0.18344609    0.19198847    0.27190561    0.26602003    0.26712021    0.26987798    0.11090778    0.12544366    0.15806750    0.15784274    0.07832487    0.05852447    0.06735071    0.06288632    0.00000000    0.09016255    0.20434874    0.20745326    0.20434874    0.20335498    0.21204095    0.21462372
T11            0.20920791    0.30210303    0.17825056    0.18344609    0.29150546    0.28542774    0.28439530    0.28720318    0.12544366    0.13566624    0.16896809    0.17957737    0.09696950    0.07185534    0.07858767    0.07176924    0.09016255    0.00000000    0.20408645    0.20717378    0.20408645    0.20591540    0.20946757    0.20920791
T22            0.14252149    0.33321821    0.18096810    0.16205137    0.32813380    0.32179230    0.32978142    0.33277588    0.20569172    0.21388147    0.23909467    0.24473865    0.22035480    0.19572923    0.19826197    0.19001959    0.20434874    0.20408645    0.00000000    0.01212483    0.03701107    0.06066898    0.06519135    0.06511353
T2             0.13762472    0.34064249    0.18671861    0.16224838    0.32514832    0.31883043    0.32679935    0.32978142    0.20871668    0.21696045    0.24234598    0.24802410    0.22938486    0.20153957    0.20128516    0.19297425    0.20745326    0.20717378    0.01212483    0.00000000    0.03280718    0.05632179    0.06081158    0.06073689
T5             0.12992587    0.32724288    0.18370050    0.16467617    0.31151952    0.30534203    0.31626580    0.31921443    0.20335498    0.21153375    0.23084784    0.23937841    0.22615235    0.19849947    0.19826197    0.19001959    0.20434874    0.20408645    0.03701107    0.03280718    0.00000000    0.05626360    0.06073689    0.06066898
T16            0.14436318    0.32476648    0.19093264    0.17713926    0.34020183    0.33376399    0.33152396    0.33453347    0.22217656    0.22768121    0.24445766    0.25013976    0.21931924    0.20035948    0.18691430    0.18691430    0.20335498    0.20591540    0.06066898    0.05632179    0.05626360    0.00000000    0.05402873    0.05827733
T10            0.14453005    0.34227495    0.19118328    0.17467020    0.32439706    0.31809912    0.32514832    0.32813380    0.22768121    0.23615330    0.25616436    0.26194766    0.22820997    0.20614844    0.20591540    0.19760451    0.21204095    0.20946757    0.06519135    0.06081158    0.06073689    0.05402873    0.00000000    0.01617354
T17            0.14436318    0.33837405    0.18818523    0.17447246    0.33678853    0.33038530    0.33152396    0.33453347    0.22743160    0.23588828    0.25586812    0.26164351    0.22505031    0.20591540    0.20569172    0.19740380    0.21462372    0.20920791    0.06511353    0.06073689    0.06066898    0.05827733    0.01617354    0.00000000

