24
T20            0.00000000    0.25701206    0.26245252    0.26460943    0.28538529    0.28079971    0.28258814    0.30053386    0.27377753    0.29101199    0.18205706    0.16579108    0.17196195    0.17141522    0.17090207    0.15640727    0.16981652    0.17334701    0.14786449    0.15262932    0.16775536    0.17657601    0.18073301    0.17090207
T9             0.25701206    0.00000000    0.04776520    0.09934308    0.13801555    0.17498090    0.17359820    0.34255101    0.28638393    0.29819852    0.29668249    0.29335862    0.29619942    0.29857961    0.30098272    0.28396831    0.29384173    0.31601073    0.29101199    0.30002864    0.31548153    0.30339735    0.32723502    0.32240574
T10            0.26245252    0.04776520    0.00000000    0.08972242    0.12512888    0.17440255    0.16246306    0.34497722    0.30553252    0.30731737    0.28588661    0.29242562    0.29526678    0.29766991    0.30009640    0.28307785    0.29288658    0.31840221    0.29005671    0.29905137    0.31445811    0.31257249    0.33318353    0.32830710
T6             0.26460943    0.09934308    0.08972242    0.00000000    0.09449601    0.15693327    0.15831116    0.32886119    0.28462759    0.29872609    0.30053411    0.30053411    0.30339735    0.30576618    0.30815772    0.29101199    0.30785717    0.32704728    0.29484110    0.30731737    0.31257249    0.30266794    0.32186426    0.31710406
T17            0.28538529    0.13801555    0.12512888    0.09449601    0.00000000    0.18574102    0.17876855    0.36272445    0.31651737    0.31824386    0.32942727    0.32590417    0.32886119    0.33127574    0.33371388    0.31601073    0.33356615    0.33537829    0.32704728    0.32942727    0.34557055    0.33654891    0.33371388    0.32886119
T1             0.28079971    0.17498090    0.17440255    0.15693327    0.18574102    0.00000000    0.05412964    0.31840221    0.31195318    0.32066265    0.31185850    0.30498182    0.30444239    0.30678893    0.30339735    0.29201115    0.30553252    0.31766815    0.30266794    0.29150610    0.30785717    0.30498182    0.33595751    0.32410107
T7             0.28258814    0.17359820    0.16246306    0.15831116    0.17876855    0.05412964    0.00000000    0.34137801    0.30553252    0.31766815    0.30239750    0.29572751    0.30191455    0.30098272    0.30098272    0.28632607    0.29288658    0.32186426    0.30678893    0.29335862    0.31788453    0.30915774    0.34025463    0.32830710
T13            0.30053386    0.34255101    0.34497722    0.32886119    0.36272445    0.31840221    0.34137801    0.00000000    0.11561966    0.13903332    0.32276109    0.31502622    0.30875837    0.30875837    0.31710323    0.30543459    0.32227915    0.32683309    0.30173041    0.30833408    0.32896413    0.31083346    0.34627528    0.33417789
T14            0.27377753    0.28638393    0.30553252    0.28462759    0.31651737    0.31195318    0.30553252    0.11561966    0.00000000    0.09461427    0.29872609    0.28210502    0.29484110    0.28490215    0.29288658    0.28258814    0.28919213    0.27706309    0.26601921    0.27239151    0.28870632    0.28117097    0.30865198    0.29717671
T15            0.29101199    0.29819852    0.30731737    0.29872609    0.31824386    0.32066265    0.31766815    0.13903332    0.09461427    0.00000000    0.30967498    0.29619942    0.30239750    0.29905137    0.30720376    0.29335862    0.29005671    0.30431764    0.28632607    0.29619942    0.30964206    0.30098272    0.32671704    0.31496398
T12            0.18205706    0.29668249    0.28588661    0.30053411    0.32942727    0.31185850    0.30239750    0.32276109    0.29872609    0.30967498    0.00000000    0.04750947    0.08052581    0.08038954    0.08254465    0.06937687    0.07613432    0.16246306    0.14727018    0.15462828    0.17555901    0.16775536    0.19598064    0.18594525
T11            0.16579108    0.29335862    0.29242562    0.30053411    0.32590417    0.30498182    0.29572751    0.31502622    0.28210502    0.29619942    0.04750947    0.00000000    0.06482821    0.06476216    0.06691734    0.05395613    0.06492216    0.14183735    0.12963285    0.13681129    0.16225719    0.15462828    0.17962630    0.16976731
T5             0.17196195    0.29619942    0.29526678    0.30339735    0.32886119    0.30444239    0.30191455    0.30875837    0.29484110    0.30239750    0.08052581    0.06482821    0.00000000    0.01620792    0.01617877    0.02236454    0.06288757    0.15963880    0.13980546    0.14708826    0.17310432    0.16004512    0.18523688    0.17532618
T2             0.17141522    0.29857961    0.29766991    0.30576618    0.33127574    0.30678893    0.30098272    0.30875837    0.28490215    0.29905137    0.08038954    0.06476216    0.01620792    0.00000000    0.01413791    0.02233491    0.06276207    0.15926594    0.13947245    0.14674888    0.17264455    0.15963880    0.18480897    0.17488637
T18            0.17090207    0.30098272    0.30009640    0.30815772    0.33371388    0.30339735    0.30098272    0.31710323    0.29288658    0.30720376    0.08254465    0.06691734    0.01617877    0.01413791    0.00000000    0.02439254    0.06487171    0.15892675    0.13917161    0.14644226    0.16732409    0.15926594    0.18441678    0.17448122
T4             0.15640727    0.28396831    0.28307785    0.29101199    0.31601073    0.29201115    0.28632607    0.30543459    0.28258814    0.29335862    0.06937687    0.05395613    0.02236454    0.02233491    0.02439254    0.00000000    0.05200152    0.14965289    0.12760456    0.12977824    0.16026076    0.14746020    0.17488637    0.16510220
T21            0.16981652    0.29384173    0.29288658    0.30785717    0.33356615    0.30553252    0.29288658    0.32227915    0.28919213    0.29005671    0.07613432    0.06492216    0.06288757    0.06276207    0.06487171    0.05200152    0.00000000    0.16004512    0.13763182    0.14489557    0.17090207    0.16313084    0.18297479    0.17310432
T0             0.17334701    0.31601073    0.31840221    0.32704728    0.33537829    0.31766815    0.32186426    0.32683309    0.27706309    0.30431764    0.16246306    0.14183735    0.15963880    0.15926594    0.15892675    0.14965289    0.16004512    0.00000000    0.05433033    0.06978268    0.11805908    0.10878473    0.14140356    0.13197101
T23            0.14786449    0.29101199    0.29005671    0.29484110    0.32704728    0.30266794    0.30678893    0.30173041    0.26601921    0.28632607    0.14727018    0.12963285    0.13980546    0.13947245    0.13917161    0.12760456    0.13763182    0.05433033    0.00000000    0.03924450    0.08992980    0.08099088    0.12214115    0.11293124
T22            0.15262932    0.30002864    0.29905137    0.30731737    0.32942727    0.29150610    0.29335862    0.30833408    0.27239151    0.29619942    0.15462828    0.13681129    0.14708826    0.14674888    0.14644226    0.12977824    0.14489557    0.06978268    0.03924450    0.00000000    0.10623551    0.09710415    0.13917161    0.12977824
T8             0.16775536    0.31548153    0.31445811    0.31257249    0.34557055    0.30785717    0.31788453    0.32896413    0.28870632    0.30964206    0.17555901    0.16225719    0.17310432    0.17264455    0.16732409    0.16026076    0.17090207    0.11805908    0.08992980    0.10623551    0.00000000    0.03910317    0.13137248    0.12202959
T16            0.17657601    0.30339735    0.31257249    0.30266794    0.33654891    0.30498182    0.30915774    0.31083346    0.28117097    0.30098272    0.16775536    0.15462828    0.16004512    0.15963880    0.15926594    0.14746020    0.16313084    0.10878473    0.08099088    0.09710415    0.03910317    0.00000000    0.12435340    0.11510499
T3             0.18073301    0.32723502    0.33318353    0.32186426    0.33371388    0.33595751    0.34025463    0.34627528    0.30865198    0.32671704    0.19598064    0.17962630    0.18523688    0.18480897    0.18441678    0.17488637    0.18297479    0.14140356    0.12214115    0.13917161    0.13137248    0.12435340    0.00000000    0.00804845
T19            0.17090207    0.32240574    0.32830710    0.31710406    0.32886119    0.32410107    0.32830710    0.33417789    0.29717671    0.31496398    0.18594525    0.16976731    0.17532618    0.17488637    0.17448122    0.16510220    0.17310432    0.13197101    0.11293124    0.12977824    0.12202959    0.11510499    0.00804845    0.00000000

