24
T15            0.00000000    0.33344310    0.35490540    0.35145570    0.35874686    0.36619876    0.37111292    0.36348006    0.35291156    0.33274983    0.33210818    0.33611817    0.34528084    0.41932741    0.42733253    0.43478453    0.39280712    0.29957382    0.30676616    0.29576005    0.30155117    0.29809300    0.29836537    0.40866209
T19            0.33344310    0.00000000    0.09867791    0.08710221    0.08982304    0.10359895    0.10825044    0.10359895    0.10122899    0.07169202    0.07605938    0.06944464    0.08052655    0.15722789    0.14727149    0.16004647    0.14528731    0.21003330    0.20491868    0.20436595    0.22796130    0.22533146    0.24207692    0.33884999
T23            0.35490540    0.09867791    0.00000000    0.05189768    0.10319975    0.11961005    0.12435571    0.11961005    0.11720011    0.10102559    0.10555850    0.09867791    0.10077661    0.20155621    0.19371073    0.20182005    0.16997920    0.22010098    0.21490892    0.21673292    0.23540996    0.23274721    0.25260424    0.37475109
T11            0.35145570    0.08710221    0.05189768    0.00000000    0.09851539    0.10767495    0.11233446    0.10767495    0.10297961    0.09170036    0.09618959    0.08939600    0.09381531    0.18502172    0.18004538    0.18796524    0.15426793    0.20037502    0.19529353    0.20509320    0.22920171    0.22655194    0.24031357    0.34982334
T21            0.35874686    0.08982304    0.10319975    0.09851539    0.00000000    0.09634121    0.10093508    0.10102559    0.09170036    0.09897749    0.09642818    0.09662427    0.09867791    0.19396930    0.18346025    0.18594721    0.16798489    0.22617343    0.22385835    0.22851021    0.24152184    0.23884355    0.25288113    0.36994616
T1             0.36619876    0.10359895    0.11961005    0.10767495    0.09634121    0.00000000    0.01617364    0.02444365    0.04334299    0.10359895    0.11293236    0.10598021    0.10802820    0.20266632    0.18371495    0.20013289    0.17630977    0.23468359    0.22940696    0.22823085    0.25016457    0.24745840    0.26472988    0.38802925
T9             0.37111292    0.10825044    0.12435571    0.11233446    0.10093508    0.01617364    0.00000000    0.02855405    0.04760767    0.10348791    0.11764513    0.11064884    0.11270232    0.21092482    0.18895620    0.20550805    0.17876956    0.24031379    0.23499991    0.23379396    0.25589413    0.25316851    0.27058277    0.39124749
T16            0.36348006    0.10359895    0.11961005    0.10767495    0.10102559    0.02444365    0.02855405    0.00000000    0.04334299    0.09887022    0.10813555    0.10122899    0.10328828    0.20550805    0.18922607    0.20013289    0.17630977    0.22588305    0.22065775    0.22533146    0.24717858    0.24448130    0.26167077    0.38425355
T2             0.35291156    0.10122899    0.11720011    0.10297961    0.09170036    0.04334299    0.04760767    0.04334299    0.00000000    0.10122899    0.10575430    0.10359895    0.10093508    0.20550805    0.18922607    0.20013289    0.16555409    0.22298365    0.21205913    0.21673292    0.23832623    0.23565500    0.25260424    0.37678670
T4             0.33274983    0.07169202    0.10102559    0.09170036    0.09897749    0.10359895    0.10348791    0.09887022    0.10122899    0.00000000    0.01620793    0.01010144    0.04565692    0.18397837    0.17359906    0.18150250    0.14786515    0.21576567    0.21061838    0.21518507    0.22507031    0.22244881    0.23034277    0.35646573
T6             0.33210818    0.07605938    0.10555850    0.09618959    0.09642818    0.11293236    0.11764513    0.10813555    0.10575430    0.01620793    0.00000000    0.01415450    0.04988016    0.18895620    0.17851245    0.18646291    0.15263032    0.22678323    0.22156459    0.22617343    0.24207692    0.23940144    0.24745840    0.36994616
T0             0.33611817    0.06944464    0.09867791    0.08939600    0.09662427    0.10598021    0.11064884    0.10122899    0.10359895    0.01010144    0.01415450    0.00000000    0.04349228    0.18123793    0.17090299    0.17605149    0.14017118    0.21865672    0.21349280    0.21805946    0.23379396    0.23114716    0.23911744    0.35289254
T5             0.34528084    0.08052655    0.10077661    0.09381531    0.09867791    0.10802820    0.11270232    0.10328828    0.10093508    0.04565692    0.04988016    0.04349228    0.00000000    0.18869516    0.17826396    0.18620067    0.15242718    0.21490892    0.20975470    0.21438507    0.22434580    0.22171955    0.23540996    0.35956103
T7             0.41932741    0.15722789    0.20155621    0.18502172    0.19396930    0.20266632    0.21092482    0.20550805    0.20550805    0.18397837    0.18895620    0.18123793    0.18869516    0.00000000    0.05200169    0.05852580    0.14272270    0.29527149    0.28633007    0.30098830    0.29847023    0.29560259    0.31753547    0.41598235
T12            0.42733253    0.14727149    0.19371073    0.18004538    0.18346025    0.18371495    0.18895620    0.18922607    0.18922607    0.17359906    0.17851245    0.17090299    0.17826396    0.05200169    0.00000000    0.02234665    0.12793824    0.28308196    0.27749616    0.28871124    0.29926372    0.29639765    0.31503490    0.40800899
T13            0.43478453    0.16004647    0.20182005    0.18796524    0.18594721    0.20013289    0.20550805    0.20013289    0.20013289    0.18150250    0.18646291    0.17605149    0.18620067    0.05852580    0.02234665    0.00000000    0.13782036    0.28589112    0.28028367    0.29154241    0.30544295    0.30255456    0.32136046    0.40342403
T22            0.39280712    0.14528731    0.16997920    0.15426793    0.16798489    0.17630977    0.17876956    0.17630977    0.16555409    0.14786515    0.15263032    0.14017118    0.15242718    0.14272270    0.12793824    0.13782036    0.00000000    0.29433821    0.28868888    0.29336190    0.29723827    0.29438473    0.30630311    0.39691220
T20            0.29957382    0.21003330    0.22010098    0.20037502    0.22617343    0.23468359    0.24031379    0.22588305    0.22298365    0.21576567    0.22678323    0.21865672    0.21490892    0.29527149    0.28308196    0.28589112    0.29433821    0.00000000    0.01210947    0.06708985    0.12963440    0.12949713    0.14183921    0.30214125
T17            0.30676616    0.20491868    0.21490892    0.19529353    0.22385835    0.22940696    0.23499991    0.22065775    0.21205913    0.21061838    0.22156459    0.21349280    0.20975470    0.28633007    0.27749616    0.28028367    0.28868888    0.01210947    0.00000000    0.06720733    0.12993261    0.12977957    0.14216847    0.30297942
T18            0.29576005    0.20436595    0.21673292    0.20509320    0.22851021    0.22823085    0.23379396    0.22533146    0.21673292    0.21518507    0.22617343    0.21805946    0.21438507    0.30098830    0.28871124    0.29154241    0.29336190    0.06708985    0.06720733    0.00000000    0.12936778    0.12924638    0.13654157    0.32228694
T8             0.30155117    0.22796130    0.23540996    0.22920171    0.24152184    0.25016457    0.25589413    0.24717858    0.23832623    0.22507031    0.24207692    0.23379396    0.22434580    0.29847023    0.29926372    0.30544295    0.29723827    0.12963440    0.12993261    0.12936778    0.00000000    0.00401105    0.03914388    0.29990549
T3             0.29809300    0.22533146    0.23274721    0.22655194    0.23884355    0.24745840    0.25316851    0.24448130    0.23565500    0.22244881    0.23940144    0.23114716    0.22171955    0.29560259    0.29639765    0.30255456    0.29438473    0.12949713    0.12977957    0.12924638    0.00401105    0.00000000    0.03910332    0.29957382
T14            0.29836537    0.24207692    0.25260424    0.24031357    0.25288113    0.26472988    0.27058277    0.26167077    0.25260424    0.23034277    0.24745840    0.23911744    0.23540996    0.31753547    0.31503490    0.32136046    0.30630311    0.14183921    0.14216847    0.13654157    0.03914388    0.03910332    0.00000000    0.31554813
T10            0.40866209    0.33884999    0.37475109    0.34982334    0.36994616    0.38802925    0.39124749    0.38425355    0.37678670    0.35646573    0.36994616    0.35289254    0.35956103    0.41598235    0.40800899    0.40342403    0.39691220    0.30214125    0.30297942    0.32228694    0.29990549    0.29957382    0.31554813    0.00000000

