24
T9             0.00000000    0.43346537    0.43967544    0.46116186    0.45692171    0.47614981    0.47052907    0.44536076    0.42595094    0.42104004    0.41919984    0.43101802    0.45771462    0.43502037    0.42935025    0.46124542    0.36530239    0.35768028    0.30830031    0.29605849    0.30215274    0.29288280    0.28918330    0.30099912
T20            0.43346537    0.00000000    0.04554148    0.07432860    0.07640331    0.07859014    0.07859014    0.09461456    0.13745273    0.12963439    0.13242672    0.13242672    0.15186696    0.12745077    0.12703374    0.14406174    0.29872635    0.27284407    0.24545723    0.22221627    0.22481902    0.21929139    0.23636296    0.23235752
T14            0.43967544    0.04554148    0.00000000    0.08318834    0.08528926    0.08289380    0.08289380    0.10134182    0.14453828    0.13418547    0.13696111    0.13696111    0.15138129    0.13197277    0.13159041    0.14617193    0.29053108    0.26205506    0.24737855    0.23005310    0.23268459    0.22710233    0.24433800    0.24031365
T19            0.46116186    0.07432860    0.08318834    0.00000000    0.02660361    0.06312690    0.06312690    0.12051106    0.16026170    0.15462990    0.15242706    0.15763648    0.18321415    0.15242706    0.14675093    0.16732603    0.32885070    0.30498225    0.27702577    0.24934060    0.25514181    0.24934060    0.26645165    0.26205506
T7             0.45692171    0.07640331    0.08528926    0.02660361    0.00000000    0.06073833    0.06519305    0.12266637    0.17310551    0.15685238    0.16510358    0.16510358    0.19094747    0.15502498    0.14930240    0.16997911    0.32410207    0.29717860    0.27284407    0.24545723    0.25121143    0.24545723    0.26245498    0.25818931
T8             0.47614981    0.07859014    0.08289380    0.06312690    0.06073833    0.00000000    0.06288783    0.12745077    0.17242964    0.16152097    0.16712345    0.16712345    0.18481260    0.15667720    0.15393927    0.17164916    0.32352577    0.29668495    0.28352073    0.25276356    0.25855882    0.25276356    0.26753873    0.26329906
T5             0.47052907    0.07859014    0.08289380    0.06312690    0.06519305    0.06288783    0.00000000    0.12745077    0.17242964    0.16152097    0.16976950    0.16976950    0.19024865    0.15926836    0.15877327    0.17658923    0.31548476    0.29905484    0.28677941    0.25893866    0.26479167    0.25893866    0.27387031    0.26640574
T13            0.44536076    0.09461456    0.10134182    0.12051106    0.12266637    0.12745077    0.12745077    0.00000000    0.16225893    0.14898341    0.15667720    0.15667720    0.18481260    0.15409942    0.14604790    0.15835481    0.30767983    0.30144749    0.27069449    0.24666387    0.24632164    0.24364172    0.25442229    0.25346644
T12            0.42595094    0.13745273    0.14453828    0.16026170    0.17310551    0.17242964    0.17242964    0.16225893    0.00000000    0.03497073    0.09947988    0.09977480    0.13043855    0.10878497    0.10384330    0.12035921    0.31129608    0.30731874    0.28724019    0.25622209    0.25584157    0.25313457    0.27428923    0.26677282
T22            0.42104004    0.12963439    0.13418547    0.15462990    0.15685238    0.16152097    0.16152097    0.14898341    0.03497073    0.00000000    0.09449646    0.09004448    0.12021503    0.09428208    0.08954498    0.10328833    0.29668495    0.28959890    0.27346206    0.24935295    0.24901165    0.24632164    0.26091767    0.25377466
T4             0.41919984    0.13242672    0.13696111    0.15242706    0.16510358    0.16712345    0.16976950    0.15667720    0.09947988    0.09449646    0.00000000    0.00804437    0.09438562    0.06720733    0.06714513    0.08045501    0.28868801    0.29150723    0.28163424    0.25081954    0.25043772    0.24775096    0.25313457    0.25818931
T18            0.43101802    0.13242672    0.13696111    0.15763648    0.16510358    0.16712345    0.16976950    0.15667720    0.09977480    0.09004448    0.00804437    0.00000000    0.09438562    0.06720733    0.06714513    0.08045501    0.28538622    0.28819451    0.28163424    0.25081954    0.25043772    0.24775096    0.25313457    0.25818931
T21            0.45771462    0.15186696    0.15138129    0.18321415    0.19094747    0.18481260    0.19024865    0.18481260    0.13043855    0.12021503    0.09438562    0.09438562    0.00000000    0.09652254    0.09642820    0.11270236    0.28308149    0.28914934    0.29242940    0.26753873    0.26715049    0.26440278    0.26990876    0.27193621
T17            0.43502037    0.12745077    0.13197277    0.15242706    0.15502498    0.15667720    0.15926836    0.15409942    0.10878497    0.09428208    0.06720733    0.06720733    0.09652254    0.00000000    0.05840644    0.06931720    0.28677941    0.27985439    0.26793751    0.24398486    0.24364172    0.24097181    0.23733653    0.24835966
T15            0.42935025    0.12703374    0.13159041    0.14675093    0.14930240    0.15393927    0.15877327    0.14604790    0.10384330    0.08954498    0.06714513    0.06714513    0.09642820    0.05840644    0.00000000    0.04753588    0.28632957    0.29005948    0.26440278    0.24063774    0.24031365    0.23765172    0.24298556    0.25106200
T3             0.46124542    0.14406174    0.14617193    0.16732603    0.16997911    0.17164916    0.17658923    0.15835481    0.12035921    0.10328833    0.08045501    0.08045501    0.11270236    0.06931720    0.04753588    0.00000000    0.30479343    0.31205850    0.28632957    0.25855882    0.25818931    0.25547131    0.26329906    0.26536827
T10            0.36530239    0.29872635    0.29053108    0.32885070    0.32410207    0.32352577    0.31548476    0.30767983    0.31129608    0.29668495    0.28868801    0.28538622    0.28308149    0.28677941    0.28632957    0.30479343    0.00000000    0.14786497    0.18150222    0.17115483    0.17359880    0.16846603    0.16004634    0.16997911
T16            0.35768028    0.27284407    0.26205506    0.30498225    0.29717860    0.29668495    0.29905484    0.30144749    0.30731874    0.28959890    0.29150723    0.28819451    0.28914934    0.27985439    0.29005948    0.31205850    0.14786497    0.00000000    0.17903496    0.16071729    0.16579161    0.15807819    0.16071729    0.16798470
T0             0.30830031    0.24545723    0.24737855    0.27702577    0.27284407    0.28352073    0.28677941    0.27069449    0.28724019    0.27346206    0.28163424    0.28163424    0.29242940    0.26793751    0.26440278    0.28632957    0.18150222    0.17903496    0.00000000    0.03294646    0.03715842    0.03082321    0.07185740    0.07613483
T1             0.29605849    0.22221627    0.23005310    0.24934060    0.24545723    0.25276356    0.25893866    0.24666387    0.25622209    0.24935295    0.25081954    0.25081954    0.26753873    0.24398486    0.24063774    0.25855882    0.17115483    0.16071729    0.03294646    0.00000000    0.01212490    0.00603632    0.05859561    0.06504415
T23            0.30215274    0.22481902    0.23268459    0.25514181    0.25121143    0.25855882    0.26479167    0.24632164    0.25584157    0.24901165    0.25043772    0.25043772    0.26715049    0.24364172    0.24031365    0.25818931    0.17359880    0.16579161    0.03715842    0.01212490    0.00000000    0.01008405    0.06073833    0.06944464
T2             0.29288280    0.21929139    0.22710233    0.24934060    0.24545723    0.25276356    0.25893866    0.24364172    0.25313457    0.24632164    0.24775096    0.24775096    0.26440278    0.24097181    0.23765172    0.25547131    0.16846603    0.15807819    0.03082321    0.00603632    0.01008405    0.00000000    0.05638795    0.06282176
T6             0.28918330    0.23636296    0.24433800    0.26645165    0.26245498    0.26753873    0.27387031    0.25442229    0.27428923    0.26091767    0.25313457    0.25313457    0.26990876    0.23733653    0.24298556    0.26329906    0.16004634    0.16071729    0.07185740    0.05859561    0.06073833    0.05638795    0.00000000    0.05194633
T11            0.30099912    0.23235752    0.24031365    0.26205506    0.25818931    0.26329906    0.26640574    0.25346644    0.26677282    0.25377466    0.25818931    0.25818931    0.27193621    0.24835966    0.25106200    0.26536827    0.16997911    0.16798470    0.07613483    0.06504415    0.06944464    0.06282176    0.05194633    0.00000000

