24
T23            0.00000000    0.24899540    0.26568551    0.20409271    0.20947419    0.22587004    0.19275765    0.20359586    0.15378221    0.16394944    0.16901054    0.16936919    0.16151494    0.18523124    0.17962199    0.24664748    0.23498507    0.23763690    0.21231545    0.20409271    0.16853770    0.16335591    0.19145798    0.27027634
T16            0.24899540    0.00000000    0.03064598    0.13680887    0.14168209    0.16692268    0.12457892    0.13680887    0.24934688    0.27088689    0.28310697    0.26502650    0.26136109    0.29234344    0.27679672    0.32133297    0.32521500    0.32818379    0.29520032    0.28987962    0.29412934    0.28460373    0.32219237    0.34066112
T6             0.26568551    0.03064598    0.00000000    0.15409385    0.15908894    0.19046362    0.14658882    0.15926229    0.26356689    0.28558303    0.29806865    0.27960180    0.27583919    0.29770119    0.28842043    0.33369091    0.33764318    0.34066112    0.31042023    0.29924019    0.30929529    0.29955310    0.32854490    0.35238279
T10            0.20409271    0.13680887    0.15409385    0.00000000    0.00805149    0.08519115    0.08068951    0.08750073    0.19703662    0.20271377    0.22794876    0.21130128    0.20805746    0.23350411    0.22794876    0.27861237    0.26638713    0.26914678    0.23968105    0.23466911    0.23589712    0.23008238    0.26471304    0.28704619
T13            0.20947419    0.14168209    0.15908894    0.00805149    0.00000000    0.08972118    0.08519115    0.09204688    0.20232899    0.20805746    0.23350411    0.21672183    0.21344172    0.23910363    0.23350411    0.28461835    0.27228210    0.27506229    0.24534058    0.24029863    0.24150817    0.23564225    0.26747826    0.29311645
T9             0.22587004    0.16692268    0.19046362    0.08519115    0.08972118    0.00000000    0.11077394    0.12281270    0.22411299    0.23883005    0.26259861    0.24803367    0.24446714    0.26227327    0.26568551    0.32323174    0.31008088    0.31299037    0.27506229    0.26363807    0.27156290    0.26535067    0.30874131    0.32966103
T11            0.19275765    0.12457892    0.14658882    0.08068951    0.08519115    0.11077394    0.00000000    0.02245592    0.18610988    0.20805746    0.21625894    0.20826997    0.20232899    0.23910363    0.22480715    0.27506229    0.26293454    0.26568551    0.23058827    0.23142143    0.22984438    0.22411299    0.25833036    0.29311645
T14            0.20359586    0.13680887    0.15926229    0.08750073    0.09204688    0.12281270    0.02245592    0.00000000    0.19941828    0.22194147    0.22456590    0.21648556    0.21323270    0.25073700    0.23616206    0.27469821    0.26259861    0.26535067    0.23616206    0.23998483    0.23831331    0.23249858    0.26717692    0.30253028
T22            0.15378221    0.24934688    0.26356689    0.19703662    0.20232899    0.22411299    0.18610988    0.19941828    0.00000000    0.06270940    0.08273162    0.08519115    0.08273162    0.09886794    0.08962857    0.20490710    0.19395910    0.19647891    0.16245765    0.15481712    0.17393642    0.16868659    0.20015754    0.25817139
T5             0.16394944    0.27088689    0.28558303    0.20271377    0.20805746    0.23883005    0.20805746    0.22194147    0.06270940    0.00000000    0.08972118    0.08992808    0.08740626    0.10371473    0.09438345    0.21669320    0.20549583    0.20804628    0.18097292    0.17089453    0.18252093    0.17982524    0.21204776    0.27027634
T15            0.16901054    0.28310697    0.29806865    0.22794876    0.23350411    0.26259861    0.21625894    0.22456590    0.08273162    0.08972118    0.00000000    0.04128488    0.04334258    0.07650511    0.06752386    0.21347985    0.20236367    0.20490710    0.17850345    0.16531719    0.17924199    0.17924199    0.21178948    0.26988918
T0             0.16936919    0.26502650    0.27960180    0.21130128    0.21672183    0.24803367    0.20826997    0.21648556    0.08519115    0.08992808    0.04128488    0.00000000    0.01007276    0.07215573    0.06321891    0.20490710    0.19395910    0.19647891    0.17041616    0.16312398    0.17428810    0.16901054    0.20615496    0.24362587
T4             0.16151494    0.26136109    0.27583919    0.20805746    0.21344172    0.24446714    0.20232899    0.21323270    0.08273162    0.08740626    0.04334258    0.01007276    0.00000000    0.07422190    0.06527657    0.20154565    0.19069636    0.19321118    0.16731895    0.16003958    0.17658217    0.17130461    0.20849196    0.23998483
T21            0.18523124    0.29234344    0.29770119    0.23350411    0.23910363    0.26227327    0.23910363    0.25073700    0.09886794    0.10371473    0.07650511    0.07215573    0.07422190    0.00000000    0.04554097    0.22775508    0.21864349    0.22123941    0.18868547    0.17041616    0.19254450    0.18710912    0.22821800    0.26638713
T8             0.17962199    0.27679672    0.28842043    0.22794876    0.23350411    0.26568551    0.22480715    0.23616206    0.08962857    0.09438345    0.06752386    0.06321891    0.06527657    0.04554097    0.00000000    0.22447527    0.21317476    0.21575292    0.18619108    0.17065112    0.18730745    0.18191604    0.21696772    0.25746418
T2             0.24664748    0.32133297    0.33369091    0.27861237    0.28461835    0.32323174    0.27506229    0.27469821    0.20490710    0.21669320    0.21347985    0.20490710    0.20154565    0.22775508    0.22447527    0.00000000    0.02037255    0.02241919    0.05621264    0.10586086    0.23350411    0.22768935    0.25073700    0.32521500
T18            0.23498507    0.32521500    0.33764318    0.26638713    0.27228210    0.31008088    0.26293454    0.26259861    0.19395910    0.20549583    0.20236367    0.19395910    0.19069636    0.21864349    0.21317476    0.02037255    0.00000000    0.00602718    0.04756797    0.09652040    0.23378048    0.23085611    0.24503922    0.31208645
T17            0.23763690    0.32818379    0.34066112    0.26914678    0.27506229    0.31299037    0.26568551    0.26535067    0.19647891    0.20804628    0.20490710    0.19647891    0.19321118    0.22123941    0.21575292    0.02241919    0.00602718    0.00000000    0.04969066    0.09876817    0.23643705    0.23350411    0.25375859    0.32178963
T1             0.21231545    0.29520032    0.31042023    0.23968105    0.24534058    0.27506229    0.23058827    0.23616206    0.16245765    0.18097292    0.17850345    0.17041616    0.16731895    0.18868547    0.18619108    0.05621264    0.04756797    0.04969066    0.00000000    0.07613348    0.21178948    0.20615496    0.23436301    0.28826068
T12            0.20409271    0.28987962    0.29924019    0.23466911    0.24029863    0.26363807    0.23142143    0.23998483    0.15481712    0.17089453    0.16531719    0.16312398    0.16003958    0.17041616    0.17065112    0.10586086    0.09652040    0.09876817    0.07613348    0.00000000    0.20129125    0.19573501    0.22645983    0.28868768
T19            0.16853770    0.29412934    0.30929529    0.23589712    0.24150817    0.27156290    0.22984438    0.23831331    0.17393642    0.18252093    0.17924199    0.17428810    0.17658217    0.19254450    0.18730745    0.23350411    0.23378048    0.23643705    0.21178948    0.20129125    0.00000000    0.00804436    0.08060376    0.24446714
T7             0.16335591    0.28460373    0.29955310    0.23008238    0.23564225    0.26535067    0.22411299    0.23249858    0.16868659    0.17982524    0.17924199    0.16901054    0.17130461    0.18710912    0.18191604    0.22768935    0.23085611    0.23350411    0.20615496    0.19573501    0.00804436    0.00000000    0.07605810    0.23856660
T20            0.19145798    0.32219237    0.32854490    0.26471304    0.26747826    0.30874131    0.25833036    0.26717692    0.20015754    0.21204776    0.21178948    0.20615496    0.20849196    0.22821800    0.21696772    0.25073700    0.24503922    0.25375859    0.23436301    0.22645983    0.08060376    0.07605810    0.00000000    0.27056515
T3             0.27027634    0.34066112    0.35238279    0.28704619    0.29311645    0.32966103    0.29311645    0.30253028    0.25817139    0.27027634    0.26988918    0.24362587    0.23998483    0.26638713    0.25746418    0.32521500    0.31208645    0.32178963    0.28826068    0.28868768    0.24446714    0.23856660    0.27056515    0.00000000

