24
T22            0.00000000    0.32304813    0.31008028    0.37430761    0.33159305    0.33081702    0.34529509    0.33276447    0.38806429    0.17363033    0.17874965    0.17890941    0.15568905    0.17131598    0.24260837    0.24260837    0.22581542    0.11489758    0.12458561    0.11971809    0.11983181    0.11004031    0.10547333    0.10586647
T17            0.32304813    0.00000000    0.04770690    0.38730883    0.35085846    0.32985681    0.34937843    0.33932231    0.37261619    0.29357111    0.29970695    0.30589760    0.27548257    0.30435851    0.41052342    0.41052342    0.40869740    0.36373036    0.37106409    0.37477176    0.37653220    0.35342096    0.33932231    0.34122278
T2             0.31008028    0.04770690    0.00000000    0.38287223    0.34172952    0.31420630    0.33329630    0.32347003    0.35601008    0.29157378    0.29770816    0.30057240    0.25785272    0.29246432    0.40059934    0.40437680    0.39504666    0.34985879    0.34985879    0.35342096    0.36225893    0.33977841    0.32601973    0.33820498
T6             0.37430761    0.38730883    0.38287223    0.00000000    0.06952029    0.09652480    0.10565478    0.09418785    0.14914421    0.31714153    0.32008877    0.32304813    0.29451616    0.33075967    0.44210875    0.44210875    0.43227235    0.39990005    0.39990005    0.40373571    0.40431056    0.38639719    0.35024562    0.37261619
T3             0.33159305    0.35085846    0.34172952    0.06952029    0.00000000    0.06720840    0.07825478    0.06720840    0.11995331    0.27998174    0.28597358    0.28562273    0.25864485    0.29602081    0.40501158    0.40501158    0.39184634    0.35816069    0.36173551    0.36173551    0.35506430    0.34539907    0.33159305    0.34632187
T5             0.33081702    0.32985681    0.31420630    0.09652480    0.06720840    0.00000000    0.04330663    0.02857238    0.11510937    0.26199199    0.26782535    0.26751150    0.25507924    0.29201729    0.39328550    0.39328550    0.37671556    0.35726950    0.35374520    0.36081886    0.35770839    0.34452806    0.33081702    0.34539907
T1             0.34529509    0.34937843    0.33329630    0.10565478    0.07825478    0.04330663    0.00000000    0.01824802    0.13878680    0.28150104    0.28747917    0.28403821    0.26284342    0.29992355    0.41429158    0.41429158    0.39000772    0.35876474    0.35527747    0.36227653    0.35914828    0.34600622    0.33648757    0.34331919
T11            0.33276447    0.33932231    0.32347003    0.09418785    0.06720840    0.02857238    0.01824802    0.00000000    0.12679765    0.26998581    0.27587207    0.27248492    0.25161021    0.28812168    0.40056469    0.40056469    0.38383909    0.34945737    0.34600622    0.35293256    0.34984484    0.33685397    0.32674464    0.33762547
T4             0.38806429    0.37261619    0.35601008    0.14914421    0.11995331    0.11510937    0.13878680    0.12679765    0.00000000    0.31046929    0.31673026    0.31633108    0.29064592    0.33241956    0.43635274    0.43635274    0.42263075    0.40158505    0.40158505    0.40539137    0.40592126    0.38435685    0.36267250    0.38908370
T21            0.17363033    0.29357111    0.29157378    0.31714153    0.27998174    0.26199199    0.28150104    0.26998581    0.31046929    0.00000000    0.00401105    0.03694620    0.09157062    0.11260094    0.25665955    0.25665955    0.22316787    0.19450758    0.20273057    0.19997449    0.19742598    0.19197396    0.17859888    0.18462000
T9             0.17874965    0.29970695    0.29770816    0.32008877    0.28597358    0.26782535    0.28747917    0.27587207    0.31673026    0.00401105    0.00000000    0.04116970    0.09612545    0.11730202    0.25646014    0.25646014    0.22300517    0.19978388    0.20807513    0.20529605    0.20273057    0.19723355    0.18375015    0.18983575
T7             0.17890941    0.30589760    0.30057240    0.32304813    0.28562273    0.26751150    0.28403821    0.27248492    0.31633108    0.03694620    0.04116970    0.00000000    0.10070922    0.12203411    0.26561995    0.26561995    0.23453736    0.19216073    0.20038380    0.19762769    0.19742598    0.19197396    0.17596634    0.18462000
T19            0.15568905    0.27548257    0.25785272    0.29451616    0.25864485    0.25507924    0.26284342    0.25161021    0.29064592    0.09157062    0.09612545    0.10070922    0.00000000    0.05621387    0.23339046    0.23339046    0.21466815    0.17596634    0.18124538    0.17859888    0.18140320    0.17087262    0.15801432    0.16885570
T13            0.17131598    0.30435851    0.29246432    0.33075967    0.29602081    0.29201729    0.29992355    0.28812168    0.33241956    0.11260094    0.11730202    0.12203411    0.05621387    0.00000000    0.25922307    0.25922307    0.23702435    0.19488673    0.20038380    0.19216073    0.19783868    0.18963808    0.17626289    0.18774960
T12            0.24260837    0.41052342    0.40059934    0.44210875    0.40501158    0.39328550    0.41429158    0.40056469    0.43635274    0.25665955    0.25646014    0.26561995    0.23339046    0.25922307    0.00000000    0.00200402    0.04128592    0.27683754    0.27730748    0.28607410    0.28013612    0.27057405    0.25903692    0.25984772
T0             0.24260837    0.41052342    0.40437680    0.44210875    0.40501158    0.39328550    0.41429158    0.40056469    0.43635274    0.25665955    0.25646014    0.26561995    0.23339046    0.25922307    0.00200402    0.00000000    0.03914438    0.27683754    0.27730748    0.28607410    0.28013612    0.27057405    0.25903692    0.25984772
T8             0.22581542    0.40869740    0.39504666    0.43227235    0.39184634    0.37671556    0.39000772    0.38383909    0.42263075    0.22316787    0.22300517    0.23453736    0.21466815    0.23702435    0.04128592    0.03914438    0.00000000    0.25370814    0.26007785    0.26261524    0.25686988    0.25059200    0.23650809    0.24010896
T10            0.11489758    0.36373036    0.34985879    0.39990005    0.35816069    0.35726950    0.35876474    0.34945737    0.40158505    0.19450758    0.19978388    0.19216073    0.17596634    0.19488673    0.27683754    0.27683754    0.25370814    0.00000000    0.02870947    0.02870947    0.03492677    0.02650493    0.07373936    0.09887275
T14            0.12458561    0.37106409    0.34985879    0.39990005    0.36173551    0.35374520    0.35527747    0.34600622    0.40158505    0.20273057    0.20807513    0.20038380    0.18124538    0.20038380    0.27730748    0.27730748    0.26007785    0.02870947    0.00000000    0.03294717    0.04349314    0.03492677    0.08281141    0.11078104
T16            0.11971809    0.37477176    0.35342096    0.40373571    0.36173551    0.36081886    0.36227653    0.35293256    0.40539137    0.19997449    0.20529605    0.19762769    0.17859888    0.19216073    0.28607410    0.28607410    0.26261524    0.02870947    0.03294717    0.00000000    0.04349314    0.03492677    0.07825478    0.11078104
T20            0.11983181    0.37653220    0.36225893    0.40431056    0.35506430    0.35770839    0.35914828    0.34984484    0.40592126    0.19742598    0.20273057    0.19742598    0.18140320    0.19783868    0.28013612    0.28013612    0.25686988    0.03492677    0.04349314    0.04349314    0.00000000    0.03277435    0.07832859    0.10610817
T15            0.11004031    0.35342096    0.33977841    0.38639719    0.34539907    0.34452806    0.34600622    0.33685397    0.38435685    0.19197396    0.19723355    0.19197396    0.17087262    0.18963808    0.27057405    0.27057405    0.25059200    0.02650493    0.03492677    0.03492677    0.03277435    0.00000000    0.06709044    0.09409860
T18            0.10547333    0.33932231    0.32601973    0.35024562    0.33159305    0.33081702    0.33648757    0.32674464    0.36267250    0.17859888    0.18375015    0.17596634    0.15801432    0.17626289    0.25903692    0.25903692    0.23650809    0.07373936    0.08281141    0.07825478    0.07832859    0.06709044    0.00000000    0.08502307
T23            0.10586647    0.34122278    0.33820498    0.37261619    0.34632187    0.34539907    0.34331919    0.33762547    0.38908370    0.18462000    0.18983575    0.18462000    0.16885570    0.18774960    0.25984772    0.25984772    0.24010896    0.09887275    0.11078104    0.11078104    0.10610817    0.09409860    0.08502307    0.00000000

