24
T20            0.00000000    0.33459165    0.33283954    0.31671947    0.31779996    0.35064734    0.32642923    0.28403090    0.29232089    0.30863493    0.29895123    0.26056471    0.24593785    0.24332150    0.20411171    0.21414399    0.16379653    0.16379653    0.16624130    0.12658857    0.12203282    0.14140805    0.12192894    0.15862695
T4             0.33459165    0.00000000    0.02653155    0.06046677    0.15909834    0.17890661    0.16120505    0.17626023    0.19911278    0.20748784    0.20234006    0.38864677    0.37050227    0.37936699    0.32726955    0.33131224    0.35699386    0.35699386    0.37104759    0.31045894    0.31351181    0.33420995    0.32730788    0.36060712
T19            0.33283954    0.02653155    0.00000000    0.05846328    0.15463490    0.16902020    0.15153786    0.17963441    0.19704711    0.20549797    0.19762395    0.39501935    0.37651388    0.38084903    0.32946529    0.33719388    0.34830711    0.34830711    0.36224238    0.32231022    0.32594102    0.32574940    0.31889457    0.34830711
T10            0.31671947    0.06046677    0.05846328    0.00000000    0.14437487    0.15635460    0.13197531    0.15123796    0.17100917    0.18174281    0.17378238    0.37712754    0.35914749    0.35180776    0.30630387    0.30682174    0.31798850    0.31798850    0.33121666    0.29969632    0.30292277    0.31643278    0.29969632    0.33169867
T17            0.31779996    0.15909834    0.15463490    0.14437487    0.00000000    0.14168952    0.12239149    0.17165267    0.18390314    0.19762395    0.18944627    0.36736777    0.35340656    0.35904923    0.29769702    0.33131224    0.32642923    0.33328385    0.34326476    0.29641531    0.30434660    0.32231022    0.30464478    0.34374554
T13            0.35064734    0.17890661    0.16902020    0.15635460    0.14168952    0.00000000    0.04765397    0.19488314    0.20509595    0.22458284    0.21605617    0.39070294    0.37628049    0.40577604    0.35051074    0.34634032    0.36997053    0.36997053    0.37311867    0.31843555    0.33621140    0.32433832    0.33629049    0.36631768
T11            0.32642923    0.16120505    0.15153786    0.13197531    0.12239149    0.04765397    0.00000000    0.16657042    0.17642178    0.19783479    0.18963469    0.38665971    0.36847176    0.38252642    0.32889830    0.31791749    0.34423907    0.35136268    0.34728205    0.32279294    0.31158095    0.31936555    0.32183954    0.35496297
T15            0.28403090    0.17626023    0.17963441    0.15123796    0.17165267    0.19488314    0.16657042    0.00000000    0.11702427    0.12924782    0.11951297    0.32479653    0.30836065    0.31108594    0.27945605    0.27586089    0.30504703    0.31169641    0.32389230    0.27752332    0.27308227    0.29683119    0.28953389    0.30836065
T3             0.29232089    0.19911278    0.19704711    0.17100917    0.18390314    0.20509595    0.17642178    0.11702427    0.00000000    0.03904177    0.03062011    0.37160648    0.35391232    0.32624402    0.29725844    0.30343672    0.30280962    0.30932859    0.31888369    0.29130008    0.28350274    0.30098404    0.28747135    0.30350835
T1             0.30863493    0.20748784    0.20549797    0.18174281    0.19762395    0.22458284    0.19783479    0.12924782    0.03904177    0.00000000    0.02027307    0.38346855    0.36535043    0.33728645    0.31449003    0.31399506    0.31713044    0.32389230    0.32776564    0.30878562    0.29440515    0.31889457    0.30136383    0.32049992
T18            0.29895123    0.20234006    0.19762395    0.17378238    0.18944627    0.21605617    0.18963469    0.11951297    0.03062011    0.02027307    0.00000000    0.37217894    0.35443113    0.32675075    0.30434660    0.30723294    0.31045894    0.31713044    0.32686240    0.29887730    0.28465780    0.30878562    0.29164841    0.31378355
T16            0.26056471    0.38864677    0.39501935    0.37712754    0.36736777    0.39070294    0.38665971    0.32479653    0.37160648    0.38346855    0.37217894    0.00000000    0.01414106    0.19704120    0.15723319    0.16712867    0.26954758    0.26954758    0.29315573    0.24208586    0.23533944    0.25107297    0.25172491    0.26571604
T23            0.24593785    0.37050227    0.37651388    0.35914749    0.35340656    0.37628049    0.36847176    0.30836065    0.35391232    0.36535043    0.35443113    0.01414106    0.00000000    0.18346866    0.14454238    0.15427182    0.26678884    0.26678884    0.27826370    0.23352526    0.22096146    0.23941067    0.24237960    0.25076247
T5             0.24332150    0.37936699    0.38084903    0.35180776    0.35904923    0.40577604    0.38252642    0.31108594    0.32624402    0.33728645    0.32675075    0.19704120    0.18346866    0.00000000    0.06537077    0.11188899    0.26463497    0.26463497    0.27609726    0.21963779    0.22222641    0.24136775    0.23448425    0.26058323
T9             0.20411171    0.32726955    0.32946529    0.30630387    0.29769702    0.35051074    0.32889830    0.27945605    0.29725844    0.31449003    0.30434660    0.15723319    0.14454238    0.06537077    0.00000000    0.08368284    0.22292245    0.22292245    0.22778499    0.18099059    0.18296741    0.20044644    0.20328879    0.22517375
T0             0.21414399    0.33131224    0.33719388    0.30682174    0.33131224    0.34634032    0.31791749    0.27586089    0.30343672    0.31399506    0.30723294    0.16712867    0.15427182    0.11188899    0.08368284    0.00000000    0.21898232    0.21898232    0.23567632    0.19120707    0.18761145    0.21963779    0.21093731    0.23006718
T7             0.16379653    0.35699386    0.34830711    0.31798850    0.32642923    0.36997053    0.34423907    0.30504703    0.30280962    0.31713044    0.31045894    0.26954758    0.26678884    0.26463497    0.22292245    0.21898232    0.00000000    0.00401611    0.07140072    0.14692018    0.14529328    0.16026863    0.14727637    0.16169659
T8             0.16379653    0.35699386    0.34830711    0.31798850    0.33328385    0.36997053    0.35136268    0.31169641    0.30932859    0.32389230    0.31713044    0.26954758    0.26678884    0.26463497    0.22292245    0.21898232    0.00401611    0.00000000    0.07140072    0.14692018    0.14272831    0.16290815    0.14984791    0.16430844
T22            0.16624130    0.37104759    0.36224238    0.33121666    0.34326476    0.37311867    0.34728205    0.32389230    0.31888369    0.32776564    0.32686240    0.29315573    0.27826370    0.27609726    0.22778499    0.23567632    0.07140072    0.07140072    0.00000000    0.15964581    0.15284825    0.16799236    0.15223731    0.17468741
T12            0.12658857    0.31045894    0.32231022    0.29969632    0.29641531    0.31843555    0.32279294    0.27752332    0.29130008    0.30878562    0.29887730    0.24208586    0.23352526    0.21963779    0.18099059    0.19120707    0.14692018    0.14692018    0.15964581    0.00000000    0.08740925    0.12812115    0.12008104    0.15427182
T14            0.12203282    0.31351181    0.32594102    0.30292277    0.30434660    0.33621140    0.31158095    0.27308227    0.28350274    0.29440515    0.28465780    0.23533944    0.22096146    0.22222641    0.18296741    0.18761145    0.14529328    0.14272831    0.15284825    0.08740925    0.00000000    0.12580648    0.11348713    0.15046309
T21            0.14140805    0.33420995    0.32574940    0.31643278    0.32231022    0.32433832    0.31936555    0.29683119    0.30098404    0.31889457    0.30878562    0.25107297    0.23941067    0.24136775    0.20044644    0.21963779    0.16026863    0.16290815    0.16799236    0.12812115    0.12580648    0.00000000    0.06960106    0.10134389
T6             0.12192894    0.32730788    0.31889457    0.29969632    0.30464478    0.33629049    0.32183954    0.28953389    0.28747135    0.30136383    0.29164841    0.25172491    0.24237960    0.23448425    0.20328879    0.21093731    0.14727637    0.14984791    0.15223731    0.12008104    0.11348713    0.06960106    0.00000000    0.08273372
T2             0.15862695    0.36060712    0.34830711    0.33169867    0.34374554    0.36631768    0.35496297    0.30836065    0.30350835    0.32049992    0.31378355    0.26571604    0.25076247    0.26058323    0.22517375    0.23006718    0.16169659    0.16430844    0.17468741    0.15427182    0.15046309    0.10134389    0.08273372    0.00000000

