24
T23            0.00000000    0.42547469    0.42609664    0.38163902    0.30074541    0.30127738    0.28251363    0.26561910    0.27474322    0.27528480    0.38435489    0.32859435    0.34539745    0.32687287    0.29165614    0.28880866    0.27618094    0.26720759    0.27370669    0.23913092    0.26663425    0.23229170    0.23229170    0.19762721
T13            0.42547469    0.00000000    0.01822282    0.07169337    0.27307330    0.26083267    0.31756344    0.30013263    0.30344665    0.30435709    0.37947020    0.31714015    0.32687287    0.33871011    0.27438392    0.28427000    0.33770900    0.33470351    0.33422146    0.29642433    0.32094470    0.29642433    0.29642433    0.37737211
T15            0.42609664    0.01822282    0.00000000    0.06952023    0.27338450    0.26720759    0.30879542    0.29726797    0.30389613    0.30148212    0.36896101    0.30755496    0.31714015    0.32872961    0.27473891    0.28466634    0.33470351    0.32480752    0.33122809    0.29356987    0.31799877    0.30013263    0.30013263    0.37051640
T2             0.38163902    0.07169337    0.06952023    0.00000000    0.23566547    0.23566547    0.28069766    0.25785176    0.26404813    0.25858301    0.35700692    0.29642433    0.30589626    0.31742244    0.23675085    0.24600831    0.28670782    0.28388473    0.28351056    0.24238516    0.28069766    0.26058074    0.25750171    0.33722725
T19            0.30074541    0.27307330    0.27338450    0.23566547    0.00000000    0.03073362    0.19627560    0.17845677    0.18374975    0.18140281    0.26585636    0.21324953    0.23833638    0.22746211    0.18346550    0.18360304    0.22941668    0.22108451    0.22941668    0.17832408    0.20990584    0.18626361    0.18360304    0.25709030
T14            0.30127738    0.26083267    0.26720759    0.23566547    0.03073362    0.00000000    0.19897204    0.18109624    0.18641744    0.18407052    0.26888843    0.21605986    0.24127057    0.23035384    0.18346550    0.18360304    0.24396029    0.23541935    0.24101747    0.19162767    0.21826629    0.18893843    0.18626361    0.25709030
T10            0.28251363    0.31756344    0.30879542    0.28069766    0.19627560    0.19897204    0.00000000    0.05605793    0.06259456    0.06046698    0.22052983    0.16557255    0.18641744    0.17890903    0.14333148    0.16092202    0.21934820    0.21109074    0.21650584    0.17394820    0.19488625    0.17626252    0.17362997    0.22316729
T5             0.26561910    0.30013263    0.29726797    0.25785176    0.17845677    0.18109624    0.05605793    0.00000000    0.00603635    0.02854216    0.19400814    0.14094490    0.15593030    0.14870085    0.12937100    0.14169126    0.20667207    0.19852639    0.20386164    0.16187988    0.18482056    0.16152643    0.15893482    0.19926811
T1             0.27474322    0.30344665    0.30389613    0.26404813    0.18374975    0.18641744    0.06259456    0.00603635    0.00000000    0.03483188    0.20216381    0.14844716    0.16364511    0.15635659    0.13681752    0.14930819    0.21519957    0.20693423    0.21234085    0.16977794    0.19299882    0.16938300    0.16675038    0.20749091
T0             0.27528480    0.30435709    0.30148212    0.25858301    0.18140281    0.18407052    0.06046698    0.02854216    0.03483188    0.00000000    0.19978340    0.14617481    0.16396082    0.15668308    0.13432298    0.14675627    0.21004815    0.20183358    0.20720568    0.16489984    0.18571371    0.15927471    0.15668308    0.20509913
T12            0.38435489    0.37947020    0.36896101    0.35700692    0.26585636    0.26888843    0.22052983    0.19400814    0.20216381    0.19978340    0.00000000    0.07359117    0.08481935    0.08716869    0.19978340    0.22196274    0.27963881    0.27059902    0.27338450    0.23300465    0.25590817    0.24477660    0.24180748    0.31339288
T21            0.32859435    0.31714015    0.30755496    0.29642433    0.21324953    0.21605986    0.16557255    0.14094490    0.14844716    0.14617481    0.07359117    0.00000000    0.03492675    0.04128589    0.16152643    0.17183802    0.24300339    0.23439329    0.23409566    0.19852639    0.21984914    0.20641921    0.20361668    0.25894036
T22            0.34539745    0.32687287    0.31714015    0.30589626    0.23833638    0.24127057    0.18641744    0.15593030    0.16364511    0.16396082    0.08481935    0.03492675    0.00000000    0.05206473    0.17449162    0.18503051    0.26404813    0.25513314    0.25478219    0.21234085    0.23409566    0.22618914    0.22328048    0.28033365
T11            0.32687287    0.33871011    0.32872961    0.31742244    0.22746211    0.23035384    0.17890903    0.14870085    0.15635659    0.15668308    0.08716869    0.04128589    0.05206473    0.00000000    0.17243865    0.18298763    0.24366194    0.23501822    0.23470082    0.20183358    0.22038867    0.20976861    0.20693423    0.27510477
T9             0.29165614    0.27438392    0.27473891    0.23675085    0.18346550    0.18346550    0.14333148    0.12937100    0.13681752    0.13432298    0.19978340    0.16152643    0.17449162    0.17243865    0.00000000    0.04146079    0.20437931    0.19624406    0.19877413    0.16713134    0.19256130    0.15893482    0.15635659    0.23592171
T16            0.28880866    0.28427000    0.28466634    0.24600831    0.18360304    0.18360304    0.16092202    0.14169126    0.14930819    0.14675627    0.22196274    0.17183802    0.18503051    0.18298763    0.04146079    0.00000000    0.21261918    0.20437931    0.19852639    0.16957617    0.18963764    0.17183802    0.16919845    0.24209124
T8             0.27618094    0.33770900    0.33470351    0.28670782    0.22941668    0.24396029    0.21934820    0.20667207    0.21519957    0.21004815    0.27963881    0.24300339    0.26404813    0.24366194    0.20437931    0.21261918    0.00000000    0.01008410    0.02862820    0.06527956    0.11535176    0.11821855    0.11577283    0.20386164
T3             0.26720759    0.33470351    0.32480752    0.28388473    0.22108451    0.23541935    0.21109074    0.19852639    0.20693423    0.20183358    0.27059902    0.23439329    0.25513314    0.23501822    0.19624406    0.20437931    0.01008410    0.00000000    0.02238902    0.05867368    0.10825355    0.11106069    0.10864455    0.20131330
T18            0.27370669    0.33422146    0.33122809    0.28351056    0.22941668    0.24101747    0.21650584    0.20386164    0.21234085    0.20720568    0.27338450    0.23409566    0.25478219    0.23470082    0.19877413    0.19852639    0.02862820    0.02238902    0.00000000    0.06978490    0.11535176    0.12067632    0.11821855    0.21290689
T6             0.23913092    0.29642433    0.29356987    0.24238516    0.17832408    0.19162767    0.17394820    0.16187988    0.16977794    0.16489984    0.23300465    0.19852639    0.21234085    0.20183358    0.16713134    0.16957617    0.06527956    0.05867368    0.06978490    0.00000000    0.08993297    0.08330372    0.08099375    0.17827554
T7             0.26663425    0.32094470    0.31799877    0.28069766    0.20990584    0.21826629    0.19488625    0.18482056    0.19299882    0.18571371    0.25590817    0.21984914    0.23409566    0.22038867    0.19256130    0.18963764    0.11535176    0.10825355    0.11535176    0.08993297    0.00000000    0.10598343    0.10360189    0.21492246
T17            0.23229170    0.29642433    0.30013263    0.26058074    0.18626361    0.18893843    0.17626252    0.16152643    0.16938300    0.15927471    0.24477660    0.20641921    0.22618914    0.20976861    0.15893482    0.17183802    0.11821855    0.11106069    0.12067632    0.08330372    0.10598343    0.00000000    0.00200402    0.18275846
T4             0.23229170    0.29642433    0.30013263    0.25750171    0.18360304    0.18626361    0.17362997    0.15893482    0.16675038    0.15668308    0.24180748    0.20361668    0.22328048    0.20693423    0.15635659    0.16919845    0.11577283    0.10864455    0.11821855    0.08099375    0.10360189    0.00200402    0.00000000    0.18005454
T20            0.19762721    0.37737211    0.37051640    0.33722725    0.25709030    0.25709030    0.22316729    0.19926811    0.20749091    0.20509913    0.31339288    0.25894036    0.28033365    0.27510477    0.23592171    0.24209124    0.20386164    0.20131330    0.21290689    0.17827554    0.21492246    0.18275846    0.18005454    0.00000000

