24
T13            0.00000000    0.21961613    0.30594552    0.28958381    0.25927921    0.25593812    0.17945627    0.19807660    0.20596091    0.17102255    0.18158325    0.19402221    0.15365720    0.21753693    0.19374266    0.18623253    0.17512920    0.17926927    0.16248730    0.16248730    0.17470480    0.15171298    0.19204096    0.15687063
T6             0.21961613    0.00000000    0.21045605    0.18485833    0.15286428    0.15525770    0.20133350    0.21441855    0.21676478    0.20295572    0.21701255    0.21607950    0.20133350    0.24809497    0.21580745    0.21611358    0.21580745    0.23504758    0.20585957    0.20585957    0.23044246    0.19735322    0.23794669    0.20750965
T4             0.30594552    0.21045605    0.00000000    0.05229307    0.18268591    0.17962832    0.29867013    0.32041374    0.31357790    0.29647006    0.31310482    0.32144547    0.28230759    0.32830451    0.32092216    0.32251888    0.31164974    0.31649940    0.28405329    0.28405329    0.32197475    0.29061958    0.31375259    0.28315860
T0             0.28958381    0.18485833    0.05229307    0.00000000    0.17171754    0.16606678    0.27036266    0.29688733    0.29036442    0.28037231    0.29320867    0.30469957    0.26721433    0.32830451    0.30729642    0.28878833    0.29161971    0.31310482    0.28080229    0.28080229    0.30488329    0.27436317    0.30349799    0.27036266
T8             0.25927921    0.15286428    0.18268591    0.17171754    0.00000000    0.03492738    0.23769964    0.24540168    0.24183451    0.26202327    0.25351237    0.28318653    0.24603957    0.28637491    0.28230759    0.27076328    0.26721433    0.28150043    0.24743705    0.24743705    0.27671959    0.24439425    0.27202886    0.24671809
T11            0.25593812    0.15525770    0.17962832    0.16606678    0.03492738    0.00000000    0.23442105    0.24211902    0.23861640    0.26477797    0.25623664    0.28601186    0.24873063    0.29566982    0.29161971    0.26721433    0.26997270    0.28111335    0.25012462    0.25012462    0.27950818    0.24707253    0.27479529    0.24940724
T23            0.17945627    0.20133350    0.29867013    0.27036266    0.23769964    0.23442105    0.00000000    0.06931974    0.07593249    0.16380993    0.18234214    0.19198874    0.14185367    0.20952050    0.19427173    0.19513246    0.18374677    0.17470480    0.15286428    0.15286428    0.16491381    0.15244761    0.19607322    0.16558039
T2             0.19807660    0.21441855    0.32041374    0.29688733    0.24540168    0.24211902    0.06931974    0.00000000    0.02854239    0.18194480    0.19510660    0.21326839    0.16432342    0.22564084    0.21580745    0.21967233    0.20780031    0.19830659    0.18126971    0.18126971    0.19931826    0.18076381    0.22369069    0.18623253
T7             0.20596091    0.21676478    0.31357790    0.29036442    0.24183451    0.23861640    0.07593249    0.02854239    0.00000000    0.18463476    0.19510660    0.21607950    0.16958993    0.22855044    0.21007161    0.21967233    0.20495690    0.20108652    0.18401161    0.18401161    0.20212961    0.18349067    0.22072900    0.18898954
T21            0.17102255    0.20295572    0.29647006    0.28037231    0.26202327    0.26477797    0.16380993    0.18194480    0.18463476    0.00000000    0.09239491    0.10113037    0.12459207    0.19626389    0.16734876    0.16006915    0.15464930    0.16171088    0.13260942    0.13260942    0.15206378    0.12979243    0.17144722    0.13478252
T20            0.18158325    0.21701255    0.31310482    0.29320867    0.25351237    0.25623664    0.18234214    0.19510660    0.19510660    0.09239491    0.00000000    0.08078948    0.13697475    0.21322908    0.18076381    0.17068692    0.15464930    0.18029280    0.15833783    0.15833783    0.17045044    0.14748066    0.18238545    0.14491504
T15            0.19402221    0.21607950    0.32144547    0.30469957    0.28318653    0.28601186    0.19198874    0.21326839    0.21607950    0.10113037    0.08078948    0.00000000    0.14618335    0.21441855    0.19301667    0.19097807    0.17985688    0.19531975    0.17022248    0.17022248    0.17759547    0.15928655    0.20017258    0.15928655
T10            0.15365720    0.20133350    0.28230759    0.26721433    0.24603957    0.24873063    0.14185367    0.16432342    0.16958993    0.12459207    0.13697475    0.14618335    0.00000000    0.13296908    0.15787723    0.15547697    0.13512335    0.12795377    0.11855764    0.11855764    0.13260942    0.11334589    0.14359692    0.12068447
T5             0.21753693    0.24809497    0.32830451    0.32830451    0.28637491    0.29566982    0.20952050    0.22564084    0.22855044    0.19626389    0.21322908    0.21441855    0.13296908    0.00000000    0.20241329    0.22001517    0.19735322    0.20078729    0.18485833    0.18485833    0.19735322    0.17608181    0.21376470    0.17880129
T17            0.19374266    0.21580745    0.32092216    0.30729642    0.28230759    0.29161971    0.19427173    0.21580745    0.21007161    0.16734876    0.18076381    0.19301667    0.15787723    0.20241329    0.00000000    0.08551050    0.07433470    0.14473080    0.12620160    0.12620160    0.13783872    0.11593597    0.15963267    0.12795377
T16            0.18623253    0.21611358    0.32251888    0.28878833    0.27076328    0.26721433    0.19513246    0.21967233    0.21967233    0.16006915    0.17068692    0.19097807    0.15547697    0.22001517    0.08551050    0.00000000    0.03069852    0.14236254    0.12389720    0.12389720    0.13549577    0.11365321    0.15193104    0.12068447
T3             0.17512920    0.21580745    0.31164974    0.29161971    0.26721433    0.26997270    0.18374677    0.20780031    0.20495690    0.15464930    0.15464930    0.17985688    0.13512335    0.19735322    0.07433470    0.03069852    0.00000000    0.12499339    0.10684954    0.10684954    0.11822626    0.09698217    0.13400463    0.10865095
T1             0.17926927    0.23504758    0.31649940    0.31310482    0.28150043    0.28111335    0.17470480    0.19830659    0.20108652    0.16171088    0.18029280    0.19531975    0.12795377    0.20078729    0.14473080    0.14236254    0.12499339    0.00000000    0.05852855    0.05852855    0.07155739    0.05185704    0.11121897    0.11294159
T14            0.16248730    0.20585957    0.28405329    0.28080229    0.24743705    0.25012462    0.15286428    0.18126971    0.18401161    0.13260942    0.15833783    0.17022248    0.11855764    0.18485833    0.12620160    0.12389720    0.10684954    0.05852855    0.00000000    0.00000000    0.05001735    0.02660452    0.09583187    0.08562881
T22            0.16248730    0.20585957    0.28405329    0.28080229    0.24743705    0.25012462    0.15286428    0.18126971    0.18401161    0.13260942    0.15833783    0.17022248    0.11855764    0.18485833    0.12620160    0.12389720    0.10684954    0.05852855    0.00000000    0.00000000    0.05001735    0.02660452    0.09583187    0.08562881
T18            0.17470480    0.23044246    0.32197475    0.30488329    0.27671959    0.27950818    0.16491381    0.19931826    0.20212961    0.15206378    0.17045044    0.17759547    0.13260942    0.19735322    0.13783872    0.13549577    0.11822626    0.07155739    0.05001735    0.05001735    0.00000000    0.03910432    0.10945314    0.10147081
T19            0.15171298    0.19735322    0.29061958    0.27436317    0.24439425    0.24707253    0.15244761    0.18076381    0.18349067    0.12979243    0.14748066    0.15928655    0.11334589    0.17608181    0.11593597    0.11365321    0.09698217    0.05185704    0.02660452    0.02660452    0.03910432    0.00000000    0.08837449    0.07622189
T9             0.19204096    0.23794669    0.31375259    0.30349799    0.27202886    0.27479529    0.19607322    0.22369069    0.22072900    0.17144722    0.18238545    0.20017258    0.14359692    0.21376470    0.15963267    0.15193104    0.13400463    0.11121897    0.09583187    0.09583187    0.10945314    0.08837449    0.00000000    0.12410178
T12            0.15687063    0.20750965    0.28315860    0.27036266    0.24671809    0.24940724    0.16558039    0.18623253    0.18898954    0.13478252    0.14491504    0.15928655    0.12068447    0.17880129    0.12795377    0.12068447    0.10865095    0.11294159    0.08562881    0.08562881    0.10147081    0.07622189    0.12410178    0.00000000

