24
T10            0.00000000    0.33004065    0.31846985    0.31258073    0.30750533    0.29519875    0.31374117    0.30831804    0.31122907    0.29092959    0.29573265    0.36784903    0.29634119    0.30929033    0.29379053    0.30637465    0.29412532    0.32045471    0.30347083    0.27895101    0.28491474    0.27366899    0.24663241    0.24206145
T14            0.33004065    0.00000000    0.11777241    0.24165660    0.24773724    0.23564906    0.25350127    0.24239452    0.23445403    0.23973796    0.19046365    0.27328954    0.19093893    0.19648017    0.20549856    0.21317685    0.29234232    0.33069724    0.32003343    0.29557948    0.29844643    0.27748967    0.25258612    0.25407678
T3             0.31846985    0.11777241    0.00000000    0.20974411    0.20519921    0.19954830    0.21060822    0.20012395    0.19821323    0.19199640    0.16956138    0.24851241    0.17221431    0.17488140    0.17041753    0.17778545    0.24689186    0.27994025    0.26165184    0.24446498    0.24716168    0.22193933    0.22696698    0.22008871
T9             0.31258073    0.24165660    0.20974411    0.00000000    0.08045322    0.08060369    0.09185784    0.08289217    0.17825674    0.15703007    0.16394833    0.22810665    0.15169098    0.15684635    0.15983347    0.15222685    0.27366899    0.30917765    0.29965482    0.24744183    0.24419368    0.22531826    0.21043563    0.20080943
T16            0.30750533    0.24773724    0.20519921    0.08045322    0.00000000    0.02444352    0.03705380    0.02870881    0.17385195    0.15003409    0.14658825    0.21412133    0.13931504    0.14436620    0.14470861    0.13727659    0.25344925    0.29436336    0.29152165    0.25169621    0.25440610    0.22878639    0.20336045    0.19622272
T12            0.29519875    0.23564906    0.19954830    0.08060369    0.02444352    0.00000000    0.03705380    0.02870881    0.17385195    0.15262514    0.13903055    0.21123051    0.13431443    0.13931504    0.14470861    0.13980217    0.24446498    0.28461995    0.27861399    0.24565241    0.24834398    0.22297115    0.19195727    0.18480373
T0             0.31374117    0.25350127    0.21060822    0.09185784    0.03705380    0.03705380    0.00000000    0.01210016    0.18729451    0.16025614    0.15409331    0.22254580    0.14168161    0.14674556    0.15481790    0.14726651    0.26227200    0.30051764    0.29765384    0.25440610    0.25712631    0.23732269    0.21672038    0.20947465
T4             0.30831804    0.24239452    0.20012395    0.08289217    0.02870881    0.02870881    0.01210016    0.00000000    0.17712902    0.14528271    0.14946895    0.21772190    0.13963177    0.14470861    0.15023874    0.14271824    0.25104576    0.29196002    0.28912981    0.24329429    0.24597468    0.22646115    0.20615426    0.19900877
T21            0.31122907    0.23445403    0.19821323    0.17825674    0.17385195    0.17385195    0.18729451    0.17712902    0.00000000    0.08078257    0.16312585    0.22103282    0.15522971    0.16047991    0.16095221    0.16336490    0.25746496    0.28912981    0.28869105    0.24664953    0.24933811    0.22093881    0.22587031    0.21637321
T5             0.29092959    0.23973796    0.19199640    0.15703007    0.15003409    0.15262514    0.16025614    0.14528271    0.08078257    0.00000000    0.14745640    0.20073554    0.13727659    0.14489194    0.14016687    0.14252541    0.24474653    0.27228308    0.26638815    0.23406666    0.23672160    0.21463064    0.21388698    0.20435596
T22            0.29573265    0.19046365    0.16956138    0.16394833    0.14658825    0.13903055    0.15409331    0.14946895    0.16312585    0.14745640    0.00000000    0.14786041    0.07144347    0.07818551    0.09393865    0.08939365    0.23226803    0.27366899    0.24960040    0.23273183    0.23539401    0.21343899    0.21006103    0.20036419
T1             0.36784903    0.27328954    0.24851241    0.22810665    0.21412133    0.21123051    0.22254580    0.21772190    0.22103282    0.20073554    0.14786041    0.00000000    0.13043501    0.13333697    0.15262514    0.15283653    0.30541872    0.34078766    0.32029177    0.29721629    0.30008052    0.27265949    0.27156250    0.25545592
T7             0.29634119    0.19093893    0.17221431    0.15169098    0.13931504    0.13431443    0.14168161    0.13963177    0.15522971    0.13727659    0.07144347    0.13043501    0.00000000    0.03272613    0.08259908    0.08254382    0.23515876    0.26502483    0.25617293    0.22743751    0.23007969    0.20548193    0.19399324    0.18441182
T13            0.30929033    0.19648017    0.17488140    0.15684635    0.14436620    0.13931504    0.14674556    0.14470861    0.16047991    0.14489194    0.07818551    0.13333697    0.03272613    0.00000000    0.08716559    0.07587375    0.24393266    0.27748967    0.26227200    0.23616042    0.23882804    0.20826794    0.20489450    0.19528355
T6             0.29379053    0.20549856    0.17041753    0.15983347    0.14470861    0.14470861    0.15481790    0.15023874    0.16095221    0.14016687    0.09393865    0.15262514    0.08259908    0.08716559    0.00000000    0.02855378    0.25104576    0.28461995    0.26914745    0.23672160    0.23938650    0.21153983    0.20805490    0.20129158
T17            0.30637465    0.21317685    0.17778545    0.15222685    0.13727659    0.13980217    0.14726651    0.14271824    0.16336490    0.14252541    0.08939365    0.15283653    0.08254382    0.07587375    0.02855378    0.00000000    0.24773228    0.28422479    0.26951398    0.23938650    0.24206145    0.20849045    0.21063737    0.20104590
T23            0.29412532    0.29234232    0.24689186    0.27366899    0.25344925    0.24446498    0.26227200    0.25104576    0.25746496    0.24474653    0.23226803    0.30541872    0.23515876    0.24393266    0.25104576    0.24773228    0.00000000    0.11064595    0.08709992    0.10824764    0.11292928    0.09673121    0.17873588    0.16378662
T2             0.32045471    0.33069724    0.27994025    0.30917765    0.29436336    0.28461995    0.30051764    0.29196002    0.28912981    0.27228308    0.27366899    0.34078766    0.26502483    0.27748967    0.28461995    0.28422479    0.11064595    0.00000000    0.06968686    0.16071194    0.16578587    0.14312778    0.22193933    0.20154643
T11            0.30347083    0.32003343    0.26165184    0.29965482    0.29152165    0.27861399    0.29765384    0.28912981    0.28869105    0.26638815    0.24960040    0.32029177    0.25617293    0.26227200    0.26914745    0.26951398    0.08709992    0.06968686    0.00000000    0.14234057    0.14470861    0.13025845    0.21603890    0.20080943
T15            0.27895101    0.29557948    0.24446498    0.24744183    0.25169621    0.24565241    0.25440610    0.24329429    0.24664953    0.23406666    0.23273183    0.29721629    0.22743751    0.23616042    0.23672160    0.23938650    0.10824764    0.16071194    0.14234057    0.00000000    0.00804332    0.05425623    0.17641048    0.16711670
T20            0.28491474    0.29844643    0.24716168    0.24419368    0.25440610    0.24834398    0.25712631    0.24597468    0.24933811    0.23672160    0.23539401    0.30008052    0.23007969    0.23882804    0.23938650    0.24206145    0.11292928    0.16578587    0.14470861    0.00804332    0.00000000    0.05859491    0.17889516    0.17221431
T8             0.27366899    0.27748967    0.22193933    0.22531826    0.22878639    0.22297115    0.23732269    0.22646115    0.22093881    0.21463064    0.21343899    0.27265949    0.20548193    0.20826794    0.21153983    0.20849045    0.09673121    0.14312778    0.13025845    0.05425623    0.05859491    0.00000000    0.16119560    0.15203999
T18            0.24663241    0.25258612    0.22696698    0.21043563    0.20336045    0.19195727    0.21672038    0.20615426    0.22587031    0.21388698    0.21006103    0.27156250    0.19399324    0.20489450    0.20805490    0.21063737    0.17873588    0.22193933    0.21603890    0.17641048    0.17889516    0.16119560    0.00000000    0.03270323
T19            0.24206145    0.25407678    0.22008871    0.20080943    0.19622272    0.18480373    0.20947465    0.19900877    0.21637321    0.20435596    0.20036419    0.25545592    0.18441182    0.19528355    0.20129158    0.20104590    0.16378662    0.20154643    0.20080943    0.16711670    0.17221431    0.15203999    0.03270323    0.00000000

