24
T4             0.00000000    0.28604129    0.30763586    0.28286205    0.44150892    0.45998352    0.43241938    0.41830581    0.42385382    0.43304569    0.33530573    0.31976270    0.32156244    0.31270706    0.34879249    0.35920805    0.36166696    0.41766738    0.42099744    0.40961408    0.41841170    0.40961408    0.37434050    0.38443357
T3             0.28604129    0.00000000    0.05221221    0.03488962    0.32491230    0.34245296    0.31270706    0.30724392    0.32569677    0.31976270    0.22653785    0.22828810    0.23304662    0.22224610    0.26656151    0.25130616    0.24516216    0.37607008    0.38306484    0.36850500    0.36914698    0.36850500    0.33987787    0.34951943
T2             0.30763586    0.05221221    0.00000000    0.05194911    0.34768294    0.36232543    0.34200791    0.33640008    0.34855707    0.34948366    0.23740431    0.23917765    0.24400513    0.23304662    0.27162991    0.25942460    0.25322344    0.40925998    0.41662517    0.40123855    0.40197485    0.40123855    0.36354907    0.36607044
T12            0.28286205    0.03488962    0.05194911    0.00000000    0.31754511    0.33469094    0.30546303    0.29999236    0.31823496    0.31234119    0.22304063    0.22486919    0.22680561    0.21892151    0.26255435    0.24746383    0.24139478    0.38624723    0.37792103    0.37856573    0.37922410    0.37856573    0.34592782    0.35202837
T6             0.44150892    0.32491230    0.34768294    0.31754511    0.00000000    0.03077661    0.10320827    0.09643680    0.09860074    0.10566274    0.26854651    0.27239246    0.27724218    0.26578445    0.27834248    0.27166618    0.27724218    0.48874350    0.48804018    0.48438366    0.48074531    0.48006163    0.47644189    0.49683687
T7             0.45998352    0.34245296    0.36232543    0.33469094    0.03077661    0.00000000    0.10566274    0.09888042    0.10103494    0.10814739    0.28474219    0.28882416    0.29364959    0.28193105    0.28756435    0.27834248    0.28395669    0.53071131    0.52980000    0.52595618    0.52213220    0.52124599    0.49464315    0.51573529
T21            0.43241938    0.31270706    0.34200791    0.30546303    0.10320827    0.10566274    0.00000000    0.01619051    0.05607687    0.07599589    0.25416761    0.26578445    0.27065825    0.25930301    0.27555175    0.25353512    0.25899449    0.49991951    0.49912064    0.49542174    0.49621893    0.49542174    0.45729889    0.47422260
T5             0.41830581    0.30724392    0.33640008    0.29999236    0.09643680    0.09888042    0.01619051    0.00000000    0.04536945    0.06498398    0.24908844    0.25449949    0.25930301    0.24811741    0.26411442    0.24243515    0.24781431    0.49335075    0.49253682    0.48887299    0.48968505    0.48887299    0.45509164    0.47208823
T15            0.42385382    0.32569677    0.34855707    0.31823496    0.09860074    0.10103494    0.05607687    0.04536945    0.00000000    0.07144843    0.24482556    0.25625956    0.26115779    0.24994688    0.26511880    0.24723915    0.25266503    0.49174131    0.49096421    0.48290497    0.48366101    0.48290497    0.44965892    0.46925570
T0             0.43304569    0.31976270    0.34948366    0.31234119    0.10566274    0.10814739    0.07599589    0.06498398    0.07144843    0.00000000    0.24542396    0.25995188    0.27098332    0.25962215    0.26889441    0.26303303    0.26236517    0.47720058    0.47642952    0.47284023    0.46496440    0.46423234    0.43865569    0.44965892
T23            0.33530573    0.22653785    0.23740431    0.22304063    0.26854651    0.28474219    0.25416761    0.24908844    0.24482556    0.24542396    0.00000000    0.07413258    0.07833321    0.06952435    0.15094195    0.14856714    0.15332478    0.38108672    0.38557295    0.37100084    0.37922410    0.37856573    0.33085753    0.33685909
T19            0.31976270    0.22828810    0.23917765    0.22486919    0.27239246    0.28882416    0.26578445    0.25449949    0.25625956    0.25995188    0.07413258    0.00000000    0.01617897    0.00805159    0.15834962    0.14039353    0.14511625    0.39777301    0.40495483    0.39003245    0.39066647    0.39003245    0.35255406    0.35873425
T9             0.32156244    0.23304662    0.24400513    0.22680561    0.27724218    0.29364959    0.27065825    0.25930301    0.26115779    0.27098332    0.07833321    0.01617897    0.00000000    0.00804336    0.16007965    0.14219257    0.14694043    0.41086255    0.41816575    0.40300026    0.40363710    0.40300026    0.36496777    0.37125557
T13            0.31270706    0.22224610    0.23304662    0.21892151    0.26578445    0.28193105    0.25930301    0.24811741    0.24994688    0.25962215    0.06952435    0.00805159    0.00804336    0.00000000    0.15287459    0.13513092    0.13983072    0.39712313    0.40428862    0.38941261    0.39003245    0.38941261    0.35208473    0.35826604
T8             0.34879249    0.26656151    0.27162991    0.26255435    0.27834248    0.28756435    0.27555175    0.26411442    0.26511880    0.26889441    0.15094195    0.15834962    0.16007965    0.15287459    0.00000000    0.05662862    0.06090019    0.46283696    0.47087684    0.45395824    0.45933333    0.45837783    0.40704146    0.40563571
T17            0.35920805    0.25130616    0.25942460    0.24746383    0.27166618    0.27834248    0.25353512    0.24243515    0.24723915    0.26303303    0.14856714    0.14039353    0.14219257    0.13513092    0.05662862    0.00000000    0.00804440    0.45933333    0.46733635    0.45049386    0.45584607    0.45489399    0.40776631    0.40633126
T18            0.36166696    0.24516216    0.25322344    0.24139478    0.27724218    0.28395669    0.25899449    0.24781431    0.25266503    0.26236517    0.15332478    0.14511625    0.14694043    0.13983072    0.06090019    0.00804440    0.00000000    0.46187801    0.46989395    0.45303880    0.45837783    0.45743881    0.41032562    0.40891733
T11            0.41766738    0.37607008    0.40925998    0.38624723    0.48874350    0.53071131    0.49991951    0.49335075    0.49174131    0.47720058    0.38108672    0.39777301    0.41086255    0.39712313    0.46283696    0.45933333    0.46187801    0.00000000    0.01417450    0.01209715    0.05413304    0.05407921    0.09419448    0.10339450
T16            0.42099744    0.38306484    0.41662517    0.37792103    0.48804018    0.52980000    0.49912064    0.49253682    0.49096421    0.47642952    0.38557295    0.40495483    0.41816575    0.40428862    0.47087684    0.46733635    0.46989395    0.01417450    0.00000000    0.01824828    0.06081814    0.06074287    0.10611810    0.11549616
T20            0.40961408    0.36850500    0.40123855    0.37856573    0.48438366    0.52595618    0.49542174    0.48887299    0.48290497    0.47284023    0.37100084    0.39003245    0.40300026    0.38941261    0.45395824    0.45049386    0.45303880    0.01209715    0.01824828    0.00000000    0.04988336    0.04982569    0.09439586    0.10361083
T22            0.41841170    0.36914698    0.40197485    0.37922410    0.48074531    0.52213220    0.49621893    0.48968505    0.48366101    0.46496440    0.37922410    0.39066647    0.40363710    0.39003245    0.45933333    0.45584607    0.45837783    0.05413304    0.06081814    0.04988336    0.00000000    0.00805159    0.09239862    0.10160339
T10            0.40961408    0.36850500    0.40123855    0.37856573    0.48006163    0.52124599    0.49542174    0.48887299    0.48290497    0.46423234    0.37856573    0.39003245    0.40300026    0.38941261    0.45837783    0.45489399    0.45743881    0.05407921    0.06074287    0.04982569    0.00805159    0.00000000    0.09462650    0.10385705
T1             0.37434050    0.33987787    0.36354907    0.34592782    0.47644189    0.49464315    0.45729889    0.45509164    0.44965892    0.43865569    0.33085753    0.35255406    0.36496777    0.35208473    0.40704146    0.40776631    0.41032562    0.09419448    0.10611810    0.09439586    0.09239862    0.09462650    0.00000000    0.01007287
T14            0.38443357    0.34951943    0.36607044    0.35202837    0.49683687    0.51573529    0.47422260    0.47208823    0.46925570    0.44965892    0.33685909    0.35873425    0.37125557    0.35826604    0.40563571    0.40633126    0.40891733    0.10339450    0.11549616    0.10361083    0.10160339    0.10385705    0.01007287    0.00000000

