24
T17            0.00000000    0.38369567    0.37472829    0.38163799    0.37362491    0.37102192    0.38861820    0.30134826    0.26537839    0.28971843    0.30423849    0.30134826    0.29808923    0.31297977    0.31591738    0.31886710    0.32301905    0.31224101    0.24935638    0.19876320    0.15263198    0.16048776    0.16639734    0.15862330
T2             0.38369567    0.00000000    0.02444366    0.03271213    0.03062979    0.03902057    0.06046631    0.44719410    0.40918095    0.41751283    0.42463251    0.41330412    0.40936393    0.44719410    0.45066150    0.44576940    0.47915837    0.43346319    0.37678638    0.35956020    0.32728868    0.33767605    0.35697061    0.35241261
T3             0.37472829    0.02444366    0.00000000    0.02859690    0.02653143    0.03914395    0.06067044    0.43348529    0.40755258    0.41599092    0.41130925    0.40801581    0.40407555    0.44599738    0.44945317    0.44447830    0.47381458    0.43206995    0.37158029    0.36165911    0.33972510    0.35048563    0.35912225    0.35802021
T0             0.38163799    0.03271213    0.02859690    0.00000000    0.03274696    0.04545228    0.06714489    0.43688867    0.41085757    0.41932704    0.41862090    0.40735340    0.40342864    0.44104182    0.44447830    0.43958982    0.47290030    0.43138580    0.37472829    0.36476671    0.33919412    0.34991611    0.35856468    0.35748885
T18            0.37362491    0.03062979    0.02653143    0.03274696    0.00000000    0.04120148    0.06276237    0.43617191    0.41028358    0.41870697    0.42196019    0.41064595    0.40670572    0.44868389    0.45215421    0.44719410    0.48098156    0.43071735    0.37788991    0.37904858    0.33867560    0.34935932    0.35802021    0.35697061
T16            0.37102192    0.03902057    0.03914395    0.04545228    0.04120148    0.00000000    0.04541756    0.43348529    0.39227303    0.39772650    0.40342864    0.39243792    0.38861820    0.42938329    0.43276978    0.43206995    0.45185859    0.41996241    0.35697061    0.34372408    0.32229056    0.33267808    0.34828404    0.34021308
T7             0.38861820    0.06046631    0.06067044    0.06714489    0.06276237    0.04541756    0.00000000    0.45991848    0.41693880    0.42267843    0.42463251    0.41330412    0.40936393    0.44719410    0.45066150    0.44576940    0.47026000    0.43071735    0.37678638    0.37416976    0.34118707    0.35187071    0.37158029    0.36317272
T12            0.30134826    0.44719410    0.43348529    0.43688867    0.43617191    0.43348529    0.45991848    0.00000000    0.11694607    0.12668620    0.17735689    0.17222193    0.16692941    0.18982656    0.18962918    0.19215172    0.20360589    0.18441954    0.11951102    0.30341932    0.26330065    0.27268047    0.25954704    0.24394622
T6             0.26537839    0.40918095    0.40755258    0.41085757    0.41028358    0.39227303    0.41693880    0.11694607    0.00000000    0.05391025    0.14535292    0.14294630    0.13562804    0.16252976    0.16006692    0.16252976    0.18030614    0.15994350    0.09819704    0.28461752    0.23784497    0.24961462    0.24571115    0.23380839
T1             0.28971843    0.41751283    0.41599092    0.41932704    0.41870697    0.39772650    0.42267843    0.12668620    0.05391025    0.00000000    0.16792563    0.16545974    0.15530515    0.18562712    0.18552922    0.18806596    0.20411395    0.17779240    0.11662146    0.30024487    0.25532894    0.26442388    0.26689851    0.24550370
T15            0.30423849    0.42463251    0.41130925    0.41862090    0.42196019    0.40342864    0.42463251    0.17735689    0.14535292    0.16792563    0.00000000    0.01008406    0.01210018    0.14391819    0.14378352    0.14617017    0.15635089    0.13641653    0.08946624    0.30630617    0.26365885    0.26677563    0.29070212    0.26536774
T21            0.30134826    0.41330412    0.40801581    0.40735340    0.41064595    0.39243792    0.41330412    0.17222193    0.14294630    0.16545974    0.01008406    0.00000000    0.01007278    0.14154165    0.14140510    0.14378352    0.15393839    0.13878247    0.08724016    0.29681487    0.25476368    0.25783259    0.28143599    0.25649692
T19            0.29808923    0.40936393    0.40407555    0.40342864    0.40670572    0.38861820    0.40936393    0.16692941    0.13562804    0.15530515    0.01210018    0.01007278    0.00000000    0.13405869    0.13394080    0.13630060    0.14630294    0.13137356    0.08038996    0.29681487    0.25171351    0.25476368    0.27824965    0.25346531
T20            0.31297977    0.44719410    0.44599738    0.44104182    0.44868389    0.42938329    0.44719410    0.18982656    0.16252976    0.18562712    0.14391819    0.14154165    0.13405869    0.00000000    0.00602719    0.00804436    0.14437142    0.14127674    0.10792776    0.32182030    0.28787031    0.29111882    0.30503059    0.28560072
T13            0.31591738    0.45066150    0.44945317    0.44447830    0.45215421    0.43276978    0.45066150    0.18962918    0.16006692    0.18552922    0.14378352    0.14140510    0.13394080    0.00602719    0.00000000    0.00602719    0.14421217    0.14115659    0.10783533    0.32477711    0.29070212    0.29396123    0.30793082    0.28843782
T11            0.31886710    0.44576940    0.44447830    0.43958982    0.44719410    0.43206995    0.44576940    0.19215172    0.16252976    0.18806596    0.14617017    0.14378352    0.13630060    0.00804436    0.00602719    0.00000000    0.14659330    0.14353893    0.11012055    0.32774604    0.29354511    0.29681487    0.31084280    0.29128625
T8             0.32301905    0.47915837    0.47381458    0.47290030    0.48098156    0.45185859    0.47026000    0.20360589    0.18030614    0.20411395    0.15635089    0.15393839    0.14630294    0.14437142    0.14421217    0.14659330    0.00000000    0.16169238    0.11729884    0.33467083    0.29438861    0.29767994    0.31167890    0.29199372
T10            0.31224101    0.43346319    0.43206995    0.43138580    0.43071735    0.41996241    0.43071735    0.18441954    0.15994350    0.17779240    0.13641653    0.13878247    0.13137356    0.14127674    0.14115659    0.14353893    0.16169238    0.00000000    0.09827857    0.32091594    0.27824965    0.28143599    0.28493394    0.26996731
T9             0.24935638    0.37678638    0.37158029    0.37472829    0.37788991    0.35697061    0.37678638    0.11951102    0.09819704    0.11662146    0.08946624    0.08724016    0.08038996    0.10792776    0.10783533    0.11012055    0.11729884    0.09827857    0.00000000    0.25075188    0.22010119    0.22298413    0.22533097    0.20272055
T4             0.19876320    0.35956020    0.36165911    0.36476671    0.37904858    0.34372408    0.37416976    0.30341932    0.28461752    0.30024487    0.30630617    0.29681487    0.29681487    0.32182030    0.32477711    0.32774604    0.33467083    0.32091594    0.25075188    0.00000000    0.13211629    0.13711742    0.19955997    0.19070647
T14            0.15263198    0.32728868    0.33972510    0.33919412    0.33867560    0.32229056    0.34118707    0.26330065    0.23784497    0.25532894    0.26365885    0.25476368    0.25171351    0.28787031    0.29070212    0.29354511    0.29438861    0.27824965    0.22010119    0.13211629    0.00000000    0.01823222    0.14727246    0.13963689
T23            0.16048776    0.33767605    0.35048563    0.34991611    0.34935932    0.33267808    0.35187071    0.27268047    0.24961462    0.26442388    0.26677563    0.25783259    0.25476368    0.29111882    0.29396123    0.29681487    0.29767994    0.28143599    0.22298413    0.13711742    0.01823222    0.00000000    0.16026370    0.14727246
T22            0.16639734    0.35697061    0.35912225    0.35856468    0.35802021    0.34828404    0.37158029    0.25954704    0.24571115    0.26689851    0.29070212    0.28143599    0.27824965    0.30503059    0.30793082    0.31084280    0.31167890    0.28493394    0.22533097    0.19955997    0.14727246    0.16026370    0.00000000    0.05626474
T5             0.15862330    0.35241261    0.35802021    0.35748885    0.35697061    0.34021308    0.36317272    0.24394622    0.23380839    0.24550370    0.26536774    0.25649692    0.25346531    0.28560072    0.28843782    0.29128625    0.29199372    0.26996731    0.20272055    0.19070647    0.13963689    0.14727246    0.05626474    0.00000000

