24
T4             0.00000000    0.25722617    0.26029801    0.27913767    0.42252135    0.26480819    0.32097757    0.30474210    0.31016703    0.27844723    0.27844723    0.30034713    0.30000036    0.28470598    0.27035049    0.29711637    0.29450620    0.29450620    0.27000897    0.26138210    0.25828150    0.25484738    0.25213757    0.24812269
T20            0.25722617    0.00000000    0.00200402    0.17201418    0.31203391    0.17881847    0.19766944    0.19989966    0.18030800    0.15155954    0.15155954    0.17761004    0.17471829    0.17246735    0.14900669    0.16433507    0.16391935    0.16391935    0.13337019    0.13634625    0.12872565    0.13612438    0.13591030    0.12814148
T21            0.26029801    0.00200402    0.00000000    0.17474195    0.31551356    0.18155359    0.20049765    0.20272782    0.18302066    0.15412554    0.15412554    0.18030800    0.17739450    0.17514361    0.15155954    0.16696192    0.16660304    0.16660304    0.13591030    0.13891258    0.13125293    0.13868409    0.13846343    0.13064961
T10            0.27913767    0.17201418    0.17474195    0.00000000    0.24555358    0.16802569    0.20049765    0.19989966    0.18849069    0.15706654    0.16229287    0.18625017    0.18053964    0.17560367    0.14932841    0.15948097    0.17474195    0.17474195    0.14360927    0.14931212    0.13634625    0.14384329    0.14360927    0.12564592
T5             0.42252135    0.31203391    0.31551356    0.24555358    0.00000000    0.29448226    0.34224995    0.32904047    0.30781993    0.27398116    0.28364402    0.30880408    0.29919292    0.31617663    0.28276908    0.28883153    0.29165138    0.29165138    0.26383253    0.27115401    0.25839248    0.26427729    0.26701249    0.25711835
T0             0.26480819    0.17881847    0.18155359    0.16802569    0.29448226    0.00000000    0.16209409    0.16922321    0.18159599    0.16887850    0.16887850    0.18735406    0.17946964    0.18215298    0.16659641    0.17928223    0.16802569    0.16802569    0.14255845    0.15332684    0.14039521    0.14789829    0.14769081    0.12979997
T23            0.32097757    0.19766944    0.20049765    0.20049765    0.34224995    0.16209409    0.00000000    0.18678747    0.21755861    0.20645889    0.20645889    0.21755861    0.21729102    0.22654224    0.20365480    0.19555881    0.19485718    0.19485718    0.17364567    0.19642847    0.18240519    0.18487823    0.18735988    0.17070205
T6             0.30474210    0.19989966    0.20272782    0.19989966    0.32904047    0.16922321    0.18678747    0.00000000    0.20575308    0.20041775    0.20041775    0.22332916    0.21160287    0.21783579    0.18715377    0.20621421    0.21711455    0.21711455    0.16779589    0.17908614    0.17094754    0.17339286    0.17314860    0.16492673
T3             0.31016703    0.18030800    0.18302066    0.18849069    0.30781993    0.18159599    0.21755861    0.20575308    0.00000000    0.11271516    0.11731261    0.13463207    0.12705069    0.12762703    0.11320958    0.11523825    0.17492660    0.17492660    0.14646685    0.15189446    0.14423563    0.15172284    0.15155954    0.12650881
T12            0.27844723    0.15155954    0.15412554    0.15706654    0.27398116    0.16887850    0.20645889    0.20041775    0.11271516    0.00000000    0.01006872    0.07150055    0.06479520    0.09429222    0.09410555    0.09402330    0.14456417    0.14456417    0.11022293    0.11523825    0.10804011    0.11512028    0.11501003    0.10526534
T17            0.27844723    0.15155954    0.15412554    0.16229287    0.28364402    0.16887850    0.20645889    0.20041775    0.11731261    0.01006872    0.00000000    0.07374339    0.06700323    0.09663523    0.09643756    0.09634984    0.14202424    0.14202424    0.11261073    0.11766092    0.11042795    0.11753705    0.11742094    0.10761370
T18            0.30034713    0.17761004    0.18030800    0.18625017    0.30880408    0.18735406    0.21755861    0.22332916    0.13463207    0.07150055    0.07374339    0.00000000    0.04338845    0.11563822    0.10599389    0.10587627    0.15725996    0.15725996    0.13199205    0.13730524    0.12979997    0.13714006    0.13698289    0.12670156
T19            0.30000036    0.17471829    0.17739450    0.18053964    0.29919292    0.17946964    0.21729102    0.21160287    0.12705069    0.06479520    0.06700323    0.04338845    0.00000000    0.11066354    0.09643756    0.10339536    0.15967285    0.15967285    0.13185544    0.13714006    0.12965364    0.13698289    0.13683378    0.12417273
T22            0.28470598    0.17246735    0.17514361    0.17560367    0.31617663    0.18215298    0.22654224    0.21783579    0.12762703    0.09429222    0.09663523    0.11563822    0.11066354    0.00000000    0.08100102    0.08551430    0.15485538    0.15485538    0.13934173    0.13966074    0.13714006    0.14456417    0.14439581    0.12436959
T14            0.27035049    0.14900669    0.15155954    0.14932841    0.28276908    0.16659641    0.20365480    0.18715377    0.11320958    0.09410555    0.09643756    0.10599389    0.09643756    0.08100102    0.00000000    0.07195833    0.13949719    0.13949719    0.12692635    0.13213664    0.12472446    0.13199205    0.13185544    0.10761370
T7             0.29711637    0.16433507    0.16696192    0.15948097    0.28883153    0.17928223    0.19555881    0.20621421    0.11523825    0.09402330    0.09634984    0.10587627    0.10339536    0.08551430    0.07195833    0.00000000    0.14439581    0.14439581    0.12926234    0.13448122    0.12705069    0.13433839    0.13420361    0.11703457
T13            0.29450620    0.16391935    0.16660304    0.17474195    0.29165138    0.16802569    0.19485718    0.21711455    0.17492660    0.14456417    0.14202424    0.15725996    0.15967285    0.15485538    0.13949719    0.14439581    0.00000000    0.00401614    0.09252722    0.10235710    0.09044478    0.09740433    0.09725795    0.08983314
T8             0.29450620    0.16391935    0.16660304    0.17474195    0.29165138    0.16802569    0.19485718    0.21711455    0.17492660    0.14456417    0.14202424    0.15725996    0.15967285    0.15485538    0.13949719    0.14439581    0.00401614    0.00000000    0.09252722    0.10235710    0.09044478    0.09740433    0.09725795    0.08983314
T15            0.27000897    0.13337019    0.13591030    0.14360927    0.26383253    0.14255845    0.17364567    0.16779589    0.14646685    0.11022293    0.11261073    0.13199205    0.13185544    0.13934173    0.12692635    0.12926234    0.09252722    0.09252722    0.00000000    0.03294872    0.02660498    0.02866663    0.02862902    0.06296610
T9             0.26138210    0.13634625    0.13891258    0.14931212    0.27115401    0.15332684    0.19642847    0.17908614    0.15189446    0.11523825    0.11766092    0.13730524    0.13714006    0.13966074    0.13213664    0.13448122    0.10235710    0.10235710    0.03294872    0.00000000    0.01420044    0.01623232    0.01620832    0.07423197
T2             0.25828150    0.12872565    0.13125293    0.13634625    0.25839248    0.14039521    0.18240519    0.17094754    0.14423563    0.10804011    0.11042795    0.12979997    0.12965364    0.13714006    0.12472446    0.12705069    0.09044478    0.09044478    0.02660498    0.01420044    0.00000000    0.01008422    0.01007288    0.06296610
T16            0.25484738    0.13612438    0.13868409    0.14384329    0.26427729    0.14789829    0.18487823    0.17339286    0.15172284    0.11512028    0.11753705    0.13714006    0.13698289    0.14456417    0.13199205    0.13433839    0.09740433    0.09740433    0.02866663    0.01623232    0.01008422    0.00000000    0.00401106    0.06960641
T11            0.25213757    0.13591030    0.13846343    0.14360927    0.26701249    0.14769081    0.18735988    0.17314860    0.15155954    0.11501003    0.11742094    0.13698289    0.13683378    0.14439581    0.13185544    0.13420361    0.09725795    0.09725795    0.02862902    0.01620832    0.01007288    0.00401106    0.00000000    0.06952474
T1             0.24812269    0.12814148    0.13064961    0.12564592    0.25711835    0.12979997    0.17070205    0.16492673    0.12650881    0.10526534    0.10761370    0.12670156    0.12417273    0.12436959    0.10761370    0.11703457    0.08983314    0.08983314    0.06296610    0.07423197    0.06296610    0.06960641    0.06952474    0.00000000

