24
T1             0.00000000    0.46613532    0.46191167    0.46191167    0.35331949    0.35020458    0.35020458    0.35932132    0.44131321    0.43729355    0.16135835    0.34123867    0.18611445    0.17925022    0.22245201    0.21910448    0.23060393    0.23060393    0.22745358    0.13837740    0.14323576    0.13363698    0.13363698    0.12868454
T12            0.46613532    0.00000000    0.00602414    0.00602414    0.17641946    0.17131117    0.17131117    0.18657534    0.24971365    0.24364985    0.41146147    0.60299939    0.45645882    0.44723484    0.47771810    0.49389035    0.47492668    0.50016954    0.48575566    0.43845739    0.43502774    0.45204448    0.44789100    0.42821648
T17            0.46191167    0.00602414    0.00000000    0.00000000    0.17115475    0.16608775    0.16608775    0.18124037    0.24667255    0.24064534    0.40756700    0.59772856    0.45233973    0.44313256    0.47334645    0.49842059    0.47055499    0.49559777    0.48132587    0.43443769    0.43102414    0.44789100    0.44377178    0.42424468
T16            0.46191167    0.00602414    0.00000000    0.00000000    0.17115475    0.16608775    0.16608775    0.18124037    0.24667255    0.24064534    0.40756700    0.59772856    0.45233973    0.44313256    0.47334645    0.49842059    0.47055499    0.49559777    0.48132587    0.43443769    0.43102414    0.44789100    0.44377178    0.42424468
T20            0.35331949    0.17641946    0.17115475    0.17115475    0.00000000    0.01824795    0.01824795    0.03274703    0.16430617    0.15909628    0.31745562    0.50060835    0.37849211    0.37337186    0.39228594    0.39501701    0.36579027    0.38754840    0.37611817    0.34094178    0.33123281    0.33817995    0.33483357    0.31867673
T0             0.35020458    0.17131117    0.16608775    0.16608775    0.01824795    0.00000000    0.00000000    0.01821962    0.16187521    0.15667885    0.31450069    0.48825085    0.37172158    0.36662011    0.37793368    0.38803581    0.36977219    0.39177008    0.38018985    0.33513441    0.32547567    0.33513441    0.33179920    0.31569826
T8             0.35020458    0.17131117    0.16608775    0.16608775    0.01824795    0.00000000    0.00000000    0.01821962    0.16187521    0.15667885    0.31450069    0.48825085    0.37172158    0.36662011    0.37793368    0.38803581    0.36977219    0.39177008    0.38018985    0.33513441    0.32547567    0.33513441    0.33179920    0.31569826
T2             0.35932132    0.18657534    0.18124037    0.18124037    0.03274703    0.01821962    0.01821962    0.00000000    0.16674563    0.16152213    0.31979048    0.47868460    0.38094373    0.37569968    0.38339624    0.39729290    0.38252079    0.40484613    0.39310208    0.34682430    0.33706416    0.34401585    0.34065827    0.32442988
T7             0.44131321    0.24971365    0.24667255    0.24667255    0.16430617    0.16187521    0.16187521    0.16674563    0.00000000    0.00602414    0.39449413    0.60204201    0.44925278    0.44995837    0.48378660    0.49106748    0.46622123    0.45766494    0.45694048    0.41481067    0.41147387    0.41974551    0.41585116    0.39355870
T19            0.43729355    0.24364985    0.24064534    0.24064534    0.15909628    0.15667885    0.15667885    0.16152213    0.00602414    0.00000000    0.39068863    0.59671481    0.45204448    0.44995837    0.48378660    0.49106748    0.46622123    0.45766494    0.45694048    0.41097617    0.40765402    0.41585116    0.41198695    0.38985222
T10            0.16135835    0.41146147    0.40756700    0.40756700    0.31745562    0.31450069    0.31450069    0.31979048    0.39449413    0.39068863    0.00000000    0.28560732    0.13856411    0.13696266    0.17222436    0.17222436    0.18298113    0.18844767    0.18004855    0.14406266    0.13641785    0.13932125    0.13681437    0.12435557
T11            0.34123867    0.60299939    0.59772856    0.59772856    0.50060835    0.48825085    0.48825085    0.47868460    0.60204201    0.59671481    0.28560732    0.00000000    0.31273239    0.31681992    0.37699768    0.38531955    0.38531955    0.37793368    0.38112439    0.33915575    0.32219522    0.33646833    0.33308790    0.31623402
T18            0.18611445    0.45645882    0.45233973    0.45233973    0.37849211    0.37172158    0.37172158    0.38094373    0.44925278    0.45204448    0.13856411    0.31273239    0.00000000    0.03910341    0.12252535    0.12470845    0.12252535    0.12745263    0.12239025    0.16568563    0.16045283    0.16078896    0.15823079    0.15305211
T13            0.17925022    0.44723484    0.44313256    0.44313256    0.37337186    0.36662011    0.36662011    0.37569968    0.44995837    0.44995837    0.13696266    0.31681992    0.03910341    0.00000000    0.11380717    0.11592543    0.11380717    0.11872245    0.11364276    0.15893073    0.15877367    0.15927027    0.15667885    0.15138196
T14            0.22245201    0.47771810    0.47334645    0.47334645    0.39228594    0.37793368    0.37793368    0.38339624    0.48378660    0.48378660    0.17222436    0.37699768    0.12252535    0.11380717    0.00000000    0.06772641    0.07661865    0.08122775    0.07650805    0.21155450    0.21131419    0.21206351    0.20922949    0.20059503
T4             0.21910448    0.49389035    0.49842059    0.49842059    0.39501701    0.38803581    0.38803581    0.39729290    0.49106748    0.49106748    0.17222436    0.38531955    0.12470845    0.11592543    0.06772641    0.00000000    0.07869307    0.08330216    0.07859114    0.20272361    0.20806780    0.21438850    0.21155450    0.20293099
T6             0.23060393    0.47492668    0.47055499    0.47055499    0.36579027    0.36977219    0.36977219    0.38252079    0.46622123    0.46622123    0.18298113    0.38531955    0.12252535    0.11380717    0.07661865    0.07869307    0.00000000    0.01620798    0.01619028    0.21438850    0.21414016    0.21206351    0.20922949    0.20059503
T9             0.23060393    0.50016954    0.49559777    0.49559777    0.38754840    0.39177008    0.39177008    0.40484613    0.45766494    0.45766494    0.18844767    0.37793368    0.12745263    0.11872245    0.08122775    0.08330216    0.01620798    0.00000000    0.02031414    0.22010520    0.21414016    0.21778026    0.21491371    0.20616821
T15            0.22745358    0.48575566    0.48132587    0.48132587    0.37611817    0.38018985    0.38018985    0.39310208    0.45694048    0.45694048    0.18004855    0.38112439    0.12239025    0.11364276    0.07650805    0.07859114    0.01619028    0.02031414    0.00000000    0.21131419    0.21108339    0.20897829    0.20616821    0.19762086
T21            0.13837740    0.43845739    0.43443769    0.43443769    0.34094178    0.33513441    0.33513441    0.34682430    0.41481067    0.41097617    0.14406266    0.33915575    0.16568563    0.15893073    0.21155450    0.20272361    0.21438850    0.22010520    0.21131419    0.00000000    0.03492651    0.05433100    0.05213296    0.05867291
T23            0.14323576    0.43502774    0.43102414    0.43102414    0.33123281    0.32547567    0.32547567    0.33706416    0.41147387    0.40765402    0.13641785    0.32219522    0.16045283    0.15877367    0.21131419    0.20806780    0.21414016    0.21414016    0.21108339    0.03492651    0.00000000    0.04770643    0.04554174    0.04776568
T3             0.13363698    0.45204448    0.44789100    0.44789100    0.33817995    0.33513441    0.33513441    0.34401585    0.41974551    0.41585116    0.13932125    0.33646833    0.16078896    0.15927027    0.21206351    0.21438850    0.21206351    0.21778026    0.20897829    0.05433100    0.04770643    0.00000000    0.00200402    0.05001515
T22            0.13363698    0.44789100    0.44377178    0.44377178    0.33483357    0.33179920    0.33179920    0.34065827    0.41585116    0.41198695    0.13681437    0.33308790    0.15823079    0.15667885    0.20922949    0.21155450    0.20922949    0.21491371    0.20616821    0.05213296    0.04554174    0.00200402    0.00000000    0.04783151
T5             0.12868454    0.42821648    0.42424468    0.42424468    0.31867673    0.31569826    0.31569826    0.32442988    0.39355870    0.38985222    0.12435557    0.31623402    0.15305211    0.15138196    0.20059503    0.20293099    0.20059503    0.20616821    0.19762086    0.05867291    0.04776568    0.05001515    0.04783151    0.00000000

