24
T12            0.00000000    0.39275141    0.41777787    0.37578887    0.47430422    0.48872454    0.46716015    0.47427840    0.43603080    0.41928640    0.42006332    0.46630733    0.46185591    0.46185591    0.44111419    0.42520484    0.42006332    0.42006332    0.38395018    0.31859594    0.31273845    0.31477037    0.29901203    0.30893461
T21            0.39275141    0.00000000    0.04776981    0.16716948    0.23949280    0.25326538    0.24457009    0.24997573    0.21874811    0.20555195    0.20576897    0.26177254    0.24514964    0.24514964    0.22441381    0.21611410    0.20343447    0.19788728    0.43349936    0.39737881    0.39883850    0.39415126    0.38248518    0.38773817
T3             0.41777787    0.04776981    0.00000000    0.19053207    0.26239954    0.27660066    0.26760174    0.27316609    0.23808190    0.23892831    0.23920547    0.29823224    0.28080854    0.28080854    0.26483584    0.24699493    0.23388123    0.23388123    0.45747147    0.42835844    0.43002760    0.42500291    0.41266246    0.41833702
T13            0.37578887    0.16716948    0.19053207    0.00000000    0.22231856    0.23576999    0.23478092    0.24609597    0.17966610    0.16416526    0.16434589    0.21137853    0.19304869    0.19304869    0.19008818    0.17681230    0.16210536    0.16210536    0.40316545    0.35253176    0.34644965    0.35929274    0.34827144    0.34948441
T9             0.47430422    0.23949280    0.26239954    0.22231856    0.00000000    0.03272741    0.06704617    0.07588139    0.11295224    0.23068152    0.22804151    0.27728108    0.25420112    0.25420112    0.24188269    0.23333144    0.23447106    0.23447106    0.50167413    0.47074237    0.47263623    0.46275425    0.45835033    0.46460134
T0             0.48872454    0.25326538    0.27660066    0.23576999    0.03272741    0.00000000    0.08028925    0.08928374    0.12460389    0.24429580    0.24160695    0.28608227    0.26272911    0.26272911    0.25570192    0.24699493    0.24514964    0.24514964    0.50248045    0.46891705    0.47337994    0.46803006    0.45926150    0.46537810
T15            0.46716015    0.24457009    0.26760174    0.23478092    0.06704617    0.08028925    0.00000000    0.02029467    0.11721637    0.23235291    0.22969653    0.27627712    0.25872798    0.25872798    0.24403187    0.23792196    0.23892831    0.23892831    0.51089290    0.47695583    0.47882802    0.47788319    0.46449382    0.46185591
T7             0.47427840    0.24997573    0.27316609    0.24609597    0.07588139    0.08928374    0.02029467    0.00000000    0.12205048    0.24353524    0.24084154    0.28822566    0.27037846    0.27037846    0.25542307    0.24919348    0.25025753    0.25025753    0.52126424    0.48686912    0.48872454    0.48778784    0.47427840    0.48054900
T8             0.43603080    0.21874811    0.23808190    0.17966610    0.11295224    0.12460389    0.11721637    0.12205048    0.00000000    0.18779647    0.18529629    0.24577029    0.22364612    0.22364612    0.20904416    0.20088277    0.18303581    0.18303581    0.45835033    0.44375806    0.42839280    0.43603080    0.42332212    0.42084188
T6             0.41928640    0.20555195    0.23892831    0.16416526    0.23068152    0.24429580    0.23235291    0.24353524    0.18779647    0.00000000    0.00200301    0.07808173    0.06271480    0.06492794    0.05610234    0.04535520    0.04988473    0.04988473    0.45681783    0.43935093    0.43679413    0.42754696    0.41116067    0.41674205
T17            0.42006332    0.20576897    0.23920547    0.16434589    0.22804151    0.24160695    0.22969653    0.24084154    0.18529629    0.00200301    0.00000000    0.07588139    0.06055949    0.06276774    0.05395934    0.04323748    0.04776981    0.04776981    0.45761565    0.44020064    0.43765705    0.42835844    0.41190415    0.41753205
T1             0.46630733    0.26177254    0.29823224    0.21137853    0.27728108    0.28608227    0.27627712    0.28822566    0.24577029    0.07808173    0.07588139    0.00000000    0.02028085    0.02234717    0.05836099    0.04753805    0.08973570    0.08973570    0.50248045    0.48242755    0.48701378    0.46803006    0.45926150    0.46982115
T19            0.46185591    0.24514964    0.28080854    0.19304869    0.25420112    0.26272911    0.25872798    0.27037846    0.22364612    0.06271480    0.06055949    0.02028085    0.00000000    0.00200403    0.04124277    0.03066998    0.07186705    0.07186705    0.49877998    0.47360892    0.47817457    0.45924582    0.45051488    0.46108672
T10            0.46185591    0.24514964    0.28080854    0.19304869    0.25420112    0.26272911    0.25872798    0.27037846    0.22364612    0.06492794    0.06276774    0.02234717    0.00200403    0.00000000    0.04338923    0.03277561    0.07413573    0.07413573    0.49877998    0.47360892    0.47817457    0.45924582    0.45051488    0.46108672
T4             0.44111419    0.22441381    0.26483584    0.19008818    0.24188269    0.25570192    0.24403187    0.25542307    0.20904416    0.05610234    0.05395934    0.05836099    0.04124277    0.04338923    0.00000000    0.01414128    0.06952680    0.06952680    0.48872319    0.46185591    0.45924582    0.44965767    0.43271486    0.44277064
T18            0.42520484    0.21611410    0.24699493    0.17681230    0.23333144    0.24699493    0.23792196    0.24919348    0.20088277    0.04535520    0.04323748    0.04753805    0.03066998    0.03277561    0.01414128    0.00000000    0.05846791    0.05846791    0.47175772    0.44536761    0.44277064    0.43349936    0.41704625    0.42675087
T14            0.42006332    0.20343447    0.23388123    0.16210536    0.23447106    0.24514964    0.23892831    0.25025753    0.18303581    0.04988473    0.04776981    0.08973570    0.07186705    0.07413573    0.06952680    0.05846791    0.00000000    0.00401616    0.45064472    0.42500291    0.42248474    0.41343560    0.39737881    0.40686665
T20            0.42006332    0.19788728    0.23388123    0.16210536    0.23447106    0.24514964    0.23892831    0.25025753    0.18303581    0.04988473    0.04776981    0.08973570    0.07186705    0.07413573    0.06952680    0.05846791    0.00401616    0.00000000    0.45064472    0.42500291    0.42248474    0.41343560    0.39737881    0.40686665
T2             0.38395018    0.43349936    0.45747147    0.40316545    0.50167413    0.50248045    0.51089290    0.52126424    0.45835033    0.45681783    0.45761565    0.50248045    0.49877998    0.49877998    0.48872319    0.47175772    0.45064472    0.45064472    0.00000000    0.14381135    0.14157036    0.13396402    0.11935483    0.12926802
T11            0.31859594    0.39737881    0.42835844    0.35253176    0.47074237    0.46891705    0.47695583    0.48686912    0.44375806    0.43935093    0.44020064    0.48242755    0.47360892    0.47360892    0.46185591    0.44536761    0.42500291    0.42500291    0.14381135    0.00000000    0.02034123    0.06282760    0.04969373    0.05632818
T5             0.31273845    0.39883850    0.43002760    0.34644965    0.47263623    0.47337994    0.47882802    0.48872454    0.42839280    0.43679413    0.43765705    0.48701378    0.47817457    0.47817457    0.45924582    0.44277064    0.42248474    0.42248474    0.14157036    0.02034123    0.00000000    0.06296795    0.04761072    0.05646610
T23            0.31477037    0.39415126    0.42500291    0.35929274    0.46275425    0.46803006    0.47788319    0.48778784    0.43603080    0.42754696    0.42835844    0.46803006    0.45924582    0.45924582    0.44965767    0.43349936    0.41343560    0.41343560    0.13396402    0.06282760    0.06296795    0.00000000    0.03277561    0.03924798
T22            0.29901203    0.38248518    0.41266246    0.34827144    0.45835033    0.45926150    0.46449382    0.47427840    0.42332212    0.41116067    0.41190415    0.45926150    0.45051488    0.45051488    0.43271486    0.41704625    0.39737881    0.39737881    0.11935483    0.04969373    0.04761072    0.03277561    0.00000000    0.02236531
T16            0.30893461    0.38773817    0.41833702    0.34948441    0.46460134    0.46537810    0.46185591    0.48054900    0.42084188    0.41674205    0.41753205    0.46982115    0.46108672    0.46108672    0.44277064    0.42675087    0.40686665    0.40686665    0.12926802    0.05632818    0.05646610    0.03924798    0.02236531    0.00000000

