24
T9             0.00000000    0.30881007    0.22221435    0.23971983    0.23647290    0.26721884    0.25508887    0.24963922    0.24748158    0.26200168    0.26721884    0.24913267    0.25349174    0.21156907    0.20273644    0.22722924    0.21440356    0.22413958    0.22798156    0.21391601    0.20018014    0.13654760    0.15704668    0.23238419
T8             0.30881007    0.00000000    0.16314632    0.16848240    0.17091911    0.18571870    0.26059092    0.26994437    0.27033332    0.25479189    0.27233579    0.25990321    0.25550412    0.28447960    0.26059092    0.28832509    0.27310155    0.29033340    0.30437116    0.30149591    0.27906788    0.23470898    0.25550412    0.33872787
T13            0.22221435    0.16314632    0.00000000    0.01620807    0.01414110    0.05831509    0.18964313    0.18503554    0.17984625    0.18254299    0.19829361    0.18462469    0.17534270    0.21868096    0.19552972    0.22912260    0.21808173    0.24838624    0.23470898    0.24100082    0.21779636    0.16413556    0.19624966    0.25717204
T7             0.23971983    0.16848240    0.01620807    0.00000000    0.00602721    0.06714655    0.19743152    0.19278104    0.19576059    0.19300431    0.20899260    0.19509543    0.18571870    0.23639431    0.21234747    0.24704765    0.22975175    0.26059092    0.24669410    0.25936564    0.23535363    0.18005926    0.21321058    0.27588047
T10            0.23647290    0.17091911    0.01414110    0.00602721    0.00000000    0.06487346    0.19451310    0.18984073    0.19278104    0.19004742    0.20594793    0.19216596    0.18276332    0.23305037    0.20924404    0.24367073    0.23238419    0.26333059    0.24938319    0.25587568    0.23206576    0.17716401    0.21005458    0.27233579
T16            0.26721884    0.18571870    0.05831509    0.06714655    0.06487346    0.00000000    0.22392684    0.20829492    0.20851801    0.21415500    0.21911970    0.21628527    0.20386776    0.25751166    0.23593030    0.25925765    0.25077790    0.26999646    0.26507139    0.26849547    0.24450343    0.19489208    0.21699755    0.29166947
T14            0.25508887    0.26059092    0.18964313    0.19743152    0.19451310    0.22392684    0.00000000    0.05389856    0.10282940    0.11456939    0.12393065    0.11440449    0.10760803    0.26298244    0.25262624    0.28280802    0.25925765    0.28496677    0.28634716    0.28108470    0.25895074    0.20316092    0.24333643    0.30138659
T5             0.24963922    0.26994437    0.18503554    0.19278104    0.18984073    0.20829492    0.05389856    0.00000000    0.09828193    0.10760803    0.11688233    0.10744614    0.09606948    0.25140954    0.23886469    0.27651380    0.25380117    0.26752175    0.27196906    0.25990321    0.24450343    0.19723918    0.23675928    0.28598515
T20            0.24748158    0.27033332    0.17984625    0.19576059    0.19278104    0.20851801    0.10282940    0.09828193    0.00000000    0.07155608    0.08039226    0.07587682    0.06944649    0.23736205    0.22173608    0.25535474    0.23327076    0.25809384    0.26231796    0.25412103    0.23593030    0.20018014    0.23175713    0.28315987
T1             0.26200168    0.25479189    0.18254299    0.19300431    0.19004742    0.21415500    0.11456939    0.10760803    0.07155608    0.00000000    0.04545302    0.04116994    0.03073375    0.25174084    0.23276541    0.27371832    0.24507833    0.27029797    0.26849547    0.26643860    0.24478575    0.20294398    0.24301219    0.29850740
T11            0.26721884    0.27233579    0.19829361    0.20899260    0.20594793    0.21911970    0.12393065    0.11688233    0.08039226    0.04545302    0.00000000    0.02862831    0.03910387    0.25684287    0.23496656    0.26721884    0.25018772    0.27558460    0.27999280    0.26849547    0.24693012    0.20787729    0.24210015    0.30063832
T12            0.24913267    0.25990321    0.18462469    0.19509543    0.19216596    0.21628527    0.11440449    0.10744614    0.07587682    0.04116994    0.02862831    0.00000000    0.03485720    0.23353848    0.21827409    0.25262624    0.22436227    0.24889521    0.25290424    0.24478575    0.22413958    0.19688255    0.23619657    0.29418138
T17            0.25349174    0.25550412    0.17534270    0.18571870    0.18276332    0.20386776    0.10760803    0.09606948    0.06944649    0.03073375    0.03910387    0.03485720    0.00000000    0.23145834    0.21889359    0.25895074    0.23089035    0.25563124    0.25990321    0.25174084    0.23062120    0.19509543    0.22882264    0.29278347
T6             0.21156907    0.28447960    0.21868096    0.23639431    0.23305037    0.25751166    0.26298244    0.25140954    0.23736205    0.25174084    0.25684287    0.23353848    0.23145834    0.00000000    0.11260270    0.14154933    0.11765058    0.13891180    0.14200833    0.12964104    0.11270662    0.18254299    0.20157478    0.26994437
T22            0.20273644    0.26059092    0.19552972    0.21234747    0.20924404    0.23593030    0.25262624    0.23886469    0.22173608    0.23276541    0.23496656    0.21827409    0.21889359    0.11260270    0.00000000    0.06720898    0.04982395    0.08710403    0.08972634    0.08289654    0.06937905    0.16624769    0.20107290    0.25380117
T23            0.22722924    0.28832509    0.22912260    0.24704765    0.24367073    0.25925765    0.28280802    0.27651380    0.25535474    0.27371832    0.26721884    0.25262624    0.25895074    0.14154933    0.06720898    0.00000000    0.06944649    0.11012493    0.11293747    0.09409979    0.08494893    0.19806424    0.23736205    0.28993854
T15            0.21440356    0.27310155    0.21808173    0.22975175    0.23238419    0.25077790    0.25925765    0.25380117    0.23327076    0.24507833    0.25018772    0.22436227    0.23089035    0.11765058    0.04982395    0.06944649    0.00000000    0.08494893    0.08298792    0.08539643    0.07177357    0.17716401    0.21291351    0.26680703
T4             0.22413958    0.29033340    0.24838624    0.26059092    0.26333059    0.26999646    0.28496677    0.26752175    0.25809384    0.27029797    0.27558460    0.24889521    0.25563124    0.13891180    0.08710403    0.11012493    0.08494893    0.00000000    0.03488882    0.08724297    0.07593122    0.19469795    0.23116940    0.29278347
T18            0.22798156    0.30437116    0.23470898    0.24669410    0.24938319    0.26507139    0.28634716    0.27196906    0.26231796    0.26849547    0.27999280    0.25290424    0.25990321    0.14200833    0.08972634    0.11293747    0.08298792    0.03488882    0.00000000    0.08993409    0.07849823    0.19829361    0.23535363    0.29772026
T21            0.21391601    0.30149591    0.24100082    0.25936564    0.25587568    0.26849547    0.28108470    0.25990321    0.25412103    0.26643860    0.26849547    0.24478575    0.25174084    0.12964104    0.08289654    0.09409979    0.08539643    0.08724297    0.08993409    0.00000000    0.03697602    0.19026317    0.22097375    0.27627883
T2             0.20018014    0.27906788    0.21779636    0.23535363    0.23206576    0.24450343    0.25895074    0.24450343    0.23593030    0.24478575    0.24693012    0.22413958    0.23062120    0.11270662    0.06937905    0.08494893    0.07177357    0.07593122    0.07849823    0.03697602    0.00000000    0.16902686    0.20694050    0.26405855
T0             0.13654760    0.23470898    0.16413556    0.18005926    0.17716401    0.19489208    0.20316092    0.19723918    0.20018014    0.20294398    0.20787729    0.19688255    0.19509543    0.18254299    0.16624769    0.19806424    0.17716401    0.19469795    0.19829361    0.19026317    0.16902686    0.00000000    0.10624162    0.16170275
T19            0.15704668    0.25550412    0.19624966    0.21321058    0.21005458    0.21699755    0.24333643    0.23675928    0.23175713    0.24301219    0.24210015    0.23619657    0.22882264    0.20157478    0.20107290    0.23736205    0.21291351    0.23116940    0.23535363    0.22097375    0.20694050    0.10624162    0.00000000    0.19147688
T3             0.23238419    0.33872787    0.25717204    0.27588047    0.27233579    0.29166947    0.30138659    0.28598515    0.28315987    0.29850740    0.30063832    0.29418138    0.29278347    0.26994437    0.25380117    0.28993854    0.26680703    0.29278347    0.29772026    0.27627883    0.26405855    0.16170275    0.19147688    0.00000000

