24
T20            0.00000000    0.24905279    0.25078810    0.25175290    0.25263449    0.24693801    0.26170587    0.21586377    0.19688600    0.21629115    0.20274143    0.19615742    0.21774631    0.18612709    0.18323733    0.18299896    0.18597139    0.21322059    0.19784971    0.20412971    0.21675735    0.19724350    0.19278684    0.14870668
T8             0.24905279    0.00000000    0.07849941    0.07631085    0.07155666    0.07149806    0.32305278    0.26524580    0.24974926    0.24208037    0.23835318    0.21416197    0.22747709    0.23176730    0.24245596    0.24818394    0.25250589    0.27337359    0.25860747    0.25048638    0.29108727    0.27245657    0.26422118    0.21809113
T21            0.25078810    0.07849941    0.00000000    0.02855421    0.08045762    0.07599340    0.31746098    0.26682139    0.25142098    0.25281030    0.23117846    0.21046664    0.22090186    0.23062917    0.23869983    0.24438289    0.24550774    0.26608002    0.23972978    0.24670689    0.28684567    0.26210774    0.25395966    0.22854161
T22            0.25175290    0.07631085    0.02855421    0.00000000    0.07599340    0.07155666    0.30873256    0.26171617    0.24871985    0.24706106    0.22329713    0.21110364    0.21306083    0.22854161    0.23078124    0.23640785    0.24058076    0.26105312    0.22883233    0.24171468    0.28170264    0.25706845    0.23753823    0.21780525
T14            0.25263449    0.07155666    0.08045762    0.07599340    0.00000000    0.00401105    0.31554753    0.25926819    0.25320224    0.25142098    0.23302038    0.21251660    0.22582656    0.22436832    0.24035141    0.24003557    0.23570309    0.25589023    0.25048720    0.24003557    0.27629514    0.25752421    0.25551802    0.22747709
T2             0.24693801    0.07149806    0.07599340    0.07155666    0.00401105    0.00000000    0.30926591    0.25350185    0.24749067    0.24570512    0.22747709    0.20716004    0.22037606    0.22174225    0.23471964    0.23441156    0.23306279    0.25318323    0.24479494    0.23441156    0.27034901    0.25175290    0.24974926    0.22197700
T11            0.26170587    0.32305278    0.31746098    0.30873256    0.31554753    0.30926591    0.00000000    0.05189887    0.18375805    0.20039493    0.23062917    0.24348356    0.25484054    0.26232906    0.25653482    0.26232906    0.26958038    0.26540882    0.27309508    0.27720131    0.31894149    0.29075631    0.30105448    0.23036942
T5             0.21586377    0.26524580    0.26682139    0.26171617    0.25926819    0.25350185    0.05189887    0.00000000    0.13364316    0.14884631    0.18175461    0.19672133    0.21009016    0.21066937    0.21700493    0.21960841    0.22040468    0.21675735    0.22414512    0.22197700    0.25926819    0.24182514    0.24570512    0.18157846
T19            0.19688600    0.24974926    0.25142098    0.24871985    0.25320224    0.24749067    0.18375805    0.13364316    0.00000000    0.06055641    0.16337049    0.17548745    0.17809278    0.18083342    0.19324332    0.18798693    0.18776025    0.20084224    0.20808658    0.20039493    0.22772841    0.20788206    0.20618878    0.17101852
T12            0.21629115    0.24208037    0.25281030    0.24706106    0.25142098    0.24570512    0.20039493    0.14884631    0.06055641    0.00000000    0.18175461    0.19132753    0.19401714    0.19180550    0.21521532    0.21208659    0.19600761    0.21493773    0.21700493    0.21493773    0.24539151    0.22247586    0.22620645    0.18694346
T6             0.20274143    0.23835318    0.23117846    0.22329713    0.23302038    0.22747709    0.23062917    0.18175461    0.16337049    0.18175461    0.00000000    0.14593893    0.16092845    0.15652272    0.20158260    0.19853914    0.18548853    0.20978364    0.19743627    0.18984576    0.23117846    0.21675735    0.21809113    0.17166362
T1             0.19615742    0.21416197    0.21046664    0.21110364    0.21251660    0.20716004    0.24348356    0.19672133    0.17548745    0.19132753    0.14593893    0.00000000    0.03488902    0.11471970    0.19451709    0.19163687    0.17611752    0.19163687    0.19093380    0.18865234    0.21286965    0.20184341    0.19961237    0.17299677
T10            0.21774631    0.22747709    0.22090186    0.21306083    0.22582656    0.22037606    0.25484054    0.21009016    0.17809278    0.19401714    0.16092845    0.03488902    0.00000000    0.12884530    0.20788206    0.20492299    0.18375805    0.19944026    0.19872261    0.19642036    0.22372856    0.21251660    0.21586377    0.18612709
T0             0.18612709    0.23176730    0.23062917    0.22854161    0.22436832    0.22174225    0.26232906    0.21066937    0.18083342    0.19180550    0.15652272    0.11471970    0.12884530    0.00000000    0.20899974    0.20316682    0.19049425    0.21493773    0.20530701    0.19763835    0.22151733    0.20511024    0.21133512    0.18391419
T16            0.18323733    0.24245596    0.23869983    0.23078124    0.24035141    0.23471964    0.25653482    0.21700493    0.19324332    0.21521532    0.20158260    0.19451709    0.20788206    0.20899974    0.00000000    0.02447270    0.10701628    0.12369692    0.11548887    0.11593342    0.15005542    0.13477944    0.12563451    0.17044510
T4             0.18299896    0.24818394    0.24438289    0.23640785    0.24003557    0.23441156    0.26232906    0.21960841    0.18798693    0.21208659    0.19853914    0.19163687    0.20492299    0.20316682    0.02447270    0.00000000    0.10653079    0.12812945    0.11995736    0.12036891    0.14948786    0.13432820    0.13010510    0.16714031
T9             0.18597139    0.25250589    0.24550774    0.24058076    0.23570309    0.23306279    0.26958038    0.22040468    0.18776025    0.19600761    0.18548853    0.17611752    0.18375805    0.19049425    0.10701628    0.10653079    0.00000000    0.03919213    0.07169493    0.07651169    0.13549219    0.12052150    0.12389379    0.16557517
T18            0.21322059    0.27337359    0.26608002    0.26105312    0.25589023    0.25318323    0.26540882    0.21675735    0.20084224    0.21493773    0.20978364    0.19163687    0.19944026    0.21493773    0.12369692    0.12812945    0.03919213    0.00000000    0.08510744    0.09239330    0.16028092    0.14985806    0.14832038    0.18925396
T15            0.19784971    0.25860747    0.23972978    0.22883233    0.25048720    0.24479494    0.27309508    0.22414512    0.20808658    0.21700493    0.19743627    0.19093380    0.19872261    0.20530701    0.11548887    0.11995736    0.07169493    0.08510744    0.00000000    0.06061104    0.15411185    0.13918347    0.13462105    0.17184681
T17            0.20412971    0.25048638    0.24670689    0.24171468    0.24003557    0.23441156    0.27720131    0.22197700    0.20039493    0.21493773    0.18984576    0.18865234    0.19642036    0.19763835    0.11593342    0.12036891    0.07651169    0.09239330    0.06061104    0.00000000    0.15285980    0.13964852    0.14018587    0.17781374
T3             0.21675735    0.29108727    0.28684567    0.28170264    0.27629514    0.27034901    0.31894149    0.25926819    0.22772841    0.24539151    0.23117846    0.21286965    0.22372856    0.22151733    0.15005542    0.14948786    0.13549219    0.16028092    0.15411185    0.15285980    0.00000000    0.05846460    0.08088879    0.20212211
T23            0.19724350    0.27245657    0.26210774    0.25706845    0.25752421    0.25175290    0.29075631    0.24182514    0.20788206    0.22247586    0.21675735    0.20184341    0.21251660    0.20511024    0.13477944    0.13432820    0.12052150    0.14985806    0.13918347    0.13964852    0.05846460    0.00000000    0.05621466    0.18006500
T13            0.19278684    0.26422118    0.25395966    0.23753823    0.25551802    0.24974926    0.30105448    0.24570512    0.20618878    0.22620645    0.21809113    0.19961237    0.21586377    0.21133512    0.12563451    0.13010510    0.12389379    0.14832038    0.13462105    0.14018587    0.08088879    0.05621466    0.00000000    0.18622608
T7             0.14870668    0.21809113    0.22854161    0.21780525    0.22747709    0.22197700    0.23036942    0.18157846    0.17101852    0.18694346    0.17166362    0.17299677    0.18612709    0.18391419    0.17044510    0.16714031    0.16557517    0.18925396    0.17184681    0.17781374    0.20212211    0.18006500    0.18622608    0.00000000

