24
T5             0.00000000    0.37359513    0.38103127    0.38218439    0.37729937    0.38857971    0.29352294    0.29352294    0.32133744    0.29272870    0.29272870    0.36678287    0.39064407    0.32226120    0.31123492    0.29924415    0.39041670    0.32089366    0.30253399    0.32618986    0.31884780    0.29809963    0.33024805    0.33670353
T4             0.37359513    0.00000000    0.01620784    0.02236451    0.10328704    0.10565118    0.19996294    0.21107522    0.23274036    0.20785942    0.20785942    0.28492667    0.27865642    0.23857177    0.23564756    0.22481134    0.28311205    0.25315813    0.25074092    0.24178472    0.23564756    0.21366457    0.24910794    0.24550912
T20            0.38103127    0.01620784    0.00000000    0.02653123    0.10093402    0.10328704    0.20271794    0.21389232    0.23274036    0.21064512    0.21064512    0.29127657    0.28492667    0.24447200    0.24151318    0.23059218    0.28950255    0.25617955    0.25680213    0.24773766    0.23857177    0.21648962    0.25506085    0.25137471
T13            0.38218439    0.02236451    0.02653123    0.00000000    0.10565118    0.10565118    0.20548820    0.21672538    0.23857177    0.21344643    0.21344643    0.30095526    0.29127657    0.23910763    0.24151318    0.23059218    0.28629709    0.25921933    0.25680213    0.24773766    0.24447200    0.21933074    0.25207553    0.24887247
T1             0.37729937    0.10328704    0.10093402    0.10565118    0.00000000    0.00603630    0.18943903    0.19487418    0.21604712    0.19178790    0.19178790    0.28558934    0.28242447    0.22744441    0.22457064    0.21672538    0.27367691    0.22433980    0.23350786    0.23059218    0.22795227    0.20849541    0.24030941    0.23147821
T17            0.38857971    0.10565118    0.10328704    0.10565118    0.00603630    0.00000000    0.19761408    0.20313935    0.22457064    0.19996294    0.19996294    0.28877438    0.28558934    0.22744441    0.22744441    0.21957459    0.27680221    0.22720534    0.23644065    0.23350786    0.23085947    0.21130459    0.24322508    0.23147821
T10            0.29352294    0.19996294    0.20271794    0.20548820    0.18943903    0.19761408    0.00000000    0.01833207    0.03492602    0.01415444    0.01415444    0.11994734    0.13695755    0.09204718    0.08740665    0.08539086    0.15222665    0.09897543    0.14726616    0.14726616    0.15003295    0.13008917    0.17377726    0.17429037
T18            0.29352294    0.21107522    0.21389232    0.21672538    0.19487418    0.20313935    0.01833207    0.00000000    0.04565619    0.02450685    0.02450685    0.12238646    0.14964919    0.10384056    0.09908977    0.09710137    0.16531713    0.11090959    0.15501866    0.15501866    0.16312344    0.13762735    0.17906859    0.18231239
T0             0.32133744    0.23274036    0.23274036    0.23857177    0.21604712    0.22457064    0.03492602    0.04565619    0.00000000    0.03705370    0.03705370    0.15169264    0.16956282    0.12252084    0.11764257    0.11318974    0.18025904    0.12021189    0.17509703    0.17778537    0.17801597    0.15722206    0.19196395    0.20081245
T21            0.29272870    0.20785942    0.21064512    0.21344643    0.19178790    0.19996294    0.01415444    0.02450685    0.03705370    0.00000000    0.00000000    0.12703126    0.14420881    0.09886846    0.09418445    0.08982121    0.15186239    0.10133958    0.14946957    0.14946957    0.15222665    0.13226373    0.17610419    0.17658514
T6             0.29272870    0.20785942    0.21064512    0.21344643    0.19178790    0.19996294    0.01415444    0.02450685    0.03705370    0.00000000    0.00000000    0.12703126    0.14420881    0.09886846    0.09418445    0.08982121    0.15186239    0.10133958    0.14946957    0.14946957    0.15222665    0.13226373    0.17610419    0.17658514
T19            0.36678287    0.28492667    0.29127657    0.30095526    0.28558934    0.28877438    0.11994734    0.12238646    0.15169264    0.12703126    0.12703126    0.00000000    0.16468106    0.18795768    0.17982692    0.18048825    0.23234388    0.19370152    0.23732399    0.23202737    0.23172065    0.21776442    0.27615422    0.26535493
T22            0.39064407    0.27865642    0.28492667    0.29127657    0.28242447    0.28558934    0.13695755    0.14964919    0.16956282    0.14420881    0.14420881    0.16468106    0.00000000    0.18751693    0.18751693    0.17735026    0.24062371    0.19046525    0.24565466    0.23968394    0.24235836    0.22009131    0.28311205    0.26535493
T11            0.32226120    0.23857177    0.24447200    0.23910763    0.22744441    0.22744441    0.09204718    0.10384056    0.12252084    0.09886846    0.09886846    0.18795768    0.18751693    0.00000000    0.04327633    0.05852501    0.12992869    0.07613376    0.16673919    0.16673919    0.17982692    0.15944513    0.20766651    0.19761408
T3             0.31123492    0.23564756    0.24151318    0.24151318    0.22457064    0.22744441    0.08740665    0.09908977    0.11764257    0.09418445    0.09418445    0.17982692    0.18751693    0.04327633    0.00000000    0.05412929    0.12007575    0.07387126    0.15892613    0.15892613    0.17182630    0.15169264    0.20490390    0.19722305
T15            0.29924415    0.22481134    0.23059218    0.23059218    0.21672538    0.21957459    0.08539086    0.09710137    0.11318974    0.08982121    0.08982121    0.18048825    0.17735026    0.05852501    0.05412929    0.00000000    0.12297040    0.06735139    0.15426347    0.15944513    0.16448595    0.14708495    0.19449808    0.18962611
T2             0.39041670    0.28311205    0.28950255    0.28629709    0.27367691    0.27680221    0.15222665    0.16531713    0.18025904    0.15186239    0.15186239    0.23234388    0.24062371    0.12992869    0.12007575    0.12297040    0.00000000    0.11534549    0.24030044    0.24030044    0.23701956    0.22939378    0.26441656    0.27714275
T14            0.32089366    0.25315813    0.25617955    0.25921933    0.22433980    0.22720534    0.09897543    0.11090959    0.12021189    0.10133958    0.10133958    0.19370152    0.19046525    0.07613376    0.07387126    0.06735139    0.11534549    0.00000000    0.17714580    0.17982692    0.19046525    0.16711767    0.21025344    0.21085538
T12            0.30253399    0.25074092    0.25680213    0.25680213    0.23350786    0.23644065    0.14726616    0.15501866    0.17509703    0.14946957    0.14946957    0.23732399    0.24565466    0.16673919    0.15892613    0.15426347    0.24030044    0.17714580    0.00000000    0.04128488    0.09908977    0.08992811    0.18173541    0.17130777
T8             0.32618986    0.24178472    0.24773766    0.24773766    0.23059218    0.23350786    0.14726616    0.15501866    0.17778537    0.14946957    0.14946957    0.23202737    0.23968394    0.16673919    0.15892613    0.15944513    0.24030044    0.17982692    0.04128488    0.00000000    0.10623300    0.09461213    0.18943903    0.17393949
T9             0.31884780    0.23564756    0.23857177    0.24447200    0.22795227    0.23085947    0.15003295    0.16312344    0.17801597    0.15222665    0.15222665    0.23172065    0.24235836    0.17982692    0.17182630    0.16448595    0.23701956    0.19046525    0.09908977    0.10623300    0.00000000    0.05189734    0.19468151    0.17641593
T16            0.29809963    0.21366457    0.21648962    0.21933074    0.20849541    0.21130459    0.13008917    0.13762735    0.15722206    0.13226373    0.13226373    0.21776442    0.22009131    0.15944513    0.15169264    0.14708495    0.22939378    0.16711767    0.08992811    0.09461213    0.05189734    0.00000000    0.17429037    0.15650657
T7             0.33024805    0.24910794    0.25506085    0.25207553    0.24030941    0.24322508    0.17377726    0.17906859    0.19196395    0.17610419    0.17610419    0.27615422    0.28311205    0.20766651    0.20490390    0.19449808    0.26441656    0.21025344    0.18173541    0.18943903    0.19468151    0.17429037    0.00000000    0.07387126
T23            0.33670353    0.24550912    0.25137471    0.24887247    0.23147821    0.23147821    0.17429037    0.18231239    0.20081245    0.17658514    0.17658514    0.26535493    0.26535493    0.19761408    0.19722305    0.18962611    0.27714275    0.21085538    0.17130777    0.17393949    0.17641593    0.15650657    0.07387126    0.00000000

