24
T16            0.00000000    0.39308039    0.41378313    0.40168335    0.40242497    0.36226826    0.32090916    0.32386839    0.32090916    0.34219157    0.34575083    0.30919236    0.26261285    0.22587922    0.22587922    0.21518015    0.21413701    0.21673316    0.20384731    0.26952438    0.27266939    0.24934528    0.25204509    0.22037074
T23            0.39308039    0.00000000    0.03904210    0.03062078    0.03063031    0.18320968    0.44440804    0.42880994    0.45691114    0.47330826    0.47330826    0.44575741    0.40798747    0.39700271    0.40494090    0.39918009    0.41224596    0.41300719    0.41224596    0.45348261    0.44917129    0.47042590    0.47467189    0.43970729
T20            0.41378313    0.03904210    0.00000000    0.01210946    0.01212485    0.19674937    0.46897832    0.46823891    0.49101315    0.49468256    0.49468256    0.47487674    0.44251745    0.43126645    0.43970729    0.43801774    0.44742005    0.44829312    0.44312722    0.48641526    0.48184789    0.49984196    0.50407356    0.46311892
T8             0.40168335    0.03062078    0.01210946    0.00000000    0.00401105    0.18843830    0.46468555    0.45552380    0.47767604    0.48571168    0.48571168    0.46188622    0.43833247    0.42709888    0.43546905    0.43376145    0.44312722    0.44398177    0.43887094    0.48184789    0.47732188    0.49984196    0.50407356    0.45871257
T22            0.40242497    0.03063031    0.01212485    0.00401105    0.00000000    0.18868958    0.45691114    0.45620906    0.47847074    0.48652779    0.48652779    0.46264008    0.43492447    0.42374742    0.43208271    0.43038569    0.43970729    0.44055934    0.43546905    0.47825124    0.47374562    0.49616533    0.50037322    0.45522316
T5             0.36226826    0.18320968    0.19674937    0.18843830    0.18868958    0.00000000    0.39819003    0.39753436    0.40606566    0.44228851    0.44656298    0.40349772    0.43376145    0.42295049    0.42718877    0.42142936    0.42384729    0.42718877    0.39904343    0.45289902    0.45734459    0.45485398    0.46083701    0.41788356
T4             0.32090916    0.44440804    0.46897832    0.46468555    0.45691114    0.39819003    0.00000000    0.02238873    0.02870863    0.08782754    0.09016407    0.06081234    0.40369027    0.36266599    0.36628973    0.35696142    0.36942607    0.36892586    0.35337666    0.37573982    0.37943044    0.38424428    0.40668579    0.36680385
T3             0.32386839    0.42880994    0.46823891    0.45552380    0.45620906    0.39753436    0.02238873    0.00000000    0.02656416    0.08308203    0.08539157    0.05632270    0.42798383    0.38539631    0.38919925    0.37962352    0.39241925    0.39182143    0.37586348    0.39890217    0.40277883    0.40798747    0.43153215    0.38981084
T6             0.32090916    0.45691114    0.49101315    0.47767604    0.47847074    0.40606566    0.02870863    0.02656416    0.00000000    0.09251158    0.09487016    0.06527677    0.43956871    0.38860180    0.39241925    0.39043656    0.40340696    0.40277883    0.38660446    0.40605709    0.40997937    0.41128256    0.43492447    0.39689304
T15            0.34219157    0.47330826    0.49468256    0.48571168    0.48652779    0.44228851    0.08782754    0.08308203    0.09251158    0.00000000    0.00200401    0.03289343    0.45988727    0.40866042    0.41264525    0.40537908    0.41859330    0.41791749    0.40144133    0.41995004    0.42395079    0.43079139    0.45961682    0.41999031
T14            0.34575083    0.47330826    0.49468256    0.48571168    0.48652779    0.44656298    0.09016407    0.08539157    0.09487016    0.00200401    0.00000000    0.03502113    0.46419857    0.41264525    0.41666211    0.40934810    0.42262634    0.42193433    0.40537908    0.42395079    0.42798383    0.43492447    0.46398464    0.42405617
T17            0.30919236    0.44575741    0.47487674    0.46188622    0.46264008    0.40349772    0.06081234    0.05632270    0.06527677    0.03289343    0.03502113    0.00000000    0.42866237    0.37962352    0.38341206    0.37645929    0.38919925    0.38860180    0.36530460    0.39066865    0.39447157    0.40078480    0.42405617    0.38280151
T1             0.26261285    0.40798747    0.44251745    0.43833247    0.43492447    0.43376145    0.40369027    0.42798383    0.43956871    0.45988727    0.46419857    0.42866237    0.00000000    0.13446007    0.12949703    0.12007772    0.13431906    0.13418608    0.14183836    0.20360431    0.20640565    0.19622767    0.20105380    0.16997593
T13            0.22587922    0.39700271    0.43126645    0.42709888    0.42374742    0.42295049    0.36266599    0.38539631    0.38860180    0.40866042    0.41264525    0.37962352    0.13446007    0.00000000    0.01617890    0.04349178    0.06743452    0.06735187    0.09673230    0.15926741    0.16187173    0.14965189    0.15426690    0.13009100
T11            0.22587922    0.40494090    0.43970729    0.43546905    0.43208271    0.42718877    0.36628973    0.38919925    0.39241925    0.41264525    0.41666211    0.38341206    0.12949703    0.01617890    0.00000000    0.03919061    0.06519230    0.06511468    0.09652235    0.15409912    0.15667658    0.14453648    0.14913838    0.12512795
T10            0.21518015    0.39918009    0.43801774    0.43376145    0.43038569    0.42142936    0.35696142    0.37962352    0.39043656    0.40537908    0.40934810    0.37645929    0.12007772    0.04349178    0.03919061    0.00000000    0.05432951    0.05425621    0.08982216    0.14691481    0.14947249    0.13998180    0.14453648    0.12066771
T21            0.21413701    0.41224596    0.44742005    0.44312722    0.43970729    0.42384729    0.36942607    0.39241925    0.40340696    0.41859330    0.42262634    0.38919925    0.13431906    0.06743452    0.06519230    0.05432951    0.00000000    0.00200302    0.10586300    0.16692818    0.16956687    0.15983615    0.16225614    0.13493099
T2             0.21673316    0.41300719    0.44829312    0.44398177    0.44055934    0.42718877    0.36892586    0.39182143    0.40277883    0.41791749    0.42193433    0.38860180    0.13418608    0.06735187    0.06511468    0.05425621    0.00200302    0.00000000    0.10813532    0.16937524    0.17202091    0.16225614    0.16468455    0.13727876
T12            0.20384731    0.41224596    0.44312722    0.43887094    0.43546905    0.39904343    0.35337666    0.37586348    0.38660446    0.40144133    0.40537908    0.36530460    0.14183836    0.09673230    0.09652235    0.08982216    0.10586300    0.10813532    0.00000000    0.13681295    0.13931934    0.12252282    0.12703386    0.10610295
T0             0.26952438    0.45348261    0.48641526    0.48184789    0.47825124    0.45289902    0.37573982    0.39890217    0.40605709    0.41995004    0.42395079    0.39066865    0.20360431    0.15926741    0.15409912    0.14691481    0.16692818    0.16937524    0.13681295    0.00000000    0.00200401    0.08289344    0.08724107    0.08946756
T18            0.27266939    0.44917129    0.48184789    0.47732188    0.47374562    0.45734459    0.37943044    0.40277883    0.40997937    0.42395079    0.42798383    0.39447157    0.20640565    0.16187173    0.15667658    0.14947249    0.16956687    0.17202091    0.13931934    0.00200401    0.00000000    0.08519236    0.08954528    0.09177710
T7             0.24934528    0.47042590    0.49984196    0.49984196    0.49616533    0.45485398    0.38424428    0.40798747    0.41128256    0.43079139    0.43492447    0.40078480    0.19622767    0.14965189    0.14453648    0.13998180    0.15983615    0.16225614    0.12252282    0.08289344    0.08519236    0.00000000    0.02028061    0.08732077
T19            0.25204509    0.47467189    0.50407356    0.50407356    0.50037322    0.46083701    0.40668579    0.43153215    0.43492447    0.45961682    0.46398464    0.42405617    0.20105380    0.15426690    0.14913838    0.14453648    0.16225614    0.16468455    0.12703386    0.08724107    0.08954528    0.02028061    0.00000000    0.09401627
T9             0.22037074    0.43970729    0.46311892    0.45871257    0.45522316    0.41788356    0.36680385    0.38981084    0.39689304    0.41999031    0.42405617    0.38280151    0.16997593    0.13009100    0.12512795    0.12066771    0.13493099    0.13727876    0.10610295    0.08946756    0.09177710    0.08732077    0.09401627    0.00000000

