24
T2             0.00000000    0.44380756    0.40109520    0.38578800    0.38436265    0.37749086    0.35604672    0.39270607    0.38989370    0.38806869    0.40344121    0.36898427    0.36898427    0.12252694    0.12471083    0.12716828    0.27509834    0.24299810    0.10426732    0.09685149    0.08318965    0.11548308    0.11535084    0.12252694
T15            0.44380756    0.00000000    0.26480619    0.24299810    0.24241926    0.23673950    0.22848604    0.25392020    0.26646613    0.25162620    0.26836162    0.24241926    0.24241926    0.40438894    0.39781645    0.39314546    0.57546534    0.57460233    0.43287485    0.43692658    0.41756071    0.45361439    0.42825240    0.42261326
T18            0.40109520    0.26480619    0.00000000    0.05867282    0.10134385    0.08972472    0.08298623    0.11041776    0.10850504    0.11791661    0.12730723    0.10159162    0.10159162    0.34744260    0.33737055    0.34351813    0.53645197    0.54501852    0.40592415    0.40977296    0.37658738    0.42599778    0.40923133    0.41151712
T4             0.38578800    0.24299810    0.05867282    0.00000000    0.08266511    0.07144636    0.06931829    0.09387688    0.09418772    0.09868010    0.10547469    0.08281131    0.08281131    0.33711386    0.32727336    0.33336086    0.54368082    0.55369342    0.38665662    0.39781645    0.36543621    0.40630205    0.38989370    0.38861641
T16            0.38436265    0.24241926    0.10134385    0.08266511    0.00000000    0.01623183    0.03069799    0.06498089    0.07869303    0.08078524    0.09186183    0.06735336    0.06735336    0.34128137    0.33127651    0.33737055    0.54106442    0.54038469    0.39180245    0.39556432    0.36309296    0.40014569    0.38022592    0.37533874
T14            0.37749086    0.23673950    0.08972472    0.07144636    0.01623183    0.00000000    0.02236469    0.05621401    0.06968875    0.07177223    0.08732233    0.06296148    0.06296148    0.33487482    0.32496913    0.33101512    0.53254042    0.53645197    0.38484849    0.38856836    0.35644258    0.40061292    0.38068389    0.37574069
T22            0.35604672    0.22848604    0.08298623    0.06931829    0.03069799    0.02236469    0.00000000    0.04545285    0.06296148    0.06743624    0.07606061    0.05206420    0.05206420    0.31897491    0.30932435    0.31525608    0.50381502    0.50758508    0.35685198    0.35685198    0.32642723    0.36859374    0.34947008    0.34498095
T0             0.39270607    0.25392020    0.11041776    0.09387688    0.06498089    0.05621401    0.04545285    0.00000000    0.09428389    0.10159162    0.10598243    0.08539417    0.08539417    0.35708458    0.35365826    0.35992940    0.55701143    0.54243011    0.39733339    0.40109520    0.37574069    0.40586758    0.38578800    0.38459500
T8             0.38989370    0.26646613    0.10850504    0.09418772    0.07869303    0.06968875    0.06296148    0.09428389    0.00000000    0.10397865    0.10837517    0.08330198    0.08330198    0.35427194    0.34406263    0.35025529    0.55369342    0.54176557    0.38711279    0.39831438    0.36582814    0.40675193    0.38665662    0.38537563
T21            0.38806869    0.25162620    0.11791661    0.09868010    0.08078524    0.07177223    0.06743624    0.10159162    0.10397865    0.00000000    0.04969175    0.02653153    0.02653153    0.34531394    0.32852594    0.34128137    0.53322010    0.55272007    0.40045425    0.41209101    0.37845085    0.41643235    0.39231613    0.39081881
T11            0.40344121    0.26836162    0.12730723    0.10547469    0.09186183    0.08732233    0.07606061    0.10598243    0.10837517    0.04969175    0.00000000    0.02232998    0.02232998    0.36717293    0.35678683    0.36308609    0.53908964    0.55516299    0.40819372    0.41202771    0.37893791    0.42061069    0.39641203    0.39514249
T20            0.36898427    0.24241926    0.10159162    0.08281131    0.06735336    0.06296148    0.05206420    0.08539417    0.08330198    0.02653153    0.02232998    0.00000000    0.00000000    0.33458924    0.32471622    0.33076695    0.52735291    0.53254042    0.38436265    0.38806869    0.35604672    0.39641203    0.37297515    0.37176532
T10            0.36898427    0.24241926    0.10159162    0.08281131    0.06735336    0.06296148    0.05206420    0.08539417    0.08330198    0.02653153    0.02232998    0.00000000    0.00000000    0.33458924    0.32471622    0.33076695    0.52735291    0.53254042    0.38436265    0.38806869    0.35604672    0.39641203    0.37297515    0.37176532
T12            0.12252694    0.40438894    0.34744260    0.33711386    0.34128137    0.33487482    0.31897491    0.35708458    0.35427194    0.34531394    0.36717293    0.33458924    0.33458924    0.00000000    0.03272678    0.03272678    0.28812344    0.26415128    0.13567778    0.13026538    0.11592544    0.14509196    0.14234911    0.14984704
T19            0.12471083    0.39781645    0.33737055    0.32727336    0.33127651    0.32496913    0.30932435    0.35365826    0.34406263    0.32852594    0.35678683    0.32471622    0.32471622    0.03272678    0.00000000    0.01617890    0.28748459    0.26359987    0.13529165    0.12993592    0.11562294    0.14984704    0.14200389    0.14947883
T7             0.12716828    0.39314546    0.34351813    0.33336086    0.33737055    0.33101512    0.31525608    0.35992940    0.35025529    0.34128137    0.36308609    0.33076695    0.33076695    0.03272678    0.01617890    0.00000000    0.28748459    0.26415128    0.14036903    0.13493700    0.12051388    0.15502972    0.14709413    0.15463474
T5             0.27509834    0.57546534    0.53645197    0.54368082    0.54106442    0.53254042    0.50381502    0.55701143    0.55369342    0.53322010    0.53908964    0.52735291    0.52735291    0.28812344    0.28748459    0.28748459    0.00000000    0.17243574    0.28788473    0.27438064    0.26606456    0.30012225    0.30137003    0.30755254
T6             0.24299810    0.57460233    0.54501852    0.55369342    0.54038469    0.53645197    0.50758508    0.54243011    0.54176557    0.55272007    0.55516299    0.53254042    0.53254042    0.26415128    0.26359987    0.26415128    0.17243574    0.00000000    0.26367119    0.25378881    0.24268525    0.27547350    0.27683299    0.28279483
T13            0.10426732    0.43287485    0.40592415    0.38665662    0.39180245    0.38484849    0.35685198    0.39733339    0.38711279    0.40045425    0.40819372    0.38436265    0.38436265    0.13567778    0.13529165    0.14036903    0.28788473    0.26367119    0.00000000    0.04982338    0.03705433    0.08771468    0.08069237    0.08750410
T9             0.09685149    0.43692658    0.40977296    0.39781645    0.39556432    0.38856836    0.35685198    0.40109520    0.39831438    0.41209101    0.41202771    0.38806869    0.38806869    0.13026538    0.12993592    0.13493700    0.27438064    0.25378881    0.04982338    0.00000000    0.02031416    0.07621845    0.06937846    0.07606061
T23            0.08318965    0.41756071    0.37658738    0.36543621    0.36309296    0.35644258    0.32642723    0.37574069    0.36582814    0.37845085    0.37893791    0.35604672    0.35604672    0.11592544    0.11562294    0.12051388    0.26606456    0.24268525    0.03705433    0.02031416    0.00000000    0.06296148    0.05626542    0.06282257
T1             0.11548308    0.45361439    0.42599778    0.40630205    0.40014569    0.40061292    0.36859374    0.40586758    0.40675193    0.41643235    0.42061069    0.39641203    0.39641203    0.14509196    0.14984704    0.15502972    0.30012225    0.27547350    0.08771468    0.07621845    0.06296148    0.00000000    0.05395757    0.06046781
T3             0.11535084    0.42825240    0.40923133    0.38989370    0.38022592    0.38068389    0.34947008    0.38578800    0.38665662    0.39231613    0.39641203    0.37297515    0.37297515    0.14234911    0.14200389    0.14709413    0.30137003    0.27683299    0.08069237    0.06937846    0.05626542    0.05395757    0.00000000    0.01006770
T17            0.12252694    0.42261326    0.41151712    0.38861641    0.37533874    0.37574069    0.34498095    0.38459500    0.38537563    0.39081881    0.39514249    0.37176532    0.37176532    0.14984704    0.14947883    0.15463474    0.30755254    0.28279483    0.08750410    0.07606061    0.06282257    0.06046781    0.01006770    0.00000000

