24
T20            0.00000000    0.34080910    0.41012833    0.39893163    0.42629818    0.42882106    0.42546608    0.42212617    0.41233840    0.39064804    0.37775648    0.37839744    0.38180607    0.36786176    0.33077033    0.34386796    0.17468764    0.17468764    0.17222720    0.16226477    0.14766528    0.14490192    0.15723342    0.17066756
T2             0.34080910    0.00000000    0.16733211    0.15704095    0.16226477    0.16449637    0.15945511    0.15964603    0.14675449    0.13712077    0.12203287    0.12435672    0.17904562    0.16072570    0.28074696    0.28635334    0.37724682    0.37342593    0.37410520    0.36963406    0.35420005    0.36235783    0.35291993    0.37382133
T1             0.41012833    0.16733211    0.00000000    0.01212496    0.18647287    0.19146796    0.18620995    0.17020443    0.16712890    0.15723342    0.16247096    0.16449637    0.27241786    0.24739592    0.34276700    0.34171631    0.45190465    0.45190465    0.45707470    0.43917607    0.41820236    0.41488729    0.41935345    0.42563564
T8             0.39893163    0.15704095    0.01212496    0.00000000    0.18074305    0.18571048    0.18050386    0.16998563    0.16469261    0.15223753    0.15223753    0.15945511    0.26647561    0.24168655    0.33270082    0.33518696    0.43995695    0.43995695    0.44499636    0.42749311    0.40684572    0.41158701    0.40805062    0.42228888
T22            0.42629818    0.16226477    0.18647287    0.18074305    0.00000000    0.06067107    0.05206446    0.04343647    0.12008115    0.10837535    0.12239160    0.12226421    0.25241858    0.23205271    0.36151218    0.36030439    0.45012454    0.45012454    0.45973560    0.45273993    0.43981962    0.44497471    0.43815179    0.44753632
T5             0.42882106    0.16449637    0.19146796    0.18571048    0.06067107    0.00000000    0.00804333    0.04120173    0.11522557    0.11535062    0.12458424    0.12936973    0.25784544    0.24032634    0.37146827    0.37397906    0.44418168    0.44418168    0.45359150    0.45108566    0.43394478    0.44753632    0.43654670    0.44582702
T19            0.42546608    0.15945511    0.18620995    0.18050386    0.05206446    0.00804333    0.00000000    0.03280784    0.11535062    0.11065120    0.11983053    0.12458424    0.25512687    0.23766468    0.36460912    0.36710739    0.43654670    0.43654670    0.44582702    0.43917607    0.42640911    0.43981962    0.42899759    0.43815179
T6             0.42212617    0.15964603    0.17020443    0.16998563    0.04343647    0.04120173    0.03280784    0.00000000    0.11041676    0.10360097    0.11510818    0.11499848    0.25241858    0.23205271    0.36151218    0.36771917    0.44156618    0.44156618    0.45098979    0.43995695    0.43136975    0.43641614    0.43394478    0.44323875
T18            0.41233840    0.14675449    0.16712890    0.16469261    0.12008115    0.11522557    0.11535062    0.11041676    0.00000000    0.04554194    0.10102673    0.10093589    0.24332205    0.22910994    0.34938469    0.34830830    0.41673765    0.41673765    0.42153235    0.43161325    0.42306051    0.42228888    0.41202326    0.42079094
T12            0.39064804    0.13712077    0.15723342    0.15223753    0.10837535    0.11535062    0.11065120    0.10360097    0.04554194    0.00000000    0.08273375    0.08494735    0.22941951    0.21548168    0.32972030    0.33569359    0.40287300    0.40287300    0.40756627    0.41342559    0.39708456    0.39638256    0.39436173    0.41085032
T11            0.37775648    0.12203287    0.16247096    0.15223753    0.12239160    0.12458424    0.11983053    0.11510818    0.10102673    0.08273375    0.00000000    0.01210019    0.22589315    0.20641552    0.31169725    0.31755428    0.39371653    0.39371653    0.39825694    0.40410935    0.38409896    0.38859187    0.38925023    0.39893163
T14            0.37839744    0.12435672    0.16449637    0.15945511    0.12226421    0.12936973    0.12458424    0.11499848    0.10093589    0.08494735    0.01210019    0.00000000    0.22271998    0.20337759    0.31461982    0.32050073    0.39695058    0.39695058    0.40150704    0.40738750    0.39114103    0.38409896    0.39246883    0.40218279
T16            0.38180607    0.17904562    0.27241786    0.26647561    0.25241858    0.25784544    0.25512687    0.25241858    0.24332205    0.22941951    0.22589315    0.22271998    0.00000000    0.04549396    0.29622955    0.30194510    0.39638256    0.39638256    0.39708456    0.39638256    0.37276002    0.36963406    0.37775648    0.39136132
T7             0.36786176    0.16072570    0.24739592    0.24168655    0.23205271    0.24032634    0.23766468    0.23205271    0.22910994    0.21548168    0.20641552    0.20337759    0.04549396    0.00000000    0.27987609    0.28225586    0.38606851    0.38606851    0.39064804    0.38606851    0.36277213    0.35968646    0.36771917    0.37724682
T4             0.33077033    0.28074696    0.34276700    0.33270082    0.36151218    0.37146827    0.36460912    0.36151218    0.34938469    0.32972030    0.31169725    0.31461982    0.29622955    0.27987609    0.00000000    0.01415455    0.36281531    0.36535177    0.36963096    0.35550911    0.34029328    0.32575047    0.33921777    0.35299812
T9             0.34386796    0.28635334    0.34171631    0.33518696    0.36030439    0.37397906    0.36710739    0.36771917    0.34830830    0.33569359    0.31755428    0.32050073    0.30194510    0.28225586    0.01415455    0.00000000    0.36904532    0.37160781    0.37591530    0.36168535    0.35356862    0.33869872    0.35244048    0.35550911
T10            0.17468764    0.37724682    0.45190465    0.43995695    0.45012454    0.44418168    0.43654670    0.44156618    0.41673765    0.40287300    0.39371653    0.39695058    0.39638256    0.38606851    0.36281531    0.36904532    0.00000000    0.00804436    0.01824798    0.06921763    0.08510476    0.14947872    0.13147973    0.14378660
T21            0.17468764    0.37342593    0.45190465    0.43995695    0.45012454    0.44418168    0.43654670    0.44156618    0.41673765    0.40287300    0.39371653    0.39695058    0.39638256    0.38606851    0.36535177    0.37160781    0.00804436    0.00000000    0.01824798    0.06921763    0.08510476    0.14947872    0.13147973    0.14378660
T17            0.17222720    0.37410520    0.45707470    0.44499636    0.45973560    0.45359150    0.44582702    0.45098979    0.42153235    0.40756627    0.39825694    0.40150704    0.39708456    0.39064804    0.36963096    0.37591530    0.01824798    0.01824798    0.00000000    0.07149649    0.08750414    0.14709439    0.13406138    0.14644738
T23            0.16226477    0.36963406    0.43917607    0.42749311    0.45273993    0.45108566    0.43917607    0.43995695    0.43161325    0.41342559    0.40410935    0.40738750    0.39638256    0.38606851    0.35550911    0.36168535    0.06921763    0.06921763    0.07149649    0.00000000    0.07630830    0.13998994    0.11951300    0.13432156
T13            0.14766528    0.35420005    0.41820236    0.40684572    0.43981962    0.43394478    0.42640911    0.43136975    0.42306051    0.39708456    0.38409896    0.39114103    0.37276002    0.36277213    0.34029328    0.35356862    0.08510476    0.08510476    0.08750414    0.07630830    0.00000000    0.12084239    0.10565382    0.11777841
T15            0.14490192    0.36235783    0.41488729    0.41158701    0.44497471    0.44753632    0.43981962    0.43641614    0.42228888    0.39638256    0.38859187    0.38409896    0.36963406    0.35968646    0.32575047    0.33869872    0.14947872    0.14947872    0.14709439    0.13998994    0.12084239    0.00000000    0.12266968    0.12529016
T0             0.15723342    0.35291993    0.41935345    0.40805062    0.43815179    0.43654670    0.42899759    0.43394478    0.41202326    0.39436173    0.38925023    0.39246883    0.37775648    0.36771917    0.33921777    0.35244048    0.13147973    0.13147973    0.13406138    0.11951300    0.10565382    0.12266968    0.00000000    0.06696563
T3             0.17066756    0.37382133    0.42563564    0.42228888    0.44753632    0.44582702    0.43815179    0.44323875    0.42079094    0.41085032    0.39893163    0.40218279    0.39136132    0.37724682    0.35299812    0.35550911    0.14378660    0.14378660    0.14644738    0.13432156    0.11777841    0.12529016    0.06696563    0.00000000

