24
T15            0.00000000    0.44092215    0.43067232    0.44092215    0.43279157    0.43279157    0.41357972    0.41357972    0.47683653    0.47683653    0.46475915    0.37156464    0.36077253    0.29884083    0.29234707    0.27994616    0.28950082    0.32225712    0.30584256    0.34682422    0.36472673    0.36784870    0.34824577    0.34722816
T14            0.44092215    0.00000000    0.09697013    0.11820845    0.10586121    0.10824787    0.09461162    0.09461162    0.16003846    0.16003846    0.15501742    0.17509591    0.17242207    0.28347087    0.27714152    0.27749261    0.26019494    0.31054690    0.29109043    0.32220163    0.37359193    0.37785071    0.34979562    0.33926860
T21            0.43067232    0.09697013    0.00000000    0.04565601    0.03485672    0.03697538    0.06978069    0.06978069    0.12528130    0.12528130    0.12050647    0.16468019    0.15944447    0.27749261    0.27122280    0.27785467    0.26293595    0.30764869    0.28502208    0.30930514    0.36418555    0.36107696    0.33716646    0.33280001
T19            0.44092215    0.11820845    0.04565601    0.00000000    0.02660323    0.02870850    0.09016285    0.09016285    0.14489024    0.14489024    0.13997875    0.18274045    0.17734949    0.29884083    0.29234707    0.29597356    0.28384206    0.32322796    0.30672246    0.33155290    0.38102726    0.38159618    0.35693882    0.34885615
T23            0.43279157    0.10586121    0.03485672    0.02660323    0.00000000    0.00200401    0.07613365    0.07613365    0.13445714    0.13445714    0.12963097    0.17429020    0.16901304    0.28842696    0.28209762    0.28558879    0.27367635    0.31208699    0.29597356    0.31482851    0.36626555    0.36677978    0.34626192    0.33078454
T20            0.43279157    0.10824787    0.03697538    0.02870850    0.00200401    0.00000000    0.07840639    0.07840639    0.13695717    0.13695717    0.13211239    0.17694982    0.17164466    0.29162193    0.28525227    0.28877358    0.27680143    0.31545410    0.29924163    0.31812893    0.36991532    0.37044292    0.34979562    0.33417447
T2             0.41357972    0.09461162    0.06978069    0.09016285    0.07613365    0.07840639    0.00000000    0.00000000    0.11090898    0.11090898    0.10384003    0.15650644    0.15137813    0.26748419    0.26136778    0.26166008    0.24125221    0.29678809    0.27470001    0.30537103    0.35238984    0.35643716    0.33280001    0.32855456
T1             0.41357972    0.09461162    0.06978069    0.09016285    0.07613365    0.07840639    0.00000000    0.00000000    0.11090898    0.11090898    0.10384003    0.15650644    0.15137813    0.26748419    0.26136778    0.26166008    0.24125221    0.29678809    0.27470001    0.30537103    0.35238984    0.35643716    0.33280001    0.32855456
T12            0.47683653    0.16003846    0.12528130    0.14489024    0.13445714    0.13695717    0.11090898    0.11090898    0.00000000    0.00000000    0.00602718    0.20271835    0.19722371    0.31517549    0.31517549    0.32556873    0.30966680    0.35028483    0.31296722    0.35290093    0.41691662    0.41357972    0.38800926    0.39656638
T0             0.47683653    0.16003846    0.12528130    0.14489024    0.13445714    0.13695717    0.11090898    0.11090898    0.00000000    0.00000000    0.00602718    0.20271835    0.19722371    0.31517549    0.31517549    0.32556873    0.30966680    0.35028483    0.31296722    0.35290093    0.41691662    0.41357972    0.38800926    0.39656638
T10            0.46475915    0.15501742    0.12050647    0.13997875    0.12963097    0.13211239    0.10384003    0.10384003    0.00602718    0.00602718    0.00000000    0.19741429    0.19196457    0.30569807    0.30569807    0.31590606    0.30023594    0.34018557    0.30348278    0.34635155    0.40585728    0.40256535    0.37743591    0.38579971
T6             0.37156464    0.17509591    0.16468019    0.18274045    0.17429020    0.17694982    0.15650644    0.15650644    0.20271835    0.20271835    0.19741429    0.00000000    0.00603629    0.21130428    0.20615696    0.21722483    0.20036903    0.22676751    0.21259172    0.26136778    0.28913155    0.28629560    0.27434788    0.26441663
T7             0.36077253    0.17242207    0.15944447    0.17734949    0.16901304    0.17164466    0.15137813    0.15137813    0.19722371    0.19722371    0.19196457    0.00603629    0.00000000    0.20292407    0.19782330    0.20872590    0.19761416    0.21804620    0.20409278    0.25233121    0.28593657    0.28311080    0.26503063    0.25532529
T11            0.29884083    0.28347087    0.27749261    0.29884083    0.28842696    0.29162193    0.26748419    0.26748419    0.31517549    0.31517549    0.30569807    0.21130428    0.20292407    0.00000000    0.05605921    0.06926383    0.05391170    0.08946618    0.07140128    0.19069643    0.24329252    0.23466878    0.23466878    0.21090869
T17            0.29234707    0.27714152    0.27122280    0.29234707    0.28209762    0.28525227    0.26136778    0.26136778    0.31517549    0.31517549    0.30569807    0.20615696    0.19782330    0.05605921    0.00000000    0.04977188    0.03481346    0.07832609    0.07149599    0.17714527    0.22849825    0.22009022    0.21722483    0.20129161
T3             0.27994616    0.27749261    0.27785467    0.29597356    0.28558879    0.28877358    0.26166008    0.26166008    0.32556873    0.32556873    0.31590606    0.21722483    0.20872590    0.06926383    0.04977188    0.00000000    0.03914346    0.09461162    0.08519123    0.18003770    0.22878625    0.22036270    0.20896600    0.20435435
T8             0.28950082    0.26019494    0.26293595    0.28384206    0.27367635    0.27680143    0.24125221    0.24125221    0.30966680    0.30966680    0.30023594    0.20036903    0.19761416    0.05391170    0.03481346    0.03914346    0.00000000    0.07387119    0.06931679    0.18003770    0.22878625    0.22036270    0.21463188    0.20435435
T22            0.32225712    0.31054690    0.30764869    0.32322796    0.31208699    0.31545410    0.29678809    0.29678809    0.35028483    0.35028483    0.34018557    0.22676751    0.21804620    0.08946618    0.07832609    0.09461162    0.07387119    0.00000000    0.07403231    0.20745805    0.26791343    0.25274342    0.25582042    0.24201255
T5             0.30584256    0.29109043    0.28502208    0.30672246    0.29597356    0.29924163    0.27470001    0.27470001    0.31296722    0.31296722    0.30348278    0.21259172    0.20409278    0.07140128    0.07149599    0.08519123    0.06931679    0.07403231    0.00000000    0.20208019    0.24968524    0.22970876    0.24095425    0.22447238
T13            0.34682422    0.32220163    0.30930514    0.33155290    0.31482851    0.31812893    0.30537103    0.30537103    0.35290093    0.35290093    0.34635155    0.26136778    0.25233121    0.19069643    0.17714527    0.18003770    0.18003770    0.20745805    0.20208019    0.00000000    0.15558133    0.15315613    0.15338202    0.12470478
T18            0.36472673    0.37359193    0.36418555    0.38102726    0.36626555    0.36991532    0.35238984    0.35238984    0.41691662    0.41691662    0.40585728    0.28913155    0.28593657    0.24329252    0.22849825    0.22878625    0.22878625    0.26791343    0.24968524    0.15558133    0.00000000    0.03077462    0.09401474    0.17334516
T16            0.36784870    0.37785071    0.36107696    0.38159618    0.36677978    0.37044292    0.35643716    0.35643716    0.41357972    0.41357972    0.40256535    0.28629560    0.28311080    0.23466878    0.22009022    0.22036270    0.22036270    0.25274342    0.22970876    0.15315613    0.03077462    0.00000000    0.08487897    0.16568803
T4             0.34824577    0.34979562    0.33716646    0.35693882    0.34626192    0.34979562    0.33280001    0.33280001    0.38800926    0.38800926    0.37743591    0.27434788    0.26503063    0.23466878    0.21722483    0.20896600    0.21463188    0.25582042    0.24095425    0.15338202    0.09401474    0.08487897    0.00000000    0.16854212
T9             0.34722816    0.33926860    0.33280001    0.34885615    0.33078454    0.33417447    0.32855456    0.32855456    0.39656638    0.39656638    0.38579971    0.26441663    0.25532529    0.21090869    0.20129161    0.20435435    0.20435435    0.24201255    0.22447238    0.12470478    0.17334516    0.16568803    0.16854212    0.00000000

