24
T19            0.00000000    0.32819566    0.36333916    0.31885555    0.31885555    0.36024313    0.31346969    0.27305168    0.27266550    0.26260670    0.25408425    0.26166356    0.25953869    0.14659141    0.14168448    0.13695868    0.14391735    0.14391735    0.14630247    0.17924625    0.15378539    0.15620012    0.15620012    0.15862333
T8             0.32819566    0.00000000    0.07149597    0.24664514    0.26718681    0.32134469    0.25044607    0.19573924    0.19550965    0.19432490    0.18389967    0.40731928    0.40404066    0.28826894    0.28222177    0.28306616    0.29028183    0.29028183    0.29235379    0.34628727    0.30832923    0.30133785    0.29484300    0.29448639
T21            0.36333916    0.07149597    0.00000000    0.28559364    0.32090049    0.35238691    0.29312610    0.22616541    0.23172448    0.23298860    0.22481375    0.43491677    0.43005639    0.32029730    0.31736445    0.31838504    0.31980480    0.31980480    0.32522642    0.38280984    0.33969684    0.33564592    0.33117713    0.33070992
T10            0.31885555    0.24664514    0.28559364    0.00000000    0.17641700    0.18406339    0.15634972    0.14436852    0.14420995    0.14140458    0.13170832    0.40731928    0.39625608    0.29810737    0.29196432    0.29618445    0.29765955    0.29765955    0.30628746    0.33916792    0.30751897    0.30385218    0.31375547    0.31335797
T20            0.31885555    0.26718681    0.32090049    0.17641700    0.00000000    0.17676465    0.11971433    0.15426488    0.15153234    0.14898110    0.14391735    0.41263858    0.41594971    0.30052409    0.29436938    0.29856649    0.31009054    0.31009054    0.30963268    0.34988534    0.32004842    0.31297247    0.31964060    0.31924496
T17            0.36024313    0.32134469    0.35238691    0.18406339    0.17676465    0.00000000    0.08740709    0.19901161    0.19648256    0.19875608    0.19321517    0.45434403    0.44916843    0.35784255    0.35107547    0.35613086    0.36467814    0.36467814    0.37022048    0.40474070    0.35716014    0.34933071    0.36024313    0.35966168
T9             0.31346969    0.25044607    0.29312610    0.15634972    0.11971433    0.08740709    0.00000000    0.13980339    0.13963341    0.14216528    0.13711430    0.41076445    0.41149757    0.29051298    0.28441435    0.28866842    0.29766311    0.29766311    0.29618445    0.33593512    0.29722305    0.29028183    0.29679789    0.29638409
T11            0.27305168    0.19573924    0.22616541    0.14436852    0.15426488    0.19901161    0.13980339    0.00000000    0.01212486    0.04987970    0.04565642    0.35657912    0.35716014    0.25119806    0.24544435    0.24623900    0.25389375    0.25389375    0.25892607    0.30287502    0.26020156    0.25376622    0.25986487    0.25953869
T1             0.27266550    0.19550965    0.23172448    0.14420995    0.15153234    0.19648256    0.13963341    0.01212486    0.00000000    0.04982254    0.04559551    0.35601106    0.35657912    0.25080676    0.24506190    0.24583672    0.25659958    0.25659958    0.25854684    0.30238213    0.25986487    0.25345860    0.25953869    0.25922306
T4             0.26260670    0.19432490    0.23298860    0.14140458    0.14898110    0.19875608    0.14216528    0.04987970    0.04982254    0.00000000    0.03497046    0.34521651    0.34218593    0.25005441    0.24432683    0.24506190    0.24969339    0.24969339    0.25170210    0.29480633    0.25316141    0.25287469    0.25287469    0.25259846
T23            0.25408425    0.18389967    0.22481375    0.13170832    0.14391735    0.19321517    0.13711430    0.04565642    0.04559551    0.03497046    0.00000000    0.34521651    0.34933071    0.24165855    0.23599665    0.23671631    0.24130516    0.24130516    0.24631170    0.28587542    0.24774110    0.24151592    0.24745159    0.24717241
T12            0.26166356    0.40731928    0.43491677    0.40731928    0.41263858    0.45434403    0.41076445    0.35657912    0.35601106    0.34521651    0.34521651    0.00000000    0.05632253    0.25817796    0.26165301    0.25005441    0.26090640    0.26090640    0.26915468    0.30673409    0.27749916    0.27714730    0.28030245    0.28311678
T13            0.25953869    0.40404066    0.43005639    0.39625608    0.41594971    0.44916843    0.41149757    0.35716014    0.35657912    0.34218593    0.34933071    0.05632253    0.00000000    0.25239183    0.25582952    0.24432683    0.25510048    0.25510048    0.26328853    0.30052409    0.25986487    0.26260670    0.26879980    0.27157147
T5             0.14659141    0.28826894    0.32029730    0.29810737    0.30052409    0.35784255    0.29051298    0.25119806    0.25080676    0.25005441    0.24165855    0.25817796    0.25239183    0.00000000    0.00401105    0.01619024    0.04977202    0.04977202    0.05398978    0.09652146    0.13418375    0.13654002    0.14154045    0.14391735
T22            0.14168448    0.28222177    0.31736445    0.29196432    0.29436938    0.35107547    0.28441435    0.24544435    0.24506190    0.24432683    0.23599665    0.26165301    0.25582952    0.00401105    0.00000000    0.01210945    0.04549339    0.04549339    0.04969105    0.09194981    0.12936620    0.13170832    0.13667151    0.13903398
T16            0.13695868    0.28306616    0.31838504    0.29618445    0.29856649    0.35613086    0.28866842    0.24623900    0.24583672    0.24506190    0.23671631    0.25005441    0.24432683    0.01619024    0.01210945    0.00000000    0.04128502    0.04128502    0.04545223    0.08750147    0.12470575    0.12703203    0.13197071    0.13431711
T18            0.14391735    0.29028183    0.31980480    0.29765955    0.31009054    0.36467814    0.29766311    0.25389375    0.25659958    0.24969339    0.24130516    0.26090640    0.25510048    0.04977202    0.04549339    0.04128502    0.00000000    0.00000000    0.03692308    0.09194981    0.13654002    0.13890439    0.13394120    0.13630138
T14            0.14391735    0.29028183    0.31980480    0.29765955    0.31009054    0.36467814    0.29766311    0.25389375    0.25659958    0.24969339    0.24130516    0.26090640    0.25510048    0.04977202    0.04549339    0.04128502    0.00000000    0.00000000    0.03692308    0.09194981    0.13654002    0.13890439    0.13394120    0.13630138
T15            0.14630247    0.29235379    0.32522642    0.30628746    0.30963268    0.37022048    0.29618445    0.25892607    0.25854684    0.25170210    0.24631170    0.26915468    0.26328853    0.05398978    0.04969105    0.04545223    0.03692308    0.03692308    0.00000000    0.09652146    0.14115746    0.14354021    0.13878295    0.14115746
T7             0.17924625    0.34628727    0.38280984    0.33916792    0.34988534    0.40474070    0.33593512    0.30287502    0.30238213    0.29480633    0.28587542    0.30673409    0.30052409    0.09652146    0.09194981    0.08750147    0.09194981    0.09194981    0.09652146    0.00000000    0.17943160    0.18192033    0.17467816    0.17714761
T0             0.15378539    0.30832923    0.33969684    0.30751897    0.32004842    0.35716014    0.29722305    0.26020156    0.25986487    0.25316141    0.24774110    0.27749916    0.25986487    0.13418375    0.12936620    0.12470575    0.13654002    0.13654002    0.14115746    0.17943160    0.00000000    0.01008402    0.05621306    0.05835674
T3             0.15620012    0.30133785    0.33564592    0.30385218    0.31297247    0.34933071    0.29028183    0.25376622    0.25345860    0.25287469    0.24151592    0.27714730    0.26260670    0.13654002    0.13170832    0.12703203    0.13890439    0.13890439    0.14354021    0.18192033    0.01008402    0.00000000    0.06276219    0.06492244
T6             0.15620012    0.29484300    0.33117713    0.31375547    0.31964060    0.36024313    0.29679789    0.25986487    0.25953869    0.25287469    0.24745159    0.28030245    0.26879980    0.14154045    0.13667151    0.13197071    0.13394120    0.13394120    0.13878295    0.17467816    0.05621306    0.06276219    0.00000000    0.00200301
T2             0.15862333    0.29448639    0.33070992    0.31335797    0.31924496    0.35966168    0.29638409    0.25953869    0.25922306    0.25259846    0.24717241    0.28311678    0.27157147    0.14391735    0.13903398    0.13431711    0.13630138    0.13630138    0.14115746    0.17714761    0.05835674    0.06492244    0.00200301    0.00000000

