24
T21            0.00000000    0.29645568    0.32695411    0.32828736    0.32398172    0.35562872    0.33038301    0.29569141    0.28513032    0.29895233    0.31346943    0.36436014    0.33828663    0.33038301    0.31177779    0.31135405    0.30762721    0.33684413    0.33731234    0.31015446    0.23304691    0.24185182    0.25720956    0.24723869
T9             0.29645568    0.00000000    0.06304438    0.06697033    0.09186777    0.14356052    0.11042645    0.13643530    0.13198914    0.15353134    0.17380898    0.22990772    0.19258885    0.17380898    0.14858781    0.16904412    0.15065787    0.18393387    0.18678051    0.16338674    0.18427127    0.18696102    0.19182642    0.18127285
T3             0.32695411    0.06304438    0.00000000    0.08529618    0.10865180    0.16171765    0.14038541    0.15705979    0.15787863    0.18007689    0.20696350    0.26027996    0.22715545    0.18445362    0.17185945    0.18777395    0.17150360    0.21184451    0.21782218    0.18755714    0.21237186    0.20952879    0.22303279    0.21468754
T23            0.32828736    0.06697033    0.08529618    0.00000000    0.11307094    0.15864886    0.13447778    0.15140281    0.13905384    0.16857064    0.18929887    0.24670974    0.21135517    0.19436323    0.16843042    0.18947751    0.16559810    0.19690939    0.19436323    0.17893491    0.21914970    0.21394372    0.22750222    0.21631483
T4             0.32398172    0.09186777    0.10865180    0.11307094    0.00000000    0.07599625    0.13589886    0.16735340    0.17093302    0.18799975    0.19555153    0.25448755    0.21007761    0.20159645    0.18324766    0.20241689    0.18823454    0.19028368    0.19325708    0.17738706    0.22070633    0.21264972    0.22042268    0.20926847
T16            0.35562872    0.14356052    0.16171765    0.15864886    0.07599625    0.00000000    0.18029828    0.21702506    0.22042268    0.22750222    0.24670974    0.30686137    0.25929795    0.25081493    0.22828214    0.24874280    0.23357085    0.24106451    0.24426888    0.23304691    0.25240053    0.24400802    0.24917488    0.24351751
T11            0.33038301    0.11042645    0.14038541    0.13447778    0.13589886    0.18029828    0.00000000    0.17782402    0.17337878    0.19325708    0.21036606    0.25629121    0.21967418    0.21210344    0.18256142    0.20723450    0.19028368    0.21754687    0.22070633    0.19028368    0.23871603    0.22161487    0.22946017    0.22099959
T14            0.29569141    0.13643530    0.15705979    0.15140281    0.16735340    0.21702506    0.17782402    0.00000000    0.10349788    0.12692543    0.17167714    0.23708727    0.19932314    0.16189816    0.13447778    0.15986443    0.13420225    0.16659335    0.16940349    0.14646503    0.17185945    0.17185945    0.18235043    0.17679759
T2             0.28513032    0.13198914    0.15787863    0.13905384    0.17093302    0.22042268    0.17337878    0.10349788    0.00000000    0.06511917    0.16756486    0.21495462    0.19204272    0.17290153    0.14491733    0.17093302    0.14236500    0.16735340    0.16756486    0.14711071    0.17805561    0.17267581    0.18823454    0.18301007
T1             0.29895233    0.15353134    0.18007689    0.16857064    0.18799975    0.22750222    0.19325708    0.12692543    0.06511917    0.00000000    0.19831582    0.24482166    0.21810707    0.19555153    0.16677044    0.19349802    0.16381941    0.18484542    0.18505482    0.16154567    0.18986234    0.18986234    0.19238441    0.19491565
T22            0.31346943    0.17380898    0.20696350    0.18929887    0.19555153    0.24670974    0.21036606    0.17167714    0.16756486    0.19831582    0.00000000    0.08761168    0.04139696    0.16626520    0.13384966    0.15637506    0.13858338    0.16352225    0.16626520    0.15112058    0.21135517    0.20952879    0.21962973    0.20854421
T19            0.36436014    0.22990772    0.26027996    0.24670974    0.25448755    0.30686137    0.25629121    0.23708727    0.21495462    0.24482166    0.08761168    0.00000000    0.08111186    0.21418206    0.17927988    0.20364640    0.18427127    0.21349598    0.21654187    0.20020513    0.26062844    0.25900892    0.26336938    0.25754855
T0             0.33828663    0.19258885    0.22715545    0.21135517    0.21007761    0.25929795    0.21967418    0.19932314    0.19204272    0.21810707    0.04139696    0.08111186    0.00000000    0.17718174    0.14915982    0.16715049    0.15653357    0.17966062    0.18256142    0.16695616    0.22915095    0.23342530    0.24370237    0.23209464
T8             0.33038301    0.17380898    0.18445362    0.19436323    0.20159645    0.25081493    0.21210344    0.16189816    0.17290153    0.19555153    0.16626520    0.21418206    0.17718174    0.00000000    0.03488946    0.04338793    0.06067378    0.12485520    0.12746636    0.09627021    0.21988436    0.22331517    0.22775227    0.21702506
T6             0.31177779    0.14858781    0.17185945    0.16843042    0.18324766    0.22828214    0.18256142    0.13447778    0.14491733    0.16677044    0.13384966    0.17927988    0.14915982    0.03488946    0.00000000    0.03077606    0.04343777    0.10576467    0.10826145    0.07593497    0.20389080    0.20723450    0.21443001    0.20341135
T12            0.31135405    0.16904412    0.18777395    0.18947751    0.20241689    0.24874280    0.20723450    0.15986443    0.17093302    0.19349802    0.15637506    0.20364640    0.16715049    0.04338793    0.03077606    0.00000000    0.05867566    0.12530154    0.12795462    0.09186777    0.21782218    0.22130245    0.22856190    0.21728115
T7             0.30762721    0.15065787    0.17150360    0.16559810    0.18823454    0.23357085    0.19028368    0.13420225    0.14236500    0.16381941    0.13858338    0.18427127    0.15653357    0.06067378    0.04343777    0.05867566    0.00000000    0.10320957    0.10566293    0.08260741    0.19786741    0.20109553    0.20832179    0.20020513
T10            0.33684413    0.18393387    0.21184451    0.19690939    0.19028368    0.24106451    0.21754687    0.16659335    0.16735340    0.18484542    0.16352225    0.21349598    0.17966062    0.12485520    0.10576467    0.12530154    0.10320957    0.00000000    0.01414123    0.08053248    0.21443001    0.22360724    0.23384788    0.22249722
T13            0.33731234    0.18678051    0.21782218    0.19436323    0.19325708    0.24426888    0.22070633    0.16940349    0.16756486    0.18505482    0.16626520    0.21654187    0.18256142    0.12746636    0.10826145    0.12795462    0.10566293    0.01414123    0.00000000    0.08290018    0.21754687    0.22683544    0.23708727    0.22565258
T5             0.31015446    0.16338674    0.18755714    0.17893491    0.17738706    0.23304691    0.19028368    0.14646503    0.14711071    0.16154567    0.15112058    0.20020513    0.16695616    0.09627021    0.07593497    0.09186777    0.08260741    0.08053248    0.08290018    0.00000000    0.20901758    0.21523122    0.21962973    0.21135517
T20            0.23304691    0.18427127    0.21237186    0.21914970    0.22070633    0.25240053    0.23871603    0.17185945    0.17805561    0.18986234    0.21135517    0.26062844    0.22915095    0.21988436    0.20389080    0.21782218    0.19786741    0.21443001    0.21754687    0.20901758    0.00000000    0.05182302    0.06262992    0.05828169
T17            0.24185182    0.18696102    0.20952879    0.21394372    0.21264972    0.24400802    0.22161487    0.17185945    0.17267581    0.18986234    0.20952879    0.25900892    0.23342530    0.22331517    0.20723450    0.22130245    0.20109553    0.22360724    0.22683544    0.21523122    0.05182302    0.00000000    0.04330806    0.03907064
T18            0.25720956    0.19182642    0.22303279    0.22750222    0.22042268    0.24917488    0.22946017    0.18235043    0.18823454    0.19238441    0.21962973    0.26336938    0.24370237    0.22775227    0.21443001    0.22856190    0.20832179    0.23384788    0.23708727    0.21962973    0.06262992    0.04330806    0.00000000    0.03481444
T15            0.24723869    0.18127285    0.21468754    0.21631483    0.20926847    0.24351751    0.22099959    0.17679759    0.18301007    0.19491565    0.20854421    0.25754855    0.23209464    0.21702506    0.20341135    0.21728115    0.20020513    0.22249722    0.22565258    0.21135517    0.05828169    0.03907064    0.03481444    0.00000000

