24
T23            0.00000000    0.29356949    0.30147610    0.30147610    0.30194731    0.30216954    0.26199628    0.20361832    0.20693372    0.22067224    0.17944457    0.18775013    0.20851521    0.20315817    0.24537393    0.25716320    0.24806765    0.23409706    0.25513122    0.21959722    0.21439881    0.21156484    0.22246370    0.16657519
T21            0.29356949    0.00000000    0.11592682    0.11592682    0.12562657    0.42677682    0.36947368    0.31896749    0.32946518    0.33899248    0.29956587    0.31367565    0.30723893    0.30344427    0.34994771    0.34224352    0.33975504    0.32379965    0.34864620    0.32034895    0.32727437    0.32379965    0.32034895    0.29683943
T13            0.30147610    0.11592682    0.00000000    0.00401611    0.02031420    0.42488499    0.37106367    0.31132806    0.31023673    0.31260673    0.29008616    0.30394575    0.30868593    0.31499954    0.36277168    0.36587118    0.34747170    0.33485160    0.35661159    0.33243567    0.33243567    0.32889940    0.32190111    0.28830924
T19            0.30147610    0.11592682    0.00401611    0.00000000    0.01619034    0.42488499    0.37106367    0.30447369    0.30342913    0.30579918    0.29008616    0.30394575    0.30868593    0.31499954    0.36277168    0.36963385    0.34747170    0.33485160    0.35661159    0.33243567    0.32538800    0.32889940    0.32190111    0.28830924
T17            0.30194731    0.12562657    0.02031420    0.01619034    0.00000000    0.42824645    0.38168179    0.31077666    0.31658618    0.31896749    0.30292384    0.31713841    0.32190111    0.32834566    0.37724532    0.39208581    0.36151468    0.34864620    0.36854628    0.34621859    0.33899248    0.34259246    0.33541826    0.29770293
T0             0.30216954    0.42677682    0.42488499    0.42488499    0.42824645    0.00000000    0.08298682    0.20829304    0.21156484    0.19997973    0.22722778    0.23971283    0.25535316    0.25562843    0.31128493    0.31756699    0.29452302    0.28280132    0.28280132    0.26169193    0.25865098    0.24666903    0.26111538    0.28464812
T10            0.26199628    0.36947368    0.37106367    0.37106367    0.38168179    0.08298682    0.00000000    0.16582091    0.16350512    0.16324295    0.18894621    0.18945409    0.22436133    0.22459289    0.27438707    0.28351341    0.25262407    0.24153974    0.24449961    0.22173464    0.21889266    0.21606675    0.21847183    0.25483454
T5             0.20361832    0.31896749    0.31132806    0.30447369    0.31077666    0.20829304    0.16582091    0.00000000    0.06288894    0.07380341    0.12716954    0.13763808    0.15154155    0.15170345    0.19902984    0.20949843    0.17430413    0.16431211    0.17757961    0.15170345    0.14406777    0.14660005    0.15394619    0.19300003
T14            0.20693372    0.32946518    0.31023673    0.30342913    0.31658618    0.21156484    0.16350512    0.06288894    0.00000000    0.07395108    0.12498574    0.13295681    0.14930887    0.15463687    0.19676696    0.20437828    0.17736581    0.16733424    0.18674423    0.15463687    0.14692251    0.14948075    0.15685954    0.18797561
T3             0.22067224    0.33899248    0.31260673    0.30579918    0.31896749    0.19997973    0.16324295    0.07380341    0.07395108    0.00000000    0.14184503    0.14490273    0.17203075    0.17223024    0.22126736    0.22096502    0.18503181    0.17757961    0.20465009    0.16957689    0.16170039    0.16170039    0.16657519    0.20976772
T12            0.17944457    0.29956587    0.29008616    0.29008616    0.30292384    0.22722778    0.18894621    0.12716954    0.12498574    0.14184503    0.00000000    0.04349282    0.10320292    0.10329140    0.14692251    0.16449924    0.13419070    0.12471200    0.13712243    0.10329140    0.10565586    0.10329140    0.11021547    0.18253892
T6             0.18775013    0.31367565    0.30394575    0.30394575    0.31713841    0.23971283    0.18945409    0.13763808    0.13295681    0.14490273    0.04349282    0.00000000    0.10586669    0.10598339    0.15004562    0.16247227    0.13712243    0.13009832    0.14017685    0.10598339    0.10837619    0.10598339    0.11293600    0.19095829
T15            0.20851521    0.30723893    0.30868593    0.30868593    0.32190111    0.25535316    0.22436133    0.15154155    0.14930887    0.17203075    0.10320292    0.10586669    0.00000000    0.00805152    0.06504533    0.07849717    0.09449901    0.08529132    0.10201957    0.05852675    0.05646054    0.05425767    0.06296185    0.21751428
T8             0.20315817    0.30344427    0.31499954    0.31499954    0.32834566    0.25562843    0.22459289    0.15170345    0.15463687    0.17223024    0.10329140    0.10598339    0.00805152    0.00000000    0.06067140    0.07859191    0.09461715    0.08539486    0.10217648    0.05859659    0.05653894    0.05433118    0.06304157    0.21778917
T1             0.24537393    0.34994771    0.36277168    0.36277168    0.37724532    0.31128493    0.27438707    0.19902984    0.19676696    0.22126736    0.14692251    0.15004562    0.06504533    0.06067140    0.00000000    0.12794294    0.13763808    0.13026705    0.13822508    0.09685237    0.09474254    0.09474254    0.10397973    0.25820975
T9             0.25716320    0.34224352    0.36587118    0.36963385    0.39208581    0.31756699    0.28351341    0.20949843    0.20437828    0.22096502    0.16449924    0.16247227    0.07849717    0.07859191    0.12794294    0.00000000    0.14550083    0.13548275    0.15616381    0.11592682    0.11380811    0.11136852    0.11837838    0.27667180
T4             0.24806765    0.33975504    0.34747170    0.34747170    0.36151468    0.29452302    0.25262407    0.17430413    0.17736581    0.18503181    0.13419070    0.13712243    0.09449901    0.09461715    0.13763808    0.14550083    0.00000000    0.02656455    0.08110695    0.08510571    0.08298682    0.07840949    0.08972536    0.26093852
T11            0.23409706    0.32379965    0.33485160    0.33485160    0.34864620    0.28280132    0.24153974    0.16431211    0.16733424    0.17757961    0.12471200    0.13009832    0.08529132    0.08539486    0.13026705    0.13548275    0.02656455    0.00000000    0.07661895    0.08060709    0.07849717    0.06944599    0.08060709    0.24972350
T7             0.25513122    0.34864620    0.35661159    0.35661159    0.36854628    0.28280132    0.24449961    0.17757961    0.18674423    0.20465009    0.13712243    0.14017685    0.10201957    0.10217648    0.13822508    0.15616381    0.08110695    0.07661895    0.00000000    0.09710705    0.09501497    0.09265045    0.09474254    0.26836931
T18            0.21959722    0.32034895    0.33243567    0.33243567    0.34621859    0.26169193    0.22173464    0.15170345    0.15463687    0.16957689    0.10329140    0.10598339    0.05852675    0.05859659    0.09685237    0.11592682    0.08510571    0.08060709    0.09710705    0.00000000    0.01415455    0.02862813    0.03701196    0.22589830
T16            0.21439881    0.32727437    0.33243567    0.32538800    0.33899248    0.25865098    0.21889266    0.14406777    0.14692251    0.16170039    0.10565586    0.10837619    0.05646054    0.05653894    0.09474254    0.11380811    0.08298682    0.07849717    0.09501497    0.01415455    0.00000000    0.02660383    0.03497109    0.22067224
T22            0.21156484    0.32379965    0.32889940    0.32889940    0.34259246    0.24666903    0.21606675    0.14660005    0.14948075    0.16170039    0.10329140    0.10598339    0.05425767    0.05433118    0.09474254    0.11136852    0.07840949    0.06944599    0.09265045    0.02862813    0.02660383    0.00000000    0.03284781    0.21207249
T20            0.22246370    0.32034895    0.32190111    0.32190111    0.33541826    0.26111538    0.21847183    0.15394619    0.15685954    0.16657519    0.11021547    0.11293600    0.06296185    0.06304157    0.10397973    0.11837838    0.08972536    0.08060709    0.09474254    0.03701196    0.03497109    0.03284781    0.00000000    0.22881502
T2             0.16657519    0.29683943    0.28830924    0.28830924    0.29770293    0.28464812    0.25483454    0.19300003    0.18797561    0.20976772    0.18253892    0.19095829    0.21751428    0.21778917    0.25820975    0.27667180    0.26093852    0.24972350    0.26836931    0.22589830    0.22067224    0.21207249    0.22881502    0.00000000

