24
T23            0.00000000    0.38367418    0.39278955    0.41596327    0.38743415    0.38422960    0.39122261    0.37786250    0.38918544    0.40604107    0.40214939    0.36004459    0.39950030    0.40482699    0.41997554    0.40469305    0.39687911    0.41194184    0.41148698    0.41594255    0.40871867    0.40142778    0.40142778    0.43475312
T21            0.38367418    0.00000000    0.03690692    0.04756841    0.06959880    0.06282128    0.06959880    0.08992839    0.09697099    0.19875508    0.19875508    0.13528344    0.18097394    0.17201812    0.17532161    0.17019118    0.16488578    0.16997365    0.20105004    0.18569567    0.20154858    0.16871060    0.16871060    0.20409605
T17            0.39278955    0.03690692    0.00000000    0.03701136    0.08750129    0.08052602    0.08750129    0.09886896    0.11077468    0.21697343    0.21697343    0.15983421    0.20774997    0.19550949    0.20462871    0.19927456    0.19370308    0.19901027    0.22882638    0.21259546    0.22677197    0.19450333    0.19450333    0.22587466
T7             0.41596327    0.04756841    0.03701136    0.00000000    0.09449462    0.08740703    0.09449462    0.11077468    0.12544626    0.23436782    0.23436782    0.17309837    0.22220301    0.20718285    0.21895745    0.21348114    0.20774997    0.21317658    0.24091272    0.22415759    0.24095931    0.20580410    0.20580410    0.23172315
T2             0.38743415    0.06959880    0.08750129    0.09449462    0.00000000    0.04349169    0.05009055    0.09723947    0.10201296    0.22094052    0.22384774    0.16602946    0.21188497    0.19370308    0.20012178    0.19478794    0.18921645    0.19450333    0.22737423    0.20804736    0.22741844    0.19852813    0.19852813    0.22939599
T14            0.38422960    0.06282128    0.08052602    0.08740703    0.04349169    0.00000000    0.01824787    0.09473746    0.10426190    0.20974624    0.21259546    0.16047856    0.20580410    0.18795936    0.19702114    0.19450333    0.18345239    0.19422763    0.21882252    0.20490884    0.21259546    0.18978110    0.18978110    0.21179419
T18            0.39122261    0.06959880    0.08750129    0.09449462    0.05009055    0.01824787    0.00000000    0.10201296    0.11169889    0.21805012    0.22094052    0.15807125    0.21188497    0.19094046    0.20012178    0.19759715    0.18645382    0.19730466    0.22737423    0.21091292    0.21575514    0.18729085    0.18729085    0.21776663
T16            0.37786250    0.08992839    0.09886896    0.11077468    0.09723947    0.09473746    0.10201296    0.00000000    0.01214638    0.18026049    0.18297069    0.13587300    0.16821367    0.15684881    0.16267241    0.15763064    0.15242198    0.15742272    0.18510665    0.17019118    0.18569567    0.15830389    0.15830389    0.19597711
T1             0.38918544    0.09697099    0.11077468    0.12544626    0.10201296    0.10426190    0.11169889    0.01214638    0.00000000    0.18843558    0.19119060    0.14356588    0.17902561    0.16732097    0.17334013    0.16821367    0.16289415    0.16267241    0.19069373    0.18097394    0.19674660    0.17439211    0.17439211    0.20718285
T15            0.40604107    0.19875508    0.21697343    0.23436782    0.22094052    0.20974624    0.21805012    0.18026049    0.18843558    0.00000000    0.00200401    0.12924561    0.20314185    0.18909513    0.19782586    0.19254947    0.19254947    0.19234601    0.20409605    0.20849806    0.21672820    0.19321449    0.19321449    0.22744775
T13            0.40214939    0.19875508    0.21697343    0.23436782    0.22384774    0.21259546    0.22094052    0.18297069    0.19119060    0.00200401    0.00000000    0.12679453    0.20592755    0.19179070    0.20058847    0.19528937    0.19528937    0.19507843    0.20691316    0.21130724    0.21957741    0.19597711    0.19597711    0.23033815
T6             0.36004459    0.13528344    0.15983421    0.17309837    0.16602946    0.16047856    0.15807125    0.13587300    0.14356588    0.12924561    0.12679453    0.00000000    0.14965014    0.14168457    0.14216469    0.14234088    0.14234088    0.14216469    0.16360930    0.16289415    0.16976467    0.13566866    0.13566866    0.17532161
T0             0.39950030    0.18097394    0.20774997    0.22220301    0.21188497    0.20580410    0.21188497    0.16821367    0.17902561    0.20314185    0.20592755    0.14965014    0.00000000    0.16656448    0.16711901    0.16205747    0.16205747    0.16186933    0.17579396    0.17467785    0.18982450    0.16267241    0.16267241    0.20058847
T11            0.40482699    0.17201812    0.19550949    0.20718285    0.19370308    0.18795936    0.19094046    0.15684881    0.16732097    0.18909513    0.19179070    0.14168457    0.16656448    0.00000000    0.05613101    0.05182075    0.05182075    0.05179253    0.11259824    0.10984021    0.12876153    0.12192814    0.12192814    0.15054419
T22            0.41997554    0.17532161    0.20462871    0.21895745    0.20012178    0.19702114    0.20012178    0.16267241    0.17334013    0.19782586    0.20058847    0.14216469    0.16711901    0.05613101    0.00000000    0.02447206    0.02447206    0.02241915    0.11052663    0.11241514    0.13867086    0.12716290    0.12716290    0.16594601
T4             0.40469305    0.17019118    0.19927456    0.21348114    0.19478794    0.19450333    0.19759715    0.15763064    0.16821367    0.19254947    0.19528937    0.14234088    0.16205747    0.05182075    0.02447206    0.00000000    0.00806471    0.01619024    0.10586199    0.10775206    0.13383313    0.12238724    0.12238724    0.16091934
T12            0.39687911    0.16488578    0.19370308    0.20774997    0.18921645    0.18345239    0.18645382    0.15242198    0.16289415    0.19254947    0.19528937    0.14234088    0.16205747    0.05182075    0.02447206    0.00806471    0.00000000    0.02031400    0.10586199    0.10775206    0.13383313    0.12238724    0.12238724    0.16091934
T10            0.41194184    0.16997365    0.19901027    0.21317658    0.19450333    0.19422763    0.19730466    0.15742272    0.16267241    0.19234601    0.19507843    0.14216469    0.16186933    0.05179253    0.02241915    0.01619024    0.02031400    0.00000000    0.10575316    0.10767563    0.13373237    0.12226071    0.12226071    0.16079109
T5             0.41148698    0.20105004    0.22882638    0.24091272    0.22737423    0.21882252    0.22737423    0.18510665    0.19069373    0.20409605    0.20691316    0.16360930    0.17579396    0.11259824    0.11052663    0.10586199    0.10586199    0.10575316    0.00000000    0.08972192    0.09876945    0.15044987    0.15044987    0.19321449
T9             0.41594255    0.18569567    0.21259546    0.22415759    0.20804736    0.20490884    0.21091292    0.17019118    0.18097394    0.20849806    0.21130724    0.16289415    0.17467785    0.10984021    0.11241514    0.10775206    0.10775206    0.10767563    0.08972192    0.00000000    0.09851558    0.14183650    0.14183650    0.17874534
T3             0.40871867    0.20154858    0.22677197    0.24095931    0.22741844    0.21259546    0.21575514    0.18569567    0.19674660    0.21672820    0.21957741    0.16976467    0.18982450    0.12876153    0.13867086    0.13383313    0.13383313    0.13373237    0.09876945    0.09851558    0.00000000    0.14391782    0.14391782    0.18095644
T19            0.40142778    0.16871060    0.19450333    0.20580410    0.19852813    0.18978110    0.18729085    0.15830389    0.17439211    0.19321449    0.19597711    0.13566866    0.16267241    0.12192814    0.12716290    0.12238724    0.12238724    0.12226071    0.15044987    0.14183650    0.14391782    0.00000000    0.00000000    0.09449462
T8             0.40142778    0.16871060    0.19450333    0.20580410    0.19852813    0.18978110    0.18729085    0.15830389    0.17439211    0.19321449    0.19597711    0.13566866    0.16267241    0.12192814    0.12716290    0.12238724    0.12238724    0.12226071    0.15044987    0.14183650    0.14391782    0.00000000    0.00000000    0.09449462
T20            0.43475312    0.20409605    0.22587466    0.23172315    0.22939599    0.21179419    0.21776663    0.19597711    0.20718285    0.22744775    0.23033815    0.17532161    0.20058847    0.15054419    0.16594601    0.16091934    0.16091934    0.16079109    0.19321449    0.17874534    0.18095644    0.09449462    0.09449462    0.00000000

