24
T5             0.00000000    0.27751160    0.28031506    0.26846719    0.26261773    0.25714427    0.24330897    0.25748219    0.27787464    0.24632185    0.24632185    0.26056001    0.26056001    0.26056001    0.25748219    0.26295354    0.26916661    0.34888413    0.31670808    0.36267399    0.32477623    0.35240884    0.35296407    0.35911611
T18            0.27751160    0.00000000    0.13947445    0.13197331    0.11982941    0.11259962    0.09897759    0.11052852    0.13446120    0.12498143    0.12498143    0.12266644    0.11777583    0.11777583    0.12266644    0.11995025    0.11995025    0.28179715    0.25260809    0.27276477    0.24640607    0.26605042    0.25714427    0.27508308
T16            0.28031506    0.13947445    0.00000000    0.02857233    0.04338621    0.08069114    0.09438570    0.09877076    0.12226278    0.11052852    0.11052852    0.12281650    0.11548050    0.11548050    0.11548050    0.12281650    0.12281650    0.28149216    0.26138092    0.29129386    0.25260809    0.25892838    0.25681678    0.26537032
T9             0.26846719    0.13197331    0.02857233    0.00000000    0.03280759    0.07630676    0.08069114    0.08963068    0.11281397    0.10122920    0.10122920    0.11120627    0.11091261    0.11091261    0.10850269    0.11333421    0.11333421    0.27962415    0.25045582    0.28560643    0.24665420    0.25045582    0.24836089    0.25681678
T7             0.26261773    0.11982941    0.04338621    0.03280759    0.00000000    0.06511517    0.07394960    0.07825396    0.10102611    0.08963068    0.08963068    0.10146199    0.09909207    0.09909207    0.09673334    0.10146199    0.10146199    0.25481926    0.22676609    0.26719770    0.22655659    0.23591293    0.23379551    0.24207891
T4             0.25714427    0.11259962    0.08069114    0.07630676    0.06511517    0.00000000    0.07849543    0.08281013    0.10359910    0.09428228    0.09428228    0.10146199    0.09673334    0.09673334    0.09673334    0.10384320    0.10384320    0.25781400    0.23832982    0.24616841    0.21846092    0.23009758    0.22507232    0.23617770
T23            0.24330897    0.09897759    0.09438570    0.08069114    0.07394960    0.07849543    0.00000000    0.02866522    0.05206363    0.07205024    0.07205024    0.08574554    0.08110469    0.08110469    0.08110469    0.08550321    0.08550321    0.25649977    0.23114843    0.24179675    0.21649881    0.21723603    0.21232743    0.22909848
T10            0.25748219    0.11052852    0.09877076    0.08963068    0.07825396    0.08281013    0.02866522    0.00000000    0.06067043    0.08088382    0.08088382    0.09473965    0.08771308    0.09004430    0.08771308    0.08750265    0.08750265    0.26473303    0.23325303    0.25892838    0.23884618    0.23087083    0.22879996    0.24599011
T1             0.27787464    0.13446120    0.12226278    0.11281397    0.10102611    0.10359910    0.05206363    0.06067043    0.00000000    0.10146199    0.10146199    0.11576760    0.11091261    0.11091261    0.11091261    0.11064899    0.11064899    0.28031506    0.25409464    0.26690745    0.24421363    0.24805066    0.24000043    0.25748219
T22            0.24632185    0.12498143    0.11052852    0.10122920    0.08963068    0.09428228    0.07205024    0.08088382    0.10146199    0.00000000    0.00000000    0.09934307    0.09461441    0.09461441    0.09934307    0.09909207    0.09909207    0.28312957    0.24775069    0.28349064    0.24746104    0.24836089    0.24632185    0.25171253
T17            0.24632185    0.12498143    0.11052852    0.10122920    0.08963068    0.09428228    0.07205024    0.08088382    0.10146199    0.00000000    0.00000000    0.09934307    0.09461441    0.09461441    0.09934307    0.09909207    0.09909207    0.28312957    0.24775069    0.28349064    0.24746104    0.24836089    0.24632185    0.25171253
T12            0.26056001    0.12266644    0.12281650    0.11120627    0.10146199    0.10146199    0.08574554    0.09473965    0.11576760    0.09934307    0.09934307    0.00000000    0.03694617    0.03694617    0.07185732    0.10878466    0.10878466    0.27090765    0.23325303    0.27124008    0.22195544    0.25783054    0.24666370    0.25818928
T20            0.26056001    0.11777583    0.11548050    0.11091261    0.09909207    0.09673334    0.08110469    0.08771308    0.11091261    0.09461441    0.09461441    0.03694617    0.00000000    0.00401610    0.06735246    0.10397637    0.10397637    0.27402382    0.23617770    0.26881153    0.22434914    0.25476217    0.24364170    0.25511145
T19            0.26056001    0.11777583    0.11548050    0.11091261    0.09909207    0.09673334    0.08110469    0.09004430    0.11091261    0.09461441    0.09461441    0.03694617    0.00401610    0.00000000    0.06735246    0.10397637    0.10397637    0.26781080    0.23617770    0.26881153    0.22434914    0.25476217    0.24364170    0.25511145
T2             0.25748219    0.12266644    0.11548050    0.10850269    0.09673334    0.09673334    0.08110469    0.08771308    0.11091261    0.09934307    0.09934307    0.07185732    0.06735246    0.06735246    0.00000000    0.10397637    0.10397637    0.26473303    0.22796316    0.26197798    0.22434914    0.24031415    0.23532552    0.24666370
T15            0.26295354    0.11995025    0.12281650    0.11333421    0.10146199    0.10384320    0.08550321    0.08750265    0.11064899    0.09909207    0.09909207    0.10878466    0.10397637    0.10397637    0.10397637    0.00000000    0.00806474    0.28595523    0.25649977    0.27751160    0.25619326    0.26021262    0.25511145    0.26365690
T0             0.26916661    0.11995025    0.12281650    0.11333421    0.10146199    0.10384320    0.08550321    0.08750265    0.11064899    0.09909207    0.09909207    0.10878466    0.10397637    0.10397637    0.10397637    0.00806474    0.00000000    0.27962415    0.25649977    0.28386284    0.26229253    0.26640645    0.26128618    0.26990887
T14            0.34888413    0.28179715    0.28149216    0.27962415    0.25481926    0.25781400    0.25649977    0.26473303    0.28031506    0.28312957    0.28312957    0.27090765    0.27402382    0.26781080    0.26473303    0.28595523    0.27962415    0.00000000    0.08528926    0.36170927    0.34104701    0.38106628    0.37157803    0.38541215
T3             0.31670808    0.25260809    0.26138092    0.25045582    0.22676609    0.23832982    0.23114843    0.23325303    0.25409464    0.24775069    0.24775069    0.23325303    0.23617770    0.23617770    0.22796316    0.25649977    0.25649977    0.08528926    0.00000000    0.34278124    0.30932372    0.31711697    0.30834490    0.32091752
T11            0.36267399    0.27276477    0.29129386    0.28560643    0.26719770    0.24616841    0.24179675    0.25892838    0.26690745    0.28349064    0.28349064    0.27124008    0.26881153    0.26881153    0.26197798    0.27751160    0.28386284    0.36170927    0.34278124    0.00000000    0.19615513    0.22195544    0.20850409    0.21649881
T6             0.32477623    0.24640607    0.25260809    0.24665420    0.22655659    0.21846092    0.21649881    0.23884618    0.24421363    0.24746104    0.24746104    0.22195544    0.22434914    0.22434914    0.22434914    0.25619326    0.26229253    0.34104701    0.30932372    0.19615513    0.00000000    0.18893850    0.17874820    0.18909832
T21            0.35240884    0.26605042    0.25892838    0.25045582    0.23591293    0.23009758    0.21723603    0.23087083    0.24805066    0.24836089    0.24836089    0.25783054    0.25476217    0.25476217    0.24031415    0.26021262    0.26640645    0.38106628    0.31711697    0.22195544    0.18893850    0.00000000    0.02656432    0.03492631
T8             0.35296407    0.25714427    0.25681678    0.24836089    0.23379551    0.22507232    0.21232743    0.22879996    0.24000043    0.24632185    0.24632185    0.24666370    0.24364170    0.24364170    0.23532552    0.25511145    0.26128618    0.37157803    0.30834490    0.20850409    0.17874820    0.02656432    0.00000000    0.01210947
T13            0.35911611    0.27508308    0.26537032    0.25681678    0.24207891    0.23617770    0.22909848    0.24599011    0.25748219    0.25171253    0.25171253    0.25818928    0.25511145    0.25511145    0.24666370    0.26365690    0.26990887    0.38541215    0.32091752    0.21649881    0.18909832    0.03492631    0.01210947    0.00000000

