24
T16            0.00000000    0.32621939    0.34372644    0.34576875    0.34828251    0.30298123    0.34169139    0.34220838    0.34081614    0.32524597    0.32524597    0.33021015    0.27402405    0.27058604    0.27306263    0.28716689    0.16395677    0.16395677    0.17183235    0.16640009    0.16674493    0.18211787    0.13446128    0.13903668
T12            0.32621939    0.00000000    0.13917455    0.14489682    0.13510696    0.10837306    0.13711743    0.14869878    0.14421314    0.14883739    0.14856852    0.15410028    0.23565793    0.23009728    0.23785352    0.28119749    0.30586928    0.31256097    0.30920392    0.34828251    0.34686607    0.36457027    0.29482323    0.30174249
T2             0.34372644    0.13917455    0.00000000    0.06944478    0.08289399    0.04549370    0.07387237    0.15138231    0.15242731    0.15410028    0.14617315    0.16206239    0.22676537    0.22941351    0.24301539    0.27120687    0.30793422    0.31460353    0.31797188    0.36369362    0.37215002    0.36278317    0.31934351    0.32387696
T8             0.34576875    0.14489682    0.06944478    0.00000000    0.03497072    0.04355504    0.06743539    0.15763666    0.17141511    0.16798486    0.16489151    0.17903483    0.22770386    0.22172223    0.22985932    0.25756114    0.31301898    0.31982463    0.30965061    0.35856243    0.37080458    0.36768080    0.32133944    0.32918833
T20            0.34828251    0.13510696    0.08289399    0.03497072    0.00000000    0.05213233    0.07630687    0.17264684    0.17090274    0.17287200    0.16977017    0.17851236    0.23591277    0.22985932    0.23808634    0.27220045    0.31887433    0.32572662    0.32228873    0.36111480    0.36589213    0.37019444    0.32376746    0.33167703
T9             0.30298123    0.10837306    0.04549370    0.04355504    0.05213233    0.00000000    0.03069783    0.12745109    0.13314202    0.12760566    0.12484093    0.13528815    0.19488116    0.19197011    0.20491025    0.23741875    0.27230327    0.27863463    0.27545892    0.31503737    0.31594073    0.31982463    0.27346301    0.28105107
T1             0.34169139    0.13711743    0.07387237    0.06743539    0.07630687    0.03069783    0.00000000    0.15444535    0.16313144    0.15463036    0.15426865    0.16532474    0.22172223    0.21866551    0.23207173    0.27193527    0.30920392    0.31594073    0.31256097    0.35082191    0.35911836    0.36336570    0.31397026    0.31503737
T5             0.34220838    0.14869878    0.15138231    0.15763666    0.17264684    0.12745109    0.15444535    0.00000000    0.07640331    0.07840791    0.08266393    0.09004450    0.23060316    0.22745434    0.23565793    0.27276417    0.29967963    0.30630479    0.30630479    0.33719722    0.35241102    0.35186841    0.29438581    0.32228873
T17            0.34081614    0.14421314    0.15242731    0.17141511    0.17090274    0.13314202    0.16313144    0.07640331    0.00000000    0.08341996    0.08298500    0.08587758    0.23173390    0.22851164    0.23673776    0.27090779    0.30721061    0.31397026    0.31155398    0.34990992    0.36958889    0.36647576    0.31310349    0.32428436
T13            0.32524597    0.14883739    0.15410028    0.16798486    0.17287200    0.12760566    0.15463036    0.07840791    0.08341996    0.00000000    0.04536885    0.06089454    0.22796328    0.22482129    0.23299657    0.26690688    0.30255675    0.30920392    0.30341725    0.34576875    0.34328013    0.35241102    0.29812486    0.30586928
T10            0.32524597    0.14856852    0.14617315    0.16489151    0.16977017    0.12484093    0.15426865    0.08266393    0.08298500    0.04536885    0.00000000    0.06282189    0.21649864    0.21345450    0.22149903    0.25781317    0.29522540    0.29847332    0.28952196    0.33419086    0.32572662    0.34523911    0.29154328    0.30920392
T14            0.33021015    0.15410028    0.16206239    0.17903483    0.17851236    0.13528815    0.16532474    0.09004450    0.08587758    0.06089454    0.06282189    0.00000000    0.23114878    0.22796328    0.24207909    0.27962417    0.30386478    0.31057900    0.30479430    0.34881220    0.34026171    0.36026949    0.30527626    0.31641022
T0             0.27402405    0.23565793    0.22676537    0.22770386    0.23591277    0.19488116    0.22172223    0.23060316    0.23173390    0.22796328    0.21649864    0.23114878    0.00000000    0.02028054    0.05621347    0.09177697    0.26229278    0.25619332    0.25923374    0.25834940    0.27436644    0.29560540    0.24267422    0.25260769
T22            0.27058604    0.23009728    0.22941351    0.22172223    0.22985932    0.19197011    0.21866551    0.22745434    0.22851164    0.22482129    0.21345450    0.22796328    0.02028054    0.00000000    0.05182080    0.08710282    0.25892834    0.25288424    0.25589715    0.26167396    0.27962417    0.30174249    0.23940339    0.25533651
T6             0.27306263    0.23785352    0.24301539    0.22985932    0.23808634    0.20491025    0.23207173    0.23565793    0.23673776    0.23299657    0.22149903    0.24207909    0.05621347    0.05182080    0.00000000    0.06296076    0.26443026    0.25834940    0.26443026    0.27276417    0.29164033    0.30753452    0.25377678    0.27306263
T4             0.28716689    0.28119749    0.27120687    0.25756114    0.27220045    0.23741875    0.27193527    0.27276417    0.27090779    0.26690688    0.25781317    0.27962417    0.09177697    0.08710282    0.06296076    0.00000000    0.29415436    0.28778276    0.28462718    0.30215843    0.32519690    0.33157460    0.27681861    0.29991054
T15            0.16395677    0.30586928    0.30793422    0.31301898    0.31887433    0.27230327    0.30920392    0.29967963    0.30721061    0.30255675    0.29522540    0.30386478    0.26229278    0.25892834    0.26443026    0.29415436    0.00000000    0.00401610    0.06288791    0.17429640    0.16712415    0.17448538    0.13947460    0.16430510
T19            0.16395677    0.31256097    0.31460353    0.31982463    0.32572662    0.27863463    0.31594073    0.30630479    0.31397026    0.30920392    0.29847332    0.31057900    0.25619332    0.25288424    0.25834940    0.28778276    0.00401610    0.00000000    0.06288791    0.17429640    0.16712415    0.17448538    0.13947460    0.16430510
T7             0.17183235    0.30920392    0.31797188    0.30965061    0.32228873    0.27545892    0.31256097    0.30630479    0.31155398    0.30341725    0.28952196    0.30479430    0.25923374    0.25589715    0.26443026    0.28462718    0.06288791    0.06288791    0.00000000    0.19047358    0.17779335    0.20410424    0.14453874    0.17757103
T23            0.16640009    0.34828251    0.36369362    0.35856243    0.36111480    0.31503737    0.35082191    0.33719722    0.34990992    0.34576875    0.33419086    0.34881220    0.25834940    0.26167396    0.27276417    0.30215843    0.17429640    0.17429640    0.19047358    0.00000000    0.12183379    0.13867199    0.13932054    0.15153575
T3             0.16674493    0.34686607    0.37215002    0.37080458    0.36589213    0.31594073    0.35911836    0.35241102    0.36958889    0.34328013    0.32572662    0.34026171    0.27436644    0.27962417    0.29164033    0.32519690    0.16712415    0.16712415    0.17779335    0.12183379    0.00000000    0.10122927    0.13461078    0.16187379
T11            0.18211787    0.36457027    0.36278317    0.36768080    0.37019444    0.31982463    0.36336570    0.35186841    0.36647576    0.35241102    0.34523911    0.36026949    0.29560540    0.30174249    0.30753452    0.33157460    0.17448538    0.17448538    0.20410424    0.13867199    0.10122927    0.00000000    0.15964113    0.17448538
T18            0.13446128    0.29482323    0.31934351    0.32133944    0.32376746    0.27346301    0.31397026    0.29438581    0.31310349    0.29812486    0.29154328    0.30527626    0.24267422    0.23940339    0.25377678    0.27681861    0.13947460    0.13947460    0.14453874    0.13932054    0.13461078    0.15964113    0.00000000    0.11995028
T21            0.13903668    0.30174249    0.32387696    0.32918833    0.33167703    0.28105107    0.31503737    0.32228873    0.32428436    0.30586928    0.30920392    0.31641022    0.25260769    0.25533651    0.27306263    0.29991054    0.16430510    0.16430510    0.17757103    0.15153575    0.16187379    0.17448538    0.11995028    0.00000000

