24
T22            0.00000000    0.22175421    0.28249641    0.19073335    0.18872370    0.19854501    0.20495274    0.17312998    0.17312998    0.18953541    0.17697769    0.19049978    0.19301663    0.17204368    0.17450632    0.22129225    0.19854501    0.16171149    0.19958982    0.22274844    0.23383484    0.23383484    0.20853332    0.14631871
T0             0.22175421    0.00000000    0.20040359    0.13198510    0.13746757    0.15155101    0.15724683    0.13172157    0.13172157    0.13948833    0.14631871    0.15911282    0.16153928    0.13120393    0.13112485    0.18234263    0.18928892    0.21701370    0.26097253    0.26542159    0.28355065    0.27721552    0.28430933    0.20295876
T18            0.28249641    0.20040359    0.00000000    0.18504689    0.18572941    0.20062184    0.18572941    0.18549301    0.18549301    0.19931494    0.21158434    0.22302139    0.21987283    0.19999512    0.20255381    0.25719423    0.24940455    0.27756908    0.33193295    0.33525335    0.35812251    0.35450766    0.34481722    0.27756908
T23            0.19073335    0.13198510    0.18504689    0.00000000    0.04988207    0.11334453    0.11873167    0.10398533    0.10398533    0.11644564    0.12979197    0.13982167    0.14218376    0.10598846    0.10825889    0.16557672    0.14631871    0.18622879    0.23753939    0.23570786    0.24101910    0.24101910    0.24780365    0.18076082
T7             0.18872370    0.13746757    0.18572941    0.04988207    0.00000000    0.11626757    0.12180171    0.10443048    0.10443048    0.12409745    0.12529847    0.13783601    0.13764782    0.10879478    0.11593400    0.16900681    0.14422725    0.18982363    0.23570355    0.23377180    0.23605458    0.23605458    0.24284361    0.18427961
T14            0.19854501    0.15155101    0.20062184    0.11334453    0.11626757    0.00000000    0.07651176    0.11822450    0.11822450    0.12812999    0.13198510    0.14967146    0.14986020    0.11535782    0.12008899    0.18400678    0.16625783    0.18300295    0.22192706    0.22453119    0.23570786    0.22976817    0.24171910    0.18898542
T11            0.20495274    0.15724683    0.18572941    0.11873167    0.12180171    0.07651176    0.00000000    0.11910756    0.11910756    0.13422950    0.14254612    0.15809949    0.16050695    0.12037035    0.12514176    0.18485137    0.17737998    0.20046885    0.25338341    0.24058173    0.24590457    0.23980131    0.25436599    0.20109996
T3             0.17312998    0.13172157    0.18549301    0.10398533    0.10443048    0.11822450    0.11910756    0.00000000    0.00000000    0.04139669    0.10385170    0.11593400    0.12068249    0.08761018    0.08982902    0.14336700    0.14693218    0.15547336    0.20429657    0.20270067    0.21353070    0.21642311    0.21127874    0.15809949
T21            0.17312998    0.13172157    0.18549301    0.10398533    0.10443048    0.11822450    0.11910756    0.00000000    0.00000000    0.04139669    0.10385170    0.11593400    0.12068249    0.08761018    0.08982902    0.14336700    0.14693218    0.15547336    0.20429657    0.20270067    0.21353070    0.21642311    0.21127874    0.15809949
T2             0.18953541    0.13948833    0.19931494    0.11644564    0.12409745    0.12812999    0.13422950    0.04139669    0.04139669    0.00000000    0.11838597    0.12581502    0.13063740    0.10173316    0.10398533    0.15908403    0.16248523    0.16874446    0.22785067    0.20554367    0.22225873    0.21642311    0.22591161    0.17415334
T10            0.17697769    0.14631871    0.21158434    0.12979197    0.12529847    0.13198510    0.14254612    0.10385170    0.10385170    0.11838597    0.00000000    0.04790542    0.05662605    0.10094180    0.09852159    0.16315396    0.14141978    0.18324073    0.21642311    0.23240117    0.24068408    0.23472677    0.24438791    0.17512762
T13            0.19049978    0.15911282    0.22302139    0.13982167    0.13783601    0.14967146    0.15809949    0.11593400    0.11593400    0.12581502    0.04790542    0.00000000    0.03715975    0.11282242    0.11031788    0.17660388    0.15894738    0.18872370    0.23114215    0.24136412    0.25589616    0.24975556    0.25666972    0.18597469
T15            0.19301663    0.16153928    0.21987283    0.14218376    0.13764782    0.14986020    0.16050695    0.12068249    0.12068249    0.13063740    0.05662605    0.03715975    0.00000000    0.11753188    0.11500607    0.17906292    0.15365994    0.20809473    0.25208342    0.25938635    0.26799831    0.26172258    0.27201790    0.19678677
T16            0.17204368    0.13120393    0.19999512    0.10598846    0.10879478    0.11535782    0.12037035    0.08761018    0.08761018    0.10173316    0.10094180    0.11282242    0.11753188    0.00000000    0.01413293    0.12979197    0.13395412    0.16534675    0.21127874    0.21264005    0.21781168    0.21209328    0.22714487    0.16491211
T20            0.17450632    0.13112485    0.20255381    0.10825889    0.11593400    0.12008899    0.12514176    0.08982902    0.08982902    0.10398533    0.09852159    0.11031788    0.11500607    0.01413293    0.00000000    0.13462365    0.13631451    0.16734743    0.21966492    0.21522115    0.22041174    0.21467694    0.22976817    0.16734743
T9             0.22129225    0.18234263    0.25719423    0.16557672    0.16900681    0.18400678    0.18485137    0.14336700    0.14336700    0.15908403    0.16315396    0.17660388    0.17906292    0.12979197    0.13462365    0.00000000    0.19626180    0.21674712    0.27109279    0.26251439    0.27435397    0.26799831    0.28170596    0.21096222
T1             0.19854501    0.18928892    0.24940455    0.14631871    0.14422725    0.16625783    0.17737998    0.14693218    0.14693218    0.16248523    0.14141978    0.15894738    0.15365994    0.13395412    0.13631451    0.19626180    0.00000000    0.21441912    0.25824349    0.24452486    0.25594200    0.24993119    0.24872876    0.20040359
T19            0.16171149    0.21701370    0.27756908    0.18622879    0.18982363    0.18300295    0.20046885    0.15547336    0.15547336    0.16874446    0.18324073    0.18872370    0.20809473    0.16534675    0.16734743    0.21674712    0.21441912    0.00000000    0.11822450    0.13228056    0.14710613    0.14710613    0.13447366    0.10113067
T6             0.19958982    0.26097253    0.33193295    0.23753939    0.23570355    0.22192706    0.25338341    0.20429657    0.20429657    0.22785067    0.21642311    0.23114215    0.25208342    0.21127874    0.21966492    0.27109279    0.25824349    0.11822450    0.00000000    0.16534675    0.17558526    0.17558526    0.15225004    0.14254612
T4             0.22274844    0.26542159    0.33525335    0.23570786    0.23377180    0.22453119    0.24058173    0.20270067    0.20270067    0.20554367    0.23240117    0.24136412    0.25938635    0.21264005    0.21522115    0.26251439    0.24452486    0.13228056    0.16534675    0.00000000    0.03284839    0.03284839    0.08273762    0.14455392
T12            0.23383484    0.28355065    0.35812251    0.24101910    0.23605458    0.23570786    0.24590457    0.21353070    0.21353070    0.22225873    0.24068408    0.25589616    0.26799831    0.21781168    0.22041174    0.27435397    0.25594200    0.14710613    0.17558526    0.03284839    0.00000000    0.00806483    0.09643448    0.15446250
T8             0.23383484    0.27721552    0.35450766    0.24101910    0.23605458    0.22976817    0.23980131    0.21642311    0.21642311    0.21642311    0.23472677    0.24975556    0.26172258    0.21209328    0.21467694    0.26799831    0.24993119    0.14710613    0.17558526    0.03284839    0.00806483    0.00000000    0.09643448    0.15446250
T5             0.20853332    0.28430933    0.34481722    0.24780365    0.24284361    0.24171910    0.25436599    0.21127874    0.21127874    0.22591161    0.24438791    0.25666972    0.27201790    0.22714487    0.22976817    0.28170596    0.24872876    0.13447366    0.15225004    0.08273762    0.09643448    0.09643448    0.00000000    0.13918730
T17            0.14631871    0.20295876    0.27756908    0.18076082    0.18427961    0.18898542    0.20109996    0.15809949    0.15809949    0.17415334    0.17512762    0.18597469    0.19678677    0.16491211    0.16734743    0.21096222    0.20040359    0.10113067    0.14254612    0.14455392    0.15446250    0.15446250    0.13918730    0.00000000

