24
T5             0.00000000    0.41867671    0.44784163    0.46965433    0.45067075    0.39124534    0.39449408    0.38062995    0.22218880    0.20359869    0.19782407    0.22587277    0.19782407    0.19507664    0.18692379    0.18982282    0.16711800    0.16509694    0.14946982    0.14691214    0.14869548    0.21107588    0.20592565    0.20849603
T11            0.41867671    0.00000000    0.17242340    0.16884751    0.15378482    0.11777292    0.11764273    0.10849997    0.41263368    0.38742773    0.37571756    0.39550300    0.38208522    0.37839465    0.42084199    0.40970660    0.38208522    0.38742773    0.36794356    0.37156725    0.39775752    0.46541626    0.44187043    0.44128484
T16            0.44784163    0.17242340    0.00000000    0.10863704    0.09215237    0.13183496    0.12949464    0.13226392    0.41636492    0.38383678    0.37250962    0.40432906    0.37973087    0.38338100    0.42202345    0.42646852    0.40585985    0.41533982    0.37743734    0.38017328    0.41917811    0.49212149    0.46350639    0.46290455
T7             0.46965433    0.16884751    0.10863704    0.00000000    0.02031399    0.13373118    0.13383203    0.12913176    0.44941644    0.41145480    0.40338413    0.43274616    0.40338413    0.41001997    0.47616753    0.48115164    0.42646852    0.44437682    0.40763744    0.41145480    0.44016305    0.49883264    0.48707947    0.49075335
T18            0.45067075    0.15378482    0.09215237    0.02031399    0.00000000    0.11942238    0.11951173    0.11971401    0.43099152    0.39775752    0.38616280    0.41479308    0.38983977    0.39265300    0.44474863    0.44941644    0.40864161    0.42202893    0.38660312    0.39029367    0.41814689    0.48213088    0.46647024    0.46588614
T20            0.39124534    0.11777292    0.13183496    0.13373118    0.11942238    0.00000000    0.00200301    0.03910308    0.36703754    0.34981181    0.33577371    0.36578198    0.34597927    0.34870030    0.39825403    0.39499120    0.36346565    0.36841717    0.34981181    0.34635119    0.36186963    0.42933020    0.40715825    0.41048280
T13            0.39449408    0.11764273    0.12949464    0.13383203    0.11951173    0.00200301    0.00000000    0.04120138    0.37018989    0.35290059    0.33881704    0.36893773    0.34905743    0.35179342    0.40153166    0.39825403    0.36660519    0.37156725    0.35290059    0.34942795    0.36501434    0.42880853    0.41048280    0.41382280
T4             0.38062995    0.10849997    0.13226392    0.12913176    0.11971401    0.03910308    0.04120138    0.00000000    0.36389897    0.34328765    0.33274341    0.35911854    0.33950100    0.34220725    0.38660312    0.38338100    0.35061943    0.35456469    0.33986259    0.33646084    0.35802041    0.43671505    0.41048280    0.41382280
T14            0.22218880    0.41263368    0.41636492    0.44941644    0.43099152    0.36703754    0.37018989    0.36389897    0.00000000    0.05621299    0.05189738    0.11347988    0.08771118    0.06497943    0.22822166    0.23142439    0.19069800    0.20435642    0.19321313    0.19321313    0.20592565    0.27122500    0.25648649    0.25922027
T15            0.20359869    0.38742773    0.38383678    0.41145480    0.39775752    0.34981181    0.35290059    0.34328765    0.05621299    0.00000000    0.03274700    0.09238426    0.06519194    0.04123986    0.20947628    0.21545957    0.18274185    0.19395980    0.17756381    0.17756381    0.20336465    0.24773851    0.23939151    0.24206726
T22            0.19782407    0.37571756    0.37250962    0.40338413    0.38616280    0.33577371    0.33881704    0.33274341    0.05189738    0.03274700    0.00000000    0.08550131    0.06081205    0.04120138    0.20129327    0.20435642    0.17488268    0.18593858    0.16976366    0.16976366    0.19528770    0.24266111    0.23436581    0.23702025
T10            0.22587277    0.39550300    0.40432906    0.43274616    0.41479308    0.36578198    0.36893773    0.35911854    0.11347988    0.09238426    0.08550131    0.00000000    0.07194896    0.08068978    0.24329538    0.24664905    0.20154722    0.20462745    0.19622329    0.19622329    0.21982876    0.29068028    0.28502643    0.28784780
T8             0.19782407    0.38208522    0.37973087    0.40338413    0.38983977    0.34597927    0.34905743    0.33950100    0.08771118    0.06519194    0.06081205    0.07194896    0.00000000    0.06066968    0.20921712    0.21231740    0.17221585    0.17778570    0.16186832    0.16186832    0.18711263    0.24206726    0.24565539    0.24834773
T23            0.19507664    0.37839465    0.38338100    0.41001997    0.39265300    0.34870030    0.35179342    0.34220725    0.06497943    0.04123986    0.04120138    0.08068978    0.06066968    0.00000000    0.20592565    0.20896734    0.17447937    0.18545942    0.16151730    0.16151730    0.19487477    0.25345591    0.24504371    0.24773851
T6             0.18692379    0.42084199    0.42202345    0.47616753    0.44474863    0.39825403    0.40153166    0.38660312    0.22822166    0.20947628    0.20129327    0.24329538    0.20921712    0.20592565    0.00000000    0.01623166    0.13878275    0.13197000    0.13394101    0.13147786    0.16956317    0.23202796    0.22616230    0.22587277
T12            0.18982282    0.40970660    0.42646852    0.48115164    0.44941644    0.39499120    0.39825403    0.38338100    0.23142439    0.21545957    0.20435642    0.24664905    0.21231740    0.20896734    0.01623166    0.00000000    0.13394101    0.13711326    0.13653959    0.13405809    0.17242340    0.23531207    0.22939433    0.22908653
T3             0.16711800    0.38208522    0.40585985    0.42646852    0.40864161    0.36346565    0.36660519    0.35061943    0.19069800    0.18274185    0.17488268    0.20154722    0.17221585    0.17447937    0.13878275    0.13394101    0.00000000    0.04545219    0.07840662    0.07613383    0.15426377    0.20104851    0.20384201    0.20640001
T17            0.16509694    0.38742773    0.41533982    0.44437682    0.42202893    0.36841717    0.37156725    0.35456469    0.20435642    0.19395980    0.18593858    0.20462745    0.17778570    0.18545942    0.13197000    0.13711326    0.04545219    0.00000000    0.07849407    0.07621610    0.15003315    0.20804628    0.21030976    0.21287999
T1             0.14946982    0.36794356    0.37743734    0.40763744    0.38660312    0.34981181    0.35290059    0.33986259    0.19321313    0.17756381    0.16976366    0.19622329    0.16186832    0.16151730    0.13394101    0.13653959    0.07840662    0.07849407    0.00000000    0.00602416    0.13947046    0.19573728    0.18751739    0.19002807
T0             0.14691214    0.37156725    0.38017328    0.41145480    0.39029367    0.34635119    0.34942795    0.33646084    0.19321313    0.17756381    0.16976366    0.19622329    0.16186832    0.16151730    0.13147786    0.13405809    0.07613383    0.07621610    0.00602416    0.00000000    0.13695778    0.19024237    0.18211161    0.18460764
T2             0.14869548    0.39775752    0.41917811    0.44016305    0.41814689    0.36186963    0.36501434    0.35802041    0.20592565    0.20336465    0.19528770    0.21982876    0.18711263    0.19487477    0.16956317    0.17242340    0.15426377    0.15003315    0.13947046    0.13695778    0.00000000    0.12266313    0.11777292    0.12007592
T9             0.21107588    0.46541626    0.49212149    0.49883264    0.48213088    0.42933020    0.42880853    0.43671505    0.27122500    0.24773851    0.24266111    0.29068028    0.24206726    0.25345591    0.23202796    0.23531207    0.20104851    0.20804628    0.19573728    0.19024237    0.12266313    0.00000000    0.08502075    0.08723983
T21            0.20592565    0.44187043    0.46350639    0.48707947    0.46647024    0.40715825    0.41048280    0.41048280    0.25648649    0.23939151    0.23436581    0.28502643    0.24565539    0.24504371    0.22616230    0.22939433    0.20384201    0.21030976    0.18751739    0.18211161    0.11777292    0.08502075    0.00000000    0.00200301
T19            0.20849603    0.44128484    0.46290455    0.49075335    0.46588614    0.41048280    0.41382280    0.41382280    0.25922027    0.24206726    0.23702025    0.28784780    0.24834773    0.24773851    0.22587277    0.22908653    0.20640001    0.21287999    0.19002807    0.18460764    0.12007592    0.08723983    0.00200301    0.00000000

