24
T8             0.00000000    0.29430040    0.29714097    0.30781685    0.30764002    0.31101892    0.31734106    0.30912005    0.37074350    0.33054881    0.31544233    0.32230757    0.30912005    0.33476726    0.34378308    0.31253357    0.30912005    0.31306155    0.30523632    0.35833216    0.35895254    0.31306155    0.17923642    0.17531578
T17            0.29430040    0.00000000    0.01006762    0.22324422    0.21001543    0.21287285    0.21258622    0.19673987    0.25473514    0.21122190    0.21347405    0.21771193    0.20235841    0.21894978    0.22383793    0.21090644    0.20294948    0.21701966    0.19982430    0.26873646    0.26916648    0.23707979    0.30337706    0.30236216
T15            0.29714097    0.01006762    0.00000000    0.22584437    0.21258622    0.21545183    0.21516636    0.19926723    0.25745431    0.21378858    0.21605093    0.22029403    0.20490160    0.22154444    0.22645262    0.21347405    0.20549061    0.21960320    0.19954125    0.26516190    0.26557148    0.23370169    0.30960859    0.30861522
T20            0.30781685    0.22324422    0.22584437    0.00000000    0.10145810    0.10383916    0.17683866    0.16386212    0.22513759    0.17496716    0.16896918    0.18391236    0.15806821    0.19007312    0.18977714    0.16923896    0.16654331    0.17496716    0.16896918    0.20774278    0.20804083    0.17986973    0.30428381    0.29999265
T12            0.30764002    0.21001543    0.21258622    0.10145810    0.00000000    0.00401609    0.16975817    0.14964560    0.21489031    0.17089105    0.15023461    0.18293966    0.15481393    0.17554823    0.18296376    0.16266804    0.16003627    0.16820987    0.16245414    0.20358941    0.19826187    0.16025155    0.31792651    0.31344597
T18            0.31101892    0.21287285    0.21545183    0.10383916    0.00401609    0.00000000    0.17241794    0.15222309    0.21775591    0.17358669    0.15283219    0.18572544    0.15741828    0.17825115    0.18568877    0.16531374    0.16266804    0.17089105    0.16509286    0.20639077    0.20103988    0.16289027    0.32131685    0.31684786
T0             0.31734106    0.21258622    0.21516636    0.17683866    0.16975817    0.17241794    0.00000000    0.02027295    0.15666756    0.11077230    0.09633761    0.16578060    0.13405273    0.18568877    0.18545305    0.15462056    0.15203641    0.15481393    0.14929369    0.20057665    0.20080365    0.16488037    0.31749302    0.31297610
T22            0.30912005    0.19673987    0.19926723    0.16386212    0.14964560    0.15222309    0.02027295    0.00000000    0.13946653    0.09486891    0.08280725    0.15089641    0.11740176    0.16509286    0.16488037    0.13492634    0.13241993    0.14016334    0.13476087    0.18230522    0.18251592    0.14745266    0.29922628    0.29478581
T2             0.37074350    0.25473514    0.25745431    0.22513759    0.21489031    0.21775591    0.15666756    0.13946653    0.00000000    0.09642460    0.13183051    0.19729918    0.17694286    0.21516636    0.20920792    0.18273544    0.18273544    0.19954125    0.19069112    0.23642797    0.23671325    0.20462078    0.36416270    0.35850472
T19            0.33054881    0.21122190    0.21378858    0.17496716    0.17089105    0.17358669    0.11077230    0.09486891    0.09642460    0.00000000    0.09004136    0.16226994    0.13258699    0.17384593    0.16820987    0.14055942    0.13800823    0.14852191    0.14291514    0.20519155    0.20549061    0.16386212    0.31977995    0.31544233
T3             0.31544233    0.21347405    0.21605093    0.16896918    0.15023461    0.15283219    0.09633761    0.08280725    0.13183051    0.09004136    0.00000000    0.14900551    0.12020947    0.15784334    0.15762669    0.13258699    0.13008685    0.13781273    0.13241993    0.18795117    0.19093299    0.15023461    0.30960859    0.30523632
T21            0.32230757    0.21771193    0.22029403    0.18391236    0.18293966    0.18572544    0.16578060    0.15089641    0.19729918    0.16226994    0.14900551    0.00000000    0.13165222    0.18047736    0.18510404    0.15453670    0.15189098    0.16016036    0.15426912    0.19227566    0.19257070    0.15692186    0.31734106    0.31306155
T23            0.30912005    0.20235841    0.20490160    0.15806821    0.15481393    0.15741828    0.13405273    0.11740176    0.17694286    0.13258699    0.12020947    0.13165222    0.00000000    0.13962875    0.13916620    0.11547530    0.11305388    0.11561518    0.11534302    0.17734415    0.17755789    0.13258699    0.29922628    0.29478581
T4             0.33476726    0.21894978    0.22154444    0.19007312    0.17554823    0.17825115    0.18568877    0.16509286    0.21516636    0.17384593    0.15784334    0.18047736    0.13962875    0.00000000    0.01619017    0.09194760    0.08962733    0.09438223    0.09185677    0.18772573    0.18795117    0.15522535    0.34518599    0.34435032
T13            0.34378308    0.22383793    0.22645262    0.18977714    0.18296376    0.18568877    0.18545305    0.16488037    0.20920792    0.16820987    0.15762669    0.18510404    0.13916620    0.01619017    0.00000000    0.09867414    0.09633761    0.10111964    0.09858911    0.19253836    0.19275173    0.15462056    0.35435099    0.34985592
T14            0.31253357    0.21090644    0.21347405    0.16923896    0.16266804    0.16531374    0.15462056    0.13492634    0.18273544    0.14055942    0.13258699    0.15453670    0.11547530    0.09194760    0.09867414    0.00000000    0.00602413    0.03280719    0.02855371    0.17241794    0.17263461    0.13546999    0.30582794    0.30140937
T9             0.30912005    0.20294948    0.20549061    0.16654331    0.16003627    0.16266804    0.15203641    0.13241993    0.18273544    0.13800823    0.13008685    0.15189098    0.11305388    0.08962733    0.09633761    0.00602413    0.00000000    0.03069746    0.02647036    0.16975817    0.16996774    0.13294458    0.30582794    0.30140937
T7             0.31306155    0.21701966    0.21960320    0.17496716    0.16820987    0.17089105    0.15481393    0.14016334    0.19954125    0.14852191    0.13781273    0.16016036    0.11561518    0.09438223    0.10111964    0.03280719    0.03069746    0.00000000    0.02029399    0.17801141    0.17825115    0.14076929    0.32667768    0.31889118
T5             0.30523632    0.19982430    0.19954125    0.16896918    0.16245414    0.16509286    0.14929369    0.13476087    0.19069112    0.14291514    0.13241993    0.15426912    0.11534302    0.09185677    0.09858911    0.02855371    0.02647036    0.02029399    0.00000000    0.17263461    0.17285985    0.13313506    0.31882939    0.31442082
T16            0.35833216    0.26873646    0.26516190    0.20774278    0.20358941    0.20639077    0.20057665    0.18230522    0.23642797    0.20519155    0.18795117    0.19227566    0.17734415    0.18772573    0.19253836    0.17241794    0.16975817    0.17801141    0.17263461    0.00000000    0.00401104    0.06055349    0.37641729    0.37200383
T10            0.35895254    0.26916648    0.26557148    0.20804083    0.19826187    0.20103988    0.20080365    0.18251592    0.23671325    0.20549061    0.19093299    0.19257070    0.17755789    0.18795117    0.19275173    0.17263461    0.16996774    0.17825115    0.17285985    0.00401104    0.00000000    0.06060783    0.37702871    0.37265397
T6             0.31306155    0.23707979    0.23370169    0.17986973    0.16025155    0.16289027    0.16488037    0.14745266    0.20462078    0.16386212    0.15023461    0.15692186    0.13258699    0.15522535    0.15462056    0.13546999    0.13294458    0.14076929    0.13313506    0.06055349    0.06060783    0.00000000    0.32321692    0.31544233
T1             0.17923642    0.30337706    0.30960859    0.30428381    0.31792651    0.32131685    0.31749302    0.29922628    0.36416270    0.31977995    0.30960859    0.31734106    0.29922628    0.34518599    0.35435099    0.30582794    0.30582794    0.32667768    0.31882939    0.37641729    0.37702871    0.32321692    0.00000000    0.03272074
T11            0.17531578    0.30236216    0.30861522    0.29999265    0.31344597    0.31684786    0.31297610    0.29478581    0.35850472    0.31544233    0.30523632    0.31306155    0.29478581    0.34435032    0.34985592    0.30140937    0.30140937    0.31889118    0.31442082    0.37200383    0.37265397    0.31544233    0.03272074    0.00000000

