24
T20            0.00000000    0.40249201    0.44823180    0.46314139    0.42319707    0.42564450    0.44627573    0.45415189    0.43849273    0.41641767    0.41559088    0.42811627    0.25938228    0.28792593    0.26524669    0.33905466    0.23490119    0.25396023    0.22485927    0.22913404    0.24742612    0.21707898    0.24780026    0.22485927
T13            0.40249201    0.00000000    0.07422796    0.08732469    0.06081591    0.06511797    0.07403763    0.07849953    0.10945032    0.10173282    0.10159732    0.10398482    0.37383721    0.42786644    0.38488716    0.41568004    0.33748146    0.36457747    0.46112240    0.46267194    0.48663785    0.43944006    0.44764922    0.43738067
T23            0.44823180    0.07422796    0.00000000    0.05831554    0.04988194    0.05413163    0.06289034    0.06727924    0.11171533    0.10427465    0.11137543    0.11381549    0.36683746    0.41599623    0.37383721    0.40824742    0.34555139    0.37305371    0.48051831    0.48195346    0.52451692    0.45822358    0.47070568    0.46916759
T17            0.46314139    0.08732469    0.05831554    0.00000000    0.06266617    0.06479378    0.07587757    0.07583025    0.12036917    0.11293992    0.12008723    0.12253318    0.37464999    0.42410093    0.38962001    0.40820503    0.35842420    0.38643653    0.47943249    0.49026672    0.52833195    0.46629419    0.47231361    0.47985958
T3             0.42319707    0.06081591    0.04988194    0.06266617    0.00000000    0.00804439    0.03280831    0.03701243    0.09739664    0.09017267    0.09711198    0.09948813    0.34115031    0.39208557    0.35160087    0.37703936    0.32433252    0.34716911    0.46314139    0.46463220    0.50096086    0.43266640    0.44508850    0.44781779
T16            0.42564450    0.06511797    0.05413163    0.06479378    0.00804439    0.00000000    0.03697625    0.04120238    0.10187565    0.09227306    0.10159732    0.10398482    0.34347315    0.39445183    0.35393445    0.37558429    0.31953136    0.34214916    0.46112240    0.46267194    0.49868722    0.43080059    0.44334860    0.44598232
T10            0.44627573    0.07403763    0.06289034    0.07587757    0.03280831    0.03697625    0.00000000    0.00401105    0.11137543    0.10398482    0.11106532    0.10864892    0.36917079    0.42261972    0.38011019    0.40249201    0.33450374    0.35770013    0.48302650    0.47526163    0.51704816    0.45615522    0.46171673    0.46267194
T5             0.45415189    0.07849953    0.06727924    0.07583025    0.03701243    0.04120238    0.00401105    0.00000000    0.11609676    0.10864892    0.11577781    0.11334374    0.36841554    0.42168919    0.38724232    0.40983464    0.34115031    0.36457747    0.49136665    0.48345784    0.52583958    0.46417571    0.46972666    0.47070568
T18            0.43849273    0.10945032    0.11171533    0.12036917    0.09739664    0.10187565    0.11137543    0.11609676    0.00000000    0.05632499    0.06289034    0.06960330    0.36223304    0.41507226    0.38091140    0.39925305    0.34856996    0.37618143    0.47943249    0.48089784    0.51825337    0.46629419    0.46523232    0.45033941
T15            0.41641767    0.10173282    0.10427465    0.11293992    0.09017267    0.09227306    0.10398482    0.10864892    0.05632499    0.00000000    0.03697625    0.04338736    0.34648730    0.39766756    0.36457747    0.37872949    0.31893026    0.34516089    0.46916759    0.47070568    0.49757769    0.45615522    0.44250250    0.43652385
T9             0.41559088    0.10159732    0.11137543    0.12008723    0.09711198    0.10159732    0.11106532    0.11577781    0.06289034    0.03697625    0.00000000    0.00603637    0.34951380    0.39281717    0.36767336    0.38971438    0.33980436    0.36694422    0.45916943    0.46077810    0.48707351    0.44627573    0.43325252    0.41905196
T14            0.42811627    0.10398482    0.11381549    0.12253318    0.09948813    0.10398482    0.10864892    0.11334374    0.06960330    0.04338736    0.00603637    0.00000000    0.35323729    0.39684085    0.37152622    0.39367404    0.34347315    0.37078223    0.46364375    0.46523232    0.49175770    0.45069087    0.43744464    0.42315794
T4             0.25938228    0.37383721    0.36683746    0.37464999    0.34115031    0.34347315    0.36917079    0.36841554    0.36223304    0.34648730    0.34951380    0.35323729    0.00000000    0.07622105    0.05646218    0.11092149    0.14293996    0.16292130    0.26096579    0.26299688    0.27513245    0.24438375    0.27868751    0.24570680
T19            0.28792593    0.42786644    0.41599623    0.42410093    0.39208557    0.39445183    0.42261972    0.42168919    0.41507226    0.39766756    0.39281717    0.39684085    0.07622105    0.00000000    0.08741244    0.13682369    0.18028795    0.20132766    0.30016667    0.30550475    0.31848404    0.28595358    0.31131690    0.27373264
T0             0.26524669    0.38488716    0.37383721    0.38962001    0.35160087    0.35393445    0.38011019    0.38724232    0.38091140    0.36457747    0.36767336    0.37152622    0.05646218    0.08741244    0.00000000    0.10598728    0.15525342    0.17558308    0.27075046    0.27272992    0.28834437    0.26019722    0.28229427    0.25515748
T6             0.33905466    0.41568004    0.40824742    0.40820503    0.37703936    0.37558429    0.40249201    0.40983464    0.39925305    0.37872949    0.38971438    0.39367404    0.11092149    0.13682369    0.10598728    0.00000000    0.20240611    0.22420613    0.31941590    0.34229268    0.35613018    0.32544365    0.33175227    0.28712248
T2             0.23490119    0.33748146    0.34555139    0.35842420    0.32433252    0.31953136    0.33450374    0.34115031    0.34856996    0.31893026    0.33980436    0.34347315    0.14293996    0.18028795    0.15525342    0.20240611    0.00000000    0.02854239    0.23640837    0.23835411    0.25011369    0.22035732    0.25589126    0.23272511
T12            0.25396023    0.36457747    0.37305371    0.38643653    0.34716911    0.34214916    0.35770013    0.36457747    0.37618143    0.34516089    0.36694422    0.37078223    0.16292130    0.20132766    0.17558308    0.22420613    0.02854239    0.00000000    0.25627358    0.24670804    0.26407440    0.23677527    0.27629658    0.24939721
T11            0.22485927    0.46112240    0.48051831    0.47943249    0.46314139    0.46112240    0.48302650    0.49136665    0.47943249    0.46916759    0.45916943    0.46364375    0.26096579    0.30016667    0.27075046    0.31941590    0.23640837    0.25627358    0.00000000    0.04760881    0.06960330    0.05646218    0.17289323    0.15464574
T7             0.22913404    0.46267194    0.48195346    0.49026672    0.46463220    0.46267194    0.47526163    0.48345784    0.48089784    0.47070568    0.46077810    0.46523232    0.26299688    0.30550475    0.27272992    0.34229268    0.23835411    0.24670804    0.04760881    0.00000000    0.04969205    0.04114458    0.17490830    0.14899515
T22            0.24742612    0.48663785    0.52451692    0.52833195    0.50096086    0.49868722    0.51704816    0.52583958    0.51825337    0.49757769    0.48707351    0.49175770    0.27513245    0.31848404    0.28834437    0.35613018    0.25011369    0.26407440    0.06960330    0.04969205    0.00000000    0.05840814    0.18277024    0.16207846
T8             0.21707898    0.43944006    0.45822358    0.46629419    0.43266640    0.43080059    0.45615522    0.46417571    0.46629419    0.45615522    0.44627573    0.45069087    0.24438375    0.28595358    0.26019722    0.32544365    0.22035732    0.23677527    0.05646218    0.04114458    0.05840814    0.00000000    0.16292130    0.13729356
T21            0.24780026    0.44764922    0.47070568    0.47231361    0.44508850    0.44334860    0.46171673    0.46972666    0.46523232    0.44250250    0.43325252    0.43744464    0.27868751    0.31131690    0.28229427    0.33175227    0.25589126    0.27629658    0.17289323    0.17490830    0.18277024    0.16292130    0.00000000    0.10624418
T1             0.22485927    0.43738067    0.46916759    0.47985958    0.44781779    0.44598232    0.46267194    0.47070568    0.45033941    0.43652385    0.41905196    0.42315794    0.24570680    0.27373264    0.25515748    0.28712248    0.23272511    0.24939721    0.15464574    0.14899515    0.16207846    0.13729356    0.10624418    0.00000000

