24
T21            0.00000000    0.23601787    0.26646713    0.23337850    0.23601787    0.23337850    0.21607813    0.20806650    0.21671611    0.25515700    0.23337850    0.23976266    0.23601787    0.21930076    0.21671611    0.21124927    0.20949113    0.29768976    0.29725160    0.23325524    0.25650448    0.25923776    0.23884842    0.23408705
T11            0.23601787    0.00000000    0.08342173    0.10864223    0.17360501    0.17658325    0.16872568    0.14593819    0.14808369    0.22182221    0.19823048    0.20426789    0.20360326    0.18206488    0.17959977    0.17931654    0.22662342    0.32707372    0.32649579    0.24168056    0.25783991    0.25512126    0.24434862    0.24599790
T8             0.26646713    0.08342173    0.00000000    0.10637717    0.17386484    0.17142208    0.16629856    0.14571457    0.15091107    0.23126099    0.21005104    0.21628175    0.21553130    0.18235570    0.18543404    0.18512692    0.24977829    0.36067089    0.35996009    0.26373238    0.29007633    0.28725719    0.26015420    0.27196779
T19            0.23337850    0.10864223    0.10637717    0.00000000    0.11777741    0.11791589    0.11806201    0.10384507    0.10623789    0.18543404    0.16072273    0.16629856    0.16049040    0.14549892    0.14313647    0.14292746    0.20582489    0.29770355    0.29719785    0.22711127    0.24064650    0.24331719    0.21519153    0.21233320
T23            0.23601787    0.17360501    0.17386484    0.11777741    0.00000000    0.00602720    0.09662536    0.08060592    0.08289457    0.18235570    0.16847200    0.17413313    0.17360501    0.14786935    0.15068191    0.15046082    0.21639244    0.30734042    0.30681160    0.22618038    0.24267979    0.24536270    0.22298964    0.22245369
T9             0.23337850    0.17658325    0.17142208    0.11791589    0.00602720    0.00000000    0.09438680    0.07840848    0.07840848    0.18265510    0.16604375    0.17169143    0.17116114    0.14549892    0.14830606    0.14808369    0.21381623    0.30446517    0.30393662    0.22356427    0.23703824    0.24267979    0.22038072    0.22271682
T15            0.21607813    0.16872568    0.16629856    0.11806201    0.09662536    0.09438680    0.00000000    0.05189786    0.06276281    0.16656168    0.15306581    0.15329372    0.15808333    0.14571457    0.14335341    0.14313647    0.19984785    0.28725719    0.28679554    0.22973387    0.24032173    0.24299345    0.22066445    0.20641270
T22            0.20806650    0.14593819    0.14571457    0.10384507    0.08060592    0.07840848    0.05189786    0.00000000    0.04327636    0.15906671    0.13801984    0.14335341    0.14292746    0.12830546    0.12599218    0.12580480    0.18702086    0.28492159    0.28772976    0.21577319    0.22910567    0.23174004    0.20410889    0.20361051
T6             0.21671611    0.14808369    0.15091107    0.10623789    0.08289457    0.07840848    0.06276281    0.04327636    0.00000000    0.15377381    0.14313647    0.14853643    0.14808369    0.12119829    0.12849912    0.12830546    0.19480607    0.29152672    0.29103227    0.21350097    0.22449827    0.22941491    0.20464421    0.20641270
T17            0.25515700    0.22182221    0.23126099    0.18543404    0.18235570    0.18265510    0.16656168    0.15906671    0.15377381    0.00000000    0.13843525    0.14381100    0.14335341    0.12119829    0.10700804    0.10683930    0.24487257    0.33543973    0.33481229    0.27517488    0.28725719    0.28679554    0.25662571    0.24064650
T2             0.23337850    0.19823048    0.21005104    0.16072273    0.16847200    0.16604375    0.15306581    0.13801984    0.14313647    0.13843525    0.00000000    0.01008407    0.01822282    0.09948201    0.09251555    0.09238834    0.20582489    0.29007633    0.28961487    0.24064650    0.26056893    0.26330839    0.22560821    0.22560821
T14            0.23976266    0.20426789    0.21628175    0.16629856    0.17413313    0.17169143    0.15329372    0.14335341    0.14853643    0.14381100    0.01008407    0.00000000    0.02444372    0.10442330    0.09739023    0.09724463    0.21190924    0.29386226    0.29337882    0.25007701    0.26716193    0.26992000    0.23174004    0.23174004
T3             0.23601787    0.20360326    0.21553130    0.16049040    0.17360501    0.17116114    0.15808333    0.14292746    0.14808369    0.14335341    0.01822282    0.02444372    0.00000000    0.10411948    0.09474172    0.09461617    0.21414076    0.30969793    0.30918033    0.24936254    0.26641562    0.26917530    0.23115321    0.22356427
T16            0.21930076    0.18206488    0.18235570    0.14549892    0.14786935    0.14549892    0.14571457    0.12830546    0.12119829    0.12119829    0.09948201    0.10442330    0.10411948    0.00000000    0.06537028    0.06527864    0.20075299    0.29770355    0.29719785    0.23533492    0.25206158    0.25477085    0.21464765    0.21750596
T10            0.21671611    0.17959977    0.18543404    0.14313647    0.15068191    0.14830606    0.14335341    0.12599218    0.12849912    0.10700804    0.09251555    0.09739023    0.09474172    0.06537028    0.00000000    0.00804334    0.20680597    0.28821324    0.28772976    0.24168056    0.25857004    0.26129743    0.22941491    0.21836075
T5             0.21124927    0.17931654    0.18512692    0.14292746    0.15046082    0.14808369    0.14313647    0.12580480    0.12830546    0.10683930    0.09238834    0.09724463    0.09461617    0.06527864    0.00804334    0.00000000    0.20646989    0.28772976    0.28725719    0.24132594    0.25585296    0.25857004    0.22910567    0.22038072
T18            0.20949113    0.22662342    0.24977829    0.20582489    0.21639244    0.21381623    0.19984785    0.18702086    0.19480607    0.24487257    0.20582489    0.21190924    0.21414076    0.20075299    0.20680597    0.20646989    0.00000000    0.23373539    0.23337850    0.16693246    0.18211955    0.18461519    0.16152310    0.18004937
T12            0.29768976    0.32707372    0.36067089    0.29770355    0.30734042    0.30446517    0.28725719    0.28492159    0.29152672    0.33543973    0.29007633    0.29386226    0.30969793    0.29770355    0.28821324    0.28772976    0.23373539    0.00000000    0.00602721    0.16469056    0.19120417    0.19371628    0.16187596    0.26092796
T4             0.29725160    0.32649579    0.35996009    0.29719785    0.30681160    0.30393662    0.28679554    0.28772976    0.29103227    0.33481229    0.28961487    0.29337882    0.30918033    0.29719785    0.28772976    0.28725719    0.23337850    0.00602721    0.00000000    0.16449453    0.19095281    0.19346623    0.16169528    0.26056893
T13            0.23325524    0.24168056    0.26373238    0.22711127    0.22618038    0.22356427    0.22973387    0.21577319    0.21350097    0.27517488    0.24064650    0.25007701    0.24936254    0.23533492    0.24168056    0.24132594    0.16693246    0.16469056    0.16449453    0.00000000    0.05189786    0.04977251    0.07422460    0.20850577
T1             0.25650448    0.25783991    0.29007633    0.24064650    0.24267979    0.23703824    0.24032173    0.22910567    0.22449827    0.28725719    0.26056893    0.26716193    0.26641562    0.25206158    0.25857004    0.25585296    0.18211955    0.19120417    0.19095281    0.05189786    0.00000000    0.01006765    0.08972401    0.21888077
T7             0.25923776    0.25512126    0.28725719    0.24331719    0.24536270    0.24267979    0.24299345    0.23174004    0.22941491    0.28679554    0.26330839    0.26992000    0.26917530    0.25477085    0.26129743    0.25857004    0.18461519    0.19371628    0.19346623    0.04977251    0.01006765    0.00000000    0.08519376    0.22149870
T20            0.23884842    0.24434862    0.26015420    0.21519153    0.22298964    0.22038072    0.22066445    0.20410889    0.20464421    0.25662571    0.22560821    0.23174004    0.23115321    0.21464765    0.22941491    0.22910567    0.16152310    0.16187596    0.16169528    0.07422460    0.08972401    0.08519376    0.00000000    0.20549651
T0             0.23408705    0.24599790    0.27196779    0.21233320    0.22245369    0.22271682    0.20641270    0.20361051    0.20641270    0.24064650    0.22560821    0.23174004    0.22356427    0.21750596    0.21836075    0.22038072    0.18004937    0.26092796    0.26056893    0.20850577    0.21888077    0.22149870    0.20549651    0.00000000

