24
T6             0.00000000    0.18176801    0.25699836    0.21155478    0.19853249    0.24051525    0.16845971    0.16047959    0.20612387    0.18176801    0.19919896    0.19102076    0.19703476    0.16628600    0.18234015    0.25422046    0.25159871    0.25286471    0.24974862    0.24133232    0.24357412    0.24091893    0.12119153    0.28422467
T12            0.18176801    0.00000000    0.17467467    0.12716091    0.10802526    0.14436622    0.18097431    0.17825647    0.20490864    0.19450437    0.21514809    0.19821254    0.19853249    0.18204979    0.19007995    0.25018083    0.26243868    0.25826243    0.24811904    0.24583624    0.25119673    0.24851151    0.13294767    0.30874193
T9             0.25699836    0.17467467    0.00000000    0.15443902    0.13666861    0.16151425    0.25429349    0.25042290    0.28587083    0.28395166    0.29817837    0.29199175    0.28917283    0.26917989    0.28161557    0.34437578    0.35162114    0.34252547    0.32828464    0.32238352    0.32000300    0.32644621    0.22549561    0.37960462
T21            0.21155478    0.12716091    0.15443902    0.00000000    0.06046577    0.11281038    0.21702828    0.21412069    0.24468704    0.23072581    0.25286471    0.23182557    0.23827344    0.21995290    0.23144940    0.29586399    0.28957873    0.29431693    0.27470090    0.27559200    0.27470090    0.27514116    0.18204979    0.35544542
T22            0.19853249    0.10802526    0.13666861    0.06046577    0.00000000    0.09642584    0.20265659    0.20265659    0.23407752    0.21961191    0.24133232    0.22066287    0.22103182    0.20899803    0.22030322    0.26732745    0.27108570    0.27237566    0.25350058    0.25429349    0.25659734    0.25389198    0.15567388    0.32915907
T3             0.24051525    0.14436622    0.16151425    0.11281038    0.09642584    0.00000000    0.23634996    0.23335527    0.25389198    0.25740957    0.28078071    0.26505511    0.26552711    0.24317085    0.25201071    0.30264596    0.30625194    0.29666396    0.28026433    0.28115440    0.28350148    0.28722058    0.19538712    0.35798315
T11            0.16845971    0.18097431    0.25429349    0.21702828    0.20265659    0.23634996    0.00000000    0.02233487    0.08716571    0.07373713    0.08760260    0.08539117    0.08088253    0.06931593    0.08494491    0.23445312    0.23300866    0.23483834    0.22447737    0.21637270    0.23335527    0.22480728    0.12313676    0.27822819
T10            0.16047959    0.17825647    0.25042290    0.21412069    0.20265659    0.23335527    0.02233487    0.00000000    0.07582677    0.06262508    0.07613346    0.07394828    0.07177008    0.05827750    0.07812625    0.22549561    0.23004064    0.23182557    0.22155278    0.21348193    0.23037841    0.22187410    0.11821008    0.27191740
T23            0.20612387    0.20490864    0.28587083    0.24468704    0.23407752    0.25389198    0.08716571    0.07582677    0.00000000    0.06696458    0.08280818    0.08289218    0.08068958    0.08033152    0.11269910    0.27100551    0.28115440    0.27930113    0.27514116    0.26643508    0.28488450    0.27559200    0.15283624    0.30672674
T1             0.18176801    0.19450437    0.28395166    0.23072581    0.21961191    0.25740957    0.07373713    0.06262508    0.06696458    0.00000000    0.03483147    0.04338577    0.04128494    0.07373713    0.10112106    0.24932632    0.25783093    0.25915580    0.24891394    0.24051525    0.25826243    0.24932632    0.13801163    0.28987975
T19            0.19919896    0.21514809    0.29817837    0.25286471    0.24133232    0.28078071    0.08760260    0.07613346    0.08280818    0.03483147    0.00000000    0.05867145    0.05653732    0.08992836    0.11090996    0.26280327    0.25870406    0.26008956    0.24974862    0.24133232    0.25915580    0.25018083    0.14615960    0.30384041
T20            0.19102076    0.19821254    0.29199175    0.23182557    0.22066287    0.26505511    0.08539117    0.07394828    0.08289218    0.04338577    0.05867145    0.00000000    0.01008403    0.08308154    0.11348065    0.25062294    0.25826243    0.25961764    0.24932632    0.24091893    0.25870406    0.24974862    0.15163516    0.29195936
T4             0.19703476    0.19853249    0.28917283    0.23827344    0.22103182    0.26552711    0.08088253    0.07177008    0.08068958    0.04128494    0.05653732    0.01008403    0.00000000    0.08088253    0.11120395    0.25107492    0.25870406    0.26008956    0.24974862    0.24133232    0.25915580    0.25018083    0.15189593    0.29240871
T2             0.16628600    0.18204979    0.26917989    0.21995290    0.20899803    0.24317085    0.06931593    0.05827750    0.08033152    0.07373713    0.08992836    0.08308154    0.08088253    0.00000000    0.08280818    0.23827344    0.23747499    0.23260653    0.22883085    0.22066287    0.23786938    0.22920756    0.13101077    0.28869046
T15            0.18234015    0.19007995    0.28161557    0.23144940    0.22030322    0.25201071    0.08494491    0.07812625    0.11269910    0.10112106    0.11090996    0.11348065    0.11120395    0.08280818    0.00000000    0.24091893    0.26186950    0.26233130    0.25286471    0.24441004    0.26233130    0.25330667    0.13333664    0.28422467
T0             0.25422046    0.25018083    0.34437578    0.29586399    0.26732745    0.30264596    0.23445312    0.22549561    0.27100551    0.24932632    0.26280327    0.25062294    0.25107492    0.23827344    0.24091893    0.00000000    0.27150514    0.26643508    0.25080479    0.24239374    0.26326966    0.24891394    0.19069847    0.33668435
T7             0.25159871    0.26243868    0.35162114    0.28957873    0.27108570    0.30625194    0.23300866    0.23004064    0.28115440    0.25783093    0.25870406    0.25826243    0.25870406    0.23747499    0.26186950    0.27150514    0.00000000    0.04760712    0.03904135    0.03274678    0.04538922    0.03272616    0.21737002    0.35965265
T17            0.25286471    0.25826243    0.34252547    0.29431693    0.27237566    0.29666396    0.23483834    0.23182557    0.27930113    0.25915580    0.26008956    0.25961764    0.26008956    0.23260653    0.26233130    0.26643508    0.04760712    0.00000000    0.03701127    0.03073305    0.04765305    0.03492606    0.21258432    0.37139233
T14            0.24974862    0.24811904    0.32828464    0.27470090    0.25350058    0.28026433    0.22447737    0.22155278    0.27514116    0.24891394    0.24974862    0.24932632    0.24974862    0.22883085    0.25286471    0.25080479    0.03904135    0.03701127    0.00000000    0.01007276    0.03906888    0.02650461    0.20967670    0.36023525
T16            0.24133232    0.24583624    0.32238352    0.27559200    0.25429349    0.28115440    0.21637270    0.21348193    0.26643508    0.24051525    0.24133232    0.24091893    0.24133232    0.22066287    0.24441004    0.24239374    0.03274678    0.03073305    0.01007276    0.00000000    0.03277385    0.02031399    0.20171905    0.34324918
T13            0.24357412    0.25119673    0.32000300    0.27470090    0.25659734    0.28350148    0.23335527    0.23037841    0.28488450    0.25826243    0.25915580    0.25870406    0.25915580    0.23786938    0.26233130    0.26326966    0.04538922    0.04765305    0.03906888    0.03277385    0.00000000    0.02442124    0.20678591    0.35657090
T8             0.24091893    0.24851151    0.32644621    0.27514116    0.25389198    0.28722058    0.22480728    0.22187410    0.27559200    0.24932632    0.25018083    0.24974862    0.25018083    0.22920756    0.25330667    0.24891394    0.03272616    0.03492606    0.02650461    0.02031399    0.02442124    0.00000000    0.20424801    0.35350208
T5             0.12119153    0.13294767    0.22549561    0.18204979    0.15567388    0.19538712    0.12313676    0.11821008    0.15283624    0.13801163    0.14615960    0.15163516    0.15189593    0.13101077    0.13333664    0.19069847    0.21737002    0.21258432    0.20967670    0.20171905    0.20678591    0.20424801    0.00000000    0.19046366
T18            0.28422467    0.30874193    0.37960462    0.35544542    0.32915907    0.35798315    0.27822819    0.27191740    0.30672674    0.28987975    0.30384041    0.29195936    0.29240871    0.28869046    0.28422467    0.33668435    0.35965265    0.37139233    0.36023525    0.34324918    0.35657090    0.35350208    0.19046366    0.00000000

