24
T7             0.00000000    0.25512434    0.25206450    0.25974689    0.26207151    0.25008042    0.23867017    0.28225261    0.27388794    0.28872949    0.28916914    0.31059945    0.27987264    0.28106265    0.30722997    0.29315352    0.28425955    0.27625665    0.25172322    0.25590123    0.25046107    0.26057189    0.22880831    0.20529165
T15            0.25512434    0.00000000    0.00401611    0.10637783    0.10134362    0.14057292    0.13295620    0.20437384    0.21033076    0.20106216    0.20130830    0.28119462    0.23567452    0.23766256    0.25139222    0.26229954    0.24237826    0.22356652    0.20337647    0.22458203    0.21934319    0.20361190    0.17448826    0.34171180
T18            0.25206450    0.00401611    0.00000000    0.10159204    0.09662569    0.13548222    0.12794219    0.20156363    0.20748043    0.19828325    0.19852162    0.27795614    0.23269673    0.23469367    0.24836945    0.25923978    0.23940941    0.22066657    0.20059757    0.22172366    0.21650107    0.20082525    0.17183484    0.33818786
T16            0.25974689    0.10637783    0.10159204    0.00000000    0.01210949    0.12084166    0.10894063    0.18923489    0.19230092    0.18820610    0.18845001    0.26691392    0.21639520    0.20976289    0.23469367    0.24536487    0.22589144    0.21033076    0.19047830    0.20529165    0.20293357    0.19346784    0.14914153    0.34028805
T6             0.26207151    0.10134362    0.09662569    0.01210949    0.00000000    0.12051432    0.10864288    0.18870280    0.19173571    0.18774500    0.18797109    0.26604029    0.21577559    0.21778337    0.23115508    0.24476997    0.22533834    0.21547987    0.19003811    0.20490878    0.20252818    0.19299449    0.14883813    0.33568902
T1             0.25008042    0.14057292    0.13548222    0.12084166    0.12051432    0.00000000    0.07456174    0.17489387    0.17827103    0.18524524    0.18547278    0.24399788    0.20182812    0.20617091    0.22851838    0.22745685    0.21414307    0.19047830    0.17411757    0.20509546    0.19997032    0.18502658    0.14898568    0.30481562
T9             0.23867017    0.13295620    0.12794219    0.10894063    0.10864288    0.07456174    0.00000000    0.16998457    0.16268441    0.16469168    0.16712799    0.22096005    0.18027224    0.18461604    0.21180716    0.21650107    0.19783406    0.18820610    0.16395814    0.19179285    0.18674943    0.18005062    0.13418707    0.29397491
T4             0.28225261    0.20437384    0.20156363    0.18923489    0.18870280    0.17489387    0.16998457    0.00000000    0.02447239    0.11961081    0.11971661    0.21004217    0.16469168    0.22220158    0.22745685    0.23228697    0.21888156    0.21180716    0.18944577    0.22391446    0.21866539    0.19508576    0.15835516    0.34120558
T19            0.27388794    0.21033076    0.20748043    0.19230092    0.19173571    0.17827103    0.16268441    0.02447239    0.00000000    0.11995158    0.12008071    0.20238449    0.15743321    0.22010833    0.22823824    0.23299914    0.21958857    0.21261320    0.19003811    0.21888156    0.21367503    0.19299449    0.15620378    0.32871482
T5             0.28872949    0.20106216    0.19828325    0.18820610    0.18774500    0.18524524    0.16469168    0.11961081    0.11995158    0.00000000    0.02238895    0.19551972    0.16693340    0.22745685    0.24448787    0.25533807    0.23565996    0.22507642    0.20272617    0.21826246    0.21304515    0.20059757    0.16379614    0.34223062
T17            0.28916914    0.20130830    0.19852162    0.18845001    0.18797109    0.18547278    0.16712799    0.11971661    0.12008071    0.02238895    0.00000000    0.19852162    0.16712799    0.22770745    0.24476997    0.25260986    0.23591593    0.22533834    0.20293357    0.21845901    0.21324544    0.20082525    0.16395814    0.34276202
T0             0.31059945    0.28119462    0.27795614    0.26691392    0.26604029    0.24399788    0.22096005    0.21004217    0.20238449    0.19551972    0.19852162    0.00000000    0.08760587    0.27547148    0.29887514    0.30061422    0.28278661    0.28747705    0.24746554    0.26690852    0.26138348    0.24536487    0.22823824    0.35648526
T10            0.27987264    0.23567452    0.23269673    0.21639520    0.21577559    0.20182812    0.18027224    0.16469168    0.15743321    0.16693340    0.16712799    0.08760587    0.00000000    0.23438642    0.25715389    0.26198352    0.24208463    0.24633353    0.21439144    0.23541410    0.23009928    0.21464933    0.18192692    0.30878312
T20            0.28106265    0.23766256    0.23469367    0.20976289    0.21778337    0.20617091    0.18461604    0.22220158    0.22010833    0.22745685    0.22770745    0.27547148    0.23438642    0.00000000    0.12226384    0.12668827    0.10802935    0.09897909    0.08281063    0.20767223    0.20767223    0.19255739    0.15110030    0.33373792
T12            0.30722997    0.25139222    0.24836945    0.23469367    0.23115508    0.22851838    0.21180716    0.22745685    0.22823824    0.24448787    0.24476997    0.29887514    0.25715389    0.12226384    0.00000000    0.02857230    0.03066885    0.09238885    0.07177221    0.22655387    0.22655387    0.20315035    0.15848662    0.32600624
T11            0.29315352    0.26229954    0.25923978    0.24536487    0.24476997    0.22745685    0.21650107    0.23228697    0.23299914    0.25533807    0.25260986    0.30061422    0.26198352    0.12668827    0.02857230    0.00000000    0.03480112    0.09662569    0.07599139    0.22863744    0.22863744    0.20509546    0.16568731    0.32780542
T2             0.28425955    0.24237826    0.23940941    0.22589144    0.22533834    0.21414307    0.19783406    0.21888156    0.21958857    0.23565996    0.23591593    0.28278661    0.24208463    0.10802935    0.03066885    0.03480112    0.00000000    0.07869349    0.05632354    0.20973925    0.20973925    0.18944577    0.14833138    0.31671736
T14            0.27625665    0.22356652    0.22066657    0.21033076    0.21547987    0.19047830    0.18820610    0.21180716    0.21261320    0.22507642    0.22533834    0.28747705    0.24633353    0.09897909    0.09238885    0.09662569    0.07869349    0.00000000    0.03919133    0.21888156    0.21888156    0.19025370    0.14883813    0.32183668
T3             0.25172322    0.20337647    0.20059757    0.19047830    0.19003811    0.17411757    0.16395814    0.18944577    0.19003811    0.20272617    0.20293357    0.24746554    0.21439144    0.08281063    0.07177221    0.07599139    0.05632354    0.03919133    0.00000000    0.18611659    0.18611659    0.15862664    0.12174485    0.28596311
T21            0.25590123    0.22458203    0.22172366    0.20529165    0.20490878    0.20509546    0.19179285    0.22391446    0.21888156    0.21826246    0.21845901    0.26690852    0.23541410    0.20767223    0.22655387    0.22863744    0.20973925    0.21888156    0.18611659    0.00000000    0.00401206    0.12679605    0.11730064    0.32743561
T23            0.25046107    0.21934319    0.21650107    0.20293357    0.20252818    0.19997032    0.18674943    0.21866539    0.21367503    0.21304515    0.21324544    0.26138348    0.23009928    0.20767223    0.22655387    0.22863744    0.20973925    0.21888156    0.18611659    0.00401206    0.00000000    0.12679605    0.11730064    0.32147185
T13            0.26057189    0.20361190    0.20082525    0.19346784    0.19299449    0.18502658    0.18005062    0.19508576    0.19299449    0.20059757    0.20082525    0.24536487    0.21464933    0.19255739    0.20315035    0.20509546    0.18944577    0.19025370    0.15862664    0.12679605    0.12679605    0.00000000    0.09921624    0.32007537
T22            0.22880831    0.17448826    0.17183484    0.14914153    0.14883813    0.14898568    0.13418707    0.15835516    0.15620378    0.16379614    0.16395814    0.22823824    0.18192692    0.15110030    0.15848662    0.16568731    0.14833138    0.14883813    0.12174485    0.11730064    0.11730064    0.09921624    0.00000000    0.28313815
T8             0.20529165    0.34171180    0.33818786    0.34028805    0.33568902    0.30481562    0.29397491    0.34120558    0.32871482    0.34223062    0.34276202    0.35648526    0.30878312    0.33373792    0.32600624    0.32780542    0.31671736    0.32183668    0.28596311    0.32743561    0.32147185    0.32007537    0.28313815    0.00000000

