24
T13            0.00000000    0.29244041    0.25819603    0.29152205    0.30433336    0.31398080    0.25044599    0.24971122    0.24399149    0.27608457    0.26100422    0.29396588    0.28746861    0.29640413    0.28505391    0.28183668    0.31768765    0.19322308    0.23832621    0.23832621    0.24690941    0.24125993    0.23143860    0.23438104
T22            0.29244041    0.00000000    0.09948151    0.18150729    0.18774173    0.20692450    0.18253109    0.17411507    0.17429594    0.18371915    0.18098594    0.22533370    0.22245073    0.23299454    0.21390033    0.21390033    0.29152205    0.21349851    0.25442701    0.25442701    0.27194130    0.26605424    0.23734092    0.24031844
T4             0.25819603    0.09948151    0.00000000    0.15004173    0.15635222    0.16919299    0.18346401    0.17757276    0.17243203    0.18760550    0.18760550    0.21206211    0.20922817    0.21958430    0.20360809    0.20082159    0.27608457    0.17779570    0.21108242    0.21108242    0.23565533    0.23009487    0.19508253    0.19783069
T15            0.29152205    0.18150729    0.15004173    0.00000000    0.04756836    0.07177171    0.20044016    0.19703563    0.19173164    0.21296552    0.20208302    0.22095503    0.21806365    0.24331382    0.22678848    0.22386323    0.28744241    0.19571483    0.23734092    0.23734092    0.26056502    0.25783612    0.22125789    0.22417460
T8             0.30433336    0.18774173    0.15635222    0.04756836    0.00000000    0.08710179    0.21233065    0.20616707    0.20360809    0.22482599    0.21381378    0.23325190    0.23034377    0.25650052    0.24505677    0.24207929    0.29669840    0.20747588    0.24448266    0.24448266    0.27716068    0.27124129    0.22770293    0.22481997
T11            0.31398080    0.20692450    0.16919299    0.07177171    0.08710179    0.00000000    0.22356146    0.22588650    0.22037794    0.23938452    0.22812593    0.25075531    0.24775097    0.27402431    0.25681876    0.25377783    0.30290833    0.20436962    0.25260452    0.25260452    0.28068031    0.27472228    0.22796325    0.23087140
T3             0.25044599    0.18253109    0.18346401    0.20044016    0.21233065    0.22356146    0.00000000    0.02653147    0.01824794    0.06312763    0.05220821    0.11791515    0.11548156    0.12226259    0.10825114    0.10586408    0.25873241    0.17658162    0.21155331    0.21155331    0.22910271    0.22356146    0.20492338    0.20776543
T18            0.24971122    0.17411507    0.17757276    0.19703563    0.20616707    0.22588650    0.02653147    0.00000000    0.01210019    0.06519358    0.05425725    0.11064967    0.10825114    0.10802840    0.09877060    0.09642832    0.25162380    0.17335209    0.21390033    0.21390033    0.22796325    0.22245073    0.20155958    0.20436962
T6             0.24399149    0.17429594    0.17243203    0.19173164    0.20360809    0.22037794    0.01824794    0.01210019    0.00000000    0.05638833    0.04559620    0.10598103    0.10359965    0.10792839    0.09418609    0.09186017    0.24586031    0.16822523    0.20570886    0.20570886    0.22245073    0.21698098    0.19623522    0.19902176
T7             0.27608457    0.18371915    0.18760550    0.21296552    0.22482599    0.23938452    0.06312763    0.06519358    0.05638833    0.00000000    0.01826989    0.12331582    0.12083998    0.13259583    0.11348527    0.11105758    0.26236140    0.18296128    0.22095503    0.22095503    0.24132273    0.23566844    0.20521401    0.20806417
T21            0.26100422    0.18098594    0.18760550    0.20208302    0.21381378    0.22812593    0.05220821    0.05425725    0.04559620    0.01826989    0.00000000    0.12119755    0.11872170    0.12545223    0.10652327    0.10411894    0.25065072    0.17528893    0.21289589    0.21289589    0.23005963    0.22449552    0.19732042    0.20013844
T16            0.29396588    0.22533370    0.21206211    0.22095503    0.23325190    0.25075531    0.11791515    0.11064967    0.10598103    0.12331582    0.12119755    0.00000000    0.00603633    0.08078465    0.06527843    0.06304102    0.28634025    0.19424127    0.23060262    0.23060262    0.25589552    0.25016594    0.22560523    0.22851340
T14            0.28746861    0.22245073    0.20922817    0.21806365    0.23034377    0.24775097    0.11548156    0.10825114    0.10359965    0.12083998    0.11872170    0.00603633    0.00000000    0.07849600    0.06304102    0.06081359    0.28309159    0.19146246    0.23060262    0.23060262    0.25288214    0.24717959    0.22271390    0.22560523
T20            0.29640413    0.23299454    0.21958430    0.24331382    0.25650052    0.27402431    0.12226259    0.10802840    0.10792839    0.13259583    0.12545223    0.08078465    0.07849600    0.00000000    0.02236461    0.02029415    0.29112337    0.20385269    0.24476460    0.24476460    0.26385249    0.25807144    0.23617706    0.23911946
T19            0.28505391    0.21390033    0.20360809    0.22678848    0.24505677    0.25681876    0.10825114    0.09877060    0.09418609    0.11348527    0.10652327    0.06527843    0.06304102    0.02236461    0.00000000    0.00200402    0.28309159    0.19649301    0.23351925    0.23351925    0.25589552    0.25016594    0.22271390    0.22560523
T5             0.28183668    0.21390033    0.20082159    0.22386323    0.24207929    0.25377783    0.10586408    0.09642832    0.09186017    0.11105758    0.10411894    0.06304102    0.06081359    0.02029415    0.00200402    0.00000000    0.27986392    0.19371421    0.23060262    0.23060262    0.25288214    0.24717959    0.21983921    0.22271390
T2             0.31768765    0.29152205    0.27608457    0.28744241    0.29669840    0.30290833    0.25873241    0.25162380    0.24586031    0.26236140    0.25065072    0.28634025    0.28309159    0.29112337    0.28309159    0.27986392    0.00000000    0.22032280    0.25240930    0.25240930    0.26991585    0.27030422    0.24667727    0.24359870
T23            0.19322308    0.21349851    0.17779570    0.19571483    0.20747588    0.20436962    0.17658162    0.17335209    0.16822523    0.18296128    0.17528893    0.19424127    0.19146246    0.20385269    0.19649301    0.19371421    0.22032280    0.00000000    0.13866967    0.13866967    0.16135784    0.15635222    0.12470807    0.12716558
T9             0.23832621    0.25442701    0.21108242    0.23734092    0.24448266    0.25260452    0.21155331    0.21390033    0.20570886    0.22095503    0.21289589    0.23060262    0.23060262    0.24476460    0.23351925    0.23060262    0.25240930    0.13866967    0.00000000    0.00000000    0.22128123    0.21584378    0.18231990    0.18502346
T1             0.23832621    0.25442701    0.21108242    0.23734092    0.24448266    0.25260452    0.21155331    0.21390033    0.20570886    0.22095503    0.21289589    0.23060262    0.23060262    0.24476460    0.23351925    0.23060262    0.25240930    0.13866967    0.00000000    0.00000000    0.22128123    0.21584378    0.18231990    0.18502346
T12            0.24690941    0.27194130    0.23565533    0.26056502    0.27716068    0.28068031    0.22910271    0.22796325    0.22245073    0.24132273    0.23005963    0.25589552    0.25288214    0.26385249    0.25589552    0.25288214    0.26991585    0.16135784    0.22128123    0.22128123    0.00000000    0.00401105    0.17907222    0.18173965
T0             0.24125993    0.26605424    0.23009487    0.25783612    0.27124129    0.27472228    0.22356146    0.22245073    0.21698098    0.23566844    0.22449552    0.25016594    0.24717959    0.25807144    0.25016594    0.24717959    0.27030422    0.15635222    0.21584378    0.21584378    0.00401105    0.00000000    0.17394298    0.17658923
T10            0.23143860    0.23734092    0.19508253    0.22125789    0.22770293    0.22796325    0.20492338    0.20155958    0.19623522    0.20521401    0.19732042    0.22560523    0.22271390    0.23617706    0.22271390    0.21983921    0.24667727    0.12470807    0.18231990    0.18231990    0.17907222    0.17394298    0.00000000    0.00200402
T17            0.23438104    0.24031844    0.19783069    0.22417460    0.22481997    0.23087140    0.20776543    0.20436962    0.19902176    0.20806417    0.20013844    0.22851340    0.22560523    0.23911946    0.22560523    0.22271390    0.24359870    0.12716558    0.18502346    0.18502346    0.18173965    0.17658923    0.00200402    0.00000000

