24
T23            0.00000000    0.20643275    0.20643275    0.24742493    0.24402764    0.22485839    0.26105243    0.29579951    0.28778219    0.28418019    0.31173917    0.31803305    0.32188662    0.22098346    0.22535998    0.21780518    0.21986425    0.27198255    0.24570508    0.15621272    0.14354840    0.11065610    0.10565774    0.12471564
T20            0.20643275    0.00000000    0.03497175    0.26682119    0.26096410    0.24670665    0.27755654    0.32333815    0.29579951    0.30562127    0.35914597    0.37317929    0.36274786    0.26885452    0.27406363    0.26850778    0.27685787    0.33726598    0.29932042    0.24182533    0.23011995    0.20466660    0.20362970    0.22591448
T5             0.20643275    0.03497175    0.00000000    0.26060393    0.25480437    0.24067708    0.27434790    0.30971516    0.28921285    0.29543812    0.35201927    0.36951122    0.35914597    0.27513031    0.27792155    0.27476385    0.28317320    0.34076694    0.30592854    0.23887314    0.23011995    0.19904451    0.20084230    0.22012963
T16            0.24742493    0.26682119    0.26060393    0.00000000    0.03904222    0.06720965    0.11320128    0.24905264    0.24207995    0.22627934    0.38993777    0.39315758    0.38232132    0.27908386    0.27720143    0.26921201    0.29687115    0.33574584    0.30592854    0.26995912    0.25446319    0.21322035    0.20694857    0.21960855
T6             0.24402764    0.26096410    0.25480437    0.03904222    0.00000000    0.07387506    0.12036886    0.24035129    0.23869950    0.22294861    0.37167060    0.37481940    0.36430704    0.28188374    0.28000554    0.27513031    0.29973663    0.33626603    0.31217636    0.26025424    0.24508820    0.20722044    0.20387503    0.22222172
T17            0.22485839    0.24670665    0.24067708    0.06720965    0.07387506    0.00000000    0.11137530    0.23536519    0.23451359    0.21593503    0.38354026    0.38673204    0.37598138    0.27991321    0.28429756    0.27311691    0.29773897    0.32629492    0.30347938    0.25588989    0.24067708    0.20016442    0.19958634    0.22068926
T9             0.26105243    0.27755654    0.27434790    0.11320128    0.12036886    0.11137530    0.00000000    0.27755654    0.27061750    0.25115301    0.41982009    0.43146924    0.41982009    0.31265697    0.31017631    0.30534930    0.33136849    0.37153747    0.34449661    0.29627322    0.27991321    0.24405629    0.24323619    0.25938103
T0             0.29579951    0.32333815    0.30971516    0.24905264    0.24035129    0.23536519    0.27755654    0.00000000    0.06720965    0.11042121    0.43313176    0.43485336    0.43992497    0.34025385    0.33380522    0.33605770    0.35604542    0.40990614    0.37349970    0.32333815    0.31308619    0.26061916    0.26445310    0.28595185
T7             0.28778219    0.29579951    0.28921285    0.24207995    0.23869950    0.23451359    0.27061750    0.06720965    0.00000000    0.11365057    0.43485611    0.43652061    0.44165993    0.33427307    0.32785495    0.32656547    0.34388248    0.39538712    0.35975487    0.30923960    0.29912574    0.26561219    0.25666500    0.27477961
T11            0.28418019    0.30562127    0.29543812    0.22627934    0.22294861    0.21593503    0.25115301    0.11042121    0.11365057    0.00000000    0.44096195    0.43574150    0.44096195    0.33191724    0.33249391    0.33130082    0.34753769    0.40656297    0.36862741    0.30452699    0.29441282    0.24627807    0.24140096    0.26467407
T18            0.31173917    0.35914597    0.35201927    0.38993777    0.37167060    0.38354026    0.41982009    0.43313176    0.43485611    0.44096195    0.00000000    0.03069836    0.03284836    0.17312758    0.16939175    0.16490898    0.17759005    0.23471952    0.20184763    0.31090035    0.30102100    0.28148606    0.27685787    0.29527237
T2             0.31803305    0.37317929    0.36951122    0.39315758    0.37481940    0.38673204    0.43146924    0.43485336    0.43652061    0.43574150    0.03069836    0.00000000    0.03492716    0.17828691    0.17450088    0.16999796    0.18548846    0.24334792    0.20722044    0.31131382    0.30140168    0.28429756    0.27340721    0.29168265
T14            0.32188662    0.36274786    0.35914597    0.38232132    0.36430704    0.37598138    0.41982009    0.43992497    0.44165993    0.44096195    0.03284836    0.03492716    0.00000000    0.17853653    0.17469982    0.17021718    0.18572543    0.24368276    0.20750158    0.32097931    0.31090035    0.29773897    0.28636110    0.29852254
T21            0.22098346    0.26885452    0.27513031    0.27908386    0.28188374    0.27991321    0.31265697    0.34025385    0.33427307    0.33191724    0.17312758    0.17828691    0.17853653    0.00000000    0.03274744    0.02866599    0.04994604    0.09922102    0.07433349    0.24035129    0.23146792    0.19987086    0.19600756    0.20951290
T10            0.22535998    0.27406363    0.27792155    0.27720143    0.28000554    0.28429756    0.31017631    0.33380522    0.32785495    0.33249391    0.16939175    0.17450088    0.17469982    0.03274744    0.00000000    0.02440561    0.04969192    0.10103033    0.07387506    0.24778266    0.23887314    0.20132655    0.19763855    0.20830086
T3             0.21780518    0.26850778    0.27476385    0.26921201    0.27513031    0.27311691    0.30534930    0.33605770    0.32656547    0.33130082    0.16490898    0.16999796    0.17021718    0.02866599    0.02440561    0.00000000    0.04554280    0.09673924    0.06743877    0.24003552    0.23117849    0.19122366    0.19026908    0.20643275
T12            0.21986425    0.27685787    0.28317320    0.29687115    0.29973663    0.29773897    0.33136849    0.35604542    0.34388248    0.34753769    0.17759005    0.18548846    0.18572543    0.04994604    0.04969192    0.04554280    0.00000000    0.10611175    0.07412924    0.23972979    0.23089895    0.20439351    0.20339367    0.21986425
T1             0.27198255    0.33726598    0.34076694    0.33574584    0.33626603    0.32629492    0.37153747    0.40990614    0.39538712    0.40656297    0.23471952    0.24334792    0.24368276    0.09922102    0.10103033    0.09673924    0.10611175    0.00000000    0.07640774    0.29687115    0.29034932    0.25011241    0.25109940    0.26885452
T13            0.24570508    0.29932042    0.30592854    0.30592854    0.31217636    0.30347938    0.34449661    0.37349970    0.35975487    0.36862741    0.20184763    0.20722044    0.20750158    0.07433349    0.07387506    0.06743877    0.07412924    0.07640774    0.00000000    0.27829806    0.26885452    0.22452695    0.23146792    0.24871977
T19            0.15621272    0.24182533    0.23887314    0.26995912    0.26025424    0.25588989    0.29627322    0.32333815    0.30923960    0.30452699    0.31090035    0.31131382    0.32097931    0.24035129    0.24778266    0.24003552    0.23972979    0.29687115    0.27829806    0.00000000    0.01620813    0.12226971    0.12425977    0.14354840
T22            0.14354840    0.23011995    0.23011995    0.25446319    0.24508820    0.24067708    0.27991321    0.31308619    0.29912574    0.29441282    0.30102100    0.30140168    0.31090035    0.23146792    0.23887314    0.23117849    0.23089895    0.29034932    0.26885452    0.01620813    0.00000000    0.11260421    0.11464107    0.13364344
T8             0.11065610    0.20466660    0.19904451    0.21322035    0.20722044    0.20016442    0.24405629    0.26061916    0.26561219    0.24627807    0.28148606    0.28429756    0.29773897    0.19987086    0.20132655    0.19122366    0.20439351    0.25011241    0.22452695    0.12226971    0.11260421    0.00000000    0.05407787    0.07155670
T15            0.10565774    0.20362970    0.20084230    0.20694857    0.20387503    0.19958634    0.24323619    0.26445310    0.25666500    0.24140096    0.27685787    0.27340721    0.28636110    0.19600756    0.19763855    0.19026908    0.20339367    0.25109940    0.23146792    0.12425977    0.11464107    0.05407787    0.00000000    0.02440561
T4             0.12471564    0.22591448    0.22012963    0.21960855    0.22222172    0.22068926    0.25938103    0.28595185    0.27477961    0.26467407    0.29527237    0.29168265    0.29852254    0.20951290    0.20830086    0.20643275    0.21986425    0.26885452    0.24871977    0.14354840    0.13364344    0.07155670    0.02440561    0.00000000

