24
T15            0.00000000    0.36989962    0.35808528    0.37202809    0.37202809    0.39119529    0.36002095    0.40336906    0.36364520    0.35027348    0.37153919    0.36624891    0.52662883    0.38217149    0.40212162    0.39825933    0.40212162    0.31333632    0.31922111    0.33453979    0.34184269    0.34751876    0.40951632    0.37564921
T2             0.36989962    0.00000000    0.08539073    0.08992787    0.06937593    0.07849367    0.15283478    0.17333922    0.15544607    0.14291748    0.15023707    0.13711138    0.30441517    0.14807276    0.16797653    0.16797653    0.16797653    0.31126651    0.30237266    0.30574056    0.30862614    0.29902731    0.36213447    0.34165100
T20            0.35808528    0.08539073    0.00000000    0.01212486    0.04760698    0.05859467    0.13963052    0.16225107    0.14216243    0.12992760    0.14470722    0.12202678    0.28768681    0.13744726    0.15443753    0.15443753    0.15443753    0.30782910    0.29665808    0.30574056    0.31545403    0.29003380    0.36574561    0.34165100
T1             0.37202809    0.08992787    0.01212486    0.00000000    0.05189684    0.06073730    0.14453203    0.16731763    0.14708332    0.13476254    0.14964770    0.12678975    0.29381752    0.14233920    0.16467878    0.16467878    0.16467878    0.30728993    0.29617557    0.30862614    0.31837447    0.29950977    0.36165769    0.33763631
T13            0.37202809    0.06937593    0.04760698    0.05189684    0.00000000    0.01829786    0.13196736    0.15944253    0.13445515    0.12238457    0.13196736    0.11471102    0.27426632    0.12729903    0.15168961    0.15168961    0.15168961    0.29715172    0.28868496    0.29195372    0.29479499    0.29195372    0.34670489    0.32298578
T6             0.39119529    0.07849367    0.05859467    0.06073730    0.01829786    0.00000000    0.14216243    0.17018872    0.14470722    0.13242160    0.14216243    0.12446006    0.27791213    0.13744726    0.16225107    0.16225107    0.16225107    0.30441517    0.29570421    0.29902731    0.30189028    0.29570421    0.36119434    0.33715625
T3             0.36002095    0.15283478    0.13963052    0.14453203    0.13196736    0.14216243    0.00000000    0.03289350    0.00200401    0.03272608    0.04961883    0.05616758    0.24201615    0.11120319    0.12760072    0.12760072    0.12760072    0.27150030    0.26988607    0.28912356    0.29286347    0.28440729    0.35237216    0.32178393
T11            0.40336906    0.17333922    0.16225107    0.16731763    0.15944253    0.17018872    0.03289350    0.00000000    0.03077480    0.06727515    0.08494446    0.09204643    0.27193026    0.14056175    0.15501801    0.15501801    0.15501801    0.30286636    0.30095953    0.32827736    0.33236540    0.31652281    0.37991312    0.34824036
T7             0.36364520    0.15544607    0.14216243    0.14708332    0.13445515    0.14470722    0.00200401    0.03077480    0.00000000    0.03483139    0.05176941    0.05835584    0.24505628    0.11363650    0.13008852    0.13008852    0.13008852    0.27469593    0.27304133    0.29240305    0.29617557    0.28768681    0.35237216    0.32178393
T4             0.35027348    0.14291748    0.12992760    0.13476254    0.12238457    0.13242160    0.03272608    0.06727515    0.03483139    0.00000000    0.03480077    0.04965972    0.23003724    0.10637183    0.12266197    0.12266197    0.12266197    0.28114916    0.27304133    0.28349617    0.28721510    0.27237075    0.33925241    0.30917106
T18            0.37153919    0.15023707    0.14470722    0.14964770    0.13196736    0.14216243    0.04961883    0.08494446    0.05176941    0.03480077    0.00000000    0.06914452    0.24597063    0.12497662    0.14168045    0.14168045    0.14168045    0.29570421    0.28743550    0.29636924    0.30007424    0.28825740    0.35326392    0.32257762
T0             0.36624891    0.13711138    0.12202678    0.12678975    0.11471102    0.12446006    0.05616758    0.09204643    0.05835584    0.04965972    0.06914452    0.00000000    0.23530900    0.09897459    0.11269830    0.11269830    0.11269830    0.27704296    0.27227808    0.28180424    0.28543744    0.27304133    0.34099904    0.30749938
T16            0.52662883    0.30441517    0.28768681    0.29381752    0.27426632    0.27791213    0.24201615    0.27193026    0.24505628    0.23003724    0.24597063    0.23530900    0.00000000    0.19007762    0.21702524    0.21702524    0.21702524    0.44163306    0.42952835    0.43978878    0.44505297    0.43431818    0.52281754    0.48936338
T10            0.38217149    0.14807276    0.13744726    0.14233920    0.12729903    0.13744726    0.11120319    0.14056175    0.11363650    0.10637183    0.12497662    0.09897459    0.19007762    0.00000000    0.07422193    0.07422193    0.07422193    0.30209008    0.29333496    0.29333496    0.29715172    0.29431111    0.36053804    0.33315456
T22            0.40212162    0.16797653    0.15443753    0.16467878    0.15168961    0.16225107    0.12760072    0.15501801    0.13008852    0.12266197    0.14168045    0.11269830    0.21702524    0.07422193    0.00000000    0.00401609    0.00401609    0.31652281    0.30429371    0.30765028    0.31152319    0.28868496    0.37728203    0.34931356
T23            0.39825933    0.16797653    0.15443753    0.16467878    0.15168961    0.16225107    0.12760072    0.15501801    0.13008852    0.12266197    0.14168045    0.11269830    0.21702524    0.07422193    0.00401609    0.00000000    0.00401609    0.31652281    0.30429371    0.30765028    0.31152319    0.28868496    0.37728203    0.34931356
T17            0.40212162    0.16797653    0.15443753    0.16467878    0.15168961    0.16225107    0.12760072    0.15501801    0.13008852    0.12266197    0.14168045    0.11269830    0.21702524    0.07422193    0.00401609    0.00401609    0.00000000    0.31652281    0.30429371    0.30765028    0.31152319    0.28868496    0.37728203    0.34931356
T8             0.31333632    0.31126651    0.30782910    0.30728993    0.29715172    0.30441517    0.27150030    0.30286636    0.27469593    0.28114916    0.29570421    0.27704296    0.44163306    0.30209008    0.31652281    0.31652281    0.31652281    0.00000000    0.04343544    0.21776031    0.22093546    0.24061993    0.29092471    0.25647620
T14            0.31922111    0.30237266    0.29665808    0.29617557    0.28868496    0.29570421    0.26988607    0.30095953    0.27304133    0.27304133    0.28743550    0.27227808    0.42952835    0.29333496    0.30429371    0.30429371    0.30429371    0.04343544    0.00000000    0.21956707    0.22269557    0.23058362    0.28969593    0.24933920
T19            0.33453979    0.30574056    0.30574056    0.30862614    0.29195372    0.29902731    0.28912356    0.32827736    0.29240305    0.28349617    0.29636924    0.28180424    0.43978878    0.29333496    0.30765028    0.30765028    0.30765028    0.21776031    0.21956707    0.00000000    0.01414099    0.19850304    0.24909193    0.21932224
T9             0.34184269    0.30862614    0.31545403    0.31837447    0.29479499    0.30189028    0.29286347    0.33236540    0.29617557    0.28721510    0.30007424    0.28543744    0.44505297    0.29715172    0.31152319    0.31152319    0.31152319    0.22093546    0.22269557    0.01414099    0.00000000    0.20154373    0.24638013    0.22243285
T21            0.34751876    0.29902731    0.29003380    0.29950977    0.29195372    0.29570421    0.28440729    0.31652281    0.28768681    0.27237075    0.28825740    0.27304133    0.43431818    0.29431111    0.28868496    0.28868496    0.28868496    0.24061993    0.23058362    0.19850304    0.20154373    0.00000000    0.26004507    0.22983822
T5             0.40951632    0.36213447    0.36574561    0.36165769    0.34670489    0.36119434    0.35237216    0.37991312    0.35237216    0.33925241    0.35326392    0.34099904    0.52281754    0.36053804    0.37728203    0.37728203    0.37728203    0.29092471    0.28969593    0.24909193    0.24638013    0.26004507    0.00000000    0.04760698
T12            0.37564921    0.34165100    0.34165100    0.33763631    0.32298578    0.33715625    0.32178393    0.34824036    0.32178393    0.30917106    0.32257762    0.30749938    0.48936338    0.33315456    0.34931356    0.34931356    0.34931356    0.25647620    0.24933920    0.21932224    0.22243285    0.22983822    0.04760698    0.00000000

