24
T20            0.00000000    0.26966506    0.28311039    0.27025542    0.29770367    0.28241989    0.21546225    0.20154872    0.18594115    0.18397277    0.14153824    0.14674676    0.21957273    0.27470622    0.21637588    0.22155599    0.23004414    0.22908851    0.12483756    0.15204127    0.15876771    0.15908974    0.14436736    0.15169227
T16            0.26966506    0.00000000    0.10359700    0.09876841    0.11751952    0.10102348    0.28026971    0.25781784    0.30253643    0.30384638    0.26165592    0.26502897    0.35327893    0.42864192    0.34066856    0.34674166    0.35335753    0.35904270    0.27056699    0.29483467    0.31552535    0.30638038    0.29483467    0.30791147
T2             0.28311039    0.10359700    0.00000000    0.01623175    0.03488813    0.02236450    0.30156497    0.28769842    0.32916607    0.33071900    0.28462470    0.29068328    0.34753344    0.45611766    0.34932991    0.34932991    0.35601008    0.36529366    0.28103364    0.31254021    0.32341916    0.31415782    0.30584882    0.32619798
T1             0.27025542    0.09876841    0.01623175    0.00000000    0.03910303    0.02650465    0.30103748    0.28070952    0.33214633    0.33369940    0.27785806    0.28384540    0.34796016    0.44250824    0.34521380    0.34521380    0.35184196    0.36108533    0.27122271    0.29884305    0.31296150    0.30384257    0.29234740    0.31885257
T13            0.29770367    0.11751952    0.03488813    0.03910303    0.00000000    0.02444355    0.31308748    0.29241454    0.33265176    0.33424158    0.28785155    0.29394169    0.35192240    0.45877640    0.35545360    0.35184196    0.35853480    0.36785726    0.28913097    0.32429685    0.33972134    0.33024763    0.31839464    0.33117233
T23            0.28241989    0.10102348    0.02236450    0.02650465    0.02444355    0.00000000    0.30390085    0.28350705    0.33513885    0.33669202    0.28384540    0.28988466    0.34405997    0.45287484    0.35545360    0.35184196    0.35853480    0.37154891    0.27714128    0.30832370    0.32259031    0.31334830    0.30172076    0.31839464
T7             0.21546225    0.28026971    0.30156497    0.30103748    0.31308748    0.30390085    0.00000000    0.06060851    0.24700557    0.24812340    0.21259625    0.21002536    0.28422952    0.35775717    0.27514663    0.28722651    0.29667033    0.29196503    0.21928359    0.25660191    0.26675966    0.26439034    0.25042716    0.23830197
T17            0.20154872    0.25781784    0.28769842    0.28070952    0.29241454    0.28350705    0.06060851    0.00000000    0.24130580    0.24239793    0.19370398    0.19674880    0.27122271    0.33669202    0.25971813    0.27792274    0.28722651    0.28263895    0.19955054    0.23335901    0.24565589    0.24329769    0.22971591    0.22384927
T15            0.18594115    0.30253643    0.32916607    0.33214633    0.33265176    0.33513885    0.24700557    0.24130580    0.00000000    0.00804333    0.12021248    0.12281409    0.21982729    0.25781784    0.22030687    0.22549929    0.23408151    0.23301228    0.16429893    0.20665167    0.21412799    0.21179174    0.20104820    0.18773293
T11            0.18397277    0.30384638    0.33071900    0.33369940    0.33424158    0.33669202    0.24812340    0.24239793    0.00804333    0.00000000    0.11821100    0.12083552    0.22297399    0.25817726    0.21845466    0.22362604    0.23221551    0.23108666    0.16225427    0.20463025    0.21205051    0.20974660    0.19901100    0.18569636
T19            0.14153824    0.26165592    0.28462470    0.27785806    0.28785155    0.28384540    0.21259625    0.19370398    0.12021248    0.11821100    0.00000000    0.00602719    0.17873781    0.24597816    0.16711826    0.17201630    0.17982683    0.17924236    0.13196935    0.16918633    0.17873781    0.17906526    0.16394987    0.15684772
T22            0.14674676    0.26502897    0.29068328    0.28384540    0.29394169    0.28988466    0.21002536    0.19674880    0.12281409    0.12083552    0.00602719    0.00000000    0.17625114    0.24934169    0.16997400    0.17488311    0.18274248    0.18210978    0.13460700    0.17201630    0.18155707    0.18191661    0.16673835    0.16225427
T4             0.21957273    0.35327893    0.34753344    0.34796016    0.35192240    0.34405997    0.28422952    0.27122271    0.21982729    0.22297399    0.17873781    0.17625114    0.00000000    0.23764138    0.20015783    0.21043831    0.21865138    0.21043831    0.19431787    0.23831345    0.24863595    0.24909901    0.23249815    0.22009148
T8             0.27470622    0.42864192    0.45611766    0.44250824    0.45877640    0.45287484    0.35775717    0.33669202    0.25781784    0.25817726    0.24597816    0.24934169    0.23764138    0.00000000    0.26713760    0.27266381    0.28181442    0.28141855    0.26639228    0.29966012    0.31374708    0.31458049    0.29638034    0.28587628
T0             0.21637588    0.34066856    0.34932991    0.34521380    0.35545360    0.35545360    0.27514663    0.25971813    0.22030687    0.21845466    0.16711826    0.16997400    0.20015783    0.26713760    0.00000000    0.04139491    0.04349200    0.04559560    0.19730867    0.21575742    0.21463327    0.21805072    0.21288317    0.19875483
T14            0.22155599    0.34674166    0.34932991    0.34521380    0.35184196    0.35184196    0.28722651    0.27792274    0.22549929    0.22362604    0.17201630    0.17488311    0.21043831    0.27266381    0.04139491    0.00000000    0.00602719    0.03277390    0.19955054    0.22384927    0.22850001    0.22908851    0.22094158    0.19597648
T21            0.23004414    0.35335753    0.35601008    0.35184196    0.35853480    0.35853480    0.29667033    0.28722651    0.23408151    0.23221551    0.17982683    0.18274248    0.21865138    0.28181442    0.04349200    0.00602719    0.00000000    0.03910303    0.20775292    0.23234797    0.23406982    0.23764138    0.22939736    0.20409559
T6             0.22908851    0.35904270    0.36529366    0.36108533    0.36785726    0.37154891    0.29196503    0.28263895    0.23301228    0.23108666    0.17924236    0.18210978    0.21043831    0.28141855    0.04559560    0.03277390    0.03910303    0.00000000    0.20974660    0.23732592    0.24206487    0.24266110    0.23436660    0.20615670
T5             0.12483756    0.27056699    0.28103364    0.27122271    0.28913097    0.27714128    0.21928359    0.19955054    0.16429893    0.16225427    0.13196935    0.13460700    0.19431787    0.26639228    0.19730867    0.19955054    0.20775292    0.20974660    0.00000000    0.09169844    0.10059271    0.10070606    0.08710038    0.14420833
T10            0.15204127    0.29483467    0.31254021    0.29884305    0.32429685    0.30832370    0.25660191    0.23335901    0.20665167    0.20463025    0.16918633    0.17201630    0.23831345    0.29966012    0.21575742    0.22384927    0.23234797    0.23732592    0.09169844    0.00000000    0.02646295    0.02440532    0.01210945    0.18297103
T18            0.15876771    0.31552535    0.32341916    0.31296150    0.33972134    0.32259031    0.26675966    0.24565589    0.21412799    0.21205051    0.17873781    0.18155707    0.24863595    0.31374708    0.21463327    0.22850001    0.23406982    0.24206487    0.10059271    0.02646295    0.00000000    0.01006866    0.01413792    0.18982020
T9             0.15908974    0.30638038    0.31415782    0.30384257    0.33024763    0.31334830    0.26439034    0.24329769    0.21179174    0.20974660    0.17906526    0.18191661    0.24909901    0.31458049    0.21805072    0.22908851    0.23764138    0.24266110    0.10070606    0.02440532    0.01006866    0.00000000    0.01209707    0.19024151
T3             0.14436736    0.29483467    0.30584882    0.29234740    0.31839464    0.30172076    0.25042716    0.22971591    0.20104820    0.19901100    0.16394987    0.16673835    0.23249815    0.29638034    0.21288317    0.22094158    0.22939736    0.23436660    0.08710038    0.01210945    0.01413792    0.01209707    0.00000000    0.18026048
T12            0.15169227    0.30791147    0.32619798    0.31885257    0.33117233    0.31839464    0.23830197    0.22384927    0.18773293    0.18569636    0.15684772    0.16225427    0.22009148    0.28587628    0.19875483    0.19597648    0.20409559    0.20615670    0.14420833    0.18297103    0.18982020    0.19024151    0.18026048    0.00000000

