24
T9             0.00000000    0.24637966    0.22130126    0.22161495    0.27672738    0.25517430    0.20939650    0.19765218    0.18983388    0.21839985    0.21781795    0.21781795    0.21209839    0.19679433    0.19679433    0.21236808    0.24781805    0.26567917    0.21675895    0.17934758    0.20079168    0.20301229    0.18954481    0.20144256
T22            0.24637966    0.00000000    0.18826609    0.18859092    0.21161698    0.18598102    0.28150813    0.28190636    0.27313839    0.26960048    0.26267472    0.26267472    0.25111587    0.25482231    0.25482231    0.27722131    0.34483414    0.34287810    0.31426369    0.27552880    0.29362360    0.29934489    0.28714260    0.29119850
T16            0.22130126    0.18826609    0.00000000    0.01623218    0.11563308    0.16074648    0.25517430    0.25246558    0.24404494    0.25900897    0.25590926    0.25590926    0.24440031    0.24514108    0.24514108    0.26267472    0.32191586    0.32879923    0.30639347    0.24036712    0.25754222    0.28512599    0.26997989    0.26447350
T13            0.22161495    0.18859092    0.01623218    0.00000000    0.11092467    0.16364963    0.25862670    0.25590926    0.24744332    0.26253050    0.25940159    0.25940159    0.24781805    0.24859765    0.24859765    0.26611285    0.33278544    0.33278544    0.30350584    0.24369960    0.26098333    0.28554566    0.27036998    0.26173605
T11            0.27672738    0.21161698    0.11563308    0.11092467    0.00000000    0.16939883    0.30777972    0.31067801    0.30489296    0.32493136    0.31699442    0.31699442    0.30441907    0.30537834    0.30537834    0.31897023    0.40770574    0.40231282    0.36350433    0.31852016    0.33793714    0.35119579    0.33793714    0.33551287
T0             0.25517430    0.18598102    0.16074648    0.16364963    0.16939883    0.00000000    0.28037964    0.26510033    0.25960383    0.28512599    0.27552880    0.27552880    0.26372228    0.26761218    0.26761218    0.27935096    0.38103686    0.37228512    0.32487353    0.27200251    0.28997649    0.29893963    0.28355811    0.29162830
T3             0.20939650    0.28150813    0.25517430    0.25862670    0.30777972    0.28037964    0.00000000    0.10927927    0.09517108    0.20185900    0.20414079    0.20414079    0.19577707    0.18076700    0.18076700    0.19601775    0.25792641    0.26173605    0.21036555    0.17389335    0.19513653    0.18899312    0.17634472    0.19513653
T20            0.19765218    0.28190636    0.25246558    0.25590926    0.31067801    0.26510033    0.10927927    0.00000000    0.02857274    0.18549765    0.18504981    0.18504981    0.17965500    0.17245632    0.17245632    0.19027818    0.23378578    0.24976706    0.21870506    0.17093492    0.19204478    0.19149532    0.17880461    0.18649974
T4             0.18983388    0.27313839    0.24404494    0.24744332    0.30489296    0.25960383    0.09517108    0.02857274    0.00000000    0.16756376    0.17738327    0.17738327    0.16676551    0.15966342    0.15966342    0.17717690    0.23079738    0.24069334    0.20780463    0.15810601    0.17880461    0.17829611    0.16582227    0.17338013
T15            0.21839985    0.26960048    0.25900897    0.26253050    0.32493136    0.28512599    0.20185900    0.18549765    0.16756376    0.00000000    0.04536922    0.04536922    0.03899908    0.05189947    0.05189947    0.11682456    0.20853482    0.22223374    0.17413629    0.13697641    0.15428726    0.14885145    0.13904914    0.15171501
T6             0.21781795    0.26267472    0.25590926    0.25940159    0.31699442    0.27552880    0.20414079    0.18504981    0.17738327    0.04536922    0.00000000    0.00000000    0.01415469    0.05182180    0.05182180    0.11909715    0.22223374    0.22748965    0.17909390    0.13668680    0.15395640    0.15365917    0.14379823    0.15139739
T21            0.21781795    0.26267472    0.25590926    0.25940159    0.31699442    0.27552880    0.20414079    0.18504981    0.17738327    0.04536922    0.00000000    0.00000000    0.01415469    0.05182180    0.05182180    0.11909715    0.22223374    0.22748965    0.17909390    0.13668680    0.15395640    0.15365917    0.14379823    0.15139739
T17            0.21209839    0.25111587    0.24440031    0.24781805    0.30441907    0.26372228    0.19577707    0.17965500    0.16676551    0.03899908    0.01415469    0.01415469    0.00000000    0.04323678    0.04323678    0.10968243    0.21089227    0.21608349    0.16856064    0.12925733    0.14631844    0.14606012    0.13631315    0.14379823
T19            0.19679433    0.25482231    0.24514108    0.24859765    0.30537834    0.26761218    0.18076700    0.17245632    0.15966342    0.05189947    0.05182180    0.05182180    0.04323678    0.00000000    0.00000000    0.10292556    0.19879785    0.20388586    0.15395640    0.11563308    0.13244303    0.13184989    0.12227322    0.12964790
T5             0.19679433    0.25482231    0.24514108    0.24859765    0.30537834    0.26761218    0.18076700    0.17245632    0.15966342    0.05189947    0.05182180    0.05182180    0.04323678    0.00000000    0.00000000    0.10292556    0.19879785    0.20388586    0.15395640    0.11563308    0.13244303    0.13184989    0.12227322    0.12964790
T7             0.21236808    0.27722131    0.26267472    0.26611285    0.31897023    0.27935096    0.19601775    0.19027818    0.17717690    0.11682456    0.11909715    0.11909715    0.10968243    0.10292556    0.10292556    0.00000000    0.20364021    0.20644369    0.17133021    0.12937956    0.14899955    0.14618511    0.13642956    0.13172154
T8             0.24781805    0.34483414    0.32191586    0.33278544    0.40770574    0.38103686    0.25792641    0.23378578    0.23079738    0.20853482    0.22223374    0.22223374    0.21089227    0.19879785    0.19879785    0.20364021    0.00000000    0.17000578    0.23571919    0.21097274    0.22748619    0.22161495    0.21066450    0.21934387
T1             0.26567917    0.34287810    0.32879923    0.33278544    0.40231282    0.37228512    0.26173605    0.24976706    0.24069334    0.22223374    0.22748965    0.22748965    0.21608349    0.20388586    0.20388586    0.20644369    0.17000578    0.00000000    0.23803230    0.20751388    0.21810414    0.21522786    0.20440499    0.22454193
T14            0.21675895    0.31426369    0.30639347    0.30350584    0.36350433    0.32487353    0.21036555    0.21870506    0.20780463    0.17413629    0.17909390    0.17909390    0.16856064    0.15395640    0.15395640    0.17133021    0.23571919    0.23803230    0.00000000    0.10865210    0.12563916    0.11282313    0.10349622    0.11549235
T23            0.17934758    0.27552880    0.24036712    0.24369960    0.31852016    0.27200251    0.17389335    0.17093492    0.15810601    0.13697641    0.13668680    0.13668680    0.12925733    0.11563308    0.11563308    0.12937956    0.21097274    0.20751388    0.10865210    0.00000000    0.02859753    0.05852886    0.04988259    0.07422959
T12            0.20079168    0.29362360    0.25754222    0.26098333    0.33793714    0.28997649    0.19513653    0.19204478    0.17880461    0.15428726    0.15395640    0.15395640    0.14631844    0.13244303    0.13244303    0.14899955    0.22748619    0.21810414    0.12563916    0.02859753    0.00000000    0.07622241    0.06511899    0.09239577
T10            0.20301229    0.29934489    0.28512599    0.28554566    0.35119579    0.29893963    0.18899312    0.19149532    0.17829611    0.14885145    0.15365917    0.15365917    0.14606012    0.13184989    0.13184989    0.14618511    0.22161495    0.21522786    0.11282313    0.05852886    0.07622241    0.00000000    0.01209714    0.08519894
T2             0.18954481    0.28714260    0.26997989    0.27036998    0.33793714    0.28355811    0.17634472    0.17880461    0.16582227    0.13904914    0.14379823    0.14379823    0.13631315    0.12227322    0.12227322    0.13642956    0.21066450    0.20440499    0.10349622    0.04988259    0.06511899    0.01209714    0.00000000    0.07622241
T18            0.20144256    0.29119850    0.26447350    0.26173605    0.33551287    0.29162830    0.19513653    0.18649974    0.17338013    0.15171501    0.15139739    0.15139739    0.14379823    0.12964790    0.12964790    0.13172154    0.21934387    0.22454193    0.11549235    0.07422959    0.09239577    0.08519894    0.07622241    0.00000000

