24
T15            0.00000000    0.22388668    0.23503074    0.27588652    0.25479671    0.23535829    0.21415741    0.20829673    0.22535464    0.20852008    0.23062393    0.23276746    0.18299497    0.18299497    0.19348076    0.19958128    0.19323914    0.16511923    0.13227634    0.15005247    0.14392687    0.13948335    0.17044130    0.17223602
T2             0.22388668    0.00000000    0.11334192    0.31646752    0.30726599    0.26719197    0.26920362    0.26264915    0.28147664    0.24478892    0.27127236    0.27965502    0.27200294    0.27200294    0.26968976    0.27937741    0.27476920    0.25562351    0.23077354    0.24897299    0.23535829    0.22485163    0.24473949    0.25626364
T9             0.23503074    0.11334192    0.00000000    0.33489124    0.31503347    0.29390439    0.26369458    0.26333553    0.28551138    0.24839026    0.26884639    0.28994420    0.29058954    0.29058954    0.29490684    0.29826637    0.30009384    0.28264888    0.23305537    0.25125460    0.24741691    0.23676657    0.26881511    0.27754608
T11            0.27588652    0.31646752    0.33489124    0.00000000    0.08946938    0.23036444    0.23834745    0.23810276    0.25592144    0.23011492    0.25535718    0.26360623    0.31452600    0.31452600    0.31795459    0.33305839    0.32784023    0.30633970    0.24669912    0.27391706    0.27628524    0.26209829    0.28551138    0.29626109
T12            0.25479671    0.30726599    0.31503347    0.08946938    0.00000000    0.23381940    0.22723120    0.22129845    0.24450629    0.22436405    0.24397190    0.25809616    0.30633970    0.30633970    0.30295749    0.31774617    0.31264304    0.28496188    0.22590875    0.24067010    0.24839026    0.23768269    0.26719197    0.28313199
T7             0.23535829    0.26719197    0.29390439    0.23036444    0.23381940    0.00000000    0.12239582    0.12226827    0.13243624    0.11752797    0.13712636    0.14141335    0.27798785    0.28448811    0.28448811    0.29207639    0.29058954    0.27336153    0.21005814    0.22815333    0.23206990    0.22159423    0.24741691    0.24974117
T19            0.21415741    0.26920362    0.26369458    0.23834745    0.22723120    0.12239582    0.00000000    0.00805154    0.03069826    0.03701225    0.07162182    0.10803270    0.27754608    0.28402519    0.29058954    0.29826637    0.29341978    0.26968976    0.21779973    0.24135117    0.23410736    0.22068359    0.23503074    0.25174542
T23            0.20829673    0.26264915    0.26333553    0.23810276    0.22129845    0.12226827    0.00805154    0.00000000    0.03066910    0.03697608    0.07155625    0.11270715    0.27073944    0.27711504    0.28357315    0.29107416    0.28638202    0.26291191    0.21182182    0.23503074    0.22798437    0.21466459    0.22882629    0.24538493
T5             0.22535464    0.28147664    0.28551138    0.25592144    0.24450629    0.13243624    0.03069826    0.03066910    0.00000000    0.04770736    0.08289695    0.12704020    0.29011594    0.29011594    0.30346465    0.31137053    0.30633970    0.28216429    0.22039916    0.24402016    0.24569824    0.23206990    0.24974117    0.25445578
T20            0.20852008    0.24478892    0.24839026    0.23011492    0.22436405    0.11752797    0.03701225    0.03697608    0.04770736    0.00000000    0.06271137    0.10312160    0.26170705    0.26798246    0.27433779    0.27844034    0.27711504    0.25395027    0.20362529    0.22650178    0.21960363    0.20642815    0.22273465    0.23676271
T17            0.23062393    0.27127236    0.26884639    0.25535718    0.24397190    0.13712636    0.07162182    0.07155625    0.08289695    0.06271137    0.00000000    0.12925218    0.28920183    0.29578771    0.30246168    0.30346465    0.30533662    0.28122739    0.23736606    0.25010435    0.24807810    0.23440526    0.23354140    0.26608565
T18            0.23276746    0.27965502    0.28994420    0.26360623    0.25809616    0.14141335    0.10803270    0.11270715    0.12704020    0.10312160    0.12925218    0.00000000    0.28071484    0.28390246    0.28711058    0.29772776    0.28994420    0.26333553    0.22197247    0.24538493    0.24423394    0.23062393    0.24154559    0.25957916
T13            0.18299497    0.27200294    0.29058954    0.31452600    0.30633970    0.27798785    0.27754608    0.27073944    0.29011594    0.26170705    0.28920183    0.28071484    0.00000000    0.01210954    0.03694642    0.03914468    0.03904211    0.06067213    0.14710096    0.16800212    0.15154433    0.14710096    0.18622148    0.18299497
T10            0.18299497    0.27200294    0.29058954    0.31452600    0.30633970    0.28448811    0.28402519    0.27711504    0.29011594    0.26798246    0.29578771    0.28390246    0.01210954    0.00000000    0.03483208    0.03701225    0.03692329    0.06067213    0.14710096    0.16800212    0.15154433    0.14710096    0.18622148    0.18299497
T3             0.19348076    0.26968976    0.29490684    0.31795459    0.30295749    0.28448811    0.29058954    0.28357315    0.30346465    0.27433779    0.30246168    0.28711058    0.03694642    0.03483208    0.00000000    0.02241974    0.03064636    0.06944676    0.15445648    0.17557864    0.15379607    0.15445648    0.18846271    0.18798296
T4             0.19958128    0.27937741    0.29826637    0.33305839    0.31774617    0.29207639    0.29826637    0.29107416    0.31137053    0.27844034    0.30346465    0.29772776    0.03914468    0.03701225    0.02241974    0.00000000    0.02859725    0.07186045    0.16006124    0.18152437    0.15927987    0.16006124    0.19174986    0.18846271
T21            0.19323914    0.27476920    0.30009384    0.32784023    0.31264304    0.29058954    0.29341978    0.28638202    0.30633970    0.27711504    0.30533662    0.28994420    0.03904211    0.03692329    0.03064636    0.02859725    0.00000000    0.07162182    0.15946263    0.17804208    0.16396601    0.15946263    0.19425963    0.19323914
T6             0.16511923    0.25562351    0.28264888    0.30633970    0.28496188    0.27336153    0.26968976    0.26291191    0.28216429    0.25395027    0.28122739    0.26333553    0.06067213    0.06067213    0.06944676    0.07186045    0.07162182    0.00000000    0.13511766    0.15569597    0.13696978    0.13010300    0.17361902    0.17044130
T8             0.13227634    0.23077354    0.23305537    0.24669912    0.22590875    0.21005814    0.21779973    0.21182182    0.22039916    0.20362529    0.23736606    0.22197247    0.14710096    0.14710096    0.15445648    0.16006124    0.15946263    0.13511766    0.00000000    0.04776671    0.09381691    0.08946938    0.12484767    0.11489980
T22            0.15005247    0.24897299    0.25125460    0.27391706    0.24067010    0.22815333    0.24135117    0.23503074    0.24402016    0.22650178    0.25010435    0.24538493    0.16800212    0.16800212    0.17557864    0.18152437    0.17804208    0.15569597    0.04776671    0.00000000    0.11021579    0.10586857    0.13981728    0.12950413
T16            0.14392687    0.23535829    0.24741691    0.27628524    0.24839026    0.23206990    0.23410736    0.22798437    0.24569824    0.21960363    0.24807810    0.24423394    0.15154433    0.15154433    0.15379607    0.15927987    0.16396601    0.13696978    0.09381691    0.11021579    0.00000000    0.02029429    0.12214854    0.12659241
T1             0.13948335    0.22485163    0.23676657    0.26209829    0.23768269    0.22159423    0.22068359    0.21466459    0.23206990    0.20642815    0.23440526    0.23062393    0.14710096    0.14710096    0.15445648    0.16006124    0.15946263    0.13010300    0.08946938    0.10586857    0.02029429    0.00000000    0.12731162    0.12458837
T14            0.17044130    0.24473949    0.26881511    0.28551138    0.26719197    0.24741691    0.23503074    0.22882629    0.24974117    0.22273465    0.23354140    0.24154559    0.18622148    0.18622148    0.18846271    0.19174986    0.19425963    0.17361902    0.12484767    0.13981728    0.12214854    0.12731162    0.00000000    0.14184838
T0             0.17223602    0.25626364    0.27754608    0.29626109    0.28313199    0.24974117    0.25174542    0.24538493    0.25445578    0.23676271    0.26608565    0.25957916    0.18299497    0.18299497    0.18798296    0.18846271    0.19323914    0.17044130    0.11489980    0.12950413    0.12659241    0.12458837    0.14184838    0.00000000

