24
T13            0.00000000    0.39187661    0.22650878    0.21838690    0.43361836    0.44118004    0.38932380    0.40290743    0.26759167    0.26445383    0.29961012    0.29295785    0.29865247    0.27629575    0.27589713    0.27074938    0.28148788    0.28673781    0.15139342    0.14355025    0.13610327    0.12447289    0.14438395    0.14438395
T4             0.39187661    0.00000000    0.27158100    0.26210749    0.55314208    0.56220378    0.50032714    0.49037314    0.35911697    0.37037046    0.40900663    0.40900663    0.36970464    0.34336898    0.34392651    0.33380581    0.36717424    0.36174819    0.38173684    0.38435335    0.36431100    0.35810691    0.39970183    0.39970183
T3             0.22650878    0.27158100    0.00000000    0.07186109    0.36377846    0.37056843    0.32989559    0.33203921    0.23605019    0.24207970    0.27522126    0.26882468    0.24402819    0.22069030    0.22329830    0.22359106    0.23737395    0.24839912    0.25142283    0.25381448    0.25685659    0.22013126    0.25589030    0.25589030
T6             0.21838690    0.26210749    0.07186109    0.00000000    0.36485693    0.37167414    0.32828741    0.33034103    0.22485823    0.23078046    0.24857699    0.24245495    0.23341048    0.21263542    0.21467113    0.21263542    0.22040597    0.23706739    0.24905395    0.24240614    0.25446497    0.21780631    0.25356581    0.25356581
T20            0.43361836    0.55314208    0.36377846    0.36485693    0.00000000    0.01212504    0.06492475    0.06259595    0.33726975    0.35142271    0.36174819    0.35810691    0.35449202    0.31760069    0.32904211    0.31342887    0.32735844    0.33048697    0.42278321    0.41874421    0.44348378    0.43825262    0.44249799    0.44677979
T1             0.44118004    0.56220378    0.37056843    0.37167414    0.01212504    0.00000000    0.06944742    0.06704338    0.35090313    0.36541623    0.36120234    0.36485693    0.36120234    0.32394155    0.33546772    0.31971448    0.33379336    0.33689457    0.43022902    0.42614040    0.45119034    0.44593174    0.44166827    0.44593174
T12            0.38932380    0.50032714    0.32989559    0.32828741    0.06492475    0.06944742    0.00000000    0.02234686    0.30550484    0.31894349    0.32188918    0.31174221    0.31848387    0.28995646    0.29454651    0.27966704    0.29852616    0.30251885    0.38173684    0.37798619    0.38932380    0.38800954    0.39187661    0.39577388
T14            0.40290743    0.49037314    0.33203921    0.33034103    0.06259595    0.06704338    0.02234686    0.00000000    0.31424130    0.32781678    0.33079889    0.32735844    0.32394155    0.28248368    0.29673665    0.27870798    0.30391751    0.30159489    0.38872099    0.38492759    0.40418974    0.40158728    0.40553066    0.40950545
T18            0.26759167    0.35911697    0.23605019    0.22485823    0.33726975    0.35090313    0.30550484    0.31424130    0.00000000    0.02450767    0.08088872    0.08088872    0.13045161    0.11577757    0.13227867    0.12282702    0.13477975    0.13712889    0.28271268    0.27550934    0.28595236    0.26840314    0.26524538    0.26524538
T7             0.26445383    0.37037046    0.24207970    0.23078046    0.35142271    0.36541623    0.31894349    0.32781678    0.02450767    0.00000000    0.09017244    0.09017244    0.14314885    0.12563420    0.14235909    0.13278188    0.14491134    0.14728621    0.28921322    0.28188517    0.29249553    0.28123789    0.27799811    0.27799811
T9             0.29961012    0.40900663    0.27522126    0.24857699    0.36174819    0.36120234    0.32188918    0.33079889    0.08088872    0.09017244    0.00000000    0.01626218    0.15069564    0.15264738    0.16248280    0.15264738    0.16777682    0.15705171    0.31556613    0.30775176    0.31901878    0.30061289    0.29060078    0.29060078
T0             0.29295785    0.40900663    0.26882468    0.24245495    0.35810691    0.36485693    0.31174221    0.32735844    0.08088872    0.09017244    0.01626218    0.00000000    0.15593426    0.15264738    0.16248280    0.15264738    0.16777682    0.15965722    0.30873171    0.30105504    0.31213722    0.29725315    0.28730757    0.28730757
T21            0.29865247    0.36970464    0.24402819    0.23341048    0.35449202    0.36120234    0.31848387    0.32394155    0.13045161    0.14314885    0.15069564    0.15593426    0.00000000    0.07859454    0.09685621    0.08550899    0.09685621    0.11752994    0.27830002    0.27755877    0.29444702    0.26720179    0.27670518    0.27670518
T23            0.27629575    0.34336898    0.22069030    0.21263542    0.31760069    0.32394155    0.28995646    0.28248368    0.11577757    0.12563420    0.15264738    0.15264738    0.07859454    0.00000000    0.04117024    0.03066924    0.05413163    0.09612853    0.28188517    0.27476633    0.29401870    0.26524538    0.27712540    0.27712540
T19            0.27589713    0.34392651    0.22329830    0.21467113    0.32904211    0.33546772    0.29454651    0.29673665    0.13227867    0.14235909    0.16248280    0.16248280    0.09685621    0.04117024    0.00000000    0.02234686    0.07169508    0.11233953    0.28391417    0.28000904    0.29932312    0.27351723    0.27272946    0.27272946
T15            0.27074938    0.33380581    0.22359106    0.21263542    0.31342887    0.31971448    0.27966704    0.27870798    0.12282702    0.13278188    0.15264738    0.15264738    0.08550899    0.03066924    0.02234686    0.00000000    0.06074082    0.10312338    0.27550934    0.27162861    0.29075794    0.26524538    0.27392721    0.27392721
T8             0.28148788    0.36717424    0.23737395    0.22040597    0.32735844    0.33379336    0.29852616    0.30391751    0.13477975    0.14491134    0.16777682    0.16777682    0.09685621    0.05413163    0.07169508    0.06074082    0.00000000    0.10761011    0.29360169    0.28957262    0.30926798    0.28314286    0.29533748    0.29533748
T11            0.28673781    0.36174819    0.24839912    0.23706739    0.33048697    0.33689457    0.30251885    0.30159489    0.13712889    0.14728621    0.15705171    0.15965722    0.11752994    0.09612853    0.11233953    0.10312338    0.10761011    0.00000000    0.29565820    0.29168700    0.30883072    0.28110160    0.28429966    0.28429966
T22            0.15139342    0.38173684    0.25142283    0.24905395    0.42278321    0.43022902    0.38173684    0.38872099    0.28271268    0.28921322    0.31556613    0.30873171    0.27830002    0.28188517    0.28391417    0.27550934    0.29360169    0.29565820    0.00000000    0.02862848    0.06304347    0.09265524    0.10701565    0.10701565
T2             0.14355025    0.38435335    0.25381448    0.24240614    0.41874421    0.42614040    0.37798619    0.38492759    0.27550934    0.28188517    0.30775176    0.30105504    0.27755877    0.27476633    0.28000904    0.27162861    0.28957262    0.29168700    0.02862848    0.00000000    0.05846471    0.08771881    0.09948784    0.09948784
T5             0.13610327    0.36431100    0.25685659    0.25446497    0.44348378    0.45119034    0.38932380    0.40418974    0.28595236    0.29249553    0.31901878    0.31213722    0.29444702    0.29401870    0.29932312    0.29075794    0.30926798    0.30883072    0.06304347    0.05846471    0.00000000    0.08308785    0.09948784    0.09948784
T16            0.12447289    0.35810691    0.22013126    0.21780631    0.43825262    0.44593174    0.38800954    0.40158728    0.26840314    0.28123789    0.30061289    0.29725315    0.26720179    0.26524538    0.27351723    0.26524538    0.28314286    0.28110160    0.09265524    0.08771881    0.08308785    0.00000000    0.07686462    0.07686462
T10            0.14438395    0.39970183    0.25589030    0.25356581    0.44249799    0.44166827    0.39187661    0.40553066    0.26524538    0.27799811    0.29060078    0.28730757    0.27670518    0.27712540    0.27272946    0.27392721    0.29533748    0.28429966    0.10701565    0.09948784    0.09948784    0.07686462    0.00000000    0.01214667
T17            0.14438395    0.39970183    0.25589030    0.25356581    0.44677979    0.44593174    0.39577388    0.40950545    0.26524538    0.27799811    0.29060078    0.28730757    0.27670518    0.27712540    0.27272946    0.27392721    0.29533748    0.28429966    0.10701565    0.09948784    0.09948784    0.07686462    0.01214667    0.00000000

