24
T15            0.00000000    0.27881045    0.30482201    0.33894243    0.33192853    0.30564712    0.31278424    0.30564712    0.31617192    0.30897802    0.30318827    0.31690753    0.30564712    0.38292771    0.37339336    0.37973565    0.35315766    0.27487838    0.27417227    0.25762735    0.29264571    0.28935837    0.29311226    0.36000695
T19            0.27881045    0.00000000    0.11824699    0.13318926    0.13533326    0.09664291    0.10148504    0.09687103    0.10414500    0.10400274    0.09923692    0.10839769    0.10640288    0.19102858    0.17763762    0.18803974    0.14713605    0.27040790    0.27351028    0.25218933    0.26794785    0.27105033    0.26827576    0.37764705
T23            0.30482201    0.11824699    0.00000000    0.05836217    0.11550886    0.09179027    0.09888897    0.09196681    0.09911353    0.10852915    0.10852915    0.11513023    0.11094087    0.20957964    0.19859766    0.21215388    0.17474371    0.29431252    0.30077906    0.28162628    0.30153524    0.30482201    0.29865496    0.40075650
T11            0.33894243    0.13318926    0.05836217    0.00000000    0.14513844    0.10588528    0.10839769    0.10612907    0.11351518    0.12105215    0.12070640    0.12764182    0.12353619    0.22921515    0.22076500    0.22891230    0.18554084    0.30733079    0.32409789    0.31063930    0.32069895    0.32409789    0.31775079    0.42437634
T21            0.33192853    0.13533326    0.11550886    0.14513844    0.00000000    0.09644437    0.10362061    0.09664291    0.10626224    0.12780622    0.13030260    0.13699824    0.13281157    0.23512628    0.22366882    0.23777899    0.18827714    0.32409789    0.32752022    0.30733079    0.32845832    0.33192853    0.33242835    0.41637779
T1             0.30564712    0.09664291    0.09179027    0.10588528    0.09644437    0.00000000    0.01008434    0.01617913    0.03910610    0.09196681    0.09196681    0.09852945    0.08964515    0.19241565    0.18448140    0.19768991    0.15127441    0.27850465    0.28792896    0.26318372    0.28541951    0.28860116    0.28259100    0.39692665
T9             0.31278424    0.10148504    0.09888897    0.10839769    0.10362061    0.01008434    0.00000000    0.02239001    0.04560092    0.09911353    0.09911353    0.10567172    0.09675328    0.20368930    0.19283896    0.20066942    0.15914239    0.28825931    0.29789682    0.27260048    0.29540039    0.29865496    0.29254219    0.40911744
T16            0.30564712    0.09687103    0.09196681    0.10612907    0.09664291    0.01617913    0.02239001    0.00000000    0.03919472    0.09217273    0.09217273    0.09869421    0.08984012    0.19559024    0.18487817    0.19812523    0.15157730    0.28162628    0.28792896    0.26621038    0.28860116    0.29180328    0.28576256    0.38667124
T2             0.31617192    0.10414500    0.09911353    0.11351518    0.10626224    0.03910610    0.04560092    0.03919472    0.00000000    0.09936768    0.09936768    0.10588528    0.09936768    0.19859766    0.18781134    0.20113888    0.15950245    0.29789682    0.30772475    0.27880499    0.30193095    0.30522867    0.29905150    0.39866962
T4             0.30897802    0.10400274    0.10852915    0.12105215    0.12780622    0.09196681    0.09911353    0.09217273    0.09936768    0.00000000    0.01415495    0.01822316    0.03497396    0.19835682    0.19582332    0.20649485    0.15672448    0.29180328    0.30153524    0.27911663    0.29180328    0.29502616    0.28895446    0.41369586
T6             0.30318827    0.09923692    0.10852915    0.12070640    0.13030260    0.09196681    0.09911353    0.09217273    0.09936768    0.01415495    0.00000000    0.02027236    0.03701435    0.19559024    0.19582332    0.20649485    0.15672448    0.28860116    0.29827005    0.27599488    0.28611697    0.28931921    0.28329071    0.41104270
T0             0.31690753    0.10839769    0.11513023    0.12764182    0.13699824    0.09852945    0.10567172    0.09869421    0.10588528    0.01822316    0.02027236    0.00000000    0.04117191    0.20044870    0.19790292    0.20858321    0.16368491    0.29973334    0.30949629    0.28700718    0.29332956    0.29652114    0.29046407    0.42244351
T5             0.30564712    0.10640288    0.11094087    0.12353619    0.13281157    0.08964515    0.09675328    0.08984012    0.09936768    0.03497396    0.03701435    0.04117191    0.00000000    0.19606559    0.19354258    0.20419319    0.15931817    0.27351028    0.28931921    0.27289261    0.26980957    0.27289261    0.27319589    0.41104270
T7             0.38292771    0.19102858    0.20957964    0.22921515    0.23512628    0.19241565    0.20368930    0.19559024    0.19859766    0.19835682    0.19559024    0.20044870    0.19606559    0.00000000    0.03910610    0.04977676    0.14952079    0.38092048    0.38561090    0.37001854    0.37552411    0.37921214    0.36871183    0.49278991
T12            0.37339336    0.17763762    0.19859766    0.22076500    0.22366882    0.18448140    0.19283896    0.18487817    0.18781134    0.19582332    0.19582332    0.19790292    0.19354258    0.03910610    0.00000000    0.02242084    0.14204132    0.36686415    0.37235936    0.35274028    0.34737112    0.35086493    0.34430904    0.46445162
T13            0.37973565    0.18803974    0.21215388    0.22891230    0.23777899    0.19768991    0.20066942    0.19812523    0.20113888    0.20649485    0.20649485    0.20858321    0.20419319    0.04977676    0.02242084    0.00000000    0.15191374    0.38782995    0.39367768    0.37318686    0.36416556    0.36776023    0.36103953    0.46303075
T22            0.35315766    0.14713605    0.17474371    0.18554084    0.18827714    0.15127441    0.15914239    0.15157730    0.15950245    0.15672448    0.15672448    0.16368491    0.15931817    0.14952079    0.14204132    0.15191374    0.00000000    0.33062116    0.34168142    0.32391593    0.33218986    0.33562369    0.32919178    0.44968970
T20            0.27487838    0.27040790    0.29431252    0.30733079    0.32409789    0.27850465    0.28825931    0.28162628    0.29789682    0.29180328    0.28860116    0.29973334    0.27351028    0.38092048    0.36686415    0.38782995    0.33062116    0.00000000    0.02444484    0.08733427    0.15914239    0.15655547    0.16454650    0.34095066
T17            0.27417227    0.27351028    0.30077906    0.32409789    0.32752022    0.28792896    0.29789682    0.28792896    0.30772475    0.30153524    0.29827005    0.30949629    0.28931921    0.38561090    0.37235936    0.39367768    0.34168142    0.02444484    0.00000000    0.09411188    0.17454322    0.17188731    0.17474371    0.34702844
T18            0.25762735    0.25218933    0.28162628    0.31063930    0.30733079    0.26318372    0.27260048    0.26621038    0.27880499    0.27911663    0.27599488    0.28700718    0.27289261    0.37001854    0.35274028    0.37318686    0.32391593    0.08733427    0.09411188    0.00000000    0.15174134    0.14918098    0.15191374    0.34702844
T8             0.29264571    0.26794785    0.30153524    0.32069895    0.32845832    0.28541951    0.29540039    0.28860116    0.30193095    0.29180328    0.28611697    0.29332956    0.26980957    0.37552411    0.34737112    0.36416556    0.33218986    0.15914239    0.17454322    0.15174134    0.00000000    0.00200403    0.02031499    0.36866301
T3             0.28935837    0.27105033    0.30482201    0.32409789    0.33192853    0.28860116    0.29865496    0.29180328    0.30522867    0.29502616    0.28931921    0.29652114    0.27289261    0.37921214    0.35086493    0.36776023    0.33562369    0.15655547    0.17188731    0.14918098    0.00200403    0.00000000    0.01824858    0.36491844
T14            0.29311226    0.26827576    0.29865496    0.31775079    0.33242835    0.28259100    0.29254219    0.28576256    0.29905150    0.28895446    0.28329071    0.29046407    0.27319589    0.36871183    0.34430904    0.36103953    0.32919178    0.16454650    0.17474371    0.15191374    0.02031499    0.01824858    0.00000000    0.37691239
T10            0.36000695    0.37764705    0.40075650    0.42437634    0.41637779    0.39692665    0.40911744    0.38667124    0.39866962    0.41369586    0.41104270    0.42244351    0.41104270    0.49278991    0.46445162    0.46303075    0.44968970    0.34095066    0.34702844    0.34702844    0.36866301    0.36491844    0.37691239    0.00000000

