24
T9             0.00000000    0.35873393    0.39892824    0.37053874    0.35751404    0.31763790    0.35198485    0.43360137    0.39102247    0.37939455    0.37445747    0.37691368    0.40854805    0.36752430    0.36059907    0.38393110    0.29254318    0.29946064    0.23545718    0.20816701    0.20473473    0.20247508    0.18904340    0.21557716
T20            0.35873393    0.00000000    0.05441932    0.12269885    0.09217281    0.08343951    0.08762141    0.18011331    0.16873954    0.15354620    0.15191398    0.15414450    0.19054794    0.15769602    0.14620634    0.14696059    0.33492465    0.33542429    0.29219120    0.26418725    0.26731940    0.25871985    0.23810894    0.27284854
T14            0.39892824    0.05441932    0.00000000    0.14003060    0.10386799    0.09741527    0.10161421    0.18804010    0.17647162    0.16109849    0.16474489    0.16698516    0.19859807    0.16539036    0.16140358    0.15708807    0.36196323    0.35162293    0.30743925    0.28523714    0.28848149    0.27962549    0.25834545    0.29089286
T19            0.37053874    0.12269885    0.14003060    0.00000000    0.04761158    0.07413837    0.10374062    0.22659019    0.21163996    0.19812567    0.18852385    0.19078392    0.22952833    0.19771084    0.19032104    0.20218949    0.36087406    0.36252787    0.32351846    0.29415840    0.29744551    0.28848149    0.28048353    0.31081562
T7             0.35751404    0.09217281    0.10386799    0.04761158    0.00000000    0.04783735    0.06728562    0.18554118    0.17930670    0.16644742    0.16231655    0.16454678    0.19884812    0.16562248    0.15897543    0.17004291    0.35162293    0.35327533    0.30120887    0.27602053    0.27921288    0.27047140    0.25871985    0.29131436
T8             0.31763790    0.08343951    0.09741527    0.07413837    0.04783735    0.00000000    0.06099363    0.17587744    0.16962704    0.15690219    0.14771244    0.14989389    0.18081130    0.15887554    0.14952102    0.16055050    0.30897905    0.31958386    0.26771281    0.24377973    0.24680718    0.23844832    0.21846422    0.25219713
T5             0.35198485    0.08762141    0.10161421    0.10374062    0.06728562    0.06099363    0.00000000    0.17763793    0.17949498    0.16661799    0.15989661    0.16211690    0.19910737    0.16055050    0.15655576    0.17026378    0.34856520    0.33843150    0.29834348    0.27007865    0.27324061    0.26457072    0.24985318    0.27881124
T13            0.43360137    0.18011331    0.18804010    0.22659019    0.18554118    0.17587744    0.17763793    0.00000000    0.21072613    0.19456402    0.17152731    0.17382996    0.22833677    0.19102894    0.17879575    0.18781171    0.36710756    0.37622236    0.34965350    0.33646116    0.33646116    0.33048379    0.29744551    0.32351846
T12            0.39102247    0.16873954    0.17647162    0.21163996    0.17930670    0.16962704    0.17949498    0.21072613    0.00000000    0.04560094    0.11767222    0.11985447    0.14157829    0.12733674    0.11944281    0.11973973    0.34856520    0.35523141    0.31763790    0.29834348    0.29834348    0.29264650    0.26144834    0.29415840
T22            0.37939455    0.15354620    0.16109849    0.19812567    0.16644742    0.15690219    0.16661799    0.19456402    0.04560094    0.00000000    0.09878796    0.10095162    0.12449116    0.11295759    0.10299301    0.10086748    0.33192970    0.34552026    0.31180453    0.28609339    0.28609339    0.28048353    0.24680718    0.28523714
T4             0.37445747    0.15191398    0.16474489    0.18852385    0.16231655    0.14771244    0.15989661    0.17152731    0.11767222    0.09878796    0.00000000    0.00602418    0.11094098    0.09936776    0.08503416    0.08530506    0.32805005    0.33455279    0.30705279    0.28138521    0.28138521    0.27581948    0.24829573    0.28699398
T18            0.37691368    0.15414450    0.16698516    0.19078392    0.16454678    0.14989389    0.16211690    0.17382996    0.11985447    0.10095162    0.00602418    0.00000000    0.11308558    0.10148513    0.08717941    0.08742278    0.33048379    0.33699836    0.30941725    0.28372810    0.28372810    0.27814052    0.25059605    0.28935915
T21            0.40854805    0.19054794    0.19859807    0.22952833    0.19884812    0.18081130    0.19910737    0.22833677    0.14157829    0.12449116    0.11094098    0.11308558    0.00000000    0.12269885    0.11743118    0.11780438    0.37557821    0.35385215    0.31180453    0.28935915    0.28609339    0.28048353    0.25910469    0.29174715
T17            0.36752430    0.15769602    0.16539036    0.19771084    0.16562248    0.15887554    0.16055050    0.19102894    0.12733674    0.11295759    0.09936776    0.10148513    0.12269885    0.00000000    0.08511723    0.08773156    0.34413854    0.34833618    0.31102277    0.27859700    0.27859700    0.27305255    0.24561867    0.28418417
T15            0.36059907    0.14620634    0.16140358    0.19032104    0.15897543    0.14952102    0.15655576    0.17879575    0.11944281    0.10299301    0.08503416    0.08717941    0.11743118    0.08511723    0.00000000    0.04977679    0.33894362    0.34552026    0.29174715    0.26381439    0.26381439    0.25834545    0.24377973    0.27881124
T3             0.38393110    0.14696059    0.15708807    0.20218949    0.17004291    0.16055050    0.17026378    0.18781171    0.11973973    0.10086748    0.08530506    0.08742278    0.11780438    0.08773156    0.04977679    0.00000000    0.33946835    0.33192970    0.32269309    0.28328302    0.28981473    0.28418417    0.25329379    0.29548939
T10            0.29254318    0.33492465    0.36196323    0.36087406    0.35162293    0.30897905    0.34856520    0.36710756    0.34856520    0.33192970    0.32805005    0.33048379    0.37557821    0.34413854    0.33894362    0.33946835    0.00000000    0.15609981    0.22891284    0.19536680    0.19812567    0.19582373    0.16924584    0.18989454
T16            0.29946064    0.33542429    0.35162293    0.36252787    0.35327533    0.31958386    0.33843150    0.37622236    0.35523141    0.34552026    0.33455279    0.33699836    0.35385215    0.34833618    0.34552026    0.33192970    0.15609981    0.00000000    0.23810894    0.20393702    0.20675055    0.20445953    0.16454678    0.18509045
T0             0.23545718    0.29219120    0.30743925    0.32351846    0.30120887    0.26771281    0.29834348    0.34965350    0.31763790    0.31180453    0.30705279    0.30941725    0.31180453    0.31102277    0.29174715    0.32269309    0.22891284    0.23810894    0.00000000    0.05627063    0.05627063    0.05419651    0.08540977    0.10827390
T1             0.20816701    0.26418725    0.28523714    0.29415840    0.27602053    0.24377973    0.27007865    0.33646116    0.29834348    0.28609339    0.28138521    0.28372810    0.28935915    0.27859700    0.26381439    0.28328302    0.19536680    0.20393702    0.05627063    0.00000000    0.01209722    0.01007295    0.05639524    0.07833845
T23            0.20473473    0.26731940    0.28848149    0.29744551    0.27921288    0.24680718    0.27324061    0.33646116    0.29834348    0.28609339    0.28138521    0.28372810    0.28609339    0.27859700    0.26381439    0.28981473    0.19812567    0.20675055    0.05627063    0.01209722    0.00000000    0.00602418    0.05639524    0.07833845
T2             0.20247508    0.25871985    0.27962549    0.28848149    0.27047140    0.23844832    0.26457072    0.33048379    0.29264650    0.28048353    0.27581948    0.27814052    0.28048353    0.27305255    0.25834545    0.28418417    0.19582373    0.20445953    0.05419651    0.01007295    0.00602418    0.00000000    0.05433835    0.07622953
T6             0.18904340    0.23810894    0.25834545    0.28048353    0.25871985    0.21846422    0.24985318    0.29744551    0.26144834    0.24680718    0.24829573    0.25059605    0.25910469    0.24561867    0.24377973    0.25329379    0.16924584    0.16454678    0.08540977    0.05639524    0.05639524    0.05433835    0.00000000    0.04549750
T11            0.21557716    0.27284854    0.29089286    0.31081562    0.29131436    0.25219713    0.27881124    0.32351846    0.29415840    0.28523714    0.28699398    0.28935915    0.29174715    0.28418417    0.27881124    0.29548939    0.18989454    0.18509045    0.10827390    0.07833845    0.07833845    0.07622953    0.04549750    0.00000000

