24
T23            0.00000000    0.31852633    0.31178147    0.24573075    0.26063386    0.23975362    0.24511243    0.24842302    0.17738801    0.17451269    0.15622111    0.16122314    0.16887327    0.17927618    0.17698367    0.20296470    0.20134361    0.20414742    0.19855548    0.17718144    0.15352588    0.14858277    0.17584799    0.27911978
T16            0.31852633    0.00000000    0.04128720    0.18030103    0.19932895    0.19350115    0.20414742    0.21008338    0.36294130    0.34789820    0.33038358    0.32651800    0.34434570    0.35351592    0.34289624    0.39971416    0.39261080    0.40426465    0.39262879    0.36125804    0.33249809    0.33293203    0.35206989    0.42096945
T6             0.31178147    0.04128720    0.00000000    0.19074383    0.21008338    0.19855548    0.20597057    0.21184487    0.36180586    0.35044629    0.33293203    0.32568458    0.33986407    0.35969445    0.35351592    0.39848683    0.39909321    0.40297758    0.39001023    0.36020232    0.34548430    0.34594119    0.36906212    0.43180018
T10            0.24573075    0.18030103    0.19074383    0.00000000    0.01824824    0.07413178    0.11307188    0.11807566    0.27716277    0.27119582    0.25863855    0.25518536    0.27038287    0.27633046    0.26685331    0.32240625    0.31701264    0.32737597    0.32147340    0.29208484    0.26685331    0.26099487    0.28394625    0.35305333
T13            0.26063386    0.19932895    0.21008338    0.01824824    0.00000000    0.09017662    0.13011256    0.13531079    0.29300125    0.29347619    0.27716277    0.27674122    0.29253746    0.29208484    0.28881182    0.33579891    0.33034527    0.34096610    0.33496487    0.31509742    0.28881182    0.28275017    0.30640946    0.37495385
T9             0.23975362    0.19350115    0.19855548    0.07413178    0.09017662    0.00000000    0.11066104    0.11563529    0.28275017    0.29300125    0.26410460    0.25755299    0.27276155    0.27872048    0.27872048    0.34234492    0.34040704    0.34398528    0.33440652    0.29869606    0.26612415    0.26028335    0.28960467    0.36666518
T11            0.24511243    0.20414742    0.20597057    0.11307188    0.13011256    0.11066104    0.00000000    0.01210028    0.28514006    0.29537948    0.26723385    0.26063386    0.27593052    0.28838112    0.28925363    0.33779956    0.33579891    0.33932643    0.32044320    0.31360554    0.27479586    0.26888518    0.29855952    0.36785493
T14            0.24842302    0.21008338    0.21184487    0.11807566    0.13531079    0.11563529    0.01210028    0.00000000    0.28881182    0.29917074    0.27078402    0.26410460    0.27952998    0.29208484    0.29300125    0.33479330    0.33280528    0.33632039    0.32441872    0.31750990    0.27201431    0.26612415    0.29569159    0.37357533
T22            0.17738801    0.36294130    0.36180586    0.27716277    0.29300125    0.28275017    0.28514006    0.28881182    0.00000000    0.09674317    0.11753443    0.11984089    0.12704764    0.13433495    0.13933791    0.23413615    0.23506230    0.23804201    0.22100531    0.19325884    0.20526058    0.19989015    0.23210029    0.32662348
T5             0.17451269    0.34789820    0.35044629    0.27119582    0.29347619    0.29300125    0.29537948    0.29917074    0.09674317    0.00000000    0.12009254    0.11753443    0.12472147    0.13447765    0.13228554    0.24037656    0.23539080    0.24441113    0.23308864    0.18800167    0.19428225    0.18899955    0.22071045    0.30301811
T15            0.15622111    0.33038358    0.33293203    0.25863855    0.27716277    0.26410460    0.26723385    0.27078402    0.11753443    0.12009254    0.00000000    0.04124176    0.04765574    0.06952374    0.07631340    0.21417989    0.21210538    0.21495726    0.20414742    0.16921768    0.17290618    0.16778951    0.20134361    0.30878026
T0             0.16122314    0.32651800    0.32568458    0.25518536    0.27674122    0.25755299    0.26063386    0.26410460    0.11984089    0.11753443    0.04124176    0.00000000    0.01414118    0.06944908    0.07622331    0.22249544    0.22042518    0.22331842    0.21237533    0.17167460    0.16208862    0.15706137    0.19006686    0.30828291
T4             0.16887327    0.34434570    0.33986407    0.27038287    0.29253746    0.27276155    0.27593052    0.27952998    0.12704764    0.12472147    0.04765574    0.01414118    0.00000000    0.07614025    0.08299203    0.23092020    0.22885464    0.23179046    0.22071045    0.17946343    0.17513701    0.17001046    0.20364634    0.31458837
T21            0.17927618    0.35351592    0.35969445    0.27633046    0.29208484    0.27872048    0.28838112    0.29208484    0.13433495    0.13447765    0.06952374    0.06944908    0.07614025    0.00000000    0.04982539    0.24541648    0.24337414    0.24638986    0.23506230    0.19555108    0.19680110    0.19150178    0.21811202    0.32441872
T8             0.17698367    0.34289624    0.35351592    0.26685331    0.28881182    0.27872048    0.28925363    0.29300125    0.13933791    0.13228554    0.07631340    0.07622331    0.08299203    0.04982539    0.00000000    0.23945727    0.23149048    0.24037656    0.22622855    0.18734721    0.19401288    0.18873673    0.22042518    0.31069553
T2             0.20296470    0.39971416    0.39848683    0.32240625    0.33579891    0.34234492    0.33779956    0.33479330    0.23413615    0.24037656    0.21417989    0.22249544    0.23092020    0.24541648    0.23945727    0.00000000    0.02234695    0.02442182    0.05840921    0.10103391    0.24605522    0.24037656    0.26888518    0.33740062
T18            0.20134361    0.39261080    0.39909321    0.31701264    0.33034527    0.34040704    0.33579891    0.33280528    0.23506230    0.23539080    0.21210538    0.22042518    0.22885464    0.24337414    0.23149048    0.02234695    0.00000000    0.00603640    0.05639158    0.09663336    0.24405542    0.23837948    0.26685331    0.33087885
T17            0.20414742    0.40426465    0.40297758    0.32737597    0.34096610    0.34398528    0.33932643    0.33632039    0.23804201    0.24441113    0.21495726    0.22331842    0.23179046    0.24638986    0.24037656    0.02442182    0.00603640    0.00000000    0.05859967    0.09898731    0.24103965    0.23539080    0.26999238    0.34153765
T1             0.19855548    0.39262879    0.39001023    0.32147340    0.33496487    0.33440652    0.32044320    0.32441872    0.22100531    0.23308864    0.20414742    0.21237533    0.22071045    0.23506230    0.22622855    0.05840921    0.05639158    0.05859967    0.00000000    0.08751035    0.24174269    0.23607737    0.26762499    0.34877229
T12            0.17718144    0.36125804    0.36020232    0.29208484    0.31509742    0.29869606    0.31360554    0.31750990    0.19325884    0.18800167    0.16921768    0.17167460    0.17946343    0.19555108    0.18734721    0.10103391    0.09663336    0.09898731    0.08751035    0.00000000    0.20160013    0.19627382    0.22593602    0.31118119
T19            0.15352588    0.33249809    0.34548430    0.26685331    0.28881182    0.26612415    0.27479586    0.27201431    0.20526058    0.19428225    0.17290618    0.16208862    0.17513701    0.19680110    0.19401288    0.24605522    0.24405542    0.24103965    0.24174269    0.20160013    0.00000000    0.00401106    0.04753711    0.29823270
T7             0.14858277    0.33293203    0.34594119    0.26099487    0.28275017    0.26028335    0.26888518    0.26612415    0.19989015    0.18899955    0.16778951    0.15706137    0.17001046    0.19150178    0.18873673    0.24037656    0.23837948    0.23539080    0.23607737    0.19627382    0.00401106    0.00000000    0.04327741    0.29208484
T20            0.17584799    0.35206989    0.36906212    0.28394625    0.30640946    0.28960467    0.29855952    0.29569159    0.23210029    0.22071045    0.20134361    0.19006686    0.20364634    0.21811202    0.22042518    0.26888518    0.26685331    0.26999238    0.26762499    0.22593602    0.04753711    0.04327741    0.00000000    0.33332671
T3             0.27911978    0.42096945    0.43180018    0.35305333    0.37495385    0.36666518    0.36785493    0.37357533    0.32662348    0.30301811    0.30878026    0.30828291    0.31458837    0.32441872    0.31069553    0.33740062    0.33087885    0.34153765    0.34877229    0.31118119    0.29823270    0.29208484    0.33332671    0.00000000

