24
T18            0.00000000    0.44996822    0.44140743    0.40309274    0.43120126    0.44747633    0.45607342    0.45523829    0.39876110    0.33603393    0.33153254    0.38203617    0.35897689    0.37634565    0.33303836    0.34967161    0.35516367    0.26424574    0.25156715    0.25224933    0.24223698    0.26902148    0.14063828    0.14063828
T16            0.44996822    0.00000000    0.21736651    0.20449323    0.20396869    0.22520478    0.22232499    0.22207752    0.21192601    0.47824062    0.46309152    0.50307585    0.49937632    0.51369695    0.40340350    0.45171156    0.45958124    0.39495368    0.43410919    0.42733854    0.38470582    0.40395310    0.39761770    0.40963326
T9             0.44140743    0.21736651    0.00000000    0.05413779    0.08090510    0.10362862    0.09889598    0.10331289    0.09464340    0.41878659    0.40667467    0.44566938    0.44912118    0.45779384    0.34920836    0.35645866    0.37066265    0.37984999    0.42733854    0.42325215    0.38849607    0.41053109    0.38869428    0.38869428
T0             0.40309274    0.20449323    0.05413779    0.00000000    0.06529248    0.08291220    0.07607351    0.08267810    0.07187375    0.39046217    0.38138417    0.41623213    0.41955379    0.42783023    0.32708399    0.34122580    0.35516367    0.35788307    0.39620556    0.40014679    0.36264194    0.38392723    0.36284695    0.36284695
T23            0.43120126    0.20396869    0.08090510    0.06529248    0.00000000    0.06289900    0.05847172    0.05613651    0.05654998    0.40086146    0.38908367    0.41878659    0.42212145    0.42624220    0.33765242    0.35210283    0.36632562    0.35585554    0.40925657    0.40528424    0.36775648    0.38909345    0.38064582    0.38064582
T4             0.44747633    0.22520478    0.10362862    0.08291220    0.06289900    0.00000000    0.03073634    0.03274925    0.05847172    0.40996044    0.40597205    0.42960924    0.44829055    0.44829055    0.34509546    0.36692863    0.38138417    0.38200621    0.42520865    0.42117241    0.37563275    0.39705155    0.38656699    0.38656699
T3             0.45607342    0.22232499    0.09889598    0.07607351    0.05847172    0.03073634    0.00000000    0.01824882    0.05627279    0.40996044    0.40201543    0.44484099    0.44829055    0.45692526    0.34154812    0.36322246    0.37757871    0.38200621    0.41716870    0.41319701    0.38304313    0.40474865    0.37886708    0.37886708
T2             0.45523829    0.22207752    0.10331289    0.08267810    0.05613651    0.03274925    0.01824882    0.00000000    0.05832084    0.40789370    0.40004351    0.44245328    0.44589705    0.45014018    0.35068600    0.36518595    0.38712224    0.38423591    0.42723933    0.42321975    0.38521415    0.40689014    0.38841568    0.38841568
T14            0.39876110    0.21192601    0.09464340    0.07187375    0.05654998    0.05847172    0.05627279    0.05832084    0.00000000    0.36753651    0.36381637    0.40411955    0.40739211    0.41398112    0.31333371    0.33410456    0.34785934    0.35229609    0.38209514    0.38209514    0.35325724    0.37404581    0.33821698    0.33821698
T10            0.33603393    0.47824062    0.41878659    0.39046217    0.40086146    0.40996044    0.40996044    0.40789370    0.36753651    0.00000000    0.02242136    0.05906241    0.04573299    0.07871287    0.13701208    0.15230221    0.16213688    0.28168089    0.31031832    0.30779780    0.29117096    0.30993568    0.27969308    0.27969308
T11            0.33153254    0.46309152    0.40667467    0.38138417    0.38908367    0.40597205    0.40201543    0.40004351    0.36381637    0.02242136    0.00000000    0.05221839    0.03914832    0.07170587    0.12928497    0.14426709    0.15399826    0.27183826    0.29979571    0.29724863    0.28421552    0.30269407    0.27252731    0.27252731
T13            0.38203617    0.50307585    0.44566938    0.41623213    0.41878659    0.42960924    0.44484099    0.44245328    0.40411955    0.05906241    0.05221839    0.00000000    0.02447426    0.10897971    0.15952178    0.17273722    0.18284563    0.32289738    0.34663822    0.34408005    0.31953062    0.33916929    0.31824285    0.31824285
T20            0.35897689    0.49937632    0.44912118    0.41955379    0.42212145    0.44829055    0.44829055    0.44589705    0.40739211    0.04573299    0.03914832    0.02447426    0.00000000    0.09687872    0.15159342    0.16456698    0.17456539    0.30920677    0.33916929    0.33659737    0.31249543    0.33185928    0.30416536    0.30416536
T1             0.37634565    0.51369695    0.45779384    0.42783023    0.42624220    0.44829055    0.45692526    0.45014018    0.41398112    0.07871287    0.07170587    0.10897971    0.09687872    0.00000000    0.17172322    0.19105822    0.20141935    0.32845818    0.35585554    0.35684256    0.34570150    0.36617667    0.33410456    0.33410456
T15            0.33303836    0.40340350    0.34920836    0.32708399    0.33765242    0.34509546    0.34154812    0.35068600    0.31333371    0.13701208    0.12928497    0.15952178    0.15159342    0.17172322    0.00000000    0.06499026    0.07375035    0.26402257    0.28299531    0.28299531    0.27324880    0.29151302    0.25568210    0.25568210
T19            0.34967161    0.45171156    0.35645866    0.34122580    0.35210283    0.36692863    0.36322246    0.36518595    0.33410456    0.15230221    0.14426709    0.17273722    0.16456698    0.19105822    0.06499026    0.00000000    0.02028118    0.28017856    0.28617913    0.27737289    0.27702499    0.29546750    0.26902395    0.26902395
T21            0.35516367    0.45958124    0.37066265    0.35516367    0.36632562    0.38138417    0.37757871    0.38712224    0.34785934    0.16213688    0.15399826    0.18284563    0.17456539    0.20141935    0.07375035    0.02028118    0.00000000    0.28866245    0.29151302    0.28582324    0.28547876    0.30411321    0.28055460    0.28055460
T5             0.26424574    0.39495368    0.37984999    0.35788307    0.35585554    0.38200621    0.38200621    0.38423591    0.35229609    0.28168089    0.27183826    0.32289738    0.30920677    0.32845818    0.26402257    0.28017856    0.28866245    0.00000000    0.08321120    0.07882314    0.09217944    0.10853871    0.19688036    0.19688036
T6             0.25156715    0.43410919    0.42733854    0.39620556    0.40925657    0.42520865    0.41716870    0.42723933    0.38209514    0.31031832    0.29979571    0.34663822    0.33916929    0.35585554    0.28299531    0.28617913    0.29151302    0.08321120    0.00000000    0.02653346    0.09207245    0.10840678    0.19382621    0.19382621
T7             0.25224933    0.42733854    0.42325215    0.40014679    0.40528424    0.42117241    0.41319701    0.42321975    0.38209514    0.30779780    0.29724863    0.34408005    0.33659737    0.35684256    0.28299531    0.27737289    0.28582324    0.07882314    0.02653346    0.00000000    0.08762750    0.10387677    0.18605639    0.18605639
T8             0.24223698    0.38470582    0.38849607    0.36264194    0.36775648    0.37563275    0.38304313    0.38521415    0.35325724    0.29117096    0.28421552    0.31953062    0.31249543    0.34570150    0.27324880    0.27702499    0.28547876    0.09217944    0.09207245    0.08762750    0.00000000    0.02648585    0.18533738    0.18533738
T17            0.26902148    0.40395310    0.41053109    0.38392723    0.38909345    0.39705155    0.40474865    0.40689014    0.37404581    0.30993568    0.30269407    0.33916929    0.33185928    0.36617667    0.29151302    0.29546750    0.30411321    0.10853871    0.10840678    0.10387677    0.02648585    0.00000000    0.20988820    0.20988820
T22            0.14063828    0.39761770    0.38869428    0.36284695    0.38064582    0.38656699    0.37886708    0.38841568    0.33821698    0.27969308    0.27252731    0.31824285    0.30416536    0.33410456    0.25568210    0.26902395    0.28055460    0.19688036    0.19382621    0.18605639    0.18533738    0.20988820    0.00000000    0.01214734
T12            0.14063828    0.40963326    0.38869428    0.36284695    0.38064582    0.38656699    0.37886708    0.38841568    0.33821698    0.27969308    0.27252731    0.31824285    0.30416536    0.33410456    0.25568210    0.26902395    0.28055460    0.19688036    0.19382621    0.18605639    0.18533738    0.20988820    0.01214734    0.00000000

