24
T1             0.00000000    0.37884296    0.41140824    0.39676295    0.36614825    0.37206299    0.41474439    0.36889516    0.39723229    0.42874370    0.39397006    0.39397006    0.40099276    0.39397006    0.32637557    0.32738872    0.33880971    0.31456722    0.35237113    0.34417477    0.32813901    0.31810301    0.31975554    0.31810301
T0             0.37884296    0.00000000    0.08060326    0.07387051    0.04982217    0.05632206    0.10359567    0.09194820    0.09393818    0.27055769    0.26747070    0.26747070    0.27024624    0.26440265    0.21648055    0.24343805    0.27583009    0.25647567    0.30093970    0.28665734    0.28807462    0.27863859    0.24909148    0.26440265
T10            0.41140824    0.08060326    0.00000000    0.03492598    0.06276129    0.06282056    0.12457734    0.10802445    0.11479714    0.27613885    0.29125998    0.29125998    0.29411959    0.28807462    0.25043224    0.26937741    0.29987347    0.28949115    0.31588621    0.29482344    0.30928403    0.30601536    0.27524587    0.28490944
T21            0.39676295    0.07387051    0.03492598    0.00000000    0.05621229    0.05626380    0.11740263    0.09867473    0.10538906    0.28208135    0.28523654    0.28523654    0.28807462    0.28208135    0.24474246    0.26659742    0.28743442    0.27399589    0.30964781    0.29519257    0.29987347    0.29665738    0.26632810    0.28208135
T11            0.36614825    0.04982217    0.06276129    0.05621229    0.00000000    0.03910285    0.09185732    0.06931559    0.07582633    0.25285918    0.25587175    0.25587175    0.25860724    0.25285918    0.21412226    0.23760622    0.25804838    0.24802866    0.27926445    0.27155716    0.27303267    0.26382833    0.23493042    0.24986466
T4             0.37206299    0.05632206    0.06282056    0.05626380    0.03910285    0.00000000    0.10112035    0.08972064    0.09169749    0.25860724    0.26164729    0.26164729    0.26135332    0.25860724    0.22243246    0.24367831    0.27303267    0.26292954    0.29806037    0.28704050    0.28208135    0.27273355    0.24343805    0.25860724
T8             0.41474439    0.10359567    0.12457734    0.11740263    0.09185732    0.10112035    0.00000000    0.10836931    0.11269821    0.28912008    0.27399589    0.27399589    0.28309997    0.27399589    0.26292954    0.28145825    0.30346464    0.28665734    0.32978937    0.31838081    0.32298493    0.31294887    0.27863859    0.28841178
T15            0.36889516    0.09194820    0.10802445    0.09867473    0.06931559    0.08972064    0.10836931    0.00000000    0.07605755    0.24265343    0.24029521    0.24029521    0.24533596    0.23967672    0.22908153    0.25285918    0.27088002    0.25474080    0.27993477    0.27227745    0.27678949    0.26747070    0.23830648    0.25344482
T16            0.39723229    0.09393818    0.11479714    0.10538906    0.07582633    0.09169749    0.11269821    0.07605755    0.00000000    0.25587175    0.25043224    0.25043224    0.25860724    0.25285918    0.21696359    0.25832249    0.27334279    0.25780888    0.29844003    0.29392983    0.27613885    0.27303267    0.24959648    0.26501998
T2             0.42874370    0.27055769    0.27613885    0.28208135    0.25285918    0.25860724    0.28912008    0.24265343    0.25587175    0.00000000    0.18610372    0.18610372    0.18596882    0.18610372    0.24533596    0.26226720    0.31002352    0.27469259    0.30711006    0.30252406    0.30057262    0.29733569    0.27553242    0.27959407
T17            0.39397006    0.26747070    0.29125998    0.28523654    0.25587175    0.26164729    0.27399589    0.24029521    0.25043224    0.18610372    0.00000000    0.00000000    0.02442120    0.01823214    0.20591795    0.24367831    0.26440265    0.22719405    0.26965607    0.25890260    0.24909148    0.24029228    0.24051363    0.24418983
T23            0.39397006    0.26747070    0.29125998    0.28523654    0.25587175    0.26164729    0.27399589    0.24029521    0.25043224    0.18610372    0.00000000    0.00000000    0.02442120    0.01823214    0.20591795    0.24367831    0.26440265    0.22719405    0.26965607    0.25890260    0.24909148    0.24029228    0.24051363    0.24418983
T18            0.40099276    0.27024624    0.29411959    0.28807462    0.25860724    0.26135332    0.28309997    0.24533596    0.25860724    0.18596882    0.02442120    0.02442120    0.00000000    0.01414098    0.21129699    0.24933874    0.26411010    0.22696384    0.26632810    0.25558556    0.25479045    0.24591310    0.24029228    0.24392891
T6             0.39397006    0.26440265    0.28807462    0.28208135    0.25285918    0.25860724    0.27399589    0.23967672    0.25285918    0.18610372    0.01823214    0.01823214    0.01414098    0.00000000    0.20313206    0.24074530    0.26135332    0.22432830    0.26053573    0.24986466    0.24614116    0.23739330    0.23760622    0.24123950
T3             0.32637557    0.21648055    0.25043224    0.24474246    0.21412226    0.22243246    0.26292954    0.22908153    0.21696359    0.24533596    0.20591795    0.20591795    0.21129699    0.20313206    0.00000000    0.18522890    0.20717808    0.18894520    0.22354126    0.21060457    0.20462462    0.19621983    0.19002186    0.19674353
T13            0.32738872    0.24343805    0.26937741    0.26659742    0.23760622    0.24367831    0.28145825    0.25285918    0.25832249    0.26226720    0.24367831    0.24367831    0.24933874    0.24074530    0.18522890    0.00000000    0.17130095    0.16394663    0.18908240    0.16868288    0.16884084    0.16104770    0.15522739    0.16104770
T7             0.33880971    0.27583009    0.29987347    0.28743442    0.25804838    0.27303267    0.30346464    0.27088002    0.27334279    0.31002352    0.26440265    0.26440265    0.26411010    0.26135332    0.20717808    0.17130095    0.00000000    0.11052439    0.13666729    0.12715979    0.14929538    0.14168030    0.13346959    0.12678964
T22            0.31456722    0.25647567    0.28949115    0.27399589    0.24802866    0.26292954    0.28665734    0.25474080    0.25780888    0.27469259    0.22719405    0.22719405    0.22696384    0.22432830    0.18894520    0.16394663    0.11052439    0.00000000    0.10133874    0.09016366    0.13211074    0.12470258    0.11694302    0.12007410
T14            0.35237113    0.30093970    0.31588621    0.30964781    0.27926445    0.29806037    0.32978937    0.27993477    0.29844003    0.30711006    0.26965607    0.26965607    0.26632810    0.26053573    0.22354126    0.18908240    0.13666729    0.10133874    0.00000000    0.03274670    0.15393145    0.14882889    0.14322987    0.14405497
T12            0.34417477    0.28665734    0.29482344    0.29519257    0.27155716    0.28704050    0.31838081    0.27227745    0.29392983    0.30252406    0.25890260    0.25890260    0.25558556    0.24986466    0.21060457    0.16868288    0.12715979    0.09016366    0.03274670    0.00000000    0.14929538    0.14168030    0.13608888    0.13445501
T5             0.32813901    0.28807462    0.30928403    0.29987347    0.27303267    0.28208135    0.32298493    0.27678949    0.27613885    0.30057262    0.24909148    0.24909148    0.25479045    0.24614116    0.20462462    0.16884084    0.14929538    0.13211074    0.15393145    0.14929538    0.00000000    0.00603631    0.04963587    0.04994332
T9             0.31810301    0.27863859    0.30601536    0.29665738    0.26382833    0.27273355    0.31294887    0.26747070    0.27303267    0.29733569    0.24029228    0.24029228    0.24591310    0.23739330    0.19621983    0.16104770    0.14168030    0.12470258    0.14882889    0.14168030    0.00603631    0.00000000    0.04535311    0.04343543
T20            0.31975554    0.24909148    0.27524587    0.26632810    0.23493042    0.24343805    0.27863859    0.23830648    0.24959648    0.27553242    0.24051363    0.24051363    0.24029228    0.23760622    0.19002186    0.15522739    0.13346959    0.11694302    0.14322987    0.13608888    0.04963587    0.04535311    0.00000000    0.03271194
T19            0.31810301    0.26440265    0.28490944    0.28208135    0.24986466    0.25860724    0.28841178    0.25344482    0.26501998    0.27959407    0.24418983    0.24418983    0.24392891    0.24123950    0.19674353    0.16104770    0.12678964    0.12007410    0.14405497    0.13445501    0.04994332    0.04343543    0.03271194    0.00000000

