24
T20            0.00000000    0.29451840    0.30698634    0.27209941    0.32259421    0.32553188    0.31615026    0.31385091    0.28708700    0.29831980    0.29434536    0.25906214    0.25287826    0.26414517    0.23841325    0.23458011    0.14712419    0.14712419    0.15968119    0.10361503    0.11536803    0.10350293    0.06938356    0.12732815
T4             0.29451840    0.00000000    0.03284955    0.06938356    0.15007893    0.18850295    0.18957466    0.17047548    0.17121316    0.18212644    0.17365738    0.36444307    0.36811552    0.38753000    0.33437229    0.34104065    0.36857187    0.36857187    0.38382690    0.31808326    0.34885333    0.30402831    0.28323139    0.35495909
T19            0.30698634    0.03284955    0.00000000    0.06926888    0.15227039    0.19629521    0.19738879    0.17537990    0.17340416    0.18431720    0.17585805    0.38188438    0.38566834    0.40969487    0.36188315    0.36173132    0.37106698    0.37106698    0.39272919    0.32744336    0.36235968    0.31658716    0.29543338    0.36483003
T10            0.27209941    0.06938356    0.06926888    0.00000000    0.13496391    0.16758420    0.16584491    0.14969064    0.15506715    0.16342348    0.15527899    0.36499267    0.36867876    0.38308229    0.34441344    0.33447823    0.34709274    0.34709274    0.36794188    0.28196602    0.32101712    0.28156626    0.26140660    0.33041321
T17            0.32259421    0.15007893    0.15227039    0.13496391    0.00000000    0.13950324    0.13766641    0.15049992    0.14553594    0.15381992    0.14575315    0.37735739    0.38498398    0.39595405    0.36111610    0.36742619    0.39633179    0.39633179    0.39881347    0.34230318    0.38113240    0.33321129    0.30464312    0.38747619
T13            0.32553188    0.18850295    0.19629521    0.16758420    0.13950324    0.00000000    0.02854275    0.18404260    0.18708324    0.19611324    0.18737430    0.38052295    0.38817872    0.42497406    0.38313847    0.37963841    0.39163333    0.39163333    0.40205820    0.34165605    0.39222906    0.34340873    0.31440925    0.38279995
T11            0.31615026    0.18957466    0.19738879    0.16584491    0.13766641    0.02854275    0.00000000    0.18241942    0.19047129    0.19964872    0.19078774    0.37548220    0.38313847    0.41011705    0.36921522    0.36951223    0.37749923    0.37749923    0.39558292    0.34165605    0.38983156    0.33740135    0.30518743    0.37263216
T15            0.31385091    0.17047548    0.17537990    0.14969064    0.15049992    0.18404260    0.18241942    0.00000000    0.07651834    0.08369650    0.07662965    0.36545921    0.36921522    0.38771481    0.34709274    0.32908468    0.37891178    0.37891178    0.40515424    0.31789017    0.35645987    0.31732090    0.28937646    0.35645987
T3             0.28708700    0.17121316    0.17340416    0.15506715    0.14553594    0.18708324    0.19047129    0.07651834    0.00000000    0.02242047    0.01619060    0.34047991    0.34406043    0.37169777    0.33692496    0.32965603    0.35442882    0.35442882    0.37576530    0.31150913    0.34230318    0.30411017    0.27670894    0.35204171
T1             0.29831980    0.18212644    0.18431720    0.16342348    0.15381992    0.19611324    0.19964872    0.08369650    0.02242047    0.00000000    0.01417461    0.36365578    0.36742619    0.38843236    0.34522046    0.34531595    0.37874614    0.37874614    0.39706019    0.32677958    0.35106401    0.32259421    0.29434536    0.37247882
T18            0.29434536    0.17365738    0.17585805    0.15527899    0.14575315    0.18737430    0.19078774    0.07662965    0.01619060    0.01417461    0.00000000    0.35189985    0.35557286    0.37367097    0.34104065    0.33023948    0.36640540    0.36640540    0.38429751    0.31555831    0.34664980    0.31150913    0.28376820    0.36023063
T16            0.25906214    0.36444307    0.38188438    0.36499267    0.37735739    0.38052295    0.37548220    0.36545921    0.34047991    0.36365578    0.35189985    0.00000000    0.01209718    0.19513333    0.15912996    0.16780586    0.33236163    0.33236163    0.33485782    0.29305604    0.31914004    0.29259092    0.25945622    0.32262075
T23            0.25287826    0.36811552    0.38566834    0.36867876    0.38498398    0.38817872    0.38313847    0.36921522    0.34406043    0.36742619    0.35557286    0.01209718    0.00000000    0.18967771    0.15880493    0.16250917    0.32542516    0.32542516    0.32792156    0.28648478    0.31225076    0.28604137    0.25325301    0.31568348
T5             0.26414517    0.38753000    0.40969487    0.38308229    0.39595405    0.42497406    0.41011705    0.38771481    0.37169777    0.38843236    0.37367097    0.19513333    0.18967771    0.00000000    0.07404290    0.11536803    0.36051403    0.36051403    0.35319536    0.30161643    0.31516118    0.29213701    0.25906214    0.29259092
T9             0.23841325    0.33437229    0.36188315    0.34441344    0.36111610    0.38313847    0.36921522    0.34709274    0.33692496    0.34522046    0.34104065    0.15912996    0.15880493    0.07404290    0.00000000    0.09196266    0.30357569    0.30357569    0.29696133    0.26492037    0.28975957    0.24677024    0.21874191    0.26492037
T0             0.23458011    0.34104065    0.36173132    0.33447823    0.36742619    0.37963841    0.36951223    0.32908468    0.32965603    0.34531595    0.33023948    0.16780586    0.16250917    0.11536803    0.09196266    0.00000000    0.31330671    0.31330671    0.29637448    0.25174281    0.27948596    0.25215879    0.21783262    0.26113603
T7             0.14712419    0.36857187    0.37106698    0.34709274    0.39633179    0.39163333    0.37749923    0.37891178    0.35442882    0.37874614    0.36640540    0.33236163    0.32542516    0.36051403    0.30357569    0.31330671    0.00000000    0.00000000    0.07622636    0.15688912    0.17807840    0.14933526    0.12965872    0.18575992
T8             0.14712419    0.36857187    0.37106698    0.34709274    0.39633179    0.39163333    0.37749923    0.37891178    0.35442882    0.37874614    0.36640540    0.33236163    0.32542516    0.36051403    0.30357569    0.31330671    0.00000000    0.00000000    0.07622636    0.15688912    0.17807840    0.14933526    0.12965872    0.18575992
T22            0.15968119    0.38382690    0.39272919    0.36794188    0.39881347    0.40205820    0.39558292    0.40515424    0.37576530    0.39706019    0.38429751    0.33485782    0.32792156    0.35319536    0.29696133    0.29637448    0.07622636    0.07622636    0.00000000    0.16434324    0.18575992    0.16453226    0.14186847    0.18529261
T12            0.10361503    0.31808326    0.32744336    0.28196602    0.34230318    0.34165605    0.34165605    0.31789017    0.31150913    0.32677958    0.31555831    0.29305604    0.28648478    0.30161643    0.26492037    0.25174281    0.15688912    0.15688912    0.16434324    0.00000000    0.08061436    0.12269044    0.08751434    0.14220089
T14            0.11536803    0.34885333    0.36235968    0.32101712    0.38113240    0.39222906    0.38983156    0.35645987    0.34230318    0.35106401    0.34664980    0.31914004    0.31225076    0.31516118    0.28975957    0.27948596    0.17807840    0.17807840    0.18575992    0.08061436    0.00000000    0.13479684    0.10135785    0.16294956
T21            0.10350293    0.30402831    0.31658716    0.28156626    0.33321129    0.34340873    0.33740135    0.31732090    0.30411017    0.32259421    0.31150913    0.29259092    0.28604137    0.29213701    0.24677024    0.25215879    0.14933526    0.14933526    0.16453226    0.12269044    0.13479684    0.00000000    0.05206852    0.11383069
T6             0.06938356    0.28323139    0.29543338    0.26140660    0.30464312    0.31440925    0.30518743    0.28937646    0.27670894    0.29434536    0.28376820    0.25945622    0.25325301    0.25906214    0.21874191    0.21783262    0.12965872    0.12965872    0.14186847    0.08751434    0.10135785    0.05206852    0.00000000    0.08100352
T2             0.12732815    0.35495909    0.36483003    0.33041321    0.38747619    0.38279995    0.37263216    0.35645987    0.35204171    0.37247882    0.36023063    0.32262075    0.31568348    0.29259092    0.26492037    0.26113603    0.18575992    0.18575992    0.18529261    0.14220089    0.16294956    0.11383069    0.08100352    0.00000000

