24
T23            0.00000000    0.40191889    0.40747316    0.38194132    0.30489596    0.30108387    0.30202055    0.27951859    0.27354096    0.30639660    0.35179761    0.31359114    0.33527425    0.30730911    0.28597899    0.33909424    0.24672605    0.24036901    0.24604734    0.24638162    0.24137760    0.23907520    0.24820475    0.18847797
T13            0.40191889    0.00000000    0.02648490    0.07841302    0.35004258    0.35560945    0.32660467    0.30876491    0.30927332    0.33330998    0.38619801    0.33278911    0.35616941    0.34396667    0.30442208    0.35792743    0.31512961    0.30885760    0.31851293    0.30222582    0.29282456    0.29447376    0.30442208    0.36974164
T15            0.40747316    0.02648490    0.00000000    0.07177604    0.34757013    0.33878870    0.31376682    0.29964201    0.30013882    0.32388147    0.38122969    0.32789217    0.35119982    0.33909424    0.29207205    0.35916442    0.30595780    0.29976469    0.30929589    0.29321984    0.28393615    0.28554830    0.29536621    0.36721929
T2             0.38194132    0.07841302    0.07177604    0.00000000    0.31852342    0.32042771    0.28369418    0.27570225    0.27616650    0.29582932    0.35672860    0.30202055    0.32789217    0.31269173    0.26842769    0.32253364    0.26611522    0.26027479    0.26923420    0.25415163    0.25754442    0.25283074    0.26213024    0.32337286
T19            0.30489596    0.35004258    0.34757013    0.31852342    0.00000000    0.05001770    0.22099867    0.19302128    0.19325428    0.21962211    0.26062491    0.22511165    0.24722639    0.21962211    0.19577833    0.22564724    0.23595372    0.22461540    0.23356253    0.23329402    0.23888908    0.21913925    0.22774306    0.29732769
T14            0.30108387    0.35560945    0.33878870    0.32042771    0.05001770    0.00000000    0.21111602    0.18928865    0.18946852    0.21010177    0.24810275    0.21307295    0.23232065    0.20809837    0.18965756    0.21913925    0.22944462    0.21548771    0.22701830    0.22679667    0.22944462    0.21288163    0.22131544    0.28959460
T10            0.30202055    0.32660467    0.31376682    0.28369418    0.22099867    0.21111602    0.00000000    0.05001770    0.05009513    0.06952315    0.20496238    0.17313723    0.19098269    0.16535332    0.15484687    0.19735843    0.22914884    0.21495148    0.22331209    0.22360550    0.22041914    0.20109155    0.20952604    0.27910881
T5             0.27951859    0.30876491    0.29964201    0.27570225    0.19302128    0.18928865    0.05001770    0.00000000    0.00401106    0.03902147    0.19679553    0.16007242    0.18573599    0.15766250    0.15766250    0.18926564    0.20926448    0.20109155    0.20926448    0.20952604    0.20926448    0.18755251    0.19577833    0.26372456
T1             0.27354096    0.30927332    0.30013882    0.27616650    0.19325428    0.18946852    0.05009513    0.00401106    0.00000000    0.04117049    0.19707248    0.16028905    0.18598210    0.15788050    0.15788050    0.18954590    0.20952604    0.20133859    0.20952604    0.20979699    0.20952604    0.18777043    0.19601899    0.26409488
T0             0.30639660    0.33330998    0.32388147    0.29582932    0.21962211    0.21010177    0.06952315    0.03902147    0.04117049    0.00000000    0.21264865    0.17513305    0.19855071    0.17759941    0.16778552    0.19988405    0.22485859    0.21089390    0.22199072    0.22223548    0.22774306    0.20831260    0.21677059    0.27794501
T12            0.35179761    0.38619801    0.38122969    0.35672860    0.26062491    0.24810275    0.20496238    0.19679553    0.19707248    0.21264865    0.00000000    0.07177604    0.08983044    0.07640962    0.22193970    0.26568139    0.24780029    0.23916484    0.24780029    0.24810275    0.25448284    0.23708242    0.24005285    0.33738271
T21            0.31359114    0.33278911    0.32789217    0.30202055    0.22511165    0.21307295    0.17313723    0.16007242    0.16028905    0.17513305    0.07177604    0.00000000    0.04124157    0.04124157    0.18375120    0.21902123    0.22749152    0.21913925    0.22175577    0.22774306    0.22275433    0.21134770    0.21417499    0.31020769
T22            0.33527425    0.35616941    0.35119982    0.32789217    0.24722639    0.23232065    0.19098269    0.18573599    0.18598210    0.19855071    0.08983044    0.04124157    0.00000000    0.05626725    0.20467974    0.24103141    0.24374141    0.23521336    0.23788807    0.23812295    0.25080644    0.23013434    0.23303554    0.32145905
T11            0.30730911    0.34396667    0.33909424    0.31269173    0.21962211    0.20809837    0.16535332    0.15766250    0.15788050    0.17759941    0.07640962    0.04124157    0.05626725    0.00000000    0.18623704    0.22161649    0.22485859    0.21653245    0.21913925    0.22511165    0.22014380    0.20876961    0.21158892    0.30063268
T9             0.28597899    0.30442208    0.29207205    0.26842769    0.19577833    0.18965756    0.15484687    0.15766250    0.15788050    0.16778552    0.22193970    0.18375120    0.20467974    0.18623704    0.00000000    0.05852897    0.20364161    0.19554680    0.20644512    0.20388723    0.19808144    0.17679168    0.18484045    0.26135666
T16            0.33909424    0.35792743    0.35916442    0.32253364    0.22564724    0.21913925    0.19735843    0.18926564    0.18954590    0.19988405    0.26568139    0.21902123    0.24103141    0.22161649    0.05852897    0.00000000    0.23442804    0.22592971    0.23148389    0.23178354    0.23974675    0.21417499    0.22275433    0.32145684
T8             0.24672605    0.31512961    0.30595780    0.26611522    0.23595372    0.22944462    0.22914884    0.20926448    0.20952604    0.22485859    0.24780029    0.22749152    0.24374141    0.22485859    0.20364161    0.23442804    0.00000000    0.02234693    0.02653206    0.04554340    0.10803685    0.11042446    0.11765665    0.20696155
T3             0.24036901    0.30885760    0.29976469    0.26027479    0.22461540    0.21548771    0.21495148    0.20109155    0.20133859    0.21089390    0.23916484    0.21913925    0.23521336    0.21653245    0.19554680    0.22592971    0.02234693    0.00000000    0.02442177    0.04549528    0.10085830    0.09868471    0.10576295    0.20901232
T18            0.24604734    0.31851293    0.30929589    0.26923420    0.23356253    0.22701830    0.22331209    0.20926448    0.20952604    0.22199072    0.24780029    0.22175577    0.23788807    0.21913925    0.20644512    0.23148389    0.02653206    0.02442177    0.00000000    0.04338785    0.10803685    0.10566063    0.11282355    0.21840136
T6             0.24638162    0.30222582    0.29321984    0.25415163    0.23329402    0.22679667    0.22360550    0.20952604    0.20979699    0.22223548    0.24810275    0.22774306    0.23812295    0.22511165    0.20388723    0.23178354    0.04554340    0.04549528    0.04338785    0.00000000    0.09634746    0.10339236    0.11053822    0.21810567
T7             0.24137760    0.29282456    0.28393615    0.25754442    0.23888908    0.22944462    0.22041914    0.20926448    0.20952604    0.22774306    0.25448284    0.22275433    0.25080644    0.22014380    0.19808144    0.23974675    0.10803685    0.10085830    0.10803685    0.09634746    0.00000000    0.10803685    0.11523425    0.22070410
T17            0.23907520    0.29447376    0.28554830    0.25283074    0.21913925    0.21288163    0.20109155    0.18755251    0.18777043    0.20831260    0.23708242    0.21134770    0.23013434    0.20876961    0.17679168    0.21417499    0.11042446    0.09868471    0.10566063    0.10339236    0.10803685    0.00000000    0.00603639    0.21967892
T4             0.24820475    0.30442208    0.29536621    0.26213024    0.22774306    0.22131544    0.20952604    0.19577833    0.19601899    0.21677059    0.24005285    0.21417499    0.23303554    0.21158892    0.18484045    0.22275433    0.11765665    0.10576295    0.11282355    0.11053822    0.11523425    0.00603639    0.00000000    0.22853840
T20            0.18847797    0.36974164    0.36721929    0.32337286    0.29732769    0.28959460    0.27910881    0.26372456    0.26409488    0.27794501    0.33738271    0.31020769    0.32145905    0.30063268    0.26135666    0.32145684    0.20696155    0.20901232    0.21840136    0.21810567    0.22070410    0.21967892    0.22853840    0.00000000

