24
T13            0.00000000    0.20140221    0.28331887    0.27141381    0.24648329    0.25765223    0.14836763    0.16925466    0.16125388    0.18699872    0.17153578    0.16157696    0.15827375    0.23072084    0.18990552    0.17702468    0.17209066    0.18199385    0.17153578    0.17153578    0.19495792    0.18951472    0.22182130    0.16418462
T6             0.20140221    0.00000000    0.18555343    0.17518230    0.16103962    0.16033435    0.15469027    0.15770574    0.15488645    0.22531280    0.22496853    0.21427262    0.20370356    0.28797586    0.21789556    0.21879027    0.21362481    0.21818422    0.20703067    0.20703067    0.21789556    0.22724784    0.26421409    0.21362481
T4             0.28331887    0.18555343    0.00000000    0.05433964    0.18741454    0.18107458    0.24581901    0.24952081    0.24614604    0.29419150    0.28727901    0.29178096    0.28972560    0.35879091    0.27386098    0.28851416    0.28851416    0.27490593    0.27769926    0.27769926    0.28014620    0.30034616    0.31653830    0.28051642
T0             0.27141381    0.17518230    0.05433964    0.00000000    0.16880956    0.16275152    0.23451551    0.23514773    0.23187036    0.27806868    0.27769926    0.27884065    0.27699366    0.33351201    0.28331887    0.27884065    0.26935180    0.26864017    0.26830064    0.26830064    0.28014620    0.28727901    0.31320658    0.27010665
T8             0.24648329    0.16103962    0.18741454    0.16880956    0.00000000    0.03492953    0.20563346    0.20914779    0.20881755    0.25993445    0.27863147    0.25763504    0.25331992    0.29647124    0.25565210    0.26624110    0.25451135    0.25062200    0.24415079    0.24415079    0.25257700    0.25331992    0.31085485    0.24297769
T11            0.25765223    0.16033435    0.18107458    0.16275152    0.03492953    0.00000000    0.21044379    0.21394403    0.21362481    0.25874634    0.29031784    0.26898797    0.26696367    0.29599263    0.26696367    0.26035128    0.24872044    0.24952081    0.24313616    0.24313616    0.24851201    0.25222102    0.30611329    0.25410396
T23            0.14836763    0.15469027    0.24581901    0.23451551    0.20563346    0.21044379    0.00000000    0.07607136    0.06927193    0.20166068    0.20140221    0.19380966    0.18180688    0.24987764    0.19537886    0.17970249    0.18012449    0.19560321    0.18488941    0.18488941    0.20046138    0.20091314    0.23687060    0.17743210
T2             0.16925466    0.15770574    0.24952081    0.23514773    0.20914779    0.21394403    0.07607136    0.00000000    0.01829931    0.19939099    0.20758908    0.20563346    0.19583678    0.26942469    0.20140221    0.18012449    0.18879295    0.20447493    0.19912204    0.19912204    0.21217005    0.21559469    0.24718841    0.18879295
T7             0.16125388    0.15488645    0.24614604    0.23187036    0.20881755    0.21362481    0.06927193    0.01829931    0.00000000    0.20192839    0.19886227    0.19686265    0.18739297    0.25952800    0.19285137    0.18260871    0.18579268    0.19583678    0.19056034    0.19056034    0.20907744    0.20676550    0.24987764    0.18034879
T21            0.18699872    0.22531280    0.29419150    0.27806868    0.25993445    0.25874634    0.20166068    0.19939099    0.20192839    0.00000000    0.12516991    0.10613323    0.13645301    0.18510177    0.15415191    0.15691038    0.14442017    0.15915054    0.13894317    0.13894317    0.15610621    0.14874004    0.18916079    0.13936361
T20            0.17153578    0.22496853    0.28727901    0.27769926    0.27863147    0.29031784    0.20140221    0.20758908    0.19886227    0.12516991    0.00000000    0.06283041    0.13409471    0.19912204    0.16963667    0.15450243    0.14714389    0.15932668    0.14410595    0.14410595    0.16925466    0.16662637    0.19749790    0.14458960
T15            0.16157696    0.21427262    0.29178096    0.27884065    0.25763504    0.26898797    0.19380966    0.20563346    0.19686265    0.10613323    0.06283041    0.00000000    0.11513430    0.18604084    0.15192170    0.13716273    0.12997528    0.14188546    0.13201142    0.13201142    0.15158458    0.14648938    0.18449179    0.12501926
T10            0.15827375    0.20370356    0.28972560    0.27699366    0.25331992    0.26696367    0.18180688    0.19583678    0.18739297    0.13645301    0.13409471    0.11513430    0.00000000    0.16699433    0.14357691    0.12418597    0.11953733    0.12661528    0.12671641    0.12671641    0.14608582    0.14357691    0.19168971    0.12195489
T5             0.23072084    0.28797586    0.35879091    0.33351201    0.29647124    0.29599263    0.24987764    0.26942469    0.25952800    0.18510177    0.19912204    0.18604084    0.16699433    0.00000000    0.22078324    0.19607953    0.19380966    0.19011467    0.18218983    0.18218983    0.20370356    0.19537886    0.25361555    0.16944132
T17            0.18990552    0.21789556    0.27386098    0.28331887    0.25565210    0.26696367    0.19537886    0.20140221    0.19285137    0.15415191    0.16963667    0.15192170    0.14357691    0.22078324    0.00000000    0.08511945    0.07388409    0.11755200    0.11525304    0.11525304    0.11743512    0.12474154    0.16645541    0.10362428
T16            0.17702468    0.21879027    0.28851416    0.27884065    0.26624110    0.26035128    0.17970249    0.18012449    0.18260871    0.15691038    0.15450243    0.13716273    0.12418597    0.19607953    0.08511945    0.00000000    0.02242108    0.10588899    0.10387202    0.10387202    0.11513430    0.12242296    0.16175141    0.09451967
T3             0.17209066    0.21362481    0.28851416    0.26935180    0.25451135    0.24872044    0.18012449    0.18879295    0.18579268    0.14442017    0.14714389    0.12997528    0.11953733    0.19380966    0.07388409    0.02242108    0.00000000    0.09900094    0.09228994    0.09228994    0.10340658    0.11055567    0.14918821    0.08310134
T1             0.18199385    0.21818422    0.27490593    0.26864017    0.25062200    0.24952081    0.19560321    0.20447493    0.19583678    0.15915054    0.15932668    0.14188546    0.12661528    0.19011467    0.11755200    0.10588899    0.09900094    0.00000000    0.06090605    0.06090605    0.07860690    0.07860690    0.12997528    0.10136702
T14            0.17153578    0.20703067    0.27769926    0.26830064    0.24415079    0.24313616    0.18488941    0.19912204    0.19056034    0.13894317    0.14410595    0.13201142    0.12671641    0.18218983    0.11525304    0.10387202    0.09228994    0.06090605    0.00000000    0.00000000    0.05200840    0.04982882    0.11537950    0.08974169
T22            0.17153578    0.20703067    0.27769926    0.26830064    0.24415079    0.24313616    0.18488941    0.19912204    0.19056034    0.13894317    0.14410595    0.13201142    0.12671641    0.18218983    0.11525304    0.10387202    0.09228994    0.06090605    0.00000000    0.00000000    0.05200840    0.04982882    0.11537950    0.08974169
T18            0.19495792    0.21789556    0.28014620    0.28014620    0.25257700    0.24851201    0.20046138    0.21217005    0.20907744    0.15610621    0.16925466    0.15158458    0.14608582    0.20370356    0.11743512    0.11513430    0.10340658    0.07860690    0.05200840    0.05200840    0.00000000    0.05214073    0.12217313    0.10577820
T19            0.18951472    0.22724784    0.30034616    0.28727901    0.25331992    0.25222102    0.20091314    0.21559469    0.20676550    0.14874004    0.16662637    0.14648938    0.14357691    0.19537886    0.12474154    0.12242296    0.11055567    0.07860690    0.04982882    0.04982882    0.05214073    0.00000000    0.12706794    0.10340658
T9             0.22182130    0.26421409    0.31653830    0.31320658    0.31085485    0.30611329    0.23687060    0.24718841    0.24987764    0.18916079    0.19749790    0.18449179    0.19168971    0.25361555    0.16645541    0.16175141    0.14918821    0.12997528    0.11537950    0.11537950    0.12217313    0.12706794    0.00000000    0.14918821
T12            0.16418462    0.21362481    0.28051642    0.27010665    0.24297769    0.25410396    0.17743210    0.18879295    0.18034879    0.13936361    0.14458960    0.12501926    0.12195489    0.16944132    0.10362428    0.09451967    0.08310134    0.10136702    0.08974169    0.08974169    0.10577820    0.10340658    0.14918821    0.00000000

