24
T4             0.00000000    0.25966512    0.26618010    0.26583029    0.46278279    0.45488864    0.46369789    0.45837833    0.47623492    0.45669036    0.38888270    0.37933528    0.39417119    0.37173535    0.37439545    0.35380363    0.35439202    0.40128754    0.41299790    0.40398599    0.41632201    0.41508521    0.45455429    0.46035587
T3             0.25966512    0.00000000    0.03280955    0.02653268    0.34223179    0.33208540    0.34525298    0.34466618    0.35687498    0.36369305    0.24750775    0.23648527    0.25445585    0.24788414    0.25405013    0.23776017    0.23510749    0.36871383    0.37994164    0.38251431    0.36815012    0.37443720    0.41968173    0.42522892
T2             0.26618010    0.03280955    0.00000000    0.04134066    0.36127122    0.35076325    0.36436135    0.36369305    0.38829263    0.38358518    0.27680726    0.26618091    0.29171074    0.28461724    0.27903055    0.25560290    0.25289435    0.39465184    0.40645637    0.40904162    0.39400084    0.40048850    0.44801920    0.45401251
T12            0.26583029    0.02653268    0.04134066    0.00000000    0.34949954    0.33922300    0.35994999    0.35930891    0.37196202    0.37895330    0.27084731    0.25716201    0.27578691    0.26892746    0.25716201    0.24075042    0.23808883    0.38757005    0.39923644    0.40180847    0.38693486    0.39336418    0.44033599    0.44623258
T6             0.46278279    0.34223179    0.36127122    0.34949954    0.00000000    0.01414130    0.09653740    0.09644206    0.11550463    0.10361742    0.31518764    0.29639782    0.30023831    0.29639782    0.32730982    0.31176602    0.30886693    0.59839175    0.61249715    0.62399943    0.61679157    0.61401966    0.68402975    0.71382953
T7             0.45488864    0.33208540    0.35076325    0.33922300    0.01414130    0.00000000    0.08964301    0.08955668    0.10839400    0.09664016    0.31227689    0.29355537    0.29738468    0.29355537    0.32436152    0.30886693    0.30597934    0.59138700    0.60538124    0.61681830    0.60963478    0.60684417    0.67646734    0.70603852
T21            0.46369789    0.34525298    0.36436135    0.35994999    0.09653740    0.08964301    0.00000000    0.00804339    0.04977611    0.05190154    0.31369025    0.29261325    0.30548018    0.29830998    0.31279943    0.31126686    0.30836776    0.58588943    0.59975976    0.61391263    0.60398153    0.60125467    0.69250319    0.70603852
T5             0.45837833    0.34466618    0.36369305    0.35930891    0.09644206    0.08955668    0.00804339    0.00000000    0.04973173    0.05185915    0.30983973    0.28888366    0.30164004    0.29455940    0.30886693    0.30740429    0.30451643    0.57915860    0.59286405    0.60684417    0.59704760    0.59443058    0.68402975    0.69729417
T15            0.47623492    0.35687498    0.38829263    0.37196202    0.11550463    0.10839400    0.04977611    0.04973173    0.00000000    0.06728423    0.32451351    0.30990008    0.31624484    0.30886693    0.33805564    0.33622651    0.33324222    0.58198946    0.60398153    0.60125467    0.60822723    0.60548552    0.69061778    0.70406132
T0             0.45669036    0.36369305    0.38358518    0.37895330    0.10361742    0.09664016    0.05190154    0.05185915    0.06728423    0.00000000    0.33450816    0.30260402    0.31916768    0.30836776    0.33383894    0.33208540    0.32911429    0.59155056    0.60548552    0.61970450    0.61539313    0.61267108    0.69832096    0.71185470
T23            0.38888270    0.24750775    0.27680726    0.27084731    0.31518764    0.31227689    0.31369025    0.30983973    0.32451351    0.33450816    0.00000000    0.06282807    0.07170063    0.06938456    0.18104926    0.16961822    0.17248406    0.47345203    0.47789512    0.48964234    0.47261192    0.47098393    0.52632828    0.55133706
T19            0.37933528    0.23648527    0.26618091    0.25716201    0.29639782    0.29355537    0.29261325    0.28888366    0.30990008    0.30260402    0.06282807    0.00000000    0.02037395    0.01415488    0.17692602    0.16273160    0.16561185    0.45845906    0.46280541    0.47430956    0.46633731    0.46468309    0.52465382    0.53958304
T9             0.39417119    0.25445585    0.29171074    0.27578691    0.30023831    0.29738468    0.30548018    0.30164004    0.31624484    0.31916768    0.07170063    0.02037395    0.00000000    0.01212528    0.19329448    0.17316688    0.17611791    0.47518452    0.47966780    0.48690207    0.48327613    0.48149810    0.55374043    0.55895078
T13            0.37173535    0.24788414    0.28461724    0.26892746    0.29639782    0.29355537    0.29830998    0.29455940    0.30886693    0.30836776    0.06938456    0.01415488    0.01212528    0.00000000    0.18738359    0.16759088    0.17048258    0.46550166    0.46988613    0.47703518    0.47345203    0.47178922    0.53231915    0.54739848
T8             0.37439545    0.25405013    0.27903055    0.25716201    0.32730982    0.32436152    0.31279943    0.30886693    0.33805564    0.33383894    0.18104926    0.17692602    0.19329448    0.18738359    0.00000000    0.05221436    0.05450537    0.51815643    0.51330138    0.53570574    0.52194512    0.51977528    0.55497389    0.55497389
T17            0.35380363    0.23776017    0.25560290    0.24075042    0.31176602    0.30886693    0.31126686    0.30740429    0.33622651    0.33208540    0.16961822    0.16273160    0.17316688    0.16759088    0.05221436    0.00000000    0.01008429    0.48875734    0.48419182    0.50542014    0.49240717    0.49054580    0.50915002    0.51391179
T18            0.35439202    0.23510749    0.25289435    0.23808883    0.30886693    0.30597934    0.30836776    0.30451643    0.33324222    0.32911429    0.17248406    0.16561185    0.17611791    0.17048258    0.05450537    0.01008429    0.00000000    0.48512533    0.48058056    0.50170885    0.48875734    0.48690207    0.51494409    0.51977528
T11            0.40128754    0.36871383    0.39465184    0.38757005    0.59839175    0.59138700    0.58588943    0.57915860    0.58198946    0.59155056    0.47345203    0.45845906    0.47518452    0.46550166    0.51815643    0.48875734    0.48512533    0.00000000    0.01415488    0.01209721    0.02656592    0.02859820    0.09911032    0.09228364
T16            0.41299790    0.37994164    0.40645637    0.39923644    0.61249715    0.60538124    0.59975976    0.59286405    0.60398153    0.60548552    0.47789512    0.46280541    0.47966780    0.46988613    0.51330138    0.48419182    0.48058056    0.01415488    0.00000000    0.02236537    0.03716205    0.03919413    0.11108122    0.10414073
T20            0.40398599    0.38251431    0.40904162    0.40180847    0.62399943    0.61681830    0.61391263    0.60684417    0.60125467    0.61970450    0.48964234    0.47430956    0.48690207    0.47703518    0.53570574    0.50542014    0.50170885    0.01209721    0.02236537    0.00000000    0.03492866    0.03697756    0.10839400    0.10148158
T22            0.41632201    0.36815012    0.39400084    0.38693486    0.61679157    0.60963478    0.60398153    0.59704760    0.60822723    0.61539313    0.47261192    0.46633731    0.48327613    0.47345203    0.52194512    0.49240717    0.48875734    0.02656592    0.03716205    0.03492866    0.00000000    0.01007292    0.09899457    0.09216997
T10            0.41508521    0.37443720    0.40048850    0.39336418    0.61401966    0.60684417    0.60125467    0.59443058    0.60548552    0.61267108    0.47098393    0.46468309    0.48149810    0.47178922    0.51977528    0.49054580    0.48690207    0.02859820    0.03919413    0.03697756    0.01007292    0.00000000    0.10113970    0.09429683
T1             0.45455429    0.41968173    0.44801920    0.44033599    0.68402975    0.67646734    0.69250319    0.68402975    0.69061778    0.69832096    0.52632828    0.52465382    0.55374043    0.53231915    0.55497389    0.50915002    0.51494409    0.09911032    0.11108122    0.10839400    0.09899457    0.10113970    0.00000000    0.02236537
T14            0.46035587    0.42522892    0.45401251    0.44623258    0.71382953    0.70603852    0.70603852    0.69729417    0.70406132    0.71185470    0.55133706    0.53958304    0.55895078    0.54739848    0.55497389    0.51391179    0.51977528    0.09228364    0.10414073    0.10148158    0.09216997    0.09429683    0.02236537    0.00000000

