24
T17            0.00000000    0.37995865    0.37995865    0.38892978    0.38253075    0.36707699    0.38253075    0.26379803    0.24610995    0.28002890    0.26069583    0.26143157    0.25253687    0.28846102    0.29501244    0.29786672    0.30212795    0.28889365    0.24983776    0.21895269    0.16873452    0.17720723    0.18487164    0.18080332
T2             0.37995865    0.00000000    0.03294979    0.05213880    0.04573011    0.05868019    0.05654595    0.40577909    0.38758832    0.41450707    0.40442656    0.40050689    0.39986818    0.42304682    0.43124095    0.43463375    0.47530900    0.42938364    0.41525281    0.39601712    0.33539711    0.32299250    0.41933348    0.41427092
T3             0.37995865    0.03294979    0.00000000    0.04777034    0.03710640    0.04988529    0.05213880    0.41782364    0.39144748    0.41857100    0.40442656    0.40050689    0.39986818    0.44379082    0.44379082    0.45581895    0.47530900    0.42938364    0.41525281    0.40647744    0.34245900    0.32993164    0.42759658    0.42253465
T0             0.38892978    0.05213880    0.04777034    0.00000000    0.02648537    0.05621797    0.05846862    0.43124095    0.41377631    0.44459786    0.41899979    0.42165346    0.42097991    0.46199855    0.47076972    0.47433811    0.50376805    0.45581895    0.44116625    0.42376661    0.35828440    0.34549107    0.43694753    0.42344788
T18            0.38253075    0.04573011    0.03710640    0.02648537    0.00000000    0.04545539    0.04765756    0.43276428    0.40577909    0.42525240    0.41498542    0.41100316    0.41034738    0.45931759    0.46808911    0.47164299    0.49171081    0.44459786    0.43016693    0.41306053    0.34853582    0.33943951    0.42601839    0.42090380
T16            0.36707699    0.05868019    0.04988529    0.05621797    0.04545539    0.00000000    0.04761116    0.39725586    0.37559499    0.40976164    0.38833599    0.38455056    0.38398545    0.43050282    0.43879926    0.44222516    0.46103199    0.41637427    0.39857531    0.39661786    0.33048081    0.31816874    0.42115517    0.41601354
T7             0.38253075    0.05654595    0.05213880    0.05846862    0.04765756    0.04761116    0.00000000    0.42450180    0.39401917    0.42525240    0.40705252    0.40313299    0.40250835    0.44222516    0.45069799    0.45417591    0.47344138    0.42376661    0.42190415    0.40906206    0.34142370    0.32892092    0.43016693    0.42090380
T12            0.26379803    0.40577909    0.41782364    0.43124095    0.43276428    0.39725586    0.42450180    0.00000000    0.09429763    0.11321824    0.13715218    0.12996543    0.12981073    0.14951614    0.15467635    0.15708263    0.16853291    0.15747906    0.13318442    0.29291081    0.21612385    0.22542251    0.29742407    0.28697174
T6             0.24610995    0.38758832    0.39144748    0.41377631    0.40577909    0.37559499    0.39401917    0.09429763    0.00000000    0.04988529    0.11283477    0.10804669    0.10794574    0.13935350    0.14440888    0.14678873    0.14238631    0.14713141    0.10612658    0.28967794    0.20813467    0.21732116    0.26308516    0.26535088
T1             0.28002890    0.41450707    0.41857100    0.44459786    0.42525240    0.40976164    0.42525240    0.11321824    0.04988529    0.00000000    0.13950946    0.13230055    0.12966395    0.15708263    0.16231054    0.16473885    0.15507577    0.16516013    0.12548440    0.31230969    0.22778996    0.23744734    0.29456939    0.29739714
T15            0.26069583    0.40442656    0.40442656    0.41899979    0.41498542    0.38833599    0.40705252    0.13715218    0.11283477    0.13950946    0.00000000    0.01007293    0.01619068    0.08964367    0.09429763    0.09653819    0.10174794    0.09675127    0.08079696    0.28507305    0.21291625    0.21634386    0.29657310    0.28282867
T21            0.26143157    0.40050689    0.40050689    0.42165346    0.41100316    0.38455056    0.40313299    0.12996543    0.10804669    0.13230055    0.01007293    0.00000000    0.01008431    0.08520600    0.08983840    0.09206439    0.09489411    0.08994666    0.07413698    0.28257581    0.21051395    0.21397610    0.29413768    0.28046277
T19            0.25253687    0.39986818    0.39986818    0.42097991    0.41034738    0.38398545    0.40250835    0.12981073    0.10794574    0.12966395    0.01619068    0.01008431    0.00000000    0.08511580    0.08973739    0.09196521    0.09476025    0.08983840    0.07404475    0.27598123    0.20478769    0.20813467    0.28803956    0.27446170
T20            0.28846102    0.42304682    0.44379082    0.46199855    0.45931759    0.43050282    0.44222516    0.14951614    0.13935350    0.15708263    0.08964367    0.08520600    0.08511580    0.00000000    0.00806500    0.01008431    0.10174794    0.10386541    0.09217087    0.29863671    0.23574493    0.24847684    0.31322597    0.30939067
T13            0.29501244    0.43124095    0.44379082    0.47076972    0.46808911    0.43879926    0.45069799    0.15467635    0.14440888    0.16231054    0.09429763    0.08983840    0.08973739    0.00806500    0.00000000    0.00602726    0.10654794    0.10866531    0.09686886    0.30520907    0.24161956    0.25454883    0.32004635    0.31625876
T11            0.29786672    0.43463375    0.45581895    0.47433811    0.47164299    0.44222516    0.45417591    0.15708263    0.14678873    0.16473885    0.09653819    0.09206439    0.09196521    0.01008431    0.00602726    0.00000000    0.10881162    0.11093802    0.09911137    0.30562691    0.24430863    0.25727034    0.32299250    0.31918162
T8             0.30212795    0.47530900    0.47530900    0.50376805    0.49171081    0.46103199    0.47344138    0.16853291    0.14238631    0.15507577    0.10174794    0.09489411    0.09476025    0.10174794    0.10654794    0.10881162    0.00000000    0.11123496    0.09964836    0.31144100    0.26000226    0.25796583    0.33210040    0.33088253
T10            0.28889365    0.42938364    0.42938364    0.45581895    0.44459786    0.41637427    0.42376661    0.15747906    0.14713141    0.16516013    0.09675127    0.08994666    0.08983840    0.10386541    0.10866531    0.11093802    0.11123496    0.00000000    0.10174794    0.30151689    0.24189547    0.23980320    0.32748520    0.33088253
T9             0.24983776    0.41525281    0.41525281    0.44116625    0.43016693    0.39857531    0.42190415    0.13318442    0.10612658    0.12548440    0.08079696    0.07413698    0.07404475    0.09217087    0.09686886    0.09911137    0.09964836    0.10174794    0.00000000    0.28401815    0.20577797    0.20930727    0.29593248    0.28230701
T4             0.21895269    0.39601712    0.40647744    0.42376661    0.41306053    0.39661786    0.40906206    0.29291081    0.28967794    0.31230969    0.28507305    0.28257581    0.27598123    0.29863671    0.30520907    0.30562691    0.31144100    0.30151689    0.28401815    0.00000000    0.14917677    0.15747906    0.27765548    0.26730192
T14            0.16873452    0.33539711    0.34245900    0.35828440    0.34853582    0.33048081    0.34142370    0.21612385    0.20813467    0.22778996    0.21291625    0.21051395    0.20478769    0.23574493    0.24161956    0.24430863    0.26000226    0.24189547    0.20577797    0.14917677    0.00000000    0.01824851    0.19474384    0.18508327
T23            0.17720723    0.32299250    0.32993164    0.34549107    0.33943951    0.31816874    0.32892092    0.22542251    0.21732116    0.23744734    0.21634386    0.21397610    0.20813467    0.24847684    0.25454883    0.25727034    0.25796583    0.23980320    0.20930727    0.15747906    0.01824851    0.00000000    0.19535912    0.18851542
T22            0.18487164    0.41933348    0.42759658    0.43694753    0.42601839    0.42115517    0.43016693    0.29742407    0.26308516    0.29456939    0.29657310    0.29413768    0.28803956    0.31322597    0.32004635    0.32299250    0.33210040    0.32748520    0.29593248    0.27765548    0.19474384    0.19535912    0.00000000    0.06753583
T5             0.18080332    0.41427092    0.42253465    0.42344788    0.42090380    0.41601354    0.42090380    0.28697174    0.26535088    0.29739714    0.28282867    0.28046277    0.27446170    0.30939067    0.31625876    0.31918162    0.33088253    0.33088253    0.28230701    0.26730192    0.18508327    0.18851542    0.06753583    0.00000000

