24
T4             0.00000000    0.24849002    0.24849002    0.27351017    0.40070817    0.24487950    0.24136410    0.29145099    0.25087919    0.27562890    0.26551215    0.26210913    0.26397453    0.26457068    0.25762774    0.25968517    0.29415819    0.28805926    0.25601789    0.25490719    0.25185196    0.26144828    0.26381417    0.25456315
T20            0.24849002    0.00000000    0.00000000    0.19768979    0.32057232    0.20191300    0.19306447    0.22228939    0.19354280    0.18577986    0.17721344    0.17701451    0.19475002    0.17763777    0.17097791    0.17170267    0.21908819    0.21360627    0.19329908    0.17786312    0.17517114    0.18354021    0.18577986    0.16474476
T21            0.24849002    0.00000000    0.00000000    0.19768979    0.32057232    0.20191300    0.19306447    0.22228939    0.19354280    0.18577986    0.17721344    0.17701451    0.19475002    0.17763777    0.17097791    0.17170267    0.21908819    0.21360627    0.19329908    0.17786312    0.17517114    0.18354021    0.18577986    0.16474476
T10            0.27351017    0.19768979    0.19768979    0.00000000    0.23350744    0.17188731    0.15624279    0.19241554    0.16211674    0.15914238    0.15624279    0.14369089    0.17600800    0.16435698    0.14918099    0.15127427    0.17989804    0.17474379    0.16383979    0.14395496    0.14143993    0.14918099    0.15655544    0.14409943
T5             0.40070817    0.32057232    0.32057232    0.23350744    0.00000000    0.30078828    0.26811695    0.28442506    0.28842812    0.26578470    0.26183252    0.25990578    0.28764832    0.26664665    0.26983947    0.25678317    0.28746115    0.28138549    0.26771282    0.25990578    0.26304812    0.27305291    0.26895705    0.25098295
T0             0.24487950    0.20191300    0.20191300    0.17188731    0.30078828    0.00000000    0.11985426    0.15897506    0.14257805    0.14513863    0.14732009    0.13985014    0.15414423    0.14771246    0.13786799    0.13951345    0.15551483    0.15051485    0.14239107    0.12548842    0.12797859    0.12566217    0.14297617    0.11336444
T23            0.24136410    0.19306447    0.19306447    0.15624279    0.26811695    0.11985426    0.00000000    0.13644769    0.14187875    0.14989385    0.14696044    0.13699828    0.15639486    0.13967775    0.13749609    0.13421681    0.17317806    0.16805367    0.14425216    0.13480689    0.13230432    0.14003058    0.14513863    0.12010732
T6             0.29145099    0.22228939    0.22228939    0.19241554    0.28442506    0.15897506    0.13644769    0.00000000    0.18509016    0.18281966    0.17969185    0.17416857    0.17647098    0.17742120    0.15931821    0.16661761    0.19937573    0.19405744    0.17721344    0.16962682    0.16698492    0.17517114    0.17786312    0.15157728
T3             0.25087919    0.19354280    0.19354280    0.16211674    0.28842812    0.14257805    0.14187875    0.18509016    0.00000000    0.10189457    0.09451639    0.09206614    0.11513020    0.10189457    0.09031715    0.09440421    0.15862321    0.15359102    0.13480689    0.12054516    0.11809182    0.12815863    0.13533343    0.11824711
T12            0.27562890    0.18577986    0.18577986    0.15914238    0.26578470    0.14513863    0.14989385    0.18281966    0.10189457    0.00000000    0.01415495    0.06715258    0.08495821    0.08124539    0.08384388    0.08552166    0.13870696    0.13381474    0.12054516    0.11139826    0.10896877    0.11647269    0.11367371    0.10670663
T17            0.26551215    0.17721344    0.17721344    0.15624279    0.26183252    0.14732009    0.14696044    0.17969185    0.09451639    0.01415495    0.00000000    0.06483432    0.08255461    0.07641765    0.07893428    0.08070444    0.14340635    0.13848538    0.12269879    0.11351529    0.11108587    0.11858059    0.11579978    0.10881477
T18            0.26210913    0.17701451    0.17701451    0.14369089    0.25990578    0.13985014    0.13699828    0.17416857    0.09206614    0.06715258    0.06483432    0.00000000    0.05823064    0.08530503    0.07860455    0.07833838    0.14277309    0.13786799    0.11743097    0.11067384    0.10827381    0.11565054    0.11780429    0.10362064
T19            0.26397453    0.19475002    0.19475002    0.17600800    0.28764832    0.15414423    0.15639486    0.17647098    0.11513020    0.08495821    0.08255461    0.05823064    0.00000000    0.10362064    0.09206614    0.09627552    0.15748497    0.15248100    0.13408946    0.12228942    0.11985426    0.12733663    0.12952820    0.11997689
T22            0.26457068    0.17763777    0.17763777    0.16435698    0.26664665    0.14771246    0.13967775    0.17742120    0.10189457    0.08124539    0.07641765    0.08530503    0.10362064    0.00000000    0.06773918    0.06952887    0.14908400    0.14411136    0.12054516    0.09936777    0.09699620    0.10913023    0.11612110    0.10429478
T14            0.25762774    0.17097791    0.17097791    0.14918099    0.26983947    0.13786799    0.13749609    0.15931821    0.09031715    0.08384388    0.07893428    0.07860455    0.09206614    0.06773918    0.00000000    0.05632953    0.13917369    0.13427048    0.11595665    0.10445183    0.10204578    0.10947542    0.11647269    0.09503798
T7             0.25968517    0.17170267    0.17170267    0.15127427    0.25678317    0.13951345    0.13421681    0.16661761    0.09440421    0.08552166    0.08070444    0.07833838    0.09627552    0.06952887    0.05632953    0.00000000    0.12797859    0.12317818    0.11524874    0.10612914    0.10374057    0.11108587    0.11809182    0.10148510
T13            0.29415819    0.21908819    0.21908819    0.17989804    0.28746115    0.15551483    0.17317806    0.19937573    0.15862321    0.13870696    0.14340635    0.14277309    0.15748497    0.14908400    0.13917369    0.12797859    0.00000000    0.00401107    0.09726833    0.08604037    0.08838972    0.09567509    0.10254329    0.09567509
T8             0.28805926    0.21360627    0.21360627    0.17474379    0.28138549    0.15051485    0.16805367    0.19405744    0.15359102    0.13381474    0.13848538    0.13786799    0.15248100    0.14411136    0.13427048    0.12317818    0.00401107    0.00000000    0.09267196    0.08151104    0.08384388    0.09107444    0.09789964    0.09107444
T15            0.25601789    0.19329908    0.19329908    0.16383979    0.26771282    0.14239107    0.14425216    0.17721344    0.13480689    0.12054516    0.12269879    0.11743097    0.13408946    0.12054516    0.11595665    0.11524874    0.09726833    0.09267196    0.00000000    0.05419650    0.05200744    0.05868114    0.06520303    0.06989852
T9             0.25490719    0.17786312    0.17786312    0.14395496    0.25990578    0.12548842    0.13480689    0.16962682    0.12054516    0.11139826    0.11351529    0.11067384    0.12228942    0.09936777    0.10445183    0.10612914    0.08604037    0.08151104    0.05419650    0.00000000    0.01007295    0.02037420    0.02656622    0.06355523
T2             0.25185196    0.17517114    0.17517114    0.14143993    0.26304812    0.12797859    0.13230432    0.16698492    0.11809182    0.10896877    0.11108587    0.10827381    0.11985426    0.09699620    0.10204578    0.10374057    0.08838972    0.08384388    0.05200744    0.01007295    0.00000000    0.01829913    0.02447374    0.06130157
T16            0.26144828    0.18354021    0.18354021    0.14918099    0.27305291    0.12566217    0.14003058    0.17517114    0.12815863    0.11647269    0.11858059    0.11565054    0.12733663    0.10913023    0.10947542    0.11108587    0.09567509    0.09107444    0.05868114    0.02037420    0.01829913    0.00000000    0.02242085    0.06822502
T11            0.26381417    0.18577986    0.18577986    0.15655544    0.26895705    0.14297617    0.14513863    0.17786312    0.13533343    0.11367371    0.11579978    0.11780429    0.12952820    0.11612110    0.11647269    0.11809182    0.10254329    0.09789964    0.06520303    0.02656622    0.02447374    0.02242085    0.00000000    0.07483845
T1             0.25456315    0.16474476    0.16474476    0.14409943    0.25098295    0.11336444    0.12010732    0.15157728    0.11824711    0.10670663    0.10881477    0.10362064    0.11997689    0.10429478    0.09503798    0.10148510    0.09567509    0.09107444    0.06989852    0.06355523    0.06130157    0.06822502    0.07483845    0.00000000

