24
T12            0.00000000    0.35512986    0.38222133    0.36180378    0.46090905    0.49862575    0.46339362    0.47134147    0.43100182    0.44859551    0.44433056    0.46363812    0.45158509    0.45158509    0.43706358    0.43706358    0.42547843    0.43293987    0.30800810    0.29611334    0.30031340    0.28783516    0.29421171    0.28249593
T21            0.35512986    0.00000000    0.05200393    0.13374058    0.24137140    0.26610877    0.22161123    0.22421597    0.19601550    0.20644146    0.20363813    0.24129924    0.22175232    0.22461177    0.20876614    0.20040307    0.19471005    0.19999301    0.41545551    0.45507217    0.43634375    0.41014645    0.39347618    0.38381998
T3             0.38222133    0.05200393    0.00000000    0.17132936    0.26927427    0.28923169    0.24476085    0.24743852    0.22099385    0.23473119    0.23177852    0.28675249    0.26576084    0.26886981    0.25210858    0.24303562    0.22800032    0.23355816    0.43175029    0.48398342    0.47318852    0.44541472    0.42884998    0.41743043
T13            0.36180378    0.13374058    0.17132936    0.00000000    0.24404063    0.26335834    0.22193421    0.22748208    0.20185625    0.20159099    0.19879545    0.23861932    0.21913579    0.22198709    0.20900868    0.20062212    0.18176126    0.18695050    0.43634375    0.46135074    0.44249296    0.40326231    0.41885540    0.40888899
T9             0.46090905    0.24137140    0.26927427    0.24404063    0.00000000    0.03272691    0.05632553    0.05846525    0.11753198    0.28219496    0.27893327    0.30729920    0.28879066    0.29206287    0.28686393    0.28036195    0.28405497    0.28686393    0.54544679    0.56127336    0.54193040    0.50411698    0.51564669    0.49305689
T0             0.49862575    0.26610877    0.28923169    0.26335834    0.03272691    0.00000000    0.08266737    0.08488309    0.13868098    0.30349969    0.30012785    0.33629168    0.31698703    0.32041664    0.31507005    0.30825743    0.30537070    0.30825743    0.59371420    0.59396729    0.57379109    0.52959573    0.54640819    0.52292353
T15            0.46339362    0.22161123    0.24476085    0.22193421    0.05632553    0.08266737    0.00000000    0.00602722    0.11065852    0.24941107    0.24632104    0.28316062    0.26526116    0.26841952    0.26336021    0.25708304    0.25127789    0.25397383    0.52157879    0.54193040    0.52321905    0.49117141    0.49305689    0.48029214
T7             0.47134147    0.22421597    0.24743852    0.22748208    0.05846525    0.08488309    0.00602722    0.00000000    0.11294206    0.25521516    0.25209616    0.28923169    0.27117630    0.27436492    0.26927427    0.26293732    0.25708304    0.25979879    0.52538354    0.54583952    0.52703423    0.49483349    0.49672537    0.48390091
T8             0.43100182    0.19601550    0.22099385    0.20185625    0.11753198    0.13868098    0.11065852    0.11294206    0.00000000    0.23642000    0.23342286    0.27831471    0.25753822    0.26061846    0.24707414    0.23802840    0.23240689    0.23504926    0.49970026    0.50982706    0.49402676    0.47222551    0.48121662    0.46161364
T6             0.44859551    0.20644146    0.23473119    0.20159099    0.28219496    0.30349969    0.24941107    0.25521516    0.23642000    0.00000000    0.00200402    0.07155765    0.06282460    0.05840866    0.04776749    0.03914515    0.04565915    0.04994657    0.50728521    0.49672537    0.48577371    0.46867136    0.44859551    0.45375159
T17            0.44433056    0.20363813    0.23177852    0.19879545    0.27893327    0.30012785    0.24632104    0.25209616    0.23342286    0.00200402    0.00000000    0.06932000    0.06061174    0.05621526    0.04559789    0.03701266    0.04349425    0.04776749    0.51217799    0.49672537    0.48577371    0.46867136    0.44859551    0.45375159
T1             0.46363812    0.24129924    0.28675249    0.23861932    0.30729920    0.33629168    0.28316062    0.28923169    0.27831471    0.07155765    0.06932000    0.00000000    0.03280849    0.02859749    0.04751083    0.04323683    0.07374171    0.07819072    0.55578944    0.52959573    0.51814885    0.50966489    0.49301453    0.48484262
T19            0.45158509    0.22175232    0.26576084    0.21913579    0.28879066    0.31698703    0.26526116    0.27117630    0.25753822    0.06282460    0.06061174    0.03280849    0.00000000    0.00401613    0.04117040    0.03481372    0.06276506    0.06714794    0.52877729    0.49949451    0.48847853    0.47593242    0.46011450    0.45234292
T10            0.45158509    0.22461177    0.26886981    0.22198709    0.29206287    0.32041664    0.26841952    0.27436492    0.26061846    0.05840866    0.05621526    0.02859749    0.00401613    0.00000000    0.03692362    0.03062050    0.05835889    0.06271241    0.53379266    0.50409309    0.49301453    0.48036762    0.46443453    0.45660760
T4             0.43706358    0.20876614    0.25210858    0.20900868    0.28686393    0.31507005    0.26336021    0.26927427    0.24707414    0.04776749    0.04559789    0.04751083    0.04117040    0.03692362    0.00000000    0.01620818    0.05206624    0.05639081    0.52730766    0.50687544    0.49577031    0.47849576    0.46254861    0.45471541
T18            0.43706358    0.20040307    0.24303562    0.20062212    0.28036195    0.30825743    0.25708304    0.26293732    0.23802840    0.03914515    0.03701266    0.04323683    0.03481372    0.03062050    0.01620818    0.00000000    0.04338768    0.04765529    0.51248364    0.49301453    0.48209892    0.46524793    0.44964333    0.44197485
T14            0.42547843    0.19471005    0.22800032    0.18176126    0.28405497    0.30537070    0.25127789    0.25708304    0.23240689    0.04565915    0.04349425    0.07374171    0.06276506    0.05835889    0.05206624    0.04338768    0.00000000    0.00401106    0.48973229    0.47153631    0.46090905    0.44465999    0.42955166    0.43026894
T20            0.43293987    0.19999301    0.23355816    0.18695050    0.28686393    0.30825743    0.25397383    0.25979879    0.23504926    0.04994657    0.04776749    0.07819072    0.06714794    0.06271241    0.05639081    0.04765529    0.00401106    0.00000000    0.49808755    0.47952846    0.46879232    0.45234292    0.43706358    0.43779931
T2             0.30800810    0.41545551    0.43175029    0.43634375    0.54544679    0.59371420    0.52157879    0.52538354    0.49970026    0.50728521    0.51217799    0.55578944    0.52877729    0.53379266    0.52730766    0.51248364    0.48973229    0.49808755    0.00000000    0.17759652    0.16756187    0.15465005    0.16028626    0.16315839
T11            0.29611334    0.45507217    0.48398342    0.46135074    0.56127336    0.59396729    0.54193040    0.54583952    0.50982706    0.49672537    0.49672537    0.52959573    0.49949451    0.50409309    0.50687544    0.49301453    0.47153631    0.47952846    0.17759652    0.00000000    0.02447282    0.08519854    0.09450426    0.08089010
T5             0.30031340    0.43634375    0.47318852    0.44249296    0.54193040    0.57379109    0.52321905    0.52703423    0.49402676    0.48577371    0.48577371    0.51814885    0.48847853    0.49301453    0.49577031    0.48209892    0.46090905    0.46879232    0.16756187    0.02447282    0.00000000    0.06952271    0.08089010    0.06752988
T23            0.28783516    0.41014645    0.44541472    0.40326231    0.50411698    0.52959573    0.49117141    0.49483349    0.47222551    0.46867136    0.46867136    0.50966489    0.47593242    0.48036762    0.47849576    0.46524793    0.44465999    0.45234292    0.15465005    0.08519854    0.06952271    0.00000000    0.05875937    0.04580130
T22            0.29421171    0.39347618    0.42884998    0.41885540    0.51564669    0.54640819    0.49305689    0.49672537    0.48121662    0.44859551    0.44859551    0.49301453    0.46011450    0.46443453    0.46254861    0.44964333    0.42955166    0.43706358    0.16028626    0.09450426    0.08089010    0.05875937    0.00000000    0.03289508
T16            0.28249593    0.38381998    0.41743043    0.40888899    0.49305689    0.52292353    0.48029214    0.48390091    0.46161364    0.45375159    0.45375159    0.48484262    0.45234292    0.45660760    0.45471541    0.44197485    0.43026894    0.43779931    0.16315839    0.08089010    0.06752988    0.04580130    0.03289508    0.00000000

