24
T9             0.00000000    0.25429437    0.22184874    0.22975989    0.22162064    0.22424949    0.22184874    0.22734762    0.23102609    0.28733432    0.25669376    0.26186331    0.25462978    0.24225425    0.19914901    0.22434493    0.20223434    0.21980853    0.20281771    0.20733469    0.20372926    0.14920130    0.17385383    0.21365875
T8             0.25429437    0.00000000    0.14189763    0.14650130    0.14174238    0.15916532    0.23367528    0.23048935    0.24083260    0.26627564    0.23661518    0.25063491    0.22867149    0.29798838    0.23455170    0.26191009    0.23783928    0.26444848    0.24760189    0.24921655    0.23690605    0.24263475    0.26352400    0.32691199
T13            0.22184874    0.14189763    0.00000000    0.01822333    0.01210046    0.06056369    0.20560463    0.20817885    0.20372926    0.23720704    0.21402590    0.22471227    0.20628931    0.24823525    0.18164645    0.20349003    0.18451077    0.21592720    0.19310046    0.19497909    0.19170801    0.18784559    0.21711599    0.26779375
T7             0.22975989    0.14650130    0.01822333    0.00000000    0.00602419    0.06705069    0.20777373    0.21036113    0.20303986    0.23928302    0.21617076    0.22162064    0.20839588    0.25034032    0.18382222    0.20006878    0.18131661    0.21792701    0.19518565    0.19713780    0.19393665    0.20093779    0.22495864    0.27929856
T10            0.22162064    0.14174238    0.01210046    0.00602419    0.00000000    0.06051531    0.19987513    0.20243582    0.19518565    0.23102609    0.20817885    0.21356952    0.20048447    0.24196097    0.17617729    0.19772415    0.17898236    0.20989871    0.18741352    0.18935185    0.18618989    0.19310046    0.21686504    0.27055294
T16            0.22424949    0.15916532    0.06056369    0.06705069    0.06051531    0.00000000    0.22162064    0.22424949    0.21686504    0.25638062    0.22734762    0.23822736    0.21947105    0.25365509    0.19713780    0.22233470    0.19732383    0.22342479    0.20605158    0.20797146    0.20465511    0.20910447    0.22184874    0.28210014
T14            0.22184874    0.23367528    0.20560463    0.20777373    0.19987513    0.22162064    0.00000000    0.04117310    0.10115150    0.12968295    0.10568101    0.11492683    0.10363091    0.24763298    0.19713780    0.21900163    0.20282899    0.21997975    0.18953410    0.20006878    0.19408678    0.18741352    0.21947105    0.25918171
T5             0.22734762    0.23048935    0.20817885    0.21036113    0.20243582    0.22424949    0.04117310    0.00000000    0.10578455    0.13451254    0.11034042    0.11964380    0.10828490    0.25881551    0.19732383    0.22495864    0.20862251    0.22838679    0.19751929    0.21097792    0.20482571    0.20372926    0.22838679    0.26191009
T20            0.23102609    0.24083260    0.20372926    0.20303986    0.19518565    0.21686504    0.10115150    0.10578455    0.00000000    0.09900706    0.06709995    0.07814085    0.07405165    0.27292846    0.21478313    0.23751812    0.22081594    0.22111407    0.20989871    0.21505479    0.20628931    0.20223434    0.23751812    0.27916390
T1             0.28733432    0.26627564    0.23720704    0.23928302    0.23102609    0.25638062    0.12968295    0.13451254    0.09900706    0.00000000    0.04983036    0.05841514    0.04784025    0.30040943    0.24887910    0.25805228    0.24921655    0.26191009    0.24083260    0.24618683    0.23633446    0.24419362    0.26903792    0.31641345
T11            0.25669376    0.23661518    0.21402590    0.21617076    0.20817885    0.22734762    0.10568101    0.11034042    0.06709995    0.04983036    0.00000000    0.02853779    0.02656707    0.28733432    0.23102609    0.24523320    0.23130949    0.23751812    0.22313756    0.22838679    0.21900163    0.21821665    0.25735189    0.29038401
T12            0.26186331    0.25063491    0.22471227    0.22162064    0.21356952    0.23822736    0.11492683    0.11964380    0.07814085    0.05841514    0.02853779    0.00000000    0.03489177    0.30243286    0.24196097    0.25942855    0.24523320    0.24554077    0.23102609    0.24224920    0.23264823    0.23190625    0.26558114    0.29891445
T17            0.25462978    0.22867149    0.20628931    0.20839588    0.20048447    0.21947105    0.10363091    0.10828490    0.07405165    0.04784025    0.02656707    0.03489177    0.00000000    0.28210014    0.22313756    0.24317548    0.22342479    0.23551826    0.22111407    0.23221955    0.22259249    0.21914313    0.24921655    0.28523287
T6             0.24225425    0.29798838    0.24823525    0.25034032    0.24196097    0.25365509    0.24763298    0.25881551    0.27292846    0.30040943    0.28733432    0.30243286    0.28210014    0.00000000    0.12721062    0.15470596    0.12983068    0.15554317    0.12025985    0.14715796    0.14443300    0.21464774    0.24530297    0.26127293
T22            0.19914901    0.23455170    0.18164645    0.18382222    0.17617729    0.19713780    0.19713780    0.19732383    0.21478313    0.24887910    0.23102609    0.24196097    0.22313756    0.12721062    0.00000000    0.05847240    0.04761343    0.09007329    0.06953360    0.08974656    0.08504012    0.15510792    0.18807522    0.22831918
T23            0.22434493    0.26191009    0.20349003    0.20006878    0.19772415    0.22233470    0.21900163    0.22495864    0.23751812    0.25805228    0.24523320    0.25942855    0.24317548    0.15470596    0.05847240    0.00000000    0.05841514    0.10672084    0.08995711    0.10601442    0.10568101    0.18410440    0.19914901    0.25498214
T15            0.20223434    0.23783928    0.18451077    0.18131661    0.17898236    0.19732383    0.20282899    0.20862251    0.22081594    0.24921655    0.23130949    0.24523320    0.22342479    0.12983068    0.04761343    0.05841514    0.00000000    0.08553001    0.06736718    0.08291361    0.08040480    0.16857498    0.18831388    0.22868318
T4             0.21980853    0.26444848    0.21592720    0.21792701    0.20989871    0.22342479    0.21997975    0.22838679    0.22111407    0.26191009    0.23751812    0.24554077    0.23551826    0.15554317    0.09007329    0.10672084    0.08553001    0.00000000    0.04771350    0.10176264    0.10162552    0.19652838    0.22274915    0.25360488
T18            0.20281771    0.24760189    0.19310046    0.19518565    0.18741352    0.20605158    0.18953410    0.19751929    0.20989871    0.24083260    0.22313756    0.23102609    0.22111407    0.12025985    0.06953360    0.08995711    0.06736718    0.04771350    0.00000000    0.07851494    0.07826894    0.17180695    0.19437072    0.22347019
T21            0.20733469    0.24921655    0.19497909    0.19713780    0.18935185    0.20797146    0.20006878    0.21097792    0.21505479    0.24618683    0.22838679    0.24224920    0.23221955    0.14715796    0.08974656    0.10601442    0.08291361    0.10176264    0.07851494    0.00000000    0.03689808    0.18993410    0.21077790    0.24076835
T2             0.20372926    0.23690605    0.19170801    0.19393665    0.18618989    0.20465511    0.19408678    0.20482571    0.20628931    0.23633446    0.21900163    0.23264823    0.22259249    0.14443300    0.08504012    0.10568101    0.08040480    0.10162552    0.07826894    0.03689808    0.00000000    0.18908380    0.20653652    0.24569293
T0             0.14920130    0.24263475    0.18784559    0.20093779    0.19310046    0.20910447    0.18741352    0.20372926    0.20223434    0.24419362    0.21821665    0.23190625    0.21914313    0.21464774    0.15510792    0.18410440    0.16857498    0.19652838    0.17180695    0.18993410    0.18908380    0.00000000    0.15211772    0.18774528
T19            0.17385383    0.26352400    0.21711599    0.22495864    0.21686504    0.22184874    0.21947105    0.22838679    0.23751812    0.26903792    0.25735189    0.26558114    0.24921655    0.24530297    0.18807522    0.19914901    0.18831388    0.22274915    0.19437072    0.21077790    0.20653652    0.15211772    0.00000000    0.22762022
T3             0.21365875    0.32691199    0.26779375    0.27929856    0.27055294    0.28210014    0.25918171    0.26191009    0.27916390    0.31641345    0.29038401    0.29891445    0.28523287    0.26127293    0.22831918    0.25498214    0.22868318    0.25360488    0.22347019    0.24076835    0.24569293    0.18774528    0.22762022    0.00000000

