24
T8             0.00000000    0.36528354    0.37572192    0.36841864    0.37360807    0.34840974    0.34932924    0.39009822    0.40934301    0.34102172    0.34102172    0.37379355    0.35288877    0.35598945    0.35949987    0.25982673    0.28630576    0.29230071    0.30766216    0.30071882    0.33208389    0.28345826    0.29635238    0.28430444
T3             0.36528354    0.00000000    0.01006763    0.11077608    0.12811560    0.10112234    0.24666481    0.30785576    0.29768073    0.26013737    0.27194941    0.23565832    0.22646919    0.22972149    0.23865340    0.23004996    0.25583734    0.26166098    0.28222962    0.28870499    0.32968340    0.27194941    0.26205104    0.26919411
T12            0.37572192    0.01006763    0.00000000    0.11091198    0.13081452    0.10359793    0.24708782    0.31185706    0.30157731    0.26371475    0.27560727    0.23600449    0.22677933    0.23301836    0.24203086    0.23336533    0.25932520    0.26518712    0.28914411    0.28677522    0.32776336    0.26689073    0.26013737    0.26734256
T13            0.36841864    0.11077608    0.11091198    0.00000000    0.07858983    0.06937679    0.20043247    0.27284192    0.26963536    0.21896660    0.23004996    0.21092242    0.20209015    0.19345779    0.20181683    0.21232296    0.23499534    0.24063305    0.26365033    0.26676681    0.29966886    0.23974840    0.25006209    0.24774792
T9             0.37360807    0.12811560    0.13081452    0.07858983    0.00000000    0.07394906    0.22326406    0.28970664    0.27654167    0.23710152    0.24852369    0.22221414    0.21896660    0.21638124    0.22515634    0.21834969    0.24665935    0.25239792    0.25475581    0.27984938    0.32030925    0.26013737    0.26286224    0.25120895
T23            0.34840974    0.10112234    0.10359793    0.06937679    0.07394906    0.00000000    0.20296467    0.27008704    0.26055882    0.20775762    0.21865342    0.20491585    0.19396662    0.19094454    0.19928035    0.19851130    0.22587788    0.22850465    0.24631661    0.25170592    0.29028643    0.23268108    0.23532192    0.23301836
T6             0.34932924    0.24666481    0.24708782    0.20043247    0.22326406    0.20296467    0.00000000    0.18397671    0.18123624    0.13009232    0.13980516    0.18049368    0.16205929    0.17735336    0.18004217    0.20975088    0.24063305    0.24631661    0.26793317    0.26166098    0.31347985    0.24545500    0.24813081    0.23974840
T11            0.39009822    0.30785576    0.31185706    0.27284192    0.28970664    0.27008704    0.18397671    0.00000000    0.06067004    0.14404605    0.15401973    0.22972149    0.20975088    0.22094648    0.22677933    0.24363712    0.27623461    0.28222962    0.30191313    0.29766848    0.33917908    0.28723656    0.27884500    0.27654167
T0             0.40934301    0.29768073    0.30157731    0.26963536    0.27654167    0.26055882    0.18123624    0.06067004    0.00000000    0.14357301    0.15352383    0.22094648    0.20409948    0.21463732    0.22036973    0.24969999    0.28264766    0.28870499    0.31547999    0.30767347    0.34989959    0.29384042    0.27560727    0.27330393
T22            0.34102172    0.26013737    0.26371475    0.21896660    0.23710152    0.20775762    0.13009232    0.14404605    0.14357301    0.00000000    0.00804435    0.19298495    0.17429117    0.17147131    0.17411039    0.20616017    0.23086267    0.23644385    0.25747511    0.25376709    0.29885110    0.24665935    0.23565832    0.23336533
T18            0.34102172    0.27194941    0.27560727    0.23004996    0.24852369    0.21865342    0.13980516    0.15401973    0.15352383    0.00804435    0.00000000    0.19851130    0.18191900    0.17641425    0.17906734    0.21179559    0.23672967    0.24236298    0.26676681    0.26228178    0.30791985    0.25510604    0.24398075    0.24166655
T19            0.37379355    0.23565832    0.23600449    0.21092242    0.22221414    0.20491585    0.18049368    0.22972149    0.22094648    0.19298495    0.19851130    0.00000000    0.06504373    0.14436913    0.14691414    0.23203576    0.25855417    0.26439779    0.27862627    0.27157337    0.31458958    0.25583734    0.26478723    0.25621837
T1             0.35288877    0.22646919    0.22677933    0.20209015    0.21896660    0.19396662    0.16205929    0.20975088    0.20409948    0.17429117    0.18191900    0.06504373    0.00000000    0.12435309    0.12679247    0.21154605    0.23939465    0.24504684    0.25105494    0.26569562    0.29845944    0.23797255    0.25583734    0.24737503
T10            0.35598945    0.22972149    0.23301836    0.19345779    0.21638124    0.19094454    0.17735336    0.22094648    0.21463732    0.17147131    0.17641425    0.14436913    0.12435309    0.00000000    0.01617877    0.21983130    0.24804186    0.25376709    0.26228178    0.26535981    0.30213120    0.24900619    0.25546656    0.25313075
T15            0.35949987    0.23865340    0.24203086    0.20181683    0.22515634    0.19928035    0.18004217    0.22677933    0.22036973    0.17411039    0.17906734    0.14691414    0.12679247    0.01617877    0.00000000    0.22270572    0.25105494    0.25680767    0.26845693    0.26845693    0.30791985    0.24665935    0.25855417    0.25621837
T21            0.25982673    0.23004996    0.23336533    0.21232296    0.21834969    0.19851130    0.20975088    0.24363712    0.24969999    0.20616017    0.21179559    0.23203576    0.21154605    0.21983130    0.22270572    0.00000000    0.03497072    0.03919089    0.06504373    0.10555671    0.13641482    0.08052570    0.09897659    0.09449588
T4             0.28630576    0.25583734    0.25932520    0.23499534    0.24665935    0.22587788    0.24063305    0.27623461    0.28264766    0.23086267    0.23672967    0.25855417    0.23939465    0.24804186    0.25105494    0.03497072    0.00000000    0.00401105    0.09909139    0.13917127    0.16901296    0.11534685    0.12993123    0.12035820
T14            0.29230071    0.26166098    0.26518712    0.24063305    0.25239792    0.22850465    0.24631661    0.28222962    0.28870499    0.23644385    0.24236298    0.26439779    0.24504684    0.25376709    0.25680767    0.03919089    0.00401105    0.00000000    0.10371659    0.14405899    0.17411039    0.12007709    0.13476641    0.12512864
T7             0.30766216    0.28222962    0.28914411    0.26365033    0.25475581    0.24631661    0.26793317    0.30191313    0.31547999    0.25747511    0.26676681    0.27862627    0.25105494    0.26228178    0.26845693    0.06504373    0.09909139    0.10371659    0.00000000    0.15137798    0.17377519    0.12470565    0.13947214    0.13226596
T20            0.30071882    0.28870499    0.28677522    0.26676681    0.27984938    0.25170592    0.26166098    0.29766848    0.30767347    0.25376709    0.26228178    0.27157337    0.26569562    0.26535981    0.26845693    0.10555671    0.13917127    0.14405899    0.15137798    0.00000000    0.12913013    0.07155373    0.09909139    0.09461414
T2             0.33208389    0.32968340    0.32776336    0.29966886    0.32030925    0.29028643    0.31347985    0.33917908    0.34989959    0.29885110    0.30791985    0.31458958    0.29845944    0.30213120    0.30791985    0.13641482    0.16901296    0.17411039    0.17377519    0.12913013    0.00000000    0.08487790    0.13445869    0.13226596
T16            0.28345826    0.27194941    0.26689073    0.23974840    0.26013737    0.23268108    0.24545500    0.28723656    0.29384042    0.24665935    0.25510604    0.25583734    0.23797255    0.24900619    0.24665935    0.08052570    0.11534685    0.12007709    0.12470565    0.07155373    0.08487790    0.00000000    0.07858983    0.07422331
T5             0.29635238    0.26205104    0.26013737    0.25006209    0.26286224    0.23532192    0.24813081    0.27884500    0.27560727    0.23565832    0.24398075    0.26478723    0.25583734    0.25546656    0.25855417    0.09897659    0.12993123    0.13476641    0.13947214    0.09909139    0.13445869    0.07858983    0.00000000    0.01620792
T17            0.28430444    0.26919411    0.26734256    0.24774792    0.25120895    0.23301836    0.23974840    0.27654167    0.27330393    0.23336533    0.24166655    0.25621837    0.24737503    0.25313075    0.25621837    0.09449588    0.12035820    0.12512864    0.13226596    0.09461414    0.13226596    0.07422331    0.01620792    0.00000000

