24
T20            0.00000000    0.22890274    0.25967338    0.26583933    0.23600485    0.23361482    0.28930482    0.28684505    0.23655231    0.27137534    0.20754682    0.20535418    0.21397733    0.19789669    0.17630368    0.17948953    0.17473848    0.18281349    0.22442562    0.19031453    0.20445120    0.20344459    0.17968655    0.15141819
T8             0.22890274    0.00000000    0.06728479    0.07178134    0.05846871    0.05419593    0.30650107    0.28440943    0.24075882    0.28159697    0.24751769    0.23215162    0.24144501    0.24254928    0.21876123    0.21681807    0.21201289    0.21785462    0.27960880    0.24600182    0.22599454    0.25488379    0.23122548    0.24751769
T21            0.25967338    0.06728479    0.00000000    0.03924843    0.07374628    0.06938504    0.31436880    0.30605965    0.25118178    0.29577075    0.26730447    0.25455093    0.26417284    0.26221196    0.23247272    0.23349498    0.21328724    0.21907760    0.28723294    0.25948482    0.24217122    0.27489936    0.25058205    0.27045593
T22            0.26583933    0.07178134    0.03924843    0.00000000    0.07826304    0.07388149    0.32452950    0.30940117    0.26343856    0.30562995    0.27681937    0.26380040    0.27362748    0.27169706    0.23544555    0.23649481    0.23086445    0.23686426    0.30029322    0.27213210    0.25136479    0.27812241    0.25989000    0.27362748
T14            0.23600485    0.05846871    0.07374628    0.07826304    0.00000000    0.00401208    0.29252728    0.28046187    0.23124760    0.27450669    0.24913886    0.22280337    0.23714017    0.23511555    0.21241702    0.22135789    0.21071768    0.21649132    0.27561394    0.24828136    0.22754903    0.25327971    0.23280366    0.24611195
T2             0.23361482    0.05419593    0.06938504    0.07388149    0.00401208    0.00000000    0.29006761    0.27802606    0.22890274    0.27208264    0.24679450    0.21759113    0.23184038    0.23280366    0.21527876    0.21907760    0.20846820    0.21424200    0.27322505    0.24600182    0.22233274    0.25096834    0.23051312    0.24376751
T11            0.28930482    0.30650107    0.31436880    0.32452950    0.29252728    0.29006761    0.00000000    0.06082127    0.16889500    0.18968912    0.25630786    0.24578598    0.26380040    0.23627351    0.25661883    0.25455093    0.25183976    0.24578598    0.29903549    0.28283165    0.25489450    0.26895119    0.26274681    0.28684505
T5             0.28684505    0.28440943    0.30605965    0.30940117    0.28046187    0.27802606    0.06082127    0.00000000    0.15623943    0.17930143    0.25086837    0.24043079    0.25833164    0.23153903    0.24816418    0.24310335    0.24644813    0.24043079    0.28930482    0.27404069    0.26106080    0.26968205    0.25118178    0.27802606
T19            0.23655231    0.24075882    0.25118178    0.26343856    0.23124760    0.22890274    0.16889500    0.15623943    0.00000000    0.06061525    0.20044243    0.18737603    0.20418557    0.19605863    0.20577908    0.20930862    0.19884046    0.20728047    0.25270948    0.23184038    0.21527876    0.22280337    0.19283281    0.23714017
T12            0.27137534    0.28159697    0.29577075    0.30562995    0.27450669    0.27208264    0.18968912    0.17930143    0.06061525    0.00000000    0.23334471    0.22832727    0.23744918    0.22019245    0.23308468    0.23684120    0.22598233    0.23479547    0.27382340    0.26034595    0.24310335    0.24785994    0.21966775    0.26583933
T6             0.20754682    0.24751769    0.26730447    0.27681937    0.24913886    0.24679450    0.25630786    0.25086837    0.20044243    0.23334471    0.00000000    0.13621931    0.14381599    0.12437796    0.19240997    0.19859067    0.19102169    0.19378812    0.24431018    0.24447209    0.21359613    0.22046934    0.20957164    0.21214585
T1             0.20535418    0.23215162    0.25455093    0.26380040    0.22280337    0.21759113    0.24578598    0.24043079    0.18737603    0.22832727    0.13621931    0.00000000    0.04330896    0.11963070    0.19305798    0.19102169    0.19180989    0.19683936    0.23574634    0.23578544    0.20472610    0.21556769    0.20418557    0.21527876
T10            0.21397733    0.24144501    0.26417284    0.27362748    0.23714017    0.23184038    0.26380040    0.25833164    0.20418557    0.23744918    0.14381599    0.04330896    0.00000000    0.12706043    0.20445120    0.20246619    0.19711777    0.20560623    0.24785994    0.25136479    0.21071768    0.22167329    0.20728047    0.21845437
T0             0.19789669    0.24254928    0.26221196    0.27169706    0.23511555    0.23280366    0.23627351    0.23153903    0.19605863    0.22019245    0.12437796    0.11963070    0.12706043    0.00000000    0.17720813    0.18056327    0.17858450    0.18131318    0.22805437    0.22824354    0.19800718    0.20472610    0.19180989    0.19054120
T16            0.17630368    0.21876123    0.23247272    0.23544555    0.21241702    0.21527876    0.25661883    0.24816418    0.20577908    0.23308468    0.19240997    0.19305798    0.20445120    0.17720813    0.00000000    0.02238991    0.09395295    0.10095007    0.14326123    0.12981125    0.12205379    0.12651654    0.10991082    0.16644294
T4             0.17948953    0.21681807    0.23349498    0.23649481    0.22135789    0.21907760    0.25455093    0.24310335    0.20930862    0.23684120    0.19859067    0.19102169    0.20246619    0.18056327    0.02238991    0.00000000    0.09653844    0.10361876    0.14607737    0.13280789    0.12486861    0.12927177    0.11252073    0.16962179
T9             0.17473848    0.21201289    0.21328724    0.23086445    0.21071768    0.20846820    0.25183976    0.24644813    0.19884046    0.22598233    0.19102169    0.19180989    0.19711777    0.17858450    0.09395295    0.09653844    0.00000000    0.02242071    0.11252073    0.08994694    0.12531920    0.13464412    0.11043529    0.16759492
T18            0.18281349    0.21785462    0.21907760    0.23686426    0.21649132    0.21424200    0.24578598    0.24043079    0.20728047    0.23479547    0.19378812    0.19683936    0.20560623    0.18131318    0.10095007    0.10361876    0.02242071    0.00000000    0.11491471    0.10174835    0.13532937    0.14475552    0.11766977    0.17562688
T15            0.22442562    0.27960880    0.28723294    0.30029322    0.27561394    0.27322505    0.29903549    0.28930482    0.25270948    0.27382340    0.24431018    0.23574634    0.24785994    0.22805437    0.14326123    0.14607737    0.11252073    0.11491471    0.00000000    0.08290607    0.16873516    0.17600451    0.15308142    0.22779137
T17            0.19031453    0.24600182    0.25948482    0.27213210    0.24828136    0.24600182    0.28283165    0.27404069    0.23184038    0.26034595    0.24447209    0.23578544    0.25136479    0.22824354    0.12981125    0.13280789    0.08994694    0.10174835    0.08290607    0.00000000    0.15487273    0.16454181    0.14172108    0.20756348
T3             0.20445120    0.22599454    0.24217122    0.25136479    0.22754903    0.22233274    0.25489450    0.26106080    0.21527876    0.24310335    0.21359613    0.20472610    0.21071768    0.19800718    0.12205379    0.12486861    0.12531920    0.13532937    0.16873516    0.15487273    0.00000000    0.08100627    0.08061650    0.19711777
T23            0.20344459    0.25488379    0.27489936    0.27812241    0.25327971    0.25096834    0.26895119    0.26968205    0.22280337    0.24785994    0.22046934    0.21556769    0.22167329    0.20472610    0.12651654    0.12927177    0.13464412    0.14475552    0.17600451    0.16454181    0.08100627    0.00000000    0.09178908    0.19054120
T13            0.17968655    0.23122548    0.25058205    0.25989000    0.23280366    0.23051312    0.26274681    0.25118178    0.19283281    0.21966775    0.20957164    0.20418557    0.20728047    0.19180989    0.10991082    0.11252073    0.11043529    0.11766977    0.15308142    0.14172108    0.08061650    0.09178908    0.00000000    0.18056327
T7             0.15141819    0.24751769    0.27045593    0.27362748    0.24611195    0.24376751    0.28684505    0.27802606    0.23714017    0.26583933    0.21214585    0.21527876    0.21845437    0.19054120    0.16644294    0.16962179    0.16759492    0.17562688    0.22779137    0.20756348    0.19711777    0.19054120    0.18056327    0.00000000

