24
T16            0.00000000    0.46523528    0.47773045    0.46435423    0.46435423    0.41766887    0.33387851    0.31314691    0.32739331    0.32687171    0.32340492    0.30733774    0.22801722    0.20724587    0.21524215    0.19555627    0.21582720    0.21841514    0.20752778    0.21609513    0.21609513    0.23414387    0.24243618    0.21702995
T23            0.46523528    0.00000000    0.03280888    0.02650544    0.02650544    0.20302681    0.45681380    0.46129306    0.47142072    0.44361266    0.44797430    0.43928886    0.53319129    0.51792883    0.51097430    0.49881050    0.51041290    0.51416142    0.49194723    0.50894432    0.50894432    0.50521643    0.52716664    0.51577620
T20            0.47773045    0.03280888    0.00000000    0.00806491    0.00806491    0.21130604    0.45142603    0.46480419    0.47037418    0.45142603    0.45584563    0.44270270    0.54207542    0.54169578    0.53431578    0.52171532    0.52892440    0.53276482    0.50036072    0.52229454    0.52229454    0.51850201    0.54094102    0.52934635
T8             0.46435423    0.02650544    0.00806491    0.00000000    0.00000000    0.20556855    0.44704528    0.45142603    0.45681380    0.43839763    0.44270270    0.42989749    0.52716664    0.52663584    0.51955374    0.50723872    0.51416142    0.51792883    0.48622479    0.50795768    0.50795768    0.50423335    0.52610645    0.51472866
T22            0.46435423    0.02650544    0.00806491    0.00000000    0.00000000    0.20556855    0.44704528    0.45142603    0.45681380    0.43839763    0.44270270    0.42989749    0.52716664    0.52663584    0.51955374    0.50723872    0.51416142    0.51792883    0.48622479    0.50795768    0.50795768    0.50423335    0.52610645    0.51472866
T5             0.41766887    0.20302681    0.21130604    0.20556855    0.20556855    0.00000000    0.41986447    0.39948002    0.42914021    0.39799680    0.41002919    0.39155412    0.45563214    0.44868719    0.44282871    0.43183131    0.44607451    0.44952509    0.42742555    0.46702276    0.46702276    0.47680652    0.50723872    0.46877320
T4             0.33387851    0.45681380    0.45142603    0.44704528    0.44704528    0.41986447    0.00000000    0.03277515    0.04988337    0.10113393    0.10349909    0.08502840    0.40704272    0.33934456    0.34897314    0.34791663    0.34760929    0.35065424    0.37047110    0.42434441    0.42434441    0.42663226    0.45037921    0.38363522
T3             0.31314691    0.46129306    0.46480419    0.45142603    0.45142603    0.39948002    0.03277515    0.00000000    0.02859774    0.08947359    0.09178393    0.07144861    0.38746091    0.32194896    0.33133159    0.33039952    0.33334443    0.33633832    0.36293448    0.40429077    0.40429077    0.40633274    0.42921817    0.36861953
T6             0.32739331    0.47142072    0.47037418    0.45681380    0.45681380    0.42914021    0.04988337    0.02859774    0.00000000    0.10576549    0.10814760    0.08955239    0.39981033    0.33282269    0.34236325    0.34133223    0.33741920    0.34042582    0.36735582    0.41291338    0.41291338    0.41917211    0.44263990    0.37038613
T15            0.32687171    0.44361266    0.45142603    0.43839763    0.43839763    0.39799680    0.10113393    0.08947359    0.10576549    0.00000000    0.01420041    0.03277515    0.39013362    0.33581652    0.34539452    0.34436361    0.35124023    0.35429841    0.37047110    0.40037509    0.40037509    0.40237021    0.40891919    0.36607198
T14            0.32340492    0.44797430    0.45584563    0.44270270    0.44270270    0.41002919    0.10349909    0.09178393    0.10814760    0.01420041    0.00000000    0.03488963    0.38624808    0.33231328    0.34897314    0.34083573    0.34760929    0.35065424    0.36668854    0.39648994    0.39648994    0.39843893    0.41291338    0.36238761
T17            0.30733774    0.43928886    0.44270270    0.42989749    0.42989749    0.39155412    0.08502840    0.07144861    0.08955239    0.03277515    0.03488963    0.00000000    0.37476997    0.31268470    0.32194896    0.32103885    0.33089671    0.33387851    0.34575941    0.37864459    0.37864459    0.38045644    0.40237021    0.34539452
T1             0.22801722    0.53319129    0.54207542    0.52716664    0.52716664    0.45563214    0.40704272    0.38746091    0.39981033    0.39013362    0.38624808    0.37476997    0.00000000    0.11766001    0.12472348    0.10784588    0.11092853    0.11320864    0.13983089    0.19809096    0.19809096    0.20441795    0.20389804    0.17451675
T13            0.20724587    0.51792883    0.54169578    0.52663584    0.52663584    0.44868719    0.33934456    0.32194896    0.33282269    0.33581652    0.33231328    0.31268470    0.11766001    0.00000000    0.01007287    0.03066961    0.06067445    0.06282583    0.11107275    0.15912094    0.15912094    0.15706481    0.16715565    0.12692540
T11            0.21524215    0.51097430    0.53431578    0.51955374    0.51955374    0.44282871    0.34897314    0.33133159    0.34236325    0.34539452    0.34897314    0.32194896    0.12472348    0.01007287    0.00000000    0.03694708    0.06498406    0.06714918    0.11807769    0.16138243    0.16138243    0.15929586    0.16940675    0.12914697
T10            0.19555627    0.49881050    0.52171532    0.50723872    0.50723872    0.43183131    0.34791663    0.33039952    0.34133223    0.34436361    0.34083573    0.32103885    0.10784588    0.03066961    0.03694708    0.00000000    0.05399195    0.05613285    0.09419465    0.15396254    0.15396254    0.15189289    0.16190204    0.12204470
T21            0.21582720    0.51041290    0.52892440    0.51416142    0.51416142    0.44607451    0.34760929    0.33334443    0.33741920    0.35124023    0.34760929    0.33089671    0.11092853    0.06067445    0.06498406    0.05399195    0.00000000    0.00602723    0.11627681    0.17001460    0.17001460    0.16802340    0.17560126    0.13965936
T2             0.21841514    0.51416142    0.53276482    0.51792883    0.51792883    0.44952509    0.35065424    0.33633832    0.34042582    0.35429841    0.35065424    0.33387851    0.11320864    0.06282583    0.06714918    0.05613285    0.00602723    0.00000000    0.11856416    0.17246523    0.17246523    0.17046276    0.17806491    0.14202285
T12            0.20752778    0.49194723    0.50036072    0.48622479    0.48622479    0.42742555    0.37047110    0.36293448    0.36735582    0.37047110    0.36668854    0.34575941    0.13983089    0.11107275    0.11807769    0.09419465    0.11627681    0.11856416    0.00000000    0.15006908    0.15006908    0.14811190    0.15071148    0.12796087
T0             0.21609513    0.50894432    0.52229454    0.50795768    0.50795768    0.46702276    0.42434441    0.40429077    0.41291338    0.40037509    0.39648994    0.37864459    0.19809096    0.15912094    0.16138243    0.15396254    0.17001460    0.17246523    0.15006908    0.00000000    0.00000000    0.09439596    0.10361097    0.11500926
T18            0.21609513    0.50894432    0.52229454    0.50795768    0.50795768    0.46702276    0.42434441    0.40429077    0.41291338    0.40037509    0.39648994    0.37864459    0.19809096    0.15912094    0.16138243    0.15396254    0.17001460    0.17246523    0.15006908    0.00000000    0.00000000    0.09439596    0.10361097    0.11500926
T7             0.23414387    0.50521643    0.51850201    0.50423335    0.50423335    0.47680652    0.42663226    0.40633274    0.41917211    0.40237021    0.39843893    0.38045644    0.20441795    0.15706481    0.15929586    0.15189289    0.16802340    0.17046276    0.14811190    0.09439596    0.09439596    0.00000000    0.03701312    0.10838670
T19            0.24243618    0.52716664    0.54094102    0.52610645    0.52610645    0.50723872    0.45037921    0.42921817    0.44263990    0.40891919    0.41291338    0.40237021    0.20389804    0.16715565    0.16940675    0.16190204    0.17560126    0.17806491    0.15071148    0.10361097    0.10361097    0.03701312    0.00000000    0.11779155
T9             0.21702995    0.51577620    0.52934635    0.51472866    0.51472866    0.46877320    0.38363522    0.36861953    0.37038613    0.36607198    0.36238761    0.34539452    0.17451675    0.12692540    0.12914697    0.12204470    0.13965936    0.14202285    0.12796087    0.11500926    0.11500926    0.10838670    0.11779155    0.00000000

