24
T2             0.00000000    0.45912884    0.41766875    0.42174473    0.38501205    0.38241166    0.38301627    0.41086418    0.39453807    0.46533969    0.45646897    0.44399936    0.45320280    0.16583200    0.16536148    0.16513885    0.29080650    0.24185527    0.12718179    0.11282639    0.11054106    0.12215680    0.14355681    0.13631704
T15            0.45912884    0.00000000    0.25052668    0.27250768    0.24908896    0.22594300    0.23444254    0.25450008    0.23507039    0.31268431    0.29208892    0.26578514    0.26854724    0.42099888    0.41153219    0.42289521    0.58457116    0.55841821    0.52892568    0.49048892    0.48227052    0.46099789    0.54207580    0.53208697
T18            0.41766875    0.25052668    0.00000000    0.06098899    0.08751136    0.07395570    0.07614097    0.09195958    0.07195791    0.17119908    0.16229088    0.13261670    0.12995293    0.39476889    0.37038593    0.38108786    0.55470549    0.50250539    0.46445040    0.44435486    0.43666289    0.40102504    0.49048892    0.48323291
T4             0.42174473    0.27250768    0.06098899    0.00000000    0.09450759    0.08079207    0.08299296    0.09898859    0.08343115    0.17935966    0.17023437    0.14019805    0.13747698    0.41081320    0.38557403    0.39657072    0.58968225    0.53431638    0.46187919    0.44435486    0.43666289    0.39712457    0.48132573    0.47415293
T16            0.38501205    0.24908896    0.08751136    0.09450759    0.00000000    0.02444431    0.03064678    0.04757018    0.04977473    0.13983086    0.12926115    0.10103505    0.10094376    0.37038593    0.34740694    0.35149459    0.56824576    0.49679300    0.45384865    0.43417661    0.42663245    0.38821709    0.48400792    0.47232799
T14            0.38241166    0.22594300    0.07395570    0.08079207    0.02444431    0.00000000    0.01822298    0.03483260    0.03485786    0.12268439    0.11251312    0.08495286    0.08488466    0.36045322    0.33781611    0.34184093    0.54207580    0.48046397    0.44692658    0.42742590    0.41994667    0.38182101    0.47680655    0.46523542
T22            0.38301627    0.23444254    0.07614097    0.08299296    0.03064678    0.01822298    0.00000000    0.03692384    0.03907052    0.12746995    0.11962194    0.09178382    0.08940200    0.35489799    0.33231292    0.33633811    0.55108227    0.48582184    0.44779449    0.42823470    0.42073610    0.37864385    0.46435419    0.45299184
T0             0.41086418    0.25450008    0.09195958    0.09898859    0.04757018    0.03483260    0.03692384    0.00000000    0.05621607    0.14711550    0.13892272    0.11032075    0.10784569    0.38426731    0.36074231    0.36493459    0.58170567    0.50884311    0.46083581    0.44523903    0.43337911    0.40237983    0.50052735    0.48856832
T8             0.39453807    0.23507039    0.07195791    0.08343115    0.04977473    0.03485786    0.03907052    0.05621607    0.00000000    0.13064820    0.12009438    0.09450759    0.09205844    0.37989704    0.35620813    0.36666015    0.57737643    0.50894411    0.44779449    0.43666289    0.42905884    0.38620817    0.47773069    0.47509125
T21            0.46533969    0.31268431    0.17119908    0.17935966    0.13983086    0.12268439    0.12746995    0.14711550    0.13064820    0.00000000    0.08290119    0.05639204    0.05413307    0.41766875    0.40429013    0.40756980    0.64570054    0.59705331    0.54560299    0.51792962    0.50933681    0.46888458    0.55623128    0.55347667
T11            0.45646897    0.29208892    0.16229088    0.17023437    0.12926115    0.11251312    0.11962194    0.13892272    0.12009438    0.08290119    0.00000000    0.02440581    0.03485786    0.41225723    0.39192729    0.40276771    0.64273857    0.58389303    0.52125779    0.51370015    0.50521634    0.46571607    0.53660682    0.53873321
T20            0.44399936    0.26578514    0.13261670    0.14019805    0.10103505    0.08495286    0.09178382    0.11032075    0.09450759    0.05639204    0.02440581    0.00000000    0.01008421    0.40037439    0.38013298    0.39085891    0.63092830    0.55732261    0.51577655    0.49881083    0.49048892    0.45166602    0.53100230    0.52824684
T10            0.45320280    0.26854724    0.12995293    0.13747698    0.10094376    0.08488466    0.08940200    0.10784569    0.09205844    0.05413307    0.03485786    0.01008421    0.00000000    0.40891877    0.38821709    0.39911678    0.62655414    0.55334837    0.51684349    0.49982377    0.49147617    0.45242615    0.53208697    0.52934683
T12            0.16583200    0.42099888    0.39476889    0.41081320    0.37038593    0.36045322    0.35489799    0.38426731    0.37989704    0.41766875    0.41225723    0.40037439    0.40891877    0.00000000    0.03710518    0.03492787    0.32256923    0.26175893    0.19392125    0.17503432    0.16177279    0.18517540    0.21711057    0.20907617
T19            0.16536148    0.41153219    0.37038593    0.38557403    0.34740694    0.33781611    0.33231292    0.36074231    0.35620813    0.40429013    0.39192729    0.38013298    0.38821709    0.03710518    0.00000000    0.01822298    0.31803555    0.25791408    0.18765611    0.17993781    0.16660059    0.18182603    0.21936067    0.21130621
T7             0.16513885    0.42289521    0.38108786    0.39657072    0.35149459    0.34184093    0.33633811    0.36493459    0.36666015    0.40756980    0.40276771    0.39085891    0.39911678    0.03492787    0.01822298    0.00000000    0.31752604    0.25756236    0.19294979    0.17964445    0.16633605    0.18155087    0.21324865    0.20526717
T5             0.29080650    0.58457116    0.55470549    0.58968225    0.56824576    0.54207580    0.55108227    0.58170567    0.57737643    0.64570054    0.64273857    0.63092830    0.62655414    0.32256923    0.31803555    0.31752604    0.00000000    0.14694062    0.32096901    0.32903112    0.30982623    0.32496956    0.33987877    0.33387849
T6             0.24185527    0.55841821    0.50250539    0.53431638    0.49679300    0.48046397    0.48582184    0.50884311    0.50894411    0.59705331    0.58389303    0.55732261    0.55334837    0.26175893    0.25791408    0.25756236    0.14694062    0.00000000    0.25450008    0.25519494    0.24038477    0.25416823    0.27098413    0.26544699
T13            0.12718179    0.52892568    0.46445040    0.46187919    0.45384865    0.44692658    0.44779449    0.46083581    0.44779449    0.54560299    0.52125779    0.51577655    0.51684349    0.19392125    0.18765611    0.19294979    0.32096901    0.25450008    0.00000000    0.05876107    0.04566013    0.09439593    0.12227697    0.11282639
T9             0.11282639    0.49048892    0.44435486    0.44435486    0.43417661    0.42742590    0.42823470    0.44523903    0.43666289    0.51792962    0.51370015    0.49881083    0.49982377    0.17503432    0.17993781    0.17964445    0.32903112    0.25519494    0.05876107    0.00000000    0.02447308    0.08994047    0.11765992    0.10826331
T23            0.11054106    0.48227052    0.43666289    0.43666289    0.42663245    0.41994667    0.42073610    0.43337911    0.42905884    0.50933681    0.50521634    0.49048892    0.49147617    0.16177279    0.16660059    0.16633605    0.30982623    0.24038477    0.04566013    0.02447308    0.00000000    0.07169759    0.10339461    0.09419457
T1             0.12215680    0.46099789    0.40102504    0.39712457    0.38821709    0.38182101    0.37864385    0.40237983    0.38620817    0.46888458    0.46571607    0.45166602    0.45242615    0.18517540    0.18182603    0.18155087    0.32496956    0.25416823    0.09439593    0.08994047    0.07169759    0.00000000    0.09439593    0.08529805
T3             0.14355681    0.54207580    0.49048892    0.48132573    0.48400792    0.47680655    0.46435419    0.50052735    0.47773069    0.55623128    0.53660682    0.53100230    0.53208697    0.21711057    0.21936067    0.21324865    0.33987877    0.27098413    0.12227697    0.11765992    0.10339461    0.09439593    0.00000000    0.01620830
T17            0.13631704    0.53208697    0.48323291    0.47415293    0.47232799    0.46523542    0.45299184    0.48856832    0.47509125    0.55347667    0.53873321    0.52824684    0.52934683    0.20907617    0.21130621    0.20526717    0.33387849    0.26544699    0.11282639    0.10826331    0.09419457    0.08529805    0.01620830    0.00000000

