24
T20            0.00000000    0.24670577    0.27987320    0.24135783    0.25011157    0.25011157    0.27127892    0.31745902    0.29818865    0.24334700    0.31848669    0.31113230    0.27245505    0.31265577    0.28956799    0.28353541    0.27074791    0.24182544    0.22071752    0.21520044    0.23490001    0.27207081    0.14676247    0.12484903
T3             0.24670577    0.00000000    0.14254421    0.19180494    0.20530636    0.20530636    0.21774561    0.24325148    0.21791301    0.18865182    0.23543387    0.25837635    0.20829994    0.24128628    0.25943439    0.24786954    0.22151656    0.21182586    0.19236619    0.18443657    0.19198281    0.23062829    0.20721981    0.18822194
T14            0.27987320    0.14254421    0.00000000    0.21208581    0.22329626    0.22329626    0.25350076    0.27162469    0.25991388    0.21416121    0.28188252    0.27198129    0.22650716    0.26060284    0.27559254    0.26361078    0.23117755    0.22746999    0.20721981    0.19904392    0.20951219    0.24067621    0.23188507    0.20972683
T12            0.24135783    0.19180494    0.21208581    0.00000000    0.02031435    0.02031435    0.09887539    0.11822341    0.09685603    0.12400089    0.18407891    0.17132303    0.13406718    0.17412864    0.17789044    0.16767295    0.13610077    0.16269714    0.14455081    0.14185012    0.14422322    0.19122315    0.18233624    0.17512336
T22            0.25011157    0.20530636    0.22329626    0.02031435    0.00000000    0.00000000    0.10134802    0.12084932    0.09935075    0.13364291    0.19470178    0.17908597    0.13891368    0.17926391    0.17798678    0.17272033    0.14094915    0.17312720    0.15464480    0.15188007    0.15428091    0.20212136    0.19576653    0.19122315
T5             0.25011157    0.20530636    0.22329626    0.02031435    0.00000000    0.00000000    0.10134802    0.12084932    0.09935075    0.13364291    0.19470178    0.17908597    0.13891368    0.17926391    0.17798678    0.17272033    0.14094915    0.17312720    0.15464480    0.15188007    0.15428091    0.20212136    0.19576653    0.19122315
T15            0.27127892    0.21774561    0.25350076    0.09887539    0.10134802    0.10134802    0.00000000    0.13729285    0.11995713    0.16569512    0.21008949    0.20235310    0.17363717    0.21088101    0.20715940    0.20155050    0.17860586    0.20084157    0.18713355    0.18425322    0.18676135    0.23089796    0.22723488    0.21960762
T21            0.31745902    0.24325148    0.27162469    0.11822341    0.12084932    0.12084932    0.13729285    0.00000000    0.10134802    0.18627149    0.23208739    0.23860665    0.20039428    0.23062829    0.24303079    0.23703626    0.20829994    0.23570205    0.21521450    0.21780442    0.21809028    0.27392585    0.26719979    0.25011157
T10            0.29818865    0.21791301    0.25991388    0.09685603    0.09935075    0.09935075    0.11995713    0.10134802    0.00000000    0.17074855    0.21547477    0.22174147    0.18175410    0.21066867    0.22865241    0.22286224    0.19180494    0.21006285    0.19600695    0.19300991    0.19005228    0.23768854    0.23089796    0.22329626
T19            0.24334700    0.18865182    0.21416121    0.12400089    0.13364291    0.13364291    0.16569512    0.18627149    0.17074855    0.00000000    0.12193348    0.15849467    0.12704144    0.16188759    0.16783951    0.15775386    0.13394892    0.17534839    0.15686621    0.15411147    0.15652233    0.20439288    0.21550154    0.19399516
T7             0.31848669    0.23543387    0.28188252    0.18407891    0.19470178    0.19470178    0.21008949    0.23208739    0.21547477    0.12193348    0.00000000    0.22854071    0.20184704    0.23239448    0.23187974    0.22071585    0.19576653    0.22815998    0.20212136    0.20466600    0.20158188    0.25978262    0.28552054    0.26799092
T9             0.31113230    0.25837635    0.27198129    0.17132303    0.17908597    0.17908597    0.20235310    0.23860665    0.22174147    0.15849467    0.22854071    0.00000000    0.10624383    0.13729285    0.14085349    0.13111745    0.09634492    0.23078019    0.21035217    0.20721981    0.20412898    0.25011157    0.26840231    0.25666417
T13            0.27245505    0.20829994    0.22650716    0.13406718    0.13891368    0.13891368    0.17363717    0.20039428    0.18175410    0.12704144    0.20184704    0.10624383    0.00000000    0.09711176    0.10304824    0.09381722    0.06960315    0.18485042    0.16848896    0.16557465    0.17337074    0.21742110    0.24245479    0.22367881
T23            0.31265577    0.24128628    0.26060284    0.17412864    0.17926391    0.17926391    0.21088101    0.23062829    0.21066867    0.16188759    0.23239448    0.13729285    0.09711176    0.00000000    0.12174897    0.11226470    0.08289755    0.21707779    0.20269737    0.19958581    0.20779141    0.25519907    0.27522107    0.25250453
T6             0.28956799    0.25943439    0.27559254    0.17789044    0.17798678    0.17798678    0.20715940    0.24303079    0.22865241    0.16783951    0.23187974    0.14085349    0.10304824    0.12174897    0.00000000    0.00805155    0.07350827    0.22301283    0.20595351    0.20294877    0.21110292    0.26025310    0.27030688    0.24778149
T8             0.28353541    0.24786954    0.26361078    0.16767295    0.17272033    0.17272033    0.20155050    0.23703626    0.22286224    0.15775386    0.22071585    0.13111745    0.09381722    0.11226470    0.00805155    0.00000000    0.06471710    0.21182586    0.19510010    0.19216990    0.20018460    0.24839607    0.26446061    0.24210844
T0             0.27074791    0.22151656    0.23117755    0.13610077    0.14094915    0.14094915    0.17860586    0.20829994    0.19180494    0.13394892    0.19576653    0.09634492    0.06960315    0.08289755    0.07350827    0.06471710    0.00000000    0.17558206    0.16490859    0.16207733    0.16188759    0.21900482    0.23207551    0.21065078
T18            0.24182544    0.21182586    0.22746999    0.16269714    0.17312720    0.17312720    0.20084157    0.23570205    0.21006285    0.17534839    0.22815998    0.23078019    0.18485042    0.21707779    0.22301283    0.21182586    0.17558206    0.00000000    0.02660434    0.02447269    0.05229237    0.09073182    0.21160213    0.19011944
T16            0.22071752    0.19236619    0.20721981    0.14455081    0.15464480    0.15464480    0.18713355    0.21521450    0.19600695    0.15686621    0.20212136    0.21035217    0.16848896    0.20269737    0.20595351    0.19510010    0.16490859    0.02660434    0.00000000    0.00602721    0.03710422    0.07904506    0.20585026    0.18180294
T1             0.21520044    0.18443657    0.19904392    0.14185012    0.15188007    0.15188007    0.18425322    0.21780442    0.19300991    0.15411147    0.20466600    0.20721981    0.16557465    0.19958581    0.20294877    0.19216990    0.16207733    0.02447269    0.00602721    0.00000000    0.03492715    0.07662242    0.20046656    0.17660262
T17            0.23490001    0.19198281    0.20951219    0.14422322    0.15428091    0.15428091    0.18676135    0.21809028    0.19005228    0.15652233    0.20158188    0.20412898    0.17337074    0.20779141    0.21110292    0.20018460    0.16188759    0.05229237    0.03710422    0.03492715    0.00000000    0.08342617    0.20585026    0.18180294
T2             0.27207081    0.23062829    0.24067621    0.19122315    0.20212136    0.20212136    0.23089796    0.27392585    0.23768854    0.20439288    0.25978262    0.25011157    0.21742110    0.25519907    0.26025310    0.24839607    0.21900482    0.09073182    0.07904506    0.07662242    0.08342617    0.00000000    0.26105169    0.23490001
T11            0.14676247    0.20721981    0.23188507    0.18233624    0.19576653    0.19576653    0.22723488    0.26719979    0.23089796    0.21550154    0.28552054    0.26840231    0.24245479    0.27522107    0.27030688    0.26446061    0.23207551    0.21160213    0.20585026    0.20046656    0.20585026    0.26105169    0.00000000    0.05399071
T4             0.12484903    0.18822194    0.20972683    0.17512336    0.19122315    0.19122315    0.21960762    0.25011157    0.22329626    0.19399516    0.26799092    0.25666417    0.22367881    0.25250453    0.24778149    0.24210844    0.21065078    0.19011944    0.18180294    0.17660262    0.18180294    0.23490001    0.05399071    0.00000000

