24
T15            0.00000000    0.43576355    0.42774865    0.47055086    0.45501209    0.45501209    0.45481880    0.45892478    0.47931403    0.48361471    0.47144954    0.41613195    0.41218767    0.38757857    0.35348316    0.34501174    0.35759341    0.35399068    0.38437425    0.40095306    0.44089454    0.42836677    0.41171086    0.35916737
T14            0.43576355    0.00000000    0.06735629    0.08750848    0.08289872    0.08289872    0.09887704    0.10123639    0.10329439    0.10094066    0.10103175    0.14455459    0.14201514    0.26266804    0.22826912    0.23973927    0.23738226    0.24036137    0.25992632    0.27313066    0.35852057    0.32842145    0.31611908    0.25897119
T21            0.42774865    0.06735629    0.00000000    0.04549503    0.04120254    0.04120254    0.08954973    0.09186525    0.09643387    0.09410212    0.09186525    0.14931861    0.14676618    0.25654547    0.23118720    0.23677790    0.23442084    0.23738226    0.25382243    0.26371524    0.33576700    0.30683407    0.29161934    0.24694722
T19            0.47055086    0.08750848    0.04549503    0.00000000    0.02857267    0.02857267    0.11753135    0.11995955    0.11961763    0.11720707    0.11730738    0.15669428    0.15411549    0.27831163    0.24840743    0.25481579    0.25552985    0.26097638    0.27793474    0.29820700    0.36719992    0.33329430    0.31748020    0.26754316
T23            0.45501209    0.08289872    0.04120254    0.02857267    0.00000000    0.00000000    0.11031686    0.11271011    0.11242063    0.11004453    0.11012761    0.15124915    0.14870980    0.28073699    0.24840743    0.25788657    0.25552985    0.26097638    0.27793474    0.29490229    0.37093780    0.33682087    0.32092168    0.27063276
T20            0.45501209    0.08289872    0.04120254    0.02857267    0.00000000    0.00000000    0.11031686    0.11271011    0.11242063    0.11004453    0.11012761    0.15124915    0.14870980    0.28073699    0.24840743    0.25788657    0.25552985    0.26097638    0.27793474    0.29490229    0.37093780    0.33682087    0.32092168    0.27063276
T2             0.45481880    0.09887704    0.08954973    0.11753135    0.11031686    0.11031686    0.00000000    0.00200402    0.09851991    0.09619364    0.09394539    0.17117068    0.16855824    0.29169598    0.26202303    0.27095705    0.26851963    0.27721390    0.28815820    0.31511617    0.40095306    0.36176935    0.35252239    0.28095263
T1             0.45892478    0.10123639    0.09186525    0.11995955    0.11271011    0.11271011    0.00200402    0.00000000    0.10085708    0.09851991    0.09626626    0.17379687    0.17117068    0.29491514    0.26509367    0.27407566    0.27163829    0.28037201    0.29134646    0.31849913    0.40488209    0.36543838    0.35615148    0.28407104
T12            0.47931403    0.10329439    0.09643387    0.11961763    0.11242063    0.11242063    0.09851991    0.10085708    0.00000000    0.00200402    0.00805157    0.18194470    0.17926918    0.29387014    0.27031940    0.27934367    0.27687000    0.28637460    0.29742600    0.31219363    0.39256779    0.36122236    0.34482175    0.29323150
T0             0.48361471    0.10094066    0.09410212    0.11720707    0.11004453    0.11004453    0.09619364    0.09851991    0.00200402    0.00000000    0.00602722    0.17926918    0.17660794    0.29707886    0.27341858    0.28249174    0.28001811    0.28958348    0.30066602    0.31556519    0.39642089    0.36487790    0.34838596    0.29641966
T10            0.47144954    0.10103175    0.09186525    0.11730738    0.11012761    0.11012761    0.09394539    0.09626626    0.00805157    0.00602722    0.00000000    0.17678779    0.17413361    0.29420690    0.27374163    0.27967532    0.27721390    0.28674887    0.29778480    0.31264310    0.39318666    0.36176935    0.34534251    0.29354500
T6             0.41613195    0.14455459    0.14931861    0.15669428    0.15124915    0.15124915    0.17117068    0.17379687    0.18194470    0.17926918    0.17678779    0.00000000    0.00603639    0.26212070    0.23342148    0.24439399    0.23678596    0.23981041    0.26252298    0.29033600    0.36697533    0.33983139    0.32861141    0.25282201
T7             0.41218767    0.14201514    0.14676618    0.15411549    0.14870980    0.14870980    0.16855824    0.17117068    0.17926918    0.17660794    0.17413361    0.00603639    0.00000000    0.25900183    0.23044224    0.24136964    0.23377975    0.23678596    0.25939430    0.28368178    0.35938486    0.33257209    0.32500787    0.24671783
T11            0.38757857    0.26266804    0.25654547    0.27831163    0.28073699    0.28073699    0.29169598    0.29491514    0.29387014    0.29707886    0.29420690    0.26212070    0.25900183    0.00000000    0.05831575    0.07144716    0.06055691    0.07155738    0.08710556    0.28928877    0.31836302    0.30222473    0.29033600    0.23769941
T17            0.35348316    0.22826912    0.23118720    0.24840743    0.24840743    0.24840743    0.26202303    0.26509367    0.27031940    0.27341858    0.27374163    0.23342148    0.23044224    0.05831575    0.00000000    0.04112564    0.03064653    0.04545354    0.06046822    0.24759470    0.28699779    0.26388411    0.26116941    0.19931810
T3             0.34501174    0.23973927    0.23677790    0.25481579    0.25788657    0.25788657    0.27095705    0.27407566    0.27934367    0.28249174    0.27967532    0.24439399    0.24136964    0.07144716    0.04112564    0.00000000    0.02648482    0.05835870    0.07363527    0.25168069    0.30454760    0.28317490    0.27811749    0.21209405
T8             0.35759341    0.23738226    0.23442084    0.25552985    0.25552985    0.25552985    0.26851963    0.27163829    0.27687000    0.28001811    0.27721390    0.23678596    0.23377975    0.06055691    0.03064653    0.02648482    0.00000000    0.04765521    0.06050912    0.25654679    0.29315633    0.27208927    0.27036570    0.20467418
T22            0.35399068    0.24036137    0.23738226    0.26097638    0.26097638    0.26097638    0.27721390    0.28037201    0.28637460    0.28958348    0.28674887    0.23981041    0.23678596    0.07155738    0.04545354    0.05835870    0.04765521    0.00000000    0.05185704    0.25026928    0.29992336    0.27535115    0.27036570    0.20750948
T5             0.38437425    0.25992632    0.25382243    0.27793474    0.27793474    0.27793474    0.28815820    0.29134646    0.29742600    0.30066602    0.29778480    0.26252298    0.25939430    0.08710556    0.06046822    0.07363527    0.06050912    0.05185704    0.00000000    0.27662990    0.31313913    0.28141165    0.27863450    0.22390186
T13            0.40095306    0.27313066    0.26371524    0.29820700    0.29490229    0.29490229    0.31511617    0.31849913    0.31219363    0.31556519    0.31264310    0.29033600    0.28368178    0.28928877    0.24759470    0.25168069    0.25654679    0.25026928    0.27662990    0.00000000    0.18153555    0.16149272    0.17532076    0.11593592
T18            0.44089454    0.35852057    0.33576700    0.36719992    0.37093780    0.37093780    0.40095306    0.40488209    0.39256779    0.39642089    0.39318666    0.36697533    0.35938486    0.31836302    0.28699779    0.30454760    0.29315633    0.29992336    0.31313913    0.18153555    0.00000000    0.04327710    0.11535802    0.16734866
T16            0.42836677    0.32842145    0.30683407    0.33329430    0.33682087    0.33682087    0.36176935    0.36543838    0.36122236    0.36487790    0.36176935    0.33983139    0.33257209    0.30222473    0.26388411    0.28317490    0.27208927    0.27535115    0.28141165    0.16149272    0.04327710    0.00000000    0.08993716    0.14254822
T4             0.41171086    0.31611908    0.29161934    0.31748020    0.32092168    0.32092168    0.35252239    0.35615148    0.34482175    0.34838596    0.34534251    0.32861141    0.32500787    0.29033600    0.26116941    0.27811749    0.27036570    0.27036570    0.27863450    0.17532076    0.11535802    0.08993716    0.00000000    0.15570434
T9             0.35916737    0.25897119    0.24694722    0.26754316    0.27063276    0.27063276    0.28095263    0.28407104    0.29323150    0.29641966    0.29354500    0.25282201    0.24671783    0.23769941    0.19931810    0.21209405    0.20467418    0.20750948    0.22390186    0.11593592    0.16734866    0.14254822    0.15570434    0.00000000

