24
T19            0.00000000    0.37275908    0.37335852    0.32278864    0.36029737    0.42822746    0.37907036    0.34222929    0.33076438    0.30343297    0.32971459    0.29725484    0.29397390    0.19146610    0.19173546    0.19173546    0.18425940    0.18425940    0.18050228    0.21062830    0.17658531    0.17989405    0.17556701    0.18074143
T8             0.37275908    0.00000000    0.05852640    0.25781112    0.26968557    0.33976083    0.26561149    0.23541281    0.23912357    0.22412583    0.25650547    0.43969594    0.41030618    0.29836468    0.29865030    0.29865030    0.31926548    0.31926548    0.31190126    0.35908602    0.34935995    0.35390722    0.34843904    0.35504585
T21            0.37335852    0.05852640    0.00000000    0.26413906    0.28879774    0.36060181    0.28119505    0.25288634    0.23940847    0.23299801    0.25988379    0.45274557    0.42147715    0.30506433    0.30538253    0.30538253    0.32303278    0.32303278    0.31555528    0.34538153    0.33930511    0.34374076    0.33843185    0.34493990
T10            0.32278864    0.25781112    0.26413906    0.00000000    0.16674690    0.24064859    0.16349730    0.16712761    0.15764201    0.13711991    0.15723224    0.42130581    0.40428521    0.27119758    0.27143073    0.27143073    0.27219739    0.27219739    0.27781327    0.31156183    0.30794368    0.31212866    0.32303278    0.32940800
T20            0.36029737    0.26968557    0.28879774    0.16674690    0.00000000    0.19703963    0.11259938    0.18752729    0.18050228    0.15635371    0.18005019    0.45917656    0.43009091    0.31779606    0.32481611    0.32146941    0.32940800    0.32940800    0.31926548    0.35196286    0.33976083    0.34423424    0.34326003    0.34983993
T17            0.42822746    0.33976083    0.36060181    0.24064859    0.19703963    0.00000000    0.14017566    0.26168038    0.25974648    0.22880763    0.24971731    0.53448142    0.51320943    0.39607021    0.40428521    0.40428521    0.41397912    0.41397912    0.40100971    0.43822966    0.39833750    0.40345327    0.41539564    0.42270374
T9             0.37907036    0.26561149    0.28119505    0.16349730    0.11259938    0.14017566    0.00000000    0.18139917    0.17165159    0.16091925    0.17659108    0.46347349    0.42607075    0.32308546    0.32673083    0.32673083    0.33801435    0.33801435    0.32707556    0.37337773    0.35106943    0.35196286    0.36348742    0.37021273
T11            0.34222929    0.23541281    0.25288634    0.16712761    0.18752729    0.26168038    0.18139917    0.00000000    0.01617357    0.06282221    0.07403494    0.41269462    0.40371086    0.27755006    0.27781327    0.27781327    0.29129681    0.29129681    0.28432177    0.32858044    0.30025599    0.30425061    0.30863126    0.31484256
T1             0.33076438    0.23912357    0.23940847    0.15764201    0.18050228    0.25974648    0.17165159    0.01617357    0.00000000    0.05213314    0.06098406    0.41067154    0.40159863    0.26968557    0.26997600    0.26997600    0.28032304    0.28032304    0.27337507    0.31712647    0.28596167    0.28991396    0.29415675    0.30025599
T4             0.30343297    0.22412583    0.23299801    0.13711991    0.15635371    0.22880763    0.16091925    0.06282221    0.05213314    0.00000000    0.04994471    0.39509086    0.38637444    0.24571740    0.24593558    0.24593558    0.25561297    0.25561297    0.24911551    0.29095995    0.27962871    0.28349959    0.28778348    0.29382116
T23            0.32971459    0.25650547    0.25988379    0.15723224    0.18005019    0.24971731    0.17659108    0.07403494    0.06098406    0.04994471    0.00000000    0.42941175    0.41207491    0.27527593    0.27556330    0.26940613    0.27962871    0.27962871    0.27897880    0.31631667    0.30464113    0.30878180    0.31299219    0.31926548
T12            0.29725484    0.43969594    0.45274557    0.42130581    0.45917656    0.53448142    0.46347349    0.41269462    0.41067154    0.39509086    0.42941175    0.00000000    0.04549387    0.30343297    0.30966681    0.30966681    0.30770094    0.30770094    0.29682764    0.31505062    0.31448584    0.31791319    0.31169253    0.31798445
T13            0.29397390    0.41030618    0.42147715    0.40428521    0.43009091    0.51320943    0.42607075    0.40371086    0.40159863    0.38637444    0.41207491    0.04549387    0.00000000    0.29030856    0.29641180    0.29641180    0.29440161    0.29440161    0.28387349    0.30835687    0.30434275    0.30770094    0.29848154    0.30464113
T5             0.19146610    0.29836468    0.30506433    0.27119758    0.31779606    0.39607021    0.32308546    0.27755006    0.26968557    0.24571740    0.27527593    0.30343297    0.29030856    0.00000000    0.00805152    0.00805152    0.03914415    0.03914415    0.03690642    0.11281483    0.18027186    0.18346732    0.18481626    0.19003748
T22            0.19173546    0.29865030    0.30538253    0.27143073    0.32481611    0.40428521    0.32673083    0.27781327    0.26997600    0.24593558    0.27556330    0.30966681    0.29641180    0.00805152    0.00000000    0.00806478    0.03919132    0.03919132    0.03692295    0.11293403    0.18050228    0.18372264    0.18774448    0.19299393
T16            0.19173546    0.29865030    0.30538253    0.27143073    0.32146941    0.40428521    0.32673083    0.27781327    0.26997600    0.24593558    0.26940613    0.30966681    0.29641180    0.00805152    0.00806478    0.00000000    0.03919132    0.03919132    0.03692295    0.11293403    0.18050228    0.18372264    0.18774448    0.19299393
T18            0.18425940    0.31926548    0.32303278    0.27219739    0.32940800    0.41397912    0.33801435    0.29129681    0.28032304    0.25561297    0.27962871    0.30770094    0.29440161    0.03914415    0.03919132    0.03919132    0.00000000    0.00000000    0.01823225    0.11577084    0.18124579    0.18454080    0.18027186    0.18547236
T14            0.18425940    0.31926548    0.32303278    0.27219739    0.32940800    0.41397912    0.33801435    0.29129681    0.28032304    0.25561297    0.27962871    0.30770094    0.29440161    0.03914415    0.03919132    0.03919132    0.00000000    0.00000000    0.01823225    0.11577084    0.18124579    0.18454080    0.18027186    0.18547236
T15            0.18050228    0.31190126    0.31555528    0.27781327    0.31926548    0.40100971    0.32707556    0.28432177    0.27337507    0.24911551    0.27897880    0.29682764    0.28387349    0.03690642    0.03692295    0.03692295    0.01823225    0.01823225    0.00000000    0.10825205    0.17757542    0.18074143    0.17943795    0.18461539
T7             0.21062830    0.35908602    0.34538153    0.31156183    0.35196286    0.43822966    0.37337773    0.32858044    0.31712647    0.29095995    0.31631667    0.31505062    0.30835687    0.11281483    0.11293403    0.11293403    0.11577084    0.11577084    0.10825205    0.00000000    0.21033038    0.21381875    0.20411010    0.20949236
T0             0.17658531    0.34935995    0.33930511    0.30794368    0.33976083    0.39833750    0.35106943    0.30025599    0.28596167    0.27962871    0.30464113    0.31448584    0.30434275    0.18027186    0.18050228    0.18050228    0.18124579    0.18124579    0.17757542    0.21033038    0.00000000    0.01007279    0.03914415    0.04338649
T3             0.17989405    0.35390722    0.34374076    0.31212866    0.34423424    0.40345327    0.35196286    0.30425061    0.28991396    0.28349959    0.30878180    0.31791319    0.30770094    0.18346732    0.18372264    0.18372264    0.18454080    0.18454080    0.18074143    0.21381875    0.01007279    0.00000000    0.04559641    0.04988069
T6             0.17556701    0.34843904    0.33843185    0.32303278    0.34326003    0.41539564    0.36348742    0.30863126    0.29415675    0.28778348    0.31299219    0.31169253    0.29848154    0.18481626    0.18774448    0.18774448    0.18027186    0.18027186    0.17943795    0.20411010    0.03914415    0.04559641    0.00000000    0.00401105
T2             0.18074143    0.35504585    0.34493990    0.32940800    0.34983993    0.42270374    0.37021273    0.31484256    0.30025599    0.29382116    0.31926548    0.31798445    0.30464113    0.19003748    0.19299393    0.19299393    0.18547236    0.18547236    0.18461539    0.20949236    0.04338649    0.04988069    0.00401105    0.00000000

