24
T21            0.00000000    0.31608324    0.33336150    0.31997734    0.32996526    0.33899011    0.35048058    0.32061463    0.30846898    0.31271968    0.33183157    0.37925545    0.35931065    0.38766476    0.39407669    0.39479624    0.38309073    0.33799718    0.32741033    0.34346324    0.24372711    0.26412509    0.27317351    0.26764689
T9             0.31608324    0.00000000    0.06721235    0.06296636    0.09635012    0.12227866    0.12254270    0.17514547    0.15466185    0.18756507    0.21131353    0.24784942    0.21356352    0.20019731    0.20303370    0.20782554    0.19990267    0.18458963    0.17364810    0.19206362    0.18155626    0.20875538    0.18928262    0.18054173
T3             0.33336150    0.06721235    0.00000000    0.06744226    0.09868762    0.11984413    0.13714111    0.19099776    0.17806944    0.19809535    0.23193391    0.27620705    0.24023509    0.21970274    0.21678331    0.22751193    0.21645749    0.20081370    0.18956354    0.20843622    0.18376676    0.21388088    0.19429377    0.18599708
T23            0.31997734    0.06296636    0.06744226    0.00000000    0.09878092    0.13229018    0.13011741    0.18350995    0.16536559    0.19326876    0.22931519    0.26701884    0.22559344    0.20908373    0.21197782    0.21970274    0.20875538    0.19894479    0.18766244    0.20653551    0.17636104    0.21420756    0.19737698    0.18625265
T4             0.32996526    0.09635012    0.09868762    0.09878092    0.00000000    0.06296636    0.14423659    0.19809535    0.19832602    0.20855103    0.25053656    0.28601678    0.25594118    0.23574623    0.23874457    0.24071981    0.22948197    0.21356352    0.20215289    0.22718012    0.21325551    0.24176107    0.23013405    0.21842198
T16            0.33899011    0.12227866    0.11984413    0.13229018    0.06296636    0.00000000    0.17001848    0.22566650    0.22016220    0.23121429    0.26176933    0.30112499    0.28320706    0.25594118    0.25904206    0.25556757    0.24640732    0.22424360    0.21266761    0.23507829    0.22163877    0.25053656    0.23874457    0.22393011
T11            0.35048058    0.12254270    0.13714111    0.13011741    0.14423659    0.17001848    0.00000000    0.19832602    0.21325551    0.21496977    0.24479594    0.27121918    0.25016155    0.24517227    0.24823517    0.25016155    0.22980314    0.22263938    0.21099526    0.23645355    0.22163877    0.24071981    0.24710815    0.23805863
T14            0.32061463    0.17514547    0.19099776    0.18350995    0.19809535    0.22566650    0.19832602    0.00000000    0.11779327    0.12681042    0.21904343    0.26613968    0.24212809    0.22595477    0.23118498    0.23984768    0.23155463    0.20050099    0.18928262    0.21099526    0.19856591    0.22566650    0.21729344    0.20878496
T2             0.30846898    0.15466185    0.17806944    0.16536559    0.19832602    0.22016220    0.21325551    0.11779327    0.00000000    0.05617129    0.20725185    0.25632509    0.21812552    0.21388088    0.21904343    0.21583405    0.21936836    0.20019731    0.18901053    0.20782554    0.19654410    0.22948197    0.21524838    0.20954349
T1             0.31271968    0.18756507    0.19809535    0.19326876    0.20855103    0.23121429    0.21496977    0.12681042    0.05617129    0.00000000    0.22566650    0.27914287    0.24574713    0.24442962    0.24979671    0.24105691    0.24176107    0.22424360    0.21266761    0.22980314    0.21756122    0.25146492    0.23680627    0.23093362
T22            0.33183157    0.21131353    0.23193391    0.22931519    0.25053656    0.26176933    0.24479594    0.21904343    0.20725185    0.22566650    0.00000000    0.08123829    0.05450342    0.18766244    0.18707223    0.19235236    0.18518170    0.15620051    0.14574638    0.16876827    0.24289193    0.26888575    0.26297971    0.25671929
T19            0.37925545    0.24784942    0.27620705    0.26701884    0.28601678    0.30112499    0.27121918    0.26613968    0.25632509    0.27914287    0.08123829    0.00000000    0.06753268    0.21711850    0.23118498    0.22785338    0.22039975    0.20113541    0.18985329    0.20019731    0.26846223    0.30206421    0.29587130    0.28928001
T0             0.35931065    0.21356352    0.24023509    0.22559344    0.25594118    0.28320706    0.25016155    0.24212809    0.21812552    0.24574713    0.05450342    0.06753268    0.00000000    0.19829084    0.20620636    0.19737698    0.19577685    0.17173759    0.16100206    0.18458963    0.25441803    0.27440938    0.27164229    0.26216237
T8             0.38766476    0.20019731    0.21970274    0.20908373    0.23574623    0.25594118    0.24517227    0.22595477    0.21388088    0.24442962    0.18766244    0.21711850    0.19829084    0.00000000    0.02857298    0.03064685    0.03910501    0.09979334    0.09030884    0.11874412    0.23418345    0.27898385    0.25712376    0.25092172
T6             0.39407669    0.20303370    0.21678331    0.21197782    0.23874457    0.25904206    0.24823517    0.23118498    0.21904343    0.24979671    0.18707223    0.23118498    0.20620636    0.02857298    0.00000000    0.03481395    0.04545438    0.10428388    0.09475419    0.12333856    0.24023509    0.28224731    0.26025398    0.25401309
T12            0.39479624    0.20782554    0.22751193    0.21970274    0.24071981    0.25556757    0.25016155    0.23984768    0.21583405    0.24105691    0.19235236    0.22785338    0.19737698    0.03064685    0.03481395    0.00000000    0.04757039    0.10654009    0.09698765    0.12564717    0.24517227    0.28410443    0.26530234    0.25904206
T7             0.38309073    0.19990267    0.21645749    0.20875538    0.22948197    0.24640732    0.22980314    0.23155463    0.21936836    0.24176107    0.18518170    0.22039975    0.19577685    0.03910501    0.04545438    0.04757039    0.00000000    0.09488775    0.09017926    0.11856663    0.23082499    0.26256584    0.24747374    0.23540732
T10            0.33799718    0.18458963    0.20081370    0.19894479    0.21356352    0.22424360    0.22263938    0.20050099    0.20019731    0.22424360    0.15620051    0.20113541    0.17173759    0.09979334    0.10428388    0.10654009    0.09488775    0.00000000    0.01210965    0.06519929    0.22670594    0.26155871    0.24636114    0.23418345
T13            0.32741033    0.17364810    0.18956354    0.18766244    0.20215289    0.21266761    0.21099526    0.18928262    0.18901053    0.21266761    0.14574638    0.18985329    0.16100206    0.09030884    0.09475419    0.09698765    0.09017926    0.01210965    0.00000000    0.05413343    0.21781692    0.24903680    0.23418345    0.22820445
T5             0.34346324    0.19206362    0.20843622    0.20653551    0.22718012    0.23507829    0.23645355    0.21099526    0.20782554    0.22980314    0.16876827    0.20019731    0.18458963    0.11874412    0.12333856    0.12564717    0.11856663    0.06519929    0.05413343    0.00000000    0.23456218    0.26340399    0.23984768    0.23910240
T20            0.24372711    0.18155626    0.18376676    0.17636104    0.21325551    0.22163877    0.22163877    0.19856591    0.19654410    0.21756122    0.24289193    0.26846223    0.25441803    0.23418345    0.24023509    0.24517227    0.23082499    0.22670594    0.21781692    0.23456218    0.00000000    0.05646471    0.04559906    0.04128768
T17            0.26412509    0.20875538    0.21388088    0.21420756    0.24176107    0.25053656    0.24071981    0.22566650    0.22948197    0.25146492    0.26888575    0.30206421    0.27440938    0.27898385    0.28224731    0.28410443    0.26256584    0.26155871    0.24903680    0.26340399    0.05646471    0.00000000    0.05206774    0.04338855
T18            0.27317351    0.18928262    0.19429377    0.19737698    0.23013405    0.23874457    0.24710815    0.21729344    0.21524838    0.23680627    0.26297971    0.29587130    0.27164229    0.25712376    0.26025398    0.26530234    0.24747374    0.24636114    0.23418345    0.23984768    0.04559906    0.05206774    0.00000000    0.02857298
T15            0.26764689    0.18054173    0.18599708    0.18625265    0.21842198    0.22393011    0.23805863    0.20878496    0.20954349    0.23093362    0.25671929    0.28928001    0.26216237    0.25092172    0.25401309    0.25904206    0.23540732    0.23418345    0.22820445    0.23910240    0.04128768    0.04338855    0.02857298    0.00000000

