24
T23            0.00000000    0.46340393    0.46625786    0.49159565    0.47842478    0.47123576    0.47196772    0.51439084    0.52670537    0.51351261    0.50889399    0.51817439    0.52197736    0.56299809    0.54521442    0.53923475    0.55297198    0.53830082    0.51620525    0.54220661    0.56513417    0.47630539    0.47630539    0.52763073
T21            0.46340393    0.00000000    0.01823237    0.04112549    0.05852811    0.05206582    0.05213479    0.13010582    0.14491218    0.16734509    0.16999923    0.18953565    0.20387667    0.20132821    0.19830163    0.19600915    0.19904629    0.19072993    0.19148653    0.20108136    0.22192594    0.18400663    0.18400663    0.18798834
T17            0.46625786    0.01823237    0.00000000    0.03062031    0.05621476    0.04977362    0.04982449    0.12484987    0.13948617    0.16396935    0.16658172    0.18572698    0.19785110    0.20084375    0.19785110    0.19553730    0.19854070    0.19027040    0.18277072    0.20108136    0.22420755    0.17804743    0.17804743    0.17945241
T7             0.49159565    0.04112549    0.03062031    0.00000000    0.07818972    0.06479352    0.07374083    0.15139278    0.16658172    0.19470360    0.19743756    0.21467141    0.21868407    0.22174390    0.21868407    0.21629272    0.21936403    0.21088321    0.20875884    0.22723744    0.24570756    0.19553730    0.19553730    0.19743756
T2             0.47842478    0.05852811    0.05621476    0.07818972    0.00000000    0.04776714    0.04783313    0.15765582    0.17044638    0.17737641    0.18006627    0.20779416    0.22301565    0.22160301    0.21838859    0.21610689    0.21933177    0.21065364    0.21966504    0.23835571    0.25167108    0.20331259    0.20331259    0.19830163
T14            0.47123576    0.05206582    0.04977362    0.06479352    0.04776714    0.00000000    0.01623209    0.15026197    0.16339413    0.17512515    0.17781505    0.20554330    0.21780719    0.22160301    0.21263672    0.21035495    0.21352961    0.20495098    0.20809389    0.21780719    0.24551072    0.18925564    0.18925564    0.19878892
T18            0.47196772    0.05213479    0.04982449    0.07374083    0.04783313    0.01623209    0.00000000    0.15047564    0.16581532    0.17535024    0.17804743    0.20585317    0.22098570    0.22192594    0.21292499    0.21065364    0.21384591    0.20524256    0.20840282    0.22682165    0.24590567    0.19512665    0.19512665    0.19904629
T16            0.51439084    0.13010582    0.12484987    0.15139278    0.15765582    0.15026197    0.15047564    0.00000000    0.03488906    0.20668774    0.21521724    0.19830163    0.24670956    0.25318618    0.24670956    0.24742813    0.25087314    0.24171740    0.22128958    0.24905539    0.25318618    0.23715453    0.23715453    0.23801887
T1             0.52670537    0.14491218    0.13948617    0.16658172    0.17044638    0.16339413    0.16581532    0.03488906    0.00000000    0.21182835    0.22040663    0.20900139    0.26133803    0.25938464    0.24603141    0.25589321    0.25938464    0.25011560    0.23239783    0.26060691    0.26484758    0.25167108    0.25167108    0.24636542
T15            0.51351261    0.16734509    0.16396935    0.19470360    0.17737641    0.17512515    0.17535024    0.20668774    0.21182835    0.00000000    0.00603638    0.15724504    0.21369416    0.21157779    0.21700668    0.21467141    0.21780719    0.21208837    0.21235784    0.24335056    0.25589321    0.18798834    0.18798834    0.20039633
T13            0.50889399    0.16999923    0.16658172    0.19743756    0.18006627    0.17781505    0.17804743    0.21521724    0.22040663    0.00603638    0.00000000    0.15985750    0.21088321    0.21441276    0.21986600    0.21753078    0.22069137    0.21493958    0.21521724    0.24636542    0.25899238    0.19072993    0.19072993    0.20316828
T6             0.51817439    0.18953565    0.18572698    0.21467141    0.20779416    0.20554330    0.20585317    0.19830163    0.20900139    0.15724504    0.15985750    0.00000000    0.21416365    0.23706794    0.22799154    0.23147009    0.23472194    0.23472194    0.21521724    0.24570756    0.25899238    0.21384591    0.21384591    0.22013150
T0             0.52197736    0.20387667    0.19785110    0.21868407    0.22301565    0.21780719    0.22098570    0.24670956    0.26133803    0.21369416    0.21088321    0.21416365    0.00000000    0.19278821    0.19257356    0.19027040    0.19324479    0.19049566    0.16999923    0.17759136    0.20270008    0.17558398    0.17558398    0.18504244
T11            0.56299809    0.20132821    0.20084375    0.22174390    0.22160301    0.22160301    0.22192594    0.25318618    0.25938464    0.21157779    0.21441276    0.23706794    0.19278821    0.00000000    0.05395745    0.05185676    0.05407796    0.05189896    0.12052213    0.13982045    0.15809971    0.15504332    0.15504332    0.15395158
T22            0.54521442    0.19830163    0.19785110    0.21868407    0.21838859    0.21263672    0.21292499    0.24670956    0.24603141    0.21700668    0.21986600    0.22799154    0.19257356    0.05395745    0.00000000    0.02648475    0.02859736    0.02650513    0.11306714    0.13212684    0.15264857    0.14966978    0.14966978    0.14618098
T4             0.53923475    0.19600915    0.19553730    0.21629272    0.21610689    0.21035495    0.21065364    0.24742813    0.25589321    0.21467141    0.21753078    0.23147009    0.19027040    0.05185676    0.02648475    0.00000000    0.01006767    0.01619040    0.10879484    0.12778038    0.14832149    0.14747767    0.14747767    0.14169786
T12            0.55297198    0.19904629    0.19854070    0.21936403    0.21933177    0.21352961    0.21384591    0.25087314    0.25938464    0.21780719    0.22069137    0.23472194    0.19324479    0.05407796    0.02859736    0.01006767    0.00000000    0.01827013    0.11349396    0.13260702    0.15330997    0.15026197    0.15026197    0.14660557
T10            0.53830082    0.19072993    0.19027040    0.21088321    0.21065364    0.20495098    0.20524256    0.24171740    0.25011560    0.21208837    0.21493958    0.23472194    0.19049566    0.05189896    0.02650513    0.01619040    0.01827013    0.00000000    0.10864931    0.12514074    0.15069741    0.14767652    0.14767652    0.14407272
T5             0.51620525    0.19148653    0.18277072    0.20875884    0.21966504    0.20809389    0.20840282    0.22128958    0.23239783    0.21235784    0.21521724    0.21521724    0.16999923    0.12052213    0.11306714    0.10879484    0.11349396    0.10864931    0.00000000    0.07186134    0.08602482    0.14058491    0.14058491    0.13478017
T9             0.54220661    0.20108136    0.20108136    0.22723744    0.23835571    0.21780719    0.22682165    0.24905539    0.26060691    0.24335056    0.24636542    0.24570756    0.17759136    0.13982045    0.13212684    0.12778038    0.13260702    0.12514074    0.07186134    0.00000000    0.07631110    0.16534593    0.16534593    0.16450829
T3             0.56513417    0.22192594    0.22420755    0.24570756    0.25167108    0.24551072    0.24590567    0.25318618    0.26484758    0.25589321    0.25899238    0.25899238    0.20270008    0.15809971    0.15264857    0.14832149    0.15330997    0.15069741    0.08602482    0.07631110    0.00000000    0.16389925    0.16389925    0.17044638
T19            0.47630539    0.18400663    0.17804743    0.19553730    0.20331259    0.18925564    0.19512665    0.23715453    0.25167108    0.18798834    0.19072993    0.21384591    0.17558398    0.15504332    0.14966978    0.14747767    0.15026197    0.14767652    0.14058491    0.16534593    0.16389925    0.00000000    0.00000000    0.09898373
T8             0.47630539    0.18400663    0.17804743    0.19553730    0.20331259    0.18925564    0.19512665    0.23715453    0.25167108    0.18798834    0.19072993    0.21384591    0.17558398    0.15504332    0.14966978    0.14747767    0.15026197    0.14767652    0.14058491    0.16534593    0.16389925    0.00000000    0.00000000    0.09898373
T20            0.52763073    0.18798834    0.17945241    0.19743756    0.19830163    0.19878892    0.19904629    0.23801887    0.24636542    0.20039633    0.20316828    0.22013150    0.18504244    0.15395158    0.14618098    0.14169786    0.14660557    0.14407272    0.13478017    0.16450829    0.17044638    0.09898373    0.09898373    0.00000000

