24
T20            0.00000000    0.30130997    0.31040227    0.30458909    0.24932679    0.26399483    0.27190469    0.25072584    0.25745339    0.23497662    0.23201773    0.22446813    0.22288495    0.21605039    0.27893939    0.22269062    0.21803958    0.21230834    0.25930023    0.27468639    0.24543157    0.13979874    0.14488814    0.14233697
T21            0.30130997    0.00000000    0.04982194    0.04343523    0.20549015    0.20611557    0.24238242    0.20462027    0.19954078    0.31001490    0.30672500    0.32519755    0.32372057    0.31636512    0.39328027    0.32427219    0.32864636    0.32177238    0.36330531    0.40206461    0.38345524    0.29763709    0.29434716    0.29434716
T5             0.31040227    0.04982194    0.00000000    0.01007275    0.22513704    0.23107246    0.25079282    0.22414795    0.21316826    0.32256741    0.31921125    0.33114615    0.32964410    0.31543764    0.40477710    0.33714396    0.33114615    0.32427219    0.37957756    0.40860836    0.38983168    0.30670962    0.30337581    0.30337581
T13            0.30458909    0.04343523    0.01007275    0.00000000    0.21411189    0.21994345    0.24543157    0.22186498    0.20519107    0.31666038    0.31332660    0.32519755    0.32372057    0.30960729    0.39328027    0.32427219    0.32177238    0.31499165    0.36953468    0.39814223    0.37960831    0.29763709    0.29434716    0.29434716
T23            0.24932679    0.20549015    0.22513704    0.21411189    0.00000000    0.02444342    0.11120167    0.07387005    0.11871321    0.27398903    0.27087340    0.27859997    0.27066329    0.26399483    0.34140318    0.27333633    0.29808550    0.29478471    0.32077676    0.35715744    0.32291511    0.24361680    0.24061347    0.24061347
T16            0.26399483    0.20611557    0.23107246    0.21994345    0.02444342    0.00000000    0.11120167    0.08068853    0.12617646    0.28345413    0.28027914    0.28824779    0.28024948    0.27343021    0.33795441    0.26716276    0.31151107    0.30812072    0.33476592    0.35715744    0.32995865    0.24967815    0.24663829    0.24663829
T4             0.27190469    0.24238242    0.25079282    0.24543157    0.11120167    0.11120167    0.00000000    0.09696962    0.14312350    0.30130997    0.29805223    0.30293960    0.29478471    0.29763709    0.36790173    0.30382239    0.31636512    0.31977860    0.35042240    0.37331581    0.33476592    0.27303279    0.26987782    0.26987782
T11            0.25072584    0.20462027    0.22414795    0.22186498    0.07387005    0.08068853    0.09696962    0.00000000    0.11576248    0.27925770    0.27613234    0.28064170    0.27264604    0.27227000    0.35057895    0.28175758    0.30006409    0.29677416    0.31251659    0.34076402    0.31441960    0.24865450    0.24564212    0.24564212
T12            0.25745339    0.19954078    0.21316826    0.20519107    0.11871321    0.12617646    0.14312350    0.11576248    0.00000000    0.26194584    0.25889673    0.26950100    0.25619426    0.26125749    0.35332822    0.28703235    0.27581099    0.27581099    0.30428264    0.34552086    0.30285448    0.23497662    0.23201773    0.23201773
T7             0.23497662    0.31001490    0.32256741    0.31666038    0.27398903    0.28345413    0.30130997    0.27925770    0.26194584    0.00000000    0.00200401    0.08259828    0.07605709    0.08038792    0.28115738    0.22193204    0.22877742    0.22877742    0.25439494    0.28220166    0.25041119    0.18072127    0.18344629    0.18072127
T14            0.23201773    0.30672500    0.31921125    0.31332660    0.27087340    0.28027914    0.29805223    0.27613234    0.25889673    0.00200401    0.00000000    0.08033064    0.07379969    0.07812541    0.27805145    0.21908279    0.22586168    0.22586168    0.25135509    0.27899611    0.25348848    0.17801103    0.18072127    0.17801103
T6             0.22446813    0.32519755    0.33114615    0.32519755    0.27859997    0.28824779    0.30293960    0.28064170    0.26950100    0.08259828    0.08033064    0.00000000    0.06066895    0.07161773    0.26382274    0.20312854    0.22414795    0.22414795    0.23466041    0.26163651    0.23071569    0.16554270    0.16820957    0.16554270
T0             0.22288495    0.32372057    0.32964410    0.32372057    0.27066329    0.28024948    0.29478471    0.27264604    0.25619426    0.07605709    0.07379969    0.06066895    0.00000000    0.06295919    0.25586611    0.20128475    0.21090595    0.21090595    0.23898738    0.26011099    0.23522170    0.16654307    0.16923871    0.16654307
T18            0.21605039    0.31636512    0.31543764    0.30960729    0.26399483    0.27343021    0.29763709    0.27227000    0.26125749    0.08038792    0.07812541    0.07161773    0.06295919    0.00000000    0.27024002    0.21178188    0.21287229    0.21863659    0.24699049    0.26202589    0.24315902    0.16312055    0.16578032    0.16312055
T15            0.27893939    0.39328027    0.40477710    0.39328027    0.34140318    0.33795441    0.36790173    0.35057895    0.35332822    0.28115738    0.27805145    0.26382274    0.25586611    0.27024002    0.00000000    0.07373636    0.28806752    0.28806752    0.29890585    0.31882684    0.29125261    0.23515116    0.23515116    0.23226073
T2             0.22269062    0.32427219    0.33714396    0.32427219    0.27333633    0.26716276    0.30382239    0.28175758    0.28703235    0.22193204    0.21908279    0.20312854    0.20128475    0.21178188    0.07373636    0.00000000    0.23642711    0.23057855    0.25920248    0.27747676    0.24898556    0.18479847    0.19023370    0.18750870
T3             0.21803958    0.32864636    0.33114615    0.32177238    0.29808550    0.31151107    0.31636512    0.30006409    0.27581099    0.22877742    0.22586168    0.22414795    0.21090595    0.21287229    0.28806752    0.23642711    0.00000000    0.01210942    0.19118334    0.20774227    0.17902165    0.18344629    0.18344629    0.18072127
T1             0.21230834    0.32177238    0.32427219    0.31499165    0.29478471    0.30812072    0.31977860    0.29677416    0.27581099    0.22877742    0.22586168    0.22414795    0.21090595    0.21863659    0.28806752    0.23057855    0.01210942    0.00000000    0.19673941    0.21347353    0.18451667    0.18894130    0.18894130    0.18618624
T19            0.25930023    0.36330531    0.37957756    0.36953468    0.32077676    0.33476592    0.35042240    0.31251659    0.30428264    0.25439494    0.25135509    0.23466041    0.23898738    0.24699049    0.29890585    0.25920248    0.19118334    0.19673941    0.00000000    0.12759895    0.09004128    0.19171162    0.19729876    0.19449738
T22            0.27468639    0.40206461    0.40860836    0.39814223    0.35715744    0.35715744    0.37331581    0.34076402    0.34552086    0.28220166    0.27899611    0.26163651    0.26011099    0.26202589    0.31882684    0.27747676    0.20774227    0.21347353    0.12759895    0.00000000    0.10411290    0.22513704    0.23107246    0.22809594
T10            0.24543157    0.38345524    0.38983168    0.37960831    0.32291511    0.32995865    0.33476592    0.31441960    0.30285448    0.25041119    0.25348848    0.23071569    0.23522170    0.24315902    0.29125261    0.24898556    0.17902165    0.18451667    0.09004128    0.10411290    0.00000000    0.18728701    0.19287416    0.19007278
T17            0.13979874    0.29763709    0.30670962    0.29763709    0.24361680    0.24967815    0.27303279    0.24865450    0.23497662    0.18072127    0.17801103    0.16554270    0.16654307    0.16312055    0.23515116    0.18479847    0.18344629    0.18894130    0.19171162    0.22513704    0.18728701    0.00000000    0.00806471    0.00603630
T9             0.14488814    0.29434716    0.30337581    0.29434716    0.24061347    0.24663829    0.26987782    0.24564212    0.23201773    0.18344629    0.18072127    0.16820957    0.16923871    0.16578032    0.23515116    0.19023370    0.18344629    0.18894130    0.19729876    0.23107246    0.19287416    0.00806471    0.00000000    0.00200401
T8             0.14233697    0.29434716    0.30337581    0.29434716    0.24061347    0.24663829    0.26987782    0.24564212    0.23201773    0.18072127    0.17801103    0.16554270    0.16654307    0.16312055    0.23226073    0.18750870    0.18072127    0.18618624    0.19449738    0.22809594    0.19007278    0.00603630    0.00200401    0.00000000

