24
T5             0.00000000    0.30258889    0.32404208    0.31391925    0.30767612    0.30399811    0.32534090    0.33473579    0.31568621    0.33186635    0.32839806    0.33993531    0.34088682    0.34088682    0.29498249    0.31227755    0.32199551    0.29212374    0.31059019    0.42035711    0.35770455    0.38248037    0.38188818    0.37440508
T18            0.30258889    0.00000000    0.11307890    0.09878340    0.09419784    0.11043157    0.11472891    0.12904553    0.12670557    0.12472923    0.12718803    0.11823888    0.13229521    0.13229521    0.10566679    0.12996018    0.13479727    0.18160501    0.18645239    0.24878191    0.22803735    0.27379869    0.24783961    0.25025272
T16            0.32404208    0.11307890    0.00000000    0.03073499    0.04554481    0.07186655    0.11032500    0.11731629    0.12718803    0.11066763    0.11307890    0.11366562    0.11321421    0.11321421    0.09663828    0.11123067    0.11594849    0.18236728    0.18446586    0.26179169    0.22045255    0.28156829    0.25830700    0.25452816
T9             0.31391925    0.09878340    0.03073499    0.00000000    0.03492841    0.06081991    0.10557163    0.11251721    0.11742486    0.10826798    0.11066763    0.11123067    0.11564314    0.11564314    0.08964142    0.10612306    0.11079706    0.17472840    0.17415480    0.24946153    0.21471387    0.26581497    0.24308257    0.23948807
T7             0.30767612    0.09419784    0.04554481    0.03492841    0.00000000    0.05426232    0.09627187    0.10312993    0.11032500    0.09888428    0.10124415    0.10174440    0.10612306    0.10612306    0.08281910    0.10147946    0.10612306    0.17988179    0.17929161    0.25596260    0.21213044    0.26306327    0.23742934    0.23387671
T4             0.30399811    0.11043157    0.07186655    0.06081991    0.05426232    0.00000000    0.10339848    0.11032500    0.11742486    0.10350311    0.10587985    0.10639621    0.11321421    0.11321421    0.08983594    0.10826798    0.11295121    0.18779352    0.18446586    0.25634706    0.22334688    0.26892601    0.24609044    0.23948807
T23            0.32534090    0.11472891    0.11032500    0.10557163    0.09627187    0.10339848    0.00000000    0.05408028    0.05632791    0.10339848    0.10576954    0.11808399    0.11793675    0.11793675    0.08940446    0.12952035    0.13434385    0.20879682    0.20812260    0.27242601    0.25216126    0.30808087    0.28080164    0.27692913
T10            0.33473579    0.12904553    0.11731629    0.11251721    0.10312993    0.11032500    0.05408028    0.00000000    0.05413422    0.11271880    0.11512418    0.12269080    0.12747680    0.12747680    0.10321186    0.13920019    0.14408985    0.21396283    0.21611092    0.28760214    0.25148358    0.30399811    0.27692913    0.27316055
T1             0.31568621    0.12670557    0.12718803    0.11742486    0.11032500    0.11742486    0.05632791    0.05413422    0.00000000    0.11766534    0.12010014    0.13532245    0.13766698    0.13766698    0.10094717    0.14186885    0.14933569    0.21420358    0.21916712    0.28801186    0.26103590    0.30110569    0.27727467    0.27347409
T22            0.33186635    0.12472923    0.11066763    0.10826798    0.09888428    0.10350311    0.10339848    0.11271880    0.11766534    0.00000000    0.00200403    0.13065688    0.12515576    0.12515576    0.10350311    0.12747680    0.13229521    0.20111828    0.20320326    0.27042844    0.24946153    0.30936612    0.27876710    0.27169807
T17            0.32839806    0.12718803    0.11307890    0.11066763    0.10124415    0.10587985    0.10576954    0.11512418    0.12010014    0.00200403    0.00000000    0.13317808    0.12763298    0.12763298    0.10587985    0.12996018    0.13479727    0.20391514    0.20599218    0.27359908    0.25251557    0.31272914    0.28196819    0.27483851
T12            0.33993531    0.11823888    0.11366562    0.11123067    0.10174440    0.10639621    0.11808399    0.12269080    0.13532245    0.13065688    0.13317808    0.00000000    0.07404304    0.07404304    0.08309494    0.12814838    0.13298577    0.20845105    0.21040069    0.28937987    0.24865295    0.30884481    0.28133409    0.27721290
T20            0.34088682    0.13229521    0.11321421    0.11564314    0.10612306    0.11321421    0.11793675    0.12747680    0.13766698    0.12515576    0.12763298    0.07404304    0.00000000    0.00000000    0.08511376    0.13012259    0.13496439    0.21555087    0.22334688    0.29022780    0.25906423    0.29654444    0.27597679    0.27205662
T19            0.34088682    0.13229521    0.11321421    0.11564314    0.10612306    0.11321421    0.11793675    0.12747680    0.13766698    0.12515576    0.12763298    0.07404304    0.00000000    0.00000000    0.08511376    0.13012259    0.13496439    0.21555087    0.22334688    0.29022780    0.25906423    0.29654444    0.27597679    0.27205662
T2             0.29498249    0.10566679    0.09663828    0.08964142    0.08281910    0.08983594    0.08940446    0.10321186    0.10094717    0.10350311    0.10587985    0.08309494    0.08511376    0.08511376    0.00000000    0.10113766    0.10576954    0.19052898    0.19534795    0.26258935    0.22394577    0.26581497    0.24009276    0.23653381
T15            0.31227755    0.12996018    0.11123067    0.10612306    0.10147946    0.10826798    0.12952035    0.13920019    0.14186885    0.12747680    0.12996018    0.12814838    0.13012259    0.13012259    0.10113766    0.00000000    0.01212524    0.21010990    0.20929378    0.27764658    0.25018206    0.30449535    0.27637799    0.27876710
T0             0.32199551    0.13479727    0.11594849    0.11079706    0.10612306    0.11295121    0.13434385    0.14408985    0.14933569    0.13229521    0.13479727    0.13298577    0.13496439    0.13496439    0.10576954    0.01212524    0.00000000    0.21555087    0.21186914    0.28367783    0.25596260    0.30738285    0.27916766    0.27837750
T14            0.29212374    0.18160501    0.18236728    0.17472840    0.17988179    0.18779352    0.20879682    0.21396283    0.21420358    0.20111828    0.20391514    0.20845105    0.21555087    0.21555087    0.19052898    0.21010990    0.21555087    0.00000000    0.04977563    0.27003673    0.24981670    0.28361542    0.27280624    0.26892601
T3             0.31059019    0.18645239    0.18446586    0.17415480    0.17929161    0.18446586    0.20812260    0.21611092    0.21916712    0.20320326    0.20599218    0.21040069    0.22334688    0.22334688    0.19534795    0.20929378    0.21186914    0.04977563    0.00000000    0.27205662    0.24576496    0.28255188    0.27169807    0.26547600
T11            0.42035711    0.24878191    0.26179169    0.24946153    0.25596260    0.25634706    0.27242601    0.28760214    0.28801186    0.27042844    0.27359908    0.28937987    0.29022780    0.29022780    0.26258935    0.27764658    0.28367783    0.27003673    0.27205662    0.00000000    0.17095974    0.21555087    0.19487321    0.19991588
T6             0.35770455    0.22803735    0.22045255    0.21471387    0.21213044    0.22334688    0.25216126    0.25148358    0.26103590    0.24946153    0.25251557    0.24865295    0.25906423    0.25906423    0.22394577    0.25018206    0.25596260    0.24981670    0.24576496    0.17095974    0.00000000    0.16961226    0.15707505    0.16191240
T21            0.38248037    0.27379869    0.28156829    0.26581497    0.26306327    0.26892601    0.30808087    0.30399811    0.30110569    0.30936612    0.31272914    0.30884481    0.29654444    0.29654444    0.26581497    0.30449535    0.30738285    0.28361542    0.28255188    0.21555087    0.16961226    0.00000000    0.04338907    0.04761056
T8             0.38188818    0.24783961    0.25830700    0.24308257    0.23742934    0.24609044    0.28080164    0.27692913    0.27727467    0.27876710    0.28196819    0.28133409    0.27597679    0.27597679    0.24009276    0.27637799    0.27916766    0.27280624    0.27169807    0.19487321    0.15707505    0.04338907    0.00000000    0.01620842
T13            0.37440508    0.25025272    0.25452816    0.23948807    0.23387671    0.23948807    0.27692913    0.27316055    0.27347409    0.27169807    0.27483851    0.27721290    0.27205662    0.27205662    0.23653381    0.27876710    0.27837750    0.26892601    0.26547600    0.19991588    0.16191240    0.04761056    0.01620842    0.00000000

