24
T16            0.00000000    0.29838263    0.32138501    0.33859479    0.34038716    0.31567375    0.34945340    0.30645536    0.33261626    0.32971940    0.30630032    0.31965742    0.29450981    0.27853590    0.29167879    0.28929744    0.15028329    0.15288325    0.16030587    0.19610940    0.16959149    0.20000295    0.13766471    0.12965727
T12            0.29838263    0.00000000    0.11524102    0.13199567    0.12500405    0.11043036    0.13919824    0.13463617    0.15447927    0.14001711    0.13532021    0.12547723    0.25484789    0.25215254    0.25215254    0.26341946    0.26491379    0.26806416    0.26491379    0.29786165    0.27670125    0.31439925    0.23541827    0.25867222
T2             0.32138501    0.11524102    0.00000000    0.06938316    0.06512156    0.05408000    0.08973420    0.15688697    0.16416044    0.15726605    0.15246509    0.14237747    0.25402705    0.24824855    0.26069396    0.27530366    0.26413872    0.26726921    0.27041949    0.30697701    0.28226572    0.32726881    0.23774128    0.26102779
T8             0.33859479    0.13199567    0.06938316    0.00000000    0.03492827    0.06715024    0.10113663    0.16678067    0.17947614    0.16981218    0.16493349    0.15726605    0.26217664    0.25944986    0.27442532    0.27636865    0.29002829    0.29327059    0.28680697    0.32049668    0.30883231    0.35188762    0.26271555    0.28360634
T20            0.34038716    0.12500405    0.06512156    0.03492827    0.00000000    0.06067552    0.09674737    0.15430068    0.16941476    0.15987954    0.15506499    0.14749718    0.25633877    0.25363192    0.26615526    0.27123458    0.28800190    0.29125492    0.28800190    0.32206412    0.31731077    0.35376467    0.25758380    0.28155894
T9             0.31567375    0.11043036    0.05408000    0.06715024    0.06067552    0.00000000    0.06296712    0.15172775    0.16155392    0.15207986    0.14219912    0.13983721    0.24480851    0.24214056    0.26299478    0.27442532    0.26580702    0.26891780    0.26271555    0.30495935    0.29021674    0.33559943    0.23416035    0.26271555
T1             0.34945340    0.13919824    0.08973420    0.10113663    0.09674737    0.06296712    0.00000000    0.17433409    0.18716062    0.18279833    0.16452988    0.17002383    0.28042481    0.27763663    0.29069303    0.29921917    0.29653414    0.29981921    0.29327059    0.33093777    0.31913004    0.35556031    0.26340591    0.28680697
T5             0.30645536    0.13463617    0.15688697    0.16678067    0.15430068    0.15172775    0.17433409    0.00000000    0.06952586    0.07606644    0.06276710    0.06504989    0.24480851    0.24214056    0.25755333    0.26573095    0.27915822    0.28236937    0.27596765    0.32907398    0.31149925    0.33678070    0.24910935    0.26651676
T17            0.33261626    0.15447927    0.16416044    0.17947614    0.16941476    0.16155392    0.18716062    0.06952586    0.00000000    0.09187023    0.08281842    0.07850479    0.24980911    0.24712045    0.25944986    0.27400221    0.29497156    0.29827861    0.29497156    0.33446735    0.31675337    0.36055406    0.26102779    0.27875786
T13            0.32971940    0.14001711    0.15726605    0.16981218    0.15987954    0.15207986    0.18279833    0.07606644    0.09187023    0.00000000    0.05419458    0.05413392    0.25257851    0.24989344    0.26569831    0.27393489    0.28412204    0.28739670    0.28412204    0.33268251    0.32090089    0.35553319    0.25985423    0.27530366
T10            0.30630032    0.13532021    0.15246509    0.16493349    0.15506499    0.14219912    0.16452988    0.06276710    0.08281842    0.05419458    0.00000000    0.05206828    0.24024819    0.23760102    0.25301454    0.26112930    0.27530366    0.27853590    0.27530366    0.31149925    0.29773400    0.33332618    0.23911443    0.26258050
T14            0.31965742    0.12547723    0.14237747    0.15726605    0.14749718    0.13983721    0.17002383    0.06504989    0.07850479    0.05413392    0.05206828    0.00000000    0.24370930    0.24105321    0.25978221    0.26475574    0.27485914    0.27808088    0.27485914    0.32491499    0.30746805    0.34732240    0.24177319    0.26847752
T0             0.29450981    0.25484789    0.25402705    0.26217664    0.25633877    0.24480851    0.28042481    0.24480851    0.24980911    0.25257851    0.24024819    0.24370930    0.00000000    0.01414125    0.08741825    0.10566571    0.27720316    0.28042481    0.28042481    0.30306948    0.28836040    0.32080356    0.24408521    0.25215375
T22            0.27853590    0.25215254    0.24824855    0.25944986    0.25363192    0.24214056    0.27763663    0.24214056    0.24712045    0.24989344    0.23760102    0.24105321    0.01414125    0.00000000    0.08520309    0.10339743    0.26806416    0.27123458    0.27123458    0.29352398    0.27900166    0.31439925    0.23541827    0.24340217
T6             0.29167879    0.25215254    0.26069396    0.27442532    0.26615526    0.26299478    0.29069303    0.25755333    0.25944986    0.26569831    0.25301454    0.25978221    0.08741825    0.08520309    0.00000000    0.07614262    0.27763663    0.28086878    0.28739670    0.31731077    0.30917813    0.33205090    0.25054968    0.26178322
T4             0.28929744    0.26341946    0.27530366    0.27636865    0.27123458    0.27442532    0.29921917    0.26573095    0.27400221    0.27393489    0.26112930    0.26475574    0.10566571    0.10339743    0.07614262    0.00000000    0.29168631    0.29497156    0.29497156    0.32501004    0.32023390    0.34339683    0.26102779    0.26305541
T15            0.15028329    0.26491379    0.26413872    0.29002829    0.28800190    0.26580702    0.29653414    0.27915822    0.29497156    0.28412204    0.27530366    0.27485914    0.27720316    0.26806416    0.27763663    0.29168631    0.00000000    0.00200403    0.03924759    0.18652424    0.14749718    0.17585523    0.11512286    0.10804234
T19            0.15288325    0.26806416    0.26726921    0.29327059    0.29125492    0.26891780    0.29981921    0.28236937    0.29827861    0.28739670    0.27853590    0.27808088    0.28042481    0.27123458    0.28086878    0.29497156    0.00200403    0.00000000    0.04139870    0.18929010    0.15007690    0.17856839    0.11271756    0.11043036
T7             0.16030587    0.26491379    0.27041949    0.28680697    0.28800190    0.26271555    0.29327059    0.27596765    0.29497156    0.28412204    0.27530366    0.27485914    0.28042481    0.27123458    0.28739670    0.29497156    0.03924759    0.04139870    0.00000000    0.18652424    0.15527680    0.18129640    0.12240925    0.11766390
T23            0.19610940    0.29786165    0.30697701    0.32049668    0.32206412    0.30495935    0.33093777    0.32907398    0.33446735    0.33268251    0.31149925    0.32491499    0.30306948    0.29352398    0.31731077    0.32501004    0.18652424    0.18929010    0.18652424    0.00000000    0.13358366    0.15885464    0.17095605    0.16008853
T3             0.16959149    0.27670125    0.28226572    0.30883231    0.31731077    0.29021674    0.31913004    0.31149925    0.31675337    0.32090089    0.29773400    0.30746805    0.28836040    0.27900166    0.30917813    0.32023390    0.14749718    0.15007690    0.15527680    0.13358366    0.00000000    0.09964340    0.13825658    0.13012063
T11            0.20000295    0.31439925    0.32726881    0.35188762    0.35376467    0.33559943    0.35556031    0.33678070    0.36055406    0.35553319    0.33332618    0.34732240    0.32080356    0.31439925    0.33205090    0.34339683    0.17585523    0.17856839    0.18129640    0.15885464    0.09964340    0.00000000    0.16851914    0.16514803
T18            0.13766471    0.23541827    0.23774128    0.26271555    0.25758380    0.23416035    0.26340591    0.24910935    0.26102779    0.25985423    0.23911443    0.24177319    0.24408521    0.23541827    0.25054968    0.26102779    0.11512286    0.11271756    0.12240925    0.17095605    0.13825658    0.16851914    0.00000000    0.09402476
T21            0.12965727    0.25867222    0.26102779    0.28360634    0.28155894    0.26271555    0.28680697    0.26651676    0.27875786    0.27530366    0.26258050    0.26847752    0.25215375    0.24340217    0.26178322    0.26305541    0.10804234    0.11043036    0.11766390    0.16008853    0.13012063    0.16514803    0.09402476    0.00000000

