24
T20            0.00000000    0.48828003    0.50033104    0.50665289    0.51723895    0.52101806    0.50998130    0.51487742    0.46521089    0.45649293    0.46890315    0.47245312    0.30981576    0.30491558    0.29966224    0.32311488    0.23309170    0.22522805    0.25416230    0.20980492    0.23739954    0.21210738    0.26028646    0.20275754
T13            0.48828003    0.00000000    0.06067412    0.07631370    0.06547446    0.06537559    0.06304566    0.06528351    0.11031978    0.09663375    0.11839306    0.11578449    0.30265812    0.32241153    0.29936349    0.35675958    0.31168424    0.31562436    0.41915276    0.39776699    0.40347261    0.42069126    0.45301567    0.38555799
T23            0.50033104    0.06067412    0.00000000    0.04338815    0.04982550    0.04977453    0.05189988    0.05407900    0.12193893    0.10566198    0.12762429    0.12499789    0.30762823    0.32398706    0.30106089    0.34456440    0.32686062    0.33088524    0.42583436    0.40673436    0.41253093    0.43664071    0.45818587    0.39842188
T17            0.50665289    0.07631370    0.04338815    0.00000000    0.06074256    0.06067412    0.06282548    0.06504832    0.13655699    0.11996337    0.13747520    0.13478791    0.31054187    0.34082379    0.30723649    0.36104009    0.32390347    0.33035143    0.43755385    0.42233921    0.40375522    0.44004598    0.47056665    0.39387306
T3             0.51723895    0.06547446    0.04982550    0.06074256    0.00000000    0.01212514    0.02653218    0.02862889    0.12240371    0.10611715    0.13083970    0.12813848    0.31605884    0.33281121    0.30931344    0.36048532    0.32550372    0.32958921    0.42071587    0.41823362    0.42402285    0.44017338    0.47541123    0.40122169
T16            0.52101806    0.06537559    0.04977453    0.06067412    0.01212514    0.00000000    0.02650538    0.02859767    0.12227574    0.10838562    0.13064645    0.12795931    0.31899263    0.33580484    0.31222441    0.36357314    0.32846148    0.33255986    0.41583444    0.41323077    0.41901259    0.43498062    0.47185024    0.40447823
T10            0.50998130    0.06304566    0.05189988    0.06282548    0.02653218    0.02650538    0.00000000    0.00200402    0.11972720    0.10587451    0.12795931    0.12530496    0.30597468    0.32241153    0.30513076    0.36292024    0.32095827    0.32495829    0.43158331    0.41240371    0.41819567    0.43410804    0.46890315    0.39586204
T5             0.51487742    0.06528351    0.05407900    0.06504832    0.02862889    0.02859767    0.00200402    0.00000000    0.12215560    0.10826230    0.13046097    0.12778791    0.30931344    0.32585403    0.30844724    0.36667395    0.32442487    0.32846148    0.43579668    0.41653026    0.42233921    0.43837570    0.47342201    0.39979300
T18            0.46521089    0.11031978    0.12193893    0.13655699    0.12240371    0.12227574    0.11972720    0.12215560    0.00000000    0.06476484    0.08045998    0.07813190    0.31386932    0.34435138    0.31054187    0.37358442    0.32147956    0.33143126    0.43597126    0.41001052    0.41839378    0.41915276    0.45995049    0.39387306
T15            0.45649293    0.09663375    0.10566198    0.11996337    0.10611715    0.10838562    0.10587451    0.10826230    0.06476484    0.00000000    0.04565992    0.04343826    0.29283886    0.32241153    0.29936349    0.34333499    0.31070083    0.31802493    0.41507720    0.38981000    0.39403275    0.39475133    0.42583436    0.37037159
T9             0.46890315    0.11839306    0.12762429    0.13747520    0.13083970    0.13064645    0.12795931    0.13046097    0.08045998    0.04565992    0.00000000    0.01008420    0.30224135    0.33933259    0.31899263    0.35741038    0.31802493    0.31854608    0.43919950    0.40912117    0.41739367    0.41819567    0.43755385    0.38489794
T14            0.47245312    0.11578449    0.12499789    0.13478791    0.12813848    0.12795931    0.12530496    0.12778791    0.07813190    0.04343826    0.01008420    0.00000000    0.30513076    0.33529557    0.31514716    0.35306149    0.31409657    0.31459409    0.43415552    0.40425170    0.41253093    0.41330122    0.42432478    0.38044106
T4             0.30981576    0.30265812    0.30762823    0.31054187    0.31605884    0.31899263    0.30597468    0.30931344    0.31386932    0.29283886    0.30224135    0.30513076    0.00000000    0.07404016    0.05617078    0.11779027    0.14170549    0.14439247    0.24908307    0.21008563    0.22071277    0.22391806    0.26136995    0.20901907
T19            0.30491558    0.32241153    0.32398706    0.34082379    0.33281121    0.33580484    0.32241153    0.32585403    0.34435138    0.32241153    0.33933259    0.33529557    0.07404016    0.00000000    0.07614048    0.13495462    0.15687751    0.15966862    0.26410817    0.22131232    0.23210295    0.23838253    0.27355595    0.22593831
T0             0.29966224    0.29936349    0.30106089    0.30723649    0.30931344    0.31222441    0.30513076    0.30844724    0.31054187    0.29936349    0.31899263    0.31514716    0.05617078    0.07614048    0.00000000    0.11536179    0.13919137    0.14185916    0.25212651    0.21871609    0.22071277    0.22684545    0.26136995    0.20620733
T6             0.32311488    0.35675958    0.34456440    0.36104009    0.36048532    0.36357314    0.36292024    0.36667395    0.37358442    0.34333499    0.35741038    0.35306149    0.11779027    0.13495462    0.11536179    0.00000000    0.17045996    0.16802067    0.25864214    0.23379971    0.23873005    0.23983186    0.29065085    0.22653336
T2             0.23309170    0.31168424    0.32686062    0.32390347    0.32550372    0.32846148    0.32095827    0.32442487    0.32147956    0.31070083    0.31802493    0.31409657    0.14170549    0.15687751    0.13919137    0.17045996    0.00000000    0.02656534    0.18464354    0.15687751    0.16415070    0.16171785    0.20953358    0.14355526
T12            0.22522805    0.31562436    0.33088524    0.33035143    0.32958921    0.33255986    0.32495829    0.32846148    0.33143126    0.31802493    0.31854608    0.31459409    0.14439247    0.15966862    0.14185916    0.16802067    0.02656534    0.00000000    0.18484540    0.15966862    0.16695743    0.16189957    0.20414934    0.14117270
T11            0.25416230    0.41915276    0.42583436    0.43755385    0.42071587    0.41583444    0.43158331    0.43579668    0.43597126    0.41507720    0.43919950    0.43415552    0.24908307    0.26410817    0.25212651    0.25864214    0.18464354    0.18484540    0.00000000    0.05632634    0.07622357    0.07841399    0.18030256    0.12193893
T7             0.20980492    0.39776699    0.40673436    0.42233921    0.41823362    0.41323077    0.41240371    0.41653026    0.41001052    0.38981000    0.40912117    0.40425170    0.21008563    0.22131232    0.21871609    0.23379971    0.15687751    0.15966862    0.05632634    0.00000000    0.04565992    0.04776824    0.14236887    0.09178317
T22            0.23739954    0.40347261    0.41253093    0.40375522    0.42402285    0.41901259    0.41819567    0.42233921    0.41839378    0.39403275    0.41739367    0.41253093    0.22071277    0.23210295    0.22071277    0.23873005    0.16415070    0.16695743    0.07622357    0.04565992    0.00000000    0.06296543    0.15766747    0.10103424
T8             0.21210738    0.42069126    0.43664071    0.44004598    0.44017338    0.43498062    0.43410804    0.43837570    0.41915276    0.39475133    0.41819567    0.41330122    0.22391806    0.23838253    0.22684545    0.23983186    0.16171785    0.16189957    0.07841399    0.04776824    0.06296543    0.00000000    0.15485130    0.09860013
T21            0.26028646    0.45301567    0.45818587    0.47056665    0.47541123    0.47185024    0.46890315    0.47342201    0.45995049    0.42583436    0.43755385    0.42432478    0.26136995    0.27355595    0.26136995    0.29065085    0.20953358    0.20414934    0.18030256    0.14236887    0.15766747    0.15485130    0.00000000    0.09910318
T1             0.20275754    0.38555799    0.39842188    0.39387306    0.40122169    0.40447823    0.39586204    0.39979300    0.39387306    0.37037159    0.38489794    0.38044106    0.20901907    0.22593831    0.20620733    0.22653336    0.14355526    0.14117270    0.12193893    0.09178317    0.10103424    0.09860013    0.09910318    0.00000000

