24
T21            0.00000000    0.28713561    0.28150142    0.26266894    0.28849822    0.28499076    0.28001900    0.31264480    0.27199629    0.32228881    0.28499076    0.29134718    0.29169681    0.30551953    0.28921113    0.30103635    0.25020698    0.32268737    0.31267428    0.26922569    0.28753240    0.28431300    0.26097759    0.24398633
T11            0.28713561    0.00000000    0.04776751    0.10587159    0.14870988    0.14605835    0.13407007    0.14660827    0.13212918    0.19164191    0.18676701    0.18676701    0.18425882    0.16870845    0.16870845    0.18141597    0.20669377    0.27870080    0.27552239    0.22682959    0.23802756    0.22621603    0.21901570    0.19452255
T8             0.28150142    0.04776751    0.00000000    0.08982956    0.14422698    0.14155510    0.12471811    0.13244163    0.12282984    0.18965331    0.18213922    0.18213922    0.17965239    0.18007079    0.16451198    0.17717436    0.19931886    0.26760609    0.26446757    0.20495758    0.22453769    0.21293196    0.20300879    0.19257827
T19            0.26266894    0.10587159    0.08982956    0.00000000    0.12950842    0.12692011    0.12253540    0.13746952    0.12315515    0.19237260    0.17185166    0.17185166    0.16939651    0.16714526    0.15411573    0.16658516    0.18007079    0.25447527    0.25143256    0.20213025    0.21580817    0.20440155    0.19176254    0.17117073
T23            0.28849822    0.14870988    0.14422698    0.12950842    0.00000000    0.01008417    0.11012761    0.12950842    0.11053687    0.21347927    0.20573578    0.20573578    0.19764449    0.18213922    0.18213922    0.19510680    0.21727037    0.28637563    0.28637563    0.22945336    0.24671899    0.23473006    0.22682959    0.20217972
T9             0.28499076    0.14605835    0.14155510    0.12692011    0.01008417    0.00000000    0.10767964    0.12447406    0.10803553    0.21047306    0.20274768    0.20274768    0.19470804    0.17926940    0.17926940    0.19217609    0.21416963    0.28283423    0.28283423    0.22041354    0.23738315    0.22564133    0.22359975    0.19928282
T15            0.28001900    0.13407007    0.12471811    0.12253540    0.11012761    0.10767964    0.00000000    0.07155740    0.07606306    0.19706558    0.17678804    0.17185166    0.16903508    0.17470509    0.17431548    0.18444237    0.19830695    0.26234100    0.25927971    0.21810021    0.24102468    0.22914279    0.21901570    0.19181072
T22            0.31264480    0.14660827    0.13244163    0.13746952    0.12950842    0.12447406    0.07155740    0.00000000    0.08750859    0.20853124    0.19577394    0.19027524    0.18776640    0.18776640    0.18277544    0.19301701    0.22099306    0.29077272    0.28753240    0.23871167    0.26252457    0.25012566    0.24285482    0.21111074
T6             0.27199629    0.13212918    0.12282984    0.12315515    0.11053687    0.10803553    0.07606306    0.08750859    0.00000000    0.20062058    0.16959021    0.16959021    0.16189253    0.17781969    0.18052439    0.19349209    0.19931886    0.26683526    0.26371643    0.21642997    0.23943529    0.22748181    0.21743294    0.19257827
T17            0.32228881    0.19164191    0.18965331    0.19237260    0.21347927    0.21047306    0.19706558    0.20853124    0.20062058    0.00000000    0.16153812    0.16153812    0.15911211    0.15139554    0.13879413    0.15098194    0.23888229    0.31267428    0.30938077    0.26922569    0.26683526    0.25447527    0.26335667    0.22618551
T2             0.28499076    0.18676701    0.18213922    0.17185166    0.20573578    0.20274768    0.17678804    0.19577394    0.16959021    0.16153812    0.00000000    0.01210958    0.01414115    0.11593623    0.10147096    0.11306891    0.23147768    0.29893203    0.29567063    0.23802756    0.24940812    0.23738315    0.23836467    0.20830744
T14            0.29134718    0.18676701    0.18213922    0.17185166    0.20573578    0.20274768    0.17185166    0.19027524    0.16959021    0.16153812    0.01210958    0.00000000    0.01414115    0.11593623    0.10624625    0.11792549    0.23147768    0.29893203    0.29567063    0.23802756    0.24940812    0.23738315    0.23836467    0.20830744
T3             0.29169681    0.18425882    0.17965239    0.16939651    0.19764449    0.19470804    0.16903508    0.18776640    0.16189253    0.15911211    0.01414115    0.01414115    0.00000000    0.11365348    0.10398691    0.11563201    0.22884198    0.29606514    0.29281434    0.23537650    0.24671899    0.23473006    0.23273524    0.20573578
T16            0.30551953    0.16870845    0.18007079    0.16714526    0.18213922    0.17926940    0.17470509    0.18776640    0.17781969    0.15139554    0.11593623    0.11593623    0.11365348    0.00000000    0.08099767    0.09227462    0.22359975    0.27756986    0.27442162    0.24137084    0.24137084    0.22945336    0.23044343    0.20573578
T10            0.28921113    0.16870845    0.16451198    0.15411573    0.18213922    0.17926940    0.17431548    0.18277544    0.18052439    0.13879413    0.10147096    0.10624625    0.10398691    0.08099767    0.00000000    0.01006767    0.21494617    0.27129313    0.27442162    0.23537650    0.24743812    0.23537650    0.21870106    0.20295590
T5             0.30103635    0.18141597    0.17717436    0.16658516    0.19510680    0.19217609    0.18444237    0.19301701    0.19349209    0.15098194    0.11306891    0.11792549    0.11563201    0.09227462    0.01006767    0.00000000    0.22621603    0.28601248    0.28921113    0.24940812    0.26173023    0.24940812    0.23240614    0.21629837
T18            0.25020698    0.20669377    0.19931886    0.18007079    0.21727037    0.21416963    0.19830695    0.22099306    0.19931886    0.23888229    0.23147768    0.23147768    0.22884198    0.22359975    0.21494617    0.22621603    0.00000000    0.19470804    0.19470804    0.15687087    0.16432364    0.15911211    0.13948880    0.13148755
T12            0.32268737    0.27870080    0.26760609    0.25447527    0.28637563    0.28283423    0.26234100    0.29077272    0.26683526    0.31267428    0.29893203    0.29893203    0.29606514    0.27756986    0.27129313    0.28601248    0.19470804    0.00000000    0.00603639    0.19374319    0.20780103    0.19652323    0.17759584    0.18911355
T4             0.31267428    0.27552239    0.26446757    0.25143256    0.28637563    0.28283423    0.25927971    0.28753240    0.26371643    0.30938077    0.29567063    0.29567063    0.29281434    0.27442162    0.27442162    0.28921113    0.19470804    0.00603639    0.00000000    0.18549485    0.19931886    0.18822916    0.17491299    0.18643089
T13            0.26922569    0.22682959    0.20495758    0.20213025    0.22945336    0.22041354    0.21810021    0.23871167    0.21642997    0.26922569    0.23802756    0.23802756    0.23537650    0.24137084    0.23537650    0.24940812    0.15687087    0.19374319    0.18549485    0.00000000    0.04559790    0.04128679    0.11078719    0.15188447
T1             0.28753240    0.23802756    0.22453769    0.21580817    0.24671899    0.23738315    0.24102468    0.26252457    0.23943529    0.26683526    0.24940812    0.24940812    0.24671899    0.24137084    0.24743812    0.26173023    0.16432364    0.20780103    0.19931886    0.04559790    0.00000000    0.00806486    0.13010836    0.17204374
T7             0.28431300    0.22621603    0.21293196    0.20440155    0.23473006    0.22564133    0.22914279    0.25012566    0.22748181    0.25447527    0.23738315    0.23738315    0.23473006    0.22945336    0.23537650    0.24940812    0.15911211    0.19652323    0.18822916    0.04128679    0.00806486    0.00000000    0.12022661    0.16153812
T20            0.26097759    0.21901570    0.20300879    0.19176254    0.22682959    0.22359975    0.21901570    0.24285482    0.21743294    0.26335667    0.23836467    0.23836467    0.23273524    0.23044343    0.21870106    0.23240614    0.13948880    0.17759584    0.17491299    0.11078719    0.13010836    0.12022661    0.00000000    0.14693282
T0             0.24398633    0.19452255    0.19257827    0.17117073    0.20217972    0.19928282    0.19181072    0.21111074    0.19257827    0.22618551    0.20830744    0.20830744    0.20573578    0.20573578    0.20295590    0.21629837    0.13148755    0.18911355    0.18643089    0.15188447    0.17204374    0.16153812    0.14693282    0.00000000

