24
T12            0.00000000    0.27129535    0.27096001    0.26852276    0.24873329    0.23678031    0.25246235    0.30350105    0.21236580    0.25753879    0.24707560    0.24707560    0.26486137    0.25111254    0.20900856    0.21467919    0.19279416    0.19301812    0.22621766    0.24571808    0.22001803    0.22592410    0.20596239    0.18865761
T0             0.27129535    0.00000000    0.01414115    0.19785716    0.17945735    0.16397335    0.15428604    0.18985253    0.11480842    0.28499304    0.26786063    0.26171909    0.27654006    0.30320567    0.26418059    0.25212006    0.24619745    0.24891158    0.28355381    0.26613531    0.28836227    0.30153891    0.27063556    0.26060003
T22            0.27096001    0.01414115    0.00000000    0.19532109    0.17166909    0.16153884    0.15188515    0.18734051    0.11250972    0.29101141    0.26754581    0.26142317    0.27621811    0.30611149    0.26389692    0.25187284    0.24596781    0.24868381    0.28885147    0.26891937    0.28471317    0.29119411    0.27342135    0.26034730
T16            0.26852276    0.19785716    0.19532109    0.00000000    0.05194830    0.14344103    0.12659588    0.18158415    0.12436427    0.27342135    0.25049963    0.24452354    0.25292528    0.26944731    0.23520796    0.22701335    0.22090971    0.22072418    0.25897375    0.26694879    0.26646805    0.28879255    0.28532236    0.25784864
T7             0.24873329    0.17945735    0.17166909    0.05194830    0.00000000    0.13184897    0.11765551    0.17224539    0.11282248    0.25960022    0.23707762    0.23118951    0.23355770    0.25565227    0.22485401    0.21111197    0.21067717    0.21047419    0.24241601    0.24425058    0.26212462    0.27479952    0.26509650    0.24722077
T13            0.23678031    0.16397335    0.16153884    0.14344103    0.13184897    0.00000000    0.07833141    0.12008971    0.09685830    0.22943937    0.24540410    0.23944572    0.25382518    0.24619745    0.21028086    0.21028086    0.19689226    0.19672738    0.23303054    0.23209719    0.24906663    0.26135099    0.25594035    0.25460633
T8             0.25246235    0.15428604    0.15188515    0.12659588    0.11765551    0.07833141    0.00000000    0.09877692    0.08772067    0.23861823    0.23412487    0.22827132    0.24241601    0.24373566    0.20788953    0.20511740    0.20236058    0.20218071    0.22773839    0.22437733    0.26293988    0.27569606    0.26576089    0.24965837
T23            0.30350105    0.18985253    0.18734051    0.18158415    0.17224539    0.12008971    0.09877692    0.00000000    0.14000326    0.27129535    0.25753879    0.25447732    0.27236649    0.30066948    0.27096001    0.26478041    0.25867645    0.25838981    0.28355381    0.29169931    0.31165505    0.32898513    0.31425831    0.30320567
T5             0.21236580    0.11480842    0.11250972    0.12436427    0.11282248    0.09685830    0.08772067    0.14000326    0.00000000    0.23090957    0.21781554    0.21209608    0.22592539    0.23012942    0.18946516    0.18408518    0.17612249    0.17597824    0.21442029    0.21067717    0.21839747    0.23010554    0.21652818    0.21306845
T19            0.25753879    0.28499304    0.29101141    0.27342135    0.25960022    0.22943937    0.23861823    0.27129535    0.23090957    0.00000000    0.07651319    0.08342819    0.09698266    0.21236580    0.17782070    0.18052544    0.16979341    0.16959106    0.19706939    0.19325116    0.28316282    0.28405785    0.29732019    0.28958719
T9             0.24707560    0.26786063    0.26754581    0.25049963    0.23707762    0.24540410    0.23412487    0.25753879    0.21781554    0.07651319    0.00000000    0.01420029    0.05213535    0.18847509    0.16028703    0.16028703    0.14986311    0.14967371    0.17634323    0.18076540    0.26609846    0.27339438    0.28231149    0.25928169
T3             0.24707560    0.26171909    0.26142317    0.24452354    0.23118951    0.23944572    0.22827132    0.25447732    0.21209608    0.08342819    0.01420029    0.00000000    0.05875958    0.19123215    0.16292742    0.16292742    0.15244873    0.15225263    0.17634323    0.18076540    0.26609846    0.27339438    0.27910227    0.25928169
T2             0.26486137    0.27654006    0.27621811    0.25292528    0.23355770    0.25382518    0.24241601    0.27236649    0.22592539    0.09698266    0.05213535    0.05875958    0.00000000    0.22129882    0.19176381    0.19176381    0.17000435    0.16979341    0.20301029    0.20751175    0.28780502    0.29211433    0.29119411    0.26478041
T1             0.25111254    0.30320567    0.30611149    0.26944731    0.25565227    0.24619745    0.24373566    0.30066948    0.23012942    0.21236580    0.18847509    0.19123215    0.22129882    0.00000000    0.03066933    0.05835878    0.10349568    0.10814389    0.17045190    0.18573320    0.26922800    0.27870336    0.28713825    0.27280800
T20            0.20900856    0.26418059    0.26389692    0.23520796    0.22485401    0.21028086    0.20788953    0.27096001    0.18946516    0.17782070    0.16028703    0.16292742    0.19176381    0.03066933    0.00000000    0.02648483    0.07395391    0.07841253    0.13530659    0.15244873    0.22592539    0.23770222    0.24510033    0.23209719
T18            0.21467919    0.25212006    0.25187284    0.22701335    0.21111197    0.21028086    0.20511740    0.26478041    0.18408518    0.18052544    0.16028703    0.16292742    0.19176381    0.05835878    0.02648483    0.00000000    0.07169595    0.07613915    0.13747014    0.15465035    0.22013966    0.23473183    0.24212119    0.23209719
T4             0.19279416    0.24619745    0.24596781    0.22090971    0.21067717    0.19689226    0.20236058    0.25867645    0.17612249    0.16979341    0.14986311    0.15244873    0.17000435    0.10349568    0.07395391    0.07169595    0.00000000    0.00805157    0.12037210    0.13462475    0.22592539    0.23473183    0.24212119    0.21792100
T10            0.19301812    0.24891158    0.24868381    0.22072418    0.21047419    0.19672738    0.20218071    0.25838981    0.17597824    0.16959106    0.14967371    0.15225263    0.16979341    0.10814389    0.07841253    0.07613915    0.00805157    0.00000000    0.12022704    0.13447416    0.22564287    0.23442339    0.23594863    0.21775336
T21            0.22621766    0.28355381    0.28885147    0.25897375    0.24241601    0.23303054    0.22773839    0.28355381    0.21442029    0.19706939    0.17634323    0.17634323    0.20301029    0.17045190    0.13530659    0.13747014    0.12037210    0.12022704    0.00000000    0.08562924    0.25282549    0.25900560    0.26721779    0.24965837
T11            0.24571808    0.26613531    0.26891937    0.26694879    0.24425058    0.23209719    0.22437733    0.29169931    0.21067717    0.19325116    0.18076540    0.18076540    0.20751175    0.18573320    0.15244873    0.15465035    0.13462475    0.13447416    0.08562924    0.00000000    0.26683761    0.26997616    0.29119411    0.27280800
T6             0.22001803    0.28836227    0.28471317    0.26646805    0.26212462    0.24906663    0.26293988    0.31165505    0.21839747    0.28316282    0.26609846    0.26609846    0.28780502    0.26922800    0.22592539    0.22013966    0.22592539    0.22564287    0.25282549    0.26683761    0.00000000    0.06735651    0.24476272    0.22592539
T15            0.22592410    0.30153891    0.29119411    0.28879255    0.27479952    0.26135099    0.27569606    0.32898513    0.23010554    0.28405785    0.27339438    0.27339438    0.29211433    0.27870336    0.23770222    0.23473183    0.23473183    0.23442339    0.25900560    0.26997616    0.06735651    0.00000000    0.25088607    0.24069040
T17            0.20596239    0.27063556    0.27342135    0.28532236    0.26509650    0.25594035    0.26576089    0.31425831    0.21652818    0.29732019    0.28231149    0.27910227    0.29119411    0.28713825    0.24510033    0.24212119    0.24212119    0.23594863    0.26721779    0.29119411    0.24476272    0.25088607    0.00000000    0.09402028
T14            0.18865761    0.26060003    0.26034730    0.25784864    0.24722077    0.25460633    0.24965837    0.30320567    0.21306845    0.28958719    0.25928169    0.25928169    0.26478041    0.27280800    0.23209719    0.23209719    0.21792100    0.21775336    0.24965837    0.27280800    0.22592539    0.24069040    0.09402028    0.00000000

