24
T6             0.00000000    0.22682150    0.27991697    0.25627550    0.23870222    0.27312029    0.23835553    0.22359225    0.24872233    0.22913494    0.24067962    0.24182741    0.24808712    0.20951469    0.23536771    0.28110267    0.25861026    0.27435163    0.27435163    0.28188728    0.27158494    0.26566073    0.16269869    0.28215207
T12            0.22682150    0.00000000    0.15026185    0.09922146    0.08308812    0.12514070    0.21235778    0.20387667    0.22484635    0.21157785    0.22040661    0.22460335    0.22773041    0.18984712    0.20061548    0.25350437    0.24364463    0.24364463    0.24672482    0.25087282    0.24939980    0.24058334    0.16824468    0.30261742
T9             0.27991697    0.15026185    0.00000000    0.14510431    0.13278276    0.17558387    0.28639701    0.27352003    0.27792472    0.26921504    0.27513347    0.28317628    0.28995723    0.24539390    0.28229606    0.34640469    0.32539839    0.33255236    0.32896255    0.32952960    0.32834686    0.31485620    0.22852267    0.36599299
T21            0.25627550    0.09922146    0.14510431    0.00000000    0.04776712    0.09462149    0.25318593    0.23801873    0.25079058    0.24302561    0.24872233    0.25653741    0.25685677    0.22591654    0.24706360    0.29687500    0.29651289    0.29314133    0.28979241    0.30061903    0.30276149    0.29314133    0.20078073    0.30509084
T22            0.23870222    0.08308812    0.13278276    0.04776712    0.00000000    0.08550941    0.22976526    0.21809304    0.24240621    0.22883441    0.23441375    0.24211172    0.24839960    0.20925336    0.23272649    0.28229606    0.27759760    0.27433621    0.27109600    0.27522592    0.28037413    0.27109600    0.18733408    0.31941798
T3             0.27312029    0.12514070    0.17558387    0.09462149    0.08550941    0.00000000    0.28271580    0.26682432    0.28636430    0.27830135    0.28110267    0.29241861    0.29932415    0.25110188    0.27949674    0.33175414    0.31083720    0.30400188    0.31083720    0.31505214    0.31373600    0.30400188    0.22225810    0.36288403
T11            0.23835553    0.21235778    0.28639701    0.25318593    0.22976526    0.28271580    0.00000000    0.03497182    0.11349389    0.09488055    0.10668575    0.11065657    0.11562998    0.09017298    0.11609729    0.25381445    0.25627550    0.26484732    0.25861026    0.26370589    0.25899213    0.24706360    0.18427982    0.29974049
T10            0.22359225    0.20387667    0.27352003    0.23801873    0.21809304    0.26682432    0.03497182    0.00000000    0.09909891    0.08088904    0.09239365    0.09195564    0.09909891    0.07651193    0.10398515    0.24539390    0.25011537    0.25861026    0.25245021    0.26299764    0.24742788    0.24101550    0.17068260    0.29319705
T23            0.24872233    0.22484635    0.27792472    0.25079058    0.24240621    0.28636430    0.11349389    0.09909891    0.00000000    0.05859826    0.07195483    0.07825656    0.08060898    0.08750753    0.11078541    0.28248226    0.26759443    0.27949674    0.27312029    0.28391496    0.27991697    0.26133785    0.19678494    0.32691242
T1             0.22913494    0.21157785    0.26921504    0.24302561    0.22883441    0.27830135    0.09488055    0.08088904    0.05859826    0.00000000    0.02454902    0.03064645    0.03277467    0.06960342    0.09227328    0.24991903    0.24438539    0.25281296    0.24670940    0.25413496    0.24706360    0.23536771    0.17535016    0.30758909
T19            0.24067962    0.22040661    0.27513347    0.24872233    0.23441375    0.28110267    0.10668575    0.09239365    0.07195483    0.02454902    0.00000000    0.03906992    0.04124117    0.08088904    0.09922146    0.25866631    0.25318593    0.26171904    0.25552073    0.26299764    0.26211065    0.24403038    0.18597279    0.31382850
T20            0.24182741    0.22460335    0.28317628    0.25653741    0.24211172    0.29241861    0.11065657    0.09195564    0.07825656    0.03064645    0.03906992    0.00000000    0.01414113    0.08281352    0.10803417    0.26361454    0.25480715    0.26334647    0.25718661    0.26476943    0.26370589    0.24570753    0.18733514    0.31819042
T4             0.24808712    0.22773041    0.28995723    0.25685677    0.24839960    0.29932415    0.11562998    0.09909891    0.08060898    0.03277467    0.04124117    0.01414113    0.00000000    0.08750753    0.10814210    0.27000872    0.26370589    0.27235305    0.26609665    0.27373265    0.27589921    0.25752690    0.19576867    0.31855269
T2             0.20951469    0.18984712    0.24539390    0.22591654    0.20925336    0.25110188    0.09017298    0.07651193    0.08750753    0.06960342    0.08088904    0.08281352    0.08750753    0.00000000    0.07859481    0.23328073    0.23239768    0.24067962    0.23472186    0.24509047    0.24101550    0.22944523    0.15985744    0.28000849
T15            0.23536771    0.20061548    0.28229606    0.24706360    0.23272649    0.27949674    0.11609729    0.10398515    0.11078541    0.09227328    0.09922146    0.10803417    0.10814210    0.07859481    0.00000000    0.25622857    0.24706360    0.25552073    0.24636531    0.25685677    0.25589298    0.24403038    0.17828837    0.30468752
T0             0.28110267    0.25350437    0.34640469    0.29687500    0.28229606    0.33175414    0.25381445    0.24539390    0.28248226    0.24991903    0.25866631    0.26361454    0.27000872    0.23328073    0.25622857    0.00000000    0.23737490    0.24636531    0.24636531    0.24479728    0.24368540    0.23207866    0.22329912    0.33766236
T7             0.25861026    0.24364463    0.32539839    0.29651289    0.27759760    0.31083720    0.25627550    0.25011537    0.26759443    0.24438539    0.25318593    0.25480715    0.26370589    0.23239768    0.24706360    0.23737490    0.00000000    0.03082432    0.03082432    0.03697624    0.03919219    0.03710430    0.20300156    0.33727075
T17            0.27435163    0.24364463    0.33255236    0.29314133    0.27433621    0.30400188    0.26484732    0.25861026    0.27949674    0.25281296    0.26171904    0.26334647    0.27235305    0.24067962    0.25552073    0.24636531    0.03082432    0.00000000    0.03294775    0.03910415    0.04565881    0.03924595    0.21742413    0.34429776
T14            0.27435163    0.24672482    0.32896255    0.28979241    0.27109600    0.31083720    0.25861026    0.25245021    0.27312029    0.24670940    0.25552073    0.25718661    0.26609665    0.23472186    0.24636531    0.24636531    0.03082432    0.03294775    0.00000000    0.01822289    0.04565881    0.04355701    0.21450607    0.33824880
T16            0.28188728    0.25087282    0.32952960    0.30061903    0.27522592    0.31505214    0.26370589    0.26299764    0.28391496    0.25413496    0.26299764    0.26476943    0.27373265    0.24509047    0.25685677    0.24479728    0.03697624    0.03910415    0.01822289    0.00000000    0.05189896    0.04977362    0.21869336    0.34990317
T13            0.27158494    0.24939980    0.32834686    0.30276149    0.28037413    0.31373600    0.25899213    0.24742788    0.27991697    0.24706360    0.26211065    0.26370589    0.27589921    0.24101550    0.25589298    0.24368540    0.03919219    0.04565881    0.04565881    0.05189896    0.00000000    0.02656497    0.21485016    0.34126698
T8             0.26566073    0.24058334    0.31485620    0.29314133    0.27109600    0.30400188    0.24706360    0.24101550    0.26133785    0.23536771    0.24403038    0.24570753    0.25752690    0.22944523    0.24403038    0.23207866    0.03710430    0.03924595    0.04355701    0.04977362    0.02656497    0.00000000    0.20363211    0.33474762
T5             0.16269869    0.16824468    0.22852267    0.20078073    0.18733408    0.22225810    0.18427982    0.17068260    0.19678494    0.17535016    0.18597279    0.18733514    0.19576867    0.15985744    0.17828837    0.22329912    0.20300156    0.21742413    0.21450607    0.21869336    0.21485016    0.20363211    0.00000000    0.16978845
T18            0.28215207    0.30261742    0.36599299    0.30509084    0.31941798    0.36288403    0.29974049    0.29319705    0.32691242    0.30758909    0.31382850    0.31819042    0.31855269    0.28000849    0.30468752    0.33766236    0.33727075    0.34429776    0.33824880    0.34990317    0.34126698    0.33474762    0.16978845    0.00000000

