24
T3             0.00000000    0.35925788    0.35561488    0.33228521    0.32583799    0.34032435    0.35094312    0.35094312    0.38877136    0.36124553    0.34644470    0.33931469    0.37586951    0.34233313    0.39384882    0.36535587    0.36910871    0.33384850    0.30019658    0.32239605    0.31857984    0.30612244    0.30976112    0.32750884
T17            0.35925788    0.00000000    0.00200402    0.17829849    0.18127564    0.18255935    0.19349772    0.19349772    0.21987953    0.20388860    0.20780791    0.20496422    0.22485977    0.19349772    0.23343172    0.19795936    0.19513968    0.18457396    0.16850044    0.19795936    0.22391061    0.21581551    0.21036885    0.20926591
T0             0.35561488    0.00200402    0.00000000    0.18101817    0.18401778    0.18527153    0.19627023    0.19627023    0.22275585    0.20670013    0.21066791    0.20780791    0.22774434    0.19627023    0.23642924    0.20079508    0.19795936    0.18734664    0.17119085    0.20079508    0.22683768    0.21870866    0.21323706    0.21210140
T23            0.33228521    0.17829849    0.18101817    0.00000000    0.02656521    0.08089110    0.09488367    0.09488367    0.11549324    0.10398860    0.11856028    0.12813566    0.13198728    0.09205661    0.17267648    0.14832917    0.14573661    0.13845599    0.14552006    0.18210006    0.19028047    0.18799854    0.18278040    0.17698121
T13            0.32583799    0.18127564    0.18401778    0.02656521    0.00000000    0.08099872    0.08563017    0.08563017    0.12052659    0.10413007    0.12121416    0.13083656    0.14218809    0.09922450    0.17338247    0.14596116    0.14337531    0.13611699    0.15355508    0.17963474    0.19325555    0.19098409    0.18573734    0.17986185
T19            0.34032435    0.18255935    0.18527153    0.08089110    0.08099872    0.00000000    0.05639127    0.05419295    0.10599060    0.08089110    0.12268096    0.12731847    0.15395774    0.10803710    0.17431972    0.13462681    0.13713452    0.12994905    0.14748437    0.18954772    0.19511213    0.19279841    0.18755350    0.18714448
T2             0.35094312    0.19349772    0.19627023    0.09488367    0.08563017    0.05639127    0.00000000    0.00200402    0.10599060    0.09725443    0.13011092    0.12485413    0.16171476    0.12009133    0.19050600    0.15505076    0.15766360    0.15026923    0.16270702    0.20364702    0.20574172    0.20340643    0.19808252    0.19764993
T9             0.35094312    0.19349772    0.19627023    0.09488367    0.08563017    0.05419295    0.00200402    0.00000000    0.10360862    0.09488367    0.13011092    0.12485413    0.16171476    0.12009133    0.19050600    0.15505076    0.15766360    0.15026923    0.16270702    0.20364702    0.20574172    0.20340643    0.19808252    0.19764993
T8             0.38877136    0.21987953    0.22275585    0.11549324    0.12052659    0.10599060    0.10599060    0.10360862    0.00000000    0.12994905    0.16735328    0.17760052    0.18965828    0.14393459    0.21393637    0.19374893    0.19652919    0.17782447    0.17986185    0.23572344    0.23303671    0.22774434    0.22223671    0.22175670
T4             0.36124553    0.20388860    0.20670013    0.10398860    0.10413007    0.08089110    0.09725443    0.09488367    0.12994905    0.00000000    0.15505076    0.15986514    0.17965697    0.13198728    0.21210140    0.18650244    0.18926737    0.16535453    0.18349649    0.22521932    0.21914023    0.22537602    0.21987953    0.21937694
T10            0.34644470    0.20780791    0.21066791    0.11856028    0.12121416    0.12268096    0.13011092    0.13011092    0.16735328    0.15505076    0.00000000    0.05213569    0.13697758    0.09698381    0.20468147    0.18210006    0.18486508    0.16901835    0.18734664    0.21486696    0.22652591    0.22360742    0.21810752    0.23442998
T11            0.33931469    0.20496422    0.20780791    0.12813566    0.13083656    0.12731847    0.12485413    0.12485413    0.17760052    0.15986514    0.05213569    0.00000000    0.14932207    0.11106963    0.21612186    0.19044154    0.19325333    0.17717793    0.19513968    0.22891067    0.22884990    0.22593147    0.22042083    0.23678692
T1             0.37586951    0.22485977    0.22774434    0.13198728    0.14218809    0.15395774    0.16171476    0.16171476    0.18965828    0.17965697    0.13697758    0.14932207    0.00000000    0.12426363    0.24212804    0.21551858    0.21551858    0.20468147    0.19279841    0.23473852    0.23148572    0.21987953    0.22014536    0.22485977
T5             0.34233313    0.19349772    0.19627023    0.09205661    0.09922450    0.10803710    0.12009133    0.12009133    0.14393459    0.13198728    0.09698381    0.11106963    0.12426363    0.00000000    0.17167237    0.16558530    0.16558530    0.15026923    0.16270702    0.19736032    0.21184105    0.20388860    0.19855203    0.20317935
T15            0.39384882    0.23343172    0.23642924    0.17267648    0.17338247    0.17431972    0.19050600    0.19050600    0.21393637    0.21210140    0.20468147    0.21612186    0.24212804    0.17167237    0.00000000    0.13297227    0.13549913    0.12333182    0.20301562    0.22818127    0.25517905    0.24977174    0.23803646    0.24037118
T18            0.36535587    0.19795936    0.20079508    0.14832917    0.14596116    0.13462681    0.15505076    0.15505076    0.19374893    0.18650244    0.18210006    0.19044154    0.21551858    0.16558530    0.13297227    0.00000000    0.00603640    0.03508080    0.18611595    0.21377474    0.24247888    0.23717419    0.22557039    0.22715913
T21            0.36910871    0.19513968    0.19795936    0.14573661    0.14337531    0.13713452    0.15766360    0.15766360    0.19652919    0.18926737    0.18486508    0.19325333    0.21551858    0.16558530    0.13549913    0.00603640    0.00000000    0.03722254    0.18892784    0.21672814    0.24553146    0.24020824    0.22854119    0.23011223
T12            0.33384850    0.18457396    0.18734664    0.13845599    0.13611699    0.12994905    0.15026923    0.15026923    0.17782447    0.16535453    0.16901835    0.17717793    0.20468147    0.15026923    0.12333182    0.03508080    0.03722254    0.00000000    0.16472944    0.19710201    0.22227487    0.21709724    0.20586752    0.20751705
T22            0.30019658    0.16850044    0.17119085    0.14552006    0.15355508    0.14748437    0.16270702    0.16270702    0.17986185    0.18349649    0.18734664    0.19513968    0.19279841    0.16270702    0.20301562    0.18611595    0.18892784    0.16472944    0.00000000    0.08551179    0.15687441    0.14438985    0.13949159    0.15411905
T20            0.32239605    0.19795936    0.20079508    0.18210006    0.17963474    0.18954772    0.20364702    0.20364702    0.23572344    0.22521932    0.21486696    0.22891067    0.23473852    0.19736032    0.22818127    0.21377474    0.21672814    0.19710201    0.08551179    0.00000000    0.19374893    0.18052935    0.17535955    0.18527153
T7             0.31857984    0.22391061    0.22683768    0.19028047    0.19325555    0.19511213    0.20574172    0.20574172    0.23303671    0.21914023    0.22652591    0.22884990    0.23148572    0.21184105    0.25517905    0.24247888    0.24553146    0.22227487    0.15687441    0.19374893    0.00000000    0.03914535    0.03492758    0.04545381
T14            0.30612244    0.21581551    0.21870866    0.18799854    0.19098409    0.19279841    0.20340643    0.20340643    0.22774434    0.22537602    0.22360742    0.22593147    0.21987953    0.20388860    0.24977174    0.23717419    0.24020824    0.21709724    0.14438985    0.18052935    0.03914535    0.00000000    0.01212511    0.04124162
T6             0.30976112    0.21036885    0.21323706    0.18278040    0.18573734    0.18755350    0.19808252    0.19808252    0.22223671    0.21987953    0.21810752    0.22042083    0.22014536    0.19855203    0.23803646    0.22557039    0.22854119    0.20586752    0.13949159    0.17535955    0.03492758    0.01212511    0.00000000    0.03488938
T16            0.32750884    0.20926591    0.21210140    0.17698121    0.17986185    0.18714448    0.19764993    0.19764993    0.22175670    0.21937694    0.23442998    0.23678692    0.22485977    0.20317935    0.24037118    0.22715913    0.23011223    0.20751705    0.15411905    0.18527153    0.04545381    0.04124162    0.03488938    0.00000000

