24
T7             0.00000000    0.25686449    0.25686449    0.23504614    0.23769830    0.25351197    0.23738137    0.30800298    0.29933474    0.28713323    0.27514231    0.26447298    0.24398666    0.26575707    0.30103535    0.30683109    0.29242881    0.27095693    0.26113657    0.24939798    0.24939798    0.25237675    0.22248356    0.20317323
T15            0.25686449    0.00000000    0.00603638    0.09043939    0.08796027    0.13948833    0.12022614    0.24136797    0.23341956    0.23114833    0.21708610    0.21292996    0.19879333    0.24780923    0.29118783    0.30017888    0.28835586    0.26211853    0.24906243    0.24940560    0.24940560    0.25788528    0.20809854    0.32581653
T18            0.25686449    0.00603638    0.00000000    0.08809108    0.08562844    0.13948833    0.12022614    0.24439219    0.23641658    0.23414540    0.22001287    0.21292996    0.19879333    0.24780923    0.29118783    0.30017888    0.28835586    0.26211853    0.24906243    0.25245751    0.25245751    0.26097495    0.20809854    0.32237537
T16            0.23504614    0.09043939    0.08809108    0.00000000    0.00602722    0.10134970    0.07850030    0.20554781    0.19232723    0.19292934    0.17962654    0.17582961    0.16248656    0.21161004    0.24671635    0.25516625    0.24403717    0.21128359    0.20722714    0.21264173    0.21264173    0.20695520    0.16849386    0.28230530
T6             0.23769830    0.08796027    0.08562844    0.00602722    0.00000000    0.10360681    0.08069594    0.20809854    0.19483500    0.19543524    0.18209184    0.17829189    0.16491314    0.21417641    0.24940560    0.25788528    0.24671635    0.21385082    0.20979036    0.21522242    0.21522242    0.20951967    0.17093066    0.28511573
T1             0.25351197    0.13948833    0.13948833    0.10134970    0.10360681    0.00000000    0.06709218    0.20900646    0.20133278    0.19959264    0.18623134    0.18526559    0.17450546    0.21839384    0.24779217    0.25623639    0.24809432    0.22041215    0.20853097    0.22198477    0.22198477    0.23063750    0.18277445    0.30841727
T9             0.23738137    0.12022614    0.12022614    0.07850030    0.08069594    0.06709218    0.00000000    0.19879333    0.19122936    0.17854159    0.16824781    0.17000238    0.15687031    0.20185398    0.23649053    0.24480437    0.23677745    0.21522242    0.20062016    0.21726941    0.21726941    0.21441812    0.17289725    0.28149871
T4             0.30800298    0.24136797    0.24439219    0.20554781    0.20809854    0.20900646    0.19879333    0.00000000    0.02447279    0.14236197    0.12761883    0.21580601    0.20158878    0.27199424    0.30355936    0.30938092    0.30066629    0.28354956    0.27341889    0.24992660    0.24992660    0.27063292    0.25210500    0.33427798
T19            0.29933474    0.23341956    0.23641658    0.19232723    0.19483500    0.20133278    0.19122936    0.02447279    0.00000000    0.13783795    0.12315424    0.20809854    0.19959264    0.26371392    0.30469866    0.31051412    0.30180851    0.28149871    0.27442012    0.25079798    0.25079798    0.26541994    0.24707056    0.31849756
T5             0.28713323    0.23114833    0.23414540    0.19292934    0.19543524    0.19959264    0.17854159    0.14236197    0.13783795    0.00000000    0.02236492    0.20300619    0.18623134    0.26760267    0.29242881    0.29815499    0.28637406    0.27273991    0.26026490    0.24540090    0.24540090    0.24779217    0.22390068    0.34036905
T17            0.27514231    0.21708610    0.22001287    0.17962654    0.18209184    0.18623134    0.16824781    0.12761883    0.12315424    0.02236492    0.00000000    0.19232723    0.17582961    0.25899981    0.28996715    0.29566878    0.28392444    0.26408388    0.25176277    0.24303240    0.24303240    0.24540090    0.22160836    0.32734077
T0             0.26447298    0.21292996    0.21292996    0.17582961    0.17829189    0.18526559    0.17000238    0.21580601    0.20809854    0.20300619    0.19232723    0.00000000    0.05399121    0.23063750    0.28283328    0.28849769    0.28249194    0.24750035    0.23811663    0.24721888    0.24721888    0.24721888    0.20900646    0.31761317
T10            0.24398666    0.19879333    0.19879333    0.16248656    0.16491314    0.17450546    0.15687031    0.20158878    0.19959264    0.18623134    0.17582961    0.05399121    0.00000000    0.21441812    0.26171680    0.26723992    0.26142131    0.23037779    0.22131022    0.23254280    0.23254280    0.22965870    0.19510662    0.29853668
T20            0.26575707    0.24780923    0.24780923    0.21161004    0.21417641    0.21839384    0.20185398    0.27199424    0.26371392    0.26760267    0.25899981    0.23063750    0.21441812    0.00000000    0.13027711    0.14000168    0.12795313    0.11416958    0.10894902    0.21035977    0.21035977    0.22193127    0.15787625    0.31019205
T12            0.30103535    0.29118783    0.29118783    0.24671635    0.24940560    0.24779217    0.23649053    0.30355936    0.30469866    0.29242881    0.28996715    0.28283328    0.26171680    0.13027711    0.00000000    0.02450780    0.01824816    0.08069594    0.07599427    0.23355543    0.23355543    0.24540090    0.18549373    0.33728444
T11            0.30683109    0.30017888    0.30017888    0.25516625    0.25788528    0.25623639    0.24480437    0.30938092    0.31051412    0.29815499    0.29566878    0.28849769    0.26723992    0.14000168    0.02450780    0.00000000    0.03492734    0.09439240    0.08954979    0.23302898    0.23302898    0.24183435    0.19049977    0.35398907
T2             0.29242881    0.28835586    0.28835586    0.24403717    0.24671635    0.24809432    0.23677745    0.30066629    0.30180851    0.28637406    0.28392444    0.28249194    0.26142131    0.12795313    0.01824816    0.03492734    0.00000000    0.07850030    0.07380514    0.23090716    0.23090716    0.23973872    0.18029210    0.34481963
T14            0.27095693    0.26211853    0.26211853    0.21128359    0.21385082    0.22041215    0.21522242    0.28354956    0.28149871    0.27273991    0.26408388    0.24750035    0.23037779    0.11416958    0.08069594    0.09439240    0.07850030    0.00000000    0.03694671    0.20062016    0.20062016    0.22041215    0.16778102    0.31219209
T3             0.26113657    0.24906243    0.24906243    0.20722714    0.20979036    0.20853097    0.20062016    0.27341889    0.27442012    0.26026490    0.25176277    0.23811663    0.22131022    0.10894902    0.07599427    0.08954979    0.07380514    0.03694671    0.00000000    0.19744242    0.19744242    0.21416909    0.15946921    0.30800298
T21            0.24939798    0.24940560    0.25245751    0.21264173    0.21522242    0.22198477    0.21726941    0.24992660    0.25079798    0.24540090    0.24303240    0.24721888    0.23254280    0.21035977    0.23355543    0.23302898    0.23090716    0.20062016    0.19744242    0.00000000    0.00000000    0.11021859    0.11490285    0.30103535
T23            0.24939798    0.24940560    0.25245751    0.21264173    0.21522242    0.22198477    0.21726941    0.24992660    0.25079798    0.24540090    0.24303240    0.24721888    0.23254280    0.21035977    0.23355543    0.23302898    0.23090716    0.20062016    0.19744242    0.00000000    0.00000000    0.11021859    0.11490285    0.30103535
T13            0.25237675    0.25788528    0.26097495    0.20695520    0.20951967    0.23063750    0.21441812    0.27063292    0.26541994    0.24779217    0.24540090    0.24721888    0.22965870    0.22193127    0.24540090    0.24183435    0.23973872    0.22041215    0.21416909    0.11021859    0.11021859    0.00000000    0.12485160    0.29962960
T22            0.22248356    0.20809854    0.20809854    0.16849386    0.17093066    0.18277445    0.17289725    0.25210500    0.24707056    0.22390068    0.22160836    0.20900646    0.19510662    0.15787625    0.18549373    0.19049977    0.18029210    0.16778102    0.15946921    0.11490285    0.11490285    0.12485160    0.00000000    0.26851909
T8             0.20317323    0.32581653    0.32237537    0.28230530    0.28511573    0.30841727    0.28149871    0.33427798    0.31849756    0.34036905    0.32734077    0.31761317    0.29853668    0.31019205    0.33728444    0.35398907    0.34481963    0.31219209    0.30800298    0.30103535    0.30103535    0.29962960    0.26851909    0.00000000

