24
T18            0.00000000    0.36534399    0.35550164    0.30722823    0.38220840    0.33957772    0.31791208    0.30770003    0.30676799    0.30100621    0.30388137    0.35299040    0.30256878    0.30966616    0.29113079    0.31012608    0.29769265    0.31257598    0.32084460    0.14830722    0.14037004    0.14292839    0.16822792    0.15545887
T15            0.36534399    0.00000000    0.01620799    0.08060601    0.29275820    0.23832339    0.23734549    0.23912354    0.23858422    0.23618097    0.23591490    0.28844837    0.23808557    0.24421492    0.23674324    0.24101086    0.25045991    0.26750165    0.27091284    0.38473207    0.39314806    0.38925310    0.43473955    0.41157527
T12            0.35550164    0.01620799    0.00000000    0.08308442    0.30011880    0.23303340    0.23204970    0.23674324    0.23618097    0.23380064    0.23352315    0.28596159    0.23565892    0.24180007    0.22851744    0.23275065    0.24208355    0.25893187    0.26229828    0.39113140    0.39178955    0.38792477    0.44155260    0.41819054
T7             0.30722823    0.08060601    0.08308442    0.00000000    0.26331003    0.20747966    0.20156290    0.20337572    0.20293281    0.19783335    0.19762258    0.24718370    0.19704595    0.20272540    0.20385589    0.21086407    0.21414224    0.23034734    0.22770649    0.35108681    0.34804257    0.34442934    0.38674220    0.36029611
T8             0.38220840    0.29275820    0.30011880    0.26331003    0.00000000    0.13981010    0.13432079    0.22880737    0.23408808    0.22880737    0.23144281    0.26813948    0.22482338    0.23087529    0.24000823    0.24536378    0.23408808    0.24180007    0.23674324    0.38408968    0.39637196    0.40031302    0.43393168    0.38473207
T22            0.33957772    0.23832339    0.23303340    0.20747966    0.13981010    0.00000000    0.05840670    0.17020277    0.17243440    0.16754225    0.16998406    0.22066570    0.16937930    0.17489333    0.16977390    0.16937930    0.16187640    0.16640060    0.17183431    0.35229017    0.34924459    0.35291091    0.38569012    0.36276275
T9             0.31791208    0.23734549    0.23204970    0.20156290    0.13432079    0.05840670    0.00000000    0.14184168    0.15169942    0.14691929    0.14930524    0.19828255    0.14630541    0.15153702    0.15909739    0.14883772    0.14659589    0.15620332    0.16412824    0.32189334    0.32243549    0.32593485    0.37971002    0.32483801
T20            0.30770003    0.23912354    0.23674324    0.20337572    0.22880737    0.17020277    0.14184168    0.00000000    0.06288845    0.06081393    0.06073902    0.13477087    0.09428319    0.09438701    0.13932211    0.15394121    0.15169942    0.15620332    0.16937930    0.33484271    0.32136304    0.32483801    0.37209800    0.33428720
T13            0.30676799    0.23858422    0.23618097    0.20293281    0.23408808    0.17243440    0.15169942    0.06288845    0.00000000    0.00401206    0.00602720    0.13197465    0.08946712    0.08954552    0.14378587    0.15364508    0.15138294    0.15592791    0.16901921    0.33374393    0.32378897    0.32726391    0.36223596    0.34028588
T21            0.30100621    0.23618097    0.23380064    0.19783335    0.22880737    0.16754225    0.14691929    0.06081393    0.00401206    0.00000000    0.00200301    0.12730613    0.08502216    0.08510444    0.13903710    0.14883772    0.14659589    0.15109987    0.16412824    0.32779460    0.32136304    0.32483801    0.35605928    0.33428720
T6             0.30388137    0.23591490    0.23352315    0.19762258    0.23144281    0.16998406    0.14930524    0.06073902    0.00602720    0.00200301    0.00000000    0.12963645    0.08724102    0.08732137    0.14140740    0.15123722    0.14898528    0.15350966    0.16656943    0.33076321    0.32430751    0.32779460    0.35914110    0.33728039
T11            0.35299040    0.28844837    0.28596159    0.24718370    0.26813948    0.22066570    0.19828255    0.13477087    0.13197465    0.12730613    0.12963645    0.00000000    0.10384542    0.10397902    0.17625929    0.19742107    0.19508506    0.19704595    0.20828313    0.36709880    0.38287735    0.39063720    0.42486550    0.37774726
T17            0.30256878    0.23808557    0.23565892    0.19704595    0.22482338    0.16937930    0.14630541    0.09428319    0.08946712    0.08502216    0.08724102    0.10384542    0.00000000    0.01210020    0.13363769    0.14332974    0.14104683    0.14563373    0.15326428    0.32574428    0.32278784    0.32623874    0.36846530    0.32871281
T23            0.30966616    0.24421492    0.24180007    0.20272540    0.23087529    0.17489333    0.15153702    0.09438701    0.08954552    0.08510444    0.08732137    0.10397902    0.01210020    0.00000000    0.13867064    0.14844505    0.14617257    0.15073841    0.15848613    0.33321291    0.33023235    0.33374393    0.37650675    0.33269416
T16            0.29113079    0.23674324    0.22851744    0.20385589    0.24000823    0.16977390    0.15909739    0.13932211    0.14378587    0.13903710    0.14140740    0.17625929    0.13363769    0.13867064    0.00000000    0.10565339    0.09642890    0.11259943    0.12239091    0.33023235    0.33076321    0.33428720    0.36962262    0.34386029
T2             0.31012608    0.24101086    0.23275065    0.21086407    0.24536378    0.16937930    0.14883772    0.15394121    0.15364508    0.14883772    0.15123722    0.19742107    0.14332974    0.14844505    0.10565339    0.00000000    0.05638860    0.08946712    0.09887138    0.32674529    0.33673687    0.33076321    0.38346114    0.33921085
T0             0.29769265    0.25045991    0.24208355    0.21414224    0.23408808    0.16187640    0.14659589    0.15169942    0.15138294    0.14659589    0.14898528    0.19508506    0.14104683    0.14617257    0.09642890    0.05638860    0.00000000    0.07818740    0.08740896    0.32430751    0.32136304    0.32483801    0.36709880    0.32726391
T5             0.31257598    0.26750165    0.25893187    0.23034734    0.24180007    0.16640060    0.15620332    0.15620332    0.15592791    0.15109987    0.15350966    0.19704595    0.14563373    0.15073841    0.11259943    0.08946712    0.07818740    0.00000000    0.04554183    0.33169352    0.34275983    0.34633420    0.38985737    0.34993435
T4             0.32084460    0.27091284    0.26229828    0.22770649    0.23674324    0.17183431    0.16412824    0.16937930    0.16901921    0.16412824    0.16656943    0.20828313    0.15326428    0.15848613    0.12239091    0.09887138    0.08740896    0.04554183    0.00000000    0.34386029    0.34442934    0.34804257    0.39178955    0.34689102
T19            0.14830722    0.38473207    0.39113140    0.35108681    0.38408968    0.35229017    0.32189334    0.33484271    0.33374393    0.32779460    0.33076321    0.36709880    0.32574428    0.33321291    0.33023235    0.32674529    0.32430751    0.33169352    0.34386029    0.00000000    0.10442392    0.10683997    0.12545366    0.09697547
T10            0.14037004    0.39314806    0.39178955    0.34804257    0.39637196    0.34924459    0.32243549    0.32136304    0.32378897    0.32136304    0.32430751    0.38287735    0.32278784    0.33023235    0.33076321    0.33673687    0.32136304    0.34275983    0.34442934    0.10442392    0.00000000    0.01007279    0.06498036    0.08308442
T14            0.14292839    0.38925310    0.38792477    0.34442934    0.40031302    0.35291091    0.32593485    0.32483801    0.32726391    0.32483801    0.32779460    0.39063720    0.32623874    0.33374393    0.33428720    0.33076321    0.32483801    0.34633420    0.34804257    0.10683997    0.01007279    0.00000000    0.06720779    0.08539429
T3             0.16822792    0.43473955    0.44155260    0.38674220    0.43393168    0.38569012    0.37971002    0.37209800    0.36223596    0.35605928    0.35914110    0.42486550    0.36846530    0.37650675    0.36962262    0.38346114    0.36709880    0.38985737    0.39178955    0.12545366    0.06498036    0.06720779    0.00000000    0.10586488
T1             0.15545887    0.41157527    0.41819054    0.36029611    0.38473207    0.36276275    0.32483801    0.33428720    0.34028588    0.33428720    0.33728039    0.37774726    0.32871281    0.33269416    0.34386029    0.33921085    0.32726391    0.34993435    0.34689102    0.09697547    0.08308442    0.08539429    0.10586488    0.00000000

