24
T2             0.00000000    0.31647705    0.32731824    0.32926052    0.34584954    0.32629143    0.32976783    0.32038940    0.29034788    0.32484223    0.30016211    0.32823419    0.33935855    0.31971018    0.27115642    0.26524206    0.25823373    0.26096227    0.26798877    0.26484111    0.24302213    0.24602757    0.28730352    0.28123400
T5             0.31647705    0.00000000    0.01417431    0.05639004    0.06960302    0.05425890    0.06537269    0.16939174    0.15379877    0.16886406    0.28317320    0.35448637    0.35556436    0.29565446    0.29724870    0.29440714    0.26839971    0.27115642    0.29724870    0.29059660    0.25898610    0.25280760    0.29724870    0.29208313
T12            0.32731824    0.01417431    0.00000000    0.05425890    0.06743854    0.05213443    0.06322357    0.16431909    0.15395119    0.17395746    0.28673428    0.35864675    0.35977744    0.29604794    0.29775550    0.29491380    0.27521753    0.27799434    0.29108111    0.28449482    0.26250578    0.25626932    0.29775550    0.29260062
T19            0.32926052    0.05639004    0.05425890    0.00000000    0.02444399    0.01210025    0.02238917    0.17203861    0.15894247    0.18175560    0.28317320    0.34989756    0.35089763    0.31131316    0.30634761    0.30347231    0.28358011    0.28638923    0.30634761    0.30634761    0.26758839    0.26133250    0.31318185    0.30793753
T10            0.34584954    0.06960302    0.06743854    0.02444399    0.00000000    0.02442165    0.03492711    0.18504103    0.17166414    0.19489796    0.28956905    0.34543671    0.34635977    0.31382490    0.32599122    0.32304520    0.30584049    0.30872709    0.32951690    0.32951690    0.28270899    0.27629228    0.32249028    0.31718849
T9             0.32629143    0.05425890    0.05213443    0.01210025    0.02442165    0.00000000    0.01415463    0.16958496    0.15652304    0.17926520    0.28035882    0.35039110    0.35141713    0.30840110    0.31028327    0.30739615    0.28730352    0.29012312    0.31028327    0.31028327    0.26484111    0.25860473    0.30686617    0.30165588
T15            0.32976783    0.06537269    0.06322357    0.02238917    0.03492711    0.01415463    0.00000000    0.18299804    0.16958496    0.19278696    0.29645287    0.36485089    0.36598267    0.32188456    0.32772888    0.32478109    0.30399068    0.30686617    0.32772888    0.32772888    0.27434431    0.26798877    0.32067727    0.32244658
T1             0.32038940    0.16939174    0.16431909    0.17203861    0.18504103    0.16958496    0.18299804    0.00000000    0.03294755    0.06282385    0.29319226    0.34941704    0.35039110    0.29852237    0.28449482    0.28496848    0.27755269    0.27712179    0.29108111    0.28123400    0.24636106    0.24035007    0.28449482    0.27938359
T13            0.29034788    0.15379877    0.15395119    0.15894247    0.17166414    0.15652304    0.16958496    0.03294755    0.00000000    0.06061107    0.26232927    0.32605297    0.32690782    0.27062232    0.25898610    0.25626932    0.25551553    0.25823373    0.26210428    0.25588729    0.22563199    0.21986420    0.25898610    0.25395563
T6             0.32484223    0.16886406    0.17395746    0.18175560    0.19489796    0.17926520    0.19278696    0.06282385    0.06061107    0.00000000    0.29204356    0.36689456    0.36797288    0.31049923    0.28551889    0.28594855    0.28188162    0.27908152    0.29204039    0.27272616    0.25381179    0.25078820    0.28228982    0.27074599
T18            0.30016211    0.28317320    0.28673428    0.28317320    0.28956905    0.28035882    0.29645287    0.29319226    0.26232927    0.29204356    0.00000000    0.20158157    0.19651436    0.14931494    0.26839971    0.25318008    0.26957857    0.27234847    0.27629228    0.26995705    0.25413178    0.24808452    0.26921080    0.26096227
T23            0.32823419    0.35448637    0.35864675    0.34989756    0.34543671    0.35039110    0.36485089    0.34941704    0.32605297    0.36689456    0.20158157    0.00000000    0.01620811    0.19625610    0.32531313    0.31554531    0.31049923    0.31342474    0.31423706    0.31423706    0.28919657    0.29241507    0.32690782    0.31131316
T16            0.33935855    0.35556436    0.35977744    0.35089763    0.34635977    0.35141713    0.36598267    0.35039110    0.32690782    0.36797288    0.19651436    0.01620811    0.00000000    0.19678167    0.32629143    0.31647705    0.30468375    0.30758560    0.31509729    0.31509729    0.29645287    0.29973492    0.33474059    0.31893893
T4             0.31971018    0.29565446    0.29604794    0.31131316    0.31382490    0.30840110    0.32188456    0.29852237    0.27062232    0.31049923    0.14931494    0.19625610    0.19678167    0.00000000    0.27908152    0.26995705    0.27234847    0.27512911    0.28148439    0.26885375    0.26299405    0.25685380    0.28391069    0.26921080
T22            0.27115642    0.29724870    0.29775550    0.30634761    0.32599122    0.31028327    0.32772888    0.28449482    0.25898610    0.28551889    0.26839971    0.32531313    0.32629143    0.27908152    0.00000000    0.01417431    0.07195426    0.07412896    0.07433305    0.07433305    0.16315104    0.15787104    0.19011718    0.18267524
T7             0.26524206    0.29440714    0.29491380    0.30347231    0.32304520    0.30739615    0.32478109    0.28496848    0.25626932    0.28594855    0.25318008    0.31554531    0.31647705    0.26995705    0.01417431    0.00000000    0.06978645    0.07195426    0.07216176    0.07216176    0.16073682    0.15547072    0.19042317    0.18021176
T11            0.25823373    0.26839971    0.27521753    0.28358011    0.30584049    0.28730352    0.30399068    0.27755269    0.25551553    0.28188162    0.26957857    0.31049923    0.30468375    0.27234847    0.07195426    0.06978645    0.00000000    0.00602722    0.07195426    0.07651123    0.16027958    0.15504118    0.19542618    0.18793475
T17            0.26096227    0.27115642    0.27799434    0.28638923    0.30872709    0.29012312    0.30686617    0.27712179    0.25823373    0.27908152    0.27234847    0.31342474    0.30758560    0.27512911    0.07412896    0.07195426    0.00602722    0.00000000    0.07412896    0.07869634    0.16269641    0.15744425    0.19794090    0.19042317
T21            0.26798877    0.29724870    0.29108111    0.30634761    0.32951690    0.31028327    0.32772888    0.29108111    0.26210428    0.29204039    0.27629228    0.31423706    0.31509729    0.28148439    0.07433305    0.07216176    0.07195426    0.07412896    0.00000000    0.04128640    0.16315104    0.15787104    0.19011718    0.18267524
T3             0.26484111    0.29059660    0.28449482    0.30634761    0.32951690    0.31028327    0.32772888    0.28123400    0.25588729    0.27272616    0.26995705    0.31423706    0.31509729    0.26885375    0.07433305    0.07216176    0.07651123    0.07869634    0.04128640    0.00000000    0.16050406    0.15525184    0.18732972    0.18545498
T8             0.24302213    0.25898610    0.26250578    0.26758839    0.28270899    0.26484111    0.27434431    0.24636106    0.22563199    0.25381179    0.25413178    0.28919657    0.29645287    0.26299405    0.16315104    0.16073682    0.16027958    0.16269641    0.16315104    0.16050406    0.00000000    0.01214666    0.16006342    0.14767434
T14            0.24602757    0.25280760    0.25626932    0.26133250    0.27629228    0.25860473    0.26798877    0.24035007    0.21986420    0.25078820    0.24808452    0.29241507    0.29973492    0.25685380    0.15787104    0.15547072    0.15504118    0.15744425    0.15787104    0.15525184    0.01214666    0.00000000    0.15483876    0.14254361
T20            0.28730352    0.29724870    0.29775550    0.31318185    0.32249028    0.30686617    0.32067727    0.28449482    0.25898610    0.28228982    0.26921080    0.32690782    0.33474059    0.28391069    0.19011718    0.19042317    0.19542618    0.19794090    0.19011718    0.18732972    0.16006342    0.15483876    0.00000000    0.04580052
T0             0.28123400    0.29208313    0.29260062    0.30793753    0.31718849    0.30165588    0.32244658    0.27938359    0.25395563    0.27074599    0.26096227    0.31131316    0.31893893    0.26921080    0.18267524    0.18021176    0.18793475    0.19042317    0.18267524    0.18545498    0.14767434    0.14254361    0.04580052    0.00000000

