24
T13            0.00000000    0.35984369    0.34182233    0.34131352    0.35147512    0.37230822    0.30109626    0.30732199    0.29777980    0.32584753    0.31458724    0.32495063    0.32790810    0.34153623    0.33496349    0.33142331    0.33579781    0.24304814    0.27249393    0.26929427    0.28734972    0.29064446    0.25929470    0.26479378
T22            0.35984369    0.00000000    0.10160178    0.13297397    0.15548369    0.17416849    0.23241941    0.23506177    0.22946617    0.24103906    0.23241941    0.25212278    0.25247596    0.27554076    0.27276087    0.26961195    0.32200510    0.25090045    0.26517711    0.26198753    0.27803724    0.28127845    0.26888463    0.27443891
T4             0.34182233    0.10160178    0.00000000    0.12268219    0.14218975    0.15505290    0.20597033    0.21135210    0.20040982    0.21417962    0.21442916    0.24541604    0.24573028    0.25022056    0.24751426    0.24453479    0.28755243    0.21811159    0.23343698    0.23045719    0.25518475    0.25826564    0.24105455    0.24644840
T15            0.34131352    0.13297397    0.12268219    0.00000000    0.03502345    0.06129474    0.23209979    0.23539024    0.22391501    0.24005960    0.23804146    0.24573028    0.25212278    0.24511204    0.24184765    0.23889463    0.29363717    0.22946617    0.23379567    0.23080692    0.25630359    0.25941340    0.23255327    0.23499108
T8             0.35147512    0.15548369    0.14218975    0.03502345    0.00000000    0.06773220    0.24673404    0.24477617    0.23837889    0.25483245    0.24977737    0.25755243    0.26410393    0.25688102    0.25352717    0.25051165    0.31994498    0.25321306    0.25169978    0.24860914    0.27161736    0.27481696    0.25898652    0.26143588
T11            0.37230822    0.17416849    0.15505290    0.06129474    0.06773220    0.00000000    0.25826564    0.26802592    0.25592034    0.27592981    0.27078323    0.27871977    0.28881094    0.28433241    0.28075653    0.27758771    0.34096474    0.27438432    0.27294809    0.26973809    0.30015286    0.30352559    0.28075653    0.28639451
T3             0.30109626    0.23241941    0.20597033    0.23209979    0.24673404    0.25826564    0.00000000    0.02650535    0.01823246    0.06296519    0.05229400    0.10879978    0.11107076    0.13747404    0.12514664    0.12268219    0.25902045    0.18873636    0.19484737    0.19205128    0.21902794    0.22194669    0.21135210    0.21653680
T18            0.30732199    0.23506177    0.21135210    0.23539024    0.24477617    0.26802592    0.02650535    0.00000000    0.00805158    0.06944905    0.05867666    0.12052788    0.12530398    0.14455964    0.13213300    0.12965019    0.26174761    0.19401250    0.19736406    0.19456013    0.22455051    0.22749510    0.21393966    0.21914357
T6             0.29777980    0.22946617    0.20040982    0.22391501    0.23837889    0.25592034    0.01823246    0.00805158    0.00000000    0.06504812    0.05433435    0.11092662    0.11563516    0.13462823    0.12240302    0.11996274    0.24977737    0.18325191    0.18650572    0.18375591    0.21324121    0.21612618    0.20296451    0.20810204
T7             0.32584753    0.24103906    0.21417962    0.24005960    0.25483245    0.27592981    0.06296519    0.06944905    0.06504812    0.00000000    0.02234695    0.14274759    0.14511293    0.15188958    0.14439145    0.14185821    0.26723314    0.21552262    0.20752088    0.20468515    0.24708890    0.25014158    0.23304056    0.23837306
T21            0.31458724    0.23241941    0.21442916    0.23804146    0.24977737    0.27078323    0.05229400    0.05867666    0.05433435    0.02234695    0.00000000    0.12851862    0.13083833    0.14255361    0.13011239    0.12762333    0.25592034    0.20271745    0.19484737    0.19205128    0.23379567    0.23680245    0.21988324    0.22511674
T16            0.32495063    0.25212278    0.24541604    0.24573028    0.25755243    0.27871977    0.10879978    0.12052788    0.11092662    0.14274759    0.12851862    0.00000000    0.01212513    0.09711640    0.09017651    0.08783904    0.28038212    0.22522433    0.22593629    0.22593629    0.23607672    0.23908345    0.23443450    0.23975320
T14            0.32790810    0.25247596    0.24573028    0.25212278    0.26410393    0.28881094    0.11107076    0.12530398    0.11563516    0.14511293    0.13083833    0.01212513    0.00000000    0.10653622    0.09949286    0.09711640    0.28643251    0.23080692    0.23153535    0.23153535    0.24174202    0.24477617    0.24005960    0.24541604
T20            0.34153623    0.27554076    0.25022056    0.24511204    0.25688102    0.28433241    0.13747404    0.14455964    0.13462823    0.15188958    0.14255361    0.09711640    0.10653622    0.00000000    0.01829855    0.01623224    0.26999169    0.22978679    0.21008295    0.21008295    0.24673404    0.24977737    0.24213251    0.24751426
T19            0.33496349    0.27276087    0.24751426    0.24184765    0.25352717    0.28075653    0.12514664    0.13213300    0.12240302    0.14439145    0.13011239    0.09017651    0.09949286    0.01829855    0.00000000    0.00603640    0.26723314    0.21552262    0.20186546    0.20186546    0.24103906    0.24405480    0.23356813    0.23889463
T5             0.33142331    0.26961195    0.24453479    0.23889463    0.25051165    0.27758771    0.12268219    0.12965019    0.11996274    0.14185821    0.12762333    0.08783904    0.09711640    0.01623224    0.00603640    0.00000000    0.26410393    0.21840754    0.19906162    0.19906162    0.23804146    0.24103906    0.23064963    0.23595900
T2             0.33579781    0.32200510    0.28755243    0.29363717    0.31994498    0.34096474    0.25902045    0.26174761    0.24977737    0.26723314    0.25592034    0.28038212    0.28643251    0.26999169    0.26723314    0.26410393    0.00000000    0.22391501    0.20723915    0.20441149    0.24138556    0.24441048    0.23279186    0.23521777
T23            0.24304814    0.25090045    0.21811159    0.22946617    0.25321306    0.27438432    0.18873636    0.19401250    0.18325191    0.21552262    0.20271745    0.22522433    0.23080692    0.22978679    0.21552262    0.21840754    0.22391501    0.00000000    0.13279003    0.13028217    0.15225733    0.15484987    0.13384476    0.13857704
T9             0.27249393    0.26517711    0.23343698    0.23379567    0.25169978    0.27294809    0.19484737    0.19736406    0.18650572    0.20752088    0.19484737    0.22593629    0.23153535    0.21008295    0.20186546    0.19906162    0.20723915    0.13279003    0.00000000    0.00200402    0.17389893    0.17661882    0.15911749    0.16397819
T1             0.26929427    0.26198753    0.23045719    0.23080692    0.24860914    0.26973809    0.19205128    0.19456013    0.18375591    0.20468515    0.19205128    0.22593629    0.23153535    0.21008295    0.20186546    0.19906162    0.20441149    0.13028217    0.00200402    0.00000000    0.17119379    0.17389893    0.15653177    0.16137903
T12            0.28734972    0.27803724    0.25518475    0.25630359    0.27161736    0.30015286    0.21902794    0.22455051    0.21324121    0.24708890    0.23379567    0.23607672    0.24174202    0.24673404    0.24103906    0.23804146    0.24138556    0.15225733    0.17389893    0.17119379    0.00000000    0.00200402    0.16642136    0.17133366
T0             0.29064446    0.28127845    0.25826564    0.25941340    0.27481696    0.30352559    0.22194669    0.22749510    0.21612618    0.25014158    0.23680245    0.23908345    0.24477617    0.24977737    0.24405480    0.24103906    0.24441048    0.15484987    0.17661882    0.17389893    0.00200402    0.00000000    0.16904098    0.17396708
T10            0.25929470    0.26888463    0.24105455    0.23255327    0.25898652    0.28075653    0.21135210    0.21393966    0.20296451    0.23304056    0.21988324    0.23443450    0.24005960    0.24213251    0.23356813    0.23064963    0.23279186    0.13384476    0.15911749    0.15653177    0.16642136    0.16904098    0.00000000    0.00401207
T17            0.26479378    0.27443891    0.24644840    0.23499108    0.26143588    0.28639451    0.21653680    0.21914357    0.20810204    0.23837306    0.22511674    0.23975320    0.24541604    0.24751426    0.23889463    0.23595900    0.23521777    0.13857704    0.16397819    0.16137903    0.17133366    0.17396708    0.00401207    0.00000000

