24
T19            0.00000000    0.30838795    0.32902247    0.29839120    0.29578752    0.29234300    0.26507337    0.24642146    0.23496754    0.24055262    0.28246949    0.31048591    0.28780886    0.32141102    0.33472485    0.31464746    0.26444098    0.15946177    0.16207392    0.23567543    0.14379166    0.14631146    0.14631146    0.14870467
T20            0.30838795    0.00000000    0.04112545    0.17853064    0.18125697    0.18648285    0.30821791    0.28187065    0.28227877    0.28187065    0.32924520    0.33572656    0.31172449    0.37347041    0.38431460    0.36217666    0.41239295    0.30437481    0.30773393    0.36172358    0.33925165    0.34887585    0.34887585    0.35193196
T4             0.32902247    0.04112545    0.00000000    0.18233245    0.19048907    0.19026421    0.32529830    0.29526048    0.29240334    0.29526048    0.34682379    0.34988034    0.32562936    0.38160751    0.39251984    0.37780012    0.43847036    0.32141102    0.32482748    0.38376568    0.35088024    0.36323489    0.36323489    0.36635668
T15            0.29839120    0.17853064    0.18233245    0.00000000    0.01617887    0.01822288    0.28994128    0.26783747    0.26200356    0.26783747    0.30138929    0.30353356    0.28182160    0.32436885    0.34124331    0.32779702    0.40822111    0.28434621    0.28749331    0.33278401    0.31422338    0.31422338    0.31422338    0.31715894
T8             0.29578752    0.18125697    0.19048907    0.01617887    0.00000000    0.01414111    0.28750332    0.26539925    0.25957716    0.26539925    0.29890272    0.30100917    0.28246949    0.33124891    0.34478082    0.33472485    0.40944602    0.28496874    0.28813584    0.33011082    0.31172449    0.31172449    0.31172449    0.31464746
T18            0.29234300    0.18648285    0.19026421    0.01822288    0.01414111    0.00000000    0.29033627    0.26816217    0.26231996    0.26816217    0.29851011    0.30390093    0.28529703    0.33424265    0.35139963    0.33773071    0.40106380    0.28151456    0.28465179    0.32643105    0.30797435    0.30797435    0.30797435    0.31088688
T7             0.26507337    0.30821791    0.32529830    0.28994128    0.28750332    0.29033627    0.00000000    0.05859750    0.05646153    0.05859750    0.11855179    0.12794754    0.11078300    0.22815021    0.23978675    0.23412503    0.36343986    0.24333849    0.24635280    0.28151456    0.26333292    0.28147350    0.28147350    0.28428502
T16            0.24642146    0.28187065    0.29526048    0.26783747    0.26539925    0.26816217    0.05859750    0.00000000    0.02238910    0.02444392    0.09685459    0.10412380    0.08281248    0.19986347    0.21095078    0.20778428    0.33822516    0.23381779    0.23676097    0.27783622    0.25349355    0.25349355    0.25349355    0.25621779
T6             0.23496754    0.28227877    0.29240334    0.26200356    0.25957716    0.26231996    0.05646153    0.02238910    0.00000000    0.00602721    0.08993437    0.09921932    0.07832954    0.19957929    0.21064330    0.19957929    0.32733883    0.21391717    0.21675170    0.26285529    0.24777457    0.25319446    0.25319446    0.25592002
T5             0.24055262    0.28187065    0.29526048    0.26783747    0.26539925    0.26816217    0.05859750    0.02444392    0.00602721    0.00000000    0.09215846    0.10146730    0.08052890    0.19930417    0.21034509    0.19930417    0.33377292    0.21935677    0.22221564    0.26865527    0.25047934    0.25592002    0.25592002    0.25865611
T2             0.28246949    0.32924520    0.34682379    0.30138929    0.29890272    0.29851011    0.11855179    0.09685459    0.08993437    0.09215846    0.00000000    0.08550768    0.06727848    0.25859551    0.27073579    0.26483136    0.38351429    0.26644103    0.26333292    0.32225917    0.31260945    0.30591383    0.30591383    0.30881331
T13            0.31048591    0.33572656    0.34988034    0.30353356    0.30100917    0.30390093    0.12794754    0.10412380    0.09921932    0.10146730    0.08550768    0.00000000    0.03483208    0.23535570    0.24705000    0.25279880    0.39440886    0.28108734    0.27791002    0.32783628    0.31801778    0.32392241    0.32392241    0.32689294
T1             0.28780886    0.31172449    0.32562936    0.28182160    0.28246949    0.28529703    0.11078300    0.08281248    0.07832954    0.08052890    0.06727848    0.03483208    0.00000000    0.23175893    0.24333849    0.23768036    0.37795935    0.25319446    0.25018933    0.30478606    0.30138929    0.30718256    0.30718256    0.31009685
T10            0.32141102    0.37347041    0.38160751    0.32436885    0.33124891    0.33424265    0.22815021    0.19986347    0.19957929    0.19930417    0.25859551    0.23535570    0.23175893    0.00000000    0.02656479    0.04139633    0.39184665    0.29728464    0.30058815    0.34587498    0.33624605    0.33873214    0.33873214    0.34175019
T3             0.33472485    0.38431460    0.39251984    0.34124331    0.34478082    0.35139963    0.23978675    0.21095078    0.21064330    0.21034509    0.27073579    0.24705000    0.24333849    0.02656479    0.00000000    0.05220957    0.40689738    0.31015976    0.31354160    0.35246981    0.34280180    0.34530031    0.34530031    0.34834358
T23            0.31464746    0.36217666    0.37780012    0.32779702    0.33472485    0.33773071    0.23412503    0.20778428    0.19957929    0.19930417    0.26483136    0.25279880    0.23768036    0.04139633    0.05220957    0.00000000    0.39440886    0.28108734    0.28428502    0.34587498    0.32924520    0.32482748    0.32482748    0.32779702
T11            0.26444098    0.41239295    0.43847036    0.40822111    0.40944602    0.40106380    0.36343986    0.33822516    0.32733883    0.33377292    0.38351429    0.39440886    0.37795935    0.39184665    0.40689738    0.39440886    0.00000000    0.16442897    0.16712595    0.24244380    0.26369174    0.27867293    0.27867293    0.28147350
T17            0.15946177    0.30437481    0.32141102    0.28434621    0.28496874    0.28151456    0.24333849    0.23381779    0.21391717    0.21935677    0.26644103    0.28108734    0.25319446    0.29728464    0.31015976    0.28108734    0.16442897    0.00000000    0.00200402    0.13729017    0.18028214    0.18798169    0.18798169    0.19048907
T14            0.16207392    0.30773393    0.32482748    0.28749331    0.28813584    0.28465179    0.24635280    0.23676097    0.21675170    0.22221564    0.26333292    0.27791002    0.25018933    0.30058815    0.31354160    0.28428502    0.16712595    0.00200402    0.00000000    0.13981644    0.18299361    0.19072293    0.19072293    0.19323783
T9             0.23567543    0.36172358    0.38376568    0.33278401    0.33011082    0.32643105    0.28151456    0.27783622    0.26285529    0.26865527    0.32225917    0.32783628    0.30478606    0.34587498    0.35246981    0.34587498    0.24244380    0.13729017    0.13981644    0.00000000    0.23860129    0.24990975    0.24990975    0.25262772
T12            0.14379166    0.33925165    0.35088024    0.31422338    0.31172449    0.30797435    0.26333292    0.25349355    0.24777457    0.25047934    0.31260945    0.31801778    0.30138929    0.33624605    0.34280180    0.32924520    0.26369174    0.18028214    0.18299361    0.23860129    0.00000000    0.05200298    0.05200298    0.05413115
T22            0.14631146    0.34887585    0.36323489    0.31422338    0.31172449    0.30797435    0.28147350    0.25349355    0.25319446    0.25592002    0.30591383    0.32392241    0.30718256    0.33873214    0.34530031    0.32482748    0.27867293    0.18798169    0.19072293    0.24990975    0.05200298    0.00000000    0.00000000    0.00200301
T0             0.14631146    0.34887585    0.36323489    0.31422338    0.31172449    0.30797435    0.28147350    0.25349355    0.25319446    0.25592002    0.30591383    0.32392241    0.30718256    0.33873214    0.34530031    0.32482748    0.27867293    0.18798169    0.19072293    0.24990975    0.05200298    0.00000000    0.00000000    0.00200301
T21            0.14870467    0.35193196    0.36635668    0.31715894    0.31464746    0.31088688    0.28428502    0.25621779    0.25592002    0.25865611    0.30881331    0.32689294    0.31009685    0.34175019    0.34834358    0.32779702    0.28147350    0.19048907    0.19323783    0.25262772    0.05413115    0.00200301    0.00200301    0.00000000

