24
T5             0.00000000    0.26410828    0.29079863    0.34082460    0.26569653    0.25090461    0.27205535    0.26844291    0.26214442    0.30589868    0.25439968    0.25129931    0.25710534    0.22262547    0.22557898    0.27249903    0.27295329    0.21744922    0.21231006    0.20112325    0.20686059    0.21453026    0.20502615    0.22228293
T0             0.26410828    0.00000000    0.04988313    0.10349821    0.24745781    0.21612914    0.24593732    0.23210307    0.22623117    0.27355590    0.21130122    0.20556409    0.21386853    0.25555149    0.25555149    0.28881631    0.31854559    0.25630786    0.25794378    0.25129931    0.25439968    0.27205535    0.25882304    0.25826980
T3             0.29079863    0.04988313    0.00000000    0.12215583    0.27038675    0.23804497    0.27438928    0.24842618    0.24243096    0.28113783    0.23309151    0.22131230    0.23573210    0.26612783    0.26999623    0.31313708    0.33686058    0.27633453    0.27162226    0.26175198    0.26488139    0.28599571    0.27249903    0.27201816
T17            0.34082460    0.10349821    0.12215583    0.00000000    0.32489673    0.29079863    0.32241186    0.30183705    0.29531265    0.34790479    0.27276547    0.27276547    0.27633453    0.29137062    0.29609115    0.34690034    0.37922011    0.31853176    0.29609115    0.29895836    0.29245517    0.30762929    0.29364248    0.29494066
T12            0.26569653    0.24745781    0.27038675    0.32489673    0.00000000    0.05182216    0.07155865    0.09419395    0.08955178    0.12485617    0.13297510    0.13297510    0.13531172    0.22455372    0.21582258    0.27759931    0.27162226    0.24554160    0.25029427    0.24451894    0.24451894    0.26839252    0.25213454    0.24515585
T4             0.25090461    0.21612914    0.23804497    0.29079863    0.05182216    0.00000000    0.07606453    0.09653135    0.09186746    0.12485617    0.12299328    0.12299328    0.12778785    0.21067486    0.21130122    0.25710534    0.26065887    0.23191776    0.23965376    0.23091141    0.23395526    0.24495452    0.23529225    0.22855009
T11            0.27205535    0.24593732    0.27438928    0.32241186    0.07155865    0.07606453    0.00000000    0.09419395    0.09419395    0.12023069    0.13550211    0.13550211    0.13531172    0.22455372    0.22749843    0.29065024    0.28454642    0.25794378    0.25342399    0.25387904    0.25387904    0.27162362    0.25530418    0.24821811
T2             0.26844291    0.23210307    0.24842618    0.30183705    0.09419395    0.09653135    0.09419395    0.00000000    0.01210962    0.04765584    0.11549509    0.11307250    0.11779033    0.21612914    0.21677045    0.27249903    0.26655351    0.23454598    0.24367726    0.23493385    0.23493385    0.24901858    0.23921787    0.22455372
T19            0.26214442    0.22623117    0.24243096    0.29531265    0.08955178    0.09186746    0.09419395    0.01210962    0.00000000    0.04765584    0.11066163    0.10826237    0.11294517    0.21265704    0.21324407    0.26214442    0.26254728    0.23081043    0.23757119    0.22891982    0.22891982    0.23680621    0.22707917    0.21871600
T6             0.30589868    0.27355590    0.28113783    0.34790479    0.12485617    0.12485617    0.12023069    0.04765584    0.04765584    0.00000000    0.14729654    0.14473719    0.14967951    0.24441430    0.25129931    0.30692788    0.29730613    0.26699766    0.28320656    0.27389347    0.27389347    0.28092645    0.27866708    0.26254728
T13            0.25439968    0.21130122    0.23309151    0.27276547    0.13297510    0.12299328    0.13550211    0.11549509    0.11066163    0.14729654    0.00000000    0.01415473    0.02028071    0.19401481    0.19960707    0.24515585    0.26338418    0.23153902    0.22111891    0.21266474    0.21853728    0.23837512    0.21084740    0.21355163
T21            0.25129931    0.20556409    0.22131230    0.27276547    0.13297510    0.12299328    0.13550211    0.11307250    0.10826237    0.14473719    0.01415473    0.00000000    0.01822297    0.18574234    0.19680310    0.24515585    0.26338418    0.22855009    0.21816530    0.21559236    0.21559236    0.23533138    0.20792827    0.20497065
T22            0.25710534    0.21386853    0.23573210    0.27633453    0.13531172    0.12778785    0.13531172    0.11779033    0.11294517    0.14967951    0.02028071    0.01822297    0.00000000    0.19428420    0.19205367    0.24327119    0.26153770    0.22668991    0.22370984    0.22111891    0.22111891    0.24102133    0.21340159    0.21324407
T9             0.22262547    0.25555149    0.26612783    0.29137062    0.22455372    0.21067486    0.22455372    0.21612914    0.21265704    0.24441430    0.19401481    0.18574234    0.19428420    0.00000000    0.13316691    0.19860123    0.18893489    0.15644529    0.18239807    0.17993363    0.18269893    0.19641979    0.17533356    0.18650794
T20            0.22557898    0.25555149    0.26999623    0.29609115    0.21582258    0.21130122    0.22749843    0.21677045    0.21324407    0.25129931    0.19960707    0.19680310    0.19205367    0.13316691    0.00000000    0.15910019    0.16473471    0.11436302    0.18795951    0.17993363    0.18269893    0.18795951    0.17809128    0.18154720
T1             0.27249903    0.28881631    0.31313708    0.34690034    0.27759931    0.25710534    0.29065024    0.27249903    0.26214442    0.30692788    0.24515585    0.24515585    0.24327119    0.19860123    0.15910019    0.00000000    0.11873989    0.12351633    0.24761949    0.24186356    0.24495452    0.24761949    0.23091141    0.24327119
T16            0.27295329    0.31854559    0.33686058    0.37922011    0.27162226    0.26065887    0.28454642    0.26655351    0.26254728    0.29730613    0.26338418    0.26338418    0.26153770    0.18893489    0.16473471    0.11873989    0.00000000    0.13124910    0.25119454    0.24539991    0.24851992    0.25751368    0.23439141    0.24675858
T15            0.21744922    0.25630786    0.27633453    0.31853176    0.24554160    0.23191776    0.25794378    0.23454598    0.23081043    0.26699766    0.23153902    0.22855009    0.22668991    0.15644529    0.11436302    0.12351633    0.13124910    0.00000000    0.19927209    0.19676032    0.19962084    0.20214082    0.19783471    0.20112325
T23            0.21231006    0.25794378    0.27162226    0.29609115    0.25029427    0.23965376    0.25342399    0.24367726    0.23757119    0.28320656    0.22111891    0.21816530    0.22370984    0.18239807    0.18795951    0.24761949    0.25119454    0.19927209    0.00000000    0.02656533    0.02447302    0.06511986    0.05213614    0.11807635
T14            0.20112325    0.25129931    0.26175198    0.29895836    0.24451894    0.23091141    0.25387904    0.23493385    0.22891982    0.27389347    0.21266474    0.21559236    0.22111891    0.17993363    0.17993363    0.24186356    0.24539991    0.19676032    0.02656533    0.00000000    0.01010168    0.06296542    0.05001829    0.11092735
T18            0.20686059    0.25439968    0.26488139    0.29245517    0.24451894    0.23395526    0.25387904    0.23493385    0.22891982    0.27389347    0.21853728    0.21559236    0.22111891    0.18269893    0.18269893    0.24495452    0.24851992    0.19962084    0.02447302    0.01010168    0.00000000    0.06074256    0.04783432    0.11334997
T8             0.21453026    0.27205535    0.28599571    0.30762929    0.26839252    0.24495452    0.27162362    0.24901858    0.23680621    0.28092645    0.23837512    0.23533138    0.24102133    0.19641979    0.18795951    0.24761949    0.25751368    0.20214082    0.06511986    0.06296542    0.06074256    0.00000000    0.06081777    0.13011340
T7             0.20502615    0.25882304    0.27249903    0.29364248    0.25213454    0.23529225    0.25530418    0.23921787    0.22707917    0.27866708    0.21084740    0.20792827    0.21340159    0.17533356    0.17809128    0.23091141    0.23439141    0.19783471    0.05213614    0.05001829    0.04783432    0.06081777    0.00000000    0.11138234
T10            0.22228293    0.25826980    0.27201816    0.29494066    0.24515585    0.22855009    0.24821811    0.22455372    0.21871600    0.26254728    0.21355163    0.20497065    0.21324407    0.18650794    0.18154720    0.24327119    0.24675858    0.20112325    0.11807635    0.11092735    0.11334997    0.13011340    0.11138234    0.00000000

