24
T20            0.00000000    0.27691834    0.28756133    0.28536890    0.30980259    0.30186974    0.30558235    0.33945281    0.34086871    0.29737996    0.29737996    0.30436680    0.34038399    0.34341611    0.31768207    0.31273293    0.29646959    0.29425912    0.22776776    0.23067008    0.22803014    0.15880206    0.21212381    0.17680594
T17            0.27691834    0.00000000    0.03694732    0.11779520    0.18431232    0.17585385    0.16272165    0.19882074    0.20754069    0.17391473    0.17391473    0.18031466    0.20215921    0.20470417    0.18849833    0.17987723    0.17452424    0.18009154    0.27915502    0.28885085    0.27956618    0.26964434    0.29304374    0.26651405
T1             0.28756133    0.03694732    0.00000000    0.11731466    0.19151854    0.18031466    0.16981113    0.20064457    0.20928742    0.17291949    0.17291949    0.18215881    0.20954985    0.21212381    0.19304030    0.18177795    0.17645380    0.17928750    0.28323811    0.29287071    0.28360354    0.27067776    0.30356332    0.27067776
T18            0.28536890    0.11779520    0.11731466    0.00000000    0.20367364    0.19265637    0.17636624    0.22425146    0.23346412    0.19015819    0.19015819    0.17561056    0.19457864    0.19709651    0.18431232    0.18825276    0.17472408    0.17761639    0.27875479    0.28841914    0.27915502    0.26376430    0.29827472    0.25521427
T21            0.30980259    0.18431232    0.19151854    0.20367364    0.00000000    0.08343358    0.07892879    0.10852093    0.11350544    0.07918284    0.07918284    0.19206967    0.22114331    0.22373437    0.18928844    0.18875281    0.19654995    0.20244386    0.32205908    0.33261066    0.32260526    0.30160374    0.33858918    0.28841914
T9             0.30186974    0.17585385    0.18031466    0.19265637    0.08343358    0.00000000    0.02037375    0.08267039    0.08732984    0.06313445    0.06313445    0.18575547    0.20335257    0.20589345    0.17269212    0.17719354    0.17987723    0.18551747    0.29542120    0.30544217    0.29588587    0.28476681    0.32152483    0.27519544
T22            0.30558235    0.16272165    0.16981113    0.17636624    0.07892879    0.02037375    0.00000000    0.07819344    0.08281822    0.05876230    0.05876230    0.17247338    0.19235859    0.19486653    0.15707143    0.16155316    0.16941384    0.17493265    0.29257887    0.30256647    0.29304374    0.28195545    0.32100252    0.27241452
T14            0.33945281    0.19882074    0.20064457    0.22425146    0.10852093    0.08267039    0.07819344    0.00000000    0.02447327    0.08751341    0.08751341    0.21470718    0.23911179    0.24177055    0.20111247    0.19787908    0.19327407    0.20136032    0.34596618    0.35682327    0.34651454    0.31563612    0.33637377    0.30558235
T13            0.34086871    0.20754069    0.20928742    0.23346412    0.11350544    0.08732984    0.08281822    0.02447327    0.00000000    0.08994282    0.08994282    0.22363374    0.24556890    0.24824557    0.20188372    0.20087387    0.19907914    0.20725831    0.32987522    0.34046347    0.33039785    0.32293940    0.34404350    0.31271348
T4             0.29737996    0.17391473    0.17291949    0.19015819    0.07918284    0.06313445    0.05876230    0.08751341    0.08994282    0.00000000    0.00000000    0.18377213    0.19862048    0.20114260    0.17340000    0.18054659    0.18326700    0.18901619    0.30594068    0.31620266    0.30645068    0.28042120    0.31967085    0.26451802
T19            0.29737996    0.17391473    0.17291949    0.19015819    0.07918284    0.06313445    0.05876230    0.08751341    0.08994282    0.00000000    0.00000000    0.18377213    0.19862048    0.20114260    0.17340000    0.18054659    0.18326700    0.18901619    0.30594068    0.31620266    0.30645068    0.28042120    0.31967085    0.26451802
T23            0.30436680    0.18031466    0.18215881    0.17561056    0.19206967    0.18575547    0.17247338    0.21470718    0.22363374    0.18377213    0.18377213    0.00000000    0.15967800    0.16209927    0.12938752    0.16398784    0.15366972    0.15896026    0.28719101    0.29694968    0.28758920    0.27761988    0.29939752    0.26206570
T11            0.34038399    0.20215921    0.20954985    0.19457864    0.22114331    0.20335257    0.19235859    0.23911179    0.24556890    0.19862048    0.19862048    0.15967800    0.00000000    0.00602724    0.12122381    0.22102675    0.21010290    0.21326266    0.29981576    0.30645135    0.30024552    0.31657349    0.34707563    0.30645135
T16            0.34341611    0.20470417    0.21212381    0.19709651    0.22373437    0.20589345    0.19486653    0.24177055    0.24824557    0.20114260    0.20114260    0.16209927    0.00602724    0.00000000    0.12352343    0.22363374    0.21267439    0.21584129    0.30269329    0.30935096    0.30312250    0.31950738    0.35012039    0.30935096
T3             0.31768207    0.18849833    0.19304030    0.18431232    0.18928844    0.17269212    0.15707143    0.20111247    0.20188372    0.17340000    0.17340000    0.12938752    0.12122381    0.12352343    0.00000000    0.19029756    0.18485698    0.19052373    0.27836550    0.28155587    0.27241452    0.27596457    0.31223660    0.26651405
T0             0.31273293    0.17987723    0.18177795    0.18825276    0.18875281    0.17719354    0.16155316    0.19787908    0.20087387    0.18054659    0.18054659    0.16398784    0.22102675    0.22363374    0.19029756    0.00000000    0.05399245    0.05841037    0.28006820    0.28963910    0.28042348    0.29612343    0.30848305    0.26146108
T6             0.29646959    0.17452424    0.17645380    0.17472408    0.19654995    0.17987723    0.16941384    0.19327407    0.19907914    0.18326700    0.18326700    0.15366972    0.21010290    0.21267439    0.18485698    0.05399245    0.00000000    0.01617373    0.28642832    0.29612343    0.28680404    0.27067776    0.28323811    0.25541004
T10            0.29425912    0.18009154    0.17928750    0.17761639    0.20244386    0.18551747    0.17493265    0.20136032    0.20725831    0.18901619    0.18901619    0.15896026    0.21326266    0.21584129    0.19052373    0.05841037    0.01617373    0.00000000    0.29083144    0.30068678    0.29125146    0.27482722    0.28360354    0.25627720
T5             0.22776776    0.27915502    0.28323811    0.27875479    0.32205908    0.29542120    0.29257887    0.34596618    0.32987522    0.30594068    0.30594068    0.28719101    0.29981576    0.30269329    0.27836550    0.28006820    0.28642832    0.29083144    0.00000000    0.01415481    0.00805161    0.19579823    0.25054682    0.18485698
T7             0.23067008    0.28885085    0.29287071    0.28841914    0.33261066    0.30544217    0.30256647    0.35682327    0.34046347    0.31620266    0.31620266    0.29694968    0.30645135    0.30935096    0.28155587    0.28963910    0.29612343    0.30068678    0.01415481    0.00000000    0.00602724    0.19857151    0.25362894    0.18756984
T15            0.22803014    0.27956618    0.28360354    0.27915502    0.32260526    0.29588587    0.29304374    0.34651454    0.33039785    0.30645068    0.30645068    0.28758920    0.30024552    0.30312250    0.27241452    0.28042348    0.28680404    0.29125146    0.00805161    0.00602724    0.00000000    0.19052373    0.24480575    0.17967177
T8             0.15880206    0.26964434    0.27067776    0.26376430    0.30160374    0.28476681    0.28195545    0.31563612    0.32293940    0.28042120    0.28042120    0.27761988    0.31657349    0.31950738    0.27596457    0.29612343    0.27067776    0.27482722    0.19579823    0.19857151    0.19052373    0.00000000    0.12009813    0.09178567
T12            0.21212381    0.29304374    0.30356332    0.29827472    0.33858918    0.32152483    0.32100252    0.33637377    0.34404350    0.31967085    0.31967085    0.29939752    0.34707563    0.35012039    0.31223660    0.30848305    0.28323811    0.28360354    0.25054682    0.25362894    0.24480575    0.12009813    0.00000000    0.12779436
T2             0.17680594    0.26651405    0.27067776    0.25521427    0.28841914    0.27519544    0.27241452    0.30558235    0.31271348    0.26451802    0.26451802    0.26206570    0.30645135    0.30935096    0.26651405    0.26146108    0.25541004    0.25627720    0.18485698    0.18756984    0.17967177    0.09178567    0.12779436    0.00000000

