24
T4             0.00000000    0.44807776    0.44733809    0.43491780    0.44960607    0.44733809    0.41428923    0.42217636    0.41762551    0.41704923    0.42554387    0.46157305    0.45806972    0.44679260    0.41674679    0.49489234    0.48205519    0.37482628    0.38813465    0.44734905    0.44734905    0.41474253    0.41211390    0.42686175
T18            0.44807776    0.00000000    0.03289489    0.04133843    0.04572660    0.04565881    0.16958644    0.17450213    0.17203996    0.16920806    0.18006640    0.18456196    0.18208816    0.17388533    0.15765579    0.27352030    0.23413927    0.19764204    0.20524250    0.24939872    0.25245045    0.22816338    0.21485025    0.21417134
T20            0.44733809    0.03289489    0.00000000    0.04549480    0.04988201    0.04549480    0.15894306    0.16903186    0.16137083    0.15863656    0.16920806    0.18153064    0.17906337    0.17092749    0.14235983    0.26060711    0.22781354    0.18622760    0.19373763    0.23706818    0.24003813    0.21610685    0.19734740    0.20240739
T23            0.43491780    0.04133843    0.04549480    0.00000000    0.03280833    0.03277468    0.15894306    0.16903186    0.16137083    0.15863656    0.16920806    0.17879646    0.17633664    0.17362473    0.14710437    0.26060711    0.23306523    0.18622760    0.19373763    0.24003813    0.23706818    0.22192586    0.20300166    0.19175652
T10            0.44960607    0.04572660    0.04988201    0.03280833    0.00000000    0.02442165    0.16432025    0.17450213    0.16675987    0.16396958    0.17470112    0.18180509    0.17933887    0.17118076    0.15244443    0.26096738    0.23942535    0.18925555    0.19122541    0.23737514    0.24035398    0.22520207    0.20617195    0.20554319
T15            0.44733809    0.04565881    0.04549480    0.03277468    0.02442165    0.00000000    0.15894306    0.16903186    0.16137083    0.15863656    0.16920806    0.18153064    0.17906337    0.17092749    0.15224853    0.25446616    0.23306523    0.18898440    0.19651742    0.24302586    0.24603160    0.22486101    0.20585301    0.20524250
T11            0.41428923    0.16958644    0.15894306    0.15894306    0.16432025    0.15894306    0.00000000    0.00804438    0.00602721    0.00602415    0.01212505    0.15686766    0.15446012    0.15446012    0.12426026    0.24509077    0.23207887    0.18872209    0.18798846    0.22799190    0.23090121    0.20722247    0.19148651    0.20108156
T0             0.42217636    0.17450213    0.16903186    0.16903186    0.17450213    0.16903186    0.00804438    0.00000000    0.01008415    0.01007283    0.01623209    0.16207890    0.15965781    0.15965781    0.12914013    0.25653775    0.24335071    0.19931279    0.19854086    0.23915095    0.24211202    0.21809323    0.20212391    0.21182858
T9             0.41762551    0.17203996    0.16137083    0.16137083    0.16675987    0.16137083    0.00602721    0.01008415    0.00000000    0.00401105    0.01010159    0.15446012    0.15206086    0.15206086    0.12193432    0.24778525    0.22883464    0.19122541    0.19049582    0.23063151    0.23354930    0.20978557    0.19399750    0.20363146
T6             0.41704923    0.16920806    0.15863656    0.15863656    0.16396958    0.15863656    0.00602415    0.01007283    0.00401105    0.00000000    0.01008415    0.15428232    0.15188144    0.15188144    0.12183811    0.24749338    0.23441399    0.19097325    0.18798846    0.23037176    0.23328102    0.20951488    0.19373763    0.20339537
T7             0.42554387    0.18006640    0.16920806    0.16920806    0.17470112    0.16920806    0.01212505    0.01623209    0.01010159    0.01008415    0.00000000    0.15705219    0.15464623    0.15464623    0.12436238    0.25381477    0.23769207    0.19958831    0.19878904    0.23354930    0.23648426    0.21838863    0.20240739    0.21208855
T13            0.46157305    0.18456196    0.18153064    0.17879646    0.18180509    0.18153064    0.15686766    0.16207890    0.15446012    0.15428232    0.15705219    0.00000000    0.00200301    0.02656497    0.07205524    0.28877631    0.25167082    0.20617195    0.20240739    0.25245045    0.25245045    0.22225823    0.21194067    0.21352954
T14            0.45806972    0.18208816    0.17906337    0.17633664    0.17933887    0.17906337    0.15446012    0.15965781    0.15206086    0.15188144    0.15464623    0.00200301    0.00000000    0.02450773    0.06988916    0.28595604    0.24898554    0.20363219    0.19987290    0.25281318    0.25281318    0.21966487    0.20938433    0.21096151
T5             0.44679260    0.17388533    0.17092749    0.17362473    0.17118076    0.17092749    0.15446012    0.15965781    0.15206086    0.15188144    0.15464623    0.02656497    0.02450773    0.00000000    0.06537327    0.27712919    0.23980158    0.19512648    0.19148651    0.24368563    0.24368563    0.21096151    0.20078081    0.20809381
T21            0.41674679    0.15765579    0.14235983    0.14710437    0.15244443    0.15224853    0.12426026    0.12914013    0.12193432    0.12183811    0.12436238    0.07205524    0.06988916    0.06537327    0.00000000    0.24335071    0.20779413    0.17828847    0.17490882    0.22274210    0.22563457    0.19651742    0.18649109    0.18323879
T19            0.49489234    0.27352030    0.26060711    0.26060711    0.26096738    0.25446616    0.24509077    0.25653775    0.24778525    0.24749338    0.25381477    0.28877631    0.28595604    0.27712919    0.24335071    0.00000000    0.17759146    0.23769207    0.24271112    0.30220216    0.30550631    0.26682461    0.25281318    0.23706818
T17            0.48205519    0.23413927    0.22781354    0.23306523    0.23942535    0.23306523    0.23207887    0.24335071    0.22883464    0.23441399    0.23769207    0.25167082    0.24898554    0.23980158    0.20779413    0.17759146    0.00000000    0.19958831    0.20439545    0.24778525    0.25079090    0.22420756    0.20524250    0.20184956
T3             0.37482628    0.19764204    0.18622760    0.18622760    0.18925555    0.18898440    0.18872209    0.19931279    0.19122541    0.19097325    0.19958831    0.20617195    0.20363219    0.19512648    0.17828847    0.23769207    0.19958831    0.00000000    0.04124118    0.10112923    0.10349407    0.07640803    0.06999810    0.12008743
T22            0.38813465    0.20524250    0.19373763    0.19373763    0.19122541    0.19651742    0.18798846    0.19854086    0.19049582    0.18798846    0.19878904    0.20240739    0.19987290    0.19148651    0.17490882    0.24271112    0.20439545    0.04124118    0.00000000    0.11972236    0.12215045    0.08760979    0.08111106    0.13198273
T2             0.44734905    0.24939872    0.23706818    0.24003813    0.23737514    0.24302586    0.22799190    0.23915095    0.23063151    0.23037176    0.23354930    0.25245045    0.25281318    0.24368563    0.22274210    0.30220216    0.24778525    0.10112923    0.11972236    0.00000000    0.00603638    0.11500356    0.11065662    0.16337164
T16            0.44734905    0.25245045    0.24003813    0.23706818    0.24035398    0.24603160    0.23090121    0.24211202    0.23354930    0.23328102    0.23648426    0.25245045    0.25281318    0.24368563    0.22563457    0.30550631    0.25079090    0.10349407    0.12215045    0.00603638    0.00000000    0.11741406    0.11306717    0.16595687
T1             0.41474253    0.22816338    0.21610685    0.22192586    0.22520207    0.22486101    0.20722247    0.21809323    0.20978557    0.20951488    0.21838863    0.22225823    0.21966487    0.21096151    0.19651742    0.26682461    0.22420756    0.07640803    0.08760979    0.11500356    0.11741406    0.00000000    0.05875878    0.13933123
T8             0.41211390    0.21485025    0.19734740    0.20300166    0.20617195    0.20585301    0.19148651    0.20212391    0.19399750    0.19373763    0.20240739    0.21194067    0.20938433    0.20078081    0.18649109    0.25281318    0.20524250    0.06999810    0.08111106    0.11065662    0.11306717    0.05875878    0.00000000    0.12994417
T12            0.42686175    0.21417134    0.20240739    0.19175652    0.20554319    0.20524250    0.20108156    0.21182858    0.20363146    0.20339537    0.21208855    0.21352954    0.21096151    0.20809381    0.18323879    0.23706818    0.20184956    0.12008743    0.13198273    0.16337164    0.16595687    0.13933123    0.12994417    0.00000000

