24
T17            0.00000000    0.27814338    0.28132891    0.30043794    0.27183303    0.27183303    0.27612732    0.27612732    0.27535022    0.37895807    0.37580181    0.37013628    0.34873818    0.41889992    0.41482645    0.36952968    0.37895807    0.37388682    0.38401596    0.31047798    0.31095813    0.07594389    0.07588858    0.07808913
T4             0.27814338    0.00000000    0.00200404    0.03493072    0.03063170    0.06267372    0.09676542    0.09676542    0.09676542    0.21079223    0.20253458    0.21479665    0.19541225    0.36215041    0.35849664    0.32612881    0.33859264    0.33064959    0.34014359    0.26527056    0.26495008    0.28776198    0.28735961    0.29019538
T11            0.28132891    0.00200404    0.00000000    0.03705925    0.03272864    0.06488246    0.09912652    0.09912652    0.09912652    0.21367360    0.20537478    0.21766101    0.19817307    0.36583128    0.36215041    0.32960403    0.34212951    0.33411222    0.34365505    0.26836657    0.26803639    0.29101006    0.29059702    0.29344330
T23            0.30043794    0.03493072    0.03705925    0.00000000    0.04977956    0.08283003    0.10854507    0.10854507    0.10854507    0.23095849    0.22833687    0.23192254    0.21194874    0.38147401    0.37766591    0.34678763    0.35962035    0.35126884    0.36105316    0.29019538    0.28980515    0.31728600    0.31679425    0.31973003
T8             0.27183303    0.03063170    0.03272864    0.04977956    0.00000000    0.06047476    0.08974881    0.08974881    0.08974881    0.20060344    0.19807887    0.21823124    0.19587216    0.35596638    0.35233912    0.31679425    0.34319942    0.33508080    0.34111085    0.26836657    0.27114201    0.28776198    0.28735961    0.29019538
T10            0.27183303    0.06267372    0.06488246    0.08283003    0.06047476    0.00000000    0.07600640    0.07600640    0.07375255    0.19384681    0.19133363    0.20119028    0.17953236    0.34516318    0.34161376    0.30331661    0.32563753    0.31788503    0.32721094    0.26284796    0.26560192    0.28776198    0.28735961    0.29019538
T18            0.27612732    0.09676542    0.09912652    0.10854507    0.08974881    0.07600640    0.00000000    0.00000000    0.03701604    0.22208246    0.21948701    0.22730185    0.21823124    0.37514975    0.37137043    0.33828914    0.35831842    0.34375355    0.34983439    0.28132891    0.27777222    0.29561971    0.29516158    0.29801705
T22            0.27612732    0.09676542    0.09912652    0.10854507    0.08974881    0.07600640    0.00000000    0.00000000    0.03701604    0.22208246    0.21948701    0.22730185    0.21823124    0.37514975    0.37137043    0.33828914    0.35831842    0.34375355    0.34983439    0.28132891    0.27777222    0.29561971    0.29516158    0.29801705
T15            0.27535022    0.09676542    0.09912652    0.10854507    0.08974881    0.07375255    0.03701604    0.03701604    0.00000000    0.23026032    0.22763712    0.22960139    0.22054199    0.38531156    0.38147401    0.34793500    0.36824285    0.35596638    0.36215041    0.28132891    0.28414319    0.29471485    0.29427955    0.29713590
T19            0.37895807    0.21079223    0.21367360    0.23095849    0.20060344    0.19384681    0.22208246    0.22208246    0.23026032    0.00000000    0.00602731    0.16300496    0.13232674    0.41265931    0.40866812    0.35905183    0.36953966    0.36838739    0.37841415    0.37580181    0.37514975    0.36140574    0.36079732    0.36020219
T5             0.37580181    0.20253458    0.20537478    0.22833687    0.19807887    0.19133363    0.21948701    0.21948701    0.22763712    0.00602731    0.00000000    0.16058885    0.12999135    0.40935914    0.40538382    0.35596638    0.36641389    0.36526222    0.37524801    0.37265905    0.37200794    0.35463693    0.35404286    0.35346185
T14            0.37013628    0.21479665    0.21766101    0.23192254    0.21823124    0.20119028    0.22730185    0.22730185    0.22960139    0.16300496    0.16058885    0.00000000    0.06953498    0.42336061    0.41930442    0.36895669    0.37841415    0.37728834    0.38742560    0.35962035    0.35541137    0.37137043    0.37074654    0.37388682
T20            0.34873818    0.19541225    0.19817307    0.21194874    0.19587216    0.17953236    0.21823124    0.21823124    0.22054199    0.13232674    0.12999135    0.06953498    0.00000000    0.40799210    0.40404861    0.35126884    0.37152603    0.37042840    0.38046809    0.33159364    0.33459019    0.34983439    0.34927978    0.35233912
T16            0.41889992    0.36215041    0.36583128    0.38147401    0.35596638    0.34516318    0.37514975    0.37514975    0.38531156    0.41265931    0.40935914    0.42336061    0.40799210    0.00000000    0.00200404    0.09431009    0.11782178    0.10796010    0.11493022    0.39561812    0.40024882    0.42459598    0.42379384    0.42714857
T21            0.41482645    0.35849664    0.36215041    0.37766591    0.35233912    0.34161376    0.37137043    0.37137043    0.38147401    0.40866812    0.40538382    0.41930442    0.40404861    0.00200404    0.00000000    0.09197679    0.11539148    0.10558797    0.11253529    0.39172051    0.39630462    0.42045425    0.41966945    0.42300710
T7             0.36952968    0.32612881    0.32960403    0.34678763    0.31679425    0.30331661    0.33828914    0.33828914    0.34793500    0.35905183    0.35596638    0.36895669    0.35126884    0.09431009    0.09197679    0.00000000    0.07178898    0.06715742    0.07375255    0.34432045    0.34852796    0.36707614    0.37019333    0.37332377
T6             0.37895807    0.33859264    0.34212951    0.35962035    0.34319942    0.32563753    0.35831842    0.35831842    0.36824285    0.36953966    0.36641389    0.37841415    0.37152603    0.11782178    0.11539148    0.07178898    0.00000000    0.01620896    0.02236607    0.34735488    0.35157607    0.38030559    0.37962491    0.38279584
T13            0.37388682    0.33064959    0.33411222    0.35126884    0.33508080    0.31788503    0.34375355    0.34375355    0.35596638    0.36838739    0.36526222    0.37728834    0.37042840    0.10796010    0.10558797    0.06715742    0.01620896    0.00000000    0.00602420    0.33558405    0.33963696    0.37514975    0.37451141    0.37766591
T3             0.38401596    0.34014359    0.34365505    0.36105316    0.34111085    0.32721094    0.34983439    0.34983439    0.36215041    0.37841415    0.37524801    0.38742560    0.38046809    0.11493022    0.11253529    0.07375255    0.02236607    0.00602420    0.00000000    0.34516318    0.34927978    0.38531156    0.38465671    0.38785328
T12            0.31047798    0.26527056    0.26836657    0.29019538    0.26836657    0.26284796    0.28132891    0.28132891    0.28132891    0.37580181    0.37265905    0.35962035    0.33159364    0.39561812    0.39172051    0.34432045    0.34735488    0.33558405    0.34516318    0.00000000    0.02028132    0.30955322    0.30910867    0.31202225
T2             0.31095813    0.26495008    0.26803639    0.28980515    0.27114201    0.26560192    0.27777222    0.27777222    0.28414319    0.37514975    0.37200794    0.35541137    0.33459019    0.40024882    0.39630462    0.34852796    0.35157607    0.33963696    0.34927978    0.02028132    0.00000000    0.31679425    0.31631452    0.31925054
T0             0.07594389    0.28776198    0.29101006    0.31728600    0.28776198    0.28776198    0.29561971    0.29561971    0.29471485    0.36140574    0.35463693    0.37137043    0.34983439    0.42459598    0.42045425    0.36707614    0.38030559    0.37514975    0.38531156    0.30955322    0.31679425    0.00000000    0.00602731    0.00804450
T9             0.07588858    0.28735961    0.29059702    0.31679425    0.28735961    0.28735961    0.29516158    0.29516158    0.29427955    0.36079732    0.35404286    0.37074654    0.34927978    0.42379384    0.41966945    0.37019333    0.37962491    0.37451141    0.38465671    0.30910867    0.31631452    0.00602731    0.00000000    0.00200302
T1             0.07808913    0.29019538    0.29344330    0.31973003    0.29019538    0.29019538    0.29801705    0.29801705    0.29713590    0.36020219    0.35346185    0.37388682    0.35233912    0.42714857    0.42300710    0.37332377    0.38279584    0.37766591    0.38785328    0.31202225    0.31925054    0.00804450    0.00200302    0.00000000

