24
T1             0.00000000    0.34996775    0.30184457    0.33480954    0.34236264    0.32148708    0.31854084    0.33133082    0.33480954    0.27098411    0.26821015    0.26821015    0.24512022    0.30065902    0.28114472    0.21702953    0.22726064    0.24371842    0.23179793    0.21185073    0.16154683    0.15895425    0.15653483    0.16642465
T16            0.34996775    0.00000000    0.12240498    0.15226079    0.15505670    0.14473906    0.15526814    0.14932677    0.15189274    0.24908886    0.28971997    0.27675297    0.25942483    0.28455551    0.27163014    0.31606851    0.32586440    0.35066365    0.36943727    0.34273842    0.28644645    0.28736445    0.28129260    0.31023608
T15            0.30184457    0.12240498    0.00000000    0.05433488    0.05662861    0.04133945    0.05229459    0.11066263    0.11307358    0.21711044    0.24594427    0.23081617    0.21677552    0.26519116    0.25568164    0.26064347    0.26578508    0.30625823    0.31550400    0.29782508    0.23681242    0.23909317    0.23644435    0.25284972
T9             0.33480954    0.15226079    0.05433488    0.00000000    0.01008421    0.02866656    0.03722305    0.14001041    0.14255683    0.24327813    0.28985132    0.26700605    0.26154604    0.31793614    0.29712863    0.29918519    0.30781192    0.35170294    0.36160095    0.33497574    0.27993198    0.28551748    0.28271938    0.30016923
T23            0.34236264    0.15505670    0.05662861    0.01008421    0.00000000    0.03082506    0.04161241    0.14275096    0.14531707    0.25612680    0.29374364    0.27390277    0.26840176    0.32213984    0.30111256    0.29633223    0.30492494    0.36002137    0.37005471    0.34289663    0.28704186    0.29267163    0.28985132    0.30747087
T5             0.32148708    0.14473906    0.04133945    0.02866656    0.03082506    0.00000000    0.02245718    0.12514895    0.12762577    0.24368445    0.28042901    0.25795156    0.24635019    0.30455607    0.29092254    0.28319429    0.28839356    0.33392935    0.35099237    0.32486902    0.26427091    0.26975153    0.26700605    0.28409086
T13            0.31854084    0.15526814    0.05229459    0.03722305    0.04161241    0.02245718    0.00000000    0.13784711    0.14039357    0.23494051    0.27114707    0.24902580    0.24368445    0.30169948    0.28811226    0.28039550    0.28557249    0.32377955    0.34056452    0.31841643    0.24902580    0.25440693    0.25171135    0.27483019
T11            0.33133082    0.14932677    0.11066263    0.14001041    0.14275096    0.12514895    0.13784711    0.00000000    0.00200402    0.25015184    0.28129260    0.26215146    0.23909317    0.27619328    0.26656162    0.27555228    0.29039828    0.31671232    0.33200200    0.30253571    0.26215146    0.26529103    0.25942483    0.28515208
T17            0.33480954    0.15189274    0.11307358    0.14255683    0.14531707    0.12762577    0.14039357    0.00200402    0.00000000    0.25322370    0.28455551    0.26529103    0.24211850    0.27296200    0.26339200    0.27873171    0.29365022    0.32019153    0.33560714    0.30590890    0.26529103    0.26845050    0.26255457    0.28839356
T12            0.27098411    0.24908886    0.21711044    0.24327813    0.25612680    0.24368445    0.23494051    0.25015184    0.25322370    0.00000000    0.07599597    0.06926745    0.10103506    0.16029674    0.14987118    0.24573900    0.25995247    0.25612680    0.27572826    0.24406434    0.19933475    0.20724570    0.20187170    0.21811877
T19            0.26821015    0.28971997    0.24594427    0.28985132    0.29374364    0.28042901    0.27114707    0.28129260    0.28455551    0.07599597    0.00000000    0.05407924    0.11793074    0.17390437    0.16583193    0.23772253    0.25178930    0.25975188    0.28601476    0.24442031    0.21037990    0.20752766    0.20214678    0.21496355
T22            0.26821015    0.27675297    0.23081617    0.26700605    0.27390277    0.25795156    0.24902580    0.26215146    0.26529103    0.06926745    0.05407924    0.00000000    0.10826330    0.17069965    0.16007977    0.24606371    0.25722102    0.24719179    0.27296200    0.23838802    0.20469166    0.20752766    0.20214678    0.20980898
T0             0.24512022    0.25942483    0.21677552    0.26154604    0.26840176    0.24635019    0.24368445    0.23909317    0.24211850    0.10103506    0.11793074    0.10826330    0.00000000    0.14275096    0.13261667    0.23242787    0.23805030    0.24327813    0.24102850    0.22195496    0.19177798    0.19456648    0.18927685    0.19906761
T3             0.30065902    0.28455551    0.26519116    0.31793614    0.32213984    0.30455607    0.30169948    0.27619328    0.27296200    0.16029674    0.17390437    0.17069965    0.14275096    0.00000000    0.05639203    0.28175740    0.29018430    0.30111256    0.29429611    0.26519116    0.23494051    0.23494051    0.22334487    0.23946056
T6             0.28114472    0.27163014    0.25568164    0.29712863    0.30111256    0.29092254    0.28811226    0.26656162    0.26339200    0.14987118    0.16583193    0.16007977    0.13261667    0.05639203    0.00000000    0.26255457    0.27397485    0.28985132    0.27438897    0.26427091    0.21936055    0.22523319    0.21387340    0.21582708
T10            0.21702953    0.31606851    0.26064347    0.29918519    0.29633223    0.28319429    0.28039550    0.27555228    0.27873171    0.24573900    0.23772253    0.24606371    0.23242787    0.28175740    0.26255457    0.00000000    0.03069886    0.21419981    0.22003817    0.20752766    0.15548782    0.16293757    0.15788817    0.15912071
T8             0.22726064    0.32586440    0.26578508    0.30781192    0.30492494    0.28839356    0.28557249    0.29039828    0.29365022    0.25995247    0.25178930    0.25722102    0.23805030    0.29018430    0.27397485    0.03069886    0.00000000    0.23380528    0.22489122    0.22101233    0.16802339    0.17560120    0.17046272    0.17167810
T7             0.24371842    0.35066365    0.30625823    0.35170294    0.36002137    0.33392935    0.32377955    0.31671232    0.32019153    0.25612680    0.25975188    0.24719179    0.24327813    0.30111256    0.28985132    0.21419981    0.23380528    0.00000000    0.09686165    0.12240498    0.14059709    0.14059709    0.13824896    0.19485395
T20            0.23179793    0.36943727    0.31550400    0.36160095    0.37005471    0.35099237    0.34056452    0.33200200    0.33560714    0.27572826    0.28601476    0.27296200    0.24102850    0.29429611    0.27438897    0.22003817    0.22489122    0.09686165    0.00000000    0.11753607    0.14059709    0.14059709    0.13824896    0.18651153
T21            0.21185073    0.34273842    0.29782508    0.33497574    0.34289663    0.32486902    0.31841643    0.30253571    0.30590890    0.24406434    0.24442031    0.23838802    0.22195496    0.26519116    0.26427091    0.20752766    0.22101233    0.12240498    0.11753607    0.00000000    0.12499926    0.12009437    0.11779148    0.17536689
T4             0.16154683    0.28644645    0.23681242    0.27993198    0.28704186    0.26427091    0.24902580    0.26215146    0.26529103    0.19933475    0.21037990    0.20469166    0.19177798    0.23494051    0.21936055    0.15548782    0.16802339    0.14059709    0.14059709    0.12499926    0.00000000    0.06498402    0.06504867    0.12995291
T2             0.15895425    0.28736445    0.23909317    0.28551748    0.29267163    0.26975153    0.25440693    0.26529103    0.26845050    0.20724570    0.20752766    0.20752766    0.19456648    0.23494051    0.22523319    0.16293757    0.17560120    0.14059709    0.14059709    0.12009437    0.06498402    0.00000000    0.01212516    0.14255683
T18            0.15653483    0.28129260    0.23644435    0.28271938    0.28985132    0.26700605    0.25171135    0.25942483    0.26255457    0.20187170    0.20214678    0.20214678    0.18927685    0.22334487    0.21387340    0.15788817    0.17046272    0.13824896    0.13824896    0.11779148    0.06504867    0.01212516    0.00000000    0.13513099
T14            0.16642465    0.31023608    0.25284972    0.30016923    0.30747087    0.28409086    0.27483019    0.28515208    0.28839356    0.21811877    0.21496355    0.20980898    0.19906761    0.23946056    0.21582708    0.15912071    0.17167810    0.19485395    0.18651153    0.17536689    0.12995291    0.14255683    0.13513099    0.00000000

