24
T23            0.00000000    0.32604981    0.36352460    0.38442043    0.37981148    0.38042854    0.29322898    0.29649098    0.37181636    0.35674551    0.41238299    0.36800572    0.36290623    0.36290623    0.37397905    0.48425249    0.48569137    0.50837905    0.44953068    0.44953068    0.43322948    0.43747812    0.22130828    0.25144651
T12            0.32604981    0.00000000    0.09239700    0.08809365    0.11307160    0.12299202    0.22100399    0.22684125    0.27388552    0.26198515    0.30639844    0.25973546    0.26022840    0.26254100    0.26244996    0.37862680    0.40015596    0.39290193    0.36250241    0.36250241    0.35567023    0.35567023    0.18893072    0.22002798
T6             0.36352460    0.09239700    0.00000000    0.12085616    0.17718097    0.18278265    0.26268406    0.26577427    0.32604981    0.31323618    0.35368734    0.30404275    0.30443295    0.30685773    0.31377983    0.39473460    0.42069657    0.40922413    0.37853753    0.37853753    0.37160311    0.37160311    0.22002798    0.25247475
T8             0.38442043    0.08809365    0.12085616    0.00000000    0.16451771    0.17000973    0.26999038    0.27314921    0.32073692    0.30799289    0.35548360    0.30567035    0.30588985    0.30827955    0.31548035    0.42153014    0.44449011    0.43674786    0.40423237    0.40423237    0.39697320    0.39697320    0.21522426    0.23680089
T1             0.37981148    0.11307160    0.17718097    0.16451771    0.00000000    0.02447296    0.27443818    0.27758689    0.30779401    0.30443295    0.35005727    0.31117789    0.30020296    0.30596799    0.31069247    0.39977765    0.41763340    0.41431836    0.38743192    0.38743192    0.38423875    0.38423875    0.23045589    0.24874505
T18            0.38042854    0.12299202    0.18278265    0.17000973    0.02447296    0.00000000    0.27479440    0.27795312    0.31509372    0.31167499    0.36042780    0.31853605    0.31312904    0.31898497    0.31801535    0.40048414    0.41837662    0.41505999    0.39194766    0.39194766    0.38488427    0.38488427    0.24286926    0.26136437
T22            0.29322898    0.22100399    0.26268406    0.26999038    0.27443818    0.27479440    0.00000000    0.00602416    0.17855073    0.16513404    0.19855470    0.16249349    0.16171651    0.16137902    0.16535641    0.25321160    0.26843638    0.27438248    0.23771303    0.24304731    0.23209888    0.23209888    0.18349881    0.19808518
T10            0.29649098    0.22684125    0.26577427    0.27314921    0.27758689    0.27795312    0.00602416    0.00000000    0.18127794    0.16249349    0.19578216    0.15986686    0.15911735    0.15879338    0.16270883    0.24708761    0.26213836    0.26802427    0.23178921    0.23708819    0.22622734    0.22915447    0.18624099    0.20085767
T11            0.37181636    0.27388552    0.32604981    0.32073692    0.30779401    0.31509372    0.17855073    0.18127794    0.00000000    0.02236502    0.20301856    0.17145505    0.16513404    0.17000973    0.17993019    0.27942828    0.30117830    0.30170920    0.26295404    0.26843638    0.26337746    0.25709910    0.24229261    0.24675222
T21            0.35674551    0.26198515    0.31323618    0.30799289    0.30443295    0.31167499    0.16513404    0.16249349    0.02236502    0.00000000    0.18349881    0.15287011    0.14693737    0.15171795    0.16099204    0.25881594    0.27991407    0.28041055    0.24286926    0.24821234    0.24326526    0.23717832    0.23310555    0.23756549
T19            0.41238299    0.30639844    0.35368734    0.35548360    0.35005727    0.36042780    0.19855470    0.19578216    0.20301856    0.18349881    0.00000000    0.10094270    0.09845120    0.10298540    0.09887915    0.31801535    0.34096188    0.34153317    0.30397032    0.30975670    0.29448361    0.30109439    0.26065217    0.28925079
T3             0.36800572    0.25973546    0.30404275    0.30567035    0.31117789    0.31853605    0.16249349    0.15986686    0.17145505    0.15287011    0.10094270    0.00000000    0.03270509    0.03689380    0.05194876    0.26022840    0.28127626    0.28174052    0.25051444    0.25591892    0.23872493    0.24477471    0.22707357    0.25439345
T13            0.36290623    0.26022840    0.30443295    0.30588985    0.30020296    0.31312904    0.16171651    0.15911735    0.16513404    0.14693737    0.09845120    0.03270509    0.00000000    0.00804440    0.05621573    0.25554610    0.27314921    0.27354957    0.24304731    0.24842184    0.23443376    0.24037518    0.21676611    0.24370809
T14            0.36290623    0.26254100    0.30685773    0.30827955    0.30596799    0.31898497    0.16137902    0.15879338    0.17000973    0.15171795    0.10298540    0.03689380    0.00804440    0.00000000    0.05831639    0.25554610    0.27314921    0.27354957    0.24605379    0.25144651    0.23739562    0.24337265    0.21902682    0.24605379
T0             0.37397905    0.26244996    0.31377983    0.31548035    0.31069247    0.31801535    0.16535641    0.16270883    0.17993019    0.16099204    0.09887915    0.05194876    0.05621573    0.05831639    0.00000000    0.26929222    0.28734747    0.28782239    0.26254100    0.26802427    0.25051444    0.25669544    0.23048809    0.25793711
T2             0.48425249    0.37862680    0.39473460    0.42153014    0.39977765    0.40048414    0.25321160    0.24708761    0.27942828    0.25881594    0.31801535    0.26022840    0.25554610    0.25554610    0.26929222    0.00000000    0.02656526    0.02862882    0.04783409    0.05206684    0.05009549    0.05009549    0.32131660    0.33910910
T9             0.48569137    0.40015596    0.42069657    0.44449011    0.41763340    0.41837662    0.26843638    0.26213836    0.30117830    0.27991407    0.34096188    0.28127626    0.27314921    0.27314921    0.28734747    0.02656526    0.00000000    0.02859763    0.05859956    0.06289177    0.06089942    0.06089942    0.34457658    0.36290623
T20            0.50837905    0.39290193    0.40922413    0.43674786    0.41431836    0.41505999    0.27438248    0.26802427    0.30170920    0.28041055    0.34153317    0.28174052    0.27354957    0.27354957    0.28782239    0.02862882    0.02859763    0.00000000    0.06296511    0.06728083    0.06528308    0.06528308    0.34522260    0.36355857
T16            0.44953068    0.36250241    0.37853753    0.40423237    0.38743192    0.39194766    0.23771303    0.23178921    0.26295404    0.24286926    0.30397032    0.25051444    0.24304731    0.24605379    0.26254100    0.04783409    0.05859956    0.06296511    0.00000000    0.00401207    0.01417444    0.01417444    0.29347278    0.30732007
T17            0.44953068    0.36250241    0.37853753    0.40423237    0.38743192    0.39194766    0.24304731    0.23708819    0.26843638    0.24821234    0.30975670    0.25591892    0.24842184    0.25144651    0.26802427    0.05206684    0.06289177    0.06728083    0.00401207    0.00000000    0.01824824    0.01824824    0.29347278    0.30732007
T4             0.43322948    0.35567023    0.37160311    0.39697320    0.38423875    0.38488427    0.23209888    0.22622734    0.26337746    0.24326526    0.29448361    0.23872493    0.23443376    0.23739562    0.25051444    0.05009549    0.06089942    0.06528308    0.01417444    0.01824824    0.00000000    0.01214679    0.28734747    0.30109439
T5             0.43747812    0.35567023    0.37160311    0.39697320    0.38423875    0.38488427    0.23209888    0.22915447    0.25709910    0.23717832    0.30109439    0.24477471    0.24037518    0.24337265    0.25669544    0.05009549    0.06089942    0.06528308    0.01417444    0.01824824    0.01214679    0.00000000    0.28734747    0.30109439
T15            0.22130828    0.18893072    0.22002798    0.21522426    0.23045589    0.24286926    0.18349881    0.18624099    0.24229261    0.23310555    0.26065217    0.22707357    0.21676611    0.21902682    0.23048809    0.32131660    0.34457658    0.34522260    0.29347278    0.29347278    0.28734747    0.28734747    0.00000000    0.06498350
T7             0.25144651    0.22002798    0.25247475    0.23680089    0.24874505    0.26136437    0.19808518    0.20085767    0.24675222    0.23756549    0.28925079    0.25439345    0.24370809    0.24605379    0.25793711    0.33910910    0.36290623    0.36355857    0.30732007    0.30732007    0.30109439    0.30109439    0.06498350    0.00000000

