24
T21            0.00000000    0.42160275    0.40395282    0.38336730    0.43312936    0.42902985    0.40698904    0.41840324    0.41840324    0.36045577    0.36045577    0.36647343    0.36647343    0.32980916    0.40784193    0.36415860    0.36669993    0.36916167    0.37229231    0.37925350    0.39136214    0.38948836    0.12908960    0.13626246
T20            0.42160275    0.00000000    0.08055424    0.07843724    0.25261288    0.25561862    0.23857415    0.27589030    0.27589030    0.32547400    0.32547400    0.31264075    0.31943677    0.31018707    0.33384901    0.33610857    0.32777776    0.33014642    0.34635304    0.31958672    0.37745358    0.36426274    0.45750607    0.45148104
T19            0.40395282    0.08055424    0.00000000    0.03272975    0.21807239    0.22940738    0.21583099    0.24594979    0.24594979    0.28710883    0.28710883    0.27339641    0.27965474    0.27651568    0.29204426    0.30439391    0.29294506    0.29532792    0.31405818    0.28227065    0.32930078    0.32041720    0.40964991    0.40452965
T14            0.38336730    0.07843724    0.03272975    0.00000000    0.21284311    0.22411421    0.21062922    0.24054098    0.24054098    0.28146688    0.28146688    0.24962530    0.25561862    0.25864273    0.27999452    0.30105283    0.29294506    0.29532792    0.31065984    0.27905949    0.32930078    0.32041720    0.39917734    0.38768635
T7             0.43312936    0.25261288    0.21807239    0.21284311    0.00000000    0.05836994    0.07375957    0.08697133    0.08697133    0.29359347    0.29359347    0.28599329    0.29490670    0.28599329    0.31602708    0.32843557    0.33312142    0.32843557    0.33384901    0.32387481    0.36788935    0.35489237    0.44801284    0.42973487
T9             0.42902985    0.25561862    0.22940738    0.22411421    0.05836994    0.00000000    0.08284003    0.09615560    0.09615560    0.29359347    0.29359347    0.30141152    0.30721374    0.28994657    0.33228635    0.34271725    0.34395045    0.34271725    0.35182954    0.33795214    0.38310032    0.36981826    0.43800292    0.41629197
T23            0.40698904    0.23857415    0.21583099    0.21062922    0.07375957    0.08284003    0.00000000    0.04339537    0.04339537    0.28508466    0.28508466    0.28316387    0.28564443    0.26198842    0.30972626    0.30247328    0.29674953    0.30247328    0.31114454    0.29818470    0.34040373    0.32788998    0.41964455    0.40244580
T17            0.41840324    0.27589030    0.24594979    0.24054098    0.08697133    0.09615560    0.04339537    0.00000000    0.00000000    0.30180202    0.30180202    0.29996905    0.30253986    0.28466723    0.32015256    0.33086339    0.33196751    0.33086339    0.33985727    0.31943677    0.35564608    0.35007083    0.43925753    0.42176187
T18            0.41840324    0.27589030    0.24594979    0.24054098    0.08697133    0.09615560    0.04339537    0.00000000    0.00000000    0.30180202    0.30180202    0.29996905    0.30253986    0.28466723    0.32015256    0.33086339    0.33196751    0.33086339    0.33985727    0.31943677    0.35564608    0.35007083    0.43925753    0.42176187
T16            0.36045577    0.32547400    0.28710883    0.28146688    0.29359347    0.29359347    0.28508466    0.30180202    0.30180202    0.00000000    0.00000000    0.14148966    0.14400741    0.12001568    0.16791383    0.18863594    0.18418243    0.18365040    0.19445411    0.18588741    0.21543126    0.20486904    0.36736901    0.37229231
T10            0.36045577    0.32547400    0.28710883    0.28146688    0.29359347    0.29359347    0.28508466    0.30180202    0.30180202    0.00000000    0.00000000    0.14148966    0.14400741    0.12001568    0.16791383    0.18863594    0.18418243    0.18365040    0.19445411    0.18588741    0.21543126    0.20486904    0.36736901    0.37229231
T11            0.36647343    0.31264075    0.27339641    0.24962530    0.28599329    0.30141152    0.28316387    0.29996905    0.29996905    0.14148966    0.14148966    0.00000000    0.02648691    0.11707148    0.16390727    0.20077979    0.19020217    0.19251276    0.20893915    0.19758542    0.22170307    0.21387260    0.36296901    0.36807424
T12            0.36647343    0.31943677    0.27965474    0.25561862    0.29490670    0.30721374    0.28564443    0.30253986    0.30253986    0.14400741    0.14400741    0.02648691    0.00000000    0.12171373    0.16651776    0.20077979    0.19294269    0.19525311    0.21176555    0.20034088    0.22456161    0.21670683    0.36296901    0.36807424
T15            0.32980916    0.31018707    0.27651568    0.25864273    0.28599329    0.28994657    0.26198842    0.28466723    0.28466723    0.12001568    0.12001568    0.11707148    0.12171373    0.00000000    0.11299307    0.17178045    0.16991606    0.17216415    0.18269358    0.17178045    0.19779236    0.19020217    0.32899351    0.33495369
T13            0.40784193    0.33384901    0.29204426    0.27999452    0.31602708    0.33228635    0.30972626    0.32015256    0.32015256    0.16791383    0.16791383    0.16390727    0.16651776    0.11299307    0.00000000    0.22445482    0.21634110    0.21861781    0.23598414    0.21802311    0.24597998    0.23795737    0.40356472    0.41263504
T22            0.36415860    0.33610857    0.30439391    0.30105283    0.32843557    0.34271725    0.30247328    0.33086339    0.33086339    0.18863594    0.18863594    0.20077979    0.20077979    0.17178045    0.22445482    0.00000000    0.02236680    0.01617962    0.02233082    0.04120847    0.06506401    0.05420545    0.38913223    0.39160466
T1             0.36669993    0.32777776    0.29294506    0.29294506    0.33312142    0.34395045    0.29674953    0.33196751    0.33196751    0.18418243    0.18418243    0.19020217    0.19294269    0.16991606    0.21634110    0.02236680    0.00000000    0.01415557    0.02860059    0.04344636    0.06746129    0.05655882    0.38821691    0.39063990
T0             0.36916167    0.33014642    0.29532792    0.29532792    0.32843557    0.34271725    0.30247328    0.33086339    0.33086339    0.18365040    0.18365040    0.19251276    0.19525311    0.17216415    0.21861781    0.01617962    0.01415557    0.00000000    0.02234837    0.03701823    0.06075773    0.04995914    0.39063990    0.39308720
T3             0.37229231    0.34635304    0.31405818    0.31065984    0.33384901    0.35182954    0.31114454    0.33985727    0.33985727    0.19445411    0.19445411    0.20893915    0.21176555    0.18269358    0.23598414    0.02233082    0.02860059    0.02234837    0.00000000    0.04761717    0.07171641    0.06075773    0.38744370    0.38203130
T2             0.37925350    0.31958672    0.28227065    0.27905949    0.32387481    0.33795214    0.29818470    0.31943677    0.31943677    0.18588741    0.18588741    0.19758542    0.20034088    0.17178045    0.21802311    0.04120847    0.04344636    0.03701823    0.04761717    0.00000000    0.05832604    0.05190874    0.39707406    0.39555930
T5             0.39136214    0.37745358    0.32930078    0.32930078    0.36788935    0.38310032    0.34040373    0.35564608    0.35564608    0.21543126    0.21543126    0.22170307    0.22456161    0.19779236    0.24597998    0.06506401    0.06746129    0.06075773    0.07171641    0.05832604    0.00000000    0.02650773    0.40934091    0.40784193
T6             0.38948836    0.36426274    0.32041720    0.32041720    0.35489237    0.36981826    0.32788998    0.35007083    0.35007083    0.20486904    0.20486904    0.21387260    0.21670683    0.19020217    0.23795737    0.05420545    0.05655882    0.04995914    0.06075773    0.05190874    0.02650773    0.00000000    0.41170183    0.41011289
T8             0.12908960    0.45750607    0.40964991    0.39917734    0.44801284    0.43800292    0.41964455    0.43925753    0.43925753    0.36736901    0.36736901    0.36296901    0.36296901    0.32899351    0.40356472    0.38913223    0.38821691    0.39063990    0.38744370    0.39707406    0.40934091    0.41170183    0.00000000    0.03701823
T4             0.13626246    0.45148104    0.40452965    0.38768635    0.42973487    0.41629197    0.40244580    0.42176187    0.42176187    0.37229231    0.37229231    0.36807424    0.36807424    0.33495369    0.41263504    0.39160466    0.39063990    0.39308720    0.38203130    0.39555930    0.40784193    0.41011289    0.03701823    0.00000000

