24
T21            0.00000000    0.44438753    0.43339848    0.44996983    0.44224547    0.41733798    0.40417570    0.44912413    0.43563246    0.43981761    0.43224067    0.40466056    0.27005901    0.26642297    0.28986823    0.24772673    0.27425925    0.29950087    0.28911596    0.28069112    0.28304955    0.29950087    0.20104069    0.16731555
T16            0.44438753    0.00000000    0.02862761    0.15443590    0.15203684    0.13962911    0.13460365    0.17309413    0.15443590    0.14453054    0.13711007    0.11510163    0.37074612    0.36641779    0.38363541    0.35655081    0.39558347    0.41297300    0.39124363    0.37388207    0.39950592    0.40206994    0.47545693    0.43224067
T1             0.43339848    0.02862761    0.00000000    0.14674295    0.14436357    0.13962911    0.13460365    0.17309413    0.15443590    0.13727392    0.12992633    0.11030523    0.36701403    0.36272703    0.39118416    0.35291376    0.39169157    0.40490642    0.38595955    0.37013600    0.38782974    0.40602340    0.47278326    0.42963660
T10            0.44996983    0.15443590    0.14674295    0.00000000    0.02234647    0.14016367    0.13008714    0.16047554    0.14983420    0.14507994    0.13510001    0.11547554    0.36267309    0.36953125    0.38145951    0.35958809    0.38733649    0.40470987    0.38804563    0.35958809    0.39124363    0.40315169    0.47493506    0.41454325
T14            0.44224547    0.15203684    0.14436357    0.02234647    0.00000000    0.14035774    0.13025575    0.16336008    0.15262139    0.14527914    0.13528123    0.11318810    0.35958809    0.36641919    0.37829496    0.35651596    0.38415370    0.40146079    0.38486140    0.36641919    0.41046060    0.41454325    0.46431378    0.40315169
T23            0.41733798    0.13962911    0.13962911    0.14016367    0.14035774    0.00000000    0.04334232    0.07412317    0.06060791    0.07403190    0.06511365    0.07858789    0.34612901    0.34916144    0.36953923    0.34310903    0.36641919    0.38706639    0.36708040    0.35651596    0.39196810    0.38950522    0.43301475    0.39768140
T3             0.40417570    0.13460365    0.13460365    0.13008714    0.13025575    0.04334232    0.00000000    0.05859437    0.04330570    0.06282035    0.05407541    0.07403190    0.34010140    0.34310903    0.36451410    0.33352109    0.35651596    0.37683669    0.36089317    0.34674611    0.37782893    0.37782893    0.42627378    0.39915073
T6             0.44912413    0.17309413    0.17309413    0.16047554    0.16336008    0.07412317    0.05859437    0.00000000    0.03492589    0.09933965    0.09004149    0.10411318    0.36708040    0.37019357    0.39103566    0.36023420    0.38415370    0.40146079    0.38486140    0.37399667    0.40239400    0.40239400    0.46128568    0.43711747
T9             0.43563246    0.15443590    0.15443590    0.14983420    0.15262139    0.06060791    0.04330570    0.03492589    0.00000000    0.08060292    0.07161791    0.09449321    0.36641919    0.36953125    0.39039379    0.35958809    0.37579506    0.38876854    0.37265650    0.37331993    0.40565153    0.40968476    0.46041609    0.42370981
T2             0.43981761    0.14453054    0.13727392    0.14507994    0.14527914    0.07403190    0.06282035    0.09933965    0.08060292    0.00000000    0.01210015    0.09238351    0.35651596    0.35220643    0.37013600    0.34977937    0.38098456    0.38782870    0.37782893    0.37468672    0.39915073    0.39124363    0.45343563    0.41297300
T15            0.43224067    0.13711007    0.12992633    0.13510001    0.13528123    0.06511365    0.05407541    0.09004149    0.07161791    0.01210015    0.00000000    0.08550070    0.34977937    0.34552436    0.36953923    0.34310903    0.37399667    0.38706639    0.37468672    0.36775470    0.39990661    0.39196810    0.44567684    0.40565153
T20            0.40466056    0.11510163    0.11030523    0.11547554    0.11318810    0.07858789    0.07403190    0.10411318    0.09449321    0.09238351    0.08550070    0.00000000    0.32182536    0.32476956    0.34823064    0.31544410    0.34133438    0.34250511    0.32424074    0.33178845    0.35100696    0.35465730    0.42550335    0.37894704
T17            0.27005901    0.37074612    0.36701403    0.36267309    0.35958809    0.34612901    0.34010140    0.36708040    0.36641919    0.35651596    0.34977937    0.32182536    0.00000000    0.01417404    0.06255093    0.02656408    0.09886667    0.11105136    0.11820797    0.09461127    0.12296888    0.12296888    0.26325797    0.23220156
T8             0.26642297    0.36641779    0.36272703    0.36953125    0.36641919    0.34916144    0.34310903    0.37019357    0.36953125    0.35220643    0.34552436    0.32476956    0.01417404    0.00000000    0.06254035    0.02444344    0.09642480    0.10849843    0.11561541    0.09215119    0.12035388    0.12035388    0.25970241    0.22882174
T22            0.28986823    0.38363541    0.39118416    0.38145951    0.37829496    0.36953923    0.36451410    0.39103566    0.39039379    0.37013600    0.36953923    0.34823064    0.06255093    0.06254035    0.00000000    0.05174547    0.12868003    0.14365110    0.14103939    0.12173931    0.15096199    0.15096199    0.29763992    0.26202793
T0             0.24772673    0.35655081    0.35291376    0.35958809    0.35651596    0.34310903    0.33352109    0.36023420    0.35958809    0.34977937    0.34310903    0.31544410    0.02656408    0.02444344    0.05174547    0.00000000    0.08962749    0.10637078    0.10863577    0.08539011    0.11332963    0.10849843    0.25118626    0.21771268
T19            0.27425925    0.39558347    0.39169157    0.38733649    0.38415370    0.36641919    0.35651596    0.38415370    0.37579506    0.38098456    0.37399667    0.34133438    0.09886667    0.09642480    0.12868003    0.08962749    0.00000000    0.08539011    0.07613275    0.09449321    0.11790876    0.12035388    0.26516315    0.23564011
T12            0.29950087    0.41297300    0.40490642    0.40470987    0.40146079    0.38706639    0.37683669    0.40146079    0.38876854    0.38782870    0.38706639    0.34250511    0.11105136    0.10849843    0.14365110    0.10637078    0.08539011    0.00000000    0.05425575    0.12387258    0.15375830    0.15113342    0.29332639    0.25781938
T7             0.28911596    0.39124363    0.38595955    0.38804563    0.38486140    0.36708040    0.36089317    0.38486140    0.37265650    0.37782893    0.37468672    0.32424074    0.11820797    0.11561541    0.14103939    0.10863577    0.07613275    0.05425575    0.00000000    0.11871354    0.14312401    0.14570152    0.28956525    0.25739834
T11            0.28069112    0.37388207    0.37013600    0.35958809    0.36641919    0.35651596    0.34674611    0.37399667    0.37331993    0.37468672    0.36775470    0.33178845    0.09461127    0.09215119    0.12173931    0.08539011    0.09449321    0.12387258    0.11871354    0.00000000    0.08561836    0.08794946    0.27149321    0.24622847
T18            0.28304955    0.39950592    0.38782974    0.39124363    0.41046060    0.39196810    0.37782893    0.40239400    0.40565153    0.39915073    0.39990661    0.35100696    0.12296888    0.12035388    0.15096199    0.11332963    0.11790876    0.15375830    0.14312401    0.08561836    0.00000000    0.04549290    0.28911596    0.26011287
T5             0.29950087    0.40206994    0.40602340    0.40315169    0.41454325    0.38950522    0.37782893    0.40239400    0.40968476    0.39124363    0.39196810    0.35465730    0.12296888    0.12035388    0.15096199    0.10849843    0.12035388    0.15113342    0.14570152    0.08794946    0.04549290    0.00000000    0.27621020    0.25079461
T4             0.20104069    0.47545693    0.47278326    0.47493506    0.46431378    0.43301475    0.42627378    0.46128568    0.46041609    0.45343563    0.44567684    0.42550335    0.26325797    0.25970241    0.29763992    0.25118626    0.26516315    0.29332639    0.28956525    0.27149321    0.28911596    0.27621020    0.00000000    0.09618612
T13            0.16731555    0.43224067    0.42963660    0.41454325    0.40315169    0.39768140    0.39915073    0.43711747    0.42370981    0.41297300    0.40565153    0.37894704    0.23220156    0.22882174    0.26202793    0.21771268    0.23564011    0.25781938    0.25739834    0.24622847    0.26011287    0.25079461    0.09618612    0.00000000

