24
T23            0.00000000    0.27396005    0.27632766    0.20587008    0.23153307    0.22454892    0.31652370    0.23538873    0.23771269    0.20441053    0.21417922    0.21702279    0.21370922    0.20389124    0.21442861    0.21442861    0.13949279    0.14511226    0.13965608    0.14423121    0.14677083    0.11282467    0.11778930    0.13185199
T18            0.27396005    0.00000000    0.08273840    0.22557349    0.24286856    0.25398866    0.35311353    0.27632766    0.28925011    0.25630146    0.28232668    0.28232668    0.27201244    0.25863599    0.27314872    0.27314872    0.25398866    0.26381040    0.24821169    0.26802367    0.26487476    0.24138384    0.25398866    0.25518319
T9             0.27632766    0.08273840    0.00000000    0.22854438    0.25439273    0.25013969    0.37789269    0.28837815    0.29492381    0.26802367    0.27275917    0.27911707    0.26268381    0.26099263    0.27553915    0.27553915    0.26568932    0.27895226    0.27249094    0.27673816    0.28317831    0.25901839    0.26568932    0.26685100
T4             0.20587008    0.22557349    0.22854438    0.00000000    0.06547382    0.08342949    0.29679944    0.21386389    0.20811064    0.18154377    0.20271602    0.20271602    0.17698323    0.16228640    0.17491940    0.16959617    0.18210204    0.19357902    0.18300405    0.18983904    0.18926952    0.17363670    0.17935221    0.18127761
T15            0.23153307    0.24286856    0.25439273    0.06547382    0.00000000    0.09488419    0.29347191    0.23080496    0.23080496    0.19204993    0.22227789    0.22818446    0.20389124    0.18325104    0.19627262    0.19627262    0.20111857    0.21302286    0.19641490    0.21779710    0.21710010    0.19233808    0.19544690    0.19736267
T2             0.22454892    0.25398866    0.25013969    0.08342949    0.09488419    0.00000000    0.29121028    0.23872444    0.23872444    0.18848157    0.22422653    0.22422653    0.21159310    0.18800075    0.20109541    0.20109541    0.18899801    0.20618946    0.18764762    0.20587008    0.20525872    0.18053135    0.19177066    0.18823669
T12            0.31652370    0.35311353    0.37789269    0.29679944    0.29347191    0.29121028    0.00000000    0.20873845    0.20018237    0.16582610    0.21486976    0.22668372    0.21644048    0.18375480    0.21097897    0.21097897    0.26888346    0.25212133    0.25144622    0.26961038    0.27516118    0.25755113    0.28555709    0.28676801
T13            0.23538873    0.27632766    0.28837815    0.21386389    0.23080496    0.23872444    0.20873845    0.00000000    0.08519983    0.09963708    0.14833046    0.15355647    0.13261343    0.11107034    0.13530993    0.13028163    0.21237403    0.21323985    0.20751970    0.21237403    0.20159889    0.19960337    0.21581838    0.22303320
T10            0.23771269    0.28925011    0.29492381    0.20811064    0.23080496    0.23872444    0.20018237    0.08519983    0.00000000    0.09725497    0.14833046    0.15355647    0.12268186    0.10624862    0.13028163    0.12530354    0.20953037    0.20751970    0.19627262    0.20670283    0.20670283    0.19074282    0.20441053    0.21210425
T22            0.20441053    0.25630146    0.26802367    0.18154377    0.19204993    0.18848157    0.16582610    0.09963708    0.09725497    0.00000000    0.10911304    0.11399387    0.09685996    0.07869938    0.09462482    0.09462482    0.16959617    0.17559543    0.16491993    0.17760248    0.17760248    0.15706071    0.17267830    0.17965904
T0             0.21417922    0.28232668    0.27275917    0.20271602    0.22227789    0.22422653    0.21486976    0.14833046    0.14833046    0.10911304    0.00000000    0.01214678    0.08061109    0.11334881    0.12514626    0.12514626    0.20085753    0.19602275    0.18777376    0.20364552    0.20364552    0.17204985    0.20134254    0.20854027
T21            0.21702279    0.28232668    0.27911707    0.20271602    0.22818446    0.22422653    0.22668372    0.15355647    0.15355647    0.11399387    0.01214678    0.00000000    0.08751014    0.11822950    0.12762291    0.12762291    0.20364552    0.19880303    0.19325789    0.20085753    0.20085753    0.17471142    0.20414625    0.21135177
T8             0.21370922    0.27201244    0.26268381    0.17698323    0.20389124    0.21159310    0.21644048    0.13261343    0.12268186    0.09685996    0.08061109    0.08751014    0.00000000    0.09877859    0.11031934    0.11031934    0.18409121    0.18734676    0.17396711    0.18142266    0.18142266    0.16871420    0.18444933    0.19164940
T11            0.20389124    0.25863599    0.26099263    0.16228640    0.18325104    0.18800075    0.18375480    0.11107034    0.10624862    0.07869938    0.11334881    0.11822950    0.09877859    0.00000000    0.03492765    0.03492765    0.16695573    0.17513607    0.16979856    0.17986389    0.17986389    0.16189793    0.17491940    0.18464195
T17            0.21442861    0.27314872    0.27553915    0.17491940    0.19627262    0.20109541    0.21097897    0.13530993    0.13028163    0.09462482    0.12514626    0.12762291    0.11031934    0.03492765    0.00000000    0.00401613    0.17965904    0.19350005    0.18256145    0.19006632    0.19006632    0.17451218    0.18777376    0.19532791
T7             0.21442861    0.27314872    0.27553915    0.16959617    0.19627262    0.20109541    0.21097897    0.13028163    0.12530354    0.09462482    0.12514626    0.12762291    0.11031934    0.03492765    0.00401613    0.00000000    0.17965904    0.19350005    0.18256145    0.19006632    0.19006632    0.17451218    0.18777376    0.19532791
T1             0.13949279    0.25398866    0.26568932    0.18210204    0.20111857    0.18899801    0.26888346    0.21237403    0.20953037    0.16959617    0.20085753    0.20364552    0.18409121    0.16695573    0.17965904    0.17965904    0.00000000    0.10413069    0.08741499    0.10113247    0.10113247    0.08281569    0.11549404    0.12951179
T20            0.14511226    0.26381040    0.27895226    0.19357902    0.21302286    0.20618946    0.25212133    0.21323985    0.20751970    0.17559543    0.19602275    0.19880303    0.18734676    0.17513607    0.19350005    0.19350005    0.10413069    0.00000000    0.09005399    0.09910238    0.09910238    0.07395484    0.12333270    0.13244529
T6             0.13965608    0.24821169    0.27249094    0.18300405    0.19641490    0.18764762    0.25144622    0.20751970    0.19627262    0.16491993    0.18777376    0.19325789    0.17396711    0.16979856    0.18256145    0.18256145    0.08741499    0.09005399    0.00000000    0.07859707    0.07859707    0.06932068    0.11320638    0.11984075
T16            0.14423121    0.26802367    0.27673816    0.18983904    0.21779710    0.20587008    0.26961038    0.21237403    0.20670283    0.17760248    0.20364552    0.20085753    0.18142266    0.17986389    0.19006632    0.19006632    0.10113247    0.09910238    0.07859707    0.00000000    0.02444422    0.07599534    0.12746727    0.13919045
T14            0.14677083    0.26487476    0.28317831    0.18926952    0.21710010    0.20525872    0.27516118    0.20159889    0.20670283    0.17760248    0.20364552    0.20085753    0.18142266    0.17986389    0.19006632    0.19006632    0.10113247    0.09910238    0.07859707    0.02444422    0.00000000    0.07599534    0.12746727    0.13919045
T19            0.11282467    0.24138384    0.25901839    0.17363670    0.19233808    0.18053135    0.25755113    0.19960337    0.19074282    0.15706071    0.17204985    0.17471142    0.16871420    0.16189793    0.17451218    0.17451218    0.08281569    0.07395484    0.06932068    0.07599534    0.07599534    0.00000000    0.10360926    0.11500758
T3             0.11778930    0.25398866    0.26568932    0.17935221    0.19544690    0.19177066    0.28555709    0.21581838    0.20441053    0.17267830    0.20134254    0.20414625    0.18444933    0.17491940    0.18777376    0.18777376    0.11549404    0.12333270    0.11320638    0.12746727    0.12746727    0.10360926    0.00000000    0.03697666
T5             0.13185199    0.25518319    0.26685100    0.18127761    0.19736267    0.18823669    0.28676801    0.22303320    0.21210425    0.17965904    0.20854027    0.21135177    0.19164940    0.18464195    0.19532791    0.19532791    0.12951179    0.13244529    0.11984075    0.13919045    0.13919045    0.11500758    0.03697666    0.00000000

