24
T10            0.00000000    0.30681497    0.30392803    0.32384434    0.32089958    0.34507788    0.43907799    0.41889671    0.35480972    0.36157613    0.34999904    0.37846697    0.31213605    0.30534783    0.29343053    0.29675679    0.30010538    0.32436429    0.29729784    0.28510122    0.28552036    0.24905156    0.27755535    0.29675679
T22            0.30681497    0.00000000    0.03705506    0.24602772    0.24871865    0.26133360    0.31509691    0.30438981    0.24839598    0.23382417    0.23648079    0.26850637    0.22825975    0.22825975    0.23207541    0.22329617    0.22098264    0.21133435    0.21416117    0.24508702    0.23943301    0.19553519    0.22650705    0.23441051
T0             0.30392803    0.03705506    0.00000000    0.23146694    0.23176626    0.25244627    0.31554552    0.30151460    0.23972871    0.22535898    0.22798870    0.24748960    0.21416117    0.21416117    0.22358925    0.21493685    0.21838555    0.19998426    0.21157533    0.23354593    0.22798870    0.18754191    0.20951212    0.23471856
T7             0.32384434    0.24602772    0.23146694    0.00000000    0.02234680    0.04139670    0.19553519    0.17244791    0.12937538    0.12214958    0.11480617    0.15910757    0.13712810    0.13212587    0.13010477    0.13260591    0.12052120    0.10304824    0.16939120    0.27034748    0.26445195    0.21809019    0.24284005    0.25011142
T20            0.32089958    0.24871865    0.23176626    0.02234680    0.00000000    0.03919209    0.19348442    0.17312713    0.12704142    0.11741327    0.11012582    0.15669004    0.13198170    0.12704142    0.12499051    0.12746067    0.12036863    0.10298196    0.16920635    0.26370165    0.25787357    0.22358925    0.24857686    0.25588884
T3             0.34507788    0.26133360    0.25244627    0.04139670    0.03919209    0.00000000    0.20387427    0.18051751    0.14692865    0.13729281    0.12964344    0.17223872    0.15504177    0.14985761    0.15047405    0.15307970    0.14058349    0.11972154    0.18548787    0.27351530    0.26758991    0.23272311    0.25208033    0.26250817
T1             0.43907799    0.31509691    0.31554552    0.19553519    0.19348442    0.20387427    0.00000000    0.07395270    0.15965624    0.16207729    0.15411145    0.20158180    0.21521441    0.21521441    0.21900469    0.21610378    0.21095854    0.17678258    0.26370165    0.38296076    0.37846697    0.33028992    0.34507788    0.35788054
T14            0.41889671    0.30438981    0.30151460    0.17244791    0.17312713    0.18051751    0.07395270    0.00000000    0.14018546    0.14767507    0.13981926    0.17021672    0.20494823    0.20494823    0.20016384    0.20871777    0.19794294    0.16170629    0.25356493    0.36659027    0.36220106    0.30584403    0.32011627    0.33605599
T23            0.35480972    0.24839598    0.23972871    0.12937538    0.12704142    0.14692865    0.15965624    0.14018546    0.00000000    0.09205379    0.08502484    0.12746067    0.14438291    0.14438291    0.13981926    0.13729281    0.14018546    0.11730525    0.19600689    0.28229106    0.27629354    0.22098264    0.24207906    0.25627129
T18            0.36157613    0.23382417    0.22535898    0.12214958    0.11741327    0.13729281    0.16207729    0.14767507    0.09205379    0.00000000    0.01008414    0.11078471    0.13198170    0.13198170    0.12994313    0.13243800    0.12529685    0.10784051    0.17985102    0.27868414    0.27272673    0.23239437    0.25706693    0.26840212
T11            0.34999904    0.23648079    0.22798870    0.11480617    0.11012582    0.12964344    0.15411145    0.13981926    0.08502484    0.01008414    0.00000000    0.10825696    0.12937538    0.12937538    0.12978935    0.13227798    0.12267571    0.10539630    0.17697113    0.27512892    0.26921069    0.22913180    0.25356493    0.26484286
T2             0.37846697    0.26850637    0.24748960    0.15910757    0.15669004    0.17223872    0.20158180    0.17021672    0.12746067    0.11078471    0.10825696    0.00000000    0.17223872    0.17223872    0.15965624    0.15965624    0.16269708    0.14645469    0.22620545    0.30592683    0.29973499    0.25480323    0.27712398    0.29865073
T6             0.31213605    0.22825975    0.21416117    0.13712810    0.13198170    0.15504177    0.21521441    0.20494823    0.14438291    0.13198170    0.12937538    0.17223872    0.00000000    0.00401612    0.04554276    0.05206564    0.05646210    0.10575974    0.18323665    0.26719964    0.26133360    0.22452617    0.23376782    0.25706693
T9             0.30534783    0.22825975    0.21416117    0.13212587    0.12704142    0.14985761    0.21521441    0.20494823    0.14438291    0.13198170    0.12937538    0.17223872    0.00401612    0.00000000    0.04124108    0.04770759    0.05206564    0.10103012    0.17781312    0.26096293    0.25515478    0.21869039    0.22781004    0.25086871
T13            0.29343053    0.23207541    0.22358925    0.13010477    0.12499051    0.15047405    0.21900469    0.20016384    0.13981926    0.12994313    0.12978935    0.15965624    0.04554276    0.04124108    0.00000000    0.01833275    0.04790550    0.10134801    0.17312713    0.24974796    0.24402667    0.19958572    0.22590915    0.23979761
T8             0.29675679    0.22329617    0.21493685    0.13260591    0.12746067    0.15307970    0.21610378    0.20871777    0.13729281    0.13243800    0.13227798    0.15965624    0.05206564    0.04770759    0.01833275    0.00000000    0.05009410    0.10372410    0.16512212    0.24067610    0.23503649    0.19122307    0.21707764    0.23078004
T5             0.30010538    0.22098264    0.21838555    0.12052120    0.12036863    0.14058349    0.21095854    0.19794294    0.14018546    0.12529685    0.12267571    0.16269708    0.05646210    0.05206564    0.04790550    0.05009410    0.00000000    0.09685601    0.16292045    0.25356493    0.24779824    0.20299888    0.22665759    0.23833898
T17            0.32436429    0.21133435    0.19998426    0.10304824    0.10298196    0.11972154    0.17678258    0.16170629    0.11730525    0.10784051    0.10539630    0.14645469    0.10575974    0.10103012    0.10134801    0.10372410    0.09685601    0.00000000    0.15652231    0.24905156    0.24334689    0.19853841    0.21292209    0.22944203
T4             0.29729784    0.21416117    0.21157533    0.16939120    0.16920635    0.18548787    0.26370165    0.25356493    0.19600689    0.17985102    0.17697113    0.22620545    0.18323665    0.17781312    0.17312713    0.16512212    0.16292045    0.15652231    0.00000000    0.24067610    0.23801525    0.18572486    0.21707764    0.23078004
T15            0.28510122    0.24508702    0.23354593    0.27034748    0.26370165    0.27351530    0.38296076    0.36659027    0.28229106    0.27868414    0.27512892    0.30592683    0.26719964    0.26096293    0.24974796    0.24067610    0.25356493    0.24905156    0.24067610    0.00000000    0.00401105    0.12691744    0.15224708    0.15428088
T16            0.28552036    0.23943301    0.22798870    0.26445195    0.25787357    0.26758991    0.37846697    0.36220106    0.27629354    0.27272673    0.26921069    0.29973499    0.26133360    0.25515478    0.24402667    0.23503649    0.24779824    0.24334689    0.23801525    0.00401105    0.00000000    0.12214958    0.14728559    0.14931468
T19            0.24905156    0.19553519    0.18754191    0.21809019    0.22358925    0.23272311    0.33028992    0.30584403    0.22098264    0.23239437    0.22913180    0.25480323    0.22452617    0.21869039    0.19958572    0.19122307    0.20299888    0.19853841    0.18572486    0.12691744    0.12214958    0.00000000    0.07195450    0.06720956
T21            0.27755535    0.22650705    0.20951212    0.24284005    0.24857686    0.25208033    0.34507788    0.32011627    0.24207906    0.25706693    0.25356493    0.27712398    0.23376782    0.22781004    0.22590915    0.21707764    0.22665759    0.21292209    0.21707764    0.15224708    0.14728559    0.07195450    0.00000000    0.09252066
T12            0.29675679    0.23441051    0.23471856    0.25011142    0.25588884    0.26250817    0.35788054    0.33605599    0.25627129    0.26840212    0.26484286    0.29865073    0.25706693    0.25086871    0.23979761    0.23078004    0.23833898    0.22944203    0.23078004    0.15428088    0.14931468    0.06720956    0.09252066    0.00000000

