24
T14            0.00000000    0.39575449    0.39575449    0.38479748    0.41309389    0.38576465    0.39289520    0.38115716    0.39644361    0.36241514    0.34506553    0.37172677    0.35360528    0.34386755    0.27965555    0.26573889    0.26920453    0.34874410    0.37264588    0.28247177    0.27475619    0.27161859    0.27549967    0.26540197
T7             0.39575449    0.00000000    0.03710407    0.02866589    0.21235132    0.18525700    0.17964405    0.18775684    0.22798477    0.22620111    0.19236360    0.21391842    0.19236360    0.20387093    0.22964594    0.23036472    0.23062429    0.29960712    0.32447911    0.21847187    0.21725756    0.22012486    0.23176171    0.22590936
T16            0.39575449    0.03710407    0.00000000    0.01212503    0.20950848    0.19026561    0.18233369    0.19600372    0.23914310    0.23503160    0.20061029    0.22825568    0.20618479    0.21808607    0.24128222    0.24210388    0.24239816    0.31193264    0.31522525    0.21847187    0.21725756    0.22012486    0.23768352    0.22590936
T8             0.38479748    0.02866589    0.01212503    0.00000000    0.20412544    0.18233369    0.17449802    0.18798339    0.23062429    0.22650256    0.19256893    0.21985959    0.19806668    0.20977899    0.23567658    0.23647650    0.23676326    0.30574277    0.31558845    0.21305736    0.21182227    0.21466508    0.23207070    0.22039976
T19            0.41309389    0.21235132    0.20950848    0.20412544    0.00000000    0.06271137    0.16927395    0.18732802    0.24239816    0.22419965    0.20412544    0.23271809    0.21900013    0.22259162    0.25244052    0.25355863    0.25086245    0.32141607    0.34835040    0.24974224    0.23412980    0.23714447    0.25562536    0.24857045
T2             0.38576465    0.18525700    0.19026561    0.18233369    0.06271137    0.00000000    0.14358966    0.16314956    0.21700053    0.21005885    0.18503790    0.20977899    0.19651154    0.19986644    0.22300873    0.22388749    0.22128198    0.30541191    0.30757601    0.22329200    0.21095420    0.21383821    0.23150134    0.22191783
T5             0.39289520    0.17964405    0.18233369    0.17449802    0.16927395    0.14358966    0.00000000    0.08982730    0.22825568    0.21900013    0.17490446    0.21291801    0.19677903    0.19453798    0.22273513    0.22943735    0.22681369    0.30250358    0.31465192    0.23238951    0.21707281    0.21999912    0.23187907    0.22294269
T4             0.38115716    0.18775684    0.19600372    0.18798339    0.18732802    0.16314956    0.08982730    0.00000000    0.24301712    0.23008667    0.19399168    0.22388749    0.20749700    0.21383821    0.22798477    0.23471383    0.23207070    0.29234275    0.31802253    0.24301712    0.21932372    0.22224999    0.24244865    0.23271809
T20            0.39644361    0.22798477    0.23914310    0.23062429    0.24239816    0.21700053    0.22825568    0.24301712    0.00000000    0.11260313    0.10298147    0.11711186    0.10547512    0.11500195    0.23230183    0.23301564    0.23619978    0.30713598    0.31487426    0.23252967    0.22221709    0.22509260    0.24034533    0.22509260
T0             0.36241514    0.22620111    0.23503160    0.22650256    0.22419965    0.21005885    0.21900013    0.23008667    0.11260313    0.00000000    0.08732376    0.11078368    0.09921999    0.10398349    0.22798477    0.22358493    0.22097834    0.29034734    0.27651803    0.22300873    0.21868598    0.21579366    0.22815454    0.22159515
T15            0.34506553    0.19236360    0.20061029    0.19256893    0.20412544    0.18503790    0.17490446    0.19399168    0.10298147    0.08732376    0.00000000    0.07599295    0.06276399    0.06944681    0.19979082    0.20083844    0.19829636    0.27425997    0.27529945    0.19489373    0.18503790    0.18233369    0.19651154    0.19323959
T13            0.37172677    0.21391842    0.22825568    0.21985959    0.23271809    0.20977899    0.21291801    0.22388749    0.11711186    0.11078368    0.07599295    0.00000000    0.02447263    0.04554259    0.21725756    0.21291801    0.20466218    0.30028614    0.28497050    0.20338975    0.20749700    0.20466218    0.21965672    0.21034802
T18            0.35360528    0.19236360    0.20618479    0.19806668    0.21900013    0.19651154    0.19677903    0.20749700    0.10547512    0.09921999    0.06276399    0.02447263    0.00000000    0.03284824    0.20852033    0.20132250    0.20157835    0.27839792    0.27588649    0.18443423    0.19373198    0.19096782    0.20553622    0.19651154
T1             0.34386755    0.20387093    0.21808607    0.20977899    0.22259162    0.19986644    0.19453798    0.21383821    0.11500195    0.10398349    0.06944681    0.04554259    0.03284824    0.00000000    0.19784622    0.19348127    0.19096782    0.27278798    0.27340012    0.19300695    0.19426036    0.19148076    0.20616459    0.19705552
T23            0.27965555    0.22964594    0.24128222    0.23567658    0.25244052    0.22300873    0.22273513    0.22798477    0.23230183    0.22798477    0.19979082    0.21725756    0.20852033    0.19784622    0.00000000    0.03064636    0.02857251    0.15812379    0.22129844    0.15074414    0.14379193    0.13879003    0.14660291    0.13406603
T22            0.26573889    0.23036472    0.24210388    0.23647650    0.25355863    0.22388749    0.22943735    0.23471383    0.23301564    0.22358493    0.20083844    0.21291801    0.20132250    0.19348127    0.03064636    0.00000000    0.01417431    0.14857377    0.21675310    0.14128471    0.13696996    0.13198043    0.13981758    0.12978801
T10            0.26920453    0.23062429    0.24239816    0.23676326    0.25086245    0.22128198    0.22681369    0.23207070    0.23619978    0.22097834    0.19829636    0.20466218    0.20157835    0.19096782    0.02857251    0.01417431    0.00000000    0.14617870    0.21415775    0.14141340    0.13461930    0.12964218    0.13746383    0.12745934
T6             0.34874410    0.29960712    0.31193264    0.30574277    0.32141607    0.30541191    0.30250358    0.29234275    0.30713598    0.29034734    0.27425997    0.30028614    0.27839792    0.27278798    0.15812379    0.14857377    0.14617870    0.00000000    0.30250358    0.22566262    0.21808771    0.21808771    0.21847187    0.21286632
T9             0.37264588    0.32447911    0.31522525    0.31558845    0.34835040    0.30757601    0.31465192    0.31802253    0.31487426    0.27651803    0.27529945    0.28497050    0.27588649    0.27340012    0.22129844    0.21675310    0.21415775    0.30250358    0.00000000    0.15139009    0.15636136    0.15636136    0.16188553    0.15379615
T21            0.28247177    0.21847187    0.21847187    0.21305736    0.24974224    0.22329200    0.23238951    0.24301712    0.23252967    0.22300873    0.19489373    0.20338975    0.18443423    0.19300695    0.15074414    0.14128471    0.14141340    0.22566262    0.15139009    0.00000000    0.05831510    0.05831510    0.06282350    0.05613140
T17            0.27475619    0.21725756    0.21725756    0.21182227    0.23412980    0.21095420    0.21707281    0.21932372    0.22221709    0.21868598    0.18503790    0.20749700    0.19373198    0.19426036    0.14379193    0.13696996    0.13461930    0.21808771    0.15636136    0.05831510    0.00000000    0.00806483    0.03284824    0.03066910
T3             0.27161859    0.22012486    0.22012486    0.21466508    0.23714447    0.21383821    0.21999912    0.22224999    0.22509260    0.21579366    0.18233369    0.20466218    0.19096782    0.19148076    0.13879003    0.13198043    0.12964218    0.21808771    0.15636136    0.05831510    0.00806483    0.00000000    0.03284824    0.03066910
T12            0.27549967    0.23176171    0.23768352    0.23207070    0.25562536    0.23150134    0.23187907    0.24244865    0.24034533    0.22815454    0.19651154    0.21965672    0.20553622    0.20616459    0.14660291    0.13981758    0.13746383    0.21847187    0.16188553    0.06282350    0.03284824    0.03284824    0.00000000    0.03924568
T11            0.26540197    0.22590936    0.22590936    0.22039976    0.24857045    0.22191783    0.22294269    0.23271809    0.22509260    0.22159515    0.19323959    0.21034802    0.19651154    0.19705552    0.13406603    0.12978801    0.12745934    0.21286632    0.15379615    0.05613140    0.03066910    0.03066910    0.03924568    0.00000000

