24
T8             0.00000000    0.38422336    0.31513145    0.28074893    0.28112501    0.28432399    0.25144109    0.26761554    0.26761554    0.23545129    0.24780153    0.25687493    0.22855797    0.26478831    0.26611650    0.19006375    0.19786145    0.20733850    0.18463962    0.20574168    0.18714448    0.20040692    0.19028007    0.18985650
T17            0.38422336    0.00000000    0.17661425    0.14573567    0.14337434    0.14596013    0.33033025    0.34453978    0.34453978    0.41688673    0.43593303    0.43915579    0.44428519    0.46257616    0.44012699    0.40192113    0.39906846    0.39674041    0.38237170    0.38383620    0.37803017    0.38817826    0.38297499    0.39708004
T10            0.31513145    0.17661425    0.00000000    0.04343791    0.04133892    0.04349450    0.25720501    0.27275266    0.27592123    0.34335444    0.35761348    0.37115679    0.35561163    0.36542024    0.35300824    0.28998093    0.29170896    0.34033765    0.33083128    0.32907033    0.32353629    0.32949186    0.33478027    0.33037236
T16            0.28074893    0.14573567    0.04343791    0.00000000    0.00602722    0.00805157    0.22855797    0.24036998    0.24336723    0.32101286    0.33828236    0.35146154    0.33279093    0.36018858    0.34788415    0.27237411    0.27096814    0.31821771    0.30885935    0.30722440    0.30182314    0.31426913    0.31265816    0.31513145
T20            0.28112501    0.14337434    0.04133892    0.00602722    0.00000000    0.00200402    0.22014469    0.24069613    0.24370244    0.31806616    0.33527621    0.34840497    0.32980951    0.35709287    0.34484033    0.26960411    0.26819416    0.30869887    0.29934960    0.29779837    0.29894444    0.31134509    0.30974755    0.31220862
T7             0.28432399    0.14596013    0.04349450    0.00805157    0.00200402    0.00000000    0.22014469    0.24370244    0.24672699    0.32146098    0.33879067    0.35199528    0.33331173    0.36070908    0.34840497    0.27275266    0.27130334    0.30544814    0.30264359    0.30104928    0.30222755    0.31469430    0.31311953    0.31558054
T3             0.25144109    0.33033025    0.25720501    0.22855797    0.22014469    0.22014469    0.00000000    0.06721093    0.06721093    0.26114613    0.25687493    0.25687493    0.25553971    0.29078417    0.27314200    0.21468395    0.20853727    0.25141884    0.23329517    0.25050655    0.23595493    0.24425744    0.24541043    0.23013553
T15            0.26761554    0.34453978    0.27275266    0.24036998    0.24069613    0.24370244    0.06721093    0.00000000    0.02862874    0.29322142    0.30974755    0.30974755    0.29868357    0.33630546    0.32093783    0.24404771    0.24336723    0.26640440    0.24510678    0.26819416    0.23945185    0.26235055    0.26372572    0.24481338
T22            0.26761554    0.34453978    0.27592123    0.24336723    0.24370244    0.24672699    0.06721093    0.02862874    0.00000000    0.30222755    0.30396120    0.29732916    0.30202185    0.33630546    0.32093783    0.24103229    0.23442900    0.27252705    0.25111921    0.27443203    0.24841664    0.26235055    0.26372572    0.24481338
T6             0.23545129    0.41688673    0.34335444    0.32101286    0.31806616    0.32146098    0.26114613    0.29322142    0.30222755    0.00000000    0.22966575    0.24130474    0.21370622    0.26725019    0.23545129    0.21937684    0.21608637    0.22226710    0.21221589    0.22553004    0.21760262    0.23133463    0.22354984    0.22039015
T12            0.24780153    0.43593303    0.35761348    0.33828236    0.33527621    0.33879067    0.25687493    0.30974755    0.30396120    0.22966575    0.00000000    0.03488937    0.07631267    0.10587302    0.08289968    0.23739064    0.24810393    0.27760156    0.25293260    0.26755398    0.24374286    0.26725019    0.25322193    0.26172688
T0             0.25687493    0.43915579    0.37115679    0.35146154    0.34840497    0.35199528    0.25687493    0.30974755    0.29732916    0.24130474    0.03488937    0.00000000    0.09252377    0.12283171    0.09685915    0.24336723    0.25415282    0.28069120    0.25293260    0.27064384    0.24374286    0.26725019    0.25322193    0.26172688
T23            0.22855797    0.44428519    0.35561163    0.33279093    0.32980951    0.33331173    0.25553971    0.29868357    0.30202185    0.21370622    0.07631267    0.09252377    0.00000000    0.09439379    0.07631267    0.22130352    0.23178445    0.26667537    0.23649905    0.25687493    0.22749266    0.25050655    0.23678622    0.24510678
T1             0.26478831    0.46257616    0.36542024    0.36018858    0.35709287    0.36070908    0.29078417    0.33630546    0.33630546    0.26725019    0.10587302    0.12283171    0.09439379    0.00000000    0.05419287    0.24941633    0.26027600    0.31858021    0.27758048    0.29934960    0.27654874    0.29492842    0.28356244    0.29244237
T2             0.26611650    0.44012699    0.35300824    0.34788415    0.34484033    0.34840497    0.27314200    0.32093783    0.32093783    0.23545129    0.08289968    0.09685915    0.07631267    0.05419287    0.00000000    0.22622278    0.24572430    0.28437849    0.25050655    0.27443203    0.24425744    0.25265379    0.25687493    0.25624627
T5             0.19006375    0.40192113    0.28998093    0.27237411    0.26960411    0.27275266    0.21468395    0.24404771    0.24103229    0.21937684    0.23739064    0.24336723    0.22130352    0.24941633    0.22622278    0.00000000    0.04982513    0.21869662    0.19302196    0.22014469    0.20109229    0.22041999    0.21581418    0.20669940
T18            0.19786145    0.39906846    0.29170896    0.27096814    0.26819416    0.27130334    0.20853727    0.24336723    0.23442900    0.21608637    0.24810393    0.25415282    0.23178445    0.26027600    0.24572430    0.04982513    0.00000000    0.22394657    0.20644590    0.21962309    0.19831220    0.22564818    0.22099943    0.20901315
T21            0.20733850    0.39674041    0.34033765    0.31821771    0.30869887    0.30544814    0.25141884    0.26640440    0.27252705    0.22226710    0.27760156    0.28069120    0.26667537    0.31858021    0.28437849    0.21869662    0.22394657    0.00000000    0.08024352    0.09602233    0.12416973    0.13356251    0.12659792    0.11251123
T9             0.18463962    0.38237170    0.33083128    0.30885935    0.29934960    0.30264359    0.23329517    0.24510678    0.25111921    0.21221589    0.25293260    0.25293260    0.23649905    0.27758048    0.25050655    0.19302196    0.20644590    0.08024352    0.00000000    0.05182198    0.09186644    0.10085855    0.09419282    0.08741445
T11            0.20574168    0.38383620    0.32907033    0.30722440    0.29779837    0.30104928    0.25050655    0.26819416    0.27443203    0.22553004    0.26755398    0.27064384    0.25687493    0.29934960    0.27443203    0.22014469    0.21962309    0.09602233    0.05182198    0.00000000    0.10576317    0.11730935    0.11053844    0.10123782
T4             0.18714448    0.37803017    0.32353629    0.30182314    0.29894444    0.30222755    0.23595493    0.23945185    0.24841664    0.21760262    0.24374286    0.24374286    0.22749266    0.27654874    0.24425744    0.20109229    0.19831220    0.12416973    0.09186644    0.10576317    0.00000000    0.06055743    0.05419287    0.05213558
T19            0.20040692    0.38817826    0.32949186    0.31426913    0.31134509    0.31469430    0.24425744    0.26235055    0.26235055    0.23133463    0.26725019    0.26725019    0.25050655    0.29492842    0.25265379    0.22041999    0.22564818    0.13356251    0.10085855    0.11730935    0.06055743    0.00000000    0.02653207    0.05182198
T14            0.19028007    0.38297499    0.33478027    0.31265816    0.30974755    0.31311953    0.24541043    0.26372572    0.26372572    0.22354984    0.25322193    0.25322193    0.23678622    0.28356244    0.25687493    0.21581418    0.22099943    0.12659792    0.09419282    0.11053844    0.05419287    0.02653207    0.00000000    0.04982513
T13            0.18985650    0.39708004    0.33037236    0.31513145    0.31220862    0.31558054    0.23013553    0.24481338    0.24481338    0.22039015    0.26172688    0.26172688    0.24510678    0.29244237    0.25624627    0.20669940    0.20901315    0.11251123    0.08741445    0.10123782    0.05213558    0.05182198    0.04982513    0.00000000

