24
T18            0.00000000    0.40502406    0.40831587    0.42286690    0.39141199    0.39260869    0.42147810    0.42216357    0.41285355    0.40563125    0.40174702    0.40115495    0.19123976    0.19680067    0.21677488    0.20953104    0.21754807    0.21008287    0.23975291    0.21630769    0.17644302    0.17644302    0.17644302    0.19325840
T11            0.40502406    0.00000000    0.01623224    0.08039479    0.10413116    0.10838495    0.17513666    0.17491984    0.17583909    0.17338537    0.16270940    0.16249395    0.36436500    0.37545723    0.39731564    0.39909100    0.38650588    0.37117060    0.40563125    0.38494726    0.35515213    0.35515213    0.35871703    0.37230766
T21            0.40831587    0.01623224    0.00000000    0.07583136    0.10398961    0.10349758    0.16959648    0.17471172    0.17022983    0.16778921    0.15725435    0.15706109    0.37117060    0.38618328    0.39295769    0.40625328    0.39731564    0.37804451    0.41285355    0.39190536    0.35469714    0.35469714    0.35824930    0.37545723
T0             0.42286690    0.08039479    0.07583136    0.00000000    0.10826168    0.10329645    0.17986418    0.19050871    0.18053209    0.17805988    0.16735551    0.16715146    0.39141199    0.39909100    0.40988978    0.42350686    0.40274416    0.38705401    0.41828132    0.40988978    0.37440237    0.37440237    0.37805859    0.39200318
T16            0.39141199    0.10413116    0.10398961    0.10826168    0.00000000    0.04128719    0.14768549    0.15265807    0.14573891    0.14337761    0.13316582    0.13297402    0.36604896    0.37349913    0.39027270    0.40099757    0.39971196    0.37664964    0.41813814    0.38650588    0.33550535    0.33550535    0.33895921    0.34841811
T1             0.39260869    0.10838495    0.10349758    0.10329645    0.04128719    0.00000000    0.13747403    0.14236763    0.13011238    0.12778687    0.11792868    0.11778951    0.37097754    0.38236610    0.39789282    0.40888962    0.40754184    0.37289661    0.42216357    0.39027270    0.34243717    0.34243717    0.34593957    0.35562597
T5             0.42147810    0.17513666    0.16959648    0.17986418    0.14768549    0.13747403    0.00000000    0.02447298    0.10339326    0.10349758    0.09643574    0.09634810    0.36976013    0.38106234    0.40174702    0.40492798    0.40754184    0.39195091    0.41813814    0.38761640    0.37271661    0.37271661    0.37640002    0.36663703
T13            0.42216357    0.17491984    0.17471172    0.19050871    0.15265807    0.14236763    0.02447298    0.00000000    0.10803782    0.10814596    0.10103379    0.10094257    0.35562597    0.38554719    0.40625328    0.40560820    0.40426241    0.38106234    0.41481328    0.38441179    0.36230761    0.36230761    0.36592424    0.36236522
T9             0.41285355    0.17583909    0.17022983    0.18053209    0.14573891    0.13011238    0.10339326    0.10803782    0.00000000    0.01414118    0.04338805    0.04334455    0.36803505    0.36803505    0.39242424    0.38761640    0.37905657    0.37862042    0.40174702    0.38867173    0.36135983    0.36135983    0.36495033    0.36125630
T2             0.40563125    0.17338537    0.16778921    0.17805988    0.14337761    0.12778687    0.10349758    0.10814596    0.01414118    0.00000000    0.04128719    0.04124174    0.36125630    0.36125630    0.38545247    0.38065902    0.37587966    0.37173232    0.39848461    0.38174182    0.34766787    0.34766787    0.35117012    0.35816081
T17            0.40174702    0.16270940    0.15725435    0.16735551    0.13316582    0.11792868    0.09643574    0.10103379    0.04338805    0.04128719    0.00000000    0.00401106    0.35762629    0.36859658    0.38545247    0.39200318    0.37587966    0.37545723    0.39848461    0.38174182    0.35469714    0.35469714    0.35824930    0.35816081
T3             0.40115495    0.16249395    0.15706109    0.16715146    0.13297402    0.11778951    0.09634810    0.10094257    0.04334455    0.04124174    0.00401106    0.00000000    0.35710497    0.36803505    0.38494726    0.39141199    0.37537325    0.37488159    0.39789282    0.38125041    0.35425550    0.35425550    0.35779501    0.35762629
T19            0.19123976    0.36436500    0.37117060    0.39141199    0.36604896    0.37097754    0.36976013    0.35562597    0.36803505    0.36125630    0.35762629    0.35710497    0.00000000    0.05859964    0.14255361    0.12052788    0.12085662    0.11382202    0.13982788    0.11500749    0.14407946    0.14407946    0.14661266    0.16535703
T10            0.19680067    0.37545723    0.38618328    0.39909100    0.37349913    0.38236610    0.38106234    0.38554719    0.36803505    0.36125630    0.36859658    0.36803505    0.05859964    0.00000000    0.14729522    0.13261393    0.14019482    0.13336542    0.14711229    0.12938150    0.16171654    0.16171654    0.15911733    0.17559631
T7             0.21677488    0.39731564    0.39295769    0.40988978    0.39027270    0.39789282    0.40174702    0.40625328    0.39242424    0.38545247    0.38545247    0.38494726    0.14255361    0.14729522    0.00000000    0.08973075    0.12762331    0.13083842    0.13982788    0.12447700    0.19532799    0.19532799    0.19808521    0.19050871
T20            0.20953104    0.39909100    0.40625328    0.42350686    0.40099757    0.40888962    0.40492798    0.40560820    0.38761640    0.38065902    0.39200318    0.39141199    0.12052788    0.13261393    0.08973075    0.00000000    0.11092662    0.10428009    0.12009237    0.11031926    0.17432170    0.17432170    0.17698329    0.17225105
T23            0.21754807    0.38650588    0.39731564    0.40274416    0.39971196    0.40754184    0.40754184    0.40426241    0.37905657    0.37587966    0.37587966    0.37537325    0.12085662    0.14019482    0.12762331    0.11092662    0.00000000    0.09740172    0.10826168    0.09634810    0.17432170    0.17432170    0.17698329    0.18301301
T15            0.21008287    0.37117060    0.37804451    0.38705401    0.37664964    0.37289661    0.39195091    0.38106234    0.37862042    0.37173232    0.37545723    0.37488159    0.11382202    0.13336542    0.13083842    0.10428009    0.09740172    0.00000000    0.07869963    0.07614019    0.16451790    0.16451790    0.16715146    0.17363795
T14            0.23975291    0.40563125    0.41285355    0.41828132    0.41813814    0.42216357    0.41813814    0.41481328    0.40174702    0.39848461    0.39848461    0.39789282    0.13982788    0.14711229    0.13982788    0.12009237    0.10826168    0.07869963    0.00000000    0.10320720    0.19006642    0.19006642    0.19280098    0.19074340
T8             0.21630769    0.38494726    0.39190536    0.40988978    0.38650588    0.39027270    0.38761640    0.38441179    0.38867173    0.38174182    0.38174182    0.38125041    0.11500749    0.12938150    0.12447700    0.11031926    0.09634810    0.07614019    0.10320720    0.00000000    0.17612736    0.17612736    0.17876770    0.17167424
T4             0.17644302    0.35515213    0.35469714    0.37440237    0.33550535    0.34243717    0.37271661    0.36230761    0.36135983    0.34766787    0.35469714    0.35425550    0.14407946    0.16171654    0.19532799    0.17432170    0.17432170    0.16451790    0.19006642    0.17612736    0.00000000    0.00000000    0.00603640    0.10838495
T6             0.17644302    0.35515213    0.35469714    0.37440237    0.33550535    0.34243717    0.37271661    0.36230761    0.36135983    0.34766787    0.35469714    0.35425550    0.14407946    0.16171654    0.19532799    0.17432170    0.17432170    0.16451790    0.19006642    0.17612736    0.00000000    0.00000000    0.00603640    0.10838495
T12            0.17644302    0.35871703    0.35824930    0.37805859    0.33895921    0.34593957    0.37640002    0.36592424    0.36495033    0.35117012    0.35824930    0.35779501    0.14661266    0.15911733    0.19808521    0.17698329    0.17698329    0.16715146    0.19280098    0.17876770    0.00603640    0.00603640    0.00000000    0.11078999
T22            0.19325840    0.37230766    0.37545723    0.39200318    0.34841811    0.35562597    0.36663703    0.36236522    0.36125630    0.35816081    0.35816081    0.35762629    0.16535703    0.17559631    0.19050871    0.17225105    0.18301301    0.17363795    0.19074340    0.17167424    0.10838495    0.10838495    0.11078999    0.00000000

