24
T7             0.00000000    0.21181215    0.29276973    0.26374723    0.26562867    0.30395657    0.30683162    0.31368738    0.28214144    0.28166818    0.32139063    0.30724214    0.30101957    0.22648963    0.22974324    0.22418633    0.18675276    0.27898858    0.26444118    0.16902259    0.16624357    0.16624357    0.16396084    0.17736497
T19            0.21181215    0.00000000    0.18712412    0.22328002    0.21207156    0.24065629    0.24332698    0.24937318    0.23205719    0.22648963    0.27618101    0.25651386    0.25076807    0.18963771    0.19256125    0.19277538    0.17659482    0.27683362    0.26538606    0.17489734    0.16675030    0.16675030    0.16449852    0.18298726
T20            0.29276973    0.18712412    0.00000000    0.29601892    0.28426923    0.30056987    0.30344553    0.31014014    0.30678161    0.29726688    0.33284972    0.30258144    0.29888552    0.26998509    0.27338450    0.27683362    0.26691573    0.33723234    0.32148256    0.25017800    0.24692071    0.24692071    0.25046784    0.25750108
T17            0.26374723    0.22328002    0.29601892    0.00000000    0.13044513    0.16630454    0.16873166    0.16873166    0.14550318    0.14057564    0.21836899    0.18621285    0.17827504    0.21959372    0.22272400    0.23174865    0.24668427    0.34086016    0.31792767    0.23411331    0.22483844    0.22483844    0.22849792    0.24548224
T9             0.26562867    0.21207156    0.28426923    0.13044513    0.00000000    0.06752705    0.06968970    0.07422570    0.04554210    0.04128587    0.19372257    0.16005506    0.15503332    0.22852431    0.23174865    0.24400541    0.24099144    0.35245142    0.32922299    0.23675131    0.22745057    0.22745057    0.23111734    0.23602844
T3             0.30395657    0.24065629    0.30056987    0.16630454    0.06752705    0.00000000    0.00602720    0.01417423    0.06312867    0.05875708    0.21640139    0.17932339    0.17632231    0.24869853    0.24903076    0.26796397    0.26168980    0.36225528    0.34580773    0.26464250    0.24855187    0.24855187    0.25875127    0.25745312
T22            0.30683162    0.24332698    0.30344553    0.16873166    0.06968970    0.00602720    0.00000000    0.01620803    0.06527948    0.06089617    0.21898695    0.18178950    0.17878203    0.25750108    0.25785102    0.27709509    0.26442689    0.35805682    0.34172645    0.26737694    0.25745312    0.25745312    0.26146540    0.25393293
T12            0.31368738    0.24937318    0.31014014    0.16873166    0.07422570    0.01417423    0.01620803    0.00000000    0.06978479    0.06537121    0.21964261    0.18731724    0.18426420    0.26367811    0.27032135    0.28355182    0.27072081    0.36905733    0.35245142    0.27381309    0.26374723    0.26374723    0.26783995    0.26648202
T16            0.28214144    0.23205719    0.30678161    0.14550318    0.04554210    0.06312867    0.06527948    0.06978479    0.00000000    0.02447246    0.21033633    0.17043416    0.16533432    0.24366118    0.24703769    0.25975610    0.24668427    0.33519669    0.32280307    0.24855187    0.23903339    0.23903339    0.23977449    0.24472389
T21            0.28166818    0.22648963    0.29726688    0.14057564    0.04128587    0.05875708    0.06089617    0.06537121    0.02447246    0.00000000    0.20493320    0.17067001    0.16556434    0.24033113    0.24366118    0.25624664    0.24099144    0.34172645    0.32922299    0.24587632    0.23638500    0.23638500    0.24015974    0.24815830
T23            0.32139063    0.27618101    0.33284972    0.21836899    0.19372257    0.21640139    0.21898695    0.21964261    0.21033633    0.20493320    0.00000000    0.06288896    0.05413064    0.30716483    0.31086840    0.32480651    0.32232021    0.43842862    0.42008073    0.28549097    0.28831142    0.28831142    0.28592026    0.31014014
T14            0.30724214    0.25651386    0.30258144    0.18621285    0.16005506    0.17932339    0.18178950    0.18731724    0.17043416    0.17067001    0.06288896    0.00000000    0.02037297    0.28670724    0.29031978    0.30389486    0.30389486    0.42489408    0.39894613    0.28075395    0.27709509    0.27709509    0.28120567    0.29292333
T15            0.30101957    0.25076807    0.29888552    0.17827504    0.15503332    0.17632231    0.17878203    0.18426420    0.16533432    0.16556434    0.05413064    0.02037297    0.00000000    0.26814877    0.27160142    0.28466543    0.30101957    0.41747857    0.39181343    0.26837453    0.26481702    0.26481702    0.26879561    0.28918018
T0             0.22648963    0.18963771    0.26998509    0.21959372    0.22852431    0.24869853    0.25750108    0.26367811    0.24366118    0.24033113    0.30716483    0.28670724    0.26814877    0.00000000    0.00602720    0.04114414    0.21439648    0.31214177    0.28954155    0.19323089    0.17715925    0.17715925    0.18524910    0.21004758
T6             0.22974324    0.19256125    0.27338450    0.22272400    0.23174865    0.24903076    0.25785102    0.27032135    0.24703769    0.24366118    0.31086840    0.29031978    0.27160142    0.00602720    0.00000000    0.04330662    0.21751316    0.31597111    0.29316370    0.19624364    0.18005429    0.18005429    0.18821026    0.21608672
T13            0.22418633    0.19277538    0.27683362    0.23174865    0.24400541    0.26796397    0.27709509    0.28355182    0.25975610    0.25624664    0.32480651    0.30389486    0.28466543    0.04114414    0.04330662    0.00000000    0.22589732    0.31799796    0.29601892    0.20437884    0.18797512    0.18797512    0.19624364    0.21867324
T4             0.18675276    0.17659482    0.26691573    0.24668427    0.24099144    0.26168980    0.26442689    0.27072081    0.24668427    0.24099144    0.32232021    0.30389486    0.30101957    0.21439648    0.21751316    0.22589732    0.00000000    0.16431076    0.14898793    0.12924917    0.13406277    0.13406277    0.13432295    0.15668299
T1             0.27898858    0.27683362    0.33723234    0.34086016    0.35245142    0.36225528    0.35805682    0.36905733    0.33519669    0.34172645    0.43842862    0.42489408    0.41747857    0.31214177    0.31597111    0.31799796    0.16431076    0.00000000    0.03502219    0.21414797    0.21109076    0.21109076    0.21439648    0.25716156
T11            0.26444118    0.26538606    0.32148256    0.31792767    0.32922299    0.34580773    0.34172645    0.35245142    0.32280307    0.32922299    0.42008073    0.39894613    0.39181343    0.28954155    0.29316370    0.29601892    0.14898793    0.03502219    0.00000000    0.19762725    0.20017408    0.20017408    0.20338089    0.24300284
T2             0.16902259    0.17489734    0.25017800    0.23411331    0.23675131    0.26464250    0.26737694    0.27381309    0.24855187    0.24587632    0.28549097    0.28075395    0.26837453    0.19323089    0.19624364    0.20437884    0.12924917    0.21414797    0.19762725    0.00000000    0.02442148    0.02442148    0.02031422    0.13461520
T18            0.16624357    0.16675030    0.24692071    0.22483844    0.22745057    0.24855187    0.25745312    0.26374723    0.23903339    0.23638500    0.28831142    0.27709509    0.26481702    0.17715925    0.18005429    0.18797512    0.13406277    0.21109076    0.20017408    0.02442148    0.00000000    0.00000000    0.02029422    0.12730818
T8             0.16624357    0.16675030    0.24692071    0.22483844    0.22745057    0.24855187    0.25745312    0.26374723    0.23903339    0.23638500    0.28831142    0.27709509    0.26481702    0.17715925    0.18005429    0.18797512    0.13406277    0.21109076    0.20017408    0.02442148    0.00000000    0.00000000    0.02029422    0.12730818
T10            0.16396084    0.16449852    0.25046784    0.22849792    0.23111734    0.25875127    0.26146540    0.26783995    0.23977449    0.24015974    0.28592026    0.28120567    0.26879561    0.18524910    0.18821026    0.19624364    0.13432295    0.21439648    0.20338089    0.02031422    0.02029422    0.02029422    0.00000000    0.12978417
T5             0.17736497    0.18298726    0.25750108    0.24548224    0.23602844    0.25745312    0.25393293    0.26648202    0.24472389    0.24815830    0.31014014    0.29292333    0.28918018    0.21004758    0.21608672    0.21867324    0.15668299    0.25716156    0.24300284    0.13461520    0.12730818    0.12730818    0.12978417    0.00000000

