24
T20            0.00000000    0.32786286    0.33204894    0.35732467    0.34153324    0.33628602    0.31602467    0.31991526    0.37800546    0.40095059    0.37541756    0.35504313    0.34178925    0.32546227    0.36728515    0.35735688    0.17697610    0.15154970    0.14949122    0.15188387    0.14676592    0.13447321    0.14693225    0.13713127
T12            0.32786286    0.00000000    0.00602415    0.04114464    0.02648481    0.15928615    0.14915369    0.15966064    0.41218523    0.40684351    0.42682697    0.38221136    0.36853355    0.35759157    0.40095059    0.39836315    0.36132858    0.34806911    0.34240811    0.33937564    0.32565790    0.32395400    0.34240811    0.33635587
T7             0.33204894    0.00602415    0.00000000    0.03483228    0.02029438    0.15966064    0.14949122    0.16006869    0.41344432    0.40815953    0.42815277    0.38326348    0.36953233    0.35867208    0.40229219    0.39973148    0.36589037    0.35250578    0.34686070    0.34381685    0.32990755    0.32830249    0.34686070    0.34078573
T1             0.35732467    0.04114464    0.03483228    0.00000000    0.01823240    0.18504618    0.17450520    0.18006990    0.44736234    0.44196400    0.45431655    0.42345833    0.40887851    0.39381744    0.43589866    0.43328469    0.38593476    0.37584413    0.37744432    0.37320109    0.35868526    0.35348141    0.37268137    0.36639691
T17            0.34153324    0.02648481    0.02029438    0.01823240    0.00000000    0.16979172    0.15946918    0.17022197    0.42546791    0.42018362    0.43633245    0.40230960    0.38815212    0.37345788    0.41426853    0.41170806    0.37954001    0.35868526    0.35298703    0.36068678    0.34637866    0.34128116    0.36016640    0.35398890
T18            0.33628602    0.15928615    0.15966064    0.18504618    0.16979172    0.00000000    0.01212508    0.03082449    0.41685564    0.41170806    0.43328469    0.38101849    0.36719781    0.35423760    0.40589992    0.40340371    0.36232764    0.36099073    0.35914319    0.33792252    0.32631353    0.31455738    0.34092899    0.33492835
T11            0.31602467    0.14915369    0.14949122    0.17450520    0.15946918    0.01212508    0.00000000    0.01829842    0.39381744    0.38869548    0.42576338    0.37032117    0.35672229    0.33329262    0.38299168    0.38050750    0.35197399    0.34697925    0.34510270    0.31747866    0.31310294    0.30153239    0.32734243    0.32144040
T8             0.31991526    0.15966064    0.16006869    0.18006990    0.17022197    0.03082449    0.01829842    0.00000000    0.41024437    0.40514939    0.44338521    0.38617354    0.37220484    0.34092899    0.39147425    0.38900263    0.34891771    0.35117997    0.34934148    0.31455738    0.31698214    0.30536661    0.33138923    0.32546227
T3             0.37800546    0.41218523    0.41344432    0.44736234    0.42546791    0.41685564    0.39381744    0.41024437    0.00000000    0.06322479    0.18643054    0.19198825    0.18965266    0.20467359    0.25012343    0.24475835    0.36276816    0.36016640    0.35450948    0.38234628    0.36379522    0.35041206    0.36176742    0.35450948
T21            0.40095059    0.40684351    0.40815953    0.44196400    0.42018362    0.41170806    0.38869548    0.40514939    0.06322479    0.00000000    0.19217547    0.19785524    0.19554147    0.22193219    0.26020915    0.26106617    0.38494760    0.36122046    0.35558982    0.39512646    0.37977188    0.35867208    0.37032117    0.36290110
T14            0.37541756    0.42682697    0.42815277    0.45431655    0.43633245    0.43328469    0.42576338    0.44338521    0.18643054    0.19217547    0.00000000    0.20669257    0.20158898    0.21611271    0.26335760    0.25167969    0.39519417    0.37858045    0.38038829    0.39512646    0.37600598    0.37345788    0.38166246    0.37785330
T0             0.35504313    0.38221136    0.38326348    0.42345833    0.40230960    0.38101849    0.37032117    0.38617354    0.19198825    0.19785524    0.20669257    0.00000000    0.00804439    0.18101181    0.21385182    0.20872672    0.35923206    0.34230998    0.34284334    0.36039140    0.33877105    0.33628602    0.34755081    0.34037076
T2             0.34178925    0.36853355    0.36953233    0.40887851    0.38815212    0.36719781    0.35672229    0.37220484    0.18965266    0.19554147    0.20158898    0.00804439    0.00000000    0.17068639    0.20300718    0.19795109    0.34587420    0.32928250    0.32979086    0.34697925    0.32581727    0.32335663    0.33437082    0.32734243
T23            0.32546227    0.35759157    0.35867208    0.39381744    0.37345788    0.35423760    0.33329262    0.34092899    0.20467359    0.22193219    0.21611271    0.18101181    0.17068639    0.00000000    0.09674069    0.08299023    0.32878637    0.32041171    0.31506570    0.30776807    0.29118847    0.29866836    0.30249148    0.30249148
T4             0.36728515    0.40095059    0.40229219    0.43589866    0.41426853    0.40589992    0.38299168    0.39147425    0.25012343    0.26020915    0.26335760    0.21385182    0.20300718    0.09674069    0.00000000    0.01210958    0.37032117    0.36907913    0.35607060    0.36286724    0.34813504    0.34934148    0.34630776    0.34996367
T13            0.35735688    0.39836315    0.39973148    0.43328469    0.41170806    0.40340371    0.38050750    0.38900263    0.24475835    0.26106617    0.25167969    0.20872672    0.19795109    0.08299023    0.01210958    0.00000000    0.37156353    0.36286724    0.34996367    0.34934148    0.33492835    0.33608019    0.33667448    0.34027763
T10            0.17697610    0.36132858    0.36589037    0.38593476    0.37954001    0.36232764    0.35197399    0.34891771    0.36276816    0.38494760    0.39519417    0.35923206    0.34587420    0.32878637    0.37032117    0.37156353    0.00000000    0.07833112    0.07631178    0.08539917    0.07622180    0.07169567    0.08069596    0.07177534
T19            0.15154970    0.34806911    0.35250578    0.37584413    0.35868526    0.36099073    0.34697925    0.35117997    0.36016640    0.36122046    0.37858045    0.34230998    0.32928250    0.32041171    0.36907913    0.36286724    0.07833112    0.00000000    0.01824816    0.07869781    0.06960400    0.06081650    0.06969242    0.06089840
T16            0.14949122    0.34240811    0.34686070    0.37744432    0.35298703    0.35914319    0.34510270    0.34934148    0.35450948    0.35558982    0.38038829    0.34284334    0.32979086    0.31506570    0.35607060    0.34996367    0.07631178    0.01824816    0.00000000    0.07674153    0.06762678    0.05884966    0.06773062    0.05894670
T15            0.15188387    0.33937564    0.34381685    0.37320109    0.36068678    0.33792252    0.31747866    0.31455738    0.38234628    0.39512646    0.39512646    0.36039140    0.34697925    0.30776807    0.36286724    0.34934148    0.08539917    0.07869781    0.07674153    0.00000000    0.02444409    0.04559782    0.05425959    0.04565910
T6             0.14676592    0.32565790    0.32990755    0.35868526    0.34637866    0.32631353    0.31310294    0.31698214    0.36379522    0.37977188    0.37600598    0.33877105    0.32581727    0.29118847    0.34813504    0.33492835    0.07622180    0.06960400    0.06762678    0.02444409    0.00000000    0.03277478    0.04124135    0.03280845
T5             0.13447321    0.32395400    0.32830249    0.35348141    0.34128116    0.31455738    0.30153239    0.30536661    0.35041206    0.35867208    0.37345788    0.33628602    0.32335663    0.29866836    0.34934148    0.33608019    0.07169567    0.06081650    0.05884966    0.04559782    0.03277478    0.00000000    0.02859744    0.01619043
T9             0.14693225    0.34240811    0.34686070    0.37268137    0.36016640    0.34092899    0.32734243    0.33138923    0.36176742    0.37032117    0.38166246    0.34755081    0.33437082    0.30249148    0.34630776    0.33667448    0.08069596    0.06969242    0.06773062    0.05425959    0.04124135    0.02859744    0.00000000    0.02444409
T22            0.13713127    0.33635587    0.34078573    0.36639691    0.35398890    0.33492835    0.32144040    0.32546227    0.35450948    0.36290110    0.37785330    0.34037076    0.32734243    0.30249148    0.34996367    0.34027763    0.07177534    0.06089840    0.05894670    0.04565910    0.03280845    0.01619043    0.02444409    0.00000000

