24
T16            0.00000000    0.24891807    0.22153083    0.22153083    0.22855726    0.23148414    0.22041937    0.23708267    0.22249024    0.22827607    0.23436954    0.22884610    0.24326849    0.21792623    0.21810371    0.21288176    0.21307308    0.25322084    0.25322084    0.25565862    0.24940515    0.24940515    0.40669428    0.40669428
T22            0.24891807    0.00000000    0.09619477    0.09852110    0.17759955    0.18029703    0.16397585    0.24156772    0.22461558    0.24156772    0.24788666    0.24771263    0.27102054    0.24263743    0.24283725    0.24575525    0.24597420    0.26542903    0.26542903    0.28017608    0.28352617    0.28352617    0.46627563    0.46179897
T5             0.22153083    0.09619477    0.00000000    0.00602416    0.16228394    0.16491736    0.15484698    0.22070434    0.20644530    0.22014402    0.21745377    0.20960982    0.23993623    0.20414162    0.20458821    0.21288176    0.21307308    0.24915632    0.24915632    0.26060702    0.26035443    0.26035443    0.41236002    0.40826870
T0             0.22153083    0.09852110    0.00602416    0.00000000    0.16491736    0.16756477    0.15745292    0.22070434    0.20644530    0.22014402    0.22023351    0.21760122    0.24283725    0.20142985    0.20185406    0.21567722    0.21587642    0.25212652    0.25212652    0.26363121    0.26336945    0.26336945    0.41648519    0.41236002
T15            0.22855726    0.17759955    0.16228394    0.16491736    0.00000000    0.00200402    0.08289959    0.22521704    0.21293738    0.22099891    0.23013453    0.22749171    0.25352074    0.21653262    0.21677078    0.22537476    0.22564746    0.26576736    0.26576736    0.27443090    0.26542987    0.26542987    0.43180452    0.42751967
T6             0.23148414    0.18029703    0.16491736    0.16756477    0.00200402    0.00000000    0.08519920    0.22817889    0.21581375    0.22390880    0.23303574    0.23038453    0.25655431    0.21937600    0.21962231    0.22827607    0.22855726    0.26887660    0.26887660    0.27757935    0.26852942    0.26852942    0.43612651    0.43180452
T20            0.22041937    0.16397585    0.15484698    0.15745292    0.08289959    0.08519920    0.00000000    0.22002216    0.20213511    0.21581375    0.21869561    0.21608541    0.23038453    0.21370537    0.20831276    0.21727604    0.21754309    0.26027511    0.26027511    0.27200535    0.27164835    0.27164835    0.42996591    0.42571767
T23            0.23708267    0.24156772    0.22070434    0.22070434    0.22521704    0.22817889    0.22002216    0.00000000    0.09394647    0.10312500    0.25238424    0.24669427    0.26786744    0.23254900    0.23278732    0.24810302    0.24540958    0.25144024    0.25144024    0.26062525    0.25655431    0.25655431    0.43087757    0.42661110
T10            0.22249024    0.22461558    0.20644530    0.20644530    0.21293738    0.21581375    0.20213511    0.09394647    0.00000000    0.03690709    0.22701847    0.22153083    0.24722663    0.22111027    0.22131560    0.23038453    0.22485879    0.26301596    0.26301596    0.26611556    0.25594661    0.25594661    0.42238084    0.41818616
T17            0.22827607    0.24156772    0.22014402    0.22014402    0.22099891    0.22390880    0.21581375    0.10312500    0.03690709    0.00000000    0.23812314    0.23254900    0.25868291    0.23210280    0.23232082    0.24452922    0.23888930    0.27164835    0.27164835    0.27478692    0.26755270    0.26755270    0.43763906    0.43763906
T8             0.23436954    0.24788666    0.21745377    0.22023351    0.23013453    0.23303574    0.21869561    0.25238424    0.22701847    0.23812314    0.00000000    0.01617369    0.04117049    0.11234120    0.11720877    0.16080532    0.16351402    0.26287880    0.26287880    0.26243224    0.26521338    0.26521338    0.43832477    0.43411293
T3             0.22884610    0.24771263    0.20960982    0.21760122    0.22749171    0.23038453    0.21608541    0.24669427    0.22153083    0.23254900    0.01617369    0.00000000    0.03277492    0.10768113    0.11251096    0.15581733    0.15850166    0.25712483    0.25712483    0.25669210    0.25649215    0.25649215    0.43492446    0.43073028
T9             0.24326849    0.27102054    0.23993623    0.24283725    0.25352074    0.25655431    0.23038453    0.26786744    0.24722663    0.25868291    0.04117049    0.03277492    0.00000000    0.12650540    0.13148968    0.17892603    0.18176367    0.27786381    0.27786381    0.28042695    0.27710552    0.27710552    0.46164091    0.45726280
T13            0.21792623    0.24263743    0.20414162    0.20142985    0.21653262    0.21937600    0.21370537    0.23254900    0.22111027    0.23210280    0.11234120    0.10768113    0.12650540    0.00000000    0.01006769    0.13847812    0.13857598    0.25164298    0.25164298    0.25120223    0.24516209    0.24516209    0.42244631    0.42657109
T7             0.21810371    0.24283725    0.20458821    0.20185406    0.21677078    0.21962231    0.20831276    0.23278732    0.22131560    0.23232082    0.11720877    0.11251096    0.13148968    0.01006769    0.00000000    0.14105853    0.14117088    0.25187942    0.25187942    0.25141724    0.24534915    0.24534915    0.42322103    0.42736300
T1             0.21288176    0.24575525    0.21288176    0.21567722    0.22537476    0.22827607    0.21727604    0.24810302    0.23038453    0.24452922    0.16080532    0.15581733    0.17892603    0.13847812    0.14105853    0.00000000    0.01212510    0.26448187    0.26448187    0.26695588    0.25164298    0.25164298    0.44605875    0.44173719
T11            0.21307308    0.24597420    0.21307308    0.21587642    0.22564746    0.22855726    0.21754309    0.24540958    0.22485879    0.23888930    0.16351402    0.15850166    0.18176367    0.13857598    0.14117088    0.01212510    0.00000000    0.26786744    0.26786744    0.27032913    0.25485846    0.25485846    0.45576608    0.45134874
T14            0.25322084    0.26542903    0.24915632    0.25212652    0.26576736    0.26887660    0.26027511    0.25144024    0.26301596    0.27164835    0.26287880    0.25712483    0.27786381    0.25164298    0.25187942    0.26448187    0.26786744    0.00000000    0.00000000    0.02862873    0.06282493    0.06282493    0.36557619    0.36179488
T19            0.25322084    0.26542903    0.24915632    0.25212652    0.26576736    0.26887660    0.26027511    0.25144024    0.26301596    0.27164835    0.26287880    0.25712483    0.27786381    0.25164298    0.25187942    0.26448187    0.26786744    0.00000000    0.00000000    0.02862873    0.06282493    0.06282493    0.36557619    0.36179488
T18            0.25565862    0.28017608    0.26060702    0.26363121    0.27443090    0.27757935    0.27200535    0.26062525    0.26611556    0.27478692    0.26243224    0.25669210    0.28042695    0.25120223    0.25141724    0.26695588    0.27032913    0.02862873    0.02862873    0.00000000    0.06714826    0.06714826    0.36179488    0.35804204
T2             0.24940515    0.28352617    0.26035443    0.26336945    0.26542987    0.26852942    0.27164835    0.25655431    0.25594661    0.26755270    0.26521338    0.25649215    0.27710552    0.24516209    0.24534915    0.25164298    0.25485846    0.06282493    0.06282493    0.06714826    0.00000000    0.00000000    0.34512275    0.34151920
T12            0.24940515    0.28352617    0.26035443    0.26336945    0.26542987    0.26852942    0.27164835    0.25655431    0.25594661    0.26755270    0.26521338    0.25649215    0.27710552    0.24516209    0.24534915    0.25164298    0.25485846    0.06282493    0.06282493    0.06714826    0.00000000    0.00000000    0.34512275    0.34151920
T4             0.40669428    0.46627563    0.41236002    0.41648519    0.43180452    0.43612651    0.42996591    0.43087757    0.42238084    0.43763906    0.43832477    0.43492446    0.46164091    0.42244631    0.42322103    0.44605875    0.45576608    0.36557619    0.36557619    0.36179488    0.34512275    0.34512275    0.00000000    0.00603639
T21            0.40669428    0.46179897    0.40826870    0.41236002    0.42751967    0.43180452    0.42571767    0.42661110    0.41818616    0.43763906    0.43411293    0.43073028    0.45726280    0.42657109    0.42736300    0.44173719    0.45134874    0.36179488    0.36179488    0.35804204    0.34151920    0.34151920    0.00603639    0.00000000

