24
T22            0.00000000    0.36582819    0.35553118    0.34072804    0.35650271    0.30216835    0.32973127    0.33323101    0.69058385    0.69355539    0.65590772    0.33242024    0.32781939    0.33159440    0.34235485    0.34891165    0.31557045    0.32521588    0.31928095    0.30933941    0.16169932    0.15124039    0.15124039    0.16754646
T19            0.36582819    0.00000000    0.00602720    0.05194702    0.06271082    0.22299801    0.25549433    0.25858285    0.58322209    0.57805819    0.56484118    0.31046969    0.32942450    0.32985699    0.31087031    0.31714166    0.29607385    0.29577477    0.28120705    0.28433402    0.32224227    0.34235485    0.34235485    0.35497718
T13            0.35553118    0.00602720    0.00000000    0.04549415    0.05616909    0.22272491    0.25513325    0.25821223    0.57910552    0.57396816    0.56082110    0.30755649    0.31967891    0.32687435    0.30795794    0.31420627    0.29638470    0.29607385    0.27838528    0.28150251    0.31263131    0.33242024    0.33242024    0.34475867
T17            0.34072804    0.05194702    0.04549415    0.00000000    0.05638906    0.21867378    0.25123789    0.25433607    0.55990691    0.55487291    0.53425869    0.29357037    0.30547125    0.31259136    0.29398688    0.30013294    0.26998689    0.27899046    0.25562265    0.25864558    0.30505732    0.31462998    0.31462998    0.33025020
T0             0.35650271    0.06271082    0.05616909    0.05638906    0.00000000    0.22328079    0.25586569    0.25896382    0.55782924    0.55284557    0.54495468    0.30505732    0.31714166    0.32435004    0.30547125    0.31170717    0.28433402    0.29670727    0.27899046    0.27587321    0.31087031    0.33242024    0.33242024    0.34580941
T21            0.30216835    0.22299801    0.22272491    0.21867378    0.22328079    0.00000000    0.06492349    0.06714600    0.48580784    0.48580784    0.47579360    0.22483068    0.23275843    0.23592297    0.21934924    0.22483068    0.21026395    0.21846484    0.19978477    0.19705141    0.25076928    0.25590961    0.25590961    0.28636141
T8             0.32973127    0.25549433    0.25513325    0.25123789    0.25586569    0.06492349    0.00000000    0.00200402    0.51702522    0.51702522    0.49467478    0.23675155    0.24776449    0.24507011    0.24001690    0.24568561    0.23913193    0.24776449    0.22246150    0.22246150    0.26955546    0.27789646    0.27789646    0.30343945
T12            0.33323101    0.25858285    0.25821223    0.25433607    0.25896382    0.06714600    0.00200402    0.00000000    0.51702522    0.51702522    0.49467478    0.23971184    0.25076928    0.24806590    0.24300377    0.24869952    0.24209219    0.25076928    0.22534486    0.22534486    0.26642831    0.28107332    0.28107332    0.30683233
T2             0.69058385    0.58322209    0.57910552    0.55990691    0.55782924    0.48580784    0.51702522    0.51702522    0.00000000    0.01006869    0.06720841    0.44606155    0.45221905    0.44874795    0.43694878    0.42944116    0.43212776    0.43144288    0.43427667    0.41004905    0.61461143    0.63339060    0.63339060    0.61599453
T4             0.69355539    0.57805819    0.57396816    0.55487291    0.55284557    0.48580784    0.51702522    0.51702522    0.01006869    0.00000000    0.06498093    0.45458397    0.46077783    0.45727025    0.44529308    0.43768219    0.43623122    0.43552952    0.43843144    0.41400621    0.61754927    0.64224245    0.64224245    0.62464208
T7             0.65590772    0.56484118    0.56082110    0.53425869    0.54495468    0.47579360    0.49467478    0.49467478    0.06720841    0.06498093    0.00000000    0.42008320    0.43015619    0.42271311    0.40740499    0.40021577    0.40284593    0.40222760    0.40478872    0.38168212    0.57884106    0.61325301    0.61325301    0.60744563
T6             0.33242024    0.31046969    0.30755649    0.29357037    0.30505732    0.22483068    0.23675155    0.23971184    0.44606155    0.45458397    0.42008320    0.00000000    0.02028052    0.02029423    0.05185614    0.05189822    0.10077785    0.10775335    0.10102773    0.09170166    0.28670872    0.30755649    0.30755649    0.33323101
T9             0.32781939    0.32942450    0.31967891    0.30547125    0.31714166    0.23275843    0.24776449    0.25076928    0.45221905    0.46077783    0.43015619    0.02028052    0.00000000    0.01619032    0.06046717    0.06050793    0.11233581    0.11942441    0.11260116    0.10312022    0.29524574    0.30970421    0.30970421    0.33519841
T15            0.33159440    0.32985699    0.32687435    0.31259136    0.32435004    0.23592297    0.24507011    0.24806590    0.44874795    0.45727025    0.42271311    0.02029423    0.01619032    0.00000000    0.06050793    0.06055557    0.11004072    0.11711013    0.11031214    0.10085362    0.29888715    0.31339477    0.31339477    0.33570504
T18            0.34235485    0.31087031    0.30795794    0.29398688    0.30547125    0.21934924    0.24001690    0.24300377    0.43694878    0.44529308    0.40740499    0.05185614    0.06046717    0.06050793    0.00000000    0.00401105    0.11012351    0.11720229    0.10565492    0.09626309    0.29849488    0.30388572    0.31046969    0.32232176
T5             0.34891165    0.31714166    0.31420627    0.30013294    0.31170717    0.22483068    0.24568561    0.24869952    0.42944116    0.43768219    0.40021577    0.05189822    0.06050793    0.06055557    0.00401105    0.00000000    0.11021399    0.11730227    0.10575692    0.09634292    0.30465507    0.31008098    0.31673069    0.32872998
T20            0.31557045    0.29607385    0.29638470    0.26998689    0.28433402    0.21026395    0.23913193    0.24209219    0.43212776    0.43623122    0.40284593    0.10077785    0.11233581    0.11004072    0.11012351    0.11021399    0.00000000    0.01824801    0.03280794    0.02859710    0.27092376    0.28245658    0.28245658    0.30344686
T11            0.32521588    0.29577477    0.29607385    0.27899046    0.29670727    0.21846484    0.24776449    0.25076928    0.43144288    0.43552952    0.40222760    0.10775335    0.11942441    0.11711013    0.11720229    0.11730227    0.01824801    0.00000000    0.03488867    0.03066895    0.27998199    0.28846074    0.28846074    0.32232176
T1             0.31928095    0.28120705    0.27838528    0.25562265    0.27899046    0.19978477    0.22246150    0.22534486    0.43427667    0.43843144    0.40478872    0.10102773    0.11260116    0.11031214    0.10565492    0.10575692    0.03280794    0.03488867    0.00000000    0.02034047    0.26815020    0.27028826    0.27028826    0.30968132
T3             0.30933941    0.28433402    0.28150251    0.25864558    0.27587321    0.19705141    0.22246150    0.22534486    0.41004905    0.41400621    0.38168212    0.09170166    0.10312022    0.10085362    0.09626309    0.09634292    0.02859710    0.03066895    0.02034047    0.00000000    0.26506180    0.27338619    0.27338619    0.30633408
T14            0.16169932    0.32224227    0.31263131    0.30505732    0.31087031    0.25076928    0.26955546    0.26642831    0.61461143    0.61754927    0.57884106    0.28670872    0.29524574    0.29888715    0.29849488    0.30465507    0.27092376    0.27998199    0.26815020    0.26506180    0.00000000    0.09418790    0.09418790    0.12298006
T10            0.15124039    0.34235485    0.33242024    0.31462998    0.33242024    0.25590961    0.27789646    0.28107332    0.63339060    0.64224245    0.61325301    0.30755649    0.30970421    0.31339477    0.30388572    0.31008098    0.28245658    0.28846074    0.27028826    0.27338619    0.09418790    0.00000000    0.00401611    0.10093692
T23            0.15124039    0.34235485    0.33242024    0.31462998    0.33242024    0.25590961    0.27789646    0.28107332    0.63339060    0.64224245    0.61325301    0.30755649    0.30970421    0.31339477    0.31046969    0.31673069    0.28245658    0.28846074    0.27028826    0.27338619    0.09418790    0.00401611    0.00000000    0.10565492
T16            0.16754646    0.35497718    0.34475867    0.33025020    0.34580941    0.28636141    0.30343945    0.30683233    0.61599453    0.62464208    0.60744563    0.33323101    0.33519841    0.33570504    0.32232176    0.32872998    0.30344686    0.32232176    0.30968132    0.30633408    0.12298006    0.10093692    0.10565492    0.00000000

