24
T10            0.00000000    0.31353206    0.31645324    0.35422810    0.32974174    0.32246479    0.33026107    0.33377355    0.35538393    0.34504408    0.32644907    0.32644907    0.35036176    0.35036176    0.26332640    0.22619370    0.25085153    0.22258277    0.22293353    0.21706432    0.20838793    0.21640661    0.18621657    0.14037522
T20            0.31353206    0.00000000    0.02037303    0.12580991    0.11548565    0.11577402    0.10575765    0.10813922    0.25173706    0.24002157    0.25535009    0.25535009    0.27650861    0.27029291    0.29727616    0.25046837    0.39319132    0.36092855    0.34087355    0.34333485    0.33272250    0.34582071    0.38732104    0.34504408
T8             0.31645324    0.02037303    0.00000000    0.11821981    0.10813922    0.11078193    0.10329093    0.10565557    0.24300866    0.23439817    0.25209718    0.25209718    0.26999129    0.26387090    0.28790229    0.24473060    0.39641559    0.37149692    0.34031668    0.34636554    0.33571552    0.34886385    0.38288404    0.34087355
T13            0.35422810    0.12580991    0.11821981    0.00000000    0.06969023    0.09934816    0.11764976    0.12008358    0.27947201    0.26718197    0.28528931    0.28528931    0.30756347    0.30100051    0.31693674    0.25625395    0.42886227    0.41884125    0.39286452    0.39533734    0.38360219    0.39783498    0.39711818    0.36036353
T1             0.32974174    0.11548565    0.10813922    0.06969023    0.00000000    0.08963284    0.09619107    0.09851713    0.24449942    0.23886088    0.24804628    0.24804628    0.26864838    0.26262055    0.28993328    0.23116609    0.39828920    0.38477203    0.34582071    0.36284144    0.35191974    0.36537775    0.39505305    0.34749320
T5             0.32246479    0.11577402    0.11078193    0.09934816    0.08963284    0.00000000    0.10102833    0.10338739    0.25716798    0.24537740    0.25782465    0.25782465    0.27899529    0.27277966    0.29816540    0.24436618    0.41314207    0.38748333    0.35907841    0.36526145    0.35417775    0.36774702    0.39641559    0.35232539
T9             0.33026107    0.10575765    0.10329093    0.11764976    0.09619107    0.10102833    0.00000000    0.00200402    0.24181258    0.23326714    0.23416186    0.23416186    0.25435020    0.24844704    0.27998765    0.22852928    0.39896444    0.37400750    0.35724777    0.35974594    0.35246491    0.36226942    0.39572721    0.34807601
T17            0.33377355    0.10813922    0.10565557    0.12008358    0.09851713    0.10338739    0.00200402    0.00000000    0.24478184    0.23619290    0.23702866    0.23702866    0.25732817    0.25138990    0.28315465    0.23145510    0.40290672    0.37778573    0.36092855    0.36342667    0.35609215    0.36595010    0.39965402    0.35171660
T12            0.35538393    0.25173706    0.24300866    0.27947201    0.24449942    0.25716798    0.24181258    0.24478184    0.00000000    0.03705472    0.12691465    0.12691465    0.14675810    0.14169295    0.29958408    0.25164811    0.37345619    0.34563890    0.34389204    0.35112053    0.33431749    0.34636554    0.38032183    0.32892258
T2             0.34504408    0.24002157    0.23439817    0.26718197    0.23886088    0.24537740    0.23326714    0.23619290    0.03705472    0.00000000    0.12458671    0.12458671    0.14184600    0.13932622    0.29773375    0.24282313    0.38819575    0.35971450    0.33026107    0.33731093    0.32087198    0.33272250    0.37339392    0.32246479
T19            0.32644907    0.25535009    0.25209718    0.28528931    0.24804628    0.25782465    0.23416186    0.23702866    0.12691465    0.12458671    0.00000000    0.00000000    0.06271101    0.06050808    0.27307986    0.21087303    0.37220735    0.35445619    0.31928784    0.32602789    0.31263759    0.32186410    0.37212250    0.31800802
T22            0.32644907    0.25535009    0.25209718    0.28528931    0.24804628    0.25782465    0.23416186    0.23702866    0.12691465    0.12458671    0.00000000    0.00000000    0.06271101    0.06050808    0.27307986    0.21087303    0.37220735    0.35445619    0.31928784    0.32602789    0.31263759    0.32186410    0.37212250    0.31800802
T11            0.35036176    0.27650861    0.26999129    0.30756347    0.26864838    0.27899529    0.25435020    0.25732817    0.14675810    0.14184600    0.06271101    0.06271101    0.00000000    0.01415458    0.30138061    0.23942105    0.39828920    0.38349949    0.33933122    0.34633119    0.33242807    0.34192064    0.39017267    0.33821397
T16            0.35036176    0.27029291    0.26387090    0.30100051    0.26262055    0.27277966    0.24844704    0.25138990    0.14169295    0.13932622    0.06050808    0.06050808    0.01415458    0.00000000    0.30466207    0.23942105    0.39439310    0.37970699    0.33933122    0.34633119    0.33242807    0.34192064    0.38640897    0.33821397
T18            0.26332640    0.29727616    0.28790229    0.31693674    0.28993328    0.29816540    0.27998765    0.28315465    0.29958408    0.29773375    0.27307986    0.27307986    0.30138061    0.30466207    0.00000000    0.07352866    0.32782373    0.29958408    0.26368519    0.26131666    0.25821831    0.25821831    0.28954959    0.24634714
T0             0.22619370    0.25046837    0.24473060    0.25625395    0.23116609    0.24436618    0.22852928    0.23145510    0.25164811    0.24282313    0.21087303    0.21087303    0.23942105    0.23942105    0.07352866    0.00000000    0.28592925    0.26248952    0.22590224    0.22881953    0.22590224    0.22824883    0.25348756    0.21578634
T4             0.25085153    0.39319132    0.39641559    0.42886227    0.39828920    0.41314207    0.39896444    0.40290672    0.37345619    0.38819575    0.37220735    0.37220735    0.39828920    0.39439310    0.32782373    0.28592925    0.00000000    0.05413090    0.16873506    0.17361446    0.16823534    0.17311952    0.26023769    0.21291100
T6             0.22258277    0.36092855    0.37149692    0.41884125    0.38477203    0.38748333    0.37400750    0.37778573    0.34563890    0.35971450    0.35445619    0.35445619    0.38349949    0.37970699    0.29958408    0.26248952    0.05413090    0.00000000    0.15140190    0.15091880    0.14831343    0.15046788    0.23767511    0.18621657
T14            0.22293353    0.34087355    0.34031668    0.39286452    0.34582071    0.35907841    0.35724777    0.36092855    0.34389204    0.33026107    0.31928784    0.31928784    0.33933122    0.33933122    0.26368519    0.22590224    0.16873506    0.15140190    0.00000000    0.04139618    0.03488876    0.03488876    0.24401175    0.18151937
T7             0.21706432    0.34333485    0.34636554    0.39533734    0.36284144    0.36526145    0.35974594    0.36342667    0.35112053    0.33731093    0.32602789    0.32602789    0.34633119    0.34633119    0.26131666    0.22881953    0.17361446    0.15091880    0.04139618    0.00000000    0.03073370    0.03073370    0.23800145    0.17606683
T21            0.20838793    0.33272250    0.33571552    0.38360219    0.35191974    0.35417775    0.35246491    0.35609215    0.33431749    0.32087198    0.31263759    0.31263759    0.33242807    0.33242807    0.25821831    0.22590224    0.16823534    0.14831343    0.03488876    0.03073370    0.00000000    0.02029425    0.22911955    0.17336273
T23            0.21640661    0.34582071    0.34886385    0.39783498    0.36537775    0.36774702    0.36226942    0.36595010    0.34636554    0.33272250    0.32186410    0.32186410    0.34192064    0.34192064    0.25821831    0.22824883    0.17311952    0.15046788    0.03488876    0.03073370    0.02029425    0.00000000    0.23145510    0.17557435
T3             0.18621657    0.38732104    0.38288404    0.39711818    0.39505305    0.39641559    0.39572721    0.39965402    0.38032183    0.37339392    0.37212250    0.37212250    0.39017267    0.38640897    0.28954959    0.25348756    0.26023769    0.23767511    0.24401175    0.23800145    0.22911955    0.23145510    0.00000000    0.09151697
T15            0.14037522    0.34504408    0.34087355    0.36036353    0.34749320    0.35232539    0.34807601    0.35171660    0.32892258    0.32246479    0.31800802    0.31800802    0.33821397    0.33821397    0.24634714    0.21578634    0.21291100    0.18621657    0.18151937    0.17606683    0.17336273    0.17557435    0.09151697    0.00000000

