24
T1             0.00000000    0.37850016    0.37659006    0.38994530    0.37659006    0.37975371    0.39901902    0.41351985    0.47069488    0.47069488    0.41474220    0.41143287    0.39703257    0.40354515    0.40485857    0.40485857    0.35449448    0.36638173    0.34429808    0.34684692    0.34942214    0.35654933    0.35039785    0.47399814
T23            0.37850016    0.00000000    0.20084390    0.20852597    0.19531526    0.19785130    0.21467155    0.22854381    0.30220197    0.30220197    0.23277438    0.23012181    0.22536201    0.23887527    0.23354916    0.24003803    0.18483223    0.20295109    0.17964833    0.18233815    0.19510225    0.19005434    0.19049576    0.28110288
T3             0.37659006    0.20084390    0.00000000    0.03492722    0.05626653    0.06282400    0.07631110    0.08993610    0.23009516    0.23009516    0.15928351    0.15686762    0.14218222    0.15686762    0.15985752    0.16999926    0.16028205    0.16450837    0.14491218    0.14455203    0.15965779    0.14676369    0.14710435    0.28124293
T15            0.38994530    0.20852597    0.03492722    0.00000000    0.07162250    0.07833051    0.09216017    0.10611226    0.25011557    0.25011557    0.17717032    0.17470106    0.15965779    0.17470106    0.17781508    0.17512519    0.17828848    0.18255004    0.15985752    0.15946644    0.17490878    0.16694635    0.16207887    0.29296262
T19            0.37659006    0.19531526    0.05626653    0.07162250    0.00000000    0.00602721    0.03280833    0.04554289    0.22128959    0.22128959    0.15154742    0.14915143    0.13462179    0.14915143    0.15206083    0.16207887    0.14254546    0.15705216    0.13227903    0.13198270    0.15188140    0.13918424    0.13447135    0.26211087
T11            0.37975371    0.19785130    0.06282400    0.07833051    0.00602721    0.00000000    0.03488906    0.05200351    0.22389516    0.22389516    0.15395171    0.15154742    0.13697249    0.15154742    0.15446008    0.16450837    0.14491218    0.15428227    0.13462179    0.13432892    0.15428227    0.14155278    0.13682378    0.26484754
T9             0.39901902    0.21467155    0.07631110    0.09216017    0.03280833    0.03488906    0.00000000    0.02034068    0.24475060    0.24475060    0.17224049    0.16978853    0.15484063    0.16714146    0.16755732    0.18051955    0.17118081    0.17535026    0.14985902    0.14948878    0.17266758    0.15946644    0.15724506    0.28731273
T13            0.41351985    0.22854381    0.08993610    0.10611226    0.04554289    0.05200351    0.02034068    0.00000000    0.25627572    0.25627572    0.18526181    0.18277079    0.16755732    0.18006635    0.18597289    0.19373761    0.17607720    0.18846863    0.15985752    0.15428227    0.17759142    0.17224049    0.16734513    0.29627799
T14            0.47069488    0.30220197    0.23009516    0.25011557    0.22128959    0.22389516    0.24475060    0.25627572    0.00000000    0.00401612    0.15188140    0.14948878    0.14254546    0.15724506    0.15985752    0.17184800    0.25823894    0.26025722    0.22563446    0.23382745    0.25413514    0.25110204    0.25175564    0.38934856
T6             0.47069488    0.30220197    0.23009516    0.25011557    0.22128959    0.22389516    0.24475060    0.25627572    0.00401612    0.00000000    0.15188140    0.14948878    0.14254546    0.15724506    0.15985752    0.17184800    0.25823894    0.26025722    0.22563446    0.23382745    0.25413514    0.25110204    0.25175564    0.38934856
T5             0.41474220    0.23277438    0.15928351    0.17717032    0.15154742    0.15395171    0.17224049    0.18526181    0.15188140    0.15188140    0.00000000    0.00200301    0.01617364    0.02853689    0.03062033    0.08918779    0.17697293    0.19763993    0.17184800    0.17149034    0.18443847    0.17908774    0.17945258    0.30682117
T4             0.41143287    0.23012181    0.15686762    0.17470106    0.14915143    0.15154742    0.16978853    0.18277079    0.14948878    0.14948878    0.00200301    0.00000000    0.01413383    0.02646322    0.02854233    0.08695107    0.17450206    0.19510225    0.16939287    0.16903177    0.18194107    0.17660461    0.17697293    0.30393415
T22            0.39703257    0.22536201    0.14218222    0.15965779    0.13462179    0.13697249    0.15484063    0.16755732    0.14254546    0.14254546    0.01617364    0.01413383    0.00000000    0.01617889    0.01823237    0.07359247    0.16470505    0.18504256    0.16227709    0.15928351    0.17203990    0.16675980    0.16714146    0.29580413
T10            0.40354515    0.23887527    0.15686762    0.17470106    0.14915143    0.15154742    0.16714146    0.18006635    0.15724506    0.15724506    0.02853689    0.02646322    0.01617889    0.00000000    0.01821971    0.08695107    0.18028857    0.20108148    0.17781508    0.17470106    0.18776171    0.18233815    0.18006635    0.30824073
T12            0.40485857    0.23354916    0.15985752    0.17781508    0.15206083    0.15446008    0.16755732    0.18597289    0.15985752    0.15985752    0.03062033    0.02854233    0.01823237    0.01821971    0.00000000    0.08922945    0.17759142    0.19830176    0.18051955    0.17737649    0.19049576    0.17964833    0.18548997    0.31505247
T16            0.40485857    0.24003803    0.16999926    0.17512519    0.16207887    0.16450837    0.18051955    0.19373761    0.17184800    0.17184800    0.08918779    0.08695107    0.07359247    0.08695107    0.08922945    0.00000000    0.19122540    0.21235791    0.18323877    0.18277079    0.19878899    0.19324488    0.19373761    0.32195851
T7             0.35449448    0.18483223    0.16028205    0.17828848    0.14254546    0.14491218    0.17118081    0.17607720    0.25823894    0.25823894    0.17697293    0.17450206    0.16470505    0.18028857    0.17759142    0.19122540    0.00000000    0.06074096    0.07859483    0.07387526    0.10146944    0.09205428    0.08993610    0.22714267
T20            0.36638173    0.20295109    0.16450837    0.18255004    0.15705216    0.15428227    0.17535026    0.18846863    0.26025722    0.26025722    0.19763993    0.19510225    0.18504256    0.20108148    0.19830176    0.21235791    0.06074096    0.00000000    0.09428737    0.09410121    0.11282059    0.10565811    0.10349405    0.25552092
T2             0.34429808    0.17964833    0.14491218    0.15985752    0.13227903    0.13462179    0.14985902    0.15985752    0.22563446    0.22563446    0.17184800    0.16939287    0.16227709    0.17781508    0.18051955    0.18323877    0.07859483    0.09428737    0.00000000    0.02029434    0.07622116    0.06720981    0.06511806    0.23043459
T8             0.34684692    0.18233815    0.14455203    0.15946644    0.13198270    0.13432892    0.14948878    0.15428227    0.23382745    0.23382745    0.17149034    0.16903177    0.15928351    0.17470106    0.17737649    0.18277079    0.07387526    0.09410121    0.02029434    0.00000000    0.07606239    0.06709166    0.06498218    0.22747331
T18            0.34942214    0.19510225    0.15965779    0.17490878    0.15188140    0.15428227    0.17266758    0.17759142    0.25413514    0.25413514    0.18443847    0.18194107    0.17203990    0.18776171    0.19049576    0.19878899    0.10146944    0.11282059    0.07622116    0.07606239    0.00000000    0.08963481    0.08750755    0.24706379
T17            0.35654933    0.19005434    0.14676369    0.16694635    0.13918424    0.14155278    0.15946644    0.17224049    0.25110204    0.25110204    0.17908774    0.17660461    0.16675980    0.18233815    0.17964833    0.19324488    0.09205428    0.10565811    0.06720981    0.06709166    0.08963481    0.00000000    0.01827013    0.22976542
T21            0.35039785    0.19049576    0.14710435    0.16207887    0.13447135    0.13682378    0.15724506    0.16734513    0.25175564    0.25175564    0.17945258    0.17697293    0.16714146    0.18006635    0.18548997    0.19373761    0.08993610    0.10349405    0.06511806    0.06498218    0.08750755    0.01827013    0.00000000    0.23341356
T0             0.47399814    0.28110288    0.28124293    0.29296262    0.26211087    0.26484754    0.28731273    0.29627799    0.38934856    0.38934856    0.30682117    0.30393415    0.29580413    0.30824073    0.31505247    0.32195851    0.22714267    0.25552092    0.23043459    0.22747331    0.24706379    0.22976542    0.23341356    0.00000000

