24
T21            0.00000000    0.39875057    0.39773709    0.41533579    0.44174612    0.39888315    0.39503508    0.40469928    0.40537447    0.36479637    0.36658610    0.34066957    0.33369802    0.32341976    0.28141937    0.28306880    0.30766432    0.29152776    0.26676047    0.11561829    0.11805763    0.11319080    0.11319080    0.09909055
T15            0.39875057    0.00000000    0.00804435    0.06527722    0.20665203    0.18773318    0.19597683    0.18843707    0.21805125    0.19804128    0.22009183    0.22850041    0.22036571    0.21463361    0.37155668    0.34490244    0.36616501    0.35500554    0.36215145    0.38157355    0.38527890    0.37789547    0.38157355    0.36793196
T0             0.39773709    0.00804435    0.00000000    0.06959917    0.21179204    0.19275928    0.19550710    0.18795890    0.21749144    0.20313726    0.22532146    0.23378327    0.22559270    0.21982756    0.37888599    0.35192287    0.37333643    0.36215145    0.36940106    0.38799568    0.39172869    0.38429035    0.38799568    0.37424428
T1             0.41533579    0.06527722    0.06959917    0.00000000    0.21002591    0.18819354    0.20775356    0.19508752    0.22448149    0.20409599    0.22646466    0.23203103    0.22384990    0.21805125    0.37622706    0.35286685    0.38157355    0.34534312    0.35953427    0.39769390    0.40154196    0.39387526    0.39769390    0.39121641
T2             0.44174612    0.20665203    0.21179204    0.21002591    0.00000000    0.09473875    0.12561981    0.12368095    0.13781763    0.23335994    0.25931858    0.26054729    0.25510022    0.24597877    0.40077562    0.38279213    0.40095433    0.41595040    0.40143534    0.40996088    0.41391556    0.40339258    0.40731622    0.41127091
T10            0.39888315    0.18773318    0.19275928    0.18819354    0.09473875    0.00000000    0.09449511    0.08318742    0.10134013    0.19370442    0.21517697    0.24597877    0.23467383    0.22878986    0.37785950    0.34723476    0.38686847    0.37469810    0.36473790    0.38799907    0.39180322    0.38160661    0.38538202    0.38538202
T6             0.39503508    0.19597683    0.19550710    0.20775356    0.12561981    0.09449511    0.00000000    0.06519246    0.07605825    0.21288377    0.23267603    0.24900079    0.23764200    0.23172318    0.40077562    0.36898697    0.38312141    0.38598218    0.37585466    0.39563655    0.39949951    0.39301954    0.39688253    0.39688253
T3             0.40469928    0.18843707    0.18795890    0.19508752    0.12368095    0.08318742    0.06519246    0.00000000    0.05412937    0.21380065    0.22846852    0.25931858    0.25081028    0.24166089    0.40279806    0.36334130    0.39240427    0.39172946    0.38281755    0.39752701    0.40143534    0.39495055    0.39885890    0.39885890
T23            0.40537447    0.21805125    0.21749144    0.22448149    0.13781763    0.10134013    0.07605825    0.05412937    0.00000000    0.21575806    0.23335994    0.26364422    0.25510022    0.24597877    0.41525716    0.37526956    0.39712105    0.40797776    0.39364902    0.39688253    0.40077562    0.39429269    0.39429269    0.39818580
T19            0.36479637    0.19804128    0.20313726    0.20409599    0.23335994    0.19370442    0.21288377    0.21380065    0.21575806    0.00000000    0.05181985    0.20615692    0.19550710    0.19002649    0.36003847    0.33717164    0.37622706    0.34626321    0.33670377    0.36889771    0.36527297    0.37254895    0.37622706    0.36626676
T12            0.36658610    0.22009183    0.22532146    0.22646466    0.25931858    0.21517697    0.23267603    0.22846852    0.23335994    0.05181985    0.00000000    0.22270181    0.21463361    0.20615692    0.37359615    0.34674256    0.38632442    0.34885330    0.34275301    0.36793196    0.36433334    0.37520790    0.37888599    0.36889771
T18            0.34066957    0.22850041    0.23378327    0.23203103    0.26054729    0.24597877    0.24900079    0.25931858    0.26364422    0.20615692    0.22270181    0.00000000    0.02653129    0.02236450    0.32980444    0.29483502    0.33154394    0.31334868    0.30422087    0.33165435    0.33514011    0.32819274    0.33165435    0.32570580
T11            0.33369802    0.22036571    0.22559270    0.22384990    0.25510022    0.23467383    0.23764200    0.25081028    0.25510022    0.19550710    0.21463361    0.02653129    0.00000000    0.01620789    0.31042415    0.27335240    0.31222395    0.29127094    0.28242010    0.31458125    0.31794952    0.31123554    0.31458125    0.30874852
T7             0.32341976    0.21463361    0.21982756    0.21805125    0.24597877    0.22878986    0.23172318    0.24166089    0.24597877    0.19002649    0.20615692    0.02236450    0.01620789    0.00000000    0.31042415    0.27646859    0.31552540    0.29447710    0.28558564    0.31123554    0.31458125    0.30791209    0.31123554    0.30542505
T9             0.28141937    0.37155668    0.37888599    0.37622706    0.40077562    0.37785950    0.40077562    0.40279806    0.41525716    0.36003847    0.37359615    0.32980444    0.31042415    0.31042415    0.00000000    0.06752459    0.10850096    0.09251264    0.08782827    0.27228813    0.27544373    0.27544373    0.27861938    0.26054729
T5             0.28306880    0.34490244    0.35192287    0.35286685    0.38279213    0.34723476    0.36898697    0.36334130    0.37526956    0.33717164    0.34674256    0.29483502    0.27335240    0.27646859    0.06752459    0.00000000    0.07849447    0.06762121    0.06312645    0.26439129    0.26752711    0.26752711    0.27068273    0.25275327
T16            0.30766432    0.36616501    0.37333643    0.38157355    0.40095433    0.38686847    0.38312141    0.39240427    0.39712105    0.37622706    0.38632442    0.33154394    0.31222395    0.31552540    0.10850096    0.07849447    0.00000000    0.11105423    0.10623433    0.27228813    0.27544373    0.27861938    0.28181534    0.26364422
T8             0.29152776    0.35500554    0.36215145    0.34534312    0.41595040    0.37469810    0.38598218    0.39172946    0.40797776    0.34626321    0.34885330    0.31334868    0.29127094    0.29447710    0.09251264    0.06762121    0.11105423    0.00000000    0.04120122    0.27266465    0.27583025    0.28222226    0.28544919    0.26713851
T4             0.26676047    0.36215145    0.36940106    0.35953427    0.40143534    0.36473790    0.37585466    0.38281755    0.39364902    0.33670377    0.34275301    0.30422087    0.28242010    0.28558564    0.08782827    0.06312645    0.10623433    0.04120122    0.00000000    0.25475017    0.25781858    0.25781858    0.26090595    0.24329833
T13            0.11561829    0.38157355    0.38799568    0.39769390    0.40996088    0.38799907    0.39563655    0.39752701    0.39688253    0.36889771    0.36793196    0.33165435    0.31458125    0.31123554    0.27228813    0.26439129    0.27228813    0.27266465    0.25475017    0.00000000    0.00200401    0.02653129    0.02862779    0.03497059
T20            0.11805763    0.38527890    0.39172869    0.40154196    0.41391556    0.39180322    0.39949951    0.40143534    0.40077562    0.36527297    0.36433334    0.33514011    0.31794952    0.31458125    0.27544373    0.26752711    0.27544373    0.27583025    0.25781858    0.00200401    0.00000000    0.02862779    0.03073312    0.03710288
T22            0.11319080    0.37789547    0.38429035    0.39387526    0.40339258    0.38160661    0.39301954    0.39495055    0.39429269    0.37254895    0.37520790    0.32819274    0.31123554    0.30791209    0.27544373    0.26752711    0.27861938    0.28222226    0.25781858    0.02653129    0.02862779    0.00000000    0.00603632    0.02444355
T14            0.11319080    0.38157355    0.38799568    0.39769390    0.40731622    0.38538202    0.39688253    0.39885890    0.39429269    0.37622706    0.37888599    0.33165435    0.31458125    0.31123554    0.27861938    0.27068273    0.28181534    0.28544919    0.26090595    0.02862779    0.03073312    0.00603632    0.00000000    0.03073312
T17            0.09909055    0.36793196    0.37424428    0.39121641    0.41127091    0.38538202    0.39688253    0.39885890    0.39818580    0.36626676    0.36889771    0.32570580    0.30874852    0.30542505    0.26054729    0.25275327    0.26364422    0.26713851    0.24329833    0.03497059    0.03710288    0.02444355    0.03073312    0.00000000

