24
T11            0.00000000    0.25532003    0.25232517    0.25232517    0.25921980    0.24030051    0.21085274    0.24096469    0.28030017    0.34616726    0.25204372    0.28071444    0.27068586    0.31418634    0.30002199    0.30915076    0.31892415    0.19507509    0.24363418    0.26020167    0.20409757    0.21205256    0.16430002    0.12936486
T15            0.25532003    0.00000000    0.03277394    0.03277394    0.04349213    0.08298403    0.09409535    0.09921302    0.12679194    0.23446101    0.16976555    0.17310233    0.17286822    0.25120533    0.24469472    0.24397771    0.26753013    0.25206883    0.28877434    0.30384613    0.26196332    0.27056973    0.27615114    0.22984586
T16            0.25232517    0.03277394    0.00000000    0.00401610    0.03919081    0.07840692    0.09177495    0.09921302    0.12924324    0.22847095    0.16976555    0.17310233    0.17286822    0.24812732    0.23865038    0.23796974    0.26753013    0.24910066    0.28242287    0.30384613    0.25891359    0.26748232    0.26995716    0.22411374
T17            0.25232517    0.03277394    0.00401610    0.00000000    0.03919081    0.07840692    0.09177495    0.09921302    0.12924324    0.23446101    0.16976555    0.17310233    0.17286822    0.24812732    0.23865038    0.23796974    0.26753013    0.24910066    0.28242287    0.30384613    0.25891359    0.26748232    0.26995716    0.22411374
T20            0.25921980    0.04349213    0.03919081    0.03919081    0.00000000    0.08078325    0.09886877    0.10652051    0.13681023    0.23484652    0.17802023    0.18149922    0.18123446    0.24852009    0.24202762    0.24130910    0.25855073    0.25891359    0.28988855    0.30501551    0.26915515    0.27786166    0.26471746    0.21909420
T3             0.24030051    0.08298403    0.07840692    0.07840692    0.08078325    0.00000000    0.08939428    0.09204778    0.12912960    0.21637870    0.16168856    0.17286822    0.16997543    0.23865038    0.22646670    0.22879186    0.24565869    0.23719845    0.26660825    0.28744726    0.24368728    0.25206883    0.24278781    0.19896031
T12            0.21085274    0.09409535    0.09177495    0.09177495    0.09886877    0.08939428    0.00000000    0.05894192    0.10359747    0.21295296    0.14234274    0.15328658    0.15045416    0.23385862    0.22141786    0.22362968    0.23748319    0.21722752    0.26090869    0.27544673    0.22616630    0.23436918    0.23910780    0.18962430
T2             0.24096469    0.09921302    0.09921302    0.09921302    0.10652051    0.09204778    0.05894192    0.00000000    0.11380325    0.22951205    0.15880062    0.16768694    0.16468771    0.24402690    0.24044838    0.24264068    0.26975141    0.23531912    0.26478353    0.28588099    0.24469472    0.25312734    0.25855073    0.20718602
T9             0.28030017    0.12679194    0.12924324    0.12924324    0.13681023    0.12912960    0.10359747    0.11380325    0.00000000    0.24933550    0.18569811    0.18371123    0.18073088    0.28028914    0.27101690    0.27238604    0.29717013    0.26441388    0.30875225    0.32089900    0.27470598    0.28347589    0.29884708    0.24475238
T21            0.34616726    0.23446101    0.22847095    0.23446101    0.23484652    0.21637870    0.21295296    0.22951205    0.24933550    0.00000000    0.10411634    0.11721754    0.11949813    0.30557805    0.30844627    0.31421636    0.33735426    0.31839488    0.36093652    0.36271452    0.30966785    0.31547427    0.34136951    0.29052267
T8             0.25204372    0.16976555    0.16976555    0.16976555    0.17802023    0.16168856    0.14234274    0.15880062    0.18569811    0.10411634    0.00000000    0.04977191    0.04120127    0.25019064    0.24052377    0.23974506    0.26644506    0.24030572    0.28588099    0.28785586    0.24363418    0.24900323    0.27942681    0.21546467
T1             0.28071444    0.17310233    0.17310233    0.17310233    0.18149922    0.17286822    0.15328658    0.16768694    0.18371123    0.11721754    0.04977191    0.00000000    0.01212489    0.26429233    0.24795917    0.25331684    0.28079332    0.26204736    0.29952789    0.30478257    0.26559348    0.27109507    0.28870064    0.22971881
T0             0.27068586    0.17286822    0.17286822    0.17286822    0.18123446    0.16997543    0.15045416    0.16468771    0.18073088    0.11949813    0.04120127    0.01212489    0.00000000    0.26058313    0.25063307    0.24975811    0.27701978    0.25239473    0.29572134    0.29766393    0.25583392    0.26127784    0.29153133    0.23235085
T22            0.31418634    0.25120533    0.24812732    0.24812732    0.24852009    0.23865038    0.23385862    0.24402690    0.28028914    0.30557805    0.25019064    0.26429233    0.26058313    0.00000000    0.05867192    0.06296032    0.09004373    0.30915076    0.34376433    0.36402391    0.30731015    0.31654400    0.32589622    0.28489607
T4             0.30002199    0.24469472    0.23865038    0.23865038    0.24202762    0.22646670    0.22141786    0.24044838    0.27101690    0.30844627    0.24052377    0.24795917    0.25063307    0.05867192    0.00000000    0.03914370    0.07630620    0.31547427    0.34314706    0.37091433    0.30002199    0.30915076    0.32534269    0.27471097
T7             0.30915076    0.24397771    0.23796974    0.23796974    0.24130910    0.22879186    0.22362968    0.24264068    0.27238604    0.31421636    0.23974506    0.25331684    0.24975811    0.06296032    0.03914370    0.00000000    0.08069023    0.31892415    0.35414243    0.37473337    0.31019641    0.31946516    0.33126780    0.27705775
T23            0.31892415    0.26753013    0.26753013    0.26753013    0.25855073    0.24565869    0.23748319    0.26975141    0.29717013    0.33735426    0.26644506    0.28079332    0.27701978    0.09004373    0.07630620    0.08069023    0.00000000    0.32534269    0.36093652    0.38173919    0.31766025    0.32001790    0.34496847    0.29288047
T14            0.19507509    0.25206883    0.24910066    0.24910066    0.25891359    0.23719845    0.21722752    0.23531912    0.26441388    0.31839488    0.24030572    0.26204736    0.25239473    0.30915076    0.31547427    0.31892415    0.32534269    0.00000000    0.07177063    0.09194955    0.04977191    0.05621275    0.22270360    0.17164398
T6             0.24363418    0.28877434    0.28242287    0.28242287    0.28988855    0.26660825    0.26090869    0.26478353    0.30875225    0.36093652    0.28588099    0.29952789    0.29572134    0.34376433    0.34314706    0.35414243    0.36093652    0.07177063    0.00000000    0.05632260    0.07869134    0.08539203    0.24900323    0.20691519
T10            0.26020167    0.30384613    0.30384613    0.30384613    0.30501551    0.28744726    0.27544673    0.28588099    0.32089900    0.36271452    0.28785586    0.30478257    0.29766393    0.36402391    0.37091433    0.37473337    0.38173919    0.09194955    0.05632260    0.00000000    0.09673216    0.10359747    0.26952186    0.23142715
T13            0.20409757    0.26196332    0.25891359    0.25891359    0.26915515    0.24368728    0.22616630    0.24469472    0.27470598    0.30966785    0.24363418    0.26559348    0.25583392    0.30731015    0.30002199    0.31019641    0.31766025    0.04977191    0.07869134    0.09673216    0.00000000    0.00602414    0.22355041    0.17221729
T5             0.21205256    0.27056973    0.26748232    0.26748232    0.27786166    0.25206883    0.23436918    0.25312734    0.28347589    0.31547427    0.24900323    0.27109507    0.26127784    0.31654400    0.30915076    0.31946516    0.32001790    0.05621275    0.08539203    0.10359747    0.00602414    0.00000000    0.23172525    0.17982819
T19            0.16430002    0.27615114    0.26995716    0.26995716    0.26471746    0.24278781    0.23910780    0.25855073    0.29884708    0.34136951    0.27942681    0.28870064    0.29153133    0.32589622    0.32534269    0.33126780    0.34496847    0.22270360    0.24900323    0.26952186    0.22355041    0.23172525    0.00000000    0.06266387
T18            0.12936486    0.22984586    0.22411374    0.22411374    0.21909420    0.19896031    0.18962430    0.20718602    0.24475238    0.29052267    0.21546467    0.22971881    0.23235085    0.28489607    0.27471097    0.27705775    0.29288047    0.17164398    0.20691519    0.23142715    0.17221729    0.17982819    0.06266387    0.00000000

