24
T20            0.00000000    0.33616407    0.35545575    0.34079726    0.36956867    0.35045721    0.40350209    0.34024202    0.36645039    0.34381509    0.34574633    0.34878879    0.35224009    0.34799498    0.34438316    0.35898979    0.36207406    0.34741389    0.35103880    0.33019145    0.35103880    0.33564616    0.21749161    0.22325680
T9             0.33616407    0.00000000    0.05616789    0.05875511    0.08760319    0.19508778    0.22187853    0.18546087    0.22243904    0.18003966    0.19254569    0.19046610    0.20104862    0.19573755    0.19573755    0.20409615    0.20154932    0.19550720    0.20665219    0.30338680    0.32351178    0.29952437    0.34419265    0.34067002
T18            0.35545575    0.05616789    0.00000000    0.07621640    0.11077510    0.20236894    0.24130696    0.19550720    0.23008292    0.18460540    0.19721815    0.19507390    0.20569926    0.20036666    0.20036666    0.20872520    0.20615703    0.20292089    0.21412829    0.32533847    0.34616234    0.32479694    0.38366602    0.37254933
T3             0.34079726    0.05875511    0.07621640    0.00000000    0.09934206    0.19790540    0.23073083    0.19094155    0.23407041    0.18546087    0.19804138    0.19597698    0.19827023    0.19573755    0.19573755    0.20409615    0.19597698    0.18730863    0.19275937    0.30784583    0.32822466    0.31073241    0.36218824    0.35131330
T5             0.36956867    0.08760319    0.11077510    0.09934206    0.00000000    0.21480127    0.25471174    0.20463099    0.24565663    0.19901163    0.21179218    0.20409615    0.22354867    0.21805147    0.21805147    0.22677491    0.22709455    0.22064936    0.23234892    0.32351178    0.34438890    0.32999249    0.38279285    0.37527021
T4             0.35045721    0.19508778    0.20236894    0.19790540    0.21480127    0.00000000    0.08289261    0.18424585    0.21546303    0.17604712    0.18569691    0.17825916    0.18868964    0.18619544    0.18619544    0.20012719    0.19199937    0.18868964    0.19423113    0.30338680    0.32351178    0.33415544    0.37359664    0.36264239
T8             0.40350209    0.22187853    0.24130696    0.23073083    0.25471174    0.08289261    0.00000000    0.22883632    0.26752749    0.21637694    0.22939825    0.21864923    0.23267632    0.23004523    0.23004523    0.24202539    0.23936816    0.23565337    0.24166123    0.33953033    0.36093101    0.35719771    0.42392780    0.41201611
T11            0.34024202    0.18546087    0.19550720    0.19094155    0.20463099    0.18424585    0.22883632    0.00000000    0.06937647    0.03284737    0.04330595    0.04120122    0.07832600    0.07387120    0.07387120    0.08298380    0.07621640    0.06931612    0.07832600    0.29149615    0.30784583    0.29334899    0.33495836    0.32478479
T19            0.36645039    0.22243904    0.23008292    0.23407041    0.24565663    0.21546303    0.26752749    0.06937647    0.00000000    0.06968724    0.08060409    0.07840672    0.10575215    0.10112163    0.10112163    0.11064676    0.10597834    0.09652081    0.10597834    0.33479867    0.34858866    0.32967363    0.37155696    0.36076063
T22            0.34381509    0.18003966    0.18460540    0.18546087    0.19901163    0.17604712    0.21637694    0.03284737    0.06968724    0.00000000    0.03069766    0.02862780    0.06959919    0.06519248    0.06519248    0.07422279    0.06752462    0.06066977    0.06959919    0.28162356    0.29767170    0.28350889    0.33839611    0.32815302
T16            0.34574633    0.19254569    0.19721815    0.19804138    0.21179218    0.18569691    0.22939825    0.04330595    0.08060409    0.03069766    0.00000000    0.01824787    0.07598975    0.07155341    0.07155341    0.08060409    0.07387120    0.06704041    0.07598975    0.29241640    0.30864145    0.29436997    0.34061050    0.33040236
T21            0.34878879    0.19046610    0.19507390    0.19597698    0.20409615    0.17825916    0.21864923    0.04120122    0.07840672    0.02862780    0.01824787    0.00000000    0.07380075    0.06937647    0.06937647    0.07840672    0.07169114    0.06487139    0.07380075    0.29618971    0.31256140    0.29810969    0.35411568    0.34365829
T14            0.35224009    0.20104862    0.20569926    0.19827023    0.22354867    0.18868964    0.23267632    0.07832600    0.10575215    0.06959919    0.07598975    0.07380075    0.00000000    0.00804332    0.00804332    0.02866518    0.03701137    0.03483150    0.04334263    0.29287715    0.30238738    0.29241640    0.37044907    0.35953467
T1             0.34799498    0.19573755    0.20036666    0.19573755    0.21805147    0.18619544    0.23004523    0.07387120    0.10112163    0.06519248    0.07155341    0.06937647    0.00804332    0.00000000    0.00401206    0.02450704    0.03280744    0.03064591    0.03910304    0.29667257    0.30626121    0.29287715    0.36626718    0.35547074
T0             0.34438316    0.19573755    0.20036666    0.19573755    0.21805147    0.18619544    0.23004523    0.07387120    0.10112163    0.06519248    0.07155341    0.06937647    0.00804332    0.00401206    0.00000000    0.02450704    0.03280744    0.03064591    0.03910304    0.29571800    0.30526169    0.29196674    0.36264239    0.35192316
T2             0.35898979    0.20409615    0.20872520    0.20409615    0.22677491    0.20012719    0.24202539    0.08298380    0.11064676    0.07422279    0.08060409    0.07840672    0.02866518    0.02450704    0.02450704    0.00000000    0.04133678    0.03910304    0.04770578    0.31599931    0.33296241    0.31547034    0.36264239    0.35192316
T13            0.36207406    0.20154932    0.20615703    0.19597698    0.22709455    0.19199937    0.23936816    0.07621640    0.10597834    0.06752462    0.07387120    0.07169114    0.03701137    0.03280744    0.03280744    0.04133678    0.00000000    0.02236450    0.03073313    0.31309013    0.32999249    0.31599931    0.36314638    0.35238865
T10            0.34741389    0.19550720    0.20292089    0.18730863    0.22064936    0.18868964    0.23565337    0.06931612    0.09652081    0.06066977    0.06704041    0.06487139    0.03483150    0.03064591    0.03064591    0.03910304    0.02236450    0.00000000    0.00806474    0.30190464    0.31839090    0.30477904    0.35238865    0.34185768
T12            0.35103880    0.20665219    0.21412829    0.19275937    0.23234892    0.19423113    0.24166123    0.07832600    0.10597834    0.06959919    0.07598975    0.07380075    0.04334263    0.03910304    0.03910304    0.04770578    0.03073313    0.00806474    0.00000000    0.30864145    0.32533847    0.31839090    0.36314638    0.35238865
T6             0.33019145    0.30338680    0.32533847    0.30784583    0.32351178    0.30338680    0.33953033    0.29149615    0.33479867    0.28162356    0.29241640    0.29618971    0.29287715    0.29667257    0.29571800    0.31599931    0.31309013    0.30190464    0.30864145    0.00000000    0.01417410    0.08069002    0.35644021    0.34579704
T7             0.35103880    0.32351178    0.34616234    0.32822466    0.34438890    0.32351178    0.36093101    0.30784583    0.34858866    0.29767170    0.30864145    0.31256140    0.30238738    0.30626121    0.30526169    0.33296241    0.32999249    0.31839090    0.32533847    0.01417410    0.00000000    0.08982175    0.37786008    0.36678438
T15            0.33564616    0.29952437    0.32479694    0.31073241    0.32999249    0.33415544    0.35719771    0.29334899    0.32967363    0.28350889    0.29436997    0.29810969    0.29241640    0.29287715    0.29196674    0.31547034    0.31599931    0.30477904    0.31839090    0.08069002    0.08982175    0.00000000    0.35856602    0.34796059
T23            0.21749161    0.34419265    0.38366602    0.36218824    0.38279285    0.37359664    0.42392780    0.33495836    0.37155696    0.33839611    0.34061050    0.35411568    0.37044907    0.36626718    0.36264239    0.36264239    0.36314638    0.35238865    0.36314638    0.35644021    0.37786008    0.35856602    0.00000000    0.00806474
T17            0.22325680    0.34067002    0.37254933    0.35131330    0.37527021    0.36264239    0.41201611    0.32478479    0.36076063    0.32815302    0.33040236    0.34365829    0.35953467    0.35547074    0.35192316    0.35192316    0.35238865    0.34185768    0.35238865    0.34579704    0.36678438    0.34796059    0.00806474    0.00000000

