24
T3             0.00000000    0.36483626    0.36064926    0.32689541    0.29526229    0.33244070    0.39637075    0.39251917    0.39251917    0.32944491    0.32306818    0.33331824    0.33678226    0.33287320    0.27932334    0.29776099    0.25210325    0.26752456    0.28918687    0.30970265    0.31802059    0.31508640    0.16153134    0.16170396
T23            0.36483626    0.00000000    0.00602721    0.04972915    0.18125859    0.19600296    0.25977372    0.25047723    0.25047723    0.19300631    0.19323888    0.19323888    0.20107514    0.19576274    0.18028318    0.18254484    0.30757448    0.33331824    0.36483626    0.41395141    0.43144021    0.43226310    0.45632038    0.44731592
T19            0.36064926    0.00602721    0.00000000    0.04760851    0.17879024    0.19348050    0.25705826    0.24779049    0.24779049    0.19049002    0.19072403    0.19072403    0.19853449    0.19323888    0.18323291    0.18548431    0.29813075    0.32349046    0.35447250    0.41065969    0.42807166    0.42889227    0.45145456    0.44258698
T7             0.32689541    0.04972915    0.04760851    0.00000000    0.13356025    0.16050185    0.20937501    0.20077250    0.20077250    0.14728323    0.14747378    0.15005233    0.15744195    0.15244033    0.14037802    0.14510053    0.27197356    0.30970265    0.32282834    0.36104678    0.37730056    0.37799564    0.41312520    0.40490725
T18            0.29526229    0.18125859    0.17879024    0.13356025    0.00000000    0.12298353    0.16873937    0.16605685    0.16605685    0.10159579    0.09673812    0.10864717    0.11319970    0.10850924    0.11855261    0.12812697    0.27828841    0.31063596    0.32730773    0.34148503    0.35731011    0.35424863    0.38487370    0.38438458
T14            0.33244070    0.19600296    0.19348050    0.16050185    0.12298353    0.00000000    0.14710081    0.14454867    0.14454867    0.09170277    0.08716996    0.09643165    0.10329193    0.09868129    0.13477722    0.14710081    0.29489152    0.33377581    0.34478473    0.36038435    0.38432291    0.38115250    0.41258019    0.41205053
T2             0.39637075    0.25977372    0.25705826    0.20937501    0.16873937    0.14710081    0.00000000    0.00603636    0.00603636    0.10349250    0.10360401    0.11319970    0.11778240    0.10825585    0.18125859    0.19733992    0.37089055    0.42235416    0.39898768    0.39536245    0.41647373    0.41725780    0.43853245    0.43794097
T13            0.39251917    0.25047723    0.24779049    0.20077250    0.16605685    0.14454867    0.00603636    0.00000000    0.00000000    0.09643165    0.09652644    0.10598569    0.11053353    0.10112776    0.17853215    0.19453694    0.35976411    0.41018825    0.39507559    0.39141925    0.41240196    0.41316932    0.43451060    0.43393529
T11            0.39251917    0.25047723    0.24779049    0.20077250    0.16605685    0.14454867    0.00603636    0.00000000    0.00000000    0.09643165    0.09652644    0.10598569    0.11053353    0.10112776    0.17853215    0.19453694    0.35976411    0.41018825    0.39507559    0.39141925    0.41240196    0.41316932    0.43451060    0.43393529
T9             0.32944491    0.19300631    0.19049002    0.14728323    0.10159579    0.09170277    0.10349250    0.09643165    0.09643165    0.00000000    0.02232974    0.02855417    0.03271244    0.02854227    0.12498895    0.13964617    0.28882549    0.33078180    0.34175421    0.35234452    0.37595088    0.37281116    0.39132632    0.39083841
T6             0.32306818    0.19323888    0.19072403    0.14747378    0.09673812    0.08716996    0.10360401    0.09652644    0.09652644    0.02232974    0.00000000    0.02862838    0.03277453    0.02859725    0.12051953    0.13511754    0.28672514    0.33125224    0.33522337    0.34565732    0.36903218    0.36592001    0.38537715    0.38487370
T8             0.33331824    0.19323888    0.19072403    0.15005233    0.10864717    0.09643165    0.11319970    0.10598569    0.10598569    0.02855417    0.02862838    0.00000000    0.00804438    0.00805154    0.12794834    0.14273529    0.29074533    0.33925610    0.34227405    0.34204248    0.37281116    0.36968476    0.39182881    0.39132632
T20            0.33678226    0.20107514    0.19853449    0.15744195    0.11319970    0.10329193    0.11778240    0.11053353    0.11053353    0.03271244    0.03277453    0.00804438    0.00000000    0.01210023    0.13260391    0.14747378    0.29644338    0.34530456    0.34834773    0.34565732    0.37661898    0.37347813    0.39559299    0.39507633
T4             0.33287320    0.19576274    0.19323888    0.15244033    0.10850924    0.09868129    0.10825585    0.10112776    0.10112776    0.02854227    0.02859725    0.00805154    0.01210023    0.00000000    0.12777745    0.14254180    0.29033883    0.33873626    0.33822894    0.34869001    0.37977325    0.37661898    0.39132632    0.39083841
T5             0.27932334    0.18028318    0.18323291    0.14037802    0.11855261    0.13477722    0.18125859    0.17853215    0.17853215    0.12498895    0.12051953    0.12794834    0.13260391    0.12777745    0.00000000    0.02870969    0.25317405    0.28509199    0.29532493    0.32124637    0.33663367    0.33365025    0.38859579    0.38070370
T17            0.29776099    0.18254484    0.18548431    0.14510053    0.12812697    0.14710081    0.19733992    0.19453694    0.19453694    0.13964617    0.13511754    0.14273529    0.14747378    0.14254180    0.02870969    0.00000000    0.26881462    0.29487399    0.31452530    0.33550082    0.35119981    0.34816354    0.39885473    0.39083841
T22            0.25210325    0.30757448    0.29813075    0.27197356    0.27828841    0.29489152    0.37089055    0.35976411    0.35976411    0.28882549    0.28672514    0.29074533    0.29644338    0.29033883    0.25317405    0.26881462    0.00000000    0.05840769    0.10803262    0.31264237    0.31847319    0.30871811    0.33919443    0.32881231
T15            0.26752456    0.33331824    0.32349046    0.30970265    0.31063596    0.33377581    0.42235416    0.41018825    0.41018825    0.33078180    0.33125224    0.33925610    0.34530456    0.33873626    0.28509199    0.29487399    0.05840769    0.00000000    0.12761433    0.32598149    0.33190873    0.32193750    0.36040471    0.35295473
T1             0.28918687    0.36483626    0.35447250    0.32282834    0.32730773    0.34478473    0.39898768    0.39507559    0.39507559    0.34175421    0.33522337    0.34227405    0.34834773    0.33822894    0.29532493    0.31452530    0.10803262    0.12761433    0.00000000    0.34816354    0.35797139    0.34751822    0.37798792    0.37025691
T12            0.30970265    0.41395141    0.41065969    0.36104678    0.34148503    0.36038435    0.39536245    0.39141925    0.39141925    0.35234452    0.34565732    0.34204248    0.34565732    0.34869001    0.32124637    0.33550082    0.31264237    0.32598149    0.34816354    0.00000000    0.06288979    0.06074034    0.38869709    0.38057938
T21            0.31802059    0.43144021    0.42807166    0.37730056    0.35731011    0.38432291    0.41647373    0.41240196    0.41240196    0.37595088    0.36903218    0.37281116    0.37661898    0.37977325    0.33663367    0.35119981    0.31847319    0.33190873    0.35797139    0.06288979    0.00000000    0.01006766    0.39780605    0.38964501
T0             0.31508640    0.43226310    0.42889227    0.37799564    0.35424863    0.38115250    0.41725780    0.41316932    0.41316932    0.37281116    0.36592001    0.36968476    0.37347813    0.37661898    0.33365025    0.34816354    0.30871811    0.32193750    0.34751822    0.06074034    0.01006766    0.00000000    0.39455911    0.38642689
T10            0.16153134    0.45632038    0.45145456    0.41312520    0.38487370    0.41258019    0.43853245    0.43451060    0.43451060    0.39132632    0.38537715    0.39182881    0.39559299    0.39132632    0.38859579    0.39885473    0.33919443    0.36040471    0.37798792    0.38869709    0.39780605    0.39455911    0.00000000    0.01008413
T16            0.16170396    0.44731592    0.44258698    0.40490725    0.38438458    0.41205053    0.43794097    0.43393529    0.43393529    0.39083841    0.38487370    0.39132632    0.39507633    0.39083841    0.38070370    0.39083841    0.32881231    0.35295473    0.37025691    0.38057938    0.38964501    0.38642689    0.01008413    0.00000000

