24
T13            0.00000000    0.34373428    0.36267943    0.34935382    0.36531004    0.12266813    0.12252531    0.15964343    0.13406006    0.15138202    0.13696264    0.12691087    0.11319445    0.11319445    0.15651161    0.13493585    0.12470846    0.14140663    0.10802867    0.13681437    0.11052909    0.18481471    0.16919370    0.16919370
T3             0.34373428    0.00000000    0.06714523    0.08510413    0.10359995    0.38484056    0.37418204    0.41729131    0.38051916    0.39336123    0.37734371    0.34629741    0.34170326    0.34170326    0.38165089    0.34473337    0.34188929    0.33721359    0.37531302    0.40082686    0.36222862    0.40344330    0.37418204    0.37418204
T23            0.36267943    0.06714523    0.00000000    0.10565296    0.12716600    0.40219301    0.39126199    0.42735013    0.39281651    0.40314371    0.38691189    0.36531004    0.36167069    0.36167069    0.40158981    0.36477846    0.36171031    0.35331065    0.39245167    0.41863690    0.38283821    0.41600628    0.38636700    0.38636700
T4             0.34935382    0.08510413    0.10565296    0.00000000    0.07849619    0.38804422    0.37734371    0.42870125    0.37997419    0.40427680    0.38426751    0.36267943    0.34829473    0.34829473    0.38370851    0.34777615    0.35550567    0.35331065    0.37103402    0.39126199    0.36533660    0.41600679    0.38602870    0.38602870
T20            0.36531004    0.10359995    0.12716600    0.07849619    0.00000000    0.40876002    0.39774039    0.41419259    0.39012942    0.41361846    0.40100128    0.38263271    0.37159252    0.37159252    0.39660746    0.37474069    0.36796869    0.35952372    0.39893147    0.42129505    0.39693230    0.42940014    0.39893147    0.39893147
T0             0.12266813    0.38484056    0.40219301    0.38804422    0.40876002    0.00000000    0.02031414    0.09685103    0.09186037    0.09867813    0.08519357    0.14930422    0.12745258    0.12745258    0.16712615    0.14746441    0.14200172    0.15138202    0.13226935    0.15186902    0.13493585    0.20385388    0.19047592    0.19047592
T2             0.12252531    0.37418204    0.39126199    0.37734371    0.39774039    0.02031414    0.00000000    0.09673441    0.09177663    0.09163123    0.07825379    0.14914016    0.12730537    0.12730537    0.17222431    0.14727424    0.14437306    0.14869765    0.13211766    0.15945264    0.13476997    0.20082268    0.18752565    0.18752565
T14            0.15964343    0.41729131    0.42735013    0.42870125    0.41419259    0.09685103    0.09673441    0.00000000    0.09204974    0.12214346    0.11791557    0.18050033    0.15723082    0.15723082    0.20437093    0.17020123    0.17510760    0.18211841    0.16005007    0.18820367    0.16776083    0.23500684    0.22095659    0.22095659
T8             0.13406006    0.38051916    0.39281651    0.37997419    0.39012942    0.09186037    0.09177663    0.09204974    0.00000000    0.11463650    0.10555856    0.17715387    0.15444706    0.15444706    0.20410779    0.16998259    0.16693162    0.17925031    0.15984258    0.17757370    0.16226202    0.23468983    0.22066320    0.22066320
T11            0.15138202    0.39336123    0.40314371    0.40427680    0.41361846    0.09867813    0.09163123    0.12214346    0.11463650    0.00000000    0.01617357    0.17676909    0.15410083    0.15410083    0.20922942    0.16430616    0.16919370    0.18156480    0.15651161    0.19070944    0.15927026    0.22533507    0.21673541    0.21673541
T12            0.13696264    0.37734371    0.38691189    0.38426751    0.40100128    0.08519357    0.07825379    0.11791557    0.10555856    0.01617357    0.00000000    0.16187518    0.13963845    0.13963845    0.18820367    0.15482650    0.15703849    0.17183301    0.14200172    0.17779669    0.14727424    0.20948995    0.20105952    0.20105952
T5             0.12691087    0.34629741    0.36531004    0.36267943    0.38263271    0.14930422    0.14914016    0.18050033    0.17715387    0.17676909    0.16187518    0.00000000    0.06714523    0.06714523    0.11281428    0.08750339    0.08732106    0.09634132    0.10112417    0.12226295    0.09887095    0.17411577    0.15394022    0.15394022
T17            0.11319445    0.34170326    0.36167069    0.34829473    0.37159252    0.12745258    0.12730537    0.15723082    0.15444706    0.15410083    0.13963845    0.06714523    0.00000000    0.00000000    0.08069175    0.04349266    0.07840832    0.08946684    0.07613529    0.09204974    0.07395009    0.15153604    0.13197389    0.13197389
T10            0.11319445    0.34170326    0.36167069    0.34829473    0.37159252    0.12745258    0.12730537    0.15723082    0.15444706    0.15410083    0.13963845    0.06714523    0.00000000    0.00000000    0.08069175    0.04349266    0.07840832    0.08946684    0.07613529    0.09204974    0.07395009    0.15153604    0.13197389    0.13197389
T7             0.15651161    0.38165089    0.40158981    0.38370851    0.39660746    0.16712615    0.17222431    0.20437093    0.20410779    0.20922942    0.18820367    0.11281428    0.08069175    0.08069175    0.00000000    0.08795409    0.12226295    0.12924665    0.12470846    0.14184077    0.12239024    0.21155450    0.19025138    0.19025138
T6             0.13493585    0.34473337    0.36477846    0.34777615    0.37474069    0.14746441    0.14727424    0.17020123    0.16998259    0.16430616    0.15482650    0.08750339    0.04349266    0.04349266    0.08795409    0.00000000    0.09921554    0.10102593    0.10637699    0.11821551    0.09697494    0.18298101    0.16246807    0.16246807
T9             0.12470846    0.34188929    0.36171031    0.35550567    0.36796869    0.14200172    0.14437306    0.17510760    0.16693162    0.16919370    0.15703849    0.08732106    0.07840832    0.07840832    0.12226295    0.09921554    0.00000000    0.10122985    0.09662510    0.12498287    0.09673441    0.16135843    0.14659497    0.14659497
T15            0.14140663    0.33721359    0.35331065    0.35331065    0.35952372    0.15138202    0.14869765    0.18211841    0.17925031    0.18156480    0.17183301    0.09634132    0.08946684    0.08946684    0.12924665    0.10102593    0.10122985    0.00000000    0.11752303    0.13667415    0.11281428    0.17890443    0.15862523    0.15862523
T22            0.10802867    0.37531302    0.39245167    0.37103402    0.39893147    0.13226935    0.13211766    0.16005007    0.15984258    0.15651161    0.14200172    0.10112417    0.07613529    0.07613529    0.12470846    0.10637699    0.09662510    0.11752303    0.00000000    0.07592959    0.04969103    0.13878393    0.11961003    0.11961003
T18            0.13681437    0.40082686    0.41863690    0.39126199    0.42129505    0.15186902    0.15945264    0.18820367    0.17757370    0.19070944    0.17779669    0.12226295    0.09204974    0.09204974    0.14184077    0.11821551    0.12498287    0.13667415    0.07592959    0.00000000    0.06704134    0.17411577    0.15394022    0.15394022
T1             0.11052909    0.36222862    0.38283821    0.36533660    0.39693230    0.13493585    0.13476997    0.16776083    0.16226202    0.15927026    0.14727424    0.09887095    0.07395009    0.07395009    0.12239024    0.09697494    0.09673441    0.11281428    0.04969103    0.06704134    0.00000000    0.14140663    0.12214346    0.12214346
T19            0.18481471    0.40344330    0.41600628    0.41600679    0.42940014    0.20385388    0.20082268    0.23500684    0.23468983    0.22533507    0.20948995    0.17411577    0.15153604    0.15153604    0.21155450    0.18298101    0.16135843    0.17890443    0.13878393    0.17411577    0.14140663    0.00000000    0.01823224    0.01823224
T16            0.16919370    0.37418204    0.38636700    0.38602870    0.39893147    0.19047592    0.18752565    0.22095659    0.22066320    0.21673541    0.20105952    0.15394022    0.13197389    0.13197389    0.19025138    0.16246807    0.14659497    0.15862523    0.11961003    0.15394022    0.12214346    0.01823224    0.00000000    0.00000000
T21            0.16919370    0.37418204    0.38636700    0.38602870    0.39893147    0.19047592    0.18752565    0.22095659    0.22066320    0.21673541    0.20105952    0.15394022    0.13197389    0.13197389    0.19025138    0.16246807    0.14659497    0.15862523    0.11961003    0.15394022    0.12214346    0.01823224    0.00000000    0.00000000

