24
T2             0.00000000    0.18158186    0.17597635    0.13904670    0.14169940    0.19577185    0.14899671    0.13933264    0.32040863    0.32306940    0.31665777    0.14915307    0.15669329    0.12964569    0.14747966    0.14660721    0.15428410    0.15428410    0.15928545    0.16189114    0.18483477    0.18483477    0.15188323    0.16451052
T10            0.18158186    0.00000000    0.08502571    0.08254833    0.08717129    0.15154906    0.16080103    0.16610165    0.34735207    0.33226036    0.32237289    0.19785413    0.20039940    0.18194338    0.19531808    0.20573373    0.21701046    0.21701046    0.21110859    0.21392764    0.23277805    0.24809218    0.20925703    0.21676272
T23            0.17597635    0.08502571    0.00000000    0.08020641    0.08024225    0.16153686    0.16569800    0.16582377    0.33246633    0.31677296    0.31051024    0.18928276    0.19688977    0.17364058    0.19217441    0.19434483    0.21088652    0.21088652    0.21913124    0.21629620    0.23520409    0.24155764    0.20551785    0.21110859
T18            0.13904670    0.08254833    0.08020641    0.00000000    0.01623213    0.11792469    0.13148686    0.12227131    0.31798395    0.29913966    0.29297140    0.15946848    0.16676186    0.15171199    0.16491258    0.16432225    0.17491129    0.17491129    0.18277356    0.19097640    0.20413499    0.21550856    0.18872539    0.18822710
T15            0.14169940    0.08717129    0.08024225    0.01623213    0.00000000    0.12546417    0.13406929    0.12485111    0.32196942    0.30298528    0.29677239    0.16227934    0.16958867    0.14931771    0.16248609    0.16451052    0.17781783    0.17781783    0.18573004    0.19400095    0.21236176    0.21869802    0.18623089    0.19122871
T21            0.19577185    0.15154906    0.16153686    0.11792469    0.12546417    0.00000000    0.18504522    0.17224288    0.38483766    0.37666440    0.36972852    0.20185318    0.20951851    0.19577185    0.20158783    0.21550856    0.23240279    0.23240279    0.23802407    0.23571091    0.25516485    0.28035617    0.24475657    0.23504499
T4             0.14899671    0.16080103    0.16569800    0.13148686    0.13406929    0.18504522    0.00000000    0.06271203    0.33138587    0.31665777    0.31030586    0.16451052    0.17224288    0.15446201    0.16778060    0.17781783    0.17512781    0.17512781    0.18300327    0.18029133    0.20388016    0.20158783    0.18126813    0.18029133
T14            0.13933264    0.16610165    0.16582377    0.12227131    0.12485111    0.17224288    0.06271203    0.00000000    0.30536378    0.28451283    0.28498732    0.14949060    0.15705420    0.14218394    0.15005851    0.15985976    0.15765814    0.15765814    0.16270124    0.15965992    0.18255269    0.19400095    0.16006796    0.17022115
T17            0.32040863    0.34735207    0.33246633    0.31798395    0.32196942    0.38483766    0.33138587    0.30536378    0.00000000    0.04977380    0.05200374    0.34149610    0.36286309    0.32013527    0.32658362    0.34995978    0.35735278    0.35735278    0.36042729    0.36795979    0.39146937    0.39939029    0.34569523    0.36042729
T22            0.32306940    0.33226036    0.31677296    0.29913966    0.30298528    0.37666440    0.31665777    0.28451283    0.04977380    0.00000000    0.01008416    0.32658362    0.34755908    0.31254551    0.31894805    0.34583901    0.32775605    0.32775605    0.33071566    0.34886426    0.36417932    0.38581027    0.32363719    0.34027394
T20            0.31665777    0.32237289    0.31051024    0.29297140    0.29677239    0.36972852    0.31030586    0.28498732    0.05200374    0.01008416    0.00000000    0.32013527    0.34089350    0.30620283    0.31254551    0.33193751    0.32836017    0.32836017    0.33132057    0.34953563    0.36485701    0.38655042    0.32421683    0.34089350
T13            0.14915307    0.19785413    0.18928276    0.15946848    0.16227934    0.20185318    0.16451052    0.14949060    0.34149610    0.32658362    0.32013527    0.00000000    0.04338754    0.08562845    0.09755153    0.09030309    0.17535300    0.17535300    0.18324179    0.18052244    0.20133167    0.20750763    0.16755980    0.17781783
T6             0.15669329    0.20039940    0.19688977    0.16676186    0.16958867    0.20951851    0.17224288    0.15705420    0.36286309    0.34755908    0.34089350    0.04338754    0.00000000    0.08529490    0.10187721    0.10147035    0.17245222    0.17245222    0.18029133    0.17759406    0.19830485    0.20439908    0.16470731    0.17491129
T0             0.12964569    0.18194338    0.17364058    0.15171199    0.14931771    0.19577185    0.15446201    0.14218394    0.32013527    0.31254551    0.30620283    0.08562845    0.08529490    0.00000000    0.04349414    0.06735610    0.15765814    0.15765814    0.16534850    0.15484275    0.17491129    0.19122871    0.15265076    0.16270124
T16            0.14747966    0.19531808    0.19217441    0.16491258    0.16248609    0.20158783    0.16778060    0.15005851    0.32658362    0.31894805    0.31254551    0.09755153    0.10187721    0.04349414    0.00000000    0.08342741    0.17118389    0.17118389    0.17633992    0.17633992    0.19706551    0.19987683    0.16339686    0.17093048
T1             0.14660721    0.20573373    0.19434483    0.16432225    0.16451052    0.21550856    0.17781783    0.15985976    0.34995978    0.34583901    0.33193751    0.09030309    0.10147035    0.06735610    0.08342741    0.00000000    0.18076229    0.18076229    0.18324179    0.18052244    0.20133167    0.20413499    0.17022115    0.18324179
T11            0.15428410    0.21701046    0.21088652    0.17491129    0.17781783    0.23240279    0.17512781    0.15765814    0.35735278    0.32775605    0.32836017    0.17535300    0.17245222    0.15765814    0.17118389    0.18076229    0.00000000    0.00000000    0.02447279    0.11730685    0.13879335    0.13655178    0.11511438    0.11730685
T8             0.15428410    0.21701046    0.21088652    0.17491129    0.17781783    0.23240279    0.17512781    0.15765814    0.35735278    0.32775605    0.32836017    0.17535300    0.17245222    0.15765814    0.17118389    0.18076229    0.00000000    0.00000000    0.02447279    0.11730685    0.13879335    0.13655178    0.11511438    0.11730685
T7             0.15928545    0.21110859    0.21913124    0.18277356    0.18573004    0.23802407    0.18300327    0.16270124    0.36042729    0.33071566    0.33132057    0.18324179    0.18029133    0.16534850    0.17633992    0.18324179    0.02447279    0.02447279    0.00000000    0.12203932    0.14366873    0.14645735    0.12227131    0.13184768
T9             0.16189114    0.21392764    0.21629620    0.19097640    0.19400095    0.23571091    0.18029133    0.15965992    0.36795979    0.34886426    0.34953563    0.18052244    0.17759406    0.15484275    0.17633992    0.18052244    0.11730685    0.11730685    0.12203932    0.00000000    0.02855428    0.11012714    0.09626590    0.10547697
T12            0.18483477    0.23277805    0.23520409    0.20413499    0.21236176    0.25516485    0.20388016    0.18255269    0.39146937    0.36417932    0.36485701    0.20133167    0.19830485    0.17491129    0.19706551    0.20133167    0.13879335    0.13879335    0.14366873    0.02855428    0.00000000    0.13138272    0.11711406    0.12659492
T19            0.18483477    0.24809218    0.24155764    0.21550856    0.21869802    0.28035617    0.20158783    0.19400095    0.39939029    0.38581027    0.38655042    0.20750763    0.20439908    0.19122871    0.19987683    0.20413499    0.13655178    0.13655178    0.14645735    0.11012714    0.13138272    0.00000000    0.12925525    0.13642726
T3             0.15188323    0.20925703    0.20551785    0.18872539    0.18623089    0.24475657    0.18126813    0.16006796    0.34569523    0.32363719    0.32421683    0.16755980    0.16470731    0.15265076    0.16339686    0.17022115    0.11511438    0.11511438    0.12227131    0.09626590    0.11711406    0.12925525    0.00000000    0.05610057
T5             0.16451052    0.21676272    0.21110859    0.18822710    0.19122871    0.23504499    0.18029133    0.17022115    0.36042729    0.34027394    0.34089350    0.17781783    0.17491129    0.16270124    0.17093048    0.18324179    0.11730685    0.11730685    0.13184768    0.10547697    0.12659492    0.13642726    0.05610057    0.00000000

