24
T1             0.00000000    0.22878933    0.23732588    0.25440976    0.25474948    0.27984094    0.28744594    0.28141852    0.46054213    0.47826061    0.34988621    0.34166628    0.19204346    0.18326580    0.15444032    0.17735054    0.16025768    0.17310073    0.17555539    0.17958762    0.16336661    0.15462566    0.15983492    0.16004214
T16            0.22878933    0.00000000    0.01417410    0.04765317    0.04133674    0.14965042    0.17221592    0.15703142    0.43567754    0.40541814    0.33279776    0.32516651    0.27979060    0.27605984    0.23323868    0.25891066    0.25817735    0.26752629    0.26713772    0.24969353    0.23764140    0.23764140    0.23764140    0.24934176
T3             0.23732588    0.01417410    0.00000000    0.04977181    0.04128505    0.15204126    0.17467626    0.15944549    0.44065884    0.40095268    0.33926617    0.33154293    0.28257697    0.27883560    0.23589776    0.26165545    0.26090521    0.27028338    0.26989547    0.25239143    0.24030287    0.24631059    0.24631059    0.25817735
T11            0.25440976    0.04765317    0.04977181    0.00000000    0.03077494    0.15186259    0.16918617    0.15409453    0.45795577    0.41201376    0.34839916    0.34060936    0.30001664    0.29618807    0.25833019    0.28491898    0.28422945    0.29068328    0.27434835    0.27470236    0.26227574    0.27156661    0.27156661    0.27749397
T14            0.25474948    0.04133674    0.04128505    0.03077494    0.00000000    0.14470978    0.16186794    0.14691222    0.44752927    0.40481555    0.34275184    0.33495712    0.29482902    0.29100056    0.25315448    0.27960361    0.27901517    0.28222137    0.27544292    0.26328572    0.25104923    0.26019839    0.26019839    0.27228735
T22            0.27984094    0.14965042    0.15204126    0.15186259    0.14470978    0.00000000    0.04330594    0.03066857    0.46418050    0.42876784    0.38047508    0.37204458    0.31531813    0.31128167    0.28666800    0.31794847    0.30766322    0.32374782    0.30719226    0.31008981    0.29679522    0.28705140    0.28065951    0.29312180
T2             0.28744594    0.17221592    0.17467626    0.16918617    0.16186794    0.04330594    0.00000000    0.01617353    0.48819398    0.46392272    0.39769226    0.38901046    0.32999023    0.32941247    0.31082296    0.34321878    0.32570461    0.33864908    0.32867279    0.33513887    0.32133956    0.31123456    0.30460968    0.31751438
T8             0.28141852    0.15703142    0.15944549    0.15409453    0.14691222    0.03066857    0.01617353    0.00000000    0.47127727    0.44783044    0.38686694    0.37838235    0.32115185    0.31709004    0.29558438    0.32726582    0.31008981    0.32967179    0.31299897    0.31932252    0.30584874    0.29597661    0.28950191    0.30212260
T9             0.46054213    0.43567754    0.44065884    0.45795577    0.44752927    0.46418050    0.48819398    0.47127727    0.00000000    0.08318734    0.17115064    0.17604656    0.40896648    0.39630683    0.43757473    0.44297849    0.43567754    0.45697036    0.45180542    0.42740815    0.42332422    0.44408610    0.45098850    0.45611849
T6             0.47826061    0.40541814    0.40095268    0.41201376    0.40481555    0.42876784    0.46392272    0.44783044    0.08318734    0.00000000    0.15983492    0.16997402    0.42144693    0.41263823    0.44227637    0.45616854    0.45287501    0.46581469    0.45636299    0.43612743    0.43202679    0.44443105    0.45559143    0.46065746
T15            0.34988621    0.33279776    0.33926617    0.34839916    0.34275184    0.38047508    0.39769226    0.38686694    0.17115064    0.15983492    0.00000000    0.01415447    0.30008585    0.28988448    0.32385158    0.35694289    0.33117219    0.34878682    0.33616217    0.31668223    0.30674479    0.32003912    0.32596924    0.32980336
T23            0.34166628    0.32516651    0.33154293    0.34060936    0.33495712    0.37204458    0.38901046    0.37838235    0.17604656    0.16997402    0.01415447    0.00000000    0.29924569    0.28913060    0.31296083    0.34534197    0.32003912    0.34066835    0.32819158    0.30929538    0.29955178    0.31589830    0.32180965    0.32556169
T10            0.19204346    0.27979060    0.28257697    0.30001664    0.29482902    0.31531813    0.32999023    0.32115185    0.40896648    0.42144693    0.30008585    0.29924569    0.00000000    0.01824786    0.19821585    0.22585819    0.21076707    0.22030728    0.21189256    0.19853595    0.18729683    0.19570238    0.20645397    0.20968061
T13            0.18326580    0.27605984    0.27883560    0.29618807    0.29100056    0.31128167    0.32941247    0.31709004    0.39630683    0.41263823    0.28988448    0.28913060    0.01824786    0.00000000    0.18949910    0.21669941    0.20172280    0.21123334    0.19730889    0.18978667    0.17876452    0.18978667    0.20042784    0.20358790
T17            0.15444032    0.23323868    0.23589776    0.25833019    0.25315448    0.28666800    0.31082296    0.29558438    0.43757473    0.44227637    0.32385158    0.31296083    0.19821585    0.18949910    0.00000000    0.02857208    0.03077494    0.13947042    0.12497845    0.15409453    0.13890139    0.14616672    0.15123074    0.15650523
T12            0.17735054    0.25891066    0.26165545    0.28491898    0.27960361    0.31794847    0.34321878    0.32726582    0.44297849    0.45616854    0.35694289    0.34534197    0.22585819    0.21669941    0.02857208    0.00000000    0.04770575    0.15926334    0.14436731    0.17694875    0.15605469    0.15834813    0.16868592    0.17410804
T5             0.16025768    0.25817735    0.26090521    0.28422945    0.27901517    0.30766322    0.32570461    0.31008981    0.43567754    0.45287501    0.33117219    0.32003912    0.21076707    0.20172280    0.03077494    0.04770575    0.00000000    0.13493038    0.12266377    0.16509905    0.14436731    0.15169218    0.15684766    0.15963602
T20            0.17310073    0.26752629    0.27028338    0.29068328    0.28222137    0.32374782    0.33864908    0.32967179    0.45697036    0.46581469    0.34878682    0.34066835    0.22030728    0.21123334    0.13947042    0.15926334    0.13493038    0.00000000    0.07422269    0.16468202    0.14913425    0.15876749    0.16135186    0.16937024
T0             0.17555539    0.26713772    0.26989547    0.27434835    0.27544292    0.30719226    0.32867279    0.31299897    0.45180542    0.45636299    0.33616217    0.32819158    0.21189256    0.19730889    0.12497845    0.14436731    0.12266377    0.07422269    0.00000000    0.16448618    0.14897865    0.14616672    0.14869231    0.15137622
T21            0.17958762    0.24969353    0.25239143    0.27470236    0.26328572    0.31008981    0.33513887    0.31932252    0.42740815    0.43612743    0.31668223    0.30929538    0.19853595    0.18978667    0.15409453    0.17694875    0.16509905    0.16468202    0.16448618    0.00000000    0.02450703    0.10610248    0.11091076    0.11592092
T18            0.16336661    0.23764140    0.24030287    0.26227574    0.25104923    0.29679522    0.32133956    0.30584874    0.42332422    0.43202679    0.30674479    0.29955178    0.18729683    0.17876452    0.13890139    0.15605469    0.14436731    0.14913425    0.14897865    0.02450703    0.00000000    0.09428040    0.09897572    0.10384159
T4             0.15462566    0.23764140    0.24631059    0.27156661    0.26019839    0.28705140    0.31123456    0.29597661    0.44408610    0.44443105    0.32003912    0.31589830    0.19570238    0.18978667    0.14616672    0.15834813    0.15169218    0.15876749    0.14616672    0.10610248    0.09428040    0.00000000    0.01210945    0.02447214
T7             0.15983492    0.23764140    0.24631059    0.27156661    0.26019839    0.28065951    0.30460968    0.28950191    0.45098850    0.45559143    0.32596924    0.32180965    0.20645397    0.20042784    0.15123074    0.16868592    0.15684766    0.16135186    0.14869231    0.11091076    0.09897572    0.01210945    0.00000000    0.02447214
T19            0.16004214    0.24934176    0.25817735    0.27749397    0.27228735    0.29312180    0.31751438    0.30212260    0.45611849    0.46065746    0.32980336    0.32556169    0.20968061    0.20358790    0.15650523    0.17410804    0.15963602    0.16937024    0.15137622    0.11592092    0.10384159    0.02447214    0.02447214    0.00000000

