24
T0             0.00000000    0.21414432    0.22482552    0.21698656    0.21958987    0.26057451    0.26296585    0.23303700    0.22387057    0.37460614    0.32675225    0.26207483    0.25975041    0.24435473    0.21414432    0.27276728    0.26606374    0.19552086    0.22223171    0.24972066    0.21261502    0.21004403    0.21836514    0.23380330
T10            0.21414432    0.00000000    0.01210018    0.00602414    0.06743671    0.11319585    0.12266972    0.10598247    0.10825258    0.25278066    0.21290261    0.19599158    0.18275554    0.17429929    0.14582455    0.21250278    0.19468921    0.14378658    0.16206704    0.19047951    0.13696441    0.13712081    0.14965939    0.13630319
T13            0.22482552    0.01210018    0.00000000    0.01413272    0.07395063    0.12008117    0.12963725    0.11306144    0.11535064    0.26093395    0.21836514    0.20641557    0.19299567    0.18442491    0.15557935    0.22316396    0.20509604    0.15351038    0.17202711    0.20082643    0.14659683    0.14675451    0.15945515    0.14593242
T8             0.21698656    0.00602414    0.01413272    0.00000000    0.06968932    0.11562366    0.12513345    0.10837537    0.11065122    0.25206706    0.21577766    0.19877061    0.18547406    0.17695984    0.14833146    0.21528165    0.19742253    0.14630618    0.16469266    0.19322794    0.13947771    0.13964046    0.15223758    0.13878521
T7             0.21958987    0.06743671    0.07395063    0.06968932    0.00000000    0.11791706    0.12745426    0.11548334    0.11777843    0.27269514    0.22941964    0.20641557    0.19299567    0.19299567    0.15606215    0.22108098    0.19762415    0.15378983    0.16977543    0.20976461    0.15685686    0.15187126    0.17533545    0.15606215
T18            0.26057451    0.11319585    0.12008117    0.11562366    0.11791706    0.00000000    0.03277425    0.13712081    0.13696441    0.28953466    0.26057451    0.23832698    0.23006793    0.21261502    0.18192767    0.25561578    0.23115680    0.17736251    0.20777214    0.22648549    0.19071323    0.19095591    0.20748231    0.19508665
T21            0.26296585    0.12266972    0.12963725    0.12513345    0.12745426    0.03277425    0.00000000    0.14692039    0.14675451    0.30175608    0.26606374    0.24972066    0.24133176    0.22356849    0.19235332    0.26110083    0.24238011    0.18774613    0.21866935    0.22941964    0.19299567    0.19322794    0.20976461    0.19742253
T17            0.23303700    0.10598247    0.11306144    0.10837537    0.11548334    0.13712081    0.14692039    0.00000000    0.03485694    0.25008335    0.22257281    0.19956815    0.19173750    0.18074315    0.14644738    0.20549817    0.19071323    0.14200373    0.16313982    0.19452434    0.14335615    0.14571729    0.15329671    0.15743427
T11            0.22387057    0.10825258    0.11535064    0.11065122    0.11777843    0.13696441    0.14675451    0.03485694    0.00000000    0.24739612    0.21998045    0.21063074    0.19704177    0.18595591    0.15138385    0.21045167    0.19828448    0.14692039    0.16822987    0.19985213    0.14746695    0.14766536    0.15524189    0.15945515
T3             0.37460614    0.25278066    0.26093395    0.25206706    0.27269514    0.28953466    0.30175608    0.25008335    0.24739612    0.00000000    0.08298637    0.33121786    0.31843667    0.32526815    0.29164900    0.36438068    0.35136413    0.29315662    0.31399646    0.31596275    0.28145141    0.27547445    0.30012411    0.30215918
T19            0.32675225    0.21290261    0.21836514    0.21577766    0.22941964    0.26057451    0.26606374    0.22257281    0.21998045    0.08298637    0.00000000    0.29814818    0.27945711    0.27945711    0.26262841    0.32560063    0.30878665    0.26093395    0.27112472    0.27626000    0.24065159    0.23501306    0.25820588    0.26571670
T14            0.26207483    0.19599158    0.20641557    0.19877061    0.20641557    0.23832698    0.24972066    0.19956815    0.21063074    0.33121786    0.29814818    0.00000000    0.01826995    0.05835716    0.13917638    0.18944640    0.17448912    0.12484323    0.14746695    0.16998570    0.14217290    0.15263676    0.15764334    0.16152438
T22            0.25975041    0.18275554    0.19299567    0.18547406    0.19299567    0.23006793    0.24133176    0.19173750    0.19704177    0.31843667    0.27945711    0.01826995    0.00000000    0.04756854    0.12703583    0.17642188    0.16169679    0.11777843    0.14272862    0.14947876    0.12745426    0.13763783    0.14509377    0.14898620
T6             0.24435473    0.17429929    0.18442491    0.17695984    0.19299567    0.21261502    0.22356849    0.18074315    0.18595591    0.32526815    0.27945711    0.05835716    0.04756854    0.00000000    0.11752421    0.16364315    0.15170049    0.10598247    0.13295713    0.14727663    0.12252679    0.13259843    0.13745754    0.14140813
T15            0.21414432    0.14582455    0.15557935    0.14833146    0.15606215    0.18192767    0.19235332    0.14644738    0.15138385    0.29164900    0.26262841    0.13917638    0.12703583    0.11752421    0.00000000    0.07812807    0.06743671    0.03488856    0.10112505    0.12458424    0.10555934    0.10802961    0.11293460    0.12407487
T4             0.27276728    0.21250278    0.22316396    0.21528165    0.22108098    0.25561578    0.26110083    0.20549817    0.21045167    0.36438068    0.32560063    0.18944640    0.17642188    0.16364315    0.07812807    0.00000000    0.06276296    0.08028311    0.15862702    0.18406804    0.15848690    0.15097159    0.16395874    0.17832199
T12            0.26606374    0.19468921    0.20509604    0.19742253    0.19762415    0.23115680    0.24238011    0.19071323    0.19828448    0.35136413    0.30878665    0.17448912    0.16169679    0.15170049    0.06743671    0.06276296    0.00000000    0.07403521    0.14454259    0.16693425    0.14184264    0.14454259    0.15243308    0.16640166
T20            0.19552086    0.14378658    0.15351038    0.14630618    0.15378983    0.17736251    0.18774613    0.14200373    0.14692039    0.29315662    0.26093395    0.12484323    0.11777843    0.10598247    0.03488856    0.08028311    0.07403521    0.00000000    0.08982478    0.11535064    0.09418705    0.09662600    0.10146458    0.11241513
T5             0.22223171    0.16206704    0.17202711    0.16469266    0.16977543    0.20777214    0.21866935    0.16313982    0.16822987    0.31399646    0.27112472    0.14746695    0.14272862    0.13295713    0.10112505    0.15862702    0.14454259    0.08982478    0.00000000    0.13295713    0.11348733    0.11364434    0.11837868    0.12716745
T16            0.24972066    0.19047951    0.20082643    0.19322794    0.20976461    0.22648549    0.22941964    0.19452434    0.19985213    0.31596275    0.27626000    0.16998570    0.14947876    0.14727663    0.12458424    0.18406804    0.16693425    0.11535064    0.13295713    0.00000000    0.12777231    0.13548320    0.14766536    0.14644738
T1             0.21261502    0.13696441    0.14659683    0.13947771    0.15685686    0.19071323    0.19299567    0.14335615    0.14746695    0.28145141    0.24065159    0.14217290    0.12745426    0.12252679    0.10555934    0.15848690    0.14184264    0.09418705    0.11348733    0.12777231    0.00000000    0.03919141    0.06752668    0.07149648
T9             0.21004403    0.13712081    0.14675451    0.13964046    0.15187126    0.19095591    0.19322794    0.14571729    0.14766536    0.27547445    0.23501306    0.15263676    0.13763783    0.13259843    0.10802961    0.15097159    0.14454259    0.09662600    0.11364434    0.13548320    0.03919141    0.00000000    0.06988631    0.07380246
T2             0.21836514    0.14965939    0.15945515    0.15223758    0.17533545    0.20748231    0.20976461    0.15329671    0.15524189    0.30012411    0.25820588    0.15764334    0.14509377    0.13745754    0.11293460    0.16395874    0.15243308    0.10146458    0.11837868    0.14766536    0.06752668    0.06988631    0.00000000    0.06282239
T23            0.23380330    0.13630319    0.14593242    0.13878521    0.15606215    0.19508665    0.19742253    0.15743427    0.15945515    0.30215918    0.26571670    0.16152438    0.14898620    0.14140813    0.12407487    0.17832199    0.16640166    0.11241513    0.12716745    0.14644738    0.07149648    0.07380246    0.06282239    0.00000000

