24
T18            0.00000000    0.44683371    0.44763461    0.31505925    0.29683544    0.32731275    0.32872330    0.31304523    0.34172096    0.35972553    0.35136873    0.33024386    0.31692113    0.31060761    0.31351690    0.34029825    0.33621732    0.40873559    0.40873559    0.34200523    0.34029825    0.40982341    0.31109115    0.31449542
T5             0.44683371    0.00000000    0.00401105    0.34584601    0.33977056    0.38855694    0.35197298    0.34280190    0.36349754    0.37067228    0.37067228    0.35861789    0.34844884    0.34539124    0.34844884    0.34844884    0.35505607    0.41148484    0.41936760    0.38545006    0.34844884    0.43766987    0.36479845    0.35034354
T7             0.44763461    0.00401105    0.00000000    0.34631370    0.34023918    0.38907365    0.35243963    0.34327007    0.36393452    0.37113517    0.37113517    0.35909676    0.34890300    0.34584601    0.34890300    0.34890300    0.35552216    0.41089498    0.41874669    0.38605177    0.34890300    0.44260877    0.36535716    0.34728772
T14            0.31505925    0.34584601    0.34631370    0.00000000    0.07155510    0.11233472    0.08273395    0.08069261    0.10783730    0.11480262    0.11961142    0.09634225    0.09394178    0.08724151    0.08946761    0.10112537    0.09634225    0.19095720    0.18820870    0.15606286    0.14812901    0.22482714    0.14104790    0.13856587
T9             0.29683544    0.33977056    0.34023918    0.07155510    0.00000000    0.09170102    0.06960129    0.06089602    0.09195243    0.09409810    0.10112537    0.07162061    0.07380262    0.06727749    0.06735375    0.08078580    0.07162061    0.16580156    0.16799383    0.13171207    0.11926656    0.19530041    0.12203330    0.11260025
T6             0.32731275    0.38855694    0.38907365    0.11233472    0.09170102    0.00000000    0.08028328    0.06921774    0.12192939    0.12192939    0.13148020    0.11021309    0.10304560    0.09394178    0.09618995    0.11031130    0.10311936    0.21724477    0.20874188    0.16854594    0.17334609    0.25590496    0.16840501    0.16581352
T4             0.32872330    0.35197298    0.35243963    0.08273395    0.06960129    0.08028328    0.00000000    0.02866561    0.08732191    0.09877194    0.10348994    0.08760646    0.08060651    0.07403540    0.07621876    0.08771567    0.08298660    0.17780124    0.16977642    0.15379054    0.15085166    0.22534153    0.13630372    0.14128022
T16            0.31304523    0.34280190    0.34327007    0.08069261    0.06089602    0.06921774    0.02866561    0.00000000    0.08760646    0.09205085    0.09909472    0.07869404    0.07177259    0.06527930    0.06743688    0.07880303    0.07412697    0.17581162    0.17311502    0.14914285    0.14617390    0.22618633    0.13667626    0.13667626
T22            0.34172096    0.36349754    0.36393452    0.10783730    0.09195243    0.12192939    0.08732191    0.08760646    0.00000000    0.08273395    0.08963180    0.07387320    0.07155510    0.06504503    0.06720813    0.07832823    0.06937814    0.21577938    0.21290428    0.18156819    0.17845552    0.25076511    0.17115778    0.16854594
T8             0.35972553    0.37067228    0.37113517    0.11480262    0.09409810    0.12192939    0.09877194    0.09205085    0.08273395    0.00000000    0.08716838    0.08052753    0.07368261    0.06714569    0.06931766    0.08502266    0.07599165    0.22387241    0.22096382    0.18657895    0.18082482    0.24180459    0.17348294    0.16827290
T13            0.35136873    0.37067228    0.37113517    0.11961142    0.10112537    0.13148020    0.10348994    0.09909472    0.08963180    0.08716838    0.00000000    0.08052753    0.08045568    0.07387320    0.07606029    0.09195243    0.08281101    0.21233839    0.20949605    0.18657895    0.17558753    0.25924392    0.17348294    0.17087112
T23            0.33024386    0.35861789    0.35909676    0.09634225    0.07162061    0.11021309    0.08760646    0.07869404    0.07387320    0.08052753    0.08052753    0.00000000    0.03069803    0.02450739    0.02656462    0.05646077    0.04776604    0.20183128    0.20183128    0.16364395    0.16323541    0.24208827    0.15606286    0.15351107
T2             0.31692113    0.34844884    0.34890300    0.09394178    0.07380262    0.10304560    0.08060651    0.07177259    0.07155510    0.07368261    0.08045568    0.03069803    0.00000000    0.01414107    0.01617882    0.05200238    0.04338664    0.20437699    0.20437699    0.16379746    0.15823311    0.23646160    0.15110128    0.14856889
T0             0.31060761    0.34539124    0.34584601    0.08724151    0.06727749    0.09394178    0.07403540    0.06527930    0.06504503    0.06714569    0.07387320    0.02450739    0.01414107    0.00000000    0.00200301    0.04565774    0.03710360    0.19120886    0.19120886    0.15877645    0.15326549    0.23087959    0.14617390    0.14366062
T17            0.31351690    0.34844884    0.34890300    0.08946761    0.06735375    0.09618995    0.07621876    0.06743688    0.06720813    0.06931766    0.07606029    0.02656462    0.01617882    0.00200301    0.00000000    0.04776604    0.03919147    0.19372092    0.19372092    0.16120592    0.15568785    0.23352746    0.14856889    0.14604928
T15            0.34029825    0.34844884    0.34890300    0.10112537    0.08078580    0.11031130    0.08771567    0.07880303    0.07832823    0.08502266    0.09195243    0.05646077    0.05200238    0.04565774    0.04776604    0.00000000    0.02447244    0.21350756    0.21350756    0.17165377    0.16594769    0.24536890    0.15877645    0.15620493
T21            0.33621732    0.35505607    0.35552216    0.09634225    0.07162061    0.10311936    0.08298660    0.07412697    0.06937814    0.07599165    0.08281101    0.04776604    0.04338664    0.03710360    0.03919147    0.02447244    0.00000000    0.20748390    0.20748390    0.16624222    0.16067054    0.23912805    0.15351107    0.15097225
T20            0.40873559    0.41148484    0.41089498    0.19095720    0.16580156    0.21724477    0.17780124    0.17581162    0.21577938    0.22387241    0.21233839    0.20183128    0.20437699    0.19120886    0.19372092    0.21350756    0.20748390    0.00000000    0.01415455    0.23704427    0.21650362    0.31109115    0.22852192    0.20337897
T12            0.40873559    0.41936760    0.41874669    0.18820870    0.16799383    0.20874188    0.16977642    0.17311502    0.21290428    0.22096382    0.20949605    0.20183128    0.20437699    0.19120886    0.19372092    0.21350756    0.20748390    0.01415455    0.00000000    0.23409277    0.21367744    0.30770993    0.22561339    0.20293575
T19            0.34200523    0.38545006    0.38605177    0.15606286    0.13171207    0.16854594    0.15379054    0.14914285    0.18156819    0.18657895    0.18657895    0.16364395    0.16379746    0.15877645    0.16120592    0.17165377    0.16624222    0.23704427    0.23409277    0.00000000    0.07403540    0.14529441    0.06762367    0.05867347
T11            0.34029825    0.34844884    0.34890300    0.14812901    0.11926656    0.17334609    0.15085166    0.14617390    0.17845552    0.18082482    0.17558753    0.16323541    0.15823311    0.15326549    0.15568785    0.16594769    0.16067054    0.21650362    0.21367744    0.07403540    0.00000000    0.14253611    0.06081431    0.05200238
T1             0.40982341    0.43766987    0.44260877    0.22482714    0.19530041    0.25590496    0.22534153    0.22618633    0.25076511    0.24180459    0.25924392    0.24208827    0.23646160    0.23087959    0.23352746    0.24536890    0.23912805    0.31109115    0.30770993    0.14529441    0.14253611    0.00000000    0.13568142    0.12067545
T10            0.31109115    0.36479845    0.36535716    0.14104790    0.12203330    0.16840501    0.13630372    0.13667626    0.17115778    0.17348294    0.17348294    0.15606286    0.15110128    0.14617390    0.14856889    0.15877645    0.15351107    0.22852192    0.22561339    0.06762367    0.06081431    0.13568142    0.00000000    0.04139589
T3             0.31449542    0.35034354    0.34728772    0.13856587    0.11260025    0.16581352    0.14128022    0.13667626    0.16854594    0.16827290    0.17087112    0.15351107    0.14856889    0.14366062    0.14604928    0.15620493    0.15097225    0.20337897    0.20293575    0.05867347    0.05200238    0.12067545    0.04139589    0.00000000

