24
T9             0.00000000    0.38150478    0.45990905    0.38787551    0.39495999    0.39173883    0.39430189    0.43079480    0.43492983    0.43889520    0.42957320    0.38853171    0.38920183    0.33537193    0.36646439    0.34741828    0.35776727    0.38882163    0.32885507    0.32427310    0.32523007    0.32476053    0.32775912    0.33182400
T21            0.38150478    0.00000000    0.13460801    0.15684906    0.17242606    0.16468365    0.16168884    0.20947977    0.21232145    0.18397541    0.17959024    0.12949458    0.14471109    0.17695042    0.21205311    0.19648491    0.21490289    0.25170378    0.25137321    0.24236112    0.23910841    0.23883405    0.24236112    0.22506225
T8             0.45990905    0.13460801    0.00000000    0.20181541    0.22155954    0.21318268    0.19851004    0.26013463    0.26328051    0.24202858    0.22550354    0.19094330    0.20805455    0.21982981    0.24297794    0.23865127    0.26990026    0.28385015    0.28347686    0.27157099    0.26748303    0.26718076    0.27714538    0.26811999
T19            0.38787551    0.15684906    0.20181541    0.00000000    0.05194597    0.04549335    0.06066993    0.11105493    0.11348248    0.14765719    0.13567314    0.10102390    0.10610318    0.18731010    0.21154469    0.19875724    0.22009418    0.26329002    0.26915608    0.25680556    0.25648756    0.25618004    0.26294266    0.25408421
T1             0.39495999    0.17242606    0.22155954    0.05194597    0.00000000    0.02442128    0.05840589    0.12066942    0.12313895    0.15262813    0.14056605    0.11041324    0.11805839    0.21205311    0.23436987    0.22124741    0.24030649    0.28181968    0.27902035    0.26329002    0.26845463    0.26811999    0.26880000    0.26294266
T12            0.39173883    0.16468365    0.21318268    0.04549335    0.02442128    0.00000000    0.05846227    0.11348248    0.11592187    0.14508600    0.13314102    0.10338266    0.11091156    0.20384444    0.22587621    0.21288626    0.23172595    0.26952285    0.27305602    0.25441373    0.26569333    0.26535759    0.26603971    0.26020253
T15            0.39430189    0.16168884    0.19851004    0.06066993    0.05840589    0.05846227    0.00000000    0.11319147    0.11561900    0.12497937    0.12035771    0.10085002    0.11305727    0.19234260    0.21107413    0.19550887    0.22244119    0.25345629    0.25618004    0.24716804    0.24393862    0.24368775    0.25015401    0.24447128
T16            0.43079480    0.20947977    0.26013463    0.11105493    0.12066942    0.11348248    0.11319147    0.00000000    0.00200401    0.18869144    0.17876685    0.14947147    0.16004383    0.24534712    0.25345629    0.24297794    0.26880000    0.31885920    0.30918943    0.30832927    0.29807653    0.30095600    0.29845659    0.30212817
T6             0.43492983    0.21232145    0.26328051    0.11348248    0.12313895    0.11592187    0.11561900    0.00200401    0.00000000    0.19145458    0.18149978    0.15204265    0.16267597    0.24835108    0.25648756    0.24598192    0.27192612    0.32227371    0.31254659    0.31166400    0.30133512    0.30422524    0.30172585    0.30542985
T4             0.43889520    0.18397541    0.24202858    0.14765719    0.15262813    0.14508600    0.12497937    0.18869144    0.19145458    0.00000000    0.04114365    0.12021334    0.13821816    0.22385263    0.24063103    0.23336323    0.25275690    0.29766524    0.29811438    0.28503638    0.27507192    0.27786263    0.29153259    0.27583441
T0             0.42957320    0.17959024    0.22550354    0.13567314    0.14056605    0.13314102    0.12035771    0.17876685    0.18149978    0.04114365    0.00000000    0.11105493    0.12387819    0.21348841    0.23004800    0.22290264    0.24506917    0.27984644    0.28027571    0.27386282    0.27028832    0.27305602    0.28027571    0.26793046
T2             0.38853171    0.12949458    0.19094330    0.10102390    0.11041324    0.10338266    0.10085002    0.14947147    0.15204265    0.12021334    0.11105493    0.00000000    0.07840699    0.18480736    0.20615888    0.19070104    0.21463585    0.24835108    0.25105292    0.23616638    0.24178477    0.24151184    0.24206787    0.23059245
T22            0.38920183    0.14471109    0.20805455    0.10610318    0.11805839    0.11091156    0.11305727    0.16004383    0.16267597    0.13821816    0.12387819    0.07840699    0.00000000    0.18274445    0.20691575    0.19145458    0.21546532    0.24565945    0.24900406    0.23113949    0.23968738    0.23939286    0.24598192    0.23436987
T20            0.33537193    0.17695042    0.21982981    0.18731010    0.21205311    0.20384444    0.19234260    0.24534712    0.24835108    0.22385263    0.21348841    0.18480736    0.18274445    0.00000000    0.09438459    0.08099053    0.09934257    0.21834800    0.20155126    0.18773485    0.18480736    0.18460681    0.19875724    0.18523522
T14            0.36646439    0.21205311    0.24297794    0.21154469    0.23436987    0.22587621    0.21107413    0.25345629    0.25648756    0.24063103    0.23004800    0.20615888    0.20691575    0.09438459    0.00000000    0.02442128    0.12281509    0.23499341    0.22065169    0.21205311    0.21179418    0.21154469    0.22065169    0.20665416
T11            0.34741828    0.19648491    0.23865127    0.19875724    0.22124741    0.21288626    0.19550887    0.24297794    0.24598192    0.23336323    0.22290264    0.19070104    0.19145458    0.08099053    0.02442128    0.00000000    0.10411652    0.21896480    0.21061400    0.20208869    0.20181541    0.20155126    0.21061400    0.19675152
T5             0.35776727    0.21490289    0.26990026    0.22009418    0.24030649    0.23172595    0.22244119    0.26880000    0.27192612    0.25275690    0.24506917    0.21463585    0.21546532    0.09934257    0.12281509    0.10411652    0.00000000    0.24397859    0.23531993    0.22355109    0.22036814    0.22009418    0.22355109    0.20947977
T7             0.38882163    0.25170378    0.28385015    0.26329002    0.28181968    0.26952285    0.25345629    0.31885920    0.32227371    0.29766524    0.27984644    0.24835108    0.24565945    0.21834800    0.23499341    0.21896480    0.24397859    0.00000000    0.10863913    0.09204788    0.09859105    0.09851334    0.10813384    0.09428089
T13            0.32885507    0.25137321    0.28347686    0.26915608    0.27902035    0.27305602    0.25618004    0.30918943    0.31254659    0.29811438    0.28027571    0.25105292    0.24900406    0.20155126    0.22065169    0.21061400    0.23531993    0.10863913    0.00000000    0.04765329    0.05831355    0.05827766    0.06708897    0.05840589
T10            0.32427310    0.24236112    0.27157099    0.25680556    0.26329002    0.25441373    0.24716804    0.30832927    0.31166400    0.28503638    0.27386282    0.23616638    0.23113949    0.18773485    0.21205311    0.20208869    0.22355109    0.09204788    0.04765329    0.00000000    0.04534424    0.04534988    0.05176968    0.04325248
T23            0.32523007    0.23910841    0.26748303    0.25648756    0.26845463    0.26569333    0.24393862    0.29807653    0.30133512    0.27507192    0.27028832    0.24178477    0.23968738    0.18480736    0.21179418    0.20181541    0.22036814    0.09859105    0.05831355    0.04534424    0.00000000    0.00804332    0.04749014    0.03902044
T18            0.32476053    0.23883405    0.26718076    0.25618004    0.26811999    0.26535759    0.24368775    0.30095600    0.30422524    0.27786263    0.27305602    0.24151184    0.23939286    0.18460681    0.21154469    0.20155126    0.22009418    0.09851334    0.05827766    0.04534988    0.00804332    0.00000000    0.04747766    0.03900604
T17            0.32775912    0.24236112    0.27714538    0.26294266    0.26880000    0.26603971    0.25015401    0.29845659    0.30172585    0.29153259    0.28027571    0.24206787    0.24598192    0.19875724    0.22065169    0.21061400    0.22355109    0.10813384    0.06708897    0.05176968    0.04749014    0.04747766    0.00000000    0.03274685
T3             0.33182400    0.22506225    0.26811999    0.25408421    0.26294266    0.26020253    0.24447128    0.30212817    0.30542985    0.27583441    0.26793046    0.23059245    0.23436987    0.18523522    0.20665416    0.19675152    0.20947977    0.09428089    0.05840589    0.04325248    0.03902044    0.03900604    0.03274685    0.00000000

