24
T16            0.00000000    0.36797574    0.36119927    0.37539419    0.31466235    0.29204324    0.30508725    0.27829835    0.27198276    0.27829835    0.28751672    0.29359992    0.29773953    0.28995399    0.19958664    0.18075793    0.19373607    0.16958527    0.18548860    0.18323740    0.13948547    0.15504232    0.15264757    0.13462109
T6             0.36797574    0.00000000    0.01008414    0.06931909    0.38324072    0.35464874    0.37531745    0.33033710    0.31676098    0.31342391    0.33679616    0.33726627    0.34784390    0.34636019    0.39457885    0.35963933    0.37266010    0.36951129    0.39400323    0.37742161    0.31265837    0.32989102    0.34177004    0.30391259
T17            0.36119927    0.01008414    0.00000000    0.06271166    0.38005077    0.35156459    0.37215456    0.32735492    0.31382473    0.31049875    0.33378966    0.33426017    0.34480063    0.34331617    0.38755257    0.34589142    0.35866598    0.35556984    0.37951789    0.36325437    0.29994881    0.31676098    0.32828512    0.29133330
T3             0.37539419    0.06931909    0.06271166    0.00000000    0.40108740    0.37531745    0.38539387    0.34331617    0.32945738    0.32605202    0.36066600    0.36014601    0.36119927    0.37425937    0.39457885    0.37317943    0.38644472    0.38324072    0.40824565    0.39134620    0.32524531    0.33935824    0.34784390    0.31303511
T11            0.31466235    0.38324072    0.38005077    0.40108740    0.00000000    0.18694353    0.17395651    0.15705119    0.14676286    0.15705119    0.16999810    0.16978739    0.17289281    0.17759017    0.36910962    0.34379822    0.36014601    0.34636019    0.37003082    0.35757099    0.29204324    0.33626678    0.33679948    0.28353698
T5             0.29204324    0.35464874    0.35156459    0.37531745    0.18694353    0.00000000    0.07833029    0.10329291    0.09626504    0.10565770    0.12214985    0.11961570    0.11983570    0.13668244    0.35556984    0.31523409    0.32412869    0.31783672    0.34030184    0.32151247    0.26916549    0.29454165    0.30798797    0.25783710
T4             0.30508725    0.37531745    0.37215456    0.38539387    0.17395651    0.07833029    0.00000000    0.11765282    0.10803377    0.11765282    0.13447066    0.12937569    0.13212622    0.14201191    0.35914598    0.31194117    0.32747679    0.31454385    0.32344696    0.31818664    0.27530578    0.30758547    0.31217672    0.25783710
T12            0.27829835    0.33033710    0.32735492    0.34331617    0.15705119    0.10329291    0.11765282    0.00000000    0.01626221    0.02459652    0.03930610    0.03924588    0.03722186    0.10146903    0.31017690    0.27755613    0.28599843    0.28000554    0.29168254    0.28995399    0.24539164    0.27272839    0.27311735    0.23089897
T1             0.27198276    0.31676098    0.31382473    0.32945738    0.14676286    0.09626504    0.10803377    0.01626221    0.00000000    0.00806484    0.03077594    0.03073396    0.02870986    0.09673928    0.30681714    0.26817182    0.27652522    0.26753213    0.28848445    0.28035917    0.23943418    0.26645243    0.26060421    0.22509735
T19            0.27829835    0.31342391    0.31049875    0.32605202    0.15705119    0.10565770    0.11765282    0.02459652    0.00806484    0.00000000    0.03930610    0.03924588    0.03722186    0.10624405    0.31355943    0.27440837    0.28282067    0.27372985    0.29490127    0.28673517    0.24539164    0.27272839    0.26682155    0.23089897
T8             0.28751672    0.33679616    0.33378966    0.36066600    0.16999810    0.12214985    0.13447066    0.03930610    0.03077594    0.03930610    0.00000000    0.01623208    0.03502279    0.11334360    0.31989802    0.28995399    0.29852261    0.29241535    0.31090043    0.29604911    0.25413252    0.28188416    0.27589623    0.23943418
T2             0.29359992    0.33726627    0.33426017    0.36014601    0.16978739    0.11961570    0.12937569    0.03924588    0.03073396    0.03924588    0.01623208    0.00000000    0.03497177    0.11320135    0.32284287    0.28712036    0.29565503    0.28956963    0.30798797    0.29973698    0.26299501    0.29117459    0.28510307    0.24808482
T10            0.29773953    0.34784390    0.34480063    0.36119927    0.17289281    0.11983570    0.13212622    0.03722186    0.02870986    0.03722186    0.03502279    0.03497177    0.00000000    0.11106522    0.32142200    0.28712036    0.29565503    0.28956963    0.30798797    0.29319372    0.26370319    0.28552225    0.28595246    0.24871998
T20            0.28995399    0.34636019    0.34331617    0.37425937    0.17759017    0.13668244    0.14201191    0.10146903    0.09673928    0.10624405    0.11334360    0.11320135    0.11106522    0.00000000    0.33774897    0.30140171    0.31676098    0.29741225    0.31265837    0.31423755    0.26201227    0.28109962    0.28792424    0.24778265
T7             0.19958664    0.39457885    0.38755257    0.39457885    0.36910962    0.35556984    0.35914598    0.31017690    0.30681714    0.31355943    0.31989802    0.32284287    0.32142200    0.33774897    0.00000000    0.14293989    0.15787254    0.14254462    0.16006456    0.14530374    0.15744527    0.17312782    0.17068147    0.14985811
T9             0.18075793    0.35963933    0.34589142    0.37317943    0.34379822    0.31523409    0.31194117    0.27755613    0.26817182    0.27440837    0.28995399    0.28712036    0.28712036    0.30140171    0.14293989    0.00000000    0.01619039    0.02450771    0.04133836    0.03087895    0.14455121    0.16824357    0.17117952    0.13712849
T21            0.19373607    0.37266010    0.35866598    0.38644472    0.36014601    0.32412869    0.32747679    0.28599843    0.27652522    0.28282067    0.29852261    0.29565503    0.29565503    0.31676098    0.15787254    0.01619039    0.00000000    0.03705509    0.05419198    0.04355693    0.16470397    0.17828715    0.18676188    0.15188051
T22            0.16958527    0.36951129    0.35556984    0.38324072    0.34636019    0.31783672    0.31454385    0.28000554    0.26753213    0.27372985    0.29241535    0.28956963    0.28956963    0.29741225    0.14254462    0.02450771    0.03705509    0.00000000    0.04124111    0.03077594    0.14931512    0.16777685    0.17068147    0.13933045
T18            0.18548860    0.39400323    0.37951789    0.40824565    0.37003082    0.34030184    0.32344696    0.29168254    0.28848445    0.29490127    0.31090043    0.30798797    0.30798797    0.31265837    0.16006456    0.04133836    0.05419198    0.04124111    0.00000000    0.04776704    0.16431916    0.18872060    0.19175497    0.16188808
T15            0.18323740    0.37742161    0.36325437    0.39134620    0.35757099    0.32151247    0.31818664    0.28995399    0.28035917    0.28673517    0.29604911    0.29973698    0.29319372    0.31423755    0.14530374    0.03087895    0.04355693    0.03077594    0.04776704    0.00000000    0.14185049    0.16006456    0.16824357    0.13697177
T14            0.13948547    0.31265837    0.29994881    0.32524531    0.29204324    0.26916549    0.27530578    0.24539164    0.23943418    0.24539164    0.25413252    0.26299501    0.26370319    0.26201227    0.15744527    0.14455121    0.16470397    0.14931512    0.16431916    0.14185049    0.00000000    0.08741223    0.09450250    0.07812990
T13            0.15504232    0.32989102    0.31676098    0.33935824    0.33626678    0.29454165    0.30758547    0.27272839    0.26645243    0.27272839    0.28188416    0.29117459    0.28552225    0.28109962    0.17312782    0.16824357    0.17828715    0.16777685    0.18872060    0.16006456    0.08741223    0.00000000    0.05221024    0.09662968
T23            0.15264757    0.34177004    0.32828512    0.34784390    0.33679948    0.30798797    0.31217672    0.27311735    0.26060421    0.26682155    0.27589623    0.28510307    0.28595246    0.28792424    0.17068147    0.17117952    0.18676188    0.17068147    0.19175497    0.16824357    0.09450250    0.05221024    0.00000000    0.09673928
T0             0.13462109    0.30391259    0.29133330    0.31303511    0.28353698    0.25783710    0.25783710    0.23089897    0.22509735    0.23089897    0.23943418    0.24808482    0.24871998    0.24778265    0.14985811    0.13712849    0.15188051    0.13933045    0.16188808    0.13697177    0.07812990    0.09662968    0.09673928    0.00000000

