24
T12            0.00000000    0.24098436    0.23410618    0.19322658    0.32093150    0.22096015    0.22096015    0.19855449    0.19353769    0.21381940    0.18124624    0.18674318    0.20075625    0.20614622    0.18761045    0.18791691    0.20970152    0.20318246    0.20029067    0.30214897    0.29203955    0.29538666    0.24547444    0.33360300
T16            0.24098436    0.00000000    0.02027306    0.16105762    0.26913840    0.18442384    0.18442384    0.17890574    0.17394500    0.20215975    0.17362697    0.17659138    0.20617068    0.20315000    0.18983126    0.19003787    0.22010817    0.20464641    0.20182822    0.33321544    0.33568926    0.33921331    0.29315336    0.37217498
T0             0.23410618    0.02027306    0.00000000    0.15169971    0.26167752    0.17489383    0.17489383    0.17202608    0.16712794    0.18963373    0.16937966    0.17243492    0.19929165    0.19902584    0.18845010    0.18870296    0.21898101    0.20360668    0.20075625    0.33301136    0.33186440    0.33541360    0.28590998    0.36833861
T6             0.19322658    0.16105762    0.15169971    0.00000000    0.17489383    0.08771508    0.08771508    0.14392075    0.13917575    0.16091948    0.14593185    0.14869858    0.17695880    0.17411726    0.15427119    0.15927175    0.18524517    0.17311267    0.17043066    0.31350906    0.30921967    0.31257784    0.26537782    0.33921331
T21            0.32093150    0.26913840    0.26167752    0.17489383    0.00000000    0.21778334    0.21778334    0.24936406    0.24101118    0.26031108    0.26940684    0.26997674    0.31085688    0.31712764    0.27091370    0.25955669    0.31126937    0.28747703    0.29071545    0.40804403    0.40673272    0.41067378    0.34889438    0.41601798
T18            0.22096015    0.18442384    0.17489383    0.08771508    0.21778334    0.00000000    0.00401206    0.16640080    0.16152353    0.18390221    0.15862628    0.16152353    0.19828309    0.19025353    0.17715571    0.18005057    0.20130825    0.18896466    0.18346776    0.35474298    0.34993719    0.35356362    0.29969384    0.37712345
T14            0.22096015    0.18442384    0.17489383    0.08771508    0.21778334    0.00401206    0.00000000    0.16640080    0.16152353    0.18390221    0.15862628    0.16152353    0.19828309    0.19025353    0.17715571    0.18005057    0.20130825    0.18896466    0.18346776    0.35474298    0.34993719    0.35356362    0.29969384    0.37712345
T2             0.19855449    0.17890574    0.17202608    0.14392075    0.24936406    0.16640080    0.16640080    0.00000000    0.03073349    0.04972849    0.12936920    0.13183895    0.15984441    0.16005202    0.13009703    0.13243019    0.15743330    0.14057314    0.14313811    0.28541189    0.28213076    0.28541189    0.23269698    0.32189615
T10            0.19353769    0.17394500    0.16712794    0.13917575    0.24101118    0.16152353    0.16152353    0.03073349    0.00000000    0.04549389    0.12470930    0.12716691    0.16026795    0.15524089    0.12051440    0.12281979    0.14746608    0.13588509    0.13334620    0.27656821    0.26691477    0.27011189    0.22157587    0.30579474
T15            0.21381940    0.20215975    0.18963373    0.16091948    0.26031108    0.18390221    0.18390221    0.04972849    0.04549389    0.00000000    0.15109995    0.15364518    0.18253409    0.17736138    0.15187045    0.15427119    0.17736138    0.16799161    0.16533103    0.30918725    0.29907811    0.30242513    0.25172320    0.33023491
T5             0.18124624    0.17362697    0.16937966    0.14593185    0.26940684    0.15862628    0.15862628    0.12936920    0.12470930    0.15109995    0.00000000    0.02236465    0.08273354    0.08266370    0.09170055    0.09177699    0.12239111    0.09909402    0.09909402    0.26755504    0.26366972    0.26678689    0.24032425    0.32574643
T1             0.18674318    0.17659138    0.17243492    0.14869858    0.26997674    0.16152353    0.16152353    0.13183895    0.12716691    0.15364518    0.02236465    0.00000000    0.08963130    0.08954558    0.09401574    0.09409757    0.12484269    0.10384566    0.10146419    0.27388835    0.27308022    0.27625689    0.24331989    0.33374662
T11            0.20075625    0.20617068    0.19929165    0.17695880    0.31085688    0.19828309    0.19828309    0.15984441    0.16026795    0.18253409    0.08273354    0.08963130    0.00000000    0.02650485    0.11777794    0.11791654    0.15004426    0.12580605    0.12830680    0.29008224    0.28590998    0.28916960    0.26480827    0.35535191
T4             0.20614622    0.20315000    0.19902584    0.17411726    0.31712764    0.19025353    0.19025353    0.16005202    0.15524089    0.17736138    0.08266370    0.08954558    0.02650485    0.00000000    0.11522514    0.11535018    0.14727580    0.12812070    0.12562621    0.28635010    0.27904558    0.28225284    0.26755504    0.34746352
T8             0.18761045    0.18983126    0.18845010    0.15427119    0.27091370    0.17715571    0.17715571    0.13009703    0.12051440    0.15187045    0.09170055    0.09401574    0.11777794    0.11522514    0.00000000    0.00804333    0.04756848    0.03284780    0.03073349    0.27609505    0.27197316    0.27518051    0.23303472    0.32834025
T9             0.18791691    0.19003787    0.18870296    0.15927175    0.25955669    0.18005057    0.18005057    0.13243019    0.12281979    0.15427119    0.09177699    0.09409757    0.11791654    0.11535018    0.00804333    0.00000000    0.04760787    0.03289419    0.03077539    0.27656821    0.27241479    0.27563248    0.23338218    0.32889517
T3             0.20970152    0.22010817    0.21898101    0.18524517    0.31126937    0.20130825    0.20130825    0.15743330    0.14746608    0.17736138    0.12239111    0.12484269    0.15004426    0.14727580    0.04756848    0.04760787    0.00000000    0.03914417    0.03701181    0.31536725    0.31077572    0.31422690    0.26921770    0.35229369
T7             0.20318246    0.20464641    0.20360668    0.17311267    0.28747703    0.18896466    0.18896466    0.14057314    0.13588509    0.16799161    0.09909402    0.10384566    0.12580605    0.12812070    0.03284780    0.03289419    0.03914417    0.00000000    0.00603634    0.28799294    0.28361435    0.28692819    0.24360704    0.33780719
T19            0.20029067    0.20182822    0.20075625    0.17043066    0.29071545    0.18346776    0.18346776    0.14313811    0.13334620    0.16533103    0.09909402    0.10146419    0.12830680    0.12562621    0.03073349    0.03077539    0.03701181    0.00603634    0.00000000    0.29135139    0.28692819    0.29026417    0.24668593    0.34143381
T23            0.30214897    0.33321544    0.33301136    0.31350906    0.40804403    0.35474298    0.35474298    0.28541189    0.27656821    0.30918725    0.26755504    0.27388835    0.29008224    0.28635010    0.27609505    0.27656821    0.31536725    0.28799294    0.29135139    0.00000000    0.02450733    0.02660390    0.11625990    0.16556097
T20            0.29203955    0.33568926    0.33186440    0.30921967    0.40673272    0.34993719    0.34993719    0.28213076    0.26691477    0.29907811    0.26366972    0.27308022    0.28590998    0.27904558    0.27197316    0.27241479    0.31077572    0.28361435    0.28692819    0.02450733    0.00000000    0.00200402    0.10894077    0.16026795
T13            0.29538666    0.33921331    0.33541360    0.31257784    0.41067378    0.35356362    0.35356362    0.28541189    0.27011189    0.30242513    0.26678689    0.27625689    0.28916960    0.28225284    0.27518051    0.27563248    0.31422690    0.28692819    0.29026417    0.02660390    0.00200402    0.00000000    0.11136858    0.16290744
T17            0.24547444    0.29315336    0.28590998    0.26537782    0.34889438    0.29969384    0.29969384    0.23269698    0.22157587    0.25172320    0.24032425    0.24331989    0.26480827    0.26755504    0.23303472    0.23338218    0.26921770    0.24360704    0.24668593    0.11625990    0.10894077    0.11136858    0.00000000    0.15223670
T22            0.33360300    0.37217498    0.36833861    0.33921331    0.41601798    0.37712345    0.37712345    0.32189615    0.30579474    0.33023491    0.32574643    0.33374662    0.35535191    0.34746352    0.32834025    0.32889517    0.35229369    0.33780719    0.34143381    0.16556097    0.16026795    0.16290744    0.15223670    0.00000000

