24
T17            0.00000000    0.21878017    0.16630674    0.17401850    0.15370091    0.21638989    0.21143389    0.19057904    0.20093378    0.20560230    0.21820957    0.16833285    0.18164521    0.18432340    0.20070301    0.19287027    0.22208351    0.18284884    0.17633179    0.17093385    0.15102233    0.16419806    0.15400097    0.15078657
T21            0.21878017    0.00000000    0.17649550    0.17898140    0.15854372    0.23367035    0.23395170    0.20790583    0.21504881    0.23424313    0.24418345    0.19696101    0.21379007    0.21662068    0.25124850    0.22575159    0.25033563    0.20961871    0.21143389    0.21167752    0.17898140    0.20678779    0.19309636    0.19518291
T1             0.16630674    0.17649550    0.00000000    0.04977870    0.06305407    0.16437955    0.15933945    0.13231934    0.14665122    0.15657536    0.16233964    0.14383482    0.15416374    0.15674485    0.19106152    0.17028997    0.21274768    0.16541577    0.16194767    0.15916316    0.13672166    0.14715498    0.13717226    0.13423106
T18            0.17401850    0.17898140    0.04977870    0.00000000    0.06520685    0.16681996    0.16700844    0.13466266    0.14936551    0.15416374    0.16741133    0.14370665    0.15143986    0.15400097    0.18534079    0.17542566    0.21820957    0.16784864    0.16213939    0.15933945    0.13908456    0.15470259    0.14460024    0.14159399
T20            0.15370091    0.15854372    0.06305407    0.06520685    0.00000000    0.14159399    0.15451457    0.12025790    0.13188243    0.14889189    0.14972292    0.12186477    0.13672166    0.13922481    0.16985554    0.16012954    0.18262578    0.13733865    0.13423106    0.13410340    0.11253182    0.12735025    0.11768351    0.12218036
T9             0.21638989    0.23367035    0.16437955    0.16681996    0.14159399    0.00000000    0.16126661    0.12954178    0.14132547    0.16111794    0.15159596    0.18182327    0.19888297    0.20168208    0.22990020    0.21364997    0.23720018    0.21364997    0.19287027    0.19539820    0.16720557    0.19106152    0.18036571    0.17704041
T23            0.21143389    0.23395170    0.15933945    0.16700844    0.15451457    0.16126661    0.00000000    0.07396522    0.08725890    0.09853646    0.11768351    0.18241167    0.20423031    0.20705324    0.23550897    0.21108079    0.27136112    0.21108079    0.19863214    0.20117390    0.17456867    0.17862187    0.17296861    0.17456867
T13            0.19057904    0.20790583    0.13231934    0.13466266    0.12025790    0.12954178    0.07396522    0.00000000    0.05413806    0.06715602    0.08541631    0.15193337    0.16519145    0.16784864    0.18631664    0.17370680    0.22239269    0.17971781    0.17320605    0.17296861    0.14991404    0.16882570    0.15840394    0.15730411
T16            0.20093378    0.21504881    0.14665122    0.14936551    0.13188243    0.14132547    0.08725890    0.05413806    0.00000000    0.05434126    0.10362962    0.17230832    0.18332169    0.18605929    0.21364997    0.17836962    0.24224234    0.19272525    0.17836962    0.17812610    0.16233964    0.17888284    0.17100618    0.17251972
T15            0.20560230    0.23424313    0.15657536    0.15416374    0.14889189    0.16111794    0.09853646    0.06715602    0.05434126    0.00000000    0.11998859    0.18720880    0.20117390    0.20397291    0.22926305    0.21017533    0.25840764    0.21076959    0.19888297    0.19863214    0.17437641    0.18830884    0.18036571    0.18201038
T6             0.21820957    0.24418345    0.16233964    0.16741133    0.14972292    0.15159596    0.11768351    0.08541631    0.10362962    0.11998859    0.00000000    0.18830884    0.20535310    0.20820869    0.23693388    0.19185300    0.25414077    0.21241879    0.19409213    0.19382953    0.17006843    0.18135209    0.17075886    0.17230832
T0             0.16833285    0.19696101    0.14383482    0.14370665    0.12186477    0.18182327    0.18241167    0.15193337    0.17230832    0.18720880    0.18830884    0.00000000    0.12462206    0.12707583    0.14681086    0.12982858    0.17320605    0.13014718    0.12462206    0.12450289    0.11014869    0.12462206    0.11502969    0.12662294
T3             0.18164521    0.21379007    0.15416374    0.15143986    0.13672166    0.19888297    0.20423031    0.16519145    0.18332169    0.20117390    0.20535310    0.12462206    0.00000000    0.00200404    0.03497515    0.11193662    0.18935108    0.14299591    0.13969460    0.13952986    0.12474918    0.14222982    0.13231934    0.13908456
T14            0.18432340    0.21662068    0.15674485    0.15400097    0.13922481    0.20168208    0.20705324    0.16784864    0.18605929    0.20397291    0.20820869    0.12707583    0.00200404    0.00000000    0.03710817    0.11439697    0.19213481    0.14557072    0.14222982    0.14205858    0.12720906    0.14477804    0.13482265    0.14159399
T2             0.20070301    0.25124850    0.19106152    0.18534079    0.16985554    0.22990020    0.23550897    0.18631664    0.21364997    0.22926305    0.23693388    0.14681086    0.03497515    0.03710817    0.00000000    0.13150995    0.19997829    0.16081055    0.15771901    0.15750737    0.15211462    0.17052012    0.16012954    0.16700844
T5             0.19287027    0.22575159    0.17028997    0.17542566    0.16012954    0.21364997    0.21108079    0.17370680    0.17836962    0.21017533    0.19185300    0.12982858    0.11193662    0.11439697    0.13150995    0.00000000    0.20696450    0.15123306    0.14259668    0.14496401    0.14222982    0.15292268    0.13769554    0.14954007
T19            0.22208351    0.25033563    0.21274768    0.21820957    0.18262578    0.23720018    0.27136112    0.22239269    0.24224234    0.25840764    0.25414077    0.17320605    0.18935108    0.19213481    0.19997829    0.20696450    0.00000000    0.16639773    0.16012954    0.16519145    0.16945578    0.18059909    0.17542566    0.18511923
T10            0.18284884    0.20961871    0.16541577    0.16784864    0.13733865    0.21364997    0.21108079    0.17971781    0.19272525    0.21076959    0.21241879    0.13014718    0.14299591    0.14557072    0.16081055    0.15123306    0.16639773    0.00000000    0.10162360    0.10149417    0.12011935    0.13282811    0.12302451    0.13466266
T11            0.17633179    0.21143389    0.16194767    0.16213939    0.13423106    0.19287027    0.19863214    0.17320605    0.17836962    0.19888297    0.19409213    0.12462206    0.13969460    0.14222982    0.15771901    0.14259668    0.16012954    0.10162360    0.00000000    0.00805172    0.11502969    0.12749935    0.11781605    0.13188243
T4             0.17093385    0.21167752    0.15916316    0.15933945    0.13410340    0.19539820    0.20117390    0.17296861    0.17812610    0.19863214    0.19382953    0.12450289    0.13952986    0.14205858    0.15750737    0.14496401    0.16519145    0.10149417    0.00805172    0.00000000    0.11492644    0.12735025    0.11768351    0.13175288
T22            0.15102233    0.17898140    0.13672166    0.13908456    0.11253182    0.16720557    0.17456867    0.14991404    0.16233964    0.17437641    0.17006843    0.11014869    0.12474918    0.12720906    0.15211462    0.14222982    0.16945578    0.12011935    0.11502969    0.11492644    0.00000000    0.06512787    0.05633217    0.06488142
T12            0.16419806    0.20678779    0.14715498    0.15470259    0.12735025    0.19106152    0.17862187    0.16882570    0.17888284    0.18830884    0.18135209    0.12462206    0.14222982    0.14477804    0.17052012    0.15292268    0.18059909    0.13282811    0.12749935    0.12735025    0.06512787    0.00000000    0.02031534    0.04973410
T8             0.15400097    0.19309636    0.13717226    0.14460024    0.11768351    0.18036571    0.17296861    0.15840394    0.17100618    0.18036571    0.17075886    0.11502969    0.13231934    0.13482265    0.16012954    0.13769554    0.17542566    0.12302451    0.11781605    0.11768351    0.05633217    0.02031534    0.00000000    0.04117310
T7             0.15078657    0.19518291    0.13423106    0.14159399    0.12218036    0.17704041    0.17456867    0.15730411    0.17251972    0.18201038    0.17230832    0.12662294    0.13908456    0.14159399    0.16700844    0.14954007    0.18511923    0.13466266    0.13188243    0.13175288    0.06488142    0.04973410    0.04117310    0.00000000

