24
T12            0.00000000    0.30637550    0.27399266    0.30454729    0.29977115    0.42046062    0.39794272    0.39568757    0.33156420    0.34357058    0.37492445    0.35021178    0.34716610    0.34716610    0.37492445    0.26895289    0.26938846    0.26578077    0.26620615    0.25532235    0.25891156    0.25532235    0.29595144    0.29928259
T17            0.30637550    0.00000000    0.03489065    0.13935698    0.12255416    0.36195889    0.33192606    0.34856110    0.28576212    0.29145095    0.33349860    0.30077878    0.29789639    0.29789639    0.31650375    0.27323770    0.27364032    0.27007591    0.27046840    0.25329077    0.25677955    0.25329077    0.29048007    0.29373469
T1             0.27399266    0.03489065    0.00000000    0.13435213    0.11767186    0.36819286    0.32409651    0.34144760    0.27943935    0.28508794    0.32663084    0.29111059    0.28825927    0.28825927    0.30657870    0.26070934    0.26107220    0.25762593    0.25797916    0.24716142    0.25059294    0.24716142    0.27138718    0.27451888
T18            0.30454729    0.13935698    0.13435213    0.00000000    0.06082187    0.35724929    0.33952854    0.38196806    0.31356516    0.31356516    0.35983558    0.31573431    0.31279368    0.31279368    0.33605889    0.26242794    0.26275793    0.27173553    0.26585079    0.25797916    0.26144559    0.25797916    0.30607539    0.30941736
T9             0.29977115    0.12255416    0.11767186    0.06082187    0.00000000    0.37306574    0.34046250    0.36819286    0.29865396    0.30442644    0.34046250    0.30657870    0.30367285    0.30367285    0.32323219    0.26001531    0.26035703    0.26001531    0.25728319    0.25562388    0.25910159    0.25562388    0.30362828    0.30697036
T13            0.42046062    0.36195889    0.36819286    0.35724929    0.37306574    0.00000000    0.12996864    0.46670921    0.42307046    0.42982713    0.47384366    0.44552158    0.44206951    0.44206951    0.47822980    0.39341483    0.39405262    0.38956990    0.38256157    0.37492445    0.37557129    0.37492445    0.38778714    0.38778714
T21            0.39794272    0.33192606    0.32409651    0.33952854    0.34046250    0.12996864    0.00000000    0.48433395    0.43250232    0.43661701    0.47544354    0.44693125    0.44347707    0.44347707    0.47986889    0.38827143    0.38893597    0.38442622    0.37744406    0.36491330    0.36554408    0.36491330    0.39158780    0.39158780
T15            0.39568757    0.34856110    0.34144760    0.38196806    0.36819286    0.46670921    0.48433395    0.00000000    0.06952872    0.07826392    0.10374021    0.08717937    0.08495830    0.08495830    0.11261962    0.34713514    0.34777344    0.34589640    0.33926535    0.33810068    0.33511369    0.33810068    0.32750847    0.33454734
T3             0.33156420    0.28576212    0.27943935    0.31356516    0.29865396    0.42307046    0.43250232    0.06952872    0.00000000    0.01617914    0.05195139    0.04535587    0.04323809    0.04323809    0.07140724    0.28327926    0.28372404    0.28004549    0.27405373    0.27259126    0.26983460    0.27259126    0.27803876    0.28122058
T5             0.34357058    0.29145095    0.28508794    0.31356516    0.30442644    0.42982713    0.43661701    0.07826392    0.01617914    0.00000000    0.05403433    0.04961170    0.04748040    0.04748040    0.07579517    0.28565635    0.28608973    0.28242268    0.27641972    0.27491281    0.27214537    0.27491281    0.28685854    0.29008148
T2             0.37492445    0.33349860    0.32663084    0.35983558    0.34046250    0.47384366    0.47544354    0.10374021    0.05195139    0.05403433    0.00000000    0.08261080    0.08040015    0.08040015    0.11023128    0.32455002    0.32508609    0.32455002    0.31814519    0.32031132    0.31738741    0.32031132    0.32301435    0.32647246
T23            0.35021178    0.30077878    0.29111059    0.31573431    0.30657870    0.44552158    0.44693125    0.08717937    0.04535587    0.04961170    0.08261080    0.00000000    0.00200301    0.00200301    0.04757181    0.29174369    0.29218744    0.28847823    0.28242268    0.28092476    0.27813626    0.28092476    0.29618212    0.29292760
T11            0.34716610    0.29789639    0.28825927    0.31279368    0.30367285    0.44206951    0.44347707    0.08495830    0.04323809    0.04748040    0.08040015    0.00200301    0.00000000    0.00000000    0.04545573    0.28891118    0.28935529    0.28565635    0.27962222    0.27813626    0.27535846    0.27813626    0.29332544    0.29008148
T0             0.34716610    0.29789639    0.28825927    0.31279368    0.30367285    0.44206951    0.44347707    0.08495830    0.04323809    0.04748040    0.08040015    0.00200301    0.00000000    0.00000000    0.04545573    0.28891118    0.28935529    0.28565635    0.27962222    0.27813626    0.27535846    0.27813626    0.29332544    0.29008148
T6             0.37492445    0.31650375    0.30657870    0.33605889    0.32323219    0.47822980    0.47986889    0.11261962    0.07140724    0.07579517    0.11023128    0.04757181    0.04545573    0.04545573    0.00000000    0.31081154    0.31129978    0.30743539    0.30120511    0.29977115    0.29691733    0.29977115    0.31864059    0.31525323
T16            0.26895289    0.27323770    0.26070934    0.26242794    0.26001531    0.39341483    0.38827143    0.34713514    0.28327926    0.28565635    0.32455002    0.29174369    0.28891118    0.28891118    0.31081154    0.00000000    0.00401107    0.02233555    0.01822317    0.04124341    0.04549745    0.04124341    0.15414400    0.15672419
T20            0.26938846    0.27364032    0.26107220    0.26275793    0.26035703    0.39405262    0.38893597    0.34777344    0.28372404    0.28608973    0.32508609    0.29218744    0.28935529    0.28935529    0.31129978    0.00401107    0.00000000    0.02234734    0.01823272    0.04128905    0.04554582    0.04128905    0.15431459    0.15690152
T19            0.26578077    0.27007591    0.25762593    0.27173553    0.26001531    0.38956990    0.38442622    0.34589640    0.28004549    0.28242268    0.32455002    0.28847823    0.28565635    0.28565635    0.30743539    0.02233555    0.02234734    0.00000000    0.00401107    0.03910608    0.04334628    0.03910608    0.15157713    0.15414400
T4             0.26620615    0.27046840    0.25797916    0.26585079    0.25728319    0.38256157    0.37744406    0.33926535    0.27405373    0.27641972    0.31814519    0.28242268    0.27962222    0.27962222    0.30120511    0.01822317    0.01823272    0.00401107    0.00000000    0.03489065    0.03910608    0.03489065    0.14663356    0.14918075
T22            0.25532235    0.25329077    0.24716142    0.25797916    0.25562388    0.37492445    0.36491330    0.33810068    0.27259126    0.27491281    0.32031132    0.28092476    0.27813626    0.27813626    0.29977115    0.04124341    0.04128905    0.03910608    0.03489065    0.00000000    0.00401107    0.00000000    0.14989295    0.15248000
T7             0.25891156    0.25677955    0.25059294    0.26144559    0.25910159    0.37557129    0.36554408    0.33511369    0.26983460    0.27214537    0.31738741    0.27813626    0.27535846    0.27535846    0.29691733    0.04549745    0.04554582    0.04334628    0.03910608    0.00401107    0.00000000    0.00401107    0.15009160    0.15268543
T8             0.25532235    0.25329077    0.24716142    0.25797916    0.25562388    0.37492445    0.36491330    0.33810068    0.27259126    0.27491281    0.32031132    0.28092476    0.27813626    0.27813626    0.29977115    0.04124341    0.04128905    0.03910608    0.03489065    0.00000000    0.00401107    0.00000000    0.14989295    0.15248000
T10            0.29595144    0.29048007    0.27138718    0.30607539    0.30362828    0.38778714    0.39158780    0.32750847    0.27803876    0.28685854    0.32301435    0.29618212    0.29332544    0.29332544    0.31864059    0.15414400    0.15431459    0.15157713    0.14663356    0.14989295    0.15009160    0.14989295    0.00000000    0.01007295
T14            0.29928259    0.29373469    0.27451888    0.30941736    0.30697036    0.38778714    0.39158780    0.33454734    0.28122058    0.29008148    0.32647246    0.29292760    0.29008148    0.29008148    0.31525323    0.15672419    0.15690152    0.15414400    0.14918075    0.15248000    0.15268543    0.15248000    0.01007295    0.00000000

