24
T9             0.00000000    0.31355804    0.30913589    0.31501070    0.31206723    0.30913589    0.30432866    0.31077217    0.28050117    0.27812316    0.24914188    0.22951961    0.24076128    0.23361932    0.21967180    0.22516388    0.20501135    0.21586752    0.16717807    0.17048774    0.18487531    0.20700886    0.18304597    0.17416704
T18            0.31355804    0.00000000    0.04338977    0.09888802    0.16828676    0.15528915    0.16252020    0.16738272    0.13767431    0.36863545    0.31437622    0.27600820    0.26584414    0.31355804    0.30114410    0.30732336    0.27879921    0.28441398    0.24848274    0.26417570    0.28894777    0.31032226    0.26275173    0.25057077
T21            0.30913589    0.04338977    0.00000000    0.09411147    0.16010155    0.14731655    0.15708468    0.16192272    0.13246275    0.38959008    0.32662223    0.28046772    0.27040374    0.32662223    0.31396109    0.32026274    0.29372492    0.29944876    0.26584414    0.27561781    0.29752986    0.31569385    0.26794236    0.26485967
T7             0.31501070    0.09888802    0.09411147    0.00000000    0.15791007    0.15029487    0.14713310    0.14934441    0.12038911    0.38059031    0.32241116    0.27040374    0.27288981    0.30732336    0.29501923    0.30114410    0.28402587    0.28328322    0.26275173    0.26619383    0.28162381    0.31663223    0.26860719    0.25875097
T23            0.31206723    0.16828676    0.16010155    0.15791007    0.00000000    0.01829899    0.11283610    0.11501892    0.09187433    0.40213589    0.33490838    0.28328322    0.27630361    0.31355804    0.30114410    0.30077299    0.27803089    0.29007304    0.24786491    0.24816865    0.27880207    0.29617337    0.25601371    0.25904944
T10            0.30913589    0.15528915    0.14731655    0.15029487    0.01829899    0.00000000    0.10577387    0.10794726    0.08503368    0.39098720    0.32499846    0.27416564    0.26732113    0.30732336    0.29501923    0.29465767    0.27208719    0.28402587    0.24218801    0.24248400    0.27288981    0.29331645    0.25027876    0.25328701
T16            0.30432866    0.16252020    0.15708468    0.14713310    0.11283610    0.10577387    0.00000000    0.01823272    0.04535614    0.36874119    0.32128489    0.26952565    0.25792001    0.29909494    0.28700663    0.28672359    0.26732113    0.27911274    0.23794235    0.24110676    0.26249501    0.28258554    0.24310261    0.25492103
T14            0.31077217    0.16738272    0.16192272    0.14934441    0.11501892    0.10794726    0.01823272    0.00000000    0.04747498    0.37502990    0.32725566    0.27512270    0.26343606    0.30490941    0.29273342    0.29245389    0.27288981    0.28476461    0.24332438    0.24650247    0.26507195    0.28825469    0.24853029    0.26041898
T2             0.28050117    0.13767431    0.13246275    0.12038911    0.09187433    0.08503368    0.04535614    0.04747498    0.00000000    0.34603732    0.29364282    0.24086227    0.23750172    0.27540106    0.26369892    0.26343606    0.23868082    0.24999724    0.20497321    0.21352919    0.23710275    0.25572451    0.21553046    0.22684579
T5             0.27812316    0.36863545    0.38959008    0.38059031    0.40213589    0.39098720    0.36874119    0.37502990    0.34603732    0.00000000    0.12070342    0.17967521    0.18185650    0.29357142    0.28136704    0.28744211    0.25889764    0.27723190    0.23276480    0.22713728    0.23613619    0.26799747    0.22935655    0.21973898
T4             0.24914188    0.31437622    0.32662223    0.32241116    0.33490838    0.32499846    0.32128489    0.32725566    0.29364282    0.12070342    0.00000000    0.14513445    0.14220921    0.24248400    0.23125128    0.23389902    0.21586752    0.23280519    0.19153908    0.19181046    0.20089572    0.22427993    0.19405075    0.18851795
T8             0.22951961    0.27600820    0.28046772    0.27040374    0.28328322    0.27416564    0.26952565    0.27512270    0.24086227    0.17967521    0.14513445    0.00000000    0.03914691    0.19306047    0.18259344    0.18780756    0.16538504    0.18105509    0.14061504    0.14554496    0.16211339    0.15727850    0.13246275    0.15209142
T15            0.24076128    0.26584414    0.27040374    0.27288981    0.27630361    0.26732113    0.25792001    0.26343606    0.23750172    0.18185650    0.14220921    0.03914691    0.00000000    0.20190635    0.19127666    0.19657139    0.18105509    0.19711847    0.16054487    0.16077905    0.17763351    0.17858491    0.14989001    0.16474108
T17            0.23361932    0.31355804    0.32662223    0.30732336    0.31355804    0.30732336    0.29909494    0.30490941    0.27540106    0.29357142    0.24248400    0.19306047    0.20190635    0.00000000    0.01007294    0.01414134    0.11564825    0.12269657    0.13767431    0.13029939    0.14917910    0.18080541    0.13749278    0.15173920
T13            0.21967180    0.30114410    0.31396109    0.29501923    0.30114410    0.29501923    0.28700663    0.29273342    0.26369892    0.28136704    0.23125128    0.18259344    0.19127666    0.01007294    0.00000000    0.00401107    0.10626020    0.11321910    0.12548519    0.11824424    0.13684690    0.16781769    0.13029939    0.14441080
T0             0.22516388    0.30732336    0.32026274    0.30114410    0.30077299    0.29465767    0.28672359    0.29245389    0.26343606    0.28744211    0.23389902    0.18780756    0.19657139    0.01414134    0.00401107    0.00000000    0.11093876    0.11794207    0.13029939    0.12300767    0.13670561    0.16759593    0.13012910    0.14934441
T20            0.20501135    0.27879921    0.29372492    0.28402587    0.27803089    0.27208719    0.26732113    0.27288981    0.23868082    0.25889764    0.21586752    0.16538504    0.18105509    0.11564825    0.10626020    0.11093876    0.00000000    0.02034133    0.10947143    0.10478415    0.12763924    0.14882841    0.11418995    0.12054242
T3             0.21586752    0.28441398    0.29944876    0.28328322    0.29007304    0.28402587    0.27911274    0.28476461    0.24999724    0.27723190    0.23280519    0.18105509    0.19711847    0.12269657    0.11321910    0.11794207    0.02034133    0.00000000    0.11894013    0.11418995    0.13731925    0.15886826    0.12372243    0.13012910
T6             0.16717807    0.24848274    0.26584414    0.26275173    0.24786491    0.24218801    0.23794235    0.24332438    0.20497321    0.23276480    0.19153908    0.14061504    0.16054487    0.13767431    0.12548519    0.13029939    0.10947143    0.11894013    0.00000000    0.04363003    0.07841928    0.09726578    0.06537996    0.09936561
T22            0.17048774    0.26417570    0.27561781    0.26619383    0.24816865    0.24248400    0.24110676    0.24650247    0.21352919    0.22713728    0.19181046    0.14554496    0.16077905    0.13029939    0.11824424    0.12300767    0.10478415    0.11418995    0.04363003    0.00000000    0.08079737    0.09503535    0.06323074    0.09950343
T11            0.18487531    0.28894777    0.29752986    0.28162381    0.27880207    0.27288981    0.26249501    0.26507195    0.23710275    0.23613619    0.20089572    0.16211339    0.17763351    0.14917910    0.13684690    0.13670561    0.12763924    0.13731925    0.07841928    0.08079737    0.00000000    0.10114161    0.06932462    0.11743029
T1             0.20700886    0.31032226    0.31569385    0.31663223    0.29617337    0.29331645    0.28258554    0.28825469    0.25572451    0.26799747    0.22427993    0.15727850    0.17858491    0.18080541    0.16781769    0.16759593    0.14882841    0.15886826    0.09726578    0.09503535    0.10114161    0.00000000    0.04777042    0.13246275
T19            0.18304597    0.26275173    0.26794236    0.26860719    0.25601371    0.25027876    0.24310261    0.24853029    0.21553046    0.22935655    0.19405075    0.13246275    0.14989001    0.13749278    0.13029939    0.13012910    0.11418995    0.12372243    0.06537996    0.06323074    0.06932462    0.04777042    0.00000000    0.10612734
T12            0.17416704    0.25057077    0.26485967    0.25875097    0.25904944    0.25328701    0.25492103    0.26041898    0.22684579    0.21973898    0.18851795    0.15209142    0.16474108    0.15173920    0.14441080    0.14934441    0.12054242    0.13012910    0.09936561    0.09950343    0.11743029    0.13246275    0.10612734    0.00000000

