24
T21            0.00000000    0.25849604    0.24644856    0.27451788    0.26531106    0.26531106    0.27174214    0.26539590    0.25680802    0.27049825    0.27408531    0.29991277    0.29646740    0.30605411    0.29128191    0.27862743    0.28896144    0.27584950    0.23652874    0.23652874    0.17074182    0.17074182    0.23806865    0.18656234
T22            0.25849604    0.00000000    0.02656647    0.09924039    0.09699949    0.09228964    0.19307717    0.18219016    0.17950526    0.18970632    0.18532286    0.21117813    0.19331194    0.20933159    0.20192742    0.21137396    0.23240226    0.20248996    0.18381027    0.18381027    0.17124395    0.16055990    0.24506758    0.18160057
T14            0.24644856    0.02656647    0.00000000    0.10655520    0.10429879    0.09950947    0.19607907    0.18510175    0.18239488    0.19263510    0.18283115    0.20859779    0.19129586    0.21301333    0.19995469    0.20594397    0.22678200    0.19772554    0.17368851    0.17368851    0.16880781    0.15815223    0.23626024    0.17913267
T17            0.27451788    0.09924039    0.10655520    0.00000000    0.07881962    0.07652438    0.20248996    0.19407085    0.18579193    0.19331194    0.19183140    0.22368687    0.21718347    0.21910577    0.21170310    0.21274615    0.23101465    0.20087019    0.18216265    0.18216265    0.16103801    0.15623571    0.24285986    0.18493021
T16            0.26531106    0.09699949    0.10429879    0.07881962    0.00000000    0.02653315    0.20278502    0.19211261    0.19714040    0.20758784    0.20055595    0.22692238    0.21752974    0.22531034    0.21788538    0.19934592    0.22538634    0.20119347    0.17695210    0.17695210    0.17264774    0.16779343    0.25274957    0.19082960
T20            0.26531106    0.09228964    0.09950947    0.07652438    0.02653315    0.00000000    0.20278502    0.19211261    0.19155914    0.20192742    0.19491115    0.22107928    0.21460788    0.22531034    0.21204153    0.19583224    0.21643574    0.19551627    0.17150778    0.17150778    0.16720309    0.16237827    0.24740753    0.18586174
T3             0.27174214    0.19307717    0.19607907    0.20248996    0.20278502    0.20278502    0.00000000    0.01415502    0.06305176    0.07842201    0.12501906    0.15174901    0.21995007    0.23953698    0.23482574    0.23054479    0.24604023    0.20192742    0.19155914    0.19155914    0.18283115    0.17518175    0.23352776    0.19104158
T13            0.26539590    0.18219016    0.18510175    0.19407085    0.19211261    0.19211261    0.01415502    0.00000000    0.05639631    0.07163060    0.11767664    0.14410622    0.21141165    0.23072141    0.22600959    0.22463202    0.23992743    0.20758784    0.19155914    0.19155914    0.17518175    0.16496088    0.23054479    0.18283115
T18            0.25680802    0.17950526    0.18239488    0.18579193    0.19714040    0.19155914    0.06305176    0.05639631    0.00000000    0.02647156    0.11767664    0.14382543    0.20859779    0.22781728    0.22310528    0.22170179    0.23089688    0.19355582    0.18058116    0.18058116    0.16984035    0.15450221    0.22531034    0.17787413
T15            0.27049825    0.18970632    0.19263510    0.19331194    0.20758784    0.20192742    0.07842201    0.07163060    0.02647156    0.00000000    0.12706814    0.15355320    0.21920531    0.23870305    0.22808082    0.23020245    0.24183780    0.21190745    0.19307717    0.19307717    0.17229292    0.15951113    0.23616835    0.18805206
T9             0.27408531    0.18532286    0.18283115    0.19183140    0.20055595    0.19491115    0.12501906    0.11767664    0.11767664    0.12706814    0.00000000    0.09644730    0.21761618    0.22835430    0.22660835    0.23125869    0.23464041    0.22202744    0.19995469    0.19995469    0.18107335    0.16232551    0.24258558    0.19155914
T4             0.29991277    0.21117813    0.20859779    0.22368687    0.22692238    0.22107928    0.15174901    0.14410622    0.14382543    0.15355320    0.09644730    0.00000000    0.23630167    0.27107603    0.24789155    0.26499086    0.26307450    0.24917322    0.22630408    0.22630408    0.20115287    0.19011496    0.25493045    0.21475362
T0             0.29646740    0.19331194    0.19129586    0.21718347    0.21752974    0.21460788    0.21995007    0.21141165    0.20859779    0.21920531    0.21761618    0.23630167    0.00000000    0.10867236    0.09463899    0.22566391    0.22602705    0.20278502    0.18407711    0.18407711    0.19462205    0.18629666    0.26712137    0.21331345
T11            0.30605411    0.20933159    0.21301333    0.21910577    0.22531034    0.22531034    0.23953698    0.23072141    0.22781728    0.23870305    0.22835430    0.27107603    0.10867236    0.00000000    0.10400662    0.23652874    0.23689898    0.21620118    0.19995469    0.19995469    0.19659151    0.18828968    0.26581149    0.21530406
T19            0.29128191    0.20192742    0.19995469    0.21170310    0.21788538    0.21204153    0.23482574    0.22600959    0.22310528    0.22808082    0.22660835    0.24789155    0.09463899    0.10400662    0.00000000    0.22602705    0.22939195    0.20881519    0.18712020    0.18712020    0.19714040    0.18107335    0.25579036    0.21362299
T1             0.27862743    0.21137396    0.20594397    0.21274615    0.19934592    0.19583224    0.23054479    0.22463202    0.22170179    0.23020245    0.23125869    0.26499086    0.22566391    0.23652874    0.22602705    0.00000000    0.05885756    0.11322553    0.09451942    0.09451942    0.17368851    0.16563244    0.25400079    0.20025078
T6             0.28896144    0.23240226    0.22678200    0.23101465    0.22538634    0.21643574    0.24604023    0.23992743    0.23089688    0.24183780    0.23464041    0.26307450    0.22602705    0.23689898    0.22939195    0.05885756    0.00000000    0.12816460    0.10414900    0.10414900    0.19051198    0.18216265    0.27382233    0.21204153
T2             0.27584950    0.20248996    0.19772554    0.20087019    0.20119347    0.19551627    0.20192742    0.20758784    0.19355582    0.21190745    0.22202744    0.24917322    0.20278502    0.21620118    0.20881519    0.11322553    0.12816460    0.00000000    0.04771192    0.04771192    0.16496088    0.16011518    0.23503080    0.18879184
T12            0.23652874    0.18381027    0.17368851    0.18216265    0.17695210    0.17150778    0.19155914    0.19155914    0.18058116    0.19307717    0.19995469    0.22630408    0.18407711    0.19995469    0.18712020    0.09451942    0.10414900    0.04771192    0.00000000    0.00000000    0.14476676    0.13750265    0.21825038    0.16253384
T23            0.23652874    0.18381027    0.17368851    0.18216265    0.17695210    0.17150778    0.19155914    0.19155914    0.18058116    0.19307717    0.19995469    0.22630408    0.18407711    0.19995469    0.18712020    0.09451942    0.10414900    0.04771192    0.00000000    0.00000000    0.14476676    0.13750265    0.21825038    0.16253384
T5             0.17074182    0.17124395    0.16880781    0.16103801    0.17264774    0.16720309    0.18283115    0.17518175    0.16984035    0.17229292    0.18107335    0.20115287    0.19462205    0.19659151    0.19714040    0.17368851    0.19051198    0.16496088    0.14476676    0.14476676    0.00000000    0.04765874    0.12566787    0.08520986
T7             0.17074182    0.16055990    0.15815223    0.15623571    0.16779343    0.16237827    0.17518175    0.16496088    0.15450221    0.15951113    0.16232551    0.19011496    0.18629666    0.18828968    0.18107335    0.16563244    0.18216265    0.16011518    0.13750265    0.13750265    0.04765874    0.00000000    0.11858577    0.07607143
T10            0.23806865    0.24506758    0.23626024    0.24285986    0.25274957    0.24740753    0.23352776    0.23054479    0.22531034    0.23616835    0.24258558    0.25493045    0.26712137    0.26581149    0.25579036    0.25400079    0.27382233    0.23503080    0.21825038    0.21825038    0.12566787    0.11858577    0.00000000    0.07623142
T8             0.18656234    0.18160057    0.17913267    0.18493021    0.19082960    0.18586174    0.19104158    0.18283115    0.17787413    0.18805206    0.19155914    0.21475362    0.21331345    0.21530406    0.21362299    0.20025078    0.21204153    0.18879184    0.16253384    0.16253384    0.08520986    0.07607143    0.07623142    0.00000000

