24
T21            0.00000000    0.19893812    0.19860689    0.19927824    0.21745559    0.21745559    0.22669738    0.21677628    0.21523572    0.24594537    0.24022596    0.24639920    0.24175261    0.24006838    0.24274158    0.23539968    0.29735403    0.30642408    0.27079623    0.18458431    0.15505700    0.04334479    0.06296584    0.06519871
T16            0.19893812    0.00000000    0.04133948    0.03930735    0.06282582    0.06282582    0.06081821    0.07841455    0.07423161    0.17514153    0.18128480    0.17492451    0.16779399    0.30641968    0.30591037    0.30173176    0.33200286    0.34879483    0.31090411    0.24463483    0.21418273    0.17993842    0.19927824    0.20214721
T5             0.19860689    0.04133948    0.00000000    0.03497259    0.06276612    0.06276612    0.06074293    0.08520099    0.07413268    0.17492451    0.17023465    0.17471620    0.17291089    0.31272620    0.31220506    0.30801630    0.34576141    0.36293670    0.32427827    0.24415019    0.21674520    0.18517603    0.20179883    0.20467606
T20            0.19927824    0.03930735    0.03497259    0.00000000    0.05190010    0.05190010    0.04988340    0.08309193    0.07205865    0.17268380    0.17339081    0.17246533    0.17070007    0.30354411    0.30303492    0.30569442    0.34335002    0.36050203    0.32193481    0.24828929    0.21458337    0.18580233    0.19962724    0.20250452
T3             0.21745559    0.06282582    0.06276612    0.05190010    0.00000000    0.00000000    0.03481386    0.10803931    0.08963846    0.17679847    0.18550811    0.20063458    0.19880994    0.33742051    0.33687364    0.33257357    0.36415289    0.37414123    0.34576141    0.27974753    0.24762885    0.20587991    0.22594669    0.22892699
T12            0.21745559    0.06282582    0.06276612    0.05190010    0.00000000    0.00000000    0.03481386    0.10803931    0.08963846    0.17679847    0.18550811    0.20063458    0.19880994    0.33742051    0.33687364    0.33257357    0.36415289    0.37414123    0.34576141    0.27974753    0.24762885    0.20587991    0.22594669    0.22892699
T23            0.22669738    0.06081821    0.06074293    0.04988340    0.03481386    0.03481386    0.00000000    0.10599315    0.08529811    0.19051417    0.19680735    0.19856102    0.19680735    0.33555642    0.33498522    0.33077948    0.36603659    0.37607280    0.34763002    0.27808874    0.24586512    0.20686672    0.22708694    0.23009431
T4             0.21677628    0.07841455    0.08520099    0.08309193    0.10803931    0.10803931    0.10599315    0.00000000    0.08290123    0.18756095    0.19375825    0.18464649    0.18278814    0.33036388    0.33334541    0.33257357    0.33387970    0.33987992    0.31616939    0.24452797    0.21453636    0.19737127    0.21420059    0.21711126
T18            0.21523572    0.07423161    0.07413268    0.07205865    0.08963846    0.08963846    0.08529811    0.08290123    0.00000000    0.18527930    0.19766674    0.19326411    0.19150773    0.32903259    0.33200286    0.32427827    0.34098666    0.35797103    0.32664405    0.24947052    0.21892600    0.19577063    0.21267139    0.21559927
T6             0.24594537    0.17514153    0.17492451    0.17268380    0.17679847    0.17679847    0.19051417    0.18756095    0.18527930    0.00000000    0.12704958    0.19880994    0.19653893    0.39727879    0.40051971    0.38589833    0.41032875    0.42100072    0.39083929    0.33989812    0.31145965    0.23081702    0.24554933    0.24862138
T2             0.24022596    0.18128480    0.17023465    0.17339081    0.18550811    0.18550811    0.19680735    0.19375825    0.19766674    0.12704958    0.00000000    0.17986890    0.18574582    0.39550418    0.39873404    0.38272388    0.41821867    0.42906152    0.40262191    0.30971574    0.28272096    0.22594669    0.23455344    0.23757895
T17            0.24639920    0.17492451    0.17471620    0.17246533    0.20063458    0.20063458    0.19856102    0.18464649    0.19326411    0.19880994    0.17986890    0.00000000    0.08502834    0.35046446    0.35353419    0.34184184    0.37490527    0.38501298    0.36726347    0.30406466    0.27439826    0.23805093    0.24674432    0.24978806
T1             0.24175261    0.16779399    0.17291089    0.17070007    0.19880994    0.19880994    0.19680735    0.18278814    0.19150773    0.19653893    0.18574582    0.08502834    0.00000000    0.34400594    0.34703774    0.33442631    0.34791684    0.35764748    0.34042703    0.30053891    0.27067290    0.23344711    0.24211940    0.23909401
T15            0.24006838    0.30641968    0.31272620    0.30354411    0.33742051    0.33742051    0.33555642    0.33036388    0.32903259    0.39727879    0.39550418    0.35046446    0.34400594    0.00000000    0.00200301    0.03694705    0.27079623    0.28926785    0.24746491    0.26845157    0.24674432    0.22594332    0.24639920    0.24943364
T10            0.24274158    0.30591037    0.31220506    0.30303492    0.33687364    0.33687364    0.33498522    0.33334541    0.33200286    0.40051971    0.39873404    0.35353419    0.34703774    0.00200301    0.00000000    0.03904276    0.27356417    0.29209912    0.25015265    0.27120843    0.24943364    0.22857064    0.24371905    0.24674432
T0             0.23539968    0.30173176    0.30801630    0.30569442    0.33257357    0.33257357    0.33077948    0.33257357    0.32427827    0.38589833    0.38272388    0.34184184    0.33442631    0.03694705    0.03904276    0.00000000    0.26382756    0.27572962    0.23455344    0.27020764    0.24211940    0.21841551    0.24175261    0.24478718
T9             0.29735403    0.33200286    0.34576141    0.34335002    0.36415289    0.36415289    0.36603659    0.33387970    0.34098666    0.41032875    0.41821867    0.37490527    0.34791684    0.27079623    0.27356417    0.26382756    0.00000000    0.01620830    0.06081821    0.33257357    0.29165725    0.27239365    0.28797451    0.29122658
T7             0.30642408    0.34879483    0.36293670    0.36050203    0.37414123    0.37414123    0.37607280    0.33987992    0.35797103    0.42100072    0.42906152    0.38501298    0.35764748    0.28926785    0.29209912    0.27572962    0.01620830    0.00000000    0.07413268    0.35677580    0.30733850    0.28114534    0.29692434    0.30021936
T8             0.27079623    0.31090411    0.32427827    0.32193481    0.34576141    0.34576141    0.34763002    0.31616939    0.32664405    0.39083929    0.40262191    0.36726347    0.34042703    0.24746491    0.25015265    0.23455344    0.06081821    0.07413268    0.00000000    0.31145965    0.27163126    0.25285050    0.27439826    0.27760865
T13            0.18458431    0.24463483    0.24415019    0.24828929    0.27974753    0.27974753    0.27808874    0.24452797    0.24947052    0.33989812    0.30971574    0.30406466    0.30053891    0.26845157    0.27120843    0.27020764    0.33257357    0.35677580    0.31145965    0.00000000    0.07228062    0.17146194    0.17936019    0.17662509
T11            0.15505700    0.21418273    0.21674520    0.21458337    0.24762885    0.24762885    0.24586512    0.21453636    0.21892600    0.31145965    0.28272096    0.27439826    0.27067290    0.24674432    0.24943364    0.24211940    0.29165725    0.30733850    0.27163126    0.07228062    0.00000000    0.14511661    0.15788854    0.16052244
T14            0.04334479    0.17993842    0.18517603    0.18580233    0.20587991    0.20587991    0.20686672    0.19737127    0.19577063    0.23081702    0.22594669    0.23805093    0.23344711    0.22594332    0.22857064    0.21841551    0.27239365    0.28114534    0.25285050    0.17146194    0.14511661    0.00000000    0.04124198    0.04338833
T22            0.06296584    0.19927824    0.20179883    0.19962724    0.22594669    0.22594669    0.22708694    0.21420059    0.21267139    0.24554933    0.23455344    0.24674432    0.24211940    0.24639920    0.24371905    0.24175261    0.28797451    0.29692434    0.27439826    0.17936019    0.15788854    0.04124198    0.00000000    0.00200402
T19            0.06519871    0.20214721    0.20467606    0.20250452    0.22892699    0.22892699    0.23009431    0.21711126    0.21559927    0.24862138    0.23757895    0.24978806    0.23909401    0.24943364    0.24674432    0.24478718    0.29122658    0.30021936    0.27760865    0.17662509    0.16052244    0.04338833    0.00200402    0.00000000

