24
T15            0.00000000    0.29574598    0.32051257    0.27558983    0.28238175    0.28478312    0.32543281    0.30074205    0.28478312    0.29923221    0.32557198    0.27877034    0.26453160    0.29169951    0.29654890    0.28930991    0.29043996    0.28843561    0.28478312    0.23542655    0.24445051    0.24142432    0.33138609    0.33091315
T1             0.29574598    0.00000000    0.17473012    0.16139373    0.16941962    0.18236939    0.19282323    0.18854852    0.15865797    0.17988368    0.21785485    0.15880747    0.14157052    0.16399349    0.17911578    0.17226909    0.17104401    0.16627581    0.17135002    0.23653762    0.25148693    0.23123274    0.31533065    0.32090079
T19            0.32051257    0.17473012    0.00000000    0.14394758    0.14157052    0.15397288    0.18988003    0.17337995    0.15141316    0.15930724    0.20216685    0.13669969    0.12952151    0.15156819    0.16383047    0.15156819    0.16139373    0.15156819    0.15141316    0.22626038    0.23743196    0.22626038    0.30654172    0.29970096
T6             0.27558983    0.16139373    0.14394758    0.00000000    0.02859809    0.03910549    0.10839204    0.09613481    0.07860113    0.10135848    0.14512658    0.13434514    0.11766613    0.14187002    0.15913214    0.13684082    0.15413454    0.13934907    0.13920162    0.20754880    0.22197990    0.19963072    0.28190675    0.27791357
T22            0.28238175    0.16941962    0.14157052    0.02859809    0.00000000    0.02242047    0.11550239    0.10305707    0.08540574    0.10625609    0.15310753    0.14203201    0.12515626    0.14969201    0.16716846    0.14969201    0.16473163    0.14969201    0.15466981    0.21874445    0.23347420    0.21070156    0.28538694    0.28130046
T5             0.28478312    0.18236939    0.15397288    0.03910549    0.02242047    0.00000000    0.12747744    0.11473063    0.09686606    0.11564348    0.16318330    0.15190334    0.13479797    0.15968284    0.17740676    0.15707615    0.17493858    0.15968284    0.15949082    0.22982142    0.24481697    0.22165575    0.30074205    0.29649021
T13            0.32543281    0.19282323    0.18988003    0.10839204    0.11550239    0.12747744    0.00000000    0.04749273    0.06547723    0.12241170    0.17292501    0.15865797    0.15413454    0.17967834    0.19008789    0.17169136    0.18988003    0.17433948    0.17948190    0.25487403    0.26414958    0.24642844    0.31569560    0.31793321
T21            0.30074205    0.18854852    0.17337995    0.09613481    0.10305707    0.11473063    0.04749273    0.00000000    0.05621742    0.11242959    0.15654583    0.15298581    0.14335304    0.16830473    0.18615655    0.16314589    0.17337995    0.15826112    0.16326529    0.23599181    0.24188260    0.22489311    0.28642655    0.29504396
T17            0.28478312    0.15865797    0.15141316    0.07860113    0.08540574    0.09686606    0.06547723    0.05621742    0.00000000    0.09910860    0.14020761    0.13173324    0.12241170    0.14678371    0.16416515    0.13920162    0.16173195    0.14171618    0.14662514    0.21814184    0.22687574    0.21011130    0.29823144    0.29394070
T7             0.29923221    0.17988368    0.15930724    0.10135848    0.10625609    0.11564348    0.12241170    0.11242959    0.09910860    0.00000000    0.12602191    0.14187002    0.13245655    0.15208340    0.17226909    0.14951035    0.17740676    0.16210433    0.16716846    0.22656320    0.23245453    0.22719799    0.29785979    0.29043447
T23            0.32557198    0.21785485    0.20216685    0.14512658    0.15310753    0.16318330    0.17292501    0.15654583    0.14020761    0.12602191    0.00000000    0.19403680    0.18130078    0.20245142    0.21555242    0.19682590    0.19604719    0.18576201    0.19101012    0.26767215    0.27721443    0.25906568    0.33045268    0.32574938
T4             0.27877034    0.15880747    0.13669969    0.13434514    0.14203201    0.15190334    0.15865797    0.15298581    0.13173324    0.14187002    0.19403680    0.00000000    0.04757113    0.06932321    0.08717703    0.08061485    0.12241170    0.11283202    0.11754218    0.21213275    0.22656320    0.20417297    0.28190675    0.27483192
T12            0.26453160    0.14157052    0.12952151    0.11766613    0.12515626    0.13479797    0.15413454    0.14335304    0.12241170    0.13245655    0.18130078    0.04757113    0.00000000    0.05846782    0.07156115    0.06512215    0.10839204    0.09899302    0.10361576    0.19076600    0.20471209    0.18576201    0.26452983    0.25764370
T11            0.29169951    0.16399349    0.15156819    0.14187002    0.14969201    0.15968284    0.17967834    0.16830473    0.14678371    0.15208340    0.20245142    0.06932321    0.05846782    0.00000000    0.05190124    0.08520419    0.13229594    0.12254762    0.12732930    0.20929617    0.22656320    0.20699355    0.28572852    0.28473793
T3             0.29654890    0.17911578    0.16383047    0.15913214    0.16716846    0.17740676    0.19008789    0.18615655    0.16416515    0.17226909    0.21555242    0.08717703    0.07156115    0.05190124    0.00000000    0.10350376    0.15190334    0.14187002    0.14678371    0.21680294    0.23123274    0.21445686    0.29649021    0.29242707
T14            0.28930991    0.17226909    0.15156819    0.13684082    0.14969201    0.15707615    0.17169136    0.16314589    0.13920162    0.14951035    0.19682590    0.08061485    0.06512215    0.08520419    0.10350376    0.00000000    0.13229594    0.12254762    0.13229594    0.20417297    0.21555242    0.19126323    0.27627808    0.27229494
T18            0.29043996    0.17104401    0.16139373    0.15413454    0.16473163    0.17493858    0.18988003    0.17337995    0.16173195    0.17740676    0.19604719    0.12241170    0.10839204    0.13229594    0.15190334    0.13229594    0.00000000    0.03289621    0.03710587    0.23509741    0.25634824    0.22982142    0.29749982    0.29330002
T9             0.28843561    0.16627581    0.15156819    0.13934907    0.14969201    0.15968284    0.17433948    0.15826112    0.14171618    0.16210433    0.18576201    0.11283202    0.09899302    0.12254762    0.14187002    0.12254762    0.03289621    0.00000000    0.01212524    0.22426097    0.24519346    0.21906003    0.28255840    0.27847758
T16            0.28478312    0.17135002    0.15141316    0.13920162    0.15466981    0.15949082    0.17948190    0.16326529    0.14662514    0.16716846    0.19101012    0.11754218    0.10361576    0.12732930    0.14678371    0.13229594    0.03710587    0.01212524    0.00000000    0.22982142    0.25094396    0.22458417    0.28856714    0.28443057
T2             0.23542655    0.23653762    0.22626038    0.20754880    0.21874445    0.22982142    0.25487403    0.23599181    0.21814184    0.22656320    0.26767215    0.21213275    0.19076600    0.20929617    0.21680294    0.20417297    0.23509741    0.22426097    0.22982142    0.00000000    0.02242047    0.02857325    0.21814184    0.21730963
T20            0.24445051    0.25148693    0.23743196    0.22197990    0.23347420    0.24481697    0.26414958    0.24188260    0.22687574    0.23245453    0.27721443    0.22656320    0.20471209    0.22656320    0.23123274    0.21555242    0.25634824    0.24519346    0.25094396    0.02242047    0.00000000    0.03701372    0.22687574    0.22596732
T10            0.24142432    0.23123274    0.22626038    0.19963072    0.21070156    0.22165575    0.24642844    0.22489311    0.21011130    0.22719799    0.25906568    0.20417297    0.18576201    0.20699355    0.21445686    0.19126323    0.22982142    0.21906003    0.22458417    0.02857325    0.03701372    0.00000000    0.21297242    0.21213275
T0             0.33138609    0.31533065    0.30654172    0.28190675    0.28538694    0.30074205    0.31569560    0.28642655    0.29823144    0.29785979    0.33045268    0.28190675    0.26452983    0.28572852    0.29649021    0.27627808    0.29749982    0.28255840    0.28856714    0.21814184    0.22687574    0.21297242    0.00000000    0.02442213
T8             0.33091315    0.32090079    0.29970096    0.27791357    0.28130046    0.29649021    0.31793321    0.29504396    0.29394070    0.29043447    0.32574938    0.27483192    0.25764370    0.28473793    0.29242707    0.27229494    0.29330002    0.27847758    0.28443057    0.21730963    0.22596732    0.21213275    0.02442213    0.00000000

