24
T18            0.00000000    0.35321478    0.35282277    0.33570516    0.33528043    0.32470054    0.33226889    0.35943597    0.32969628    0.32628347    0.32330937    0.26460512    0.26679203    0.30013148    0.28451221    0.33105080    0.33058674    0.26247814    0.26866751    0.26280950    0.24048578    0.20678157    0.20069705    0.15078296
T19            0.35321478    0.00000000    0.00805172    0.13436425    0.13175034    0.13658500    0.13187992    0.15657180    0.11986360    0.12474697    0.11513885    0.30205491    0.32066368    0.35592809    0.34320476    0.36471657    0.35362038    0.27771974    0.28706010    0.28365191    0.35801848    0.33446956    0.41449474    0.34220077
T5             0.35282277    0.00805172    0.00000000    0.13671896    0.13908173    0.13894966    0.13422844    0.15899170    0.12217819    0.12707351    0.11743980    0.30175451    0.32033599    0.35555112    0.34283566    0.37513057    0.36381539    0.27746400    0.28677501    0.28338836    0.35757311    0.33408348    0.41383459    0.34176473
T0             0.33570516    0.13436425    0.13671896    0.00000000    0.06090758    0.06082498    0.09452301    0.11309463    0.08310395    0.08773752    0.07860926    0.24976998    0.26707715    0.30236741    0.28421387    0.31363681    0.30337713    0.24114667    0.25606322    0.24679587    0.30571875    0.28371721    0.38073782    0.31489014
T1             0.33528043    0.13175034    0.13908173    0.06090758    0.00000000    0.04124459    0.09207206    0.12242826    0.08531032    0.08995465    0.08080327    0.24950781    0.26679203    0.30852462    0.29657945    0.33358364    0.32289395    0.24976998    0.26184773    0.25249079    0.30779426    0.28582050    0.38011415    0.31111608
T23            0.32470054    0.13658500    0.13894966    0.06082498    0.04124459    0.00000000    0.09197248    0.12229928    0.08521252    0.08984595    0.08070901    0.23797891    0.25496328    0.29915345    0.28421387    0.33404724    0.32330937    0.24409436    0.25910104    0.24976998    0.30411014    0.28231301    0.37950442    0.31070958
T3             0.33226889    0.13187992    0.13422844    0.09452301    0.09207206    0.09197248    0.00000000    0.09411740    0.05408345    0.05627267    0.05195323    0.26737330    0.28514344    0.32470054    0.31249284    0.34457579    0.33358364    0.25549179    0.26768044    0.25823219    0.31404247    0.29833459    0.38455743    0.31489014
T14            0.35943597    0.15657180    0.15899170    0.11309463    0.12242826    0.12229928    0.09411740    0.00000000    0.05190384    0.05408345    0.04761297    0.29690690    0.31543529    0.34704691    0.33789376    0.38528181    0.37350014    0.27264919    0.28514344    0.28167897    0.33705617    0.31826851    0.41877517    0.33802061
T12            0.32969628    0.11986360    0.12217819    0.08310395    0.08531032    0.08521252    0.05408345    0.05190384    0.00000000    0.01620879    0.00805172    0.25276200    0.27015234    0.30302855    0.29437251    0.34561627    0.33452348    0.23872227    0.25061991    0.24140319    0.31489014    0.29339282    0.37570219    0.31332842
T11            0.32628347    0.12474697    0.12707351    0.08773752    0.08995465    0.08984595    0.05627267    0.05408345    0.01620879    0.00000000    0.00805172    0.25276200    0.27015234    0.29724616    0.28865977    0.34561627    0.33452348    0.24167007    0.25363938    0.24435971    0.31153460    0.29014663    0.36814922    0.30326062
T22            0.32330937    0.11513885    0.11743980    0.07860926    0.08080327    0.08070901    0.05195323    0.04761297    0.00805172    0.00805172    0.00000000    0.24409436    0.26126057    0.29370311    0.28514344    0.33903585    0.32806674    0.23312966    0.24492162    0.23579185    0.30529884    0.28409645    0.36503556    0.30370456
T6             0.26460512    0.30205491    0.30175451    0.24976998    0.24950781    0.23797891    0.26737330    0.29690690    0.25276200    0.25276200    0.24409436    0.00000000    0.02031529    0.08725780    0.08503864    0.14715194    0.14442770    0.11296627    0.12270975    0.11284559    0.21850127    0.19357064    0.26777067    0.22895156
T16            0.26679203    0.32066368    0.32033599    0.26707715    0.26679203    0.25496328    0.28514344    0.31543529    0.27015234    0.27015234    0.26126057    0.02031529    0.00000000    0.09861385    0.09636191    0.16213566    0.15933581    0.12720677    0.13716963    0.12707351    0.22341086    0.19838483    0.26661860    0.22809948
T15            0.30013148    0.35592809    0.35555112    0.30236741    0.30852462    0.29915345    0.32470054    0.34704691    0.30302855    0.29724616    0.29370311    0.08725780    0.09861385    0.00000000    0.02234761    0.19081052    0.18240683    0.15399751    0.16964718    0.15384319    0.28167372    0.24886180    0.29380377    0.26523298
T2             0.28451221    0.34320476    0.34283566    0.28421387    0.29657945    0.28421387    0.31249284    0.33789376    0.29437251    0.28865977    0.28514344    0.08503864    0.09636191    0.02234761    0.00000000    0.18013653    0.17190745    0.15416031    0.16194392    0.14635375    0.27568747    0.24315890    0.27809858    0.25032606
T8             0.33105080    0.36471657    0.37513057    0.31363681    0.33358364    0.33404724    0.34457579    0.38528181    0.34561627    0.34561627    0.33903585    0.14715194    0.16213566    0.19081052    0.18013653    0.00000000    0.02245852    0.17542131    0.18631173    0.17519391    0.31138521    0.27052984    0.33578888    0.28812441
T7             0.33058674    0.35362038    0.36381539    0.30337713    0.32289395    0.32330937    0.33358364    0.37350014    0.33452348    0.33452348    0.32806674    0.14442770    0.15933581    0.18240683    0.17190745    0.02245852    0.00000000    0.16720159    0.17788685    0.16700443    0.30082671    0.26076326    0.32464472    0.28128248
T20            0.26247814    0.27771974    0.27746400    0.24114667    0.24976998    0.24409436    0.25549179    0.27264919    0.23872227    0.24167007    0.23312966    0.11296627    0.12720677    0.15399751    0.15416031    0.17542131    0.16720159    0.00000000    0.04573275    0.03919594    0.24186412    0.21076324    0.25955609    0.22401322
T17            0.26866751    0.28706010    0.28677501    0.25606322    0.26184773    0.25910104    0.26768044    0.28514344    0.25061991    0.25363938    0.24492162    0.12270975    0.13716963    0.16964718    0.16194392    0.18631173    0.17788685    0.04573275    0.00000000    0.03077863    0.23884407    0.20789965    0.27221353    0.23584227
T4             0.26280950    0.28365191    0.28338836    0.24679587    0.25249079    0.24976998    0.25823219    0.28167897    0.24140319    0.24435971    0.23579185    0.11284559    0.12707351    0.15384319    0.14635375    0.17519391    0.16700443    0.03919594    0.03077863    0.00000000    0.23550090    0.20476711    0.26228387    0.22662947
T9             0.24048578    0.35801848    0.35757311    0.30571875    0.30779426    0.30411014    0.31404247    0.33705617    0.31489014    0.31153460    0.30529884    0.21850127    0.22341086    0.28167372    0.27568747    0.31138521    0.30082671    0.24186412    0.23884407    0.23550090    0.00000000    0.04560256    0.23995520    0.19408677
T21            0.20678157    0.33446956    0.33408348    0.28371721    0.28582050    0.28231301    0.29833459    0.31826851    0.29339282    0.29014663    0.28409645    0.19357064    0.19838483    0.24886180    0.24315890    0.27052984    0.26076326    0.21076324    0.20789965    0.20476711    0.04560256    0.00000000    0.21172479    0.15991574
T13            0.20069705    0.41449474    0.41383459    0.38073782    0.38011415    0.37950442    0.38455743    0.41877517    0.37570219    0.36814922    0.36503556    0.26777067    0.26661860    0.29380377    0.27809858    0.33578888    0.32464472    0.25955609    0.27221353    0.26228387    0.23995520    0.21172479    0.00000000    0.07851319
T10            0.15078296    0.34220077    0.34176473    0.31489014    0.31111608    0.31070958    0.31489014    0.33802061    0.31332842    0.30326062    0.30370456    0.22895156    0.22809948    0.26523298    0.25032606    0.28812441    0.28128248    0.22401322    0.23584227    0.22662947    0.19408677    0.15991574    0.07851319    0.00000000

