24
T22            0.00000000    0.41070359    0.42203512    0.34370311    0.34018992    0.33236742    0.36629977    0.36681598    0.38284325    0.33670145    0.33023930    0.35063274    0.34102894    0.34408048    0.34062916    0.36751440    0.35063274    0.35682619    0.37066957    0.25476217    0.26327635    0.17387061    0.19189916    0.19189916
T3             0.41070359    0.00000000    0.02239095    0.28861064    0.28530621    0.29426522    0.31783931    0.31835660    0.30673012    0.29996412    0.30046922    0.31052273    0.29147291    0.31100432    0.30762185    0.32882610    0.31491532    0.28821268    0.32965435    0.35387760    0.35492483    0.39780543    0.42982389    0.42982389
T11            0.42203512    0.02239095    0.00000000    0.30046922    0.29710908    0.30621328    0.33017183    0.33070171    0.30521447    0.30521447    0.30570805    0.32272464    0.29675001    0.32321761    0.31977674    0.33778025    0.32719998    0.30004244    0.34218223    0.35080507    0.35185245    0.39457457    0.42645530    0.42645530
T6             0.34370311    0.28861064    0.30046922    0.00000000    0.05673365    0.07001993    0.12519158    0.11796836    0.12146261    0.11159305    0.10932628    0.10352470    0.08965718    0.10363809    0.10126549    0.11526926    0.09880217    0.11553167    0.13988475    0.28662102    0.27151038    0.29389296    0.32568459    0.32568459
T19            0.34018992    0.28530621    0.29710908    0.05673365    0.00000000    0.03285238    0.12519158    0.11796836    0.12899590    0.11897674    0.11669184    0.10590294    0.09665796    0.11082479    0.10841763    0.12257914    0.10590294    0.11553167    0.13988475    0.28662102    0.27151038    0.29389296    0.32224392    0.32224392
T21            0.33236742    0.29426522    0.30621328    0.07001993    0.03285238    0.00000000    0.13988475    0.13249639    0.14132743    0.13363869    0.13131346    0.11285639    0.10829265    0.12272463    0.12026990    0.13467709    0.11769393    0.12751296    0.14974225    0.29554585    0.28024789    0.29961845    0.32817653    0.32817653
T7             0.36629977    0.31783931    0.33017183    0.12519158    0.12519158    0.13988475    0.00000000    0.01008456    0.13016262    0.11567446    0.11096328    0.12663082    0.11236601    0.12673274    0.12429645    0.14121429    0.12420056    0.14398463    0.17156927    0.30672486    0.29767417    0.33463775    0.34066868    0.34419447
T23            0.36681598    0.31835660    0.33070171    0.11796836    0.11796836    0.13249639    0.01008456    0.00000000    0.12287796    0.10855021    0.10388748    0.11945951    0.10534853    0.11955153    0.11714477    0.13388178    0.11705863    0.14160734    0.17439772    0.30709887    0.29803952    0.32817653    0.33764693    0.34116033
T0             0.38284325    0.30673012    0.30521447    0.12146261    0.12899590    0.14132743    0.13016262    0.12287796    0.00000000    0.06980589    0.06539040    0.12503991    0.10590294    0.12519158    0.12272463    0.13971089    0.12257914    0.15252367    0.18112441    0.31792595    0.31543341    0.32568459    0.35295243    0.34933631
T10            0.33670145    0.29996412    0.30521447    0.11159305    0.11897674    0.13363869    0.11567446    0.10855021    0.06980589    0.00000000    0.00401108    0.10568745    0.08718898    0.10579138    0.10341888    0.11987525    0.10568745    0.14224709    0.17569098    0.29230746    0.28342421    0.30292176    0.32568459    0.31882697
T13            0.33023930    0.30046922    0.30570805    0.10932628    0.11669184    0.13131346    0.11096328    0.10388748    0.06539040    0.00401108    0.00000000    0.10341888    0.08496780    0.10352470    0.10115781    0.11756840    0.10341888    0.13988475    0.17323525    0.28945858    0.28060805    0.30004244    0.32272464    0.31589046
T14            0.35063274    0.31052273    0.32272464    0.10352470    0.10590294    0.11285639    0.12663082    0.11945951    0.12503991    0.10568745    0.10341888    0.00000000    0.02451040    0.05403809    0.05622277    0.06933101    0.05836653    0.13388178    0.17174676    0.30893440    0.29986594    0.31120812    0.32725369    0.32725369
T9             0.34102894    0.29147291    0.29675001    0.08965718    0.09665796    0.10829265    0.11236601    0.10534853    0.10590294    0.08718898    0.08496780    0.02451040    0.00000000    0.04545849    0.04331158    0.06056570    0.04542308    0.12429645    0.15643035    0.28712193    0.28144030    0.29880553    0.31455566    0.31455566
T8             0.34408048    0.31100432    0.32321761    0.10363809    0.11082479    0.12272463    0.12673274    0.11955153    0.12519158    0.10579138    0.10352470    0.05403809    0.04545849    0.00000000    0.00200405    0.04554941    0.02859966    0.12907306    0.16665923    0.29377240    0.28427540    0.29593561    0.32428039    0.32428039
T15            0.34062916    0.30762185    0.31977674    0.10126549    0.10841763    0.12026990    0.12429645    0.11714477    0.12272463    0.10341888    0.10115781    0.05622277    0.04331158    0.00200405    0.00000000    0.04339308    0.02650697    0.13152738    0.16404318    0.29058647    0.28114973    0.29268652    0.32087548    0.32087548
T1             0.36751440    0.32882610    0.33778025    0.11526926    0.12257914    0.13467709    0.14121429    0.13388178    0.13971089    0.11987525    0.11756840    0.06933101    0.06056570    0.04554941    0.04339308    0.00000000    0.02871376    0.15371490    0.18743563    0.31551730    0.30243777    0.31455566    0.35080507    0.35080507
T2             0.35063274    0.31491532    0.32719998    0.09880217    0.10590294    0.11769393    0.12420056    0.11705863    0.12257914    0.10568745    0.10341888    0.05836653    0.04542308    0.02859966    0.02650697    0.02871376    0.00000000    0.13635441    0.16910991    0.29986594    0.29027736    0.29554585    0.33069395    0.33069395
T4             0.35682619    0.28821268    0.30004244    0.11553167    0.11553167    0.12751296    0.14398463    0.14160734    0.15252367    0.14224709    0.13988475    0.13388178    0.12429645    0.12907306    0.13152738    0.15371490    0.13635441    0.00000000    0.08941745    0.29602517    0.28712193    0.31372652    0.33927117    0.33927117
T17            0.37066957    0.32965435    0.34218223    0.13988475    0.13988475    0.14974225    0.17156927    0.17439772    0.18112441    0.17569098    0.17323525    0.17174676    0.15643035    0.16665923    0.16404318    0.18743563    0.16910991    0.08941745    0.00000000    0.30534996    0.29633117    0.31922372    0.33195164    0.33195164
T20            0.25476217    0.35387760    0.35080507    0.28662102    0.28662102    0.29554585    0.30672486    0.30709887    0.31792595    0.29230746    0.28945858    0.30893440    0.28712193    0.29377240    0.29058647    0.31551730    0.29986594    0.29602517    0.30534996    0.00000000    0.02236624    0.22262488    0.25098223    0.24796957
T16            0.26327635    0.35492483    0.35185245    0.27151038    0.27151038    0.28024789    0.29767417    0.29803952    0.31543341    0.28342421    0.28060805    0.29986594    0.28144030    0.28427540    0.28114973    0.30243777    0.29027736    0.28712193    0.29633117    0.02236624    0.00000000    0.21689488    0.25098223    0.24796957
T18            0.17387061    0.39780543    0.39457457    0.29389296    0.29389296    0.29961845    0.33463775    0.32817653    0.32568459    0.30292176    0.30004244    0.31120812    0.29880553    0.29593561    0.29268652    0.31455566    0.29554585    0.31372652    0.31922372    0.22262488    0.21689488    0.00000000    0.07156981    0.07156981
T5             0.19189916    0.42982389    0.42645530    0.32568459    0.32224392    0.32817653    0.34066868    0.33764693    0.35295243    0.32568459    0.32272464    0.32725369    0.31455566    0.32428039    0.32087548    0.35080507    0.33069395    0.33927117    0.33195164    0.25098223    0.25098223    0.07156981    0.00000000    0.01413415
T12            0.19189916    0.42982389    0.42645530    0.32568459    0.32224392    0.32817653    0.34419447    0.34116033    0.34933631    0.31882697    0.31589046    0.32725369    0.31455566    0.32428039    0.32087548    0.35080507    0.33069395    0.33927117    0.33195164    0.24796957    0.24796957    0.07156981    0.01413415    0.00000000

