24
T18            0.00000000    0.23978798    0.21213183    0.21240175    0.24911697    0.26483734    0.26760405    0.25933611    0.25660142    0.29126451    0.28843137    0.19767640    0.21396752    0.25326656    0.20955728    0.23333268    0.19282337    0.20577046    0.19535111    0.19810893    0.20088211    0.21445678    0.24134492    0.21615395
T6             0.23978798    0.00000000    0.12952170    0.12718905    0.26258471    0.29783449    0.30070048    0.28886219    0.28604061    0.34704642    0.32374169    0.21813988    0.23509488    0.27999819    0.23312060    0.29004120    0.26218171    0.27957696    0.26491953    0.26178918    0.26491953    0.27764145    0.29288759    0.28506647
T9             0.21213183    0.12952170    0.00000000    0.00602725    0.19962808    0.24846000    0.25116344    0.24009435    0.23807545    0.29502106    0.27345933    0.15949035    0.16173208    0.21268113    0.17024672    0.25558688    0.22525479    0.24481233    0.23382864    0.23083896    0.23382864    0.24825139    0.26067452    0.25755551
T3             0.21240175    0.12718905    0.00602725    0.00000000    0.19991330    0.24878334    0.25148566    0.24041083    0.23841299    0.29554087    0.27393503    0.15968201    0.16191363    0.21296995    0.17047499    0.25595998    0.22560625    0.24518824    0.23419730    0.23119859    0.23419730    0.24864680    0.26103556    0.25798009
T17            0.24911697    0.26258471    0.19962808    0.19991330    0.00000000    0.17226854    0.17472981    0.15689065    0.14969112    0.21646999    0.19738710    0.14256528    0.14220137    0.19126128    0.14532573    0.28080509    0.27299421    0.29069682    0.28226758    0.27900379    0.28226758    0.29786392    0.30313807    0.29685752
T2             0.26483734    0.29783449    0.24846000    0.24878334    0.17226854    0.00000000    0.00200302    0.01210969    0.03064727    0.28237758    0.26452763    0.19857853    0.20043417    0.24485501    0.21813988    0.33138317    0.30357788    0.32542900    0.31319178    0.31658862    0.32000878    0.33041248    0.34040737    0.36545481
T1             0.26760405    0.30070048    0.25116344    0.25148566    0.17472981    0.00200302    0.00000000    0.01414130    0.03272769    0.28518914    0.26727657    0.20112006    0.20298963    0.24755198    0.22073906    0.33437873    0.30646681    0.32839996    0.31611501    0.31952343    0.32295534    0.33339524    0.34344066    0.36482714
T12            0.25933611    0.28886219    0.24009435    0.24041083    0.15689065    0.01210969    0.01414130    0.00000000    0.02028096    0.26414629    0.24677070    0.18757705    0.18447002    0.22777982    0.20162378    0.32542900    0.29126451    0.31272976    0.30070048    0.30402930    0.30738051    0.31757161    0.33000474    0.35189535
T23            0.25660142    0.28604061    0.23807545    0.23841299    0.14969112    0.03064727    0.03272769    0.02028096    0.00000000    0.25906113    0.24177721    0.18825826    0.18236939    0.22568350    0.19962808    0.32247019    0.29169485    0.31319178    0.30115227    0.30449229    0.30785486    0.32396195    0.33390718    0.34521590
T5             0.29126451    0.34704642    0.29502106    0.29554087    0.21646999    0.28237758    0.28518914    0.26414629    0.25906113    0.00000000    0.01824842    0.22821782    0.23721417    0.29069682    0.22857815    0.33287362    0.32786484    0.34704642    0.33801239    0.33440620    0.33801239    0.35508158    0.36732473    0.32727122
T11            0.28843137    0.32374169    0.27345933    0.27393503    0.19738710    0.26452763    0.26727657    0.24677070    0.24177721    0.01824842    0.00000000    0.20876627    0.21747455    0.27576125    0.21198861    0.33339524    0.32491564    0.34402272    0.33502556    0.33143233    0.33502556    0.35202965    0.36793980    0.33379903
T15            0.19767640    0.21813988    0.15949035    0.15968201    0.14256528    0.19857853    0.20112006    0.18757705    0.18825826    0.22821782    0.20876627    0.00000000    0.06709560    0.10113844    0.06952639    0.25055023    0.21010909    0.22918672    0.21843590    0.21555021    0.21843590    0.22949764    0.24727007    0.25673716
T13            0.21396752    0.23509488    0.16173208    0.16191363    0.14220137    0.20043417    0.20298963    0.18447002    0.18236939    0.23721417    0.21747455    0.06709560    0.00000000    0.06276792    0.06505049    0.25055023    0.20672896    0.22568350    0.21498441    0.21213183    0.21498441    0.22888561    0.24727007    0.27720891
T20            0.25326656    0.27999819    0.21268113    0.21296995    0.19126128    0.24485501    0.24755198    0.22777982    0.22568350    0.29069682    0.27576125    0.10113844    0.06276792    0.00000000    0.11054647    0.30270988    0.24946086    0.26965626    0.25830604    0.25522414    0.25830604    0.27319612    0.28608196    0.31515819
T8             0.20955728    0.23312060    0.17024672    0.17047499    0.14532573    0.21813988    0.22073906    0.20162378    0.19962808    0.22857815    0.21198861    0.06952639    0.06505049    0.11054647    0.00000000    0.25085162    0.21555021    0.23477624    0.22394489    0.22103393    0.22394489    0.23807545    0.23920564    0.26890520
T19            0.23333268    0.29004120    0.25558688    0.25595998    0.28080509    0.33138317    0.33437873    0.32542900    0.32247019    0.33287362    0.33339524    0.25055023    0.25055023    0.30270988    0.25085162    0.00000000    0.11307904    0.11984922    0.11536872    0.11295176    0.11536872    0.12732903    0.15609334    0.27999819
T0             0.19282337    0.26218171    0.22525479    0.22560625    0.27299421    0.30357788    0.30646681    0.29126451    0.29169485    0.32786484    0.32491564    0.21010909    0.20672896    0.24946086    0.21555021    0.11307904    0.00000000    0.02653253    0.01829876    0.01623240    0.01829876    0.02866687    0.11997106    0.24024943
T10            0.20577046    0.27957696    0.24481233    0.24518824    0.29069682    0.32542900    0.32839996    0.31272976    0.31319178    0.34704642    0.34402272    0.22918672    0.22568350    0.26965626    0.23477624    0.11984922    0.02653253    0.00000000    0.01619063    0.01414130    0.01619063    0.02650575    0.13920195    0.25093862
T22            0.19535111    0.26491953    0.23382864    0.23419730    0.28226758    0.31319178    0.31611501    0.30070048    0.30115227    0.33801239    0.33502556    0.21843590    0.21498441    0.25830604    0.22394489    0.11536872    0.01829876    0.01619063    0.00000000    0.00200403    0.00401615    0.01415483    0.12965990    0.24905227
T14            0.19810893    0.26178918    0.23083896    0.23119859    0.27900379    0.31658862    0.31952343    0.30402930    0.30449229    0.33440620    0.33143233    0.21555021    0.21213183    0.25522414    0.22103393    0.11295176    0.01623240    0.01414130    0.00200403    0.00000000    0.00200403    0.01210969    0.12718905    0.24597009
T21            0.20088211    0.26491953    0.23382864    0.23419730    0.28226758    0.32000878    0.32295534    0.30738051    0.30785486    0.33801239    0.33502556    0.21843590    0.21498441    0.25830604    0.22394489    0.11536872    0.01829876    0.01619063    0.00401615    0.00200403    0.00000000    0.01007292    0.12965990    0.24905227
T4             0.21445678    0.27764145    0.24825139    0.24864680    0.29786392    0.33041248    0.33339524    0.31757161    0.32396195    0.35508158    0.35202965    0.22949764    0.22888561    0.27319612    0.23807545    0.12732903    0.02866687    0.02650575    0.01415483    0.01210969    0.01007292    0.00000000    0.14186989    0.26385624
T16            0.24134492    0.29288759    0.26067452    0.26103556    0.30313807    0.34040737    0.34344066    0.33000474    0.33390718    0.36732473    0.36793980    0.24727007    0.24727007    0.28608196    0.23920564    0.15609334    0.11997106    0.13920195    0.12965990    0.12718905    0.12965990    0.14186989    0.00000000    0.29685752
T7             0.21615395    0.28506647    0.25755551    0.25798009    0.29685752    0.36545481    0.36482714    0.35189535    0.34521590    0.32727122    0.33379903    0.25673716    0.27720891    0.31515819    0.26890520    0.27999819    0.24024943    0.25093862    0.24905227    0.24597009    0.24905227    0.26385624    0.29685752    0.00000000

