24
T13            0.00000000    0.33167404    0.32279360    0.31919790    0.32657348    0.35019420    0.33638590    0.33223710    0.32926453    0.35771419    0.36146283    0.36904604    0.37360959    0.39415402    0.39976698    0.39572897    0.35335096    0.25877924    0.27253108    0.27253108    0.29556919    0.29226869    0.29666938    0.29995861
T22            0.33167404    0.00000000    0.08282742    0.15991793    0.16276399    0.19265215    0.20988998    0.20678579    0.20422827    0.23220859    0.22632942    0.20222490    0.20194782    0.22795060    0.22499327    0.22205345    0.30272693    0.19609769    0.22603450    0.22603450    0.25335153    0.25027546    0.25157078    0.25225199
T4             0.32279360    0.08282742    0.00000000    0.12550197    0.13574088    0.14459925    0.18331978    0.18036407    0.17788965    0.19914087    0.19357413    0.18907479    0.18880991    0.20696079    0.20985812    0.20696079    0.26902425    0.17006692    0.19661087    0.19661087    0.21046508    0.20760973    0.23220859    0.23286302
T15            0.31919790    0.15991793    0.12550197    0.00000000    0.03716412    0.06488138    0.22895671    0.22285281    0.22024114    0.23986324    0.24584822    0.22694864    0.22663414    0.24453854    0.25065300    0.24758636    0.28292099    0.20070163    0.23424072    0.23424072    0.23986324    0.23689758    0.25396005    0.25461826
T8             0.32657348    0.16276399    0.13574088    0.03716412    0.00000000    0.08070959    0.24417987    0.23253086    0.23517447    0.25840384    0.26463283    0.25143874    0.25104077    0.26990899    0.27636108    0.27312456    0.28335627    0.20935264    0.23986324    0.23986324    0.25297468    0.24990816    0.26662558    0.26738239
T11            0.35019420    0.19265215    0.14459925    0.06488138    0.08070959    0.00000000    0.27111128    0.26461388    0.26185612    0.28583032    0.29223874    0.27215973    0.27179929    0.28855554    0.28855554    0.28530903    0.32607201    0.23872937    0.25880899    0.25880899    0.28018471    0.27703126    0.28938987    0.29261491
T3             0.33638590    0.20988998    0.18331978    0.22895671    0.24417987    0.27111128    0.00000000    0.02650650    0.02029511    0.06061858    0.05853584    0.12734954    0.12720846    0.14919848    0.14953903    0.14697783    0.28055582    0.18830702    0.21274523    0.21274523    0.23884867    0.23584683    0.24990816    0.25065300
T18            0.33223710    0.20678579    0.18036407    0.22285281    0.23253086    0.26461388    0.02650650    0.00000000    0.00602729    0.06289915    0.06289915    0.12968052    0.12954121    0.14649930    0.14681002    0.14426852    0.28989247    0.19081397    0.20961658    0.20961658    0.23023012    0.22727290    0.25496310    0.25568412
T6             0.32926453    0.20422827    0.17788965    0.22024114    0.23517447    0.26185612    0.02029511    0.00602729    0.00000000    0.05633202    0.05633202    0.12242979    0.12230094    0.13908405    0.13937253    0.13686308    0.28707072    0.18830702    0.20705106    0.20705106    0.23286302    0.22989703    0.25225199    0.25297468
T7             0.35771419    0.23220859    0.19914087    0.23986324    0.25840384    0.28583032    0.06061858    0.06289915    0.05633202    0.00000000    0.02029511    0.14222878    0.14205766    0.16985416    0.17028831    0.16762414    0.30899492    0.19914087    0.22989703    0.22989703    0.24150930    0.23849842    0.27291334    0.27371044
T21            0.36146283    0.22632942    0.19357413    0.24584822    0.26463283    0.29223874    0.05853584    0.06289915    0.05633202    0.02029511    0.00000000    0.14222878    0.14205766    0.16985416    0.17028831    0.16762414    0.30223670    0.19914087    0.22989703    0.22989703    0.24453854    0.24150930    0.26738239    0.26818201
T16            0.36904604    0.20222490    0.18907479    0.22694864    0.25143874    0.27215973    0.12734954    0.12968052    0.12242979    0.14222878    0.14222878    0.00000000    0.00401108    0.08742862    0.08300493    0.08070959    0.28425992    0.20251120    0.23128803    0.23128803    0.24607410    0.24300723    0.25260816    0.25335153
T14            0.37360959    0.20194782    0.18880991    0.22663414    0.25104077    0.27179929    0.12720846    0.12954121    0.12230094    0.14205766    0.14205766    0.00401108    0.00000000    0.08734002    0.08291257    0.08062255    0.28472826    0.20790309    0.23692971    0.23692971    0.25184690    0.24875142    0.25840384    0.25916510
T20            0.39415402    0.22795060    0.20696079    0.24453854    0.26990899    0.28855554    0.14919848    0.14649930    0.13908405    0.16985416    0.16985416    0.08742862    0.08734002    0.00000000    0.02444530    0.02236587    0.31167853    0.24340669    0.27684049    0.27684049    0.26762039    0.26442537    0.28146000    0.28240783
T19            0.39976698    0.22499327    0.20985812    0.25065300    0.27636108    0.28855554    0.14953903    0.14681002    0.13937253    0.17028831    0.17028831    0.08300493    0.08291257    0.02444530    0.00000000    0.00200404    0.32929645    0.24423545    0.27456277    0.27456277    0.27506343    0.27180542    0.28900984    0.29004565
T5             0.39572897    0.22205345    0.20696079    0.24758636    0.27312456    0.28530903    0.14697783    0.14426852    0.13686308    0.16762414    0.16762414    0.08070959    0.08062255    0.02236587    0.00200404    0.00000000    0.32572253    0.24115891    0.27131548    0.27131548    0.27180542    0.26856864    0.28569787    0.28671130
T2             0.35335096    0.30272693    0.26902425    0.28292099    0.28335627    0.32607201    0.28055582    0.28989247    0.28707072    0.30899492    0.30223670    0.28425992    0.28472826    0.31167853    0.32929645    0.32572253    0.00000000    0.19940995    0.22957375    0.22957375    0.24875142    0.24567512    0.23550568    0.23550568
T23            0.25877924    0.19609769    0.17006692    0.20070163    0.20935264    0.23872937    0.18830702    0.19081397    0.18830702    0.19914087    0.19914087    0.20251120    0.20790309    0.24340669    0.24423545    0.24115891    0.19940995    0.00000000    0.12683301    0.12683301    0.14442977    0.14189471    0.15641372    0.15899467
T9             0.27253108    0.22603450    0.19661087    0.23424072    0.23986324    0.25880899    0.21274523    0.20961658    0.20705106    0.22989703    0.22989703    0.23128803    0.23692971    0.27684049    0.27456277    0.27131548    0.22957375    0.12683301    0.00000000    0.00000000    0.16158910    0.15899467    0.18450782    0.18720779
T1             0.27253108    0.22603450    0.19661087    0.23424072    0.23986324    0.25880899    0.21274523    0.20961658    0.20705106    0.22989703    0.22989703    0.23128803    0.23692971    0.27684049    0.27456277    0.27131548    0.22957375    0.12683301    0.00000000    0.00000000    0.16158910    0.15899467    0.18450782    0.18720779
T12            0.29556919    0.25335153    0.21046508    0.23986324    0.25297468    0.28018471    0.23884867    0.23023012    0.23286302    0.24150930    0.24453854    0.24607410    0.25184690    0.26762039    0.27506343    0.27180542    0.24875142    0.14442977    0.16158910    0.16158910    0.00000000    0.00200404    0.17933123    0.18200941
T0             0.29226869    0.25027546    0.20760973    0.23689758    0.24990816    0.27703126    0.23584683    0.22727290    0.22989703    0.23849842    0.24150930    0.24300723    0.24875142    0.26442537    0.27180542    0.26856864    0.24567512    0.14189471    0.15899467    0.15899467    0.00200404    0.00000000    0.17666742    0.17933123
T10            0.29666938    0.25157078    0.23220859    0.25396005    0.26662558    0.28938987    0.24990816    0.25496310    0.25225199    0.27291334    0.26738239    0.25260816    0.25840384    0.28146000    0.28900984    0.28569787    0.23550568    0.15641372    0.18450782    0.18450782    0.17933123    0.17666742    0.00000000    0.00602420
T17            0.29995861    0.25225199    0.23286302    0.25461826    0.26738239    0.29261491    0.25065300    0.25568412    0.25297468    0.27371044    0.26818201    0.25335153    0.25916510    0.28240783    0.29004565    0.28671130    0.23550568    0.15899467    0.18720779    0.18720779    0.18200941    0.17933123    0.00602420    0.00000000

