24
T5             0.00000000    0.25306791    0.27327485    0.31035257    0.26079033    0.27113098    0.24992813    0.23059099    0.23657826    0.28428854    0.23886757    0.23254783    0.23519154    0.22259917    0.20424040    0.27113098    0.26940878    0.22576358    0.20398274    0.20962931    0.20654170    0.23784510    0.23103317    0.21144385
T0             0.25306791    0.00000000    0.07360201    0.11503239    0.21478865    0.23396444    0.22111883    0.19132558    0.19970110    0.24687969    0.22728967    0.22111883    0.22664983    0.24068592    0.22576358    0.29549835    0.28412845    0.25094839    0.22735601    0.22448425    0.22141131    0.26218376    0.23509440    0.22448425
T3             0.27327485    0.07360201    0.00000000    0.13686784    0.24286354    0.24225714    0.24050860    0.20990318    0.21852032    0.26389571    0.24083840    0.23455794    0.24018893    0.26350602    0.23049730    0.32038807    0.30286528    0.26494030    0.24142481    0.23265755    0.23532345    0.27391751    0.24338265    0.23509440
T17            0.31035257    0.11503239    0.13686784    0.00000000    0.28170563    0.30533589    0.28575920    0.24083840    0.24992813    0.30086403    0.27016535    0.26978166    0.27571799    0.31367525    0.28412845    0.34269649    0.33409229    0.31157327    0.27359061    0.27048576    0.26710380    0.30125181    0.28170872    0.27297026
T12            0.26079033    0.21478865    0.24286354    0.28170563    0.00000000    0.08261681    0.08564987    0.08344854    0.09046533    0.13050193    0.16909955    0.16347538    0.16589741    0.24793730    0.22434931    0.27496470    0.29039026    0.23519154    0.23288055    0.22991390    0.22372690    0.26545755    0.24050860    0.24888613
T4             0.27113098    0.23396444    0.24225714    0.30533589    0.08261681    0.00000000    0.08275106    0.08743060    0.09441383    0.13202387    0.17566967    0.17274718    0.17252686    0.25034966    0.24018893    0.28485263    0.32019838    0.25976000    0.24169191    0.23874347    0.23556280    0.27182025    0.25251438    0.25006611
T11            0.24992813    0.22111883    0.24050860    0.28575920    0.08564987    0.08275106    0.00000000    0.07217966    0.07676052    0.12089365    0.16157454    0.15601253    0.15841102    0.23662268    0.22207002    0.26250465    0.29703795    0.24117832    0.22634459    0.22343029    0.22025465    0.24619344    0.23103317    0.22576358
T2             0.23059099    0.19132558    0.20990318    0.24083840    0.08344854    0.08743060    0.07217966    0.00000000    0.00603655    0.04766036    0.12897955    0.12374734    0.12605357    0.21194121    0.19158968    0.22811910    0.25337289    0.20478375    0.19082449    0.18807913    0.18241920    0.22403324    0.19816714    0.19310499
T19            0.23657826    0.19970110    0.21852032    0.24992813    0.09046533    0.09441383    0.07676052    0.00603655    0.00000000    0.05419975    0.13662640    0.13129715    0.13362243    0.22053300    0.19998897    0.23691312    0.26271949    0.20762332    0.19358512    0.19082449    0.18512708    0.22696486    0.20094299    0.19586552
T6             0.28428854    0.24687969    0.26389571    0.30086403    0.13050193    0.13202387    0.12089365    0.04766036    0.05419975    0.00000000    0.17153488    0.16589741    0.16832779    0.26904675    0.24117832    0.28338047    0.31484124    0.26153032    0.23486974    0.23784510    0.23160914    0.27693019    0.24855947    0.24554826
T13            0.23886757    0.22728967    0.24083840    0.27016535    0.16909955    0.17566967    0.16157454    0.12897955    0.13662640    0.17153488    0.00000000    0.00805174    0.01007304    0.20582964    0.19383889    0.24286354    0.26505116    0.21624080    0.21563129    0.21275897    0.20679800    0.24419899    0.22604916    0.21275897
T21            0.23254783    0.22111883    0.23455794    0.26978166    0.16347538    0.17274718    0.15601253    0.12374734    0.13129715    0.16589741    0.00805174    0.00000000    0.01006782    0.20561132    0.19132558    0.23425616    0.25608174    0.20791716    0.20962931    0.20679800    0.20094299    0.23784510    0.21998603    0.20679800
T22            0.23519154    0.22664983    0.24018893    0.27571799    0.16589741    0.17252686    0.15841102    0.12605357    0.13362243    0.16832779    0.01007304    0.01006782    0.00000000    0.20540256    0.19889255    0.24225714    0.26427022    0.21563129    0.21220426    0.20936491    0.20349558    0.24050860    0.21972719    0.20936491
T9             0.22259917    0.24068592    0.26350602    0.31367525    0.24793730    0.25034966    0.23662268    0.21194121    0.22053300    0.26904675    0.20582964    0.20561132    0.20540256    0.00000000    0.14862248    0.20759403    0.21923893    0.16098303    0.17341557    0.17080755    0.17068466    0.19969844    0.18605995    0.17839477
T20            0.20424040    0.22576358    0.23049730    0.28412845    0.22434931    0.24018893    0.22207002    0.19158968    0.19998897    0.24117832    0.19383889    0.19132558    0.19889255    0.14862248    0.00000000    0.15992562    0.14773856    0.10388026    0.16159557    0.15900081    0.16142943    0.19864148    0.16876691    0.16386661
T1             0.27113098    0.29549835    0.32038807    0.34269649    0.27496470    0.28485263    0.26250465    0.22811910    0.23691312    0.28338047    0.24286354    0.23425616    0.24225714    0.20759403    0.15992562    0.00000000    0.12257063    0.11056438    0.20263471    0.20540256    0.19969844    0.23901208    0.22668350    0.22425831
T16            0.26940878    0.28412845    0.30286528    0.33409229    0.29039026    0.32019838    0.29703795    0.25337289    0.26271949    0.31484124    0.26505116    0.25608174    0.26427022    0.21923893    0.14773856    0.12257063    0.00000000    0.10841057    0.21478865    0.21765252    0.21452698    0.25533860    0.23929096    0.22522204
T15            0.22576358    0.25094839    0.26494030    0.31157327    0.23519154    0.25976000    0.24117832    0.20478375    0.20762332    0.26153032    0.21624080    0.20791716    0.21563129    0.16098303    0.10388026    0.11056438    0.10841057    0.00000000    0.16927523    0.17191829    0.16909699    0.20398274    0.18415408    0.18451599
T23            0.20398274    0.22735601    0.24142481    0.27359061    0.23288055    0.24169191    0.22634459    0.19082449    0.19358512    0.23486974    0.21563129    0.20962931    0.21220426    0.17341557    0.16159557    0.20263471    0.21478865    0.16927523    0.00000000    0.01010208    0.00805174    0.05002497    0.03907304    0.08706032
T14            0.20962931    0.22448425    0.23265755    0.27048576    0.22991390    0.23874347    0.22343029    0.18807913    0.19082449    0.23784510    0.21275897    0.20679800    0.20936491    0.17080755    0.15900081    0.20540256    0.21765252    0.17191829    0.01010208    0.00000000    0.00602730    0.04784031    0.03272863    0.08706032
T18            0.20654170    0.22141131    0.23532345    0.26710380    0.22372690    0.23556280    0.22025465    0.18241920    0.18512708    0.23160914    0.20679800    0.20094299    0.20349558    0.17068466    0.16142943    0.19969844    0.21452698    0.16909699    0.00805174    0.00602730    0.00000000    0.04560336    0.03481556    0.08473426
T8             0.23784510    0.26218376    0.27391751    0.30125181    0.26545755    0.27182025    0.24619344    0.22403324    0.22696486    0.27693019    0.24419899    0.23784510    0.24050860    0.19969844    0.19864148    0.23901208    0.25533860    0.20398274    0.05002497    0.04784031    0.04560336    0.00000000    0.06505675    0.11015100
T7             0.23103317    0.23509440    0.24338265    0.28170872    0.24050860    0.25251438    0.23103317    0.19816714    0.20094299    0.24855947    0.22604916    0.21998603    0.21972719    0.18605995    0.16876691    0.22668350    0.23929096    0.18415408    0.03907304    0.03272863    0.03481556    0.06505675    0.00000000    0.10056924
T10            0.21144385    0.22448425    0.23509440    0.27297026    0.24888613    0.25006611    0.22576358    0.19310499    0.19586552    0.24554826    0.21275897    0.20679800    0.20936491    0.17839477    0.16386661    0.22425831    0.22522204    0.18451599    0.08706032    0.08706032    0.08473426    0.11015100    0.10056924    0.00000000

