24
T20            0.00000000    0.24203828    0.23005649    0.22777399    0.24901358    0.24935552    0.25442353    0.28265764    0.28464260    0.20975605    0.20975605    0.23468511    0.26504276    0.25923029    0.22506946    0.22506946    0.21697864    0.21983678    0.20922591    0.20692219    0.20436733    0.16363954    0.22065906    0.13681301
T17            0.24203828    0.00000000    0.02034033    0.11153194    0.20646478    0.20901253    0.21962730    0.21962730    0.23938092    0.17903813    0.17903813    0.18673668    0.22909983    0.22065906    0.18646530    0.18321573    0.17826577    0.18098402    0.27069886    0.27152839    0.27195901    0.26056129    0.31602251    0.23532865
T1             0.23005649    0.02034033    0.00000000    0.10667657    0.19229421    0.19480169    0.20521149    0.21092798    0.22449252    0.16555604    0.16555604    0.18673668    0.22909983    0.22065906    0.17826577    0.17779398    0.17287326    0.17556224    0.25819223    0.25894290    0.25933370    0.25442353    0.30916884    0.22355871
T18            0.22777399    0.11153194    0.10667657    0.00000000    0.21446911    0.21773726    0.22551217    0.22848082    0.25161966    0.18790928    0.18790928    0.18673668    0.22972791    0.23005649    0.19480169    0.19146033    0.18371714    0.18646530    0.25819223    0.26519600    0.26560647    0.26677542    0.32411404    0.23831499
T21            0.24901358    0.20646478    0.19229421    0.21446911    0.00000000    0.09204908    0.10586353    0.11821421    0.12266688    0.07169207    0.07169207    0.18026731    0.22985354    0.22149330    0.17962932    0.19827764    0.19047302    0.18773994    0.29154626    0.29482673    0.29858957    0.28348891    0.34802271    0.25138270
T9             0.24935552    0.20901253    0.19480169    0.21773726    0.09204908    0.00000000    0.03705418    0.09909250    0.10348786    0.06504418    0.06504418    0.19423906    0.24476163    0.23617433    0.18796585    0.18524022    0.18026731    0.17222194    0.27751007    0.27508348    0.27863568    0.29274690    0.33896544    0.25476355
T22            0.25442353    0.21962730    0.20521149    0.22551217    0.10586353    0.03705418    0.00000000    0.10586353    0.11030920    0.07832708    0.07832708    0.19120011    0.24394686    0.23540709    0.19276624    0.19276624    0.18773994    0.17962932    0.28668536    0.28424697    0.28787006    0.29485182    0.33726234    0.25987477
T14            0.28265764    0.21962730    0.21092798    0.22848082    0.11821421    0.09909250    0.10586353    0.00000000    0.02656442    0.08750278    0.08750278    0.20747343    0.26504276    0.25618951    0.21232822    0.22326662    0.21289331    0.20719318    0.32919109    0.33021543    0.33074585    0.30462903    0.37653199    0.27230342
T13            0.28464260    0.23938092    0.22449252    0.25161966    0.12266688    0.10348786    0.11030920    0.02656442    0.00000000    0.09418568    0.09418568    0.21806103    0.27026908    0.26137443    0.22298417    0.23114732    0.21490977    0.20922591    0.33467072    0.33567024    0.33618858    0.31005479    0.38218441    0.27751007
T4             0.20975605    0.17903813    0.16555604    0.18790928    0.07169207    0.06504418    0.07832708    0.08750278    0.09418568    0.00000000    0.00000000    0.15984037    0.21131096    0.20593122    0.15409909    0.16412512    0.15926833    0.15667702    0.25377453    0.25138270    0.25476355    0.26295306    0.32536286    0.22880038
T19            0.20975605    0.17903813    0.16555604    0.18790928    0.07169207    0.06504418    0.07832708    0.08750278    0.09418568    0.00000000    0.00000000    0.15984037    0.21131096    0.20593122    0.15409909    0.16412512    0.15926833    0.15667702    0.25377453    0.25138270    0.25476355    0.26295306    0.32536286    0.22880038
T23            0.23468511    0.18673668    0.18673668    0.18673668    0.18026731    0.19423906    0.19120011    0.20747343    0.21806103    0.15984037    0.15984037    0.00000000    0.18926226    0.18139614    0.16712391    0.16674359    0.17202206    0.17468237    0.26536798    0.26605044    0.26640762    0.26166885    0.31302124    0.22244827
T11            0.26504276    0.22909983    0.22909983    0.22972791    0.22985354    0.24476163    0.24394686    0.26504276    0.27026908    0.21131096    0.21131096    0.18926226    0.00000000    0.00805151    0.11982837    0.21865953    0.20233477    0.20233477    0.30931412    0.31336778    0.31376705    0.31849499    0.36006532    0.26689930
T16            0.25923029    0.22065906    0.22065906    0.23005649    0.22149330    0.23617433    0.23540709    0.25618951    0.26137443    0.20593122    0.20593122    0.18139614    0.00805151    0.00000000    0.11270192    0.21284933    0.19432397    0.19432397    0.29990141    0.30386062    0.30423896    0.30896175    0.34982330    0.25806838
T3             0.22506946    0.18646530    0.17826577    0.19480169    0.17962932    0.18796585    0.19276624    0.21232822    0.22298417    0.15409909    0.15409909    0.16712391    0.11982837    0.11270192    0.00000000    0.17907078    0.16105498    0.16105498    0.24988389    0.25346561    0.25377453    0.26442448    0.30432783    0.21933676
T0             0.22506946    0.18321573    0.17779398    0.19146033    0.19827764    0.18524022    0.19276624    0.22326662    0.23114732    0.16412512    0.16412512    0.16674359    0.21865953    0.21284933    0.17907078    0.00000000    0.05859586    0.06081338    0.22697900    0.23379381    0.23645022    0.24935717    0.28706912    0.22219488
T6             0.21697864    0.17826577    0.17287326    0.18371714    0.19047302    0.18026731    0.18773994    0.21289331    0.21490977    0.15926833    0.15926833    0.17202206    0.20233477    0.19432397    0.16105498    0.05859586    0.00000000    0.00603633    0.23911662    0.23673612    0.23703202    0.24988389    0.31011184    0.21697864
T10            0.21983678    0.18098402    0.17556224    0.18646530    0.18773994    0.17222194    0.17962932    0.20719318    0.20922591    0.15667702    0.15667702    0.17468237    0.20233477    0.19432397    0.16105498    0.06081338    0.00603633    0.00000000    0.24207635    0.23969587    0.24000057    0.25287908    0.31349219    0.21983678
T5             0.20922591    0.27069886    0.25819223    0.25819223    0.29154626    0.27751007    0.28668536    0.32919109    0.33467072    0.25377453    0.25377453    0.26536798    0.30931412    0.29990141    0.24988389    0.22697900    0.23911662    0.24207635    0.00000000    0.02653143    0.02031411    0.22770042    0.28504926    0.21673196
T7             0.20692219    0.27152839    0.25894290    0.26519600    0.29482673    0.27508348    0.28424697    0.33021543    0.33567024    0.25138270    0.25138270    0.26605044    0.31336778    0.30386062    0.25346561    0.23379381    0.23673612    0.23969587    0.02653143    0.00000000    0.00602719    0.23114732    0.28352671    0.21438492
T15            0.20436733    0.27195901    0.25933370    0.26560647    0.29858957    0.27863568    0.28787006    0.33074585    0.33618858    0.25476355    0.25476355    0.26640762    0.31376705    0.30423896    0.25377453    0.23645022    0.23703202    0.24000057    0.02031411    0.00602719    0.00000000    0.22851068    0.28308673    0.21180070
T8             0.16363954    0.26056129    0.25442353    0.26677542    0.28348891    0.29274690    0.29485182    0.30462903    0.31005479    0.26295306    0.26295306    0.26166885    0.31849499    0.30896175    0.26442448    0.24935717    0.24988389    0.25287908    0.22770042    0.23114732    0.22851068    0.00000000    0.14883536    0.09593988
T12            0.22065906    0.31602251    0.30916884    0.32411404    0.34802271    0.33896544    0.33726234    0.37653199    0.38218441    0.32536286    0.32536286    0.31302124    0.36006532    0.34982330    0.30432783    0.28706912    0.31011184    0.31349219    0.28504926    0.28352671    0.28308673    0.14883536    0.00000000    0.14630317
T2             0.13681301    0.23532865    0.22355871    0.23831499    0.25138270    0.25476355    0.25987477    0.27230342    0.27751007    0.22880038    0.22880038    0.22244827    0.26689930    0.25806838    0.21933676    0.22219488    0.21697864    0.21983678    0.21673196    0.21438492    0.21180070    0.09593988    0.14630317    0.00000000

