24
T7             0.00000000    0.26726625    0.26726625    0.37438265    0.32500520    0.33858944    0.32152501    0.32796301    0.33689179    0.33388452    0.33388452    0.29496984    0.29534278    0.25997093    0.25386386    0.27204528    0.18127399    0.20277022    0.18948359    0.14647027    0.14408707    0.15396786    0.17415077    0.17877795
T15            0.26726625    0.00000000    0.00000000    0.26026580    0.20579003    0.21125498    0.20216249    0.20181364    0.21813262    0.22425150    0.22133190    0.19709658    0.19738344    0.17391486    0.17937100    0.18183742    0.29257899    0.31329229    0.29734767    0.25286963    0.25017163    0.25017163    0.27677721    0.26891504
T21            0.26726625    0.00000000    0.00000000    0.26026580    0.20579003    0.21125498    0.20216249    0.20181364    0.21813262    0.22425150    0.22133190    0.19709658    0.19738344    0.17391486    0.17937100    0.18183742    0.29257899    0.31329229    0.29734767    0.25286963    0.25017163    0.25017163    0.27677721    0.26891504
T17            0.37438265    0.26026580    0.26026580    0.00000000    0.13730913    0.14730480    0.13950085    0.13934517    0.34294414    0.36131591    0.32954483    0.29174878    0.31518515    0.28680383    0.29326724    0.29612322    0.36911693    0.40762128    0.38946027    0.36388911    0.36077996    0.36336661    0.39471434    0.38072294
T9             0.32500520    0.20579003    0.20579003    0.13730913    0.00000000    0.02866686    0.02653244    0.03069910    0.29212525    0.30256666    0.27956621    0.25557780    0.26217365    0.23646299    0.24251519    0.23911191    0.34102405    0.37888964    0.36121388    0.30495526    0.30207953    0.32850989    0.35494086    0.34651455
T8             0.33858944    0.21125498    0.21125498    0.14730480    0.02866686    0.00000000    0.03069910    0.03073483    0.29168272    0.30207953    0.28559791    0.26139743    0.26806104    0.24213795    0.24824575    0.24480587    0.34404363    0.37817694    0.36430333    0.31806896    0.31514705    0.33502205    0.35801268    0.34239904
T6             0.32152501    0.20216249    0.20216249    0.13950085    0.02653244    0.03069910    0.00000000    0.01212522    0.28799852    0.28841913    0.27002500    0.25180743    0.25829624    0.23277441    0.23875381    0.23541598    0.33637377    0.36608186    0.34883553    0.30736706    0.30447971    0.32394817    0.34651455    0.33484272
T18            0.32796301    0.20181364    0.20181364    0.13934517    0.03069910    0.03073483    0.01212522    0.00000000    0.29409487    0.29452570    0.27596454    0.25758120    0.26413586    0.23840562    0.24443928    0.24106595    0.33938017    0.36919521    0.35188185    0.31365143    0.31074112    0.33039792    0.35317789    0.34136595
T3             0.33689179    0.21813262    0.21813262    0.34294414    0.29212525    0.29168272    0.28799852    0.29409487    0.00000000    0.02665106    0.10124271    0.16660100    0.15896015    0.12965668    0.13463551    0.13199508    0.32613664    0.34847457    0.34239904    0.30436643    0.30147512    0.29174878    0.30475991    0.34294414
T20            0.33388452    0.22425150    0.22425150    0.36131591    0.30256666    0.30207953    0.28841913    0.29452570    0.02665106    0.00000000    0.10852094    0.17740051    0.16960811    0.13730913    0.14237666    0.14219835    0.31643955    0.32106699    0.31518515    0.28854842    0.28571037    0.28254052    0.30186946    0.33991163
T10            0.33388452    0.22133190    0.22133190    0.32954483    0.27956621    0.28559791    0.27002500    0.27596454    0.10124271    0.10852094    0.00000000    0.16677971    0.15912689    0.12732616    0.13229263    0.13683701    0.34646057    0.35513714    0.34901033    0.32062927    0.31768178    0.30766205    0.33991163    0.33900589
T4             0.29496984    0.19709658    0.19709658    0.29174878    0.25557780    0.26139743    0.25180743    0.25758120    0.16660100    0.17740051    0.16677971    0.00000000    0.04566086    0.09922986    0.10399472    0.10124271    0.31018429    0.33534059    0.32245308    0.26758620    0.26482044    0.26175769    0.29496984    0.31643955
T0             0.29534278    0.19738344    0.19738344    0.31518515    0.26217365    0.26806104    0.25829624    0.26413586    0.15896015    0.16960811    0.15912689    0.04566086    0.00000000    0.09228054    0.09698914    0.10160659    0.31390457    0.34293459    0.32987523    0.27100303    0.26822895    0.26822895    0.29534278    0.31431942
T13            0.25997093    0.17391486    0.17391486    0.28680383    0.23646299    0.24213795    0.23277441    0.23840562    0.12965668    0.13730913    0.12732616    0.09922986    0.09228054    0.00000000    0.00401615    0.04783542    0.29042256    0.30160382    0.28929378    0.25486105    0.25215121    0.24608106    0.26927428    0.28042323
T22            0.25386386    0.17937100    0.17937100    0.29326724    0.24251519    0.24824575    0.23875381    0.24443928    0.13463551    0.14237666    0.13229263    0.10399472    0.09698914    0.00401615    0.00000000    0.05221323    0.29042256    0.29827478    0.28603010    0.25486105    0.25215121    0.24608106    0.26927428    0.28042323
T14            0.27204528    0.18183742    0.18183742    0.29612322    0.23911191    0.24480587    0.23541598    0.24106595    0.13199508    0.14219835    0.13683701    0.10124271    0.10160659    0.04783542    0.05221323    0.00000000    0.29653067    0.32152501    0.30882798    0.25758120    0.25486105    0.25180743    0.28155577    0.29287049
T5             0.18127399    0.29257899    0.29257899    0.36911693    0.34102405    0.34404363    0.33637377    0.33938017    0.32613664    0.31643955    0.34646057    0.31018429    0.31390457    0.29042256    0.29042256    0.29653067    0.00000000    0.09698914    0.08551605    0.12692881    0.12460074    0.12460074    0.15412965    0.19787891
T19            0.20277022    0.31329229    0.31329229    0.40762128    0.37888964    0.37817694    0.36608186    0.36919521    0.34847457    0.32106699    0.35513714    0.33534059    0.34293459    0.30160382    0.29827478    0.32152501    0.09698914    0.00000000    0.01007289    0.13950085    0.13714372    0.14730480    0.17002270    0.20598628
T11            0.18948359    0.29734767    0.29734767    0.38946027    0.36121388    0.36430333    0.34883553    0.35188185    0.34239904    0.31518515    0.34901033    0.32245308    0.32987523    0.28929378    0.28603010    0.30882798    0.08551605    0.01007289    0.00000000    0.12732616    0.12500348    0.13496159    0.16250577    0.19810052
T12            0.14647027    0.25286963    0.25286963    0.36388911    0.30495526    0.31806896    0.30736706    0.31365143    0.30436643    0.28854842    0.32062927    0.26758620    0.27100303    0.25486105    0.25486105    0.25758120    0.12692881    0.13950085    0.12732616    0.00000000    0.00200301    0.05206817    0.08761604    0.16155305
T2             0.14408707    0.25017163    0.25017163    0.36077996    0.30207953    0.31514705    0.30447971    0.31074112    0.30147512    0.28571037    0.31768178    0.26482044    0.26822895    0.25215121    0.25215121    0.25486105    0.12460074    0.13714372    0.12500348    0.00200301    0.00000000    0.04994850    0.08540449    0.15912689
T23            0.15396786    0.25017163    0.25017163    0.36336661    0.32850989    0.33502205    0.32394817    0.33039792    0.29174878    0.28254052    0.30766205    0.26175769    0.26822895    0.24608106    0.24608106    0.25180743    0.12460074    0.14730480    0.13496159    0.05206817    0.04994850    0.00000000    0.08540449    0.15396786
T16            0.17415077    0.27677721    0.27677721    0.39471434    0.35494086    0.35801268    0.34651455    0.35317789    0.30475991    0.30186946    0.33991163    0.29496984    0.29534278    0.26927428    0.26927428    0.28155577    0.15412965    0.17002270    0.16250577    0.08761604    0.08540449    0.08540449    0.00000000    0.17186907
T1             0.17877795    0.26891504    0.26891504    0.38072294    0.34651455    0.34239904    0.33484272    0.34136595    0.34294414    0.33991163    0.33900589    0.31643955    0.31431942    0.28042323    0.28042323    0.29287049    0.19787891    0.20598628    0.19810052    0.16155305    0.15912689    0.15396786    0.17186907    0.00000000

