24
T1             0.00000000    0.29538217    0.28921599    0.30843579    0.31478613    0.29538217    0.32472035    0.32243378    0.32243378    0.26129873    0.29574988    0.26247010    0.21260765    0.25334071    0.24626921    0.18322005    0.19173451    0.23147537    0.20044352    0.19761738    0.17413419    0.16733030    0.16206538    0.11281472
T16            0.29538217    0.00000000    0.09016794    0.12331707    0.12811998    0.10637747    0.12545343    0.12458351    0.12458351    0.26537622    0.30299370    0.28387232    0.24242123    0.27934030    0.26878320    0.27904299    0.29244729    0.33598848    0.30970090    0.29860218    0.27473596    0.27307772    0.26678463    0.27307772
T15            0.28921599    0.09016794    0.00000000    0.05671584    0.06107901    0.04146037    0.06322136    0.11791611    0.11791611    0.25784094    0.29199696    0.26056987    0.21739298    0.27202108    0.27010829    0.27153903    0.28398940    0.32826946    0.30214412    0.28119187    0.27379886    0.28074049    0.28074049    0.26795219
T9             0.30843579    0.12331707    0.05671584    0.00000000    0.00401105    0.02245631    0.04355567    0.15024840    0.15024840    0.29199696    0.31448336    0.29483862    0.23147537    0.30325693    0.28310490    0.29435962    0.31422193    0.35384563    0.32655919    0.31023019    0.30269494    0.29955800    0.29955800    0.30291612
T23            0.31478613    0.12811998    0.06107901    0.00401105    0.00000000    0.02660385    0.04783159    0.15523994    0.15523994    0.29814118    0.32084310    0.30100499    0.23711738    0.30957336    0.28921599    0.30055880    0.32061934    0.36067653    0.33310932    0.31657913    0.30899890    0.30579076    0.30579076    0.30918309
T5             0.29538217    0.10637747    0.04146037    0.02245631    0.02660385    0.00000000    0.02031416    0.13259712    0.13259712    0.26992126    0.29155776    0.27268988    0.22885664    0.29699867    0.28360996    0.28492423    0.30446843    0.33972364    0.30957336    0.29386492    0.28640760    0.28353825    0.28353825    0.28353825
T13            0.32472035    0.12545343    0.06322136    0.04355567    0.04783159    0.02031416    0.00000000    0.14727510    0.14727510    0.29769149    0.31690943    0.30055564    0.25204210    0.32655919    0.31246190    0.31366928    0.33420101    0.37142780    0.33972364    0.31950060    0.31536185    0.30529594    0.31208066    0.31208066
T11            0.32243378    0.12458351    0.11791611    0.15024840    0.15523994    0.13259712    0.14727510    0.00000000    0.00000000    0.26881967    0.30256776    0.27716573    0.23832263    0.30005278    0.29244729    0.30388016    0.31448336    0.35484694    0.32413099    0.31366928    0.28725959    0.29439982    0.29439982    0.29355599
T17            0.32243378    0.12458351    0.11791611    0.15024840    0.15523994    0.13259712    0.14727510    0.00000000    0.00000000    0.26881967    0.30256776    0.27716573    0.23832263    0.30005278    0.29244729    0.30388016    0.31448336    0.35484694    0.32413099    0.31366928    0.28725959    0.29439982    0.29439982    0.29355599
T12            0.26129873    0.26537622    0.25784094    0.29199696    0.29814118    0.26992126    0.29769149    0.26881967    0.26881967    0.00000000    0.07412633    0.04760783    0.13947654    0.20492657    0.19598910    0.24506067    0.23940784    0.29907446    0.27030979    0.27430540    0.23766087    0.23645659    0.24476836    0.25139040
T19            0.29574988    0.30299370    0.29199696    0.31448336    0.32084310    0.29155776    0.31690943    0.30256776    0.30256776    0.07412633    0.00000000    0.05646037    0.15482745    0.21639365    0.20719867    0.25715199    0.27231278    0.32189170    0.29199696    0.29622230    0.27070894    0.26605916    0.27472745    0.27864572
T22            0.26247010    0.28387232    0.26056987    0.29483862    0.30100499    0.27268988    0.30055564    0.27716573    0.27716573    0.04760783    0.05646037    0.00000000    0.12716657    0.19956505    0.19071085    0.24836769    0.24868947    0.29622230    0.26129873    0.26206926    0.25007841    0.24567587    0.25410160    0.24567587
T0             0.21260765    0.24242123    0.21739298    0.23147537    0.23711738    0.22885664    0.25204210    0.23832263    0.23832263    0.13947654    0.15482745    0.12716657    0.00000000    0.15217814    0.14122702    0.20238318    0.20551717    0.25559191    0.22923410    0.23223878    0.21628381    0.19761738    0.20551717    0.20044352
T3             0.25334071    0.27934030    0.27202108    0.30325693    0.30957336    0.29699867    0.32655919    0.30005278    0.30005278    0.20492657    0.21639365    0.19956505    0.15217814    0.00000000    0.05846311    0.25122643    0.24547174    0.30957336    0.28518927    0.27754196    0.27029434    0.24935748    0.25786363    0.24798265
T6             0.24626921    0.26878320    0.27010829    0.28310490    0.28921599    0.28360996    0.31246190    0.29244729    0.29244729    0.19598910    0.20719867    0.19071085    0.14122702    0.05846311    0.00000000    0.23006374    0.22744210    0.26965614    0.25289784    0.24814772    0.24710622    0.23040220    0.23866832    0.23789806
T10            0.18322005    0.27904299    0.27153903    0.29435962    0.30055880    0.28492423    0.31366928    0.30388016    0.30388016    0.24506067    0.25715199    0.24836769    0.20238318    0.25122643    0.23006374    0.00000000    0.04124037    0.18004971    0.17222542    0.18253327    0.16533000    0.15667973    0.15667973    0.16379549
T8             0.19173451    0.29244729    0.28398940    0.31422193    0.32061934    0.30446843    0.33420101    0.31448336    0.31448336    0.23940784    0.27231278    0.24868947    0.20551717    0.24547174    0.22744210    0.04124037    0.00000000    0.19676274    0.18322005    0.19095338    0.17851903    0.16206538    0.16206538    0.16919470
T7             0.23147537    0.33598848    0.32826946    0.35384563    0.36067653    0.33972364    0.37142780    0.35484694    0.35484694    0.29907446    0.32189170    0.29622230    0.25559191    0.30957336    0.26965614    0.18004971    0.19676274    0.00000000    0.07149631    0.10102627    0.14154387    0.14582404    0.14582404    0.20976158
T20            0.20044352    0.30970090    0.30214412    0.32655919    0.33310932    0.30957336    0.33972364    0.32413099    0.32413099    0.27030979    0.29199696    0.26129873    0.22923410    0.28518927    0.25289784    0.17222542    0.18322005    0.07149631    0.00000000    0.07832772    0.12484232    0.12658810    0.12658810    0.18547179
T21            0.19761738    0.29860218    0.28119187    0.31023019    0.31657913    0.29386492    0.31950060    0.31366928    0.31366928    0.27430540    0.29622230    0.26206926    0.23223878    0.27754196    0.24814772    0.18253327    0.19095338    0.10102627    0.07832772    0.00000000    0.11752350    0.11934024    0.11934024    0.17468588
T4             0.17413419    0.27473596    0.27379886    0.30269494    0.30899890    0.28640760    0.31536185    0.28725959    0.28725959    0.23766087    0.27070894    0.25007841    0.21628381    0.27029434    0.24710622    0.16533000    0.17851903    0.14154387    0.12484232    0.11752350    0.00000000    0.09381479    0.09381479    0.15204880
T2             0.16733030    0.27307772    0.28074049    0.29955800    0.30579076    0.28353825    0.30529594    0.29439982    0.29439982    0.23645659    0.26605916    0.24567587    0.19761738    0.24935748    0.23040220    0.15667973    0.16206538    0.14582404    0.12658810    0.11934024    0.09381479    0.00000000    0.01413378    0.14604797
T18            0.16206538    0.26678463    0.28074049    0.29955800    0.30579076    0.28353825    0.31208066    0.29439982    0.29439982    0.24476836    0.27472745    0.25410160    0.20551717    0.25786363    0.23866832    0.15667973    0.16206538    0.14582404    0.12658810    0.11934024    0.09381479    0.01413378    0.00000000    0.14354112
T14            0.11281472    0.27307772    0.26795219    0.30291612    0.30918309    0.28353825    0.31208066    0.29355599    0.29355599    0.25139040    0.27864572    0.24567587    0.20044352    0.24798265    0.23789806    0.16379549    0.16919470    0.20976158    0.18547179    0.17468588    0.15204880    0.14604797    0.14354112    0.00000000

