24
T23            0.00000000    0.26026512    0.28355095    0.27793432    0.29489740    0.30729100    0.26202563    0.25897415    0.34458924    0.32649436    0.43058538    0.32269110    0.31561992    0.31305558    0.32488495    0.41263860    0.42619450    0.42100752    0.40986039    0.40655315    0.40218604    0.41318277    0.19324912    0.20552252
T12            0.26026512    0.00000000    0.08266769    0.08993665    0.12022603    0.12761841    0.15985972    0.15724732    0.24509900    0.24102058    0.32014004    0.20643987    0.20062160    0.20619642    0.21987282    0.30470095    0.31602279    0.31175554    0.30551759    0.30262843    0.29975083    0.30262843    0.16958987    0.18695115
T6             0.28355095    0.08266769    0.00000000    0.09663107    0.15946935    0.17000196    0.19097663    0.18822754    0.26852049    0.26371321    0.34897300    0.23973947    0.22773874    0.23355721    0.25382340    0.32190307    0.32681720    0.31895695    0.31602279    0.31310048    0.31018991    0.30638100    0.18965543    0.21028516
T8             0.27793432    0.08993665    0.09663107    0.00000000    0.16028358    0.16824613    0.18872473    0.18597561    0.26852049    0.26134401    0.36176592    0.22976962    0.21781234    0.22359730    0.23769757    0.32878460    0.33381963    0.32927954    0.31455163    0.31164152    0.32040702    0.31649446    0.20158836    0.22826986
T1             0.29489740    0.12022603    0.15946935    0.16028358    0.00000000    0.02653194    0.19097663    0.18822754    0.26852049    0.26371321    0.35607447    0.21937210    0.22485476    0.23649210    0.24779404    0.36016911    0.35450928    0.34638238    0.35041384    0.34735669    0.35399007    0.35707301    0.20439937    0.21441915
T18            0.30729100    0.12761841    0.17000196    0.16824613    0.02653194    0.00000000    0.19652067    0.19374095    0.27793432    0.27312730    0.36953753    0.23677844    0.23063950    0.24241417    0.25382340    0.36016911    0.35450928    0.34638238    0.35041384    0.34735669    0.35399007    0.35707301    0.21809773    0.23412253
T22            0.26202563    0.15985972    0.19097663    0.18872473    0.19097663    0.19652067    0.00000000    0.00200402    0.18776607    0.17022087    0.27934792    0.15365931    0.14618543    0.15125098    0.15864137    0.25079961    0.25176254    0.24809556    0.23944435    0.23677844    0.23944435    0.24271818    0.15850137    0.18628183
T10            0.25897415    0.15724732    0.18822754    0.18597561    0.18822754    0.19374095    0.00200402    0.00000000    0.18504698    0.16755971    0.27622000    0.15111364    0.14367181    0.14871177    0.15607608    0.24779404    0.24872950    0.24509900    0.23649210    0.23383488    0.23649210    0.23973947    0.15594267    0.18362088
T11            0.34458924    0.24509900    0.26852049    0.26852049    0.26852049    0.27793432    0.18776607    0.18504698    0.00000000    0.03277482    0.29037510    0.16871111    0.16365847    0.16886944    0.17379983    0.35822679    0.35966347    0.35159093    0.35559508    0.35251110    0.34501802    0.35159093    0.24057241    0.25630844
T21            0.32649436    0.24102058    0.26371321    0.26134401    0.26371321    0.27312730    0.17022087    0.16755971    0.03277482    0.00000000    0.28283616    0.15928679    0.15428528    0.15946935    0.16432378    0.34333740    0.34481904    0.33681648    0.33380907    0.33081413    0.32352235    0.32991139    0.23038036    0.24575634
T19            0.43058538    0.32014004    0.34897300    0.36176592    0.35607447    0.36953753    0.27934792    0.27622000    0.29037510    0.28283616    0.00000000    0.16189233    0.14915453    0.15687058    0.16432378    0.43400141    0.44391710    0.43058538    0.42159792    0.42220388    0.42437593    0.43175049    0.33808922    0.35883458
T3             0.32269110    0.20643987    0.23973947    0.22976962    0.21937210    0.23677844    0.15365931    0.15111364    0.16871111    0.15928679    0.16189233    0.00000000    0.02238924    0.02866604    0.04988216    0.29355272    0.30683557    0.29963639    0.27902849    0.27622000    0.28467908    0.29068891    0.21869413    0.23437149
T13            0.31561992    0.20062160    0.22773874    0.21781234    0.22485476    0.23063950    0.14618543    0.14367181    0.16365847    0.15428528    0.14915453    0.02238924    0.00000000    0.01827013    0.04343750    0.29007289    0.29421232    0.28721759    0.27311157    0.27032379    0.27252275    0.27842331    0.21288189    0.23418720
T14            0.31305558    0.20619642    0.23355721    0.22359730    0.23649210    0.24241417    0.15125098    0.14871177    0.16886944    0.15946935    0.15687058    0.02866604    0.01827013    0.00000000    0.04994623    0.29007289    0.29743099    0.29037510    0.27622000    0.27342258    0.27561189    0.28154139    0.21848777    0.23705443
T0             0.32488495    0.21987282    0.25382340    0.23769757    0.24779404    0.25382340    0.15864137    0.15607608    0.17379983    0.16432378    0.16432378    0.04988216    0.04343750    0.04994623    0.00000000    0.30804804    0.30903399    0.30190660    0.29387671    0.29101429    0.29324040    0.29931529    0.22944406    0.25120433
T2             0.41263860    0.30470095    0.32190307    0.32878460    0.36016911    0.36016911    0.25079961    0.24779404    0.35822679    0.34333740    0.43400141    0.29355272    0.29007289    0.29007289    0.30804804    0.00000000    0.04124137    0.03697645    0.04114499    0.03904263    0.04756978    0.04969255    0.31098308    0.34952249
T9             0.42619450    0.31602279    0.32681720    0.33381963    0.35450928    0.35450928    0.25176254    0.24872950    0.35966347    0.34481904    0.44391710    0.30683557    0.29421232    0.29743099    0.30903399    0.04124137    0.00000000    0.03710431    0.05413198    0.05200373    0.05413198    0.05626694    0.31196454    0.35423673
T20            0.42100752    0.31175554    0.31895695    0.32927954    0.34638238    0.34638238    0.24809556    0.24509900    0.35159093    0.33681648    0.43058538    0.29963639    0.28721759    0.29037510    0.30190660    0.03697645    0.03710431    0.00000000    0.05413198    0.05200373    0.05413198    0.05189941    0.31129800    0.34990954
T16            0.40986039    0.30551759    0.31602279    0.31455163    0.35041384    0.35041384    0.23944435    0.23649210    0.35559508    0.33380907    0.42159792    0.27902849    0.27311157    0.27622000    0.29387671    0.04114499    0.05413198    0.05413198    0.00000000    0.00200301    0.02439304    0.02853728    0.29237375    0.33654765
T17            0.40655315    0.30262843    0.31310048    0.31164152    0.34735669    0.34735669    0.23677844    0.23383488    0.35251110    0.33081413    0.42220388    0.27622000    0.27032379    0.27342258    0.29101429    0.03904263    0.05200373    0.05200373    0.00200301    0.00000000    0.02233000    0.02646353    0.28950339    0.33352006
T4             0.40218604    0.29975083    0.31018991    0.32040702    0.35399007    0.35399007    0.23944435    0.23649210    0.34501802    0.32352235    0.42437593    0.28467908    0.27252275    0.27561189    0.29324040    0.04756978    0.05413198    0.05413198    0.02439304    0.02233000    0.00000000    0.01619044    0.28301964    0.32646949
T5             0.41318277    0.30262843    0.30638100    0.31649446    0.35707301    0.35707301    0.24271818    0.23973947    0.35159093    0.32991139    0.43175049    0.29068891    0.27842331    0.28154139    0.29931529    0.04969255    0.05626694    0.05189941    0.02853728    0.02646353    0.01619044    0.00000000    0.29210843    0.33619465
T15            0.19324912    0.16958987    0.18965543    0.20158836    0.20439937    0.21809773    0.15850137    0.15594267    0.24057241    0.23038036    0.33808922    0.21869413    0.21288189    0.21848777    0.22944406    0.31098308    0.31196454    0.31129800    0.29237375    0.28950339    0.28301964    0.29210843    0.00000000    0.07587882
T7             0.20552252    0.18695115    0.21028516    0.22826986    0.21441915    0.23412253    0.18628183    0.18362088    0.25630844    0.24575634    0.35883458    0.23437149    0.23418720    0.23705443    0.25120433    0.34952249    0.35423673    0.34990954    0.33654765    0.33352006    0.32646949    0.33619465    0.07587882    0.00000000

