24
T23            0.00000000    0.25315831    0.23646479    0.18372732    0.19425031    0.16005516    0.26717483    0.19957151    0.21350967    0.15243500    0.20131325    0.20386167    0.18027624    0.18372732    0.17827514    0.17852429    0.11995321    0.15704309    0.11730211    0.12679778    0.12913556    0.11740988    0.10329023    0.09612570
T18            0.25315831    0.00000000    0.04545276    0.24133678    0.26289332    0.21320341    0.33622318    0.28145850    0.28426985    0.24332737    0.28709224    0.28992576    0.26955487    0.26756426    0.27308980    0.27586856    0.25046156    0.28120580    0.25513274    0.25140006    0.24506955    0.25242431    0.25858235    0.25785145
T9             0.23646479    0.04545276    0.00000000    0.23088262    0.24869900    0.20338132    0.33630214    0.27338542    0.26691674    0.23300540    0.27528650    0.27809860    0.24963046    0.26814952    0.26814952    0.27092305    0.23675105    0.26093994    0.24153465    0.23809305    0.23207572    0.24180805    0.23646479    0.23833736
T4             0.18372732    0.24133678    0.23088262    0.00000000    0.06960151    0.05846359    0.29157176    0.22096626    0.24133678    0.18595882    0.23145037    0.23116156    0.20386167    0.20183328    0.19347246    0.19599490    0.18845449    0.22418655    0.18896912    0.18845449    0.18821048    0.18595882    0.18595882    0.18821048
T15            0.19425031    0.26289332    0.24869900    0.06960151    0.00000000    0.07169337    0.32191003    0.24400569    0.26289332    0.20777579    0.25549383    0.25821172    0.22911462    0.21320341    0.21608688    0.21867343    0.20748598    0.23903353    0.20748598    0.20976840    0.20949833    0.21290648    0.20210702    0.19877401
T2             0.16005516    0.21320341    0.20338132    0.05846359    0.07169337    0.00000000    0.26367858    0.19599490    0.20976840    0.15964824    0.20667204    0.20923762    0.18503063    0.19121062    0.18298746    0.18547700    0.16469496    0.19071636    0.16206928    0.15910074    0.16152670    0.16449873    0.16226705    0.16449873
T12            0.26717483    0.33622318    0.33630214    0.29157176    0.32191003    0.26367858    0.00000000    0.20898629    0.22589772    0.17736523    0.23145037    0.23409576    0.22328038    0.22126941    0.22067266    0.22328038    0.24238539    0.28748766    0.25620647    0.26782508    0.25534556    0.25046853    0.26023158    0.26883074
T13            0.19957151    0.28145850    0.27338542    0.22096626    0.24400569    0.19599490    0.20898629    0.00000000    0.07859231    0.07849734    0.16957622    0.17202969    0.14437684    0.16314201    0.14746874    0.14985006    0.18050670    0.24703795    0.19277575    0.20338132    0.19256166    0.19071636    0.18797538    0.19025798
T10            0.21350967    0.28426985    0.26691674    0.24133678    0.26289332    0.20976840    0.22589772    0.07859231    0.00000000    0.09697684    0.19425031    0.19676896    0.17557123    0.16823221    0.16823221    0.17067007    0.19071636    0.26208079    0.21207192    0.20594192    0.20293825    0.20949833    0.19372277    0.20156868
T22            0.15243500    0.24332737    0.23300540    0.18595882    0.20777579    0.15964824    0.17736523    0.07849734    0.09697684    0.00000000    0.13964209    0.14200543    0.11791820    0.11837981    0.11348836    0.11577264    0.14709625    0.19929660    0.14898818    0.15379198    0.15110276    0.14659872    0.14184437    0.14914408
T0             0.20131325    0.28709224    0.27528650    0.23145037    0.25549383    0.20667204    0.23145037    0.16957622    0.19425031    0.13964209    0.00000000    0.00200301    0.05835747    0.15004702    0.13197694    0.13932468    0.18693437    0.24568510    0.18963817    0.19742616    0.19179686    0.19762773    0.18712454    0.19488683
T21            0.20386167    0.28992576    0.27809860    0.23116156    0.25821172    0.20923762    0.23409576    0.17202969    0.19676896    0.14200543    0.00200301    0.00000000    0.06050788    0.15243500    0.13432314    0.14169141    0.18944976    0.24837705    0.19216089    0.19997477    0.19433245    0.20017460    0.18963817    0.19742616
T8             0.18027624    0.26955487    0.24963046    0.20386167    0.22911462    0.18503063    0.22328038    0.14437684    0.17557123    0.11791820    0.05835747    0.06050788    0.00000000    0.12761073    0.11053124    0.11281648    0.16640419    0.21519937    0.17659522    0.18424513    0.18140359    0.17944223    0.17183824    0.17677451
T11            0.18372732    0.26756426    0.26814952    0.20183328    0.21320341    0.19121062    0.22126941    0.16314201    0.16823221    0.11837981    0.15004702    0.15243500    0.12761073    0.00000000    0.05653944    0.05867360    0.18027624    0.22126941    0.18524937    0.19025798    0.18732376    0.18821048    0.17243855    0.18005453
T17            0.17827514    0.27308980    0.26814952    0.19347246    0.21608688    0.18298746    0.22067266    0.14746874    0.16823221    0.11348836    0.13197694    0.13432314    0.11053124    0.05653944    0.00000000    0.00602720    0.18571349    0.22190425    0.18524937    0.19025798    0.18732376    0.18821048    0.17511347    0.18275840
T7             0.17852429    0.27586856    0.27092305    0.19599490    0.21867343    0.18547700    0.22328038    0.14985006    0.17067007    0.11577264    0.13932468    0.14169141    0.11281648    0.05867360    0.00602720    0.00000000    0.18595882    0.22223590    0.18547700    0.19048267    0.18753199    0.18845449    0.17533804    0.18298746
T1             0.11995321    0.25046156    0.23675105    0.18845449    0.20748598    0.16469496    0.24238539    0.18050670    0.19071636    0.14709625    0.18693437    0.18944976    0.16640419    0.18027624    0.18571349    0.18595882    0.00000000    0.12498575    0.08045608    0.09428436    0.08724197    0.08510538    0.11489771    0.11710995
T20            0.15704309    0.28120580    0.26093994    0.22418655    0.23903353    0.19071636    0.28748766    0.24703795    0.26208079    0.19929660    0.24568510    0.24837705    0.21519937    0.22126941    0.22190425    0.22223590    0.12498575    0.00000000    0.11041782    0.11740988    0.11971816    0.10338662    0.15445147    0.15668322
T6             0.11730211    0.25513274    0.24153465    0.18896912    0.20748598    0.16206928    0.25620647    0.19277575    0.21207192    0.14898818    0.18963817    0.19216089    0.17659522    0.18524937    0.18524937    0.18547700    0.08045608    0.11041782    0.00000000    0.04343663    0.04124060    0.04969140    0.10996549    0.10749083
T16            0.12679778    0.25140006    0.23809305    0.18845449    0.20976840    0.15910074    0.26782508    0.20338132    0.20594192    0.15379198    0.19742616    0.19997477    0.18424513    0.19025798    0.19025798    0.19048267    0.09428436    0.11740988    0.04343663    0.00000000    0.02245643    0.06050788    0.10996549    0.11219758
T14            0.12913556    0.24506955    0.23207572    0.18821048    0.20949833    0.16152670    0.25534556    0.19256166    0.20293825    0.15110276    0.19179686    0.19433245    0.18140359    0.18732376    0.18732376    0.18753199    0.08724197    0.11971816    0.04124060    0.02245643    0.00000000    0.05827871    0.11226270    0.11450482
T19            0.11740988    0.25242431    0.24180805    0.18595882    0.21290648    0.16449873    0.25046853    0.19071636    0.20949833    0.14659872    0.19762773    0.20017460    0.17944223    0.18821048    0.18821048    0.18845449    0.08510538    0.10338662    0.04969140    0.06050788    0.05827871    0.00000000    0.10783804    0.10989818
T3             0.10329023    0.25858235    0.23646479    0.18595882    0.20210702    0.16226705    0.26023158    0.18797538    0.19372277    0.14184437    0.18712454    0.18963817    0.17183824    0.17243855    0.17511347    0.17533804    0.11489771    0.15445147    0.10996549    0.10996549    0.11226270    0.10783804    0.00000000    0.03902090
T5             0.09612570    0.25785145    0.23833736    0.18821048    0.19877401    0.16449873    0.26883074    0.19025798    0.20156868    0.14914408    0.19488683    0.19742616    0.17677451    0.18005453    0.18275840    0.18298746    0.11710995    0.15668322    0.10749083    0.11219758    0.11450482    0.10989818    0.03902090    0.00000000

