24
T10            0.00000000    0.22129272    0.23010802    0.27587330    0.25716596    0.26023557    0.31793493    0.32891752    0.27797235    0.25586945    0.24704187    0.28226820    0.23638889    0.23638889    0.24243550    0.24855627    0.25517595    0.26967446    0.25716596    0.22300042    0.22561905    0.20411819    0.26522254    0.25444531
T22            0.22129272    0.00000000    0.01212499    0.19806075    0.17907985    0.18174762    0.24838060    0.26405200    0.19829010    0.19552631    0.18753388    0.22300042    0.16511450    0.16511450    0.16207076    0.16733617    0.16754794    0.16957781    0.17087445    0.20807748    0.21066028    0.16640555    0.21520213    0.21935125
T0             0.23010802    0.01212499    0.00000000    0.20950088    0.19004422    0.19277774    0.24870265    0.26443170    0.20977103    0.20693661    0.19877632    0.24033498    0.17827715    0.17827715    0.16754794    0.17827715    0.17852637    0.18322737    0.18157186    0.21959681    0.22220994    0.17716124    0.22712413    0.23116456
T7             0.27587330    0.19806075    0.20950088    0.00000000    0.01827000    0.04139608    0.20465421    0.20493602    0.14421856    0.12730919    0.12252888    0.15394549    0.12599671    0.12599671    0.12350205    0.12350205    0.13334973    0.13529623    0.17183979    0.25478587    0.25750553    0.22096925    0.26796897    0.26405200
T20            0.25716596    0.17907985    0.19004422    0.01827000    0.00000000    0.02653166    0.18525131    0.18821257    0.12679852    0.11031260    0.10565534    0.13878789    0.11364625    0.11364625    0.10638003    0.10638003    0.11592897    0.11548521    0.15364918    0.23675420    0.23941949    0.20386402    0.24937739    0.24568862
T3             0.26023557    0.18174762    0.19277774    0.04139608    0.02653166    0.00000000    0.18797740    0.18547900    0.12925018    0.10338715    0.09877297    0.13630578    0.12562920    0.12562920    0.11821922    0.11821922    0.12794538    0.13026928    0.15620760    0.23381125    0.23646785    0.20667450    0.25242829    0.25478587
T1             0.31793493    0.24838060    0.24870265    0.20465421    0.18525131    0.18797740    0.00000000    0.08052821    0.16754794    0.16005674    0.15503489    0.18845665    0.21298199    0.21298199    0.19856261    0.19856261    0.19889234    0.20076433    0.23007589    0.30345192    0.30633916    0.25009281    0.29624366    0.31553251
T14            0.32891752    0.26405200    0.26443170    0.20493602    0.18821257    0.18547900    0.08052821    0.00000000    0.18399367    0.15764696    0.15264016    0.19425273    0.22223577    0.22223577    0.20462666    0.19889234    0.20788226    0.21629678    0.24400947    0.30724877    0.31014687    0.24740542    0.31262300    0.32891752
T23            0.27797235    0.19829010    0.20977103    0.14421856    0.12679852    0.12925018    0.16754794    0.18399367    0.00000000    0.09877297    0.08954691    0.11730275    0.14572051    0.14572051    0.13802496    0.14314212    0.14335931    0.15307211    0.18503251    0.26131412    0.26405200    0.21899022    0.26605518    0.26522254
T18            0.25586945    0.19552631    0.20693661    0.12730919    0.11031260    0.10338715    0.16005674    0.15764696    0.09877297    0.00000000    0.00805153    0.08699374    0.13334973    0.13334973    0.12084460    0.12084460    0.12599671    0.13802496    0.15635813    0.23705055    0.23971461    0.19903314    0.23534844    0.25586945
T11            0.24704187    0.18753388    0.19877632    0.12252888    0.10565534    0.09877297    0.15503489    0.15264016    0.08954691    0.00805153    0.00000000    0.08249869    0.13355638    0.13355638    0.12101980    0.12101980    0.12619194    0.13315084    0.15394549    0.22852773    0.23116456    0.19096119    0.22974681    0.24704187
T2             0.28226820    0.22300042    0.24033498    0.15394549    0.13878789    0.13630578    0.18845665    0.19425273    0.11730275    0.08699374    0.08249869    0.00000000    0.15856587    0.15856587    0.15285206    0.15808998    0.15569106    0.16823408    0.19256359    0.26263858    0.26539071    0.23206079    0.27988837    0.29201682
T6             0.23638889    0.16511450    0.17827715    0.12599671    0.11364625    0.12562920    0.21298199    0.22223577    0.14572051    0.13334973    0.13355638    0.15856587    0.00000000    0.00000000    0.04790459    0.04790459    0.05220916    0.08122968    0.15243643    0.21578456    0.21837218    0.18151784    0.20838597    0.21640460
T9             0.23638889    0.16511450    0.17827715    0.12599671    0.11364625    0.12562920    0.21298199    0.22223577    0.14572051    0.13334973    0.13355638    0.15856587    0.00000000    0.00000000    0.04790459    0.04790459    0.05220916    0.08122968    0.15243643    0.21578456    0.21837218    0.18151784    0.20838597    0.21640460
T13            0.24243550    0.16207076    0.16754794    0.12350205    0.10638003    0.11821922    0.19856261    0.20462666    0.13802496    0.12084460    0.12101980    0.15285206    0.04790459    0.04790459    0.00000000    0.00806480    0.05001586    0.07662032    0.13964321    0.22158524    0.22418973    0.17878420    0.21706207    0.22223924
T8             0.24855627    0.16733617    0.17827715    0.12350205    0.10638003    0.11821922    0.19856261    0.19889234    0.14314212    0.12084460    0.12101980    0.15808998    0.04790459    0.04790459    0.00806480    0.00000000    0.05001586    0.07662032    0.14472122    0.21867647    0.22127248    0.17878420    0.21706207    0.22223924
T5             0.25517595    0.16754794    0.17852637    0.13334973    0.11592897    0.12794538    0.19889234    0.20788226    0.14335931    0.12599671    0.12619194    0.15569106    0.05220916    0.05220916    0.05001586    0.05001586    0.00000000    0.07673792    0.15004843    0.21899022    0.22158524    0.17632444    0.21448745    0.22553224
T17            0.26967446    0.16957781    0.18322737    0.13529623    0.11548521    0.13026928    0.20076433    0.21629678    0.15307211    0.13802496    0.13315084    0.16823408    0.08122968    0.08122968    0.07662032    0.07662032    0.07673792    0.00000000    0.15205358    0.22680377    0.22942743    0.18924207    0.24016386    0.24855627
T4             0.25716596    0.17087445    0.18157186    0.17183979    0.15364918    0.15620760    0.23007589    0.24400947    0.18503251    0.15635813    0.15394549    0.19256359    0.15243643    0.15243643    0.13964321    0.14472122    0.15004843    0.15205358    0.00000000    0.23035724    0.23300818    0.19277774    0.24333095    0.24870265
T15            0.22300042    0.20807748    0.21959681    0.25478587    0.23675420    0.23381125    0.30345192    0.30724877    0.26131412    0.23705055    0.22852773    0.26263858    0.21578456    0.21578456    0.22158524    0.21867647    0.21899022    0.22680377    0.23035724    0.00000000    0.00200301    0.11522741    0.16998984    0.16396251
T16            0.22561905    0.21066028    0.22220994    0.25750553    0.23941949    0.23646785    0.30633916    0.31014687    0.26405200    0.23971461    0.23116456    0.26539071    0.21837218    0.21837218    0.22418973    0.22127248    0.22158524    0.22942743    0.23300818    0.00200301    0.00000000    0.11752610    0.17244028    0.16640555
T19            0.20411819    0.16640555    0.17716124    0.22096925    0.20386402    0.20667450    0.25009281    0.24740542    0.21899022    0.19903314    0.19096119    0.23206079    0.18151784    0.18151784    0.17878420    0.17878420    0.17632444    0.18924207    0.19277774    0.11522741    0.11752610    0.00000000    0.10159400    0.10565534
T21            0.26522254    0.21520213    0.22712413    0.26796897    0.24937739    0.25242829    0.29624366    0.31262300    0.26605518    0.23534844    0.22974681    0.27988837    0.20838597    0.20838597    0.21706207    0.21706207    0.21448745    0.24016386    0.24333095    0.16998984    0.17244028    0.10159400    0.00000000    0.12993873
T12            0.25444531    0.21935125    0.23116456    0.26405200    0.24568862    0.25478587    0.31553251    0.32891752    0.26522254    0.25586945    0.24704187    0.29201682    0.21640460    0.21640460    0.22223924    0.22223924    0.22553224    0.24855627    0.24870265    0.16396251    0.16640555    0.10565534    0.12993873    0.00000000

