24
T14            0.00000000    0.27757211    0.27394181    0.27950854    0.31133257    0.28471034    0.30638523    0.28596817    0.34078988    0.33826652    0.29606579    0.32991206    0.33728836    0.31761654    0.24604031    0.25245970    0.25553047    0.32533647    0.32947836    0.25282249    0.26212098    0.26293553    0.26212098    0.24604031
T7             0.27757211    0.00000000    0.03289505    0.02656507    0.17388971    0.13103360    0.15570413    0.12159987    0.21967193    0.18623251    0.15547677    0.17829296    0.18954071    0.17634112    0.19262519    0.18733929    0.19575007    0.29882869    0.26610724    0.17068681    0.17880104    0.17171696    0.17880104    0.17289824
T16            0.27394181    0.03289505    0.00000000    0.01007284    0.17634112    0.13335967    0.16339784    0.13913557    0.21933865    0.18324351    0.16270248    0.18573188    0.19706729    0.18374667    0.17362906    0.17880104    0.18153538    0.28171837    0.26886828    0.17045045    0.17045045    0.16874933    0.16512766    0.17000330
T8             0.27950854    0.02656507    0.01007284    0.00000000    0.17583066    0.13549558    0.16028565    0.13611278    0.22161005    0.18872713    0.16006919    0.18300510    0.19427171    0.18101236    0.18126953    0.18649606    0.18926068    0.29061896    0.26818532    0.17000330    0.17267176    0.17093166    0.17267176    0.17224465
T19            0.31133257    0.17388971    0.17634112    0.17583066    0.00000000    0.04770803    0.17759586    0.15810317    0.25111125    0.23147796    0.19510772    0.22198619    0.22510669    0.21753769    0.22536935    0.22274914    0.21987316    0.31943365    0.30683402    0.22592404    0.21441954    0.21264323    0.22013862    0.20830868
T2             0.28471034    0.13103360    0.13335967    0.13549558    0.04770803    0.00000000    0.13228144    0.11627010    0.20644060    0.18483708    0.15395505    0.18463572    0.18213987    0.17717475    0.19879460    0.19349203    0.19073514    0.28922963    0.26171886    0.17470536    0.16414437    0.16228076    0.16939691    0.15864008
T5             0.30638523    0.15570413    0.16339784    0.16028565    0.17759586    0.13228144    0.00000000    0.10427667    0.24637431    0.20619662    0.16939691    0.21441954    0.22041372    0.20669393    0.20925974    0.21236436    0.20952109    0.30349755    0.28637671    0.19123058    0.19626425    0.18898948    0.19626425    0.18483708
T4             0.28596817    0.12159987    0.13913557    0.13611278    0.15810317    0.11627010    0.10427667    0.00000000    0.23716265    0.19706729    0.15744973    0.19123058    0.19706729    0.18374667    0.20872712    0.19764771    0.19483633    0.30742264    0.28471034    0.18676838    0.18401138    0.18515718    0.18954071    0.18076389
T20            0.34078988    0.21967193    0.21933865    0.22161005    0.25111125    0.20644060    0.24637431    0.23716265    0.00000000    0.13682638    0.12227233    0.14170075    0.14438702    0.13433143    0.24809627    0.24540283    0.24840875    0.33777115    0.31231252    0.22223074    0.21937129    0.21183492    0.22799931    0.21890834
T0             0.33826652    0.18623251    0.18324351    0.18872713    0.23147796    0.18483708    0.20619662    0.19706729    0.13682638    0.00000000    0.10094106    0.13172067    0.13682638    0.12227233    0.21937129    0.21961737    0.22248507    0.31805279    0.30576896    0.20853225    0.20853225    0.20108725    0.20853225    0.20531487
T15            0.29606579    0.15547677    0.16270248    0.16006919    0.19510772    0.15395505    0.16939691    0.15744973    0.12227233    0.10094106    0.00000000    0.06704369    0.07155756    0.05835884    0.19237359    0.19257905    0.18985238    0.29321007    0.25711983    0.16610398    0.17396199    0.16414437    0.16610398    0.16841839
T13            0.32991206    0.17829296    0.18573188    0.18300510    0.22198619    0.18463572    0.21441954    0.19123058    0.14170075    0.13172067    0.06704369    0.00000000    0.02447281    0.02442173    0.21629988    0.22223074    0.22510669    0.33128776    0.28949627    0.19181236    0.20274906    0.19257905    0.19452414    0.19689330
T18            0.33728836    0.18954071    0.19706729    0.19427171    0.22510669    0.18213987    0.22041372    0.19706729    0.14438702    0.13682638    0.07155756    0.02447281    0.00000000    0.02862863    0.22799931    0.22827041    0.23118844    0.33877444    0.29293392    0.20573686    0.21417047    0.20388271    0.20573686    0.20809464
T1             0.31761654    0.17634112    0.18374667    0.18101236    0.21753769    0.17717475    0.20669393    0.18374667    0.13433143    0.12227233    0.05835884    0.02442173    0.02862863    0.00000000    0.21417047    0.21441954    0.21727088    0.32237905    0.28721286    0.19237359    0.20062135    0.19050090    0.19237359    0.19470940
T23            0.24604031    0.19262519    0.17362906    0.18126953    0.22536935    0.19879460    0.20925974    0.20872712    0.24809627    0.21937129    0.19237359    0.21629988    0.22799931    0.21417047    0.00000000    0.03069853    0.02859747    0.14422728    0.19470940    0.11523294    0.12008938    0.11065827    0.11765525    0.11500537
T22            0.25245970    0.18733929    0.17880104    0.18649606    0.22274914    0.19349203    0.21236436    0.19764771    0.24540283    0.21961737    0.19257905    0.22223074    0.22827041    0.21441954    0.03069853    0.00000000    0.01007284    0.13933388    0.20317444    0.12022658    0.12267868    0.11563185    0.11807198    0.11995992
T10            0.25553047    0.19575007    0.18153538    0.18926068    0.21987316    0.19073514    0.20952109    0.19483633    0.24840875    0.22248507    0.18985238    0.22510669    0.23118844    0.21727088    0.02859747    0.01007284    0.00000000    0.13682638    0.21111191    0.12022658    0.12514290    0.11807198    0.12514290    0.12239999
T6             0.32533647    0.29882869    0.28171837    0.29061896    0.31943365    0.28922963    0.30349755    0.30742264    0.33777115    0.31805279    0.29321007    0.33128776    0.33877444    0.32237905    0.14422728    0.13933388    0.13682638    0.00000000    0.30884660    0.21293149    0.20495696    0.19987863    0.20780031    0.20388271
T9             0.32947836    0.26610724    0.26886828    0.26818532    0.30683402    0.26171886    0.28637671    0.28471034    0.31231252    0.30576896    0.25711983    0.28949627    0.29293392    0.28721286    0.19470940    0.20317444    0.21111191    0.30884660    0.00000000    0.12175194    0.14344178    0.13868069    0.14367048    0.14077031
T21            0.25282249    0.17068681    0.17045045    0.17000330    0.22592404    0.17470536    0.19123058    0.18676838    0.22223074    0.20853225    0.16610398    0.19181236    0.20573686    0.19237359    0.11523294    0.12022658    0.12022658    0.21293149    0.12175194    0.00000000    0.05626695    0.05200387    0.05846519    0.04966162
T17            0.26212098    0.17880104    0.17045045    0.17267176    0.21441954    0.16414437    0.19626425    0.18401138    0.21937129    0.20853225    0.17396199    0.20274906    0.21417047    0.20062135    0.12008938    0.12267868    0.12514290    0.20495696    0.14344178    0.05626695    0.00000000    0.02444410    0.05200387    0.04549508
T3             0.26293553    0.17171696    0.16874933    0.17093166    0.21264323    0.16228076    0.18898948    0.18515718    0.21183492    0.20108725    0.16414437    0.19257905    0.20388271    0.19050090    0.11065827    0.11563185    0.11807198    0.19987863    0.13868069    0.05200387    0.02444410    0.00000000    0.04776744    0.04334422
T12            0.26212098    0.17880104    0.16512766    0.17267176    0.22013862    0.16939691    0.19626425    0.18954071    0.22799931    0.20853225    0.16610398    0.19452414    0.20573686    0.19237359    0.11765525    0.11807198    0.12514290    0.20780031    0.14367048    0.05846519    0.05200387    0.04776744    0.00000000    0.04541880
T11            0.24604031    0.17289824    0.17000330    0.17224465    0.20830868    0.15864008    0.18483708    0.18076389    0.21890834    0.20531487    0.16841839    0.19689330    0.20809464    0.19470940    0.11500537    0.11995992    0.12239999    0.20388271    0.14077031    0.04966162    0.04549508    0.04334422    0.04541880    0.00000000

