24
T8             0.00000000    0.27515927    0.23005214    0.23235571    0.22647121    0.22647121    0.19731481    0.21896858    0.21638319    0.18026480    0.27943407    0.27428831    0.22448838    0.26834607    0.24900864    0.17605127    0.19145738    0.22972363    0.20922255    0.20181843    0.17714912    0.22148969    0.20785815    0.18892910
T17            0.27515927    0.00000000    0.11871954    0.12083787    0.11592293    0.11592293    0.20491755    0.21805727    0.20975259    0.29526909    0.35602924    0.33266826    0.30479155    0.36958864    0.35353024    0.26519009    0.27386879    0.34801205    0.34025776    0.33183337    0.29197801    0.35602924    0.33216235    0.31124738
T10            0.23005214    0.11871954    0.00000000    0.02241937    0.01826984    0.01826984    0.16555381    0.18345937    0.17826322    0.23235571    0.30297437    0.28142946    0.24935050    0.28588875    0.28745735    0.19598148    0.21463906    0.28223288    0.28182570    0.27386879    0.24063536    0.29967246    0.27471231    0.26261070
T16            0.23235571    0.12083787    0.02241937    0.00000000    0.00401610    0.00401610    0.16246369    0.18570110    0.17510265    0.24363950    0.30876055    0.28706252    0.25475837    0.29153921    0.28667884    0.20948290    0.22850664    0.28463602    0.28424048    0.27623774    0.24298222    0.30213480    0.28030662    0.26503733
T20            0.22647121    0.11592293    0.01826984    0.00401610    0.00000000    0.00000000    0.16246369    0.18026480    0.17510265    0.23764918    0.30876055    0.28706252    0.25475837    0.29153921    0.28667884    0.20384734    0.22270758    0.28463602    0.28424048    0.27623774    0.24298222    0.30213480    0.28030662    0.26503733
T7             0.22647121    0.11592293    0.01826984    0.00401610    0.00000000    0.00000000    0.16246369    0.18026480    0.17510265    0.23764918    0.30876055    0.28706252    0.25475837    0.29153921    0.28667884    0.20384734    0.22270758    0.28463602    0.28424048    0.27623774    0.24298222    0.30213480    0.28030662    0.26503733
T3             0.19731481    0.20491755    0.16555381    0.16246369    0.16246369    0.16246369    0.00000000    0.08099106    0.07422354    0.21031990    0.27623774    0.26793618    0.22448838    0.28117324    0.26440065    0.19145738    0.20718979    0.22156336    0.21777243    0.21896858    0.20237426    0.25818682    0.23172985    0.22037160
T15            0.21896858    0.21805727    0.18345937    0.18570110    0.18026480    0.18026480    0.08099106    0.00000000    0.04760745    0.23005214    0.32081961    0.31205784    0.26328639    0.32296218    0.30479155    0.21576420    0.22909567    0.27110215    0.27306173    0.27152211    0.23302061    0.28504260    0.26055586    0.25475837
T22            0.21638319    0.20975259    0.17826322    0.17510265    0.17510265    0.17510265    0.07422354    0.04760745    0.00000000    0.23865576    0.30767747    0.29905385    0.25661243    0.31655460    0.29526909    0.21896858    0.23235571    0.25893732    0.26402163    0.26245440    0.22972363    0.28142946    0.25408879    0.24835545
T6             0.18026480    0.29526909    0.23235571    0.24363950    0.23764918    0.23764918    0.21031990    0.23005214    0.23865576    0.00000000    0.22065523    0.21288968    0.16798441    0.21092428    0.19851279    0.16937372    0.17658554    0.25546921    0.23999605    0.23831036    0.20691884    0.25986948    0.23939680    0.22457172
T12            0.27943407    0.35602924    0.30297437    0.30876055    0.30876055    0.30876055    0.27623774    0.32081961    0.30767747    0.22065523    0.00000000    0.02656437    0.06727622    0.12528578    0.10348709    0.23378961    0.24394241    0.29198747    0.27647716    0.28348257    0.23784162    0.29348153    0.27835980    0.26634361
T0             0.27428831    0.33266826    0.28142946    0.28706252    0.28706252    0.28706252    0.26793618    0.31205784    0.29905385    0.21288968    0.02656437    0.00000000    0.06752524    0.12331360    0.10146177    0.23468075    0.23883782    0.28348257    0.27435804    0.27507744    0.23857351    0.29380508    0.27865640    0.26661331
T23            0.22448838    0.30479155    0.24935050    0.25475837    0.25475837    0.25475837    0.22448838    0.26328639    0.25661243    0.16798441    0.06727622    0.06752524    0.00000000    0.07650691    0.05632285    0.19070362    0.20592804    0.23644594    0.22795673    0.23437381    0.18962688    0.24690198    0.22697519    0.21865601
T1             0.26834607    0.36958864    0.28588875    0.29153921    0.29153921    0.29153921    0.28117324    0.32296218    0.31655460    0.21092428    0.12528578    0.12331360    0.07650691    0.00000000    0.05418993    0.24398318    0.25713874    0.30009857    0.28424048    0.29812143    0.25376953    0.31375925    0.29162822    0.27615691
T2             0.24900864    0.35353024    0.28745735    0.28667884    0.28667884    0.28667884    0.26440065    0.30479155    0.29526909    0.19851279    0.10348709    0.10146177    0.05632285    0.05418993    0.00000000    0.22326273    0.23911227    0.28706252    0.26536250    0.27545340    0.23298791    0.29414020    0.26661331    0.25779958
T5             0.17605127    0.26519009    0.19598148    0.20948290    0.20384734    0.20384734    0.19145738    0.21576420    0.21896858    0.16937372    0.23378961    0.23468075    0.19070362    0.24398318    0.22326273    0.00000000    0.04994407    0.22065523    0.20665717    0.21576420    0.19321827    0.24745246    0.22457172    0.21389472
T18            0.19145738    0.27386879    0.21463906    0.22850664    0.22270758    0.22270758    0.20718979    0.22909567    0.23235571    0.17658554    0.24394241    0.23883782    0.20592804    0.25713874    0.23911227    0.04994407    0.00000000    0.22532728    0.21983310    0.22617069    0.20105323    0.25287424    0.23564858    0.22433952
T21            0.22972363    0.34801205    0.28223288    0.28463602    0.28463602    0.28463602    0.22156336    0.27110215    0.25893732    0.25546921    0.29198747    0.28348257    0.23644594    0.30009857    0.28706252    0.22065523    0.22532728    0.00000000    0.07161931    0.06743538    0.10837232    0.14644262    0.12924438    0.12202981
T9             0.20922255    0.34025776    0.28182570    0.28424048    0.28424048    0.28424048    0.21777243    0.27306173    0.26402163    0.23999605    0.27647716    0.27435804    0.22795673    0.28424048    0.26536250    0.20665717    0.21983310    0.07161931    0.00000000    0.03694585    0.09177551    0.12892733    0.11702185    0.10525577
T11            0.20181843    0.33183337    0.27386879    0.27623774    0.27623774    0.27623774    0.21896858    0.27152211    0.26245440    0.23831036    0.28348257    0.27507744    0.23437381    0.29812143    0.27545340    0.21576420    0.22617069    0.06743538    0.03694585    0.00000000    0.09215399    0.12446327    0.11740566    0.10085060
T4             0.17714912    0.29197801    0.24063536    0.24298222    0.24298222    0.24298222    0.20237426    0.23302061    0.22972363    0.20691884    0.23784162    0.23857351    0.18962688    0.25376953    0.23298791    0.19321827    0.20105323    0.10837232    0.09177551    0.09215399    0.00000000    0.06944430    0.06288765    0.04545216
T19            0.22148969    0.35602924    0.29967246    0.30213480    0.30213480    0.30213480    0.25818682    0.28504260    0.28142946    0.25986948    0.29348153    0.29380508    0.24690198    0.31375925    0.29414020    0.24745246    0.25287424    0.14644262    0.12892733    0.12446327    0.06944430    0.00000000    0.05189739    0.07149551
T14            0.20785815    0.33216235    0.27471231    0.28030662    0.28030662    0.28030662    0.23172985    0.26055586    0.25408879    0.23939680    0.27835980    0.27865640    0.22697519    0.29162822    0.26661331    0.22457172    0.23564858    0.12924438    0.11702185    0.11740566    0.06288765    0.05189739    0.00000000    0.06050687
T13            0.18892910    0.31124738    0.26261070    0.26503733    0.26503733    0.26503733    0.22037160    0.25475837    0.24835545    0.22457172    0.26634361    0.26661331    0.21865601    0.27615691    0.25779958    0.21389472    0.22433952    0.12202981    0.10525577    0.10085060    0.04545216    0.07149551    0.06050687    0.00000000

