24
T23            0.00000000    0.24000843    0.24739137    0.24471406    0.23269530    0.22813015    0.25974459    0.24776450    0.33028597    0.33373665    0.28387359    0.26954423    0.24633230    0.18019270    0.17743672    0.17413395    0.22364710    0.20426906    0.16533008    0.16998400    0.13259719    0.10878762    0.10623817    0.10813693
T4             0.24000843    0.00000000    0.07380235    0.07373890    0.13394335    0.14965808    0.15945397    0.15187023    0.24691474    0.24989229    0.19978036    0.17859666    0.16323517    0.26229908    0.25378329    0.25076065    0.29355711    0.26229908    0.24640564    0.24572048    0.24448780    0.23352387    0.23034832    0.26198327
T15            0.24739137    0.07380235    0.00000000    0.06951956    0.13696363    0.15306643    0.15723201    0.14965808    0.25288770    0.25288770    0.20059741    0.17925227    0.16640119    0.26678537    0.25820157    0.25512298    0.31012565    0.27307835    0.23912432    0.23833117    0.25477254    0.24365254    0.24032323    0.27904368
T1             0.24471406    0.07373890    0.06951956    0.00000000    0.12470932    0.13782442    0.15223616    0.14471698    0.24126500    0.23833117    0.18674973    0.16364301    0.15110055    0.25857184    0.25007870    0.24702828    0.30722766    0.26716384    0.23884979    0.22986057    0.24000843    0.22910702    0.22589072    0.24836869
T18            0.23269530    0.13394335    0.13696363    0.12470932    0.00000000    0.06960078    0.09673485    0.08750376    0.21724125    0.22010779    0.17448806    0.14914140    0.13932230    0.22618169    0.22386732    0.22095901    0.24902215    0.23500960    0.22721642    0.22941291    0.22770734    0.20337624    0.20037916    0.24836869
T10            0.22813015    0.14965808    0.15306643    0.13782442    0.06960078    0.00000000    0.09962633    0.09029673    0.22941629    0.23236756    0.19956521    0.17311162    0.15764148    0.23866852    0.23637555    0.23337998    0.28030010    0.24776450    0.24000843    0.23618181    0.24064802    0.21577441    0.21261226    0.22589072
T3             0.25974459    0.15945397    0.15723201    0.15223616    0.09673485    0.09962633    0.00000000    0.01212494    0.26403707    0.26716384    0.22679268    0.19371724    0.18595356    0.27388582    0.27473597    0.26288124    0.31208075    0.27388582    0.25955645    0.26781626    0.28225075    0.24064802    0.24331873    0.28872735
T20            0.24776450    0.15187023    0.14965808    0.14471698    0.08750376    0.09029673    0.01212494    0.00000000    0.25206325    0.25512298    0.21547885    0.18844922    0.17533347    0.25548371    0.25623601    0.24471406    0.29907463    0.26795247    0.24775620    0.25590119    0.26992195    0.23500960    0.23174141    0.27625483
T8             0.33028597    0.24691474    0.25288770    0.24126500    0.21724125    0.22941629    0.26403707    0.25206325    0.00000000    0.01010148    0.19299410    0.17983746    0.17222586    0.35290992    0.35033322    0.33976177    0.39450333    0.35648403    0.34025806    0.33647728    0.34538344    0.31006812    0.30969174    0.32743658
T12            0.33373665    0.24989229    0.25288770    0.23833117    0.22010779    0.23236756    0.26716384    0.25512298    0.01010148    0.00000000    0.19025338    0.17715559    0.16957248    0.35290992    0.35033322    0.33976177    0.39833810    0.36008390    0.34369673    0.33988078    0.34889470    0.31338142    0.31631841    0.33080568
T9             0.28387359    0.19978036    0.20059741    0.18674973    0.17448806    0.19956521    0.22679268    0.21547885    0.19299410    0.19025338    0.00000000    0.06735330    0.06511588    0.30175226    0.29927753    0.29275882    0.36534387    0.32526197    0.28716735    0.29002165    0.28211719    0.26198327    0.26473776    0.29096208
T11            0.26954423    0.17859666    0.17925227    0.16364301    0.14914140    0.17311162    0.19371724    0.18844922    0.17983746    0.17715559    0.06735330    0.00000000    0.04343633    0.28387359    0.28144694    0.27194756    0.34222809    0.29682713    0.26968785    0.26635852    0.27091385    0.25107084    0.25378329    0.27649347
T5             0.24633230    0.16323517    0.16640119    0.15110055    0.13932230    0.15764148    0.18595356    0.17533347    0.17222586    0.16957248    0.06511588    0.04343633    0.00000000    0.26641748    0.26403707    0.25172217    0.31303528    0.27904368    0.25261011    0.25234305    0.25682434    0.23438560    0.23703966    0.24421617
T2             0.18019270    0.26229908    0.26678537    0.25857184    0.22618169    0.23866852    0.27388582    0.25548371    0.35290992    0.35290992    0.30175226    0.28387359    0.26641748    0.00000000    0.00804437    0.02648454    0.14017517    0.12314345    0.16187658    0.16136002    0.19823156    0.16711352    0.16953761    0.20107376
T14            0.17743672    0.25378329    0.25820157    0.25007870    0.22386732    0.23637555    0.27473597    0.25623601    0.35033322    0.35033322    0.29927753    0.28144694    0.26403707    0.00804437    0.00000000    0.02653152    0.14057212    0.12349815    0.15703973    0.15651302    0.19540544    0.16656244    0.16898849    0.19823156
T16            0.17413395    0.25076065    0.25512298    0.24702828    0.22095901    0.23337998    0.26288124    0.24471406    0.33976177    0.33976177    0.29275882    0.27194756    0.25172217    0.02648454    0.02653152    0.00000000    0.13511043    0.11577053    0.15668021    0.16136002    0.19480708    0.16604449    0.16847276    0.19480708
T22            0.22364710    0.29355711    0.31012565    0.30722766    0.24902215    0.28030010    0.31208075    0.29907463    0.39450333    0.39833810    0.36534387    0.34222809    0.31303528    0.14017517    0.14057212    0.13511043    0.00000000    0.10102653    0.21261226    0.21180670    0.23075026    0.19761728    0.20014164    0.24280544
T19            0.20426906    0.26229908    0.27307835    0.26716384    0.23500960    0.24776450    0.27388582    0.26795247    0.35648403    0.36008390    0.32526197    0.29682713    0.27904368    0.12314345    0.12349815    0.11577053    0.10102653    0.00000000    0.19095373    0.18481665    0.20837559    0.17904272    0.18150990    0.22068699
T6             0.16533008    0.24640564    0.23912432    0.23884979    0.22721642    0.24000843    0.25955645    0.24775620    0.34025806    0.34369673    0.28716735    0.26968785    0.25261011    0.16187658    0.15703973    0.15668021    0.21261226    0.19095373    0.00000000    0.04116959    0.17265157    0.15785862    0.15502968    0.18298266
T21            0.16998400    0.24572048    0.23833117    0.22986057    0.22941291    0.23618181    0.26781626    0.25590119    0.33647728    0.33988078    0.29002165    0.26635852    0.25234305    0.16136002    0.15651302    0.16136002    0.21180670    0.18481665    0.04116959    0.00000000    0.16674721    0.15204907    0.14930540    0.18820544
T0             0.13259719    0.24448780    0.25477254    0.24000843    0.22770734    0.24064802    0.28225075    0.26992195    0.34538344    0.34889470    0.28211719    0.27091385    0.25682434    0.19823156    0.19540544    0.19480708    0.23075026    0.20837559    0.17265157    0.16674721    0.00000000    0.07177210    0.06944525    0.14691938
T7             0.10878762    0.23352387    0.24365254    0.22910702    0.20337624    0.21577441    0.24064802    0.23500960    0.31006812    0.31338142    0.26198327    0.25107084    0.23438560    0.16711352    0.16656244    0.16604449    0.19761728    0.17904272    0.15785862    0.15204907    0.07177210    0.00000000    0.01417419    0.12760835
T13            0.10623817    0.23034832    0.24032323    0.22589072    0.20037916    0.21261226    0.24331873    0.23174141    0.30969174    0.31631841    0.26473776    0.25378329    0.23703966    0.16953761    0.16898849    0.16847276    0.20014164    0.18150990    0.15502968    0.14930540    0.06944525    0.01417419    0.00000000    0.12498365
T17            0.10813693    0.26198327    0.27904368    0.24836869    0.24836869    0.22589072    0.28872735    0.27625483    0.32743658    0.33080568    0.29096208    0.27649347    0.24421617    0.20107376    0.19823156    0.19480708    0.24280544    0.22068699    0.18298266    0.18820544    0.14691938    0.12760835    0.12498365    0.00000000

