24
T22            0.00000000    0.38692810    0.38951324    0.34862680    0.22335526    0.20623449    0.20904737    0.28281617    0.27639208    0.16961678    0.17473317    0.18507832    0.18010151    0.17135093    0.16905883    0.17434158    0.27402608    0.27402608    0.27639208    0.28605957    0.17741011    0.16416712    0.08503184    0.08955616
T5             0.38692810    0.00000000    0.14513021    0.10839353    0.36613504    0.38386405    0.38000510    0.47526902    0.45926738    0.38601516    0.39315516    0.39713775    0.38675984    0.37487005    0.37753597    0.38386405    0.44661618    0.46001125    0.43788230    0.44470923    0.41835519    0.42250344    0.37057738    0.36613504
T8             0.38951324    0.14513021    0.00000000    0.09869124    0.37361869    0.38373482    0.37993517    0.46718088    0.45314537    0.36797368    0.37487005    0.37487005    0.36486167    0.35881410    0.37487005    0.37487005    0.44036162    0.44909516    0.43177868    0.45798467    0.41267935    0.41675944    0.36176281    0.36860456
T1             0.34862680    0.10839353    0.09869124    0.00000000    0.33995751    0.35687005    0.35322320    0.43801012    0.42301710    0.33589061    0.34244030    0.35687005    0.34712033    0.33345942    0.34140530    0.34140530    0.40362076    0.41586249    0.39562373    0.40766798    0.36558405    0.36928488    0.32890385    0.33537932
T13            0.22335526    0.36613504    0.37361869    0.33995751    0.00000000    0.02444464    0.02444464    0.23348437    0.22823325    0.18490135    0.19017282    0.21235058    0.20944705    0.19404266    0.18352685    0.18902891    0.29381624    0.29720356    0.29274066    0.29949219    0.21555911    0.21555911    0.18876508    0.19683214
T19            0.20623449    0.38386405    0.38373482    0.35687005    0.02444464    0.00000000    0.00200403    0.22688356    0.21875221    0.18157422    0.18680911    0.20590968    0.20305616    0.18802714    0.17762630    0.18303848    0.28939893    0.29274066    0.28838985    0.29505083    0.21499103    0.21499103    0.18280755    0.19077043
T3             0.20904737    0.38000510    0.37993517    0.35322320    0.02444464    0.00200403    0.00000000    0.22982971    0.22166397    0.18432533    0.18958319    0.20877965    0.20590968    0.19077043    0.18032503    0.18576680    0.28607948    0.28939893    0.28509249    0.29170920    0.21786070    0.21786070    0.18552839    0.19352892
T20            0.28281617    0.47526902    0.46718088    0.43801012    0.23348437    0.22688356    0.22982971    0.00000000    0.08983727    0.26301795    0.26892560    0.27125827    0.27211724    0.27044196    0.25869285    0.25560044    0.37580375    0.37967806    0.37823642    0.38601516    0.26653733    0.26415968    0.24678303    0.24947266
T12            0.27639208    0.45926738    0.45314537    0.42301710    0.22823325    0.21875221    0.22166397    0.08983727    0.00000000    0.24292541    0.24866589    0.24108596    0.24179183    0.24947266    0.23808664    0.24410347    0.34469990    0.34837427    0.34708657    0.35446239    0.25869285    0.25019392    0.22657035    0.22919560
T9             0.16961678    0.38601516    0.36797368    0.33589061    0.18490135    0.18157422    0.18432533    0.26301795    0.24292541    0.00000000    0.00401106    0.08089700    0.07651974    0.11997217    0.11295316    0.11779941    0.21166627    0.21456972    0.21390551    0.22266694    0.16758984    0.16230672    0.13496757    0.14238336
T21            0.17473317    0.39315516    0.37487005    0.34244030    0.19017282    0.18680911    0.18958319    0.26892560    0.24866589    0.00401106    0.00000000    0.08540695    0.08100505    0.12473149    0.11766744    0.12254928    0.21714486    0.22007391    0.21939413    0.22823325    0.17270190    0.16737644    0.13984281    0.14731191
T2             0.18507832    0.39713775    0.37487005    0.35687005    0.21235058    0.20590968    0.20877965    0.27125827    0.24108596    0.08089700    0.08540695    0.00000000    0.00804443    0.12939191    0.11984975    0.12719043    0.21358740    0.21648230    0.21585739    0.22823325    0.17988683    0.17453299    0.14969498    0.15727307
T23            0.18010151    0.38675984    0.36486167    0.34712033    0.20944705    0.20305616    0.20590968    0.27211724    0.24179183    0.07651974    0.08100505    0.00804443    0.00000000    0.12473149    0.11524435    0.12254928    0.20845975    0.21133798    0.21070925    0.22302029    0.17494211    0.16961678    0.14493694    0.15247199
T0             0.17135093    0.37487005    0.35881410    0.33345942    0.19404266    0.18802714    0.19077043    0.27044196    0.24947266    0.11997217    0.12473149    0.12939191    0.12473149    0.00000000    0.02440602    0.02648528    0.16156029    0.16156029    0.16156029    0.17169320    0.17948406    0.17415899    0.13920295    0.14662672
T4             0.16905883    0.37753597    0.37487005    0.34140530    0.18352685    0.17762630    0.18032503    0.25869285    0.23808664    0.11295316    0.11766744    0.11984975    0.11524435    0.02440602    0.00000000    0.01823263    0.15671627    0.15671627    0.15671627    0.16678768    0.17187751    0.16660868    0.12733102    0.13464099
T11            0.17434158    0.38386405    0.37487005    0.34140530    0.18902891    0.18303848    0.18576680    0.25560044    0.24410347    0.11779941    0.12254928    0.12719043    0.12254928    0.02648528    0.01823263    0.00000000    0.15707907    0.15707907    0.15707907    0.16717159    0.17187751    0.16923612    0.13699187    0.14440591
T7             0.27402608    0.44661618    0.44036162    0.40362076    0.29381624    0.28939893    0.28607948    0.37580375    0.34469990    0.21166627    0.21714486    0.21358740    0.20845975    0.16156029    0.15671627    0.15707907    0.00000000    0.01420066    0.01210971    0.03701388    0.26180459    0.25560044    0.23384452    0.24253761
T18            0.27402608    0.46001125    0.44909516    0.41586249    0.29720356    0.29274066    0.28939893    0.37967806    0.34837427    0.21456972    0.22007391    0.21648230    0.21133798    0.16156029    0.15671627    0.15707907    0.01420066    0.00000000    0.01827058    0.04343963    0.26180459    0.25869285    0.23685311    0.24559232
T17            0.27639208    0.43788230    0.43177868    0.39562373    0.29274066    0.28838985    0.28509249    0.37823642    0.34708657    0.21390551    0.21939413    0.21585739    0.21070925    0.16156029    0.15671627    0.15707907    0.01210971    0.01827058    0.00000000    0.04120386    0.25795570    0.25182809    0.23612442    0.24482783
T16            0.28605957    0.44470923    0.45798467    0.40766798    0.29949219    0.29505083    0.29170920    0.38601516    0.35446239    0.22266694    0.22823325    0.22823325    0.22302029    0.17169320    0.16678768    0.16717159    0.03701388    0.04343963    0.04120386    0.00000000    0.27044196    0.26415968    0.23988000    0.24559232
T14            0.17741011    0.41835519    0.41267935    0.36558405    0.21555911    0.21499103    0.21786070    0.26653733    0.25869285    0.16758984    0.17270190    0.17988683    0.17494211    0.17948406    0.17187751    0.17187751    0.26180459    0.26180459    0.25795570    0.27044196    0.00000000    0.02236534    0.13448970    0.14187192
T6             0.16416712    0.42250344    0.41675944    0.36928488    0.21555911    0.21499103    0.21786070    0.26415968    0.25019392    0.16230672    0.16737644    0.17453299    0.16961678    0.17415899    0.16660868    0.16923612    0.25560044    0.25869285    0.25182809    0.26415968    0.02236534    0.00000000    0.12460491    0.13186301
T10            0.08503184    0.37057738    0.36176281    0.32890385    0.18876508    0.18280755    0.18552839    0.24678303    0.22657035    0.13496757    0.13984281    0.14969498    0.14493694    0.13920295    0.12733102    0.13699187    0.23384452    0.23685311    0.23612442    0.23988000    0.13448970    0.12460491    0.00000000    0.01008429
T15            0.08955616    0.36613504    0.36860456    0.33537932    0.19683214    0.19077043    0.19352892    0.24947266    0.22919560    0.14238336    0.14731191    0.15727307    0.15247199    0.14662672    0.13464099    0.14440591    0.24253761    0.24559232    0.24482783    0.24559232    0.14187192    0.13186301    0.01008429    0.00000000

