24
T20            0.00000000    0.32184843    0.32625379    0.36848381    0.34172548    0.33519577    0.34277665    0.32280238    0.32112003    0.30864099    0.32744398    0.29606911    0.30539193    0.28432993    0.33382565    0.33382565    0.16674989    0.15123935    0.16105980    0.18481996    0.16152598    0.15394362    0.15862843    0.15592990
T12            0.32184843    0.00000000    0.00804437    0.05407700    0.03277432    0.09652453    0.10134470    0.08060671    0.35341677    0.35085426    0.36462081    0.32625379    0.33270981    0.33075601    0.37420750    0.37051370    0.33244663    0.32300673    0.32595218    0.34502977    0.31605549    0.30631356    0.32085997    0.31209735
T7             0.32625379    0.00804437    0.00000000    0.05419093    0.03284793    0.09673604    0.10159331    0.08078604    0.35444196    0.35190557    0.36588304    0.32727989    0.33376053    0.33170825    0.36792475    0.36425804    0.33720650    0.32768833    0.33064744    0.34260447    0.31715110    0.30736123    0.32190964    0.31314590
T1             0.36848381    0.05407700    0.05419093    0.00000000    0.02653161    0.13696563    0.14217431    0.12252779    0.41799046    0.41534711    0.41235422    0.36225430    0.37652711    0.38545580    0.42873669    0.42468310    0.38428107    0.37411856    0.37726027    0.38996253    0.35906271    0.35599076    0.36773093    0.36214753
T17            0.34172548    0.03277432    0.03284793    0.02653161    0.00000000    0.11535152    0.12036373    0.09898008    0.38167813    0.37908932    0.38608192    0.34635161    0.35300849    0.35085426    0.39187816    0.38807174    0.35662570    0.34685112    0.34988508    0.36588304    0.33600897    0.32595218    0.34444768    0.33187887
T18            0.33519577    0.09652453    0.09673604    0.13696563    0.11535152    0.00000000    0.01619031    0.01414107    0.34779859    0.36848381    0.37399098    0.34201050    0.34865676    0.32777462    0.36998164    0.36270171    0.32595218    0.33064744    0.33959692    0.34926461    0.32709770    0.31024785    0.32835427    0.31951901
T11            0.34277665    0.10134470    0.10159331    0.14217431    0.12036373    0.01619031    0.00000000    0.01826998    0.35915935    0.37652711    0.38608192    0.34988508    0.35662570    0.34580695    0.38167813    0.37420750    0.33720650    0.34209315    0.35116379    0.35727344    0.33483878    0.31771636    0.33600897    0.32709770
T8             0.32280238    0.08060671    0.08078604    0.12252779    0.09898008    0.01414107    0.01826998    0.00000000    0.34224477    0.36282615    0.36835627    0.32947682    0.33600897    0.32575889    0.36792475    0.36061806    0.31715110    0.32180560    0.33064744    0.33660164    0.31480547    0.29824044    0.31605549    0.30736123
T3             0.32112003    0.35341677    0.35444196    0.41799046    0.38167813    0.34779859    0.35915935    0.34224477    0.00000000    0.03914433    0.16902207    0.17963671    0.18753116    0.18909885    0.24719009    0.24422103    0.33675588    0.32050802    0.32601630    0.36737915    0.33770677    0.32434698    0.33931855    0.32942049
T21            0.30864099    0.35085426    0.35190557    0.41534711    0.37908932    0.36848381    0.37652711    0.36282615    0.03914433    0.00000000    0.16640330    0.17165464    0.17944133    0.18641685    0.24126953    0.23833538    0.33675588    0.31713824    0.32601630    0.36372588    0.33421929    0.32777462    0.33585534    0.32601630
T14            0.32744398    0.36462081    0.36588304    0.41235422    0.38608192    0.37399098    0.38608192    0.36835627    0.16902207    0.16640330    0.00000000    0.16556430    0.17335936    0.18424393    0.24209018    0.23912988    0.34172548    0.32872748    0.32480546    0.36536241    0.33922712    0.32231939    0.33374972    0.32731658
T0             0.29606911    0.32625379    0.32727989    0.36225430    0.34635161    0.34201050    0.34988508    0.32947682    0.17963671    0.17165464    0.16556430    0.00000000    0.01008410    0.13867216    0.18963702    0.18424393    0.27997924    0.28709071    0.29562461    0.32824493    0.30013088    0.28831090    0.29524274    0.28597096
T2             0.30539193    0.33270981    0.33376053    0.37652711    0.35300849    0.34865676    0.35662570    0.33600897    0.18753116    0.17944133    0.17335936    0.01008410    0.00000000    0.14604980    0.19215963    0.18675196    0.28916815    0.29970392    0.30836835    0.33820104    0.30967919    0.29770508    0.30465196    0.29524274
T23            0.28432993    0.33075601    0.33170825    0.38545580    0.35085426    0.32777462    0.34580695    0.32575889    0.18909885    0.18641685    0.18424393    0.13867216    0.14604980    0.00000000    0.10547302    0.10311960    0.30795488    0.30216567    0.30426118    0.35137346    0.31890342    0.30589445    0.31127980    0.30426118
T4             0.33382565    0.37420750    0.36792475    0.42873669    0.39187816    0.36998164    0.38167813    0.36792475    0.24719009    0.24126953    0.24209018    0.18963702    0.19215963    0.10547302    0.00000000    0.00603635    0.35444196    0.34121879    0.35752346    0.40152059    0.36652009    0.34527497    0.35085426    0.35392284
T13            0.33382565    0.37051370    0.36425804    0.42468310    0.38807174    0.36270171    0.37420750    0.36061806    0.24422103    0.23833538    0.23912988    0.18424393    0.18675196    0.10311960    0.00603635    0.00000000    0.35444196    0.34121879    0.35752346    0.40152059    0.36652009    0.34527497    0.35085426    0.35392284
T10            0.16674989    0.33244663    0.33720650    0.38428107    0.35662570    0.32595218    0.33720650    0.31715110    0.33675588    0.33675588    0.34172548    0.27997924    0.28916815    0.30795488    0.35444196    0.35444196    0.00000000    0.04982357    0.06504517    0.07387337    0.06081446    0.06073950    0.06720827    0.05621378
T19            0.15123935    0.32300673    0.32768833    0.37411856    0.34685112    0.33064744    0.34209315    0.32180560    0.32050802    0.31713824    0.32872748    0.28709071    0.29970392    0.30216567    0.34121879    0.34121879    0.04982357    0.00000000    0.02650491    0.06952014    0.04776613    0.04770683    0.05407700    0.04330658
T16            0.16105980    0.32595218    0.33064744    0.37726027    0.34988508    0.33959692    0.35116379    0.33064744    0.32601630    0.32601630    0.32480546    0.29562461    0.30836835    0.30426118    0.35752346    0.35752346    0.06504517    0.02650491    0.00000000    0.08289546    0.06296205    0.06067132    0.06937827    0.05835734
T15            0.18481996    0.34502977    0.34260447    0.38996253    0.36588304    0.34926461    0.35727344    0.33660164    0.36737915    0.36372588    0.36536241    0.32824493    0.33820104    0.35137346    0.40152059    0.40152059    0.07387337    0.06952014    0.08289546    0.00000000    0.03697580    0.05859684    0.06504517    0.05407700
T6             0.16152598    0.31605549    0.31715110    0.35906271    0.33600897    0.32709770    0.33483878    0.31480547    0.33770677    0.33421929    0.33922712    0.30013088    0.30967919    0.31890342    0.36652009    0.36652009    0.06081446    0.04776613    0.06296205    0.03697580    0.00000000    0.03715917    0.04343662    0.03280792
T5             0.15394362    0.30631356    0.30736123    0.35599076    0.32595218    0.31024785    0.31771636    0.29824044    0.32434698    0.32777462    0.32231939    0.28831090    0.29770508    0.30589445    0.34527497    0.34527497    0.06073950    0.04770683    0.06067132    0.05859684    0.03715917    0.00000000    0.04338670    0.03277432
T9             0.15862843    0.32085997    0.32190964    0.36773093    0.34444768    0.32835427    0.33600897    0.31605549    0.33931855    0.33585534    0.33374972    0.29524274    0.30465196    0.31127980    0.35085426    0.35085426    0.06720827    0.05407700    0.06937827    0.06504517    0.04343662    0.04338670    0.00000000    0.02234668
T22            0.15592990    0.31209735    0.31314590    0.36214753    0.33187887    0.31951901    0.32709770    0.30736123    0.32942049    0.32601630    0.32731658    0.28597096    0.29524274    0.30426118    0.35392284    0.35392284    0.05621378    0.04330658    0.05835734    0.05407700    0.03280792    0.03277432    0.02234668    0.00000000

