24
T16            0.00000000    0.17962256    0.15426293    0.16673781    0.16775167    0.16509867    0.18656671    0.20491088    0.17467582    0.18569591    0.19046510    0.19826917    0.18673837    0.17906448    0.18138985    0.15426293    0.15703107    0.29884145    0.29884145    0.32475223    0.28705018    0.29027702    0.42261071    0.41857632
T22            0.17962256    0.00000000    0.06504331    0.07394850    0.12760251    0.12512693    0.14604208    0.16997361    0.14658904    0.14708561    0.16997361    0.17756410    0.17393569    0.16868548    0.17100012    0.14929778    0.14946984    0.27994334    0.27994334    0.29845004    0.27470124    0.27785677    0.40338822    0.39949526
T5             0.15426293    0.06504331    0.00000000    0.01210016    0.10878311    0.10637319    0.11710457    0.14745736    0.12238602    0.12528338    0.14489286    0.15222783    0.14883100    0.14883100    0.15109328    0.12744768    0.12760251    0.24474883    0.24474883    0.25315352    0.23085726    0.23378194    0.37585088    0.37211784
T0             0.16673781    0.07394850    0.01210016    0.00000000    0.11348140    0.11105392    0.11702038    0.15983456    0.13431508    0.13727738    0.15242293    0.15983456    0.15634625    0.15378177    0.15605433    0.13947015    0.13963257    0.25286573    0.25286573    0.26136025    0.24178074    0.24178074    0.39301540    0.38918215
T15            0.16775167    0.12760251    0.10878311    0.11348140    0.00000000    0.00200401    0.08740648    0.14745736    0.12703012    0.12007564    0.14489286    0.14965010    0.15650487    0.16468164    0.16692354    0.14292003    0.14312880    0.26227472    0.26227472    0.29637892    0.26019739    0.26328470    0.40934029    0.40536996
T6             0.16509867    0.12512693    0.10637319    0.11105392    0.00200401    0.00000000    0.08510214    0.14489286    0.12457885    0.11764227    0.14234145    0.14708561    0.15393380    0.16205653    0.16429844    0.14036207    0.14056428    0.25921578    0.25921578    0.29312052    0.25712904    0.26019739    0.40934029    0.40536996
T20            0.18656671    0.14604208    0.11710457    0.11702038    0.08740648    0.08510214    0.00000000    0.17410759    0.14562847    0.15096455    0.17410759    0.17114750    0.18359078    0.17100012    0.17333640    0.15378177    0.15393380    0.27614671    0.27614671    0.29770177    0.26165441    0.26471333    0.43684016    0.43272268
T23            0.20491088    0.16997361    0.14745736    0.15983456    0.14745736    0.14489286    0.17410759    0.00000000    0.07605812    0.07630583    0.18569591    0.19345370    0.19782072    0.17694830    0.17924164    0.15963567    0.15983456    0.30500965    0.30500965    0.33464409    0.28666677    0.28988323    0.42596598    0.42191524
T10            0.17467582    0.14658904    0.12238602    0.13431508    0.12703012    0.12457885    0.14562847    0.07605812    0.00000000    0.03064590    0.16692354    0.17447769    0.17625030    0.15861879    0.16091220    0.14199576    0.14216458    0.28558364    0.28558364    0.31415597    0.27088794    0.27400410    0.41525246    0.41126633
T17            0.18569591    0.14708561    0.12528338    0.13727738    0.12007564    0.11764227    0.15096455    0.07630583    0.03064590    0.00000000    0.17019197    0.17778680    0.17942768    0.15908924    0.16135148    0.14508427    0.14528371    0.27400410    0.27400410    0.30874609    0.26568809    0.26879458    0.41194355    0.40797324
T8             0.19046510    0.16997361    0.14489286    0.15242293    0.14489286    0.14234145    0.17410759    0.18569591    0.16692354    0.17019197    0.00000000    0.02450702    0.03064590    0.11751925    0.11971210    0.12730066    0.12744768    0.27749282    0.27749282    0.30584734    0.27228626    0.27228626    0.42478847    0.42478847
T3             0.19826917    0.17756410    0.15222783    0.15983456    0.14965010    0.14708561    0.17114750    0.19345370    0.17447769    0.17778680    0.02450702    0.00000000    0.03481289    0.12213955    0.12435180    0.13445691    0.13460671    0.29272749    0.29272749    0.32179563    0.28744472    0.28744472    0.43567455    0.43567455
T9             0.18673837    0.17393569    0.14883100    0.15634625    0.15650487    0.15393380    0.18359078    0.19782072    0.17625030    0.17942768    0.03064590    0.03481289    0.00000000    0.12649217    0.12875452    0.13629745    0.13641324    0.29093272    0.29093272    0.31962830    0.28558364    0.28558364    0.40810294    0.40810294
T13            0.17906448    0.16868548    0.14883100    0.15378177    0.16468164    0.16205653    0.17100012    0.17694830    0.15861879    0.15908924    0.11751925    0.12213955    0.12649217    0.00000000    0.00602413    0.11463353    0.11471200    0.27646672    0.27646672    0.30790970    0.27434723    0.27434723    0.42667795    0.42261071
T7             0.18138985    0.17100012    0.15109328    0.15605433    0.16692354    0.16429844    0.17333640    0.17924164    0.16091220    0.16135148    0.11971210    0.12435180    0.12875452    0.00602413    0.00000000    0.11687561    0.11694405    0.27895387    0.27895387    0.31042175    0.27679777    0.27679777    0.42933659    0.42526937
T1             0.15426293    0.14929778    0.12744768    0.13947015    0.14292003    0.14036207    0.15378177    0.15963567    0.14199576    0.14508427    0.12730066    0.13445691    0.13629745    0.11463353    0.11687561    0.00000000    0.00401104    0.26165441    0.26165441    0.28593348    0.25345175    0.25648286    0.40536996    0.40143094
T11            0.15703107    0.14946984    0.12760251    0.13963257    0.14312880    0.14056428    0.15393380    0.15983456    0.14216458    0.14528371    0.12744768    0.13460671    0.13641324    0.11471200    0.11694405    0.00401104    0.00000000    0.26195924    0.26195924    0.28629453    0.25376039    0.25680073    0.41263558    0.40864942
T14            0.29884145    0.27994334    0.24474883    0.25286573    0.26227472    0.25921578    0.27614671    0.30500965    0.28558364    0.27400410    0.27749282    0.29272749    0.29093272    0.27646672    0.27895387    0.26165441    0.26195924    0.00000000    0.00000000    0.05653754    0.06743467    0.06519236    0.39630439    0.39239614
T19            0.29884145    0.27994334    0.24474883    0.25286573    0.26227472    0.25921578    0.27614671    0.30500965    0.28558364    0.27400410    0.27749282    0.29272749    0.29093272    0.27646672    0.27895387    0.26165441    0.26195924    0.00000000    0.00000000    0.05653754    0.06743467    0.06519236    0.39630439    0.39239614
T18            0.32475223    0.29845004    0.25315352    0.26136025    0.29637892    0.29312052    0.29770177    0.33464409    0.31415597    0.30874609    0.30584734    0.32179563    0.31962830    0.30790970    0.31042175    0.28593348    0.28629453    0.05653754    0.05653754    0.00000000    0.07630583    0.07403292    0.41737686    0.41334242
T2             0.28705018    0.27470124    0.23085726    0.24178074    0.26019739    0.25712904    0.26165441    0.28666677    0.27088794    0.26568809    0.27228626    0.28744472    0.28558364    0.27434723    0.27679777    0.25345175    0.25376039    0.06743467    0.06743467    0.07630583    0.00000000    0.00200401    0.39818146    0.39428846
T12            0.29027702    0.27785677    0.23378194    0.24178074    0.26328470    0.26019739    0.26471333    0.28988323    0.27400410    0.26879458    0.27228626    0.28744472    0.28558364    0.27434723    0.27679777    0.25648286    0.25680073    0.06519236    0.06519236    0.07403292    0.00200401    0.00000000    0.40210504    0.39818146
T4             0.42261071    0.40338822    0.37585088    0.39301540    0.40934029    0.40934029    0.43684016    0.42596598    0.41525246    0.41194355    0.42478847    0.43567455    0.40810294    0.42667795    0.42933659    0.40536996    0.41263558    0.39630439    0.39630439    0.41737686    0.39818146    0.40210504    0.00000000    0.00401610
T21            0.41857632    0.39949526    0.37211784    0.38918215    0.40536996    0.40536996    0.43272268    0.42191524    0.41126633    0.40797324    0.42478847    0.43567455    0.40810294    0.42261071    0.42526937    0.40143094    0.40864942    0.39239614    0.39239614    0.41334242    0.39428846    0.39818146    0.00401610    0.00000000

