24
T22            0.00000000    0.30021813    0.29446623    0.28841221    0.27217046    0.24362134    0.25891516    0.25891516    0.55607353    0.55099540    0.50650832    0.25311214    0.24095183    0.24735715    0.23795742    0.23763247    0.25619901    0.25619901    0.26053608    0.26437842    0.16047657    0.19369800    0.18593541    0.17714128
T19            0.30021813    0.00000000    0.01210943    0.06492144    0.05824854    0.19701733    0.19982663    0.19982663    0.55678515    0.56199567    0.50471835    0.25200220    0.24890575    0.25869454    0.24201299    0.24468011    0.24811149    0.24811149    0.24699500    0.25079725    0.27227599    0.30873315    0.29964617    0.31414396
T13            0.29446623    0.01210943    0.00000000    0.06060808    0.05395584    0.19199154    0.19478515    0.19478515    0.54888104    0.55403782    0.49732625    0.24664331    0.24356592    0.25329716    0.23670827    0.23935574    0.24276980    0.24276980    0.24164938    0.24543570    0.26914074    0.30541033    0.29636694    0.31081007
T17            0.28841221    0.06492144    0.06060808    0.00000000    0.03906881    0.18672153    0.19227774    0.19227774    0.55558522    0.56076871    0.49636038    0.23483074    0.23181826    0.24132380    0.23107609    0.23370485    0.23107609    0.23407051    0.24129565    0.23670827    0.26638133    0.30583431    0.29678128    0.30789816
T0             0.27217046    0.05824854    0.05395584    0.03906881    0.00000000    0.17531766    0.17801334    0.17801334    0.51594575    0.52073215    0.47922024    0.22219896    0.22219896    0.22548914    0.21574955    0.21833692    0.22154740    0.22154740    0.22296692    0.22415163    0.25043228    0.28876031    0.27993457    0.28775007
T21            0.24362134    0.19701733    0.19199154    0.18672153    0.17531766    0.00000000    0.06752360    0.06752360    0.49981059    0.49506950    0.44053109    0.16526329    0.16526329    0.17103285    0.15401076    0.15375919    0.16199041    0.16199041    0.17140496    0.17467587    0.21702233    0.23795742    0.23266592    0.25274137
T8             0.25891516    0.19982663    0.19478515    0.19227774    0.17801334    0.06752360    0.00000000    0.00000000    0.50915528    0.50427530    0.43548046    0.16256030    0.16256030    0.16829281    0.15665651    0.15905073    0.15137893    0.15137893    0.16070836    0.16386355    0.22584723    0.24095183    0.23564250    0.23466474
T12            0.25891516    0.19982663    0.19478515    0.19227774    0.17801334    0.06752360    0.00000000    0.00000000    0.50915528    0.50427530    0.43548046    0.16256030    0.16256030    0.16829281    0.15665651    0.15905073    0.15137893    0.15137893    0.16070836    0.16386355    0.22584723    0.24095183    0.23564250    0.23466474
T2             0.55607353    0.55678515    0.54888104    0.55558522    0.51594575    0.49981059    0.50915528    0.50915528    0.00000000    0.00200401    0.06921622    0.44652924    0.45084091    0.46493955    0.45344518    0.45692743    0.48471537    0.48471537    0.46834793    0.47463393    0.51901004    0.57042388    0.55721552    0.55385288
T4             0.55099540    0.56199567    0.55403782    0.56076871    0.52073215    0.49506950    0.50427530    0.50427530    0.00200401    0.00000000    0.06699887    0.44225445    0.45084091    0.46049365    0.44913353    0.45259711    0.48012663    0.48012663    0.46394127    0.47014816    0.51420060    0.56521342    0.55211146    0.54882584
T7             0.50650832    0.50471835    0.49732625    0.49636038    0.47922024    0.44053109    0.43548046    0.43548046    0.06921622    0.06699887    0.00000000    0.38464458    0.39236859    0.40092867    0.38337810    0.38656875    0.41476867    0.41476867    0.40074591    0.40603113    0.45607692    0.50279135    0.49082397    0.48815175
T6             0.25311214    0.25200220    0.24664331    0.23483074    0.22219896    0.16526329    0.16256030    0.16256030    0.44652924    0.44225445    0.38464458    0.00000000    0.02862764    0.03715791    0.04765287    0.04977153    0.10186329    0.10426151    0.10122573    0.10383979    0.24440120    0.28305195    0.27423170    0.25311214
T9             0.24095183    0.24890575    0.24356592    0.23181826    0.22219896    0.16526329    0.16256030    0.16256030    0.45084091    0.45084091    0.39236859    0.02862764    0.00000000    0.01619019    0.04334241    0.04545176    0.09710109    0.09947652    0.09651960    0.09908892    0.24440120    0.28305195    0.27423170    0.25004421
T15            0.24735715    0.25869454    0.25329716    0.24132380    0.22548914    0.17103285    0.16829281    0.16829281    0.46493955    0.46049365    0.40092867    0.03715791    0.01619019    0.00000000    0.05206281    0.05418907    0.10683235    0.10925969    0.10610071    0.10878101    0.25106509    0.29020141    0.28128290    0.25041570
T18            0.23795742    0.24201299    0.23670827    0.23107609    0.21574955    0.15401076    0.15665651    0.15665651    0.45344518    0.44913353    0.38337810    0.04765287    0.04334241    0.05206281    0.00000000    0.00200301    0.09684663    0.09684663    0.09401264    0.09651960    0.22621475    0.26917072    0.26053635    0.23498084
T5             0.23763247    0.24468011    0.23935574    0.23370485    0.21833692    0.15375919    0.15905073    0.15905073    0.45692743    0.45259711    0.38656875    0.04977153    0.04545176    0.05418907    0.00200301    0.00000000    0.09908892    0.09908892    0.09625878    0.09876729    0.22882383    0.27192598    0.26326083    0.23763247
T20            0.25619901    0.24811149    0.24276980    0.23107609    0.22154740    0.16199041    0.15137893    0.15137893    0.48471537    0.48012663    0.41476867    0.10186329    0.09710109    0.10683235    0.09684663    0.09908892    0.00000000    0.01210943    0.03697515    0.03705364    0.23522527    0.28865701    0.27977268    0.24772932
T11            0.25619901    0.24811149    0.24276980    0.23407051    0.22154740    0.16199041    0.15137893    0.15137893    0.48471537    0.48012663    0.41476867    0.10426151    0.09947652    0.10925969    0.09684663    0.09908892    0.01210943    0.00000000    0.03697515    0.03705364    0.23522527    0.28865701    0.27977268    0.24772932
T1             0.26053608    0.24699500    0.24164938    0.24129565    0.22296692    0.17140496    0.16070836    0.16070836    0.46834793    0.46394127    0.40074591    0.10122573    0.09651960    0.10610071    0.09401264    0.09625878    0.03697515    0.03697515    0.00000000    0.02029402    0.23334885    0.28305306    0.27426249    0.25508891
T3             0.26437842    0.25079725    0.24543570    0.23670827    0.22415163    0.17467587    0.16386355    0.16386355    0.47463393    0.47014816    0.40603113    0.10383979    0.09908892    0.10878101    0.09651960    0.09876729    0.03705364    0.03705364    0.02029402    0.00000000    0.23708299    0.28721033    0.27835799    0.25274137
T14            0.16047657    0.27227599    0.26914074    0.26638133    0.25043228    0.21702233    0.22584723    0.22584723    0.51901004    0.51420060    0.45607692    0.24440120    0.24440120    0.25106509    0.22621475    0.22882383    0.23522527    0.23522527    0.23334885    0.23708299    0.00000000    0.07185573    0.06527633    0.08760185
T10            0.19369800    0.30873315    0.30541033    0.30583431    0.28876031    0.23795742    0.24095183    0.24095183    0.57042388    0.56521342    0.50279135    0.28305195    0.28305195    0.29020141    0.26917072    0.27192598    0.28865701    0.28865701    0.28305306    0.28721033    0.07185573    0.00000000    0.00804435    0.12021037
T23            0.18593541    0.29964617    0.29636694    0.29678128    0.27993457    0.23266592    0.23564250    0.23564250    0.55721552    0.55211146    0.49082397    0.27423170    0.27423170    0.28128290    0.26053635    0.26326083    0.27977268    0.27977268    0.27426249    0.27835799    0.06527633    0.00804435    0.00000000    0.11318864
T16            0.17714128    0.31414396    0.31081007    0.30789816    0.28775007    0.25274137    0.23466474    0.23466474    0.55385288    0.54882584    0.48815175    0.25311214    0.25004421    0.25041570    0.23498084    0.23763247    0.24772932    0.24772932    0.25508891    0.25274137    0.08760185    0.12021037    0.11318864    0.00000000

