24
T1             0.00000000    0.42550753    0.31507345    0.34986756    0.31128985    0.30796463    0.33423123    0.34123146    0.43921603    0.43429470    0.33471348    0.33471348    0.35553353    0.36537739    0.36171020    0.33221515    0.32281405    0.32577067    0.29811985    0.30177175    0.30345496    0.37339376    0.33723712    0.38678503
T23            0.42550753    0.00000000    0.17827841    0.20083299    0.18621655    0.18897289    0.20807954    0.19903442    0.32008597    0.32301975    0.19372628    0.19372628    0.21034097    0.20693787    0.20693787    0.21126341    0.20108666    0.21812093    0.18399522    0.19202305    0.17442066    0.24096722    0.19985981    0.30903078
T3             0.31507345    0.17827841    0.00000000    0.05395696    0.07859293    0.08088701    0.09934817    0.10624103    0.24282328    0.24548947    0.12963993    0.12963993    0.13948089    0.14675795    0.14169277    0.13999356    0.12777529    0.14273249    0.12239398    0.12963993    0.11577402    0.17311951    0.13932607    0.21931555
T15            0.34986756    0.20083299    0.05395696    0.00000000    0.09626336    0.09859486    0.11741068    0.12446874    0.26405436    0.26680266    0.15097470    0.15097470    0.16106201    0.16854905    0.16336573    0.16413361    0.14898958    0.16170092    0.14354450    0.15097470    0.13171408    0.19048559    0.16380058    0.24300841
T19            0.31128985    0.18621655    0.07859293    0.09626336    0.00000000    0.00603636    0.03507972    0.04139619    0.24169807    0.24134280    0.12484573    0.12484573    0.13964376    0.14184587    0.13681893    0.14490576    0.12022051    0.13494109    0.11281734    0.12239398    0.11106180    0.17336275    0.13948089    0.21837385
T11            0.30796463    0.18897289    0.08088701    0.09859486    0.00603636    0.00000000    0.03722130    0.04355629    0.24473063    0.24740795    0.12730958    0.12730958    0.14217637    0.14437845    0.13932607    0.14747091    0.12267228    0.13746093    0.11041860    0.11995421    0.10864560    0.17067322    0.13197816    0.22127426
T9             0.33423123    0.20807954    0.09934817    0.11741068    0.03507972    0.03722130    0.00000000    0.01415458    0.25625396    0.25897042    0.13948089    0.13948089    0.15463928    0.15686088    0.15170415    0.15524645    0.13981466    0.15764795    0.12963993    0.13948089    0.12794610    0.18924367    0.15704516    0.23304745
T13            0.34123146    0.19903442    0.10624103    0.12446874    0.04139619    0.04355629    0.01415458    0.00000000    0.26248958    0.26522554    0.14454611    0.14454611    0.15984989    0.16207145    0.15686088    0.16049826    0.14709813    0.16511548    0.13681893    0.14675795    0.13010070    0.19704916    0.16450088    0.24134280
T14            0.43921603    0.32008597    0.24282328    0.26405436    0.24169807    0.24473063    0.25625396    0.26248958    0.00000000    0.01210022    0.16469728    0.16469728    0.17780569    0.18775196    0.17469269    0.17852775    0.24134280    0.25936204    0.23145483    0.23410018    0.22419163    0.31606776    0.26993995    0.32036474
T6             0.43429470    0.32301975    0.24548947    0.26680266    0.24134280    0.24740795    0.25897042    0.26522554    0.01210022    0.00000000    0.16978032    0.16978032    0.18299048    0.19026069    0.17716186    0.18373093    0.24401168    0.26208818    0.23705196    0.23971594    0.22680561    0.31898909    0.27270869    0.32330929
T5             0.33471348    0.19372628    0.12963993    0.15097470    0.12484573    0.12730958    0.13948089    0.14454611    0.16469728    0.16978032    0.00000000    0.00000000    0.02866574    0.03485711    0.02650497    0.06960198    0.14184587    0.14930994    0.13148205    0.13878788    0.13212215    0.19347576    0.16396280    0.22619351
T4             0.33471348    0.19372628    0.12963993    0.15097470    0.12484573    0.12730958    0.13948089    0.14454611    0.16469728    0.16978032    0.00000000    0.00000000    0.02866574    0.03485711    0.02650497    0.06960198    0.14184587    0.14930994    0.13148205    0.13878788    0.13212215    0.19347576    0.16396280    0.22619351
T22            0.35553353    0.21034097    0.13948089    0.16106201    0.13964376    0.14217637    0.15463928    0.15984989    0.17780569    0.18299048    0.02866574    0.02866574    0.00000000    0.02857242    0.01823230    0.08319169    0.15704516    0.16469728    0.14630928    0.15379330    0.14709813    0.21005203    0.18232922    0.24366721
T10            0.36537739    0.20693787    0.14675795    0.16854905    0.14184587    0.14437845    0.15686088    0.16207145    0.18775196    0.19026069    0.03485711    0.03485711    0.02857242    0.00000000    0.01823230    0.09205196    0.15927670    0.16693878    0.14857130    0.15606557    0.14930994    0.21234467    0.17925773    0.25140537
T12            0.36171020    0.20693787    0.14169277    0.16336573    0.13681893    0.13932607    0.15170415    0.15686088    0.17469269    0.17716186    0.02650497    0.02650497    0.01823230    0.01823230    0.00000000    0.08069346    0.15410663    0.16170092    0.14354450    0.15097470    0.14421894    0.21234467    0.17925773    0.24601351
T16            0.33221515    0.21126341    0.13999356    0.16413361    0.14490576    0.14747091    0.15524645    0.16049826    0.17852775    0.18373093    0.06960198    0.06960198    0.08319169    0.09205196    0.08069346    0.00000000    0.15503582    0.16799809    0.14454611    0.15205423    0.13999356    0.21383040    0.17490010    0.24473063
T7             0.32281405    0.20108666    0.12777529    0.14898958    0.12022051    0.12267228    0.13981466    0.14709813    0.24134280    0.24401168    0.14184587    0.14184587    0.15704516    0.15927670    0.15410663    0.15503582    0.00000000    0.04545286    0.07387387    0.08060731    0.06304242    0.12314766    0.09898104    0.19650560
T20            0.32577067    0.21812093    0.14273249    0.16170092    0.13494109    0.13746093    0.15764795    0.16511548    0.25936204    0.26208818    0.14930994    0.14930994    0.16469728    0.16693878    0.16170092    0.16799809    0.04545286    0.00000000    0.08750542    0.09438897    0.07650994    0.13548681    0.11078189    0.20298764
T2             0.29811985    0.18399522    0.12239398    0.14354450    0.11281734    0.11041860    0.12963993    0.13681893    0.23145483    0.23705196    0.13148205    0.13148205    0.14630928    0.14857130    0.14354450    0.14454611    0.07387387    0.08750542    0.00000000    0.01414109    0.04338688    0.10864560    0.08052828    0.20131667
T8             0.30177175    0.19202305    0.12963993    0.15097470    0.12239398    0.11995421    0.13948089    0.14675795    0.23410018    0.23971594    0.13878788    0.13878788    0.15379330    0.15606557    0.15097470    0.15205423    0.08060731    0.09438897    0.01414109    0.00000000    0.04982381    0.11577402    0.08732282    0.20950209
T18            0.30345496    0.17442066    0.11577402    0.13171408    0.11106180    0.10864560    0.12794610    0.13010070    0.22419163    0.22680561    0.13212215    0.13212215    0.14709813    0.14930994    0.14421894    0.13999356    0.06304242    0.07650994    0.04338688    0.04982381    0.00000000    0.09739361    0.06960198    0.19985981
T17            0.37339376    0.24096722    0.17311951    0.19048559    0.17336275    0.17067322    0.18924367    0.19704916    0.31606776    0.31898909    0.19347576    0.19347576    0.21005203    0.21234467    0.21234467    0.21383040    0.12314766    0.13548681    0.10864560    0.11577402    0.09739361    0.00000000    0.04790476    0.25316513
T21            0.33723712    0.19985981    0.13932607    0.16380058    0.13948089    0.13197816    0.15704516    0.16450088    0.26993995    0.27270869    0.16396280    0.16396280    0.18232922    0.17925773    0.17925773    0.17490010    0.09898104    0.11078189    0.08052828    0.08732282    0.06960198    0.04790476    0.00000000    0.21807887
T0             0.38678503    0.30903078    0.21931555    0.24300841    0.21837385    0.22127426    0.23304745    0.24134280    0.32036474    0.32330929    0.22619351    0.22619351    0.24366721    0.25140537    0.24601351    0.24473063    0.19650560    0.20298764    0.20131667    0.20950209    0.19985981    0.25316513    0.21807887    0.00000000

