24
T10            0.00000000    0.44536425    0.42613330    0.41738720    0.42543314    0.44043564    0.42950531    0.43083271    0.43083271    0.41370147    0.42492399    0.42880400    0.43423293    0.43357706    0.43635201    0.33589142    0.20750093    0.21550148    0.22128647    0.22944207    0.22420432    0.22098268    0.24284016    0.24818264
T3             0.44536425    0.00000000    0.02444399    0.24018370    0.25477530    0.25563278    0.26651123    0.28170090    0.27845041    0.26799082    0.27712407    0.26925654    0.28684393    0.28403529    0.28826611    0.22554923    0.43485053    0.45385520    0.43850191    0.44117237    0.44269387    0.45038016    0.50979705    0.51730051
T0             0.42613330    0.02444399    0.00000000    0.22294801    0.23715048    0.23793321    0.25166651    0.26334326    0.26019528    0.25011148    0.25898793    0.25126262    0.26840221    0.26565620    0.27938819    0.21450308    0.41572829    0.43850191    0.42349097    0.42613330    0.42757994    0.42277667    0.48811371    0.49540595
T22            0.41738720    0.24018370    0.22294801    0.00000000    0.04765482    0.05200335    0.21838559    0.23471859    0.23176628    0.21110288    0.21936150    0.21466878    0.23089790    0.22825975    0.23411238    0.18051754    0.36014319    0.38270485    0.37265713    0.37165995    0.36900254    0.37317642    0.39766958    0.40027088
T18            0.42543314    0.25477530    0.23715048    0.04765482    0.00000000    0.01620813    0.22650709    0.24302212    0.24003449    0.21392169    0.22222069    0.21986332    0.24508702    0.24240282    0.24839599    0.18822190    0.38115524    0.38912733    0.37899598    0.38912733    0.37899598    0.38323754    0.40812705    0.41075568
T20            0.44043564    0.25563278    0.23793321    0.05200335    0.01620813    0.00000000    0.23239441    0.24905159    0.24602775    0.21960756    0.22798869    0.21986332    0.25109821    0.24839599    0.25446204    0.19373528    0.38993508    0.39289212    0.38644150    0.39668553    0.38644150    0.39076741    0.41610891    0.41873740
T13            0.42950531    0.26651123    0.25166651    0.21838559    0.22650709    0.23239441    0.00000000    0.08539785    0.08308772    0.06709142    0.07374058    0.06504644    0.13198170    0.12964345    0.12964345    0.16490856    0.38098952    0.40552589    0.40552589    0.41210202    0.40950093    0.40091932    0.43737498    0.44165727
T7             0.43083271    0.28170090    0.26334326    0.23471859    0.24302212    0.24905159    0.08539785    0.00000000    0.00200402    0.05835819    0.06492437    0.07403745    0.14201151    0.14218101    0.14218101    0.17512332    0.38993508    0.41473058    0.41473058    0.42139395    0.41873740    0.41805471    0.44249574    0.44937825
T16            0.43083271    0.27845041    0.26019528    0.23176628    0.24003449    0.24602775    0.08308772    0.00200402    0.00000000    0.05616967    0.06271160    0.07177446    0.14201151    0.13964816    0.13964816    0.17244793    0.38611233    0.41075568    0.41075568    0.41738720    0.41473058    0.41406395    0.43825006    0.44509621
T6             0.41370147    0.26799082    0.25011148    0.21110288    0.21392169    0.21960756    0.06709142    0.05835819    0.05616967    0.00000000    0.00602721    0.05613155    0.12214958    0.11983543    0.11983543    0.15636300    0.35914324    0.38270485    0.38644150    0.39289212    0.39020636    0.38965965    0.42014825    0.42684891
T1             0.42492399    0.27712407    0.25898793    0.21936150    0.22222069    0.22798869    0.07374058    0.06492437    0.06271160    0.00602721    0.00000000    0.06266586    0.12937538    0.12704142    0.12704142    0.16396798    0.36950836    0.39343873    0.39724666    0.40378403    0.40108387    0.40050801    0.43170269    0.43850191
T8             0.42880400    0.26925654    0.25126262    0.21466878    0.21986332    0.21986332    0.06504644    0.07403745    0.07177446    0.05613155    0.06266586    0.00000000    0.11741326    0.11511273    0.11511273    0.15686618    0.37282950    0.38931738    0.39315479    0.39963695    0.39702195    0.39638870    0.43229009    0.43907825
T17            0.43423293    0.28684393    0.26840221    0.23089790    0.24508702    0.25109821    0.13198170    0.14201151    0.14201151    0.12214958    0.12937538    0.11741326    0.00000000    0.00200301    0.04753642    0.19026840    0.40495083    0.42615478    0.42615478    0.43293712    0.43017751    0.42155694    0.46686888    0.47398218
T5             0.43357706    0.28403529    0.26565620    0.22825975    0.24240282    0.24839599    0.12964345    0.14218101    0.13964816    0.11983543    0.12704142    0.11511273    0.00200301    0.00000000    0.04541841    0.18775962    0.40167444    0.42278705    0.42278705    0.42953809    0.42679366    0.41820536    0.46333764    0.47041701
T11            0.43635201    0.28826611    0.27938819    0.23411238    0.24839599    0.25446204    0.12964345    0.14218101    0.13964816    0.11983543    0.12704142    0.11511273    0.04753642    0.04541841    0.00000000    0.18233621    0.40167444    0.41881237    0.42278705    0.42953809    0.42679366    0.41820536    0.46773268    0.47485103
T19            0.33589142    0.22554923    0.21450308    0.18051754    0.18822190    0.19373528    0.16490856    0.17512332    0.17244793    0.15636300    0.16396798    0.15686618    0.19026840    0.18775962    0.18233621    0.00000000    0.33425773    0.34989572    0.34379565    0.35604759    0.35345910    0.35396617    0.39323547    0.39969868
T23            0.20750093    0.43485053    0.41572829    0.36014319    0.38115524    0.38993508    0.38098952    0.38993508    0.38611233    0.35914324    0.36950836    0.37282950    0.40495083    0.40167444    0.40167444    0.33425773    0.00000000    0.09410072    0.08045752    0.08717045    0.08273595    0.09401871    0.10187543    0.10879405
T4             0.21550148    0.45385520    0.43850191    0.38270485    0.38912733    0.39289212    0.40552589    0.41473058    0.41075568    0.38270485    0.39343873    0.38931738    0.42615478    0.42278705    0.41881237    0.34989572    0.09410072    0.00000000    0.08045752    0.09626488    0.08717045    0.09387692    0.11121633    0.11822339
T2             0.22128647    0.43850191    0.42349097    0.37265713    0.37899598    0.38644150    0.40552589    0.41473058    0.41075568    0.38644150    0.39724666    0.39315479    0.42615478    0.42278705    0.42278705    0.34379565    0.08045752    0.08045752    0.00000000    0.01823235    0.01007283    0.04753642    0.08078824    0.08750711
T9             0.22944207    0.44117237    0.42613330    0.37165995    0.38912733    0.39668553    0.41210202    0.42139395    0.41738720    0.39289212    0.40378403    0.39963695    0.43293712    0.42953809    0.42953809    0.35604759    0.08717045    0.09626488    0.01823235    0.00000000    0.00804438    0.05831527    0.09215967    0.09898318
T14            0.22420432    0.44269387    0.42757994    0.36900254    0.37899598    0.38644150    0.40950093    0.41873740    0.41473058    0.39020636    0.40108387    0.39702195    0.43017751    0.42679366    0.42679366    0.35345910    0.08273595    0.08717045    0.01007283    0.00804438    0.00000000    0.04969186    0.08308772    0.08982796
T21            0.22098268    0.45038016    0.42277667    0.37317642    0.38323754    0.39076741    0.40091932    0.41805471    0.41406395    0.38965965    0.40050801    0.39638870    0.42155694    0.41820536    0.41820536    0.35396617    0.09401871    0.09387692    0.04753642    0.05831527    0.04969186    0.00000000    0.09205379    0.09887538
T12            0.24284016    0.50979705    0.48811371    0.39766958    0.40812705    0.41610891    0.43737498    0.44249574    0.43825006    0.42014825    0.43170269    0.43229009    0.46686888    0.46333764    0.46773268    0.39323547    0.10187543    0.11121633    0.08078824    0.09215967    0.08308772    0.09205379    0.00000000    0.00602415
T15            0.24818264    0.51730051    0.49540595    0.40027088    0.41075568    0.41873740    0.44165727    0.44937825    0.44509621    0.42684891    0.43850191    0.43907825    0.47398218    0.47041701    0.47485103    0.39969868    0.10879405    0.11822339    0.08750711    0.09898318    0.08982796    0.09887538    0.00602415    0.00000000

