24
T21            0.00000000    0.14437342    0.16712667    0.16977305    0.16246869    0.16226259    0.16268318    0.17877623    0.25443023    0.35413973    0.16822710    0.18896275    0.17287667    0.16323315    0.13363710    0.14323588    0.15326351    0.12407406    0.12407406    0.12649582    0.11942201    0.14984621    0.14709262    0.09409725
T17            0.14437342    0.00000000    0.09934536    0.09226839    0.08771468    0.08550496    0.13696295    0.16268318    0.23173972    0.33169001    0.14217119    0.16206489    0.14675286    0.19162283    0.16336055    0.17596207    0.18926474    0.16364142    0.16105672    0.16105672    0.15364435    0.19071017    0.18774332    0.14659525
T16            0.16712667    0.09934536    0.00000000    0.03710339    0.03289412    0.03082356    0.16246869    0.18398526    0.24936250    0.35605520    0.17066487    0.19146466    0.18074017    0.22770488    0.19783215    0.19996830    0.20593491    0.18192530    0.17659021    0.17659021    0.17165072    0.21004007    0.20410863    0.16187562
T2             0.16977305    0.09226839    0.03710339    0.00000000    0.01210019    0.01007279    0.15723136    0.17851858    0.25241293    0.35970790    0.16847251    0.18372128    0.17311109    0.22482180    0.19508389    0.19722762    0.21155517    0.17925063    0.17394388    0.17394388    0.16901833    0.20156169    0.19851973    0.16449424
T14            0.16246869    0.08771468    0.03289412    0.01210019    0.00000000    0.00602720    0.15263458    0.17386545    0.23832168    0.35050029    0.16604432    0.18674121    0.17066487    0.21698291    0.18752618    0.18963234    0.19828136    0.17448680    0.16919406    0.16919406    0.16430658    0.19676212    0.19371627    0.15723136
T7             0.16226259    0.08550496    0.03082356    0.01007279    0.00602720    0.00000000    0.15243099    0.17360550    0.23798581    0.34993044    0.16579772    0.18646963    0.17042915    0.21673601    0.18731801    0.18944398    0.20360990    0.17429706    0.16901833    0.16901833    0.16412743    0.19095274    0.18796941    0.15703897
T1             0.16268318    0.13696295    0.16246869    0.15723136    0.15263458    0.15243099    0.00000000    0.07640451    0.19235068    0.27268848    0.10598157    0.12484202    0.11041589    0.21438920    0.18502494    0.19529630    0.20641215    0.18004909    0.18004909    0.18275276    0.16977305    0.19480664    0.19732299    0.14454088
T3             0.17877623    0.16268318    0.18398526    0.17851858    0.17386545    0.17360550    0.07640451    0.00000000    0.21464710    0.31207914    0.12051366    0.13477035    0.12498317    0.21438920    0.19598837    0.21778109    0.22941491    0.19095274    0.19095274    0.19371627    0.18050108    0.21481867    0.21739240    0.16005071
T19            0.25443023    0.23173972    0.24936250    0.25241293    0.23832168    0.23798581    0.19235068    0.21464710    0.00000000    0.34829744    0.17411608    0.18982982    0.18156502    0.32007013    0.27648971    0.28179502    0.28810768    0.27091052    0.27091052    0.27716402    0.26229611    0.27788227    0.28068405    0.23645536
T23            0.35413973    0.33169001    0.35605520    0.35970790    0.35050029    0.34993044    0.27268848    0.31207914    0.34829744    0.00000000    0.29244589    0.31059464    0.30100338    0.41893918    0.39178453    0.41200719    0.41200719    0.37275352    0.37275352    0.36903283    0.36280303    0.43385964    0.42880119    0.35050029
T4             0.16822710    0.14217119    0.17066487    0.16847251    0.16604432    0.16579772    0.10598157    0.12051366    0.17411608    0.29244589    0.00000000    0.03284774    0.04133736    0.22910548    0.19346606    0.19828136    0.21519135    0.18844834    0.18844834    0.19120425    0.17802913    0.20582559    0.20551657    0.14727474
T10            0.18896275    0.16206489    0.19146466    0.18372128    0.18674121    0.18646963    0.12484202    0.13477035    0.18982982    0.31059464    0.03284774    0.00000000    0.05632340    0.24567466    0.21206426    0.21984127    0.23734377    0.20692671    0.20130636    0.20976079    0.19623725    0.22189528    0.22157326    0.16732980
T6             0.17287667    0.14675286    0.18074017    0.17311109    0.17066487    0.17042915    0.11041589    0.12498317    0.18156502    0.30100338    0.04133736    0.05632340    0.00000000    0.23115248    0.19828136    0.20314832    0.22010598    0.19322487    0.19322487    0.19598837    0.18275276    0.21639296    0.21897841    0.15186943
T8             0.16323315    0.19162283    0.22770488    0.22482180    0.21698291    0.21673601    0.21438920    0.21438920    0.32007013    0.41893918    0.22910548    0.24567466    0.23115248    0.00000000    0.04760778    0.09877095    0.11065024    0.13641805    0.14391998    0.14140679    0.13917498    0.20528952    0.20233752    0.15835387
T11            0.13363710    0.16336055    0.19783215    0.19508389    0.18752618    0.18731801    0.18502494    0.19598837    0.27648971    0.39178453    0.19346606    0.21206426    0.19828136    0.04760778    0.00000000    0.06727699    0.07859126    0.10783625    0.11499759    0.11740771    0.11041589    0.18174068    0.17890461    0.13137487
T0             0.14323588    0.17596207    0.19996830    0.19722762    0.18963234    0.18944398    0.19529630    0.21778109    0.28179502    0.41200719    0.19828136    0.21984127    0.20314832    0.09877095    0.06727699    0.00000000    0.04765381    0.11951213    0.12679526    0.12435573    0.12214360    0.19741985    0.19450189    0.14844435
T9             0.15326351    0.18926474    0.20593491    0.21155517    0.19828136    0.20360990    0.20641215    0.22941491    0.28810768    0.41200719    0.21519135    0.23734377    0.22010598    0.11065024    0.07859126    0.04765381    0.00000000    0.13171038    0.13917498    0.13418620    0.13446231    0.20571035    0.20272411    0.14844435
T13            0.12407406    0.16364142    0.18192530    0.17925063    0.17448680    0.17429706    0.18004909    0.19095274    0.27091052    0.37275352    0.18844834    0.20692671    0.19322487    0.13641805    0.10783625    0.11951213    0.13171038    0.00000000    0.01210949    0.02653150    0.02034039    0.18524361    0.18232129    0.12691101
T22            0.12407406    0.16105672    0.17659021    0.17394388    0.16919406    0.16901833    0.18004909    0.19095274    0.27091052    0.37275352    0.18844834    0.20130636    0.19322487    0.14391998    0.11499759    0.12679526    0.13917498    0.01210949    0.00000000    0.02653150    0.02034039    0.18524361    0.18232129    0.12691101
T20            0.12649582    0.16105672    0.17659021    0.17394388    0.16919406    0.16901833    0.18275276    0.19371627    0.27716402    0.36903283    0.19120425    0.20976079    0.19598837    0.14140679    0.11740771    0.12435573    0.13418620    0.02653150    0.02653150    0.00000000    0.01826991    0.18524361    0.18232129    0.12936856
T15            0.11942201    0.15364435    0.17165072    0.16901833    0.16430658    0.16412743    0.16977305    0.18050108    0.26229611    0.36280303    0.17802913    0.19623725    0.18275276    0.13917498    0.11041589    0.12214360    0.13446231    0.02034039    0.02034039    0.01826991    0.00000000    0.18027071    0.17735997    0.12226314
T12            0.14984621    0.19071017    0.21004007    0.20156169    0.19676212    0.19095274    0.19480664    0.21481867    0.27788227    0.43385964    0.20582559    0.22189528    0.21639296    0.20528952    0.18174068    0.19741985    0.20571035    0.18524361    0.18524361    0.18524361    0.18027071    0.00000000    0.00602720    0.14984621
T5             0.14709262    0.18774332    0.20410863    0.19851973    0.19371627    0.18796941    0.19732299    0.21739240    0.28068405    0.42880119    0.20551657    0.22157326    0.21897841    0.20233752    0.17890461    0.19450189    0.20272411    0.18232129    0.18232129    0.18232129    0.17735997    0.00602720    0.00000000    0.14709262
T18            0.09409725    0.14659525    0.16187562    0.16449424    0.15723136    0.15703897    0.14454088    0.16005071    0.23645536    0.35050029    0.14727474    0.16732980    0.15186943    0.15835387    0.13137487    0.14844435    0.14844435    0.12691101    0.12691101    0.12936856    0.12226314    0.14984621    0.14709262    0.00000000

