24
T11            0.00000000    0.28268747    0.23943952    0.24247336    0.25565539    0.23152470    0.22454122    0.23044723    0.30395511    0.27524537    0.23342668    0.26972349    0.25792575    0.34511658    0.33252893    0.31667311    0.34038346    0.18176140    0.21676774    0.26611138    0.20619849    0.20619849    0.19073739    0.15687233
T15            0.28268747    0.00000000    0.06735665    0.06960448    0.08562952    0.10385359    0.13824174    0.14810388    0.19932151    0.22407596    0.17963169    0.20144226    0.19075348    0.29582528    0.29494854    0.27893983    0.28190492    0.24637857    0.26027114    0.30350416    0.25447937    0.25447937    0.27203589    0.25168721
T16            0.23943952    0.06735665    0.00000000    0.00200402    0.04139730    0.05632567    0.08772094    0.09030432    0.14201664    0.19075348    0.13824174    0.16985512    0.16231894    0.25050415    0.24325519    0.23453117    0.24069232    0.21007517    0.23803135    0.27993555    0.22070162    0.22070162    0.24020273    0.21195252
T17            0.24247336    0.06960448    0.00200402    0.00000000    0.04355755    0.05852881    0.09005283    0.09265825    0.13948996    0.19357312    0.14080097    0.17258231    0.16501667    0.25358476    0.24632645    0.23755588    0.24369859    0.21293500    0.24102861    0.28316570    0.22360298    0.22360298    0.24325519    0.21486256
T20            0.25565539    0.08562952    0.04139730    0.04355755    0.00000000    0.06762734    0.09265825    0.09978749    0.15525981    0.20285141    0.14904498    0.18151694    0.17384806    0.26379937    0.25655446    0.24142102    0.24744245    0.22227029    0.25088840    0.29394387    0.23307795    0.23307795    0.25655446    0.22446532
T3             0.23152470    0.10385359    0.05632567    0.05852881    0.06762734    0.00000000    0.07631235    0.08089054    0.12964753    0.17228671    0.12121280    0.14668041    0.14458098    0.22748548    0.22332542    0.21486256    0.23273897    0.19735676    0.22487313    0.26294248    0.20780401    0.20780401    0.22629611    0.20431052
T12            0.22454122    0.13824174    0.08772094    0.09005283    0.09265825    0.07631235    0.00000000    0.06498289    0.13918761    0.17363216    0.13530724    0.16658950    0.15909308    0.23240976    0.22521460    0.21097218    0.23178075    0.21293500    0.24102861    0.27993555    0.22360298    0.22360298    0.23716885    0.20047928
T2             0.23044723    0.14810388    0.09030432    0.09265825    0.09978749    0.08089054    0.06498289    0.00000000    0.14170152    0.17363216    0.13278686    0.16928715    0.16176189    0.25590826    0.24859697    0.23981622    0.24906865    0.22390612    0.24637857    0.29206796    0.22884528    0.22884528    0.24632645    0.21486256
T9             0.30395511    0.19932151    0.14201664    0.13948996    0.15525981    0.12964753    0.13918761    0.14170152    0.00000000    0.24476489    0.18277751    0.22521460    0.22001991    0.30929079    0.29821511    0.29206796    0.29206302    0.25928368    0.29243566    0.33526830    0.27687535    0.27687535    0.29582528    0.27394831
T21            0.27524537    0.22407596    0.19075348    0.19357312    0.20285141    0.17228671    0.17363216    0.17363216    0.24476489    0.00000000    0.08078999    0.10427793    0.09739973    0.32308534    0.33322657    0.30223507    0.32898932    0.27757940    0.30537703    0.35240257    0.29915239    0.29915239    0.29263655    0.26107453
T8             0.23342668    0.17963169    0.13824174    0.14080097    0.14904498    0.12121280    0.13530724    0.13278686    0.18277751    0.08078999    0.00000000    0.05859904    0.05213545    0.26212708    0.26107453    0.23981622    0.25517315    0.22683305    0.25553555    0.30201631    0.24369859    0.24369859    0.23716885    0.21128973
T1             0.26972349    0.20144226    0.16985512    0.17258231    0.18151694    0.14668041    0.16658950    0.16928715    0.22521460    0.10427793    0.05859904    0.00000000    0.01415469    0.29211785    0.29822813    0.27536026    0.29444066    0.26021701    0.28733350    0.33668851    0.27480234    0.27480234    0.26197308    0.25027643
T0             0.25792575    0.19075348    0.16231894    0.16501667    0.17384806    0.14458098    0.15909308    0.16176189    0.22001991    0.09739973    0.05213545    0.01415469    0.00000000    0.28548531    0.29143719    0.26885712    0.28780824    0.25168721    0.27847563    0.32718073    0.26610115    0.26610115    0.24716681    0.23572272
T22            0.34511658    0.29582528    0.25050415    0.25358476    0.26379937    0.22748548    0.23240976    0.25590826    0.30929079    0.32308534    0.26212708    0.29211785    0.28548531    0.00000000    0.05646307    0.05200406    0.06931998    0.29934299    0.33227483    0.35505576    0.31220158    0.31220158    0.34029212    0.31667311
T4             0.33252893    0.29494854    0.24325519    0.24632645    0.25655446    0.22332542    0.22521460    0.24859697    0.29821511    0.33322657    0.26107453    0.29822813    0.29143719    0.05646307    0.00000000    0.04565935    0.06504746    0.30154216    0.33494129    0.36161820    0.30777824    0.30777824    0.33729541    0.31488425
T7             0.31667311    0.27893983    0.23453117    0.23755588    0.24142102    0.21486256    0.21097218    0.23981622    0.29206796    0.30223507    0.23981622    0.27536026    0.26885712    0.05200406    0.04565935    0.00000000    0.05846535    0.28879547    0.31456827    0.34396099    0.29491011    0.29491011    0.31086369    0.28929809
T23            0.34038346    0.28190492    0.24069232    0.24369859    0.24744245    0.23273897    0.23178075    0.24906865    0.29206302    0.32898932    0.25517315    0.29444066    0.28780824    0.06931998    0.06504746    0.05846535    0.00000000    0.29206302    0.32441130    0.34687178    0.29816155    0.29816155    0.32735419    0.30201631
T14            0.18176140    0.24637857    0.21007517    0.21293500    0.22227029    0.19735676    0.21293500    0.22390612    0.25928368    0.27757940    0.22683305    0.26021701    0.25168721    0.29934299    0.30154216    0.28879547    0.29206302    0.00000000    0.06498289    0.11306969    0.06061181    0.06061181    0.20810406    0.16778424
T6             0.21676774    0.26027114    0.23803135    0.24102861    0.25088840    0.22487313    0.24102861    0.24637857    0.29243566    0.30537703    0.25553555    0.28733350    0.27847563    0.33227483    0.33494129    0.31456827    0.32441130    0.06498289    0.00000000    0.06528242    0.06728017    0.06728017    0.23010740    0.18847626
T10            0.26611138    0.30350416    0.27993555    0.28316570    0.29394387    0.26294248    0.27993555    0.29206796    0.33526830    0.35240257    0.30201631    0.33668851    0.32718073    0.35505576    0.36161820    0.34396099    0.34687178    0.11306969    0.06528242    0.00000000    0.10598967    0.10598967    0.27247917    0.22782614
T13            0.20619849    0.25447937    0.22070162    0.22360298    0.23307795    0.20780401    0.22360298    0.22884528    0.27687535    0.29915239    0.24369859    0.27480234    0.26610115    0.31220158    0.30777824    0.29491011    0.29816155    0.06061181    0.06728017    0.10598967    0.00000000    0.00000000    0.21581132    0.18052650
T5             0.20619849    0.25447937    0.22070162    0.22360298    0.23307795    0.20780401    0.22360298    0.22884528    0.27687535    0.29915239    0.24369859    0.27480234    0.26610115    0.31220158    0.30777824    0.29491011    0.29816155    0.06061181    0.06728017    0.10598967    0.00000000    0.00000000    0.21581132    0.18052650
T19            0.19073739    0.27203589    0.24020273    0.24325519    0.25655446    0.22629611    0.23716885    0.24632645    0.29582528    0.29263655    0.23716885    0.26197308    0.24716681    0.34029212    0.33729541    0.31086369    0.32735419    0.20810406    0.23010740    0.27247917    0.21581132    0.21581132    0.00000000    0.06721060
T18            0.15687233    0.25168721    0.21195252    0.21486256    0.22446532    0.20431052    0.20047928    0.21486256    0.27394831    0.26107453    0.21128973    0.25027643    0.23572272    0.31667311    0.31488425    0.28929809    0.30201631    0.16778424    0.18847626    0.22782614    0.18052650    0.18052650    0.06721060    0.00000000

