24
T9             0.00000000    0.40684957    0.39137602    0.27902433    0.29455662    0.30683620    0.31698604    0.31066997    0.35607377    0.38542050    0.35250967    0.21007241    0.19554261    0.20596146    0.20900751    0.14660840    0.17470525    0.17450609    0.15894611    0.16695012    0.21036201    0.21293212    0.21580833    0.22161099
T14            0.40684957    0.00000000    0.02029439    0.26202416    0.28355175    0.27950966    0.28923122    0.28553897    0.33226773    0.40488596    0.35981026    0.31650124    0.30551998    0.31761597    0.32486492    0.31216016    0.33849771    0.33195114    0.29731756    0.30537045    0.34996927    0.33493313    0.34570423    0.34570423
T20            0.39137602    0.02029439    0.00000000    0.25593893    0.27721527    0.27313234    0.28272917    0.27909994    0.32533698    0.40357129    0.35867686    0.31310658    0.30800545    0.31425578    0.32144712    0.30875375    0.33493313    0.32842434    0.29490434    0.30299205    0.34996927    0.33849771    0.34934693    0.34934693
T4             0.27902433    0.26202416    0.25593893    0.00000000    0.08529535    0.07880733    0.08575439    0.08330796    0.11792555    0.16676343    0.14438697    0.19005907    0.20254924    0.19181106    0.20295620    0.18300537    0.20495772    0.20467511    0.18463517    0.18526665    0.21839606    0.21236457    0.22682977    0.22682977
T5             0.29455662    0.28355175    0.27721527    0.08529535    0.00000000    0.08562899    0.09265760    0.09252276    0.13228152    0.21036201    0.17829359    0.21781426    0.22485294    0.22799872    0.22536890    0.19652337    0.22129735    0.21293212    0.20363705    0.21007241    0.25479182    0.24513607    0.26379408    0.26379408
T22            0.30683620    0.27950966    0.27313234    0.07880733    0.08562899    0.00000000    0.01010163    0.01212508    0.07374146    0.18899026    0.15787776    0.21096910    0.21494639    0.22099325    0.21264365    0.19826559    0.21743303    0.20905608    0.20524950    0.20617975    0.24407166    0.23755155    0.24983661    0.24983661
T19            0.31698604    0.28923122    0.28272917    0.08575439    0.09265760    0.01010163    0.00000000    0.00602722    0.08053063    0.19735407    0.16582003    0.21675507    0.22359995    0.22977385    0.22129735    0.20684544    0.22629212    0.21778600    0.21385369    0.21485901    0.25654895    0.24983661    0.26243197    0.26243197
T13            0.31066997    0.28553897    0.27909994    0.08330796    0.09252276    0.01212508    0.00602722    0.00000000    0.07819043    0.19427249    0.16292658    0.21353717    0.22041377    0.22651817    0.21810040    0.20363996    0.22296054    0.21451464    0.20841025    0.21161322    0.25295575    0.24632177    0.25879884    0.25879884
T2             0.35607377    0.33226773    0.32533698    0.11792555    0.13228152    0.07374146    0.08053063    0.07819043    0.00000000    0.23738340    0.21264365    0.25719638    0.26142177    0.26477885    0.26202416    0.24369485    0.27036403    0.25824943    0.25111095    0.24604057    0.29251431    0.27353243    0.29867194    0.29867194
T18            0.38542050    0.40488596    0.40357129    0.16676343    0.21036201    0.18899026    0.19735407    0.19427249    0.23738340    0.00000000    0.04977393    0.31896189    0.31305212    0.32352203    0.31805258    0.28794068    0.31748268    0.31799117    0.30221536    0.30349831    0.35118514    0.33629040    0.35791215    0.35791215
T12            0.35250967    0.35981026    0.35867686    0.14438697    0.17829359    0.15787776    0.16582003    0.16292658    0.21264365    0.04977393    0.00000000    0.28230906    0.27687129    0.28431336    0.28073850    0.25590391    0.27757398    0.28125710    0.26335699    0.26446781    0.30926205    0.29535613    0.30875375    0.30875375
T8             0.21007241    0.31650124    0.31310658    0.19005907    0.21781426    0.21096910    0.21675507    0.21353717    0.25719638    0.31896189    0.28230906    0.00000000    0.07155744    0.06050915    0.08539944    0.09044012    0.11154466    0.11381847    0.09450420    0.09488220    0.13680138    0.12892581    0.13656442    0.14172261
T15            0.19554261    0.30551998    0.30800545    0.20254924    0.22485294    0.21494639    0.22359995    0.22041377    0.26142177    0.31305212    0.27687129    0.07155744    0.00000000    0.07803292    0.09877672    0.09439272    0.12530027    0.12267881    0.10329452    0.10360714    0.15047950    0.14254870    0.15026569    0.15547750
T0             0.20596146    0.31761597    0.31425578    0.19181106    0.22799872    0.22099325    0.22977385    0.22651817    0.26477885    0.32352203    0.28431336    0.06050915    0.07803292    0.00000000    0.07859580    0.09685803    0.12546522    0.12282989    0.10103189    0.10135008    0.14810229    0.13765040    0.14274250    0.15308541
T10            0.20900751    0.32486492    0.32144712    0.20295620    0.22536890    0.21264365    0.22129735    0.21810040    0.26202416    0.31805258    0.28073850    0.08539944    0.09877672    0.07859580    0.00000000    0.09935300    0.12315519    0.12298870    0.10825923    0.10865118    0.14573308    0.13783913    0.14551663    0.15070142
T7             0.14660840    0.31216016    0.30875375    0.18300537    0.19652337    0.19826559    0.20684544    0.20363996    0.24369485    0.28794068    0.25590391    0.09044012    0.09439272    0.09685803    0.09935300    0.00000000    0.05221090    0.05213526    0.03697641    0.03710456    0.09532509    0.09755231    0.09994576    0.10476741
T17            0.17470525    0.33849771    0.33493313    0.20495772    0.22129735    0.21743303    0.22629212    0.22296054    0.27036403    0.31748268    0.27757398    0.11154466    0.12530027    0.12546522    0.12315519    0.05221090    0.00000000    0.04124140    0.06511868    0.06537408    0.12914317    0.12640539    0.12892581    0.13400520
T11            0.17450609    0.33195114    0.32842434    0.20467511    0.21293212    0.20905608    0.21778600    0.21451464    0.25824943    0.31799117    0.28125710    0.11381847    0.12267881    0.12282989    0.12298870    0.05213526    0.04124140    0.00000000    0.06504724    0.06528212    0.12892581    0.12620205    0.12871610    0.13378255
T3             0.15894611    0.29731756    0.29490434    0.18463517    0.20363705    0.20524950    0.21385369    0.20841025    0.25111095    0.30221536    0.26335699    0.09450420    0.10329452    0.10103189    0.10825923    0.03697641    0.06511868    0.06504724    0.00000000    0.02650522    0.09935300    0.09685803    0.09922303    0.10398694
T1             0.16695012    0.30537045    0.30299205    0.18526665    0.21007241    0.20617975    0.21485901    0.21161322    0.24604057    0.30349831    0.26446781    0.09488220    0.10360714    0.10135008    0.10865118    0.03710456    0.06537408    0.06528212    0.02650522    0.00000000    0.09739898    0.09488220    0.09725287    0.10202828
T16            0.21036201    0.34996927    0.34996927    0.21839606    0.25479182    0.24407166    0.25654895    0.25295575    0.29251431    0.35118514    0.30926205    0.13680138    0.15047950    0.14810229    0.14573308    0.09532509    0.12914317    0.12892581    0.09935300    0.09739898    0.00000000    0.03289511    0.03300726    0.03729072
T23            0.21293212    0.33493313    0.33849771    0.21236457    0.24513607    0.23755155    0.24983661    0.24632177    0.27353243    0.33629040    0.29535613    0.12892581    0.14254870    0.13765040    0.13783913    0.09755231    0.12640539    0.12620205    0.09685803    0.09488220    0.03289511    0.00000000    0.02862864    0.03284860
T6             0.21580833    0.34570423    0.34934693    0.22682977    0.26379408    0.24983661    0.26243197    0.25879884    0.29867194    0.35791215    0.30875375    0.13656442    0.15026569    0.14274250    0.14551663    0.09994576    0.12892581    0.12871610    0.09922303    0.09725287    0.03300726    0.02862864    0.00000000    0.00806486
T21            0.22161099    0.34570423    0.34934693    0.22682977    0.26379408    0.24983661    0.26243197    0.25879884    0.29867194    0.35791215    0.30875375    0.14172261    0.15547750    0.15308541    0.15070142    0.10476741    0.13400520    0.13378255    0.10398694    0.10202828    0.03729072    0.03284860    0.00806486    0.00000000

