24
T20            0.00000000    0.31041812    0.37728814    0.33971300    0.32521178    0.37412636    0.34185156    0.36161471    0.40994236    0.34216989    0.34682565    0.35292493    0.34520003    0.33863569    0.33164139    0.34468348    0.34417963    0.35797767    0.35129842    0.32088569    0.31457220    0.28744398    0.22878444    0.22645825
T9             0.31041812    0.00000000    0.09461188    0.08318622    0.06536780    0.19395784    0.15908844    0.19345042    0.23938599    0.16692203    0.15983194    0.16467943    0.16151446    0.15650429    0.15650429    0.16168602    0.15892361    0.16394899    0.15892361    0.27748823    0.27469625    0.25531695    0.35527337    0.34916986
T18            0.37728814    0.09461188    0.00000000    0.13781425    0.13061723    0.23436151    0.20569761    0.24630372    0.30583946    0.21517160    0.21575135    0.21517160    0.21722208    0.21178840    0.21178840    0.21748701    0.20872250    0.21412552    0.21153967    0.32818060    0.32521178    0.31628012    0.42965186    0.42294020
T3             0.33971300    0.08318622    0.13781425    0.00000000    0.09947667    0.23266796    0.20383859    0.21178840    0.24689413    0.18460385    0.18003644    0.17694730    0.17906487    0.17393601    0.17393601    0.17924147    0.17146867    0.18155695    0.17641216    0.30460364    0.30171398    0.29161414    0.38720265    0.37704427
T5             0.32521178    0.06536780    0.13061723    0.09947667    0.00000000    0.18097174    0.16488326    0.18320428    0.21412552    0.15702913    0.15003219    0.15481636    0.14913309    0.14420710    0.14420710    0.14929651    0.14658840    0.15152910    0.14658840    0.29479494    0.29195326    0.26534903    0.38487122    0.37469564
T4             0.37412636    0.19395784    0.23436151    0.23266796    0.18097174    0.00000000    0.07394809    0.22123778    0.28102627    0.20690872    0.20745824    0.20690872    0.22615863    0.22064363    0.21489586    0.21776148    0.21748701    0.22296983    0.21462959    0.34269905    0.34682565    0.33116165    0.41403999    0.40745780
T8             0.34185156    0.15908844    0.20569761    0.20383859    0.16488326    0.07394809    0.00000000    0.21489586    0.26227173    0.19297899    0.19345042    0.19297899    0.19781979    0.19254379    0.18710853    0.19528374    0.18962223    0.19487004    0.18691932    0.32088569    0.32474361    0.30674146    0.39816208    0.39170497
T11            0.36161471    0.19345042    0.24630372    0.21178840    0.18320428    0.22123778    0.21489586    0.00000000    0.09844351    0.05398930    0.05638703    0.05189706    0.10172133    0.09710126    0.09710126    0.10186343    0.09461188    0.10397330    0.09934026    0.31252954    0.30961966    0.28241643    0.39698026    0.37895827
T19            0.40994236    0.23938599    0.30583946    0.24689413    0.21412552    0.28102627    0.26227173    0.09844351    0.00000000    0.09832633    0.10093282    0.09612325    0.14168169    0.13680849    0.13680849    0.14436575    0.13666884    0.14405660    0.13916898    0.35129842    0.34824284    0.31003139    0.44831175    0.42888022
T22            0.34216989    0.16692203    0.21517160    0.18460385    0.15702913    0.20690872    0.19297899    0.05398930    0.09832633    0.00000000    0.03073296    0.02648439    0.07858832    0.07412353    0.07412353    0.07412353    0.07176981    0.08078213    0.07630513    0.30007583    0.29721118    0.27056374    0.36889236    0.35160963
T16            0.34682565    0.15983194    0.21575135    0.18003644    0.15003219    0.20745824    0.19345042    0.05638703    0.10093282    0.03073296    0.00000000    0.02034013    0.08135149    0.07226904    0.07685641    0.08148627    0.07443866    0.08354394    0.07903658    0.30188888    0.29902552    0.26878971    0.37020290    0.35283360
T21            0.35292493    0.16467943    0.21517160    0.17694730    0.15481636    0.20690872    0.19297899    0.05189706    0.09612325    0.02648439    0.02034013    0.00000000    0.07650486    0.07204873    0.07204873    0.07661514    0.06743401    0.07868993    0.07422167    0.30095959    0.29809578    0.26811180    0.37266674    0.35527337
T14            0.34520003    0.16151446    0.21722208    0.17906487    0.14913309    0.22615863    0.19781979    0.10172133    0.14168169    0.07858832    0.08135149    0.07650486    0.00000000    0.00805148    0.00805148    0.02028042    0.03066856    0.04116919    0.03694578    0.31637758    0.31345661    0.28593022    0.39769320    0.37962341
T1             0.33863569    0.15650429    0.21178840    0.17393601    0.14420710    0.22064363    0.19254379    0.09710126    0.13680849    0.07412353    0.07226904    0.07204873    0.00805148    0.00000000    0.00401609    0.01617878    0.02650462    0.03694578    0.03274684    0.31007768    0.30717980    0.27994016    0.39054432    0.37266674
T0             0.33164139    0.15650429    0.21178840    0.17393601    0.14420710    0.21489586    0.18710853    0.09710126    0.13680849    0.07412353    0.07685641    0.07204873    0.00805148    0.00401609    0.00000000    0.01617878    0.02650462    0.03694578    0.03274684    0.31007768    0.30717980    0.27994016    0.39054432    0.37266674
T2             0.34468348    0.16168602    0.21748701    0.17924147    0.14929651    0.21776148    0.19528374    0.10186343    0.14436575    0.07412353    0.08148627    0.07661514    0.02028042    0.01617878    0.01617878    0.00000000    0.03069756    0.04120118    0.03697525    0.31685853    0.31393773    0.28629027    0.39593191    0.37783829
T13            0.34417963    0.15892361    0.20872250    0.17146867    0.14658840    0.21748701    0.18962223    0.09461188    0.13666884    0.07176981    0.07443866    0.06743401    0.03066856    0.02650462    0.02650462    0.03069756    0.00000000    0.02650462    0.02236447    0.29311409    0.29027019    0.26411729    0.38597131    0.36825692
T10            0.35797767    0.16394899    0.21412552    0.18155695    0.15152910    0.22296983    0.19487004    0.10397330    0.14405660    0.08078213    0.08354394    0.07868993    0.04116919    0.03694578    0.03694578    0.04120118    0.02650462    0.00000000    0.00804335    0.30583946    0.30295189    0.27927138    0.38916588    0.37138080
T12            0.35129842    0.15892361    0.21153967    0.17641216    0.14658840    0.21462959    0.18691932    0.09934026    0.13916898    0.07630513    0.07903658    0.07422167    0.03694578    0.03274684    0.03274684    0.03697525    0.02236447    0.00804335    0.00000000    0.30627466    0.30338759    0.27646503    0.38597131    0.36825692
T6             0.32088569    0.27748823    0.32818060    0.30460364    0.29479494    0.34269905    0.32088569    0.31252954    0.35129842    0.30007583    0.30188888    0.30095959    0.31637758    0.31007768    0.31007768    0.31685853    0.29311409    0.30583946    0.30627466    0.00000000    0.00602718    0.08501993    0.35599377    0.34269905
T7             0.31457220    0.27469625    0.32521178    0.30171398    0.29195326    0.34682565    0.32474361    0.30961966    0.34824284    0.29721118    0.29902552    0.29809578    0.31345661    0.30717980    0.30717980    0.31393773    0.29027019    0.30295189    0.30338759    0.00602718    0.00000000    0.08280820    0.34931414    0.33614718
T15            0.28744398    0.25531695    0.31628012    0.29161414    0.26534903    0.33116165    0.30674146    0.28241643    0.31003139    0.27056374    0.26878971    0.26811180    0.28593022    0.27994016    0.27994016    0.28629027    0.26411729    0.27927138    0.27646503    0.08501993    0.08280820    0.00000000    0.34065789    0.32771280
T23            0.22878444    0.35527337    0.42965186    0.38720265    0.38487122    0.41403999    0.39816208    0.39698026    0.44831175    0.36889236    0.37020290    0.37266674    0.39769320    0.39054432    0.39054432    0.39593191    0.38597131    0.38916588    0.38597131    0.35599377    0.34931414    0.34065789    0.00000000    0.01826972
T17            0.22645825    0.34916986    0.42294020    0.37704427    0.37469564    0.40745780    0.39170497    0.37895827    0.42888022    0.35160963    0.35283360    0.35527337    0.37962341    0.37266674    0.37266674    0.37783829    0.36825692    0.37138080    0.36825692    0.34269905    0.33614718    0.32771280    0.01826972    0.00000000

