24
T3             0.00000000    0.33846964    0.34237648    0.31302418    0.31048731    0.35037627    0.40288020    0.39961752    0.39575114    0.34427669    0.34427669    0.35295198    0.36064828    0.35037627    0.28955908    0.30260143    0.26033045    0.27811112    0.29167289    0.32187252    0.31553379    0.31553379    0.17944792    0.17184360
T23            0.33846964    0.00000000    0.00602721    0.03690674    0.11500181    0.14645294    0.18233300    0.17984779    0.17984779    0.13198010    0.13696954    0.15668773    0.15946229    0.14422126    0.11053348    0.11053348    0.31009805    0.31009805    0.33522234    0.37853630    0.38549126    0.38549126    0.42346685    0.40878424
T19            0.34237648    0.00602721    0.00000000    0.03904211    0.11752783    0.14914811    0.18525614    0.18276513    0.18276513    0.13212413    0.13212413    0.15686369    0.15965342    0.14438082    0.11306503    0.11306503    0.31048731    0.31048731    0.33925490    0.38290262    0.38991572    0.38991572    0.42830061    0.41348397
T7             0.31302418    0.03690674    0.03904211    0.00000000    0.08732364    0.11995580    0.15445616    0.15205691    0.15205691    0.10837870    0.10837870    0.12731142    0.12994122    0.11535431    0.08760842    0.08760842    0.30428143    0.30428143    0.32924819    0.36344391    0.36285833    0.36285833    0.39831008    0.38414817
T18            0.31048731    0.11500181    0.11752783    0.08732364    0.00000000    0.10793238    0.13668053    0.13432632    0.13432632    0.09887445    0.09887445    0.11752783    0.12008512    0.10575877    0.07387446    0.08069420    0.29132409    0.30101041    0.32332274    0.37844660    0.37027557    0.37027557    0.40619596    0.39967575
T14            0.35037627    0.14645294    0.14914811    0.11995580    0.10793238    0.00000000    0.12183648    0.11951640    0.11951640    0.07582954    0.07582954    0.08922887    0.09157192    0.07799399    0.11065462    0.10825579    0.31381280    0.32392435    0.35361036    0.41316672    0.39252507    0.39252507    0.42569910    0.41090918
T2             0.40288020    0.18233300    0.18525614    0.15445616    0.13668053    0.12183648    0.00000000    0.00200301    0.00602721    0.08933433    0.08476722    0.10767755    0.11012511    0.09612687    0.14472436    0.14472436    0.33078103    0.34378245    0.37088887    0.41164696    0.39898574    0.39898574    0.48111961    0.46065010
T13            0.39961752    0.17984779    0.18276513    0.15205691    0.13432632    0.11951640    0.00200301    0.00000000    0.00401612    0.08710410    0.08254740    0.10539575    0.10783978    0.09387654    0.14235613    0.14235613    0.32779933    0.34075154    0.37151558    0.41239948    0.39967575    0.39967575    0.48205997    0.46152459
T11            0.39575114    0.17984779    0.18276513    0.15205691    0.13432632    0.11951640    0.00602721    0.00401612    0.00000000    0.08710410    0.08254740    0.10539575    0.10783978    0.09387654    0.14235613    0.14235613    0.32437100    0.33725111    0.36776514    0.40836076    0.39574832    0.39574832    0.47752622    0.45714976
T9             0.34427669    0.13198010    0.13212413    0.10837870    0.09887445    0.07582954    0.08933433    0.08710410    0.08710410    0.00000000    0.02034058    0.03701223    0.03492700    0.02653176    0.09921964    0.09921964    0.29318226    0.31464941    0.33325619    0.39214521    0.38362298    0.38362298    0.41090918    0.39252507
T6             0.34427669    0.13696954    0.13212413    0.10837870    0.09887445    0.07582954    0.08476722    0.08254740    0.08254740    0.02034058    0.00000000    0.03701223    0.03919189    0.02653176    0.09921964    0.09921964    0.28994299    0.31130157    0.34033188    0.38432066    0.37594891    0.37594891    0.41901942    0.40038010
T8             0.35295198    0.15668773    0.15686369    0.12731142    0.11752783    0.08922887    0.10767755    0.10539575    0.10539575    0.03701223    0.03701223    0.00000000    0.01006767    0.01823234    0.11792108    0.11792108    0.31464941    0.32734091    0.35610839    0.41316672    0.40435448    0.40435448    0.43661324    0.41752255
T20            0.36064828    0.15946229    0.15965342    0.12994122    0.12008512    0.09157192    0.11012511    0.10783978    0.10783978    0.03492700    0.03919189    0.01006767    0.00000000    0.02031430    0.12051937    0.12051937    0.31508564    0.32779933    0.34942447    0.42219321    0.41316672    0.41316672    0.44589863    0.42647374
T4             0.35037627    0.14422126    0.14438082    0.11535431    0.10575877    0.07799399    0.09612687    0.09387654    0.09387654    0.02653176    0.02653176    0.01823234    0.02031430    0.00000000    0.10611027    0.10611027    0.30548982    0.32053101    0.34638101    0.39858885    0.39000224    0.39000224    0.42569910    0.40690296
T5             0.28955908    0.11053348    0.11306503    0.08760842    0.07387446    0.11065462    0.14472436    0.14235613    0.14235613    0.09921964    0.09921964    0.11792108    0.12051937    0.10611027    0.00000000    0.02034058    0.28352686    0.29318226    0.32140484    0.34809249    0.34750934    0.34750934    0.38612055    0.37977119
T17            0.30260143    0.11053348    0.11306503    0.08760842    0.08069420    0.10825579    0.14472436    0.14235613    0.14235613    0.09921964    0.09921964    0.11792108    0.12051937    0.10611027    0.02034058    0.00000000    0.29972458    0.30970174    0.33903362    0.35909643    0.35479155    0.35479155    0.38750474    0.38115024
T22            0.26033045    0.31009805    0.31048731    0.30428143    0.29132409    0.31381280    0.33078103    0.32779933    0.32437100    0.29318226    0.28994299    0.31464941    0.31508564    0.30548982    0.28352686    0.29972458    0.00000000    0.07155622    0.11078332    0.29074459    0.29685915    0.30015188    0.34330098    0.33032308
T15            0.27811112    0.31009805    0.31048731    0.30428143    0.30101041    0.32392435    0.34378245    0.34075154    0.33725111    0.31464941    0.31130157    0.32734091    0.32779933    0.32053101    0.29318226    0.30970174    0.07155622    0.00000000    0.11349137    0.30881540    0.31846754    0.32187252    0.34237648    0.32944444
T1             0.29167289    0.33522234    0.33925490    0.32924819    0.32332274    0.35361036    0.37088887    0.37151558    0.36776514    0.33325619    0.34033188    0.35610839    0.34942447    0.34638101    0.32140484    0.33903362    0.11078332    0.11349137    0.00000000    0.34145873    0.35540143    0.35909643    0.36539445    0.35193517
T12            0.32187252    0.37853630    0.38290262    0.36344391    0.37844660    0.41316672    0.41164696    0.41239948    0.40836076    0.39214521    0.38432066    0.41316672    0.42219321    0.39858885    0.34809249    0.35909643    0.29074459    0.30881540    0.34145873    0.00000000    0.07631003    0.07403680    0.39898574    0.38864344
T21            0.31553379    0.38549126    0.38991572    0.36285833    0.37027557    0.39252507    0.39898574    0.39967575    0.39574832    0.38362298    0.37594891    0.40435448    0.41316672    0.39000224    0.34750934    0.35479155    0.29685915    0.31846754    0.35540143    0.07631003    0.00000000    0.00200402    0.39054689    0.38034062
T0             0.31553379    0.38549126    0.38991572    0.36285833    0.37027557    0.39252507    0.39898574    0.39967575    0.39574832    0.38362298    0.37594891    0.40435448    0.41316672    0.39000224    0.34750934    0.35479155    0.30015188    0.32187252    0.35909643    0.07403680    0.00200402    0.00000000    0.39441339    0.38414817
T10            0.17944792    0.42346685    0.42830061    0.39831008    0.40619596    0.42569910    0.48111961    0.48205997    0.47752622    0.41090918    0.41901942    0.43661324    0.44589863    0.42569910    0.38612055    0.38750474    0.34330098    0.34237648    0.36539445    0.39898574    0.39054689    0.39441339    0.00000000    0.01827006
T16            0.17184360    0.40878424    0.41348397    0.38414817    0.39967575    0.41090918    0.46065010    0.46152459    0.45714976    0.39252507    0.40038010    0.41752255    0.42647374    0.40690296    0.37977119    0.38115024    0.33032308    0.32944444    0.35193517    0.38864344    0.38034062    0.38414817    0.01827006    0.00000000

