24
T13            0.00000000    0.34423929    0.33421014    0.30215839    0.35496329    0.16379647    0.16379647    0.19762389    0.18406784    0.20361285    0.18192744    0.15568707    0.14333008    0.14094352    0.17074015    0.16336200    0.13577933    0.13577933    0.15287640    0.20509579    0.16055757    0.20017062    0.19215722    0.20037983
T3             0.34423929    0.00000000    0.06282236    0.08993216    0.13062829    0.39064692    0.38288642    0.41084907    0.39501999    0.43050395    0.41310324    0.35243959    0.33819135    0.33518616    0.36168440    0.33569279    0.31843575    0.32624439    0.34120903    0.42051040    0.34883923    0.39961946    0.39638140    0.40830015
T23            0.33421014    0.06282236    0.00000000    0.09004678    0.13334682    0.38744959    0.37971909    0.40756504    0.39961946    0.41879990    0.40177238    0.35663697    0.33169894    0.32871823    0.36592271    0.33621181    0.31889483    0.32328807    0.34883923    0.41718982    0.35299722    0.39779958    0.39457288    0.40653945
T4             0.30215839    0.08993216    0.09004678    0.00000000    0.07673693    0.34141776    0.33429378    0.37905095    0.36030345    0.39208740    0.37589826    0.31984882    0.30299925    0.30012327    0.32183977    0.30388623    0.28991740    0.28506518    0.32624439    0.39208740    0.33728696    0.37589826    0.36898153    0.38040081
T20            0.35496329    0.13062829    0.13334682    0.07673693    0.00000000    0.38675160    0.37905095    0.42719648    0.41488601    0.45904207    0.43218986    0.37084145    0.35606610    0.35299722    0.37651437    0.35356772    0.33469193    0.34029246    0.37397804    0.44586499    0.37839640    0.40756504    0.40830015    0.42051040
T0             0.16379647    0.39064692    0.38744959    0.34141776    0.38675160    0.00000000    0.01620800    0.10412063    0.09934620    0.11592688    0.09449857    0.14965919    0.13917624    0.13681588    0.15685666    0.15743404    0.11971678    0.13446355    0.14883842    0.19047922    0.15410275    0.21033232    0.20210317    0.21063030
T2             0.16379647    0.38288642    0.37971909    0.33429378    0.37905095    0.01620800    0.00000000    0.10894117    0.09934620    0.11348720    0.09215617    0.14965919    0.13917624    0.13681588    0.15685666    0.15743404    0.12458413    0.13947755    0.14883842    0.19047922    0.15410275    0.20464767    0.19649826    0.20492939
T14            0.19762389    0.41084907    0.40756504    0.37905095    0.42719648    0.10412063    0.10894117    0.00000000    0.09662592    0.13243069    0.11293451    0.16919596    0.16364299    0.16120498    0.19003882    0.18524612    0.14378646    0.15651352    0.16349816    0.20037983    0.17147858    0.22096161    0.20976422    0.21548137
T8             0.18406784    0.39501999    0.39961946    0.36030345    0.41488601    0.09934620    0.09934620    0.09662592    0.00000000    0.12993621    0.10813723    0.16657039    0.15592848    0.15351025    0.18192744    0.17448889    0.13878511    0.15394202    0.16349816    0.19762389    0.16885303    0.22618407    0.21491798    0.22066800
T11            0.20361285    0.43050395    0.41879990    0.39208740    0.45904207    0.11592688    0.11348720    0.13243069    0.12993621    0.00000000    0.02037292    0.18253501    0.16885303    0.16902016    0.19552056    0.19624023    0.14659667    0.17222701    0.16902016    0.21206761    0.17448889    0.23205234    0.22648502    0.23533964
T12            0.18192744    0.41310324    0.40177238    0.37589826    0.43218986    0.09449857    0.09215617    0.11293451    0.10813723    0.02037292    0.00000000    0.16152419    0.15351025    0.15110048    0.17411801    0.17468744    0.13418733    0.15153784    0.15364574    0.19828416    0.15893268    0.21491798    0.20385769    0.21233641
T5             0.15568707    0.35243959    0.35663697    0.31984882    0.37084145    0.14965919    0.14965919    0.16919596    0.16657039    0.18253501    0.16152419    0.00000000    0.07144502    0.06926404    0.10598238    0.09215617    0.07832799    0.10134391    0.10792941    0.15723326    0.11522548    0.17556836    0.16776384    0.17581014
T17            0.14333008    0.33819135    0.33169894    0.30299925    0.35606610    0.13917624    0.13917624    0.16364299    0.15592848    0.16885303    0.15351025    0.07144502    0.00000000    0.00200301    0.06937796    0.05189794    0.07368243    0.09195210    0.10085249    0.14947857    0.10565375    0.15964586    0.15205011    0.15984515
T10            0.14094352    0.33518616    0.32871823    0.30012327    0.35299722    0.13681588    0.13681588    0.16120498    0.15351025    0.16902016    0.15110048    0.06926404    0.00200301    0.00000000    0.06720796    0.04977263    0.07149645    0.08972449    0.09859348    0.14709425    0.10338562    0.15723326    0.14965919    0.15743404
T7             0.17074015    0.36168440    0.36592271    0.32183977    0.37651437    0.15685666    0.15685666    0.19003882    0.18192744    0.19552056    0.17411801    0.10598238    0.06937796    0.06720796    0.00000000    0.07650871    0.09887176    0.11806320    0.12745412    0.17556836    0.13477171    0.18074284    0.17287909    0.18099073
T6             0.16336200    0.33569279    0.33621181    0.30388623    0.35356772    0.15743404    0.15743404    0.18524612    0.17448889    0.19624023    0.17468744    0.09215617    0.05189794    0.04977263    0.07650871    0.00000000    0.09215617    0.11121046    0.12266959    0.17091165    0.12282023    0.18426102    0.17631941    0.18454248
T9             0.13577933    0.31843575    0.31889483    0.28991740    0.33469193    0.11971678    0.12458413    0.14378646    0.13878511    0.14659667    0.13418733    0.07832799    0.07368243    0.07149645    0.09887176    0.09215617    0.00000000    0.07606008    0.08481886    0.12716733    0.08946734    0.14454242    0.13712065    0.14471806
T15            0.13577933    0.32624439    0.32328807    0.28506518    0.34029246    0.13446355    0.13947755    0.15651352    0.15394202    0.17222701    0.15153784    0.10134391    0.09195210    0.08972449    0.11806320    0.11121046    0.07606008    0.00000000    0.09867880    0.14509357    0.10348953    0.16005279    0.15243286    0.16026875
T22            0.15287640    0.34120903    0.34883923    0.32624439    0.37397804    0.14883842    0.14883842    0.16349816    0.16349816    0.16902016    0.15364574    0.10792941    0.10085249    0.09859348    0.12745412    0.12266959    0.08481886    0.09867880    0.00000000    0.08069234    0.04977263    0.13461366    0.13227099    0.13981106
T18            0.20509579    0.42051040    0.41718982    0.39208740    0.44586499    0.19047922    0.19047922    0.20037983    0.19762389    0.21206761    0.19828416    0.15723326    0.14947857    0.14709425    0.17556836    0.17091165    0.12716733    0.14509357    0.08069234    0.00000000    0.08771531    0.16754364    0.16511030    0.17311361
T1             0.16055757    0.34883923    0.35299722    0.33728696    0.37839640    0.15410275    0.15410275    0.17147858    0.16885303    0.17448889    0.15893268    0.11522548    0.10565375    0.10338562    0.13477171    0.12282023    0.08946734    0.10348953    0.04977263    0.08771531    0.00000000    0.12484310    0.12745412    0.12993621
T19            0.20017062    0.39961946    0.39779958    0.37589826    0.40756504    0.21033232    0.20464767    0.22096161    0.22618407    0.23205234    0.21491798    0.17556836    0.15964586    0.15723326    0.18074284    0.18426102    0.14454242    0.16005279    0.13461366    0.16754364    0.12484310    0.00000000    0.01212496    0.01417421
T16            0.19215722    0.39638140    0.39457288    0.36898153    0.40830015    0.20210317    0.19649826    0.20976422    0.21491798    0.22648502    0.20385769    0.16776384    0.15205011    0.14965919    0.17287909    0.17631941    0.13712065    0.15243286    0.13227099    0.16511030    0.12745412    0.01212496    0.00000000    0.00603634
T21            0.20037983    0.40830015    0.40653945    0.38040081    0.42051040    0.21063030    0.20492939    0.21548137    0.22066800    0.23533964    0.21233641    0.17581014    0.15984515    0.15743404    0.18099073    0.18454248    0.14471806    0.16026875    0.13981106    0.17311361    0.12993621    0.01417421    0.00603634    0.00000000

