24
T18            0.00000000    0.38107425    0.38107425    0.25533267    0.23765713    0.29813488    0.23408408    0.23379676    0.26641191    0.24868546    0.28105517    0.25171722    0.25748693    0.25476749    0.25714775    0.25171722    0.24935943    0.30722032    0.30099862    0.25834605    0.24152291    0.30214975    0.23540958    0.25506709
T5             0.38107425    0.00000000    0.00000000    0.30463418    0.29859574    0.34744971    0.27585117    0.27230789    0.33727035    0.31398157    0.32525346    0.30387372    0.29682014    0.30054940    0.30298752    0.31641958    0.31058950    0.38344860    0.35661889    0.27897389    0.29640458    0.31155629    0.28631732    0.30834934
T7             0.38107425    0.00000000    0.00000000    0.30463418    0.29859574    0.34744971    0.27585117    0.27230789    0.33727035    0.31398157    0.32525346    0.30387372    0.29682014    0.30054940    0.30298752    0.31641958    0.31058950    0.38344860    0.35661889    0.27897389    0.29640458    0.31155629    0.28631732    0.30834934
T14            0.25533267    0.30463418    0.30463418    0.00000000    0.11319413    0.17779589    0.11534904    0.11041547    0.16510673    0.14217026    0.16712547    0.14217026    0.14200124    0.13711846    0.13932079    0.13681394    0.13461159    0.18546959    0.18026922    0.17347961    0.15315319    0.20117233    0.16045262    0.17831968
T9             0.23765713    0.29859574    0.29859574    0.11319413    0.00000000    0.14381018    0.07456103    0.07444194    0.12408616    0.09993552    0.13101803    0.09993552    0.10458574    0.09993552    0.10201851    0.10442287    0.09516123    0.16555792    0.15568344    0.15444649    0.13226893    0.17625749    0.13681394    0.15685390
T6             0.29813488    0.34744971    0.34744971    0.17779589    0.14381018    0.00000000    0.10667744    0.10411903    0.16847079    0.14272552    0.16246739    0.14529035    0.13998722    0.14017380    0.13980860    0.15004189    0.14272552    0.22417496    0.21929858    0.19827976    0.17735865    0.22698127    0.18211764    0.20641039
T4             0.23408408    0.27585117    0.27585117    0.11534904    0.07456103    0.10667744    0.00000000    0.02447232    0.09226795    0.07403448    0.10371843    0.07630751    0.07849604    0.07403448    0.07613515    0.08298549    0.07630751    0.16510673    0.15523827    0.13917430    0.11510679    0.17100671    0.12446504    0.14659448
T16            0.23379676    0.27230789    0.27230789    0.11041547    0.07444194    0.10411903    0.02447232    0.00000000    0.09685079    0.07849604    0.10837387    0.08078469    0.08298549    0.07849604    0.08060558    0.08750321    0.08078469    0.17020048    0.16026519    0.14406222    0.11982904    0.16826993    0.12435532    0.14644517
T22            0.26641191    0.33727035    0.33727035    0.16510673    0.12408616    0.16847079    0.09226795    0.09685079    0.00000000    0.06772619    0.09487413    0.07917012    0.07904040    0.07456103    0.07661839    0.07661839    0.06999409    0.21062409    0.20013879    0.19623544    0.16732851    0.20786316    0.17468402    0.19876546
T8             0.24868546    0.31398157    0.31398157    0.14217026    0.09993552    0.14272552    0.07403448    0.07849604    0.06772619    0.00000000    0.06743604    0.05671556    0.05662378    0.05229024    0.05433088    0.05433088    0.05229024    0.19703594    0.18673915    0.15945203    0.13211725    0.18909378    0.14421331    0.15926966
T13            0.28105517    0.32525346    0.32525346    0.16712547    0.13101803    0.16246739    0.10371843    0.10837387    0.09487413    0.06743604    0.00000000    0.08574744    0.08099205    0.08110626    0.07880175    0.08318936    0.08110626    0.22189253    0.21124730    0.19827976    0.17202363    0.22128113    0.17943585    0.19529489
T23            0.25171722    0.30387372    0.30387372    0.14217026    0.09993552    0.14529035    0.07630751    0.08078469    0.07917012    0.05671556    0.08574744    0.00000000    0.02866543    0.02450724    0.02653147    0.05229024    0.04587966    0.20267205    0.19229691    0.16957026    0.14437257    0.19215378    0.14898386    0.17468402
T2             0.25748693    0.29682014    0.29682014    0.14200124    0.10458574    0.13998722    0.07849604    0.08298549    0.07904040    0.05662378    0.08099205    0.02866543    0.00000000    0.02031413    0.02234662    0.05220825    0.04579905    0.19956231    0.18923115    0.17202363    0.14421331    0.18926376    0.15138150    0.17448564
T0             0.25476749    0.30054940    0.30054940    0.13711846    0.09993552    0.14017380    0.07403448    0.07849604    0.07456103    0.05229024    0.08110626    0.02450724    0.02031413    0.00000000    0.00602414    0.04790378    0.04153138    0.19146273    0.18124257    0.16430553    0.13681394    0.18374463    0.14391932    0.16674500
T17            0.25714775    0.30298752    0.30298752    0.13932079    0.10201851    0.13980860    0.07613515    0.08060558    0.07661839    0.05433088    0.07880175    0.02653147    0.02234662    0.00602414    0.00000000    0.04994445    0.04355552    0.19371444    0.18346425    0.16656763    0.13903590    0.18611406    0.14617133    0.16901739
T15            0.25171722    0.31641958    0.31641958    0.13681394    0.10442287    0.15004189    0.08298549    0.08750321    0.07661839    0.05433088    0.08318936    0.05229024    0.05220825    0.04790378    0.04994445    0.00000000    0.01415452    0.20551413    0.19509916    0.17715312    0.15169785    0.20233644    0.15893021    0.17695636
T21            0.24935943    0.31058950    0.31058950    0.13461159    0.09516123    0.14272552    0.07630751    0.08078469    0.06999409    0.05229024    0.08110626    0.04587966    0.04579905    0.04153138    0.04355552    0.01415452    0.00000000    0.19761452    0.18730828    0.17222359    0.14437257    0.19450086    0.15153552    0.17202363
T20            0.30722032    0.38344860    0.38344860    0.18546959    0.16555792    0.22417496    0.16510673    0.17020048    0.21062409    0.19703594    0.22189253    0.20267205    0.19956231    0.19146273    0.19371444    0.20551413    0.19761452    0.00000000    0.02028045    0.22745252    0.20570890    0.24887495    0.20233644    0.21025516
T12            0.30099862    0.35661889    0.35661889    0.18026922    0.15568344    0.21929858    0.15523827    0.16026519    0.20013879    0.18673915    0.21124730    0.19229691    0.18923115    0.18124257    0.18346425    0.19509916    0.18730828    0.02028045    0.00000000    0.21673431    0.19529489    0.23784818    0.19741864    0.20252493
T19            0.25834605    0.27897389    0.27897389    0.17347961    0.15444649    0.19827976    0.13917430    0.14406222    0.19623544    0.15945203    0.19827976    0.16957026    0.17202363    0.16430553    0.16656763    0.17715312    0.17222359    0.22745252    0.21673431    0.00000000    0.06288817    0.11960972    0.06727680    0.08993111
T11            0.24152291    0.29640458    0.29640458    0.15315319    0.13226893    0.17735865    0.11510679    0.11982904    0.16732851    0.13211725    0.17202363    0.14437257    0.14421331    0.13681394    0.13903590    0.15169785    0.14437257    0.20570890    0.19529489    0.06288817    0.00000000    0.09394083    0.04988046    0.06743604
T1             0.30214975    0.31155629    0.31155629    0.20117233    0.17625749    0.22698127    0.17100671    0.16826993    0.20786316    0.18909378    0.22128113    0.19215378    0.18926376    0.18374463    0.18611406    0.20233644    0.19450086    0.24887495    0.23784818    0.11960972    0.09394083    0.00000000    0.09851490    0.11729958
T10            0.23540958    0.28631732    0.28631732    0.16045262    0.13681394    0.18211764    0.12446504    0.12435532    0.17468402    0.14421331    0.17943585    0.14898386    0.15138150    0.14391932    0.14617133    0.15893021    0.15153552    0.20233644    0.19741864    0.06727680    0.04988046    0.09851490    0.00000000    0.06288817
T3             0.25506709    0.30834934    0.30834934    0.17831968    0.15685390    0.20641039    0.14659448    0.14644517    0.19876546    0.15926966    0.19529489    0.17468402    0.17448564    0.16674500    0.16901739    0.17695636    0.17202363    0.21025516    0.20252493    0.08993111    0.06743604    0.11729958    0.06288817    0.00000000

