24
T9             0.00000000    0.27026157    0.36155336    0.29429447    0.31942436    0.29949331    0.32881043    0.34737277    0.33719856    0.35916123    0.38387735    0.30493520    0.31761781    0.24849597    0.31650351    0.30386976    0.30386976    0.27821098    0.27226646    0.26125407    0.27026157    0.27661139    0.27106802    0.28910902
T21            0.27026157    0.00000000    0.13333213    0.10623094    0.13258593    0.11305314    0.13225971    0.14405241    0.14167777    0.14785492    0.14983246    0.11152453    0.11120102    0.14252064    0.17755602    0.17755602    0.15982776    0.16883751    0.17657490    0.16673135    0.16691683    0.17220812    0.17755602    0.18818339
T8             0.36155336    0.13333213    0.00000000    0.19507456    0.21960005    0.18867861    0.22479517    0.22907375    0.22644948    0.25284751    0.26095872    0.19600957    0.21257223    0.22288214    0.25310414    0.25310414    0.22809309    0.25779887    0.27302906    0.25890676    0.26242193    0.26873170    0.27191670    0.28767121
T19            0.29429447    0.10623094    0.19507456    0.00000000    0.04790210    0.03077462    0.06098106    0.10171991    0.09947537    0.14076798    0.14271326    0.10925827    0.10201153    0.16896727    0.20548791    0.20548791    0.18977477    0.20434660    0.20180114    0.19170972    0.19758972    0.20325585    0.20041476    0.21735800
T1             0.31942436    0.13258593    0.21960005    0.04790210    0.00000000    0.02866489    0.08329753    0.12544305    0.12313321    0.16870585    0.17064570    0.13333213    0.12579400    0.19256824    0.23036572    0.23334213    0.21410937    0.22324241    0.22938224    0.21316596    0.21926871    0.22513429    0.22513429    0.23972274
T12            0.29949331    0.11305314    0.18867861    0.03077462    0.02866489    0.00000000    0.06743338    0.11090725    0.10863486    0.14785492    0.14983246    0.11363419    0.10636991    0.16820808    0.20461822    0.20461822    0.19449540    0.21203836    0.21516356    0.20489899    0.21090360    0.21668440    0.21668440    0.23106951
T15            0.32881043    0.13225971    0.22479517    0.06098106    0.08329753    0.06743338    0.00000000    0.11292673    0.11064343    0.16288862    0.16487875    0.13080677    0.12793070    0.20325585    0.24164213    0.23862985    0.22513429    0.21411628    0.21436388    0.21258347    0.22154135    0.22740692    0.22740692    0.24200574
T16            0.34737277    0.14405241    0.22907375    0.10171991    0.12544305    0.11090725    0.11292673    0.00000000    0.00602718    0.17777842    0.17487492    0.15241655    0.15762517    0.22479517    0.25815785    0.25815785    0.24128840    0.23588421    0.24502598    0.22848595    0.23465780    0.24061066    0.24061066    0.24328093
T6             0.33719856    0.14167777    0.22644948    0.09947537    0.12313321    0.10863486    0.11064343    0.00602718    0.00000000    0.17800949    0.17509011    0.15002877    0.15522386    0.22219290    0.25544048    0.25544048    0.23862985    0.23031810    0.24234229    0.22585934    0.23201514    0.23795033    0.23795033    0.24061066
T4             0.35916123    0.14785492    0.25284751    0.14076798    0.16870585    0.14785492    0.16288862    0.17777842    0.17800949    0.00000000    0.04565595    0.13546883    0.12544305    0.21770871    0.24542823    0.24237920    0.22219290    0.25852715    0.24430978    0.24200574    0.25158265    0.25781378    0.25781378    0.26368273
T0             0.38387735    0.14983246    0.26095872    0.14271326    0.17064570    0.14983246    0.16487875    0.17487492    0.17509011    0.04565595    0.00000000    0.13997600    0.13997600    0.21960005    0.24663526    0.24361389    0.23299582    0.26362364    0.25852715    0.25003640    0.26283189    0.26283189    0.26916164    0.27834823
T2             0.30493520    0.11152453    0.19600957    0.10925827    0.13333213    0.11363419    0.13080677    0.15241655    0.15002877    0.13546883    0.13997600    0.00000000    0.09977007    0.16709116    0.19789164    0.19789164    0.18233144    0.19673748    0.20207395    0.18920913    0.20072469    0.20643941    0.20072469    0.22065010
T22            0.31761781    0.11120102    0.21257223    0.10201153    0.12579400    0.10636991    0.12793070    0.15762517    0.15522386    0.12544305    0.13997600    0.09977007    0.00000000    0.18016702    0.20294682    0.20294682    0.20137134    0.21604800    0.21863417    0.21121900    0.20866154    0.21444234    0.21154358    0.22288214
T20            0.24849597    0.14252064    0.22288214    0.16896727    0.19256824    0.16820808    0.20325585    0.22479517    0.22219290    0.21770871    0.21960005    0.16709116    0.18016702    0.00000000    0.09427819    0.09427819    0.09004087    0.15943884    0.16186122    0.15741679    0.15501408    0.16024997    0.16024997    0.17333402
T14            0.31650351    0.17755602    0.25310414    0.20548791    0.23036572    0.20461822    0.24164213    0.25815785    0.25544048    0.24542823    0.24663526    0.19789164    0.20294682    0.09427819    0.00000000    0.02653110    0.11040976    0.19527610    0.20568866    0.20664012    0.19849722    0.20408418    0.20973429    0.21803730
T11            0.30386976    0.17755602    0.25310414    0.20548791    0.23334213    0.20461822    0.23862985    0.25815785    0.25544048    0.24237920    0.24361389    0.19789164    0.20294682    0.09427819    0.02653110    0.00000000    0.11040976    0.19486176    0.20568866    0.20664012    0.19849722    0.20408418    0.20973429    0.21516356
T5             0.30386976    0.15982776    0.22809309    0.18977477    0.21410937    0.19449540    0.22513429    0.24128840    0.23862985    0.22219290    0.23299582    0.18233144    0.20137134    0.09004087    0.11040976    0.11040976    0.00000000    0.18479702    0.19001720    0.18545100    0.17755602    0.18296175    0.18296175    0.20207395
T7             0.27821098    0.16883751    0.25779887    0.20434660    0.22324241    0.21203836    0.21411628    0.23588421    0.23031810    0.25852715    0.26362364    0.19673748    0.21604800    0.15943884    0.19527610    0.19486176    0.18479702    0.00000000    0.11249726    0.09418195    0.09876607    0.10111908    0.09876607    0.10122449
T13            0.27226646    0.17657490    0.27302906    0.20180114    0.22938224    0.21516356    0.21436388    0.24502598    0.24234229    0.24430978    0.25852715    0.20207395    0.21863417    0.16186122    0.20568866    0.20568866    0.19001720    0.11249726    0.00000000    0.04334218    0.05840495    0.06060763    0.06492089    0.07379948
T10            0.26125407    0.16673135    0.25890676    0.19170972    0.21316596    0.20489899    0.21258347    0.22848595    0.22585934    0.24200574    0.25003640    0.18920913    0.21121900    0.15741679    0.20664012    0.20664012    0.18545100    0.09418195    0.04334218    0.00000000    0.05412861    0.05632163    0.05632163    0.06511333
T23            0.27026157    0.16691683    0.26242193    0.19758972    0.21926871    0.21090360    0.22154135    0.23465780    0.23201514    0.25158265    0.26283189    0.20072469    0.20866154    0.15501408    0.19849722    0.19849722    0.17755602    0.09876607    0.05840495    0.05412861    0.00000000    0.00603630    0.04343514    0.05645820
T18            0.27661139    0.17220812    0.26873170    0.20325585    0.22513429    0.21668440    0.22740692    0.24061066    0.23795033    0.25781378    0.26283189    0.20643941    0.21444234    0.16024997    0.20408418    0.20408418    0.18296175    0.10111908    0.06060763    0.05632163    0.00603630    0.00000000    0.04559499    0.05867063
T17            0.27106802    0.17755602    0.27191670    0.20041476    0.22513429    0.21668440    0.22740692    0.24061066    0.23795033    0.25781378    0.26916164    0.20072469    0.21154358    0.16024997    0.20973429    0.20973429    0.18296175    0.09876607    0.06492089    0.05632163    0.04343514    0.04559499    0.00000000    0.04338539
T3             0.28910902    0.18818339    0.28767121    0.21735800    0.23972274    0.23106951    0.24200574    0.24328093    0.24061066    0.26368273    0.27834823    0.22065010    0.22288214    0.17333402    0.21803730    0.21516356    0.20207395    0.10122449    0.07379948    0.06511333    0.05645820    0.05867063    0.04338539    0.00000000

