24
T16            0.00000000    0.29808655    0.29885841    0.31043963    0.27787147    0.30341532    0.25105999    0.26834901    0.26560334    0.26560334    0.25661511    0.25973179    0.26056460    0.22385842    0.18819934    0.14965427    0.14984282    0.13931915    0.13931915    0.15409831    0.11319288    0.14508842    0.13242678    0.13917274
T6             0.29808655    0.00000000    0.00804436    0.04765353    0.45532576    0.44178256    0.37214619    0.40498270    0.39775490    0.39775490    0.39957677    0.41153885    0.38284597    0.39242975    0.36169553    0.33626706    0.33672267    0.32221078    0.31297718    0.33281692    0.31503273    0.32728484    0.32640751    0.32684003
T17            0.29885841    0.00804436    0.00000000    0.05200168    0.46402953    0.45022873    0.37964198    0.41305392    0.40572950    0.40572950    0.40751958    0.41967574    0.39060385    0.40027898    0.35549109    0.33719085    0.33767158    0.32301592    0.31376354    0.33626706    0.31593835    0.32821128    0.32728484    0.32774194
T3             0.31043963    0.04765353    0.05200168    0.00000000    0.47556000    0.46857491    0.38600885    0.42379444    0.41635744    0.41635744    0.41815361    0.42379444    0.40099548    0.40680019    0.39011119    0.35646113    0.35696591    0.34187620    0.33238579    0.35288760    0.32774194    0.34020894    0.33928613    0.33974119
T11            0.27787147    0.45532576    0.46402953    0.47556000    0.00000000    0.19432292    0.14592943    0.17488825    0.17242935    0.17242935    0.16468664    0.16732583    0.16246472    0.15444430    0.37709192    0.33216706    0.32918663    0.33971953    0.33867058    0.37332993    0.30432393    0.35165596    0.32572445    0.32774194
T5             0.30341532    0.44178256    0.45022873    0.46857491    0.19432292    0.00000000    0.11241335    0.18274814    0.18297689    0.17756993    0.18049624    0.17826447    0.17019754    0.16169162    0.38662343    0.34220626    0.34273707    0.33566560    0.34523624    0.36901136    0.31397066    0.34383634    0.32969260    0.34827889
T4             0.25105999    0.37214619    0.37964198    0.38600885    0.14592943    0.11241335    0.00000000    0.14453801    0.13963614    0.13963614    0.13476780    0.13009363    0.12760557    0.12007818    0.31211083    0.28182901    0.28223619    0.28223619    0.27824660    0.30964845    0.26440353    0.28546356    0.27824660    0.29967626
T12            0.26834901    0.40498270    0.41305392    0.42379444    0.17488825    0.18274814    0.14453801    0.00000000    0.01619025    0.01619025    0.03694590    0.03906914    0.03701157    0.13081591    0.35964858    0.30627850    0.30679567    0.31364909    0.30916448    0.33538634    0.27932421    0.32529826    0.31021062    0.32241316
T1             0.26560334    0.39775490    0.40572950    0.41635744    0.17242935    0.18297689    0.13963614    0.01619025    0.00000000    0.00401610    0.03274695    0.03485674    0.03280760    0.13101584    0.35288342    0.29668869    0.30392088    0.31075089    0.30627850    0.33240469    0.27654833    0.32948446    0.31420124    0.31257941
T19            0.26560334    0.39775490    0.40572950    0.41635744    0.17242935    0.17756993    0.13963614    0.01619025    0.00401610    0.00000000    0.03274695    0.03485674    0.03280760    0.13101584    0.35288342    0.30340390    0.30392088    0.31075089    0.30289822    0.33240469    0.27654833    0.32948446    0.31420124    0.31948012
T8             0.25661511    0.39957677    0.40751958    0.41815361    0.16468664    0.18049624    0.13476780    0.03694590    0.03274695    0.03274695    0.00000000    0.02236457    0.02862793    0.12618448    0.34618509    0.29384783    0.29434209    0.30105735    0.29668869    0.31548855    0.27055552    0.32653482    0.31130260    0.31655880
T2             0.25973179    0.41153885    0.41967574    0.42379444    0.16732583    0.17826447    0.13009363    0.03906914    0.03485674    0.03485674    0.02236457    0.00000000    0.03073328    0.12618448    0.35722248    0.30392088    0.30444914    0.31130260    0.30679567    0.32353179    0.27703146    0.33012147    0.31476493    0.32003313
T10            0.26056460    0.38284597    0.39060385    0.40099548    0.16246472    0.17019754    0.12760557    0.03701157    0.03280760    0.03280760    0.02862793    0.03073328    0.00000000    0.12659714    0.34378229    0.30498868    0.30553948    0.30553948    0.30105735    0.32353179    0.27151110    0.32423179    0.30553948    0.31420124
T20            0.22385842    0.39242975    0.40027898    0.40680019    0.15444430    0.16169162    0.12007818    0.13081591    0.13101584    0.13101584    0.12618448    0.12618448    0.12659714    0.00000000    0.31155600    0.27472158    0.27516237    0.27516237    0.27110516    0.30240386    0.24585350    0.27932421    0.27195566    0.28678216
T7             0.18819934    0.36169553    0.35549109    0.39011119    0.37709192    0.38662343    0.31211083    0.35964858    0.35288342    0.35288342    0.34618509    0.35722248    0.34378229    0.31155600    0.00000000    0.15067824    0.15090729    0.14528798    0.13510723    0.15763707    0.16071861    0.17605248    0.17287206    0.18026609
T9             0.14965427    0.33626706    0.33719085    0.35646113    0.33216706    0.34220626    0.28182901    0.30627850    0.29668869    0.30340390    0.29384783    0.30392088    0.30498868    0.27472158    0.15067824    0.00000000    0.01210018    0.04545224    0.03904158    0.05407630    0.12101335    0.14571111    0.13259414    0.14727153
T21            0.14984282    0.33672267    0.33767158    0.35696591    0.32918663    0.34273707    0.28223619    0.30679567    0.30392088    0.30392088    0.29434209    0.30444914    0.30553948    0.27516237    0.15090729    0.01210018    0.00000000    0.04549356    0.03906914    0.05621308    0.12119584    0.14077867    0.12776827    0.15263082
T22            0.13931915    0.32221078    0.32301592    0.34187620    0.33971953    0.33566560    0.28223619    0.31364909    0.31075089    0.31075089    0.30105735    0.31130260    0.30553948    0.27516237    0.14528798    0.04545224    0.04549356    0.00000000    0.03902059    0.05613034    0.11592344    0.13276934    0.12993252    0.14453801
T18            0.13931915    0.31297718    0.31376354    0.33238579    0.33867058    0.34523624    0.27824660    0.30916448    0.30627850    0.30289822    0.29668869    0.30679567    0.30105735    0.27110516    0.13510723    0.03904158    0.03906914    0.03902059    0.00000000    0.03692285    0.11348396    0.13528877    0.12498105    0.14489689
T15            0.15409831    0.33281692    0.33626706    0.35288760    0.37332993    0.36901136    0.30964845    0.33538634    0.33240469    0.33240469    0.31548855    0.32353179    0.32353179    0.30240386    0.15763707    0.05407630    0.05621308    0.05613034    0.03692285    0.00000000    0.12776827    0.15523564    0.14199940    0.16246472
T14            0.11319288    0.31503273    0.31593835    0.32774194    0.30432393    0.31397066    0.26440353    0.27932421    0.27654833    0.27654833    0.27055552    0.27703146    0.27151110    0.24585350    0.16071861    0.12101335    0.12119584    0.11592344    0.11348396    0.12776827    0.00000000    0.08574650    0.07859030    0.09449656
T13            0.14508842    0.32728484    0.32821128    0.34020894    0.35165596    0.34383634    0.28546356    0.32529826    0.32948446    0.32948446    0.32653482    0.33012147    0.32423179    0.27932421    0.17605248    0.14571111    0.14077867    0.13276934    0.13528877    0.15523564    0.08574650    0.00000000    0.04343601    0.12545065
T23            0.13242678    0.32640751    0.32728484    0.33928613    0.32572445    0.32969260    0.27824660    0.31021062    0.31420124    0.31420124    0.31130260    0.31476493    0.30553948    0.27195566    0.17287206    0.13259414    0.12776827    0.12993252    0.12498105    0.14199940    0.07859030    0.04343601    0.00000000    0.12021490
T0             0.13917274    0.32684003    0.32774194    0.33974119    0.32774194    0.34827889    0.29967626    0.32241316    0.31257941    0.31948012    0.31655880    0.32003313    0.31420124    0.28678216    0.18026609    0.14727153    0.15263082    0.14453801    0.14489689    0.16246472    0.09449656    0.12545065    0.12021490    0.00000000

