24
T12            0.00000000    0.17675914    0.17377150    0.19275648    0.30975407    0.18943286    0.18925407    0.16205499    0.16997178    0.19674563    0.17286420    0.18320569    0.20359483    0.19345137    0.17242202    0.16753006    0.16151381    0.16411829    0.16411829    0.27469682    0.27993920    0.28029095    0.24899525    0.34380205
T16            0.17675914    0.00000000    0.01823216    0.17604369    0.29666251    0.16509681    0.16488419    0.15501907    0.17411877    0.19790072    0.17065198    0.18921700    0.19900789    0.19171768    0.17555278    0.17286420    0.15926164    0.16711621    0.16711621    0.28346631    0.29844510    0.29883626    0.25817184    0.35349966
T0             0.17377150    0.01823216    0.00000000    0.16797779    0.28713630    0.15983289    0.15963411    0.14983702    0.16871245    0.19228167    0.16267195    0.18097372    0.18795595    0.18072645    0.17019002    0.16753006    0.15409302    0.16186614    0.16186614    0.28346631    0.30500424    0.30541701    0.25817184    0.36082835
T6             0.19275648    0.17604369    0.16797779    0.00000000    0.17924025    0.09251170    0.09238468    0.16312501    0.18204916    0.21844985    0.19007926    0.20933198    0.21411983    0.21772012    0.20073411    0.19508330    0.18345168    0.19171768    0.18894712    0.32273969    0.32474556    0.32521461    0.27900870    0.39843387
T21            0.30975407    0.29666251    0.28713630    0.17924025    0.00000000    0.20508074    0.20489452    0.26911402    0.28459834    0.30637385    0.31334118    0.33971257    0.34184858    0.34274350    0.32936442    0.31922621    0.31515707    0.31846916    0.32180336    0.44529711    0.44761548    0.44818704    0.38656966    0.52935683
T18            0.18943286    0.16509681    0.15983289    0.09251170    0.20508074    0.00000000    0.00401104    0.16774970    0.18396982    0.22030229    0.17019002    0.18320569    0.20180949    0.19674563    0.17825590    0.17286420    0.16936835    0.16936835    0.17201420    0.31794081    0.32003201    0.32045312    0.28422319    0.38084054
T14            0.18925407    0.16488419    0.15963411    0.09238468    0.20489452    0.00401104    0.00000000    0.16753006    0.18370640    0.21995198    0.16997178    0.18296844    0.20154558    0.19647926    0.17801601    0.17263883    0.16918439    0.17447613    0.17182325    0.32088632    0.32299095    0.32341132    0.28065373    0.38021434
T2             0.16205499    0.15501907    0.14983702    0.16312501    0.26911402    0.16774970    0.16753006    0.00000000    0.03488805    0.06288687    0.15931977    0.16145630    0.18396982    0.17684402    0.15879632    0.15615042    0.14785972    0.15305527    0.14528207    0.26363795    0.26638671    0.26988949    0.23234359    0.33180483
T10            0.16997178    0.17411877    0.16871245    0.18204916    0.28459834    0.18396982    0.18370640    0.03488805    0.00000000    0.04994345    0.17283635    0.17497284    0.19228167    0.18511009    0.17224012    0.16952227    0.16095129    0.16095129    0.15567344    0.27941593    0.28141228    0.28502425    0.24736293    0.34252314
T15            0.19674563    0.19790072    0.19228167    0.21844985    0.30637385    0.22030229    0.21995198    0.06288687    0.04994345    0.00000000    0.18672870    0.19453204    0.21223112    0.20494652    0.19169056    0.18886515    0.17987549    0.17987549    0.17712776    0.30813698    0.32028905    0.32425568    0.27469947    0.37855710
T5             0.17286420    0.17065198    0.16267195    0.19007926    0.31334118    0.17019002    0.16997178    0.15931977    0.17283635    0.18672870    0.00000000    0.04765301    0.12544638    0.11625241    0.10426273    0.10426273    0.09684743    0.10158719    0.09921169    0.27027717    0.28180799    0.28221464    0.25080361    0.32532606
T1             0.18320569    0.18921700    0.18097372    0.20933198    0.33971257    0.18320569    0.18296844    0.16145630    0.17497284    0.19453204    0.04765301    0.00000000    0.14016631    0.13081074    0.11120373    0.11120373    0.10371476    0.10849989    0.10610160    0.28868890    0.29721427    0.29765166    0.25620528    0.33951614
T11            0.20359483    0.19900789    0.18795595    0.21411983    0.34184858    0.20180949    0.20154558    0.18396982    0.19228167    0.21223112    0.12544638    0.14016631    0.00000000    0.02648432    0.13226307    0.12729975    0.13445597    0.13946907    0.13695623    0.32669433    0.32521461    0.32569576    0.29151953    0.37452645
T4             0.19345137    0.19171768    0.18072645    0.21772012    0.34274350    0.19674563    0.19647926    0.17684402    0.18511009    0.20494652    0.11625241    0.13081074    0.02648432    0.00000000    0.12330975    0.11837092    0.12544638    0.13043449    0.12793421    0.31494183    0.31346100    0.31394292    0.28026284    0.36205862
T8             0.17242202    0.17555278    0.17019002    0.20073411    0.32936442    0.17825590    0.17801601    0.15879632    0.17224012    0.19169056    0.10426273    0.11120373    0.13226307    0.12330975    0.00000000    0.01620786    0.03483145    0.03906886    0.03694566    0.28221464    0.29067652    0.29109245    0.26558282    0.34554250
T9             0.16753006    0.17286420    0.16753006    0.19508330    0.31922621    0.17286420    0.17263883    0.15615042    0.16952227    0.18886515    0.10426273    0.11120373    0.12729975    0.11837092    0.01620786    0.00000000    0.03483145    0.03906886    0.03694566    0.27662803    0.28502425    0.28544128    0.26243738    0.34554250
T3             0.16151381    0.15926164    0.15409302    0.18345168    0.31515707    0.16936835    0.16918439    0.14785972    0.16095129    0.17987549    0.09684743    0.10371476    0.13445597    0.12544638    0.03483145    0.03483145    0.00000000    0.02029404    0.01823216    0.26568404    0.27400012    0.27434303    0.25545432    0.33125102
T7             0.16411829    0.16711621    0.16186614    0.19171768    0.31846916    0.16936835    0.17447613    0.15305527    0.16095129    0.17987549    0.10158719    0.10849989    0.13946907    0.13043449    0.03906886    0.03906886    0.02029404    0.00000000    0.01826975    0.26259693    0.27088416    0.27121732    0.25854145    0.33017974
T19            0.16411829    0.16711621    0.16186614    0.18894712    0.32180336    0.17201420    0.17182325    0.14528207    0.15567344    0.17712776    0.09921169    0.10610160    0.13695623    0.12793421    0.03694566    0.03694566    0.01823216    0.01826975    0.00000000    0.26879034    0.27713564    0.27748842    0.25854145    0.33017974
T23            0.27469682    0.28346631    0.28346631    0.32273969    0.44529711    0.31794081    0.32088632    0.26363795    0.27941593    0.30813698    0.27027717    0.28868890    0.32669433    0.31494183    0.28221464    0.27662803    0.26568404    0.26259693    0.26879034    0.00000000    0.03697521    0.03701125    0.11982488    0.20718041
T20            0.27993920    0.29844510    0.30500424    0.32474556    0.44761548    0.32003201    0.32299095    0.26638671    0.28141228    0.32028905    0.28180799    0.29721427    0.32521461    0.31346100    0.29067652    0.28502425    0.27400012    0.27088416    0.27713564    0.03697521    0.00000000    0.00401104    0.12435128    0.22124004
T13            0.28029095    0.29883626    0.30541701    0.32521461    0.44818704    0.32045312    0.32341132    0.26988949    0.28502425    0.32425568    0.28221464    0.29765166    0.32569576    0.31394292    0.29109245    0.28544128    0.27434303    0.27121732    0.27748842    0.03701125    0.00401104    0.00000000    0.12446078    0.22155188
T17            0.24899525    0.25817184    0.25817184    0.27900870    0.38656966    0.28422319    0.28065373    0.23234359    0.24736293    0.27469947    0.25080361    0.25620528    0.29151953    0.28026284    0.26558282    0.26243738    0.25545432    0.25854145    0.25854145    0.11982488    0.12435128    0.12446078    0.00000000    0.15963411
T22            0.34380205    0.35349966    0.36082835    0.39843387    0.52935683    0.38084054    0.38021434    0.33180483    0.34252314    0.37855710    0.32532606    0.33951614    0.37452645    0.36205862    0.34554250    0.34554250    0.33125102    0.33017974    0.33017974    0.20718041    0.22124004    0.22155188    0.15963411    0.00000000

