24
T17            0.00000000    0.15684879    0.09921298    0.11764308    0.10565070    0.15003650    0.19345601    0.13727852    0.20520387    0.18869079    0.14489415    0.10426437    0.13801407    0.14036332    0.15545060    0.15222925    0.16656231    0.10824878    0.10783402    0.11719738    0.11576640    0.13493123    0.12993042    0.12793648
T21            0.15684879    0.00000000    0.16997538    0.19298339    0.17714671    0.21637846    0.25204362    0.19702634    0.25972199    0.24545114    0.20775520    0.18177237    0.20836125    0.21091976    0.21606446    0.23203307    0.26989909    0.19955264    0.18173357    0.19487235    0.19172279    0.20974872    0.20921899    0.19321519
T1             0.09921298    0.16997538    0.00000000    0.06511466    0.06487154    0.16312883    0.19396461    0.13980418    0.21318182    0.19370582    0.14234268    0.13609028    0.16628977    0.16871678    0.18177237    0.16976554    0.20129574    0.14508558    0.12470507    0.13931692    0.13026027    0.15242437    0.15204233    0.14016900
T18            0.11764308    0.19298339    0.06511466    0.00000000    0.08933073    0.18321003    0.21490229    0.15926450    0.22879183    0.21463533    0.16448743    0.15067490    0.18371107    0.18619655    0.19955264    0.19002781    0.21722757    0.15722466    0.14405827    0.15909075    0.15462678    0.17756602    0.17714671    0.16488761
T20            0.10565070    0.17714671    0.06487154    0.08933073    0.00000000    0.16225551    0.20129574    0.14929911    0.22940000    0.20104999    0.14708691    0.13781834    0.17286813    0.17532413    0.18619655    0.17201756    0.20313878    0.14183620    0.12425103    0.13878027    0.13460779    0.15909075    0.15876861    0.15186365
T9             0.15003650    0.21637846    0.16312883    0.18321003    0.16225551    0.00000000    0.16186914    0.10824878    0.17242565    0.16510036    0.12035748    0.17988079    0.20359008    0.20042990    0.21995931    0.20691514    0.24469444    0.18645898    0.16448743    0.18004074    0.17604811    0.19370582    0.19321519    0.19172279
T23            0.19345601    0.25204362    0.19396461    0.21490229    0.20129574    0.16186914    0.00000000    0.10059290    0.15876861    0.15378317    0.14453546    0.21961811    0.25005857    0.25275573    0.26518297    0.24934481    0.29638456    0.22355033    0.21389145    0.23059205    0.22481355    0.23999119    0.23939231    0.24096453
T13            0.13727852    0.19702634    0.13980418    0.15926450    0.14929911    0.10824878    0.10059290    0.00000000    0.11489306    0.10783402    0.09428080    0.16361538    0.18619655    0.18869079    0.20491354    0.19573883    0.22909105    0.16225551    0.15892545    0.16901202    0.16004337    0.18274402    0.18501649    0.17264260
T16            0.20520387    0.25972199    0.21318182    0.22879183    0.22940000    0.17242565    0.15876861    0.11489306    0.00000000    0.06988404    0.15003650    0.23145661    0.24397752    0.24665614    0.25275573    0.26090856    0.30052762    0.22940000    0.23113892    0.24534646    0.22709624    0.23999119    0.24236051    0.23499252
T15            0.18869079    0.24545114    0.19370582    0.21463533    0.20104999    0.16510036    0.15378317    0.10783402    0.06988404    0.00000000    0.14765675    0.21412663    0.22940000    0.23203307    0.24934481    0.23407228    0.28462872    0.21805304    0.20849469    0.22218757    0.21288548    0.22559460    0.22795279    0.22646660
T6             0.14489415    0.20775520    0.14234268    0.16448743    0.14708691    0.12035748    0.14453546    0.09428080    0.15003650    0.14765675    0.00000000    0.17168190    0.20012848    0.20266165    0.22221112    0.20129574    0.25239457    0.17286813    0.15634769    0.17164408    0.18424693    0.19648427    0.19875669    0.18895203
T0             0.10426437    0.18177237    0.13609028    0.15067490    0.13781834    0.17988079    0.21961811    0.16361538    0.23145661    0.21412663    0.17168190    0.00000000    0.12119358    0.12849384    0.14077568    0.14272047    0.17802014    0.13609028    0.11791215    0.12252181    0.13609028    0.16336796    0.16289799    0.15090382
T3             0.13801407    0.20836125    0.16628977    0.18371107    0.17286813    0.20359008    0.25005857    0.18619655    0.24397752    0.22940000    0.20012848    0.12119358    0.00000000    0.00602719    0.04545203    0.12497916    0.21865080    0.15785066    0.15963721    0.16711951    0.15523233    0.18149901    0.18097819    0.17630654
T14            0.14036332    0.21091976    0.16871678    0.18619655    0.17532413    0.20042990    0.25275573    0.18869079    0.24665614    0.23203307    0.20266165    0.12849384    0.00602719    0.00000000    0.04541736    0.12730162    0.21546456    0.16025893    0.16205811    0.16956425    0.15763373    0.18397466    0.18345618    0.17876613
T2             0.15545060    0.21606446    0.18177237    0.19955264    0.18619655    0.21995931    0.26518297    0.20491354    0.25275573    0.24934481    0.22221112    0.14077568    0.04545203    0.04541736    0.00000000    0.13727852    0.22646660    0.17310220    0.17488450    0.18252420    0.17850885    0.20805364    0.20746596    0.20042990
T5             0.15222925    0.23203307    0.16976554    0.19002781    0.17201756    0.20691514    0.24934481    0.19573883    0.26090856    0.23407228    0.20129574    0.14272047    0.12497916    0.12730162    0.13727852    0.00000000    0.24631356    0.16976554    0.17962450    0.18730985    0.18049203    0.21232082    0.21179370    0.19901293
T19            0.16656231    0.26989909    0.20129574    0.21722757    0.20313878    0.24469444    0.29638456    0.22909105    0.30052762    0.28462872    0.25239457    0.17802014    0.21865080    0.21546456    0.22646660    0.24631356    0.00000000    0.17089986    0.17447952    0.17447952    0.20520387    0.20921899    0.21437785    0.20947919
T10            0.10824878    0.19955264    0.14508558    0.15722466    0.14183620    0.18645898    0.22355033    0.16225551    0.22940000    0.21805304    0.17286813    0.13609028    0.15785066    0.16025893    0.17310220    0.16976554    0.17089986    0.00000000    0.11333297    0.11576640    0.15328639    0.16775342    0.17264260    0.16578897
T11            0.10783402    0.18173357    0.12470507    0.14405827    0.12425103    0.16448743    0.21389145    0.15892545    0.23113892    0.20849469    0.15634769    0.11791215    0.15963721    0.16205811    0.17488450    0.17962450    0.17447952    0.11333297    0.00000000    0.01823218    0.13681027    0.16656231    0.16623383    0.14674766
T4             0.11719738    0.19487235    0.13931692    0.15909075    0.13878027    0.18004074    0.23059205    0.16901202    0.24534646    0.22218757    0.17164408    0.12252181    0.16711951    0.16956425    0.18252420    0.18730985    0.17447952    0.11576640    0.01823218    0.00000000    0.14183620    0.17182648    0.17147039    0.15186365
T22            0.11576640    0.19172279    0.13026027    0.15462678    0.13460779    0.17604811    0.22481355    0.16004337    0.22709624    0.21288548    0.18424693    0.13609028    0.15523233    0.15763373    0.17850885    0.18049203    0.20520387    0.15328639    0.13681027    0.14183620    0.00000000    0.09876878    0.09642662    0.08740692
T12            0.13493123    0.20974872    0.15242437    0.17756602    0.15909075    0.19370582    0.23999119    0.18274402    0.23999119    0.22559460    0.19648427    0.16336796    0.18149901    0.18397466    0.20805364    0.21232082    0.20921899    0.16775342    0.16656231    0.17182648    0.09876878    0.00000000    0.01413375    0.08069023
T8             0.12993042    0.20921899    0.15204233    0.17714671    0.15876861    0.19321519    0.23939231    0.18501649    0.24236051    0.22795279    0.19875669    0.16289799    0.18097819    0.18345618    0.20746596    0.21179370    0.21437785    0.17264260    0.16623383    0.17147039    0.09642662    0.01413375    0.00000000    0.07840692
T7             0.12793648    0.19321519    0.14016900    0.16488761    0.15186365    0.19172279    0.24096453    0.17264260    0.23499252    0.22646660    0.18895203    0.15090382    0.17630654    0.17876613    0.20042990    0.19901293    0.20947919    0.16578897    0.14674766    0.15186365    0.08740692    0.08069023    0.07840692    0.00000000

