24
T2             0.00000000    0.27771044    0.27449670    0.27922707    0.29176306    0.28983163    0.27685059    0.31820869    0.28443917    0.29746154    0.26694926    0.31440312    0.31106059    0.31527303    0.22950130    0.23215978    0.26211981    0.25330143    0.20557406    0.23285038    0.19885467    0.19860432    0.21788640    0.21968304
T5             0.27771044    0.00000000    0.00804445    0.05433898    0.06313862    0.05654759    0.04777139    0.13921201    0.11537710    0.12733920    0.32405136    0.37450860    0.35985932    0.37056579    0.29989589    0.30277405    0.34002812    0.32998006    0.26419982    0.29836059    0.26854601    0.26813086    0.28186955    0.28983163
T12            0.27449670    0.00804445    0.00000000    0.04995096    0.05868183    0.05214013    0.04344070    0.13421934    0.11055354    0.12242035    0.32059218    0.37080562    0.35626345    0.36313113    0.29417383    0.29947562    0.33648282    0.32649679    0.26108679    0.29746154    0.26538331    0.26497824    0.27630387    0.28420092
T19            0.27922707    0.05433898    0.04995096    0.00000000    0.03077800    0.03073572    0.02236557    0.14119107    0.11974141    0.13421934    0.32550770    0.39869873    0.38349058    0.37192405    0.31147819    0.31440312    0.34501673    0.33494434    0.27526140    0.31234926    0.27643695    0.27286168    0.28329875    0.29460668
T10            0.29176306    0.06313862    0.05868183    0.03077800    0.00000000    0.04134169    0.03281008    0.15624611    0.13435491    0.15431872    0.34250985    0.40977544    0.39427123    0.38639522    0.32456767    0.32753910    0.35888996    0.34858720    0.28766293    0.32550770    0.27922707    0.27564233    0.28937553    0.30077112
T9             0.28983163    0.05654759    0.05214013    0.03073572    0.04134169    0.00000000    0.02444494    0.14902672    0.12733920    0.14679628    0.33595747    0.41438672    0.39869873    0.39086503    0.32503154    0.32800256    0.35580600    0.34554219    0.28483997    0.32254913    0.28610919    0.28244058    0.29645149    0.30793472
T15            0.27685059    0.04777139    0.04344070    0.02236557    0.03281008    0.02444494    0.00000000    0.14369354    0.12217072    0.13670941    0.31866123    0.39485286    0.38349058    0.36822092    0.31147819    0.31440312    0.34501673    0.33494434    0.27526140    0.31234926    0.27964017    0.27603419    0.28329875    0.29460668
T1             0.31820869    0.13921201    0.13421934    0.14119107    0.15624611    0.14902672    0.14369354    0.00000000    0.03063102    0.09845931    0.34656323    0.42310415    0.39966473    0.42577868    0.33480683    0.33783118    0.36400651    0.35367816    0.30079301    0.33564158    0.27697965    0.27732658    0.29930532    0.30504684
T13            0.28443917    0.11537710    0.11055354    0.11974141    0.13435491    0.12733920    0.12217072    0.03063102    0.00000000    0.06922427    0.31820869    0.39544907    0.37289292    0.39797931    0.30368698    0.30659273    0.33146134    0.32160841    0.26862661    0.30774038    0.26037025    0.26002786    0.27727510    0.28286416
T6             0.29746154    0.12733920    0.12242035    0.13421934    0.15431872    0.14679628    0.13670941    0.09845931    0.06922427    0.00000000    0.33544464    0.39544907    0.38029853    0.39797931    0.33052281    0.33351890    0.35525430    0.34501673    0.28048872    0.30774038    0.28244058    0.28202804    0.29266348    0.29836059
T18            0.26694926    0.32405136    0.32059218    0.32550770    0.34250985    0.33595747    0.31866123    0.34656323    0.31820869    0.33544464    0.00000000    0.22807111    0.21423300    0.21529579    0.26277041    0.26552356    0.30277405    0.30320535    0.24312468    0.27286168    0.24486477    0.24449655    0.25369275    0.25835751
T23            0.31440312    0.37450860    0.37080562    0.39869873    0.40977544    0.41438672    0.39485286    0.42310415    0.39544907    0.39544907    0.22807111    0.00000000    0.02857358    0.23310093    0.30734587    0.31358147    0.35471575    0.34450412    0.28970961    0.32411610    0.29989589    0.29947562    0.29619892    0.29541476
T16            0.31106059    0.35985932    0.35626345    0.38349058    0.39427123    0.39869873    0.38349058    0.39966473    0.37289292    0.38029853    0.21423300    0.02857358    0.00000000    0.23363237    0.30155022    0.30444219    0.34048460    0.33398145    0.28013172    0.31398625    0.29334231    0.29294368    0.28970961    0.28896774
T4             0.31527303    0.37056579    0.36313113    0.37192405    0.38639522    0.39086503    0.36822092    0.42577868    0.39797931    0.39797931    0.21529579    0.23310093    0.23363237    0.00000000    0.32411610    0.32367685    0.35580600    0.34554219    0.30277405    0.32160841    0.30842398    0.30793472    0.28567500    0.27843380
T22            0.22950130    0.29989589    0.29417383    0.31147819    0.32456767    0.32503154    0.31147819    0.33480683    0.30368698    0.33052281    0.26277041    0.30734587    0.30155022    0.32411610    0.00000000    0.01210031    0.08934399    0.08255535    0.04969478    0.07359787    0.17383332    0.17367688    0.17664763    0.17896061
T7             0.23215978    0.30277405    0.29947562    0.31440312    0.32753910    0.32800256    0.31440312    0.33783118    0.30659273    0.33351890    0.26552356    0.31358147    0.30444219    0.32367685    0.01210031    0.00000000    0.09158174    0.08477532    0.05182424    0.07579538    0.17105592    0.17091537    0.18412514    0.18647079
T11            0.26211981    0.34002812    0.33648282    0.34501673    0.35888996    0.35580600    0.34501673    0.36400651    0.33146134    0.35525430    0.30277405    0.35471575    0.34048460    0.35580600    0.08934399    0.09158174    0.00000000    0.01008436    0.08070549    0.09860921    0.20322899    0.20300961    0.21994114    0.21994114
T17            0.25330143    0.32998006    0.32649679    0.33494434    0.34858720    0.34554219    0.33494434    0.35367816    0.32160841    0.34501673    0.30320535    0.34450412    0.33398145    0.34554219    0.08255535    0.08477532    0.01008436    0.00000000    0.07396154    0.09171403    0.19515725    0.19495159    0.21164651    0.21164651
T21            0.20557406    0.26419982    0.26108679    0.27526140    0.28766293    0.28483997    0.27526140    0.30079301    0.26862661    0.28048872    0.24312468    0.28970961    0.28013172    0.30277405    0.04969478    0.05182424    0.08070549    0.07396154    0.00000000    0.03904390    0.14902672    0.14887745    0.15398530    0.15624611
T3             0.23285038    0.29836059    0.29746154    0.31234926    0.32550770    0.32254913    0.31234926    0.33564158    0.30774038    0.30774038    0.27286168    0.32411610    0.31398625    0.32160841    0.07359787    0.07579538    0.09860921    0.09171403    0.03904390    0.00000000    0.16662167    0.16907197    0.18468024    0.18699298
T8             0.19885467    0.26854601    0.26538331    0.27643695    0.27922707    0.28610919    0.27964017    0.27697965    0.26037025    0.28244058    0.24486477    0.29989589    0.29334231    0.30842398    0.17383332    0.17105592    0.20322899    0.19515725    0.14902672    0.16662167    0.00000000    0.00804339    0.14204467    0.15709202
T14            0.19860432    0.26813086    0.26497824    0.27286168    0.27564233    0.28244058    0.27603419    0.27732658    0.26002786    0.28202804    0.24449655    0.29947562    0.29294368    0.30793472    0.17367688    0.17091537    0.20300961    0.19495159    0.14887745    0.16907197    0.00804339    0.00000000    0.13968100    0.15468571
T20            0.21788640    0.28186955    0.27630387    0.28329875    0.28937553    0.29645149    0.28329875    0.29930532    0.27727510    0.29266348    0.25369275    0.29619892    0.28970961    0.28567500    0.17664763    0.18412514    0.21994114    0.21164651    0.15398530    0.18468024    0.14204467    0.13968100    0.00000000    0.03067043
T0             0.21968304    0.28983163    0.28420092    0.29460668    0.30077112    0.30793472    0.29460668    0.30504684    0.28286416    0.29836059    0.25835751    0.29541476    0.28896774    0.27843380    0.17896061    0.18647079    0.21994114    0.21164651    0.15624611    0.18699298    0.15709202    0.15468571    0.03067043    0.00000000

