24
T12            0.00000000    0.22772052    0.18753705    0.25380145    0.23913949    0.36582973    0.39782868    0.29532071    0.29115896    0.29158787    0.31111540    0.30484707    0.30484707    0.30922078    0.31899930    0.20977600    0.20977600    0.20494136    0.20494136    0.21725452    0.21699756    0.22853299    0.25317101    0.25279841
T17            0.22772052    0.00000000    0.05616933    0.16431491    0.15154309    0.35686063    0.40648986    0.32627533    0.31088424    0.30466844    0.32529664    0.31464521    0.31464521    0.32233976    0.32874868    0.25751277    0.25751277    0.25859505    0.26170332    0.25445222    0.26024276    0.27271495    0.29532071    0.28269734
T1             0.18753705    0.05616933    0.00000000    0.12282431    0.10837827    0.30317425    0.35961710    0.28637749    0.27271495    0.26369076    0.28550688    0.27310356    0.27310356    0.28032932    0.28964872    0.20749397    0.20749397    0.20839217    0.21126776    0.21609600    0.21579036    0.22746108    0.26333046    0.25125116
T18            0.25380145    0.16431491    0.12282431    0.00000000    0.07177369    0.38588723    0.42213718    0.36838607    0.34174844    0.33521784    0.36714737    0.34941974    0.34941974    0.35785760    0.36094114    0.26680868    0.26680868    0.27433366    0.27754184    0.27867186    0.28468031    0.29772283    0.30773341    0.29486979
T9             0.23913949    0.15154309    0.10837827    0.07177369    0.00000000    0.36083643    0.40319919    0.34693432    0.32140896    0.31508154    0.34583120    0.32874868    0.32874868    0.33677722    0.34693432    0.25174195    0.25174195    0.25897655    0.26209454    0.27588233    0.27549442    0.28832739    0.30149910    0.28875676
T13            0.36582973    0.35686063    0.30317425    0.38588723    0.36083643    0.00000000    0.13159504    0.43354807    0.47266703    0.46909662    0.49938699    0.46479771    0.46479771    0.47064259    0.48751468    0.33764048    0.33764048    0.33544334    0.33201520    0.36128845    0.36083643    0.37529421    0.39131878    0.38057205
T21            0.39782868    0.40648986    0.35961710    0.42213718    0.40319919    0.13159504    0.00000000    0.45003543    0.49155655    0.49684045    0.52373697    0.49684045    0.49684045    0.50309433    0.51614070    0.37116291    0.37116291    0.35817858    0.34760351    0.38486600    0.38437685    0.39182081    0.40048394    0.38963721
T15            0.29532071    0.32627533    0.28637749    0.36838607    0.34693432    0.43354807    0.45003543    0.00000000    0.10850871    0.10864664    0.12282431    0.11106291    0.11106291    0.11872876    0.12850662    0.31316816    0.31316816    0.31482937    0.31831791    0.32837794    0.32434582    0.33844797    0.35172911    0.34505614
T3             0.29115896    0.31088424    0.27271495    0.34174844    0.32140896    0.47266703    0.49155655    0.10850871    0.00000000    0.01623201    0.05846408    0.08510637    0.08510637    0.08993435    0.10398271    0.30533142    0.30533142    0.30685310    0.31026994    0.32730248    0.32678286    0.33732179    0.35054891    0.34390331
T5             0.29158787    0.30466844    0.26369076    0.33521784    0.31508154    0.46909662    0.49684045    0.10864664    0.01623201    0.00000000    0.05632441    0.08060776    0.08060776    0.08539669    0.09934908    0.29578286    0.29578286    0.29723648    0.30059583    0.32434582    0.32382630    0.33432833    0.34750489    0.34088481
T2             0.31111540    0.32529664    0.28550688    0.36714737    0.34583120    0.49938699    0.52373697    0.12282431    0.05846408    0.05632441    0.00000000    0.09186283    0.09186283    0.09673771    0.10850871    0.31899930    0.31899930    0.32066310    0.32066310    0.33787871    0.33732179    0.34808810    0.36155248    0.35478696
T23            0.30484707    0.31464521    0.27310356    0.34941974    0.32874868    0.46479771    0.49684045    0.11106291    0.08510637    0.08060776    0.09186283    0.00000000    0.00000000    0.01210953    0.03697601    0.30582722    0.30582722    0.30738316    0.31081175    0.32434582    0.32382630    0.33432833    0.34390331    0.33732179
T11            0.30484707    0.31464521    0.27310356    0.34941974    0.32874868    0.46479771    0.49684045    0.11106291    0.08510637    0.08060776    0.09186283    0.00000000    0.00000000    0.01210953    0.03697601    0.30582722    0.30582722    0.30738316    0.31081175    0.32434582    0.32382630    0.33432833    0.34390331    0.33732179
T0             0.30922078    0.32233976    0.28032932    0.35785760    0.33677722    0.47064259    0.50309433    0.11872876    0.08993435    0.08539669    0.09673771    0.01210953    0.01210953    0.00000000    0.03919184    0.31371033    0.31371033    0.31540621    0.31890701    0.33247162    0.33190328    0.33545371    0.35233832    0.34565136
T6             0.31899930    0.32874868    0.28964872    0.36094114    0.34693432    0.48751468    0.51614070    0.12850662    0.10398271    0.09934908    0.10850871    0.03697601    0.03697601    0.03919184    0.00000000    0.32359746    0.32359746    0.32536902    0.32893229    0.33902957    0.33844797    0.34565136    0.35172911    0.34505614
T16            0.20977600    0.25751277    0.20749397    0.26680868    0.25174195    0.33764048    0.37116291    0.31316816    0.30533142    0.29578286    0.31899930    0.30582722    0.30582722    0.31371033    0.32359746    0.00000000    0.00000000    0.01619035    0.01824806    0.05846408    0.05840753    0.06727841    0.15832765    0.15069165
T20            0.20977600    0.25751277    0.20749397    0.26680868    0.25174195    0.33764048    0.37116291    0.31316816    0.30533142    0.29578286    0.31899930    0.30582722    0.30582722    0.31371033    0.32359746    0.00000000    0.00000000    0.01619035    0.01824806    0.05846408    0.05840753    0.06727841    0.15832765    0.15069165
T19            0.20494136    0.25859505    0.20839217    0.27433366    0.25897655    0.33544334    0.35817858    0.31482937    0.30685310    0.29723648    0.32066310    0.30738316    0.30738316    0.31540621    0.32536902    0.01619035    0.01619035    0.00000000    0.00603636    0.06074018    0.06067194    0.06960239    0.15907895    0.15140461
T4             0.20494136    0.26170332    0.21126776    0.27754184    0.26209454    0.33201520    0.34760351    0.31831791    0.31026994    0.30059583    0.32066310    0.31081175    0.31081175    0.31890701    0.32893229    0.01824806    0.01824806    0.00603636    0.00000000    0.06074018    0.06067194    0.06960239    0.16174714    0.15403762
T22            0.21725452    0.25445222    0.21609600    0.27867186    0.27588233    0.36128845    0.38486600    0.32837794    0.32730248    0.32434582    0.33787871    0.32434582    0.32434582    0.33247162    0.33902957    0.05846408    0.05846408    0.06074018    0.06074018    0.00000000    0.00401105    0.01212501    0.17067589    0.16291601
T7             0.21699756    0.26024276    0.21579036    0.28468031    0.27549442    0.36083643    0.38437685    0.32434582    0.32678286    0.32382630    0.33732179    0.32382630    0.32382630    0.33190328    0.33844797    0.05840753    0.05840753    0.06067194    0.06067194    0.00401105    0.00000000    0.01210953    0.17043978    0.16269280
T8             0.22853299    0.27271495    0.22746108    0.29772283    0.28832739    0.37529421    0.39182081    0.33844797    0.33732179    0.33432833    0.34808810    0.33432833    0.33432833    0.33545371    0.34565136    0.06727841    0.06727841    0.06960239    0.06960239    0.01212501    0.01210953    0.00000000    0.18125707    0.17336555
T10            0.25317101    0.29532071    0.26333046    0.30773341    0.30149910    0.39131878    0.40048394    0.35172911    0.35054891    0.34750489    0.36155248    0.34390331    0.34390331    0.35233832    0.35172911    0.15832765    0.15832765    0.15907895    0.16174714    0.17067589    0.17043978    0.18125707    0.00000000    0.01008412
T14            0.25279841    0.28269734    0.25125116    0.29486979    0.28875676    0.38057205    0.38963721    0.34505614    0.34390331    0.34088481    0.35478696    0.33732179    0.33732179    0.34565136    0.34505614    0.15069165    0.15069165    0.15140461    0.15403762    0.16291601    0.16269280    0.17336555    0.01008412    0.00000000

