24
T9             0.00000000    0.23829779    0.23466957    0.24834372    0.24505949    0.25080407    0.27228246    0.26879127    0.26126921    0.21736937    0.17385107    0.16531804    0.17385107    0.12579767    0.12313659    0.12544649    0.09662201    0.11510314    0.10538994    0.11994620    0.13431450    0.18025836    0.13680851    0.12760159
T18            0.23829779    0.00000000    0.03710273    0.10371487    0.19069787    0.18759050    0.17221416    0.17201460    0.18025836    0.35284533    0.31072074    0.30765566    0.31890888    0.28585933    0.28208636    0.28161453    0.25274764    0.28221544    0.25407653    0.25104559    0.27156229    0.32323408    0.28102849    0.26400673
T21            0.23466957    0.03710273    0.00000000    0.09449438    0.18294593    0.18263852    0.16997208    0.16711654    0.18072674    0.34193200    0.30051319    0.29109335    0.30189538    0.27930001    0.27559100    0.27514021    0.24664866    0.27582400    0.24503831    0.25407653    0.27156229    0.33018076    0.28102849    0.26400673
T7             0.24834372    0.10371487    0.09449438    0.00000000    0.17089585    0.17065220    0.17447656    0.17164145    0.17447656    0.35161968    0.31890888    0.30584253    0.31346198    0.28395071    0.28026349    0.27983468    0.25440566    0.28141319    0.25531487    0.26502500    0.28987930    0.33864080    0.29557931    0.26259788
T23            0.24505949    0.19069787    0.18294593    0.17089585    0.00000000    0.01619020    0.14726621    0.14964893    0.15283598    0.38863193    0.32356040    0.30625077    0.32466345    0.27053240    0.27007084    0.27282567    0.23899747    0.26558335    0.25474513    0.25620582    0.28587004    0.32532685    0.28587004    0.28161453
T10            0.25080407    0.18759050    0.18263852    0.17065220    0.01619020    0.00000000    0.14234028    0.14470836    0.14785986    0.38785541    0.32649805    0.30237772    0.32407546    0.27007084    0.27282567    0.27559100    0.24165542    0.26832890    0.25440566    0.25582527    0.28544208    0.32131244    0.28868969    0.27882813
T16            0.27228246    0.17221416    0.16997208    0.17447656    0.14726621    0.14234028    0.00000000    0.01414100    0.08704183    0.39306979    0.33180566    0.32866515    0.34023050    0.29524891    0.28826219    0.29109335    0.26603095    0.28949705    0.26688308    0.27748947    0.30211701    0.34824770    0.31122881    0.29027279
T14            0.26879127    0.17201460    0.16711654    0.17164145    0.14964893    0.14470836    0.01414100    0.00000000    0.09156779    0.39238533    0.33125191    0.32818431    0.33968816    0.29152038    0.28461912    0.28744040    0.26259788    0.28275505    0.26966168    0.27400124    0.30171519    0.34418312    0.30750543    0.28666307
T2             0.26126921    0.18025836    0.18072674    0.17447656    0.15283598    0.14785986    0.08704183    0.09156779    0.00000000    0.39199367    0.34739591    0.32966339    0.34495078    0.29286820    0.28587004    0.28544208    0.25746444    0.28065477    0.26747595    0.26879127    0.29557931    0.33615345    0.30211701    0.28784575
T5             0.21736937    0.35284533    0.34193200    0.35161968    0.38863193    0.38785541    0.39306979    0.39238533    0.39199367    0.00000000    0.09438351    0.16004023    0.17385107    0.24794800    0.24440906    0.23786854    0.20580590    0.23108213    0.22741864    0.22514610    0.25200982    0.28536598    0.24736344    0.22810530
T4             0.17385107    0.31072074    0.30051319    0.31890888    0.32356040    0.32649805    0.33180566    0.33125191    0.34739591    0.09438351    0.00000000    0.10849999    0.12349069    0.20206419    0.19319381    0.20138145    0.16845935    0.19730557    0.17850464    0.17902738    0.20835526    0.24317002    0.20774967    0.19288107
T8             0.16531804    0.30765566    0.29109335    0.30584253    0.30625077    0.30237772    0.32866515    0.32818431    0.32966339    0.16004023    0.10849999    0.00000000    0.04559544    0.18789624    0.17930160    0.18176757    0.15522919    0.18345197    0.16956128    0.16731919    0.20208288    0.23564806    0.20154603    0.18672533
T15            0.17385107    0.31890888    0.30189538    0.31346198    0.32466345    0.32407546    0.34023050    0.33968816    0.34495078    0.17385107    0.12349069    0.04559544    0.00000000    0.19634872    0.18759050    0.19007943    0.16578515    0.19450395    0.17801630    0.18397005    0.21412012    0.23936204    0.21060734    0.19569849
T17            0.12579767    0.28585933    0.27930001    0.28395071    0.27053240    0.27007084    0.29524891    0.29152038    0.29286820    0.24794800    0.20206419    0.18789624    0.19634872    0.00000000    0.01824784    0.02444351    0.06089375    0.08539110    0.11764172    0.11547725    0.13476353    0.17604390    0.15003367    0.14036063
T13            0.12313659    0.28208636    0.27559100    0.28026349    0.27007084    0.27282567    0.28826219    0.28461912    0.28587004    0.24440906    0.19319381    0.17930160    0.18759050    0.01824784    0.00000000    0.01006763    0.05859484    0.08298326    0.11510314    0.11292924    0.13211188    0.17309836    0.14726621    0.14016645
T0             0.12544649    0.28161453    0.27514021    0.27983468    0.27282567    0.27559100    0.29109335    0.28744040    0.28544208    0.23786854    0.20138145    0.18176757    0.19007943    0.02444351    0.01006763    0.00000000    0.06073749    0.08519115    0.11522020    0.11522020    0.13445621    0.17555304    0.14964893    0.13744826
T20            0.09662201    0.25274764    0.24664866    0.25440566    0.23899747    0.24165542    0.26603095    0.26259788    0.25746444    0.20580590    0.16845935    0.15522919    0.16578515    0.06089375    0.05859484    0.06073749    0.00000000    0.02647044    0.09156779    0.09169812    0.11740359    0.15203980    0.11740359    0.10813265
T3             0.11510314    0.28221544    0.27582400    0.28141319    0.26558335    0.26832890    0.28949705    0.28275505    0.28065477    0.23108213    0.19730557    0.18345197    0.19450395    0.08539110    0.08298326    0.08519115    0.02647044    0.00000000    0.11702043    0.11719642    0.14168166    0.17201460    0.14140098    0.12936349
T6             0.10538994    0.25407653    0.24503831    0.25531487    0.25474513    0.25440566    0.26688308    0.26966168    0.26747595    0.22741864    0.17850464    0.16956128    0.17801630    0.11764172    0.11510314    0.11522020    0.09156779    0.11702043    0.00000000    0.06066951    0.09633881    0.14453320    0.10792542    0.11982511
T22            0.11994620    0.25104559    0.25407653    0.26502500    0.25620582    0.25582527    0.27748947    0.27400124    0.26879127    0.22514610    0.17902738    0.16731919    0.18397005    0.11547725    0.11292924    0.11522020    0.09169812    0.11719642    0.06066951    0.00000000    0.10597750    0.14745602    0.11534491    0.11764172
T11            0.13431450    0.27156229    0.27156229    0.28987930    0.28587004    0.28544208    0.30211701    0.30171519    0.29557931    0.25200982    0.20835526    0.20208288    0.21412012    0.13476353    0.13211188    0.13445621    0.11740359    0.14168166    0.09633881    0.10597750    0.00000000    0.12776408    0.09194875    0.12729995
T1             0.18025836    0.32323408    0.33018076    0.33864080    0.32532685    0.32131244    0.34824770    0.34418312    0.33615345    0.28536598    0.24317002    0.23564806    0.23936204    0.17604390    0.17309836    0.17555304    0.15203980    0.17201460    0.14453320    0.14745602    0.12776408    0.00000000    0.05653727    0.18370666
T19            0.13680851    0.28102849    0.28102849    0.29557931    0.28587004    0.28868969    0.31122881    0.30750543    0.30211701    0.24736344    0.20774967    0.20154603    0.21060734    0.15003367    0.14726621    0.14964893    0.11740359    0.14140098    0.10792542    0.11534491    0.09194875    0.05653727    0.00000000    0.14964893
T12            0.12760159    0.26400673    0.26400673    0.26259788    0.28161453    0.27882813    0.29027279    0.28666307    0.28784575    0.22810530    0.19288107    0.18672533    0.19569849    0.14036063    0.14016645    0.13744826    0.10813265    0.12936349    0.11982511    0.11764172    0.12729995    0.18370666    0.14964893    0.00000000

