24
T7             0.00000000    0.31934039    0.30586446    0.31840844    0.31738456    0.33538542    0.30432298    0.33481823    0.28463845    0.28745981    0.30010130    0.28424286    0.33781156    0.30098788    0.23039200    0.25121378    0.24867874    0.20665838    0.20410227    0.21232600    0.21638468    0.23901283    0.22516016    0.22710280
T21            0.31934039    0.00000000    0.02236457    0.23865755    0.24470241    0.25431116    0.22777131    0.23937793    0.20181964    0.20776071    0.21318759    0.19876120    0.24279366    0.20747127    0.32059719    0.32705443    0.35296462    0.30964733    0.28223534    0.28504508    0.32059719    0.32241234    0.31020995    0.30289749
T18            0.30586446    0.02236457    0.00000000    0.22972524    0.23566233    0.24507605    0.21607047    0.22743226    0.19623123    0.20719106    0.21260384    0.19321932    0.23302232    0.20181964    0.31601708    0.32241234    0.34576578    0.30297713    0.27584248    0.27863172    0.31364842    0.31548772    0.30340322    0.29620479
T4             0.31840844    0.23865755    0.22972524    0.00000000    0.01620794    0.02245618    0.05412978    0.09004472    0.19423716    0.20237553    0.20776071    0.19675565    0.20776071    0.19371029    0.33541877    0.36064595    0.34138524    0.30289749    0.29101742    0.30053994    0.33541877    0.33716015    0.32469704    0.32059719
T15            0.31738456    0.24470241    0.23566233    0.01620794    0.00000000    0.01417414    0.06073835    0.09238698    0.19984129    0.20805935    0.21349345    0.20237553    0.21638468    0.20491883    0.34140172    0.37065381    0.35106013    0.31206108    0.29336394    0.30289749    0.33777608    0.34680267    0.33060280    0.33001256
T12            0.33538542    0.25431116    0.24507605    0.02245618    0.01417414    0.00000000    0.06752539    0.09724305    0.20868413    0.21704110    0.22255848    0.21124177    0.22847807    0.21380860    0.34940128    0.37139515    0.35532033    0.32296580    0.31075027    0.32059719    0.35312145    0.35481897    0.33840418    0.33777608
T11            0.30432298    0.22777131    0.21607047    0.05412978    0.06073835    0.06752539    0.00000000    0.08782959    0.18620095    0.19423716    0.19955769    0.18869521    0.20013391    0.18346039    0.32410816    0.33541877    0.33372051    0.28915031    0.27749744    0.28678146    0.32410816    0.32241234    0.31020995    0.30627777
T23            0.33481823    0.23937793    0.22743226    0.09004472    0.09238698    0.09724305    0.08782959    0.00000000    0.19760968    0.20581777    0.21124177    0.20013391    0.20836717    0.19984129    0.35524331    0.37604380    0.35226232    0.31893803    0.29101742    0.30053994    0.34637570    0.35923788    0.34269662    0.33840418
T9             0.28463845    0.20181964    0.19623123    0.19423716    0.19984129    0.20868413    0.18620095    0.19760968    0.00000000    0.06504399    0.06944442    0.06519314    0.12811680    0.10878542    0.28117589    0.28072486    0.28989814    0.25987140    0.24330759    0.25205122    0.28117589    0.28633093    0.28117589    0.27749744
T20            0.28745981    0.20776071    0.20719106    0.20237553    0.20805935    0.21704110    0.19423716    0.20581777    0.06504399    0.00000000    0.01008406    0.04343600    0.13334166    0.11348387    0.28072486    0.28678146    0.27750620    0.24505076    0.23173141    0.24031240    0.28072486    0.28589134    0.28072486    0.27706759
T2             0.30010130    0.21318759    0.21260384    0.20776071    0.21349345    0.22255848    0.19955769    0.21124177    0.06944442    0.01008406    0.00000000    0.04988019    0.13822041    0.11333455    0.28678146    0.29289177    0.28348486    0.25074901    0.23733507    0.24598811    0.28678146    0.29198070    0.28028461    0.27664847
T0             0.28424286    0.19876120    0.19321932    0.19675565    0.20237553    0.21124177    0.18869521    0.20013391    0.06519314    0.04343600    0.04988019    0.00000000    0.13043913    0.11105625    0.26793846    0.27387117    0.28312251    0.25044924    0.23702924    0.23969303    0.26793846    0.27624009    0.26793846    0.26440281
T3             0.33781156    0.24279366    0.23302232    0.20776071    0.21638468    0.22847807    0.20013391    0.20836717    0.12811680    0.13334166    0.13822041    0.13043913    0.00000000    0.09977565    0.32410816    0.34505388    0.36026873    0.33020963    0.30865779    0.31840844    0.34807704    0.35111265    0.34077267    0.33655639
T13            0.30098788    0.20747127    0.20181964    0.19371029    0.20491883    0.21380860    0.18346039    0.19984129    0.10878542    0.11348387    0.11333455    0.11105625    0.09977565    0.00000000    0.29336394    0.29953993    0.31210959    0.28424286    0.26402374    0.27306401    0.30003432    0.31655808    0.29336394    0.28960057
T10            0.23039200    0.32059719    0.31601708    0.33541877    0.34140172    0.34940128    0.32410816    0.35524331    0.28117589    0.28072486    0.28678146    0.26793846    0.32410816    0.29336394    0.00000000    0.04330616    0.13158850    0.10328731    0.08954431    0.09177571    0.08308313    0.09909203    0.08982291    0.08972280
T19            0.25121378    0.32705443    0.32241234    0.36064595    0.37065381    0.37139515    0.33541877    0.37604380    0.28072486    0.28678146    0.29289177    0.27387117    0.34505388    0.29953993    0.04330616    0.00000000    0.15153331    0.12238842    0.10825001    0.11052761    0.10411773    0.11333455    0.11105625    0.11091282
T8             0.24867874    0.35296462    0.34576578    0.34138524    0.35106013    0.35532033    0.33372051    0.35226232    0.28989814    0.27750620    0.28348486    0.28312251    0.36026873    0.31210959    0.13158850    0.15153331    0.00000000    0.08946598    0.08052608    0.08732018    0.12690904    0.14140437    0.13653989    0.13641590
T1             0.20665838    0.30964733    0.30297713    0.30289749    0.31206108    0.32296580    0.28915031    0.31893803    0.25987140    0.24505076    0.25074901    0.25044924    0.33020963    0.28424286    0.10328731    0.12238842    0.08946598    0.00000000    0.04760751    0.05407626    0.09876970    0.10792734    0.10093406    0.10085083
T22            0.20410227    0.28223534    0.27584248    0.29101742    0.29336394    0.31075027    0.27749744    0.29101742    0.24330759    0.23173141    0.23733507    0.23702924    0.30865779    0.26402374    0.08954431    0.10825001    0.08052608    0.04760751    0.00000000    0.00602719    0.08052608    0.09642747    0.09185940    0.08946598
T16            0.21232600    0.28504508    0.27863172    0.30053994    0.30289749    0.32059719    0.28678146    0.30053994    0.25205122    0.24031240    0.24598811    0.23969303    0.31840844    0.27306401    0.09177571    0.11052761    0.08732018    0.05407626    0.00602719    0.00000000    0.08502106    0.10102478    0.09642747    0.09401444
T5             0.21638468    0.32059719    0.31364842    0.33541877    0.33777608    0.35312145    0.32410816    0.34637570    0.28117589    0.28072486    0.28678146    0.26793846    0.34807704    0.30003432    0.08308313    0.10411773    0.12690904    0.09876970    0.08052608    0.08502106    0.00000000    0.04783112    0.06117988    0.06107816
T17            0.23901283    0.32241234    0.31548772    0.33716015    0.34680267    0.35481897    0.32241234    0.35923788    0.28633093    0.28589134    0.29198070    0.27624009    0.35111265    0.31655808    0.09909203    0.11333455    0.14140437    0.10792734    0.09642747    0.10102478    0.04783112    0.00000000    0.07215779    0.07205082
T6             0.22516016    0.31020995    0.30340322    0.32469704    0.33060280    0.33840418    0.31020995    0.34269662    0.28117589    0.28072486    0.28028461    0.26793846    0.34077267    0.29336394    0.08982291    0.11105625    0.13653989    0.10093406    0.09185940    0.09642747    0.06117988    0.07215779    0.00000000    0.01210018
T14            0.22710280    0.30289749    0.29620479    0.32059719    0.33001256    0.33777608    0.30627777    0.33840418    0.27749744    0.27706759    0.27664847    0.26440281    0.33655639    0.28960057    0.08972280    0.11091282    0.13641590    0.10085083    0.08946598    0.09401444    0.06107816    0.07205082    0.01210018    0.00000000

