24
T21            0.00000000    0.15667458    0.16656360    0.19928066    0.17779056    0.18274585    0.24665985    0.24566203    0.21518137    0.23172825    0.20181716    0.23378815    0.19822079    0.19790943    0.23372233    0.19451148    0.17930871    0.19675320    0.17756776    0.18321203    0.12963274    0.13890304    0.16997703    0.15169437
T22            0.15667458    0.00000000    0.02442131    0.09004420    0.07869171    0.08060462    0.22742883    0.23830848    0.21670499    0.22156170    0.20266436    0.23830848    0.18730119    0.19320257    0.21480616    0.17826216    0.17090182    0.18922444    0.15963863    0.16510199    0.14930025    0.16656360    0.19875891    0.17735367
T14            0.16656360    0.02442131    0.00000000    0.09697300    0.08318811    0.08740730    0.23005034    0.24701263    0.22221444    0.22709948    0.20520659    0.24096809    0.19039272    0.19635817    0.22401112    0.18345826    0.17605016    0.19451148    0.16468478    0.17019549    0.16205953    0.17695169    0.20691757    0.18523665
T17            0.19928066    0.09004420    0.09697300    0.00000000    0.07891631    0.08308271    0.25471856    0.26601858    0.24052759    0.25161170    0.21996273    0.25430654    0.21003962    0.21626922    0.23485018    0.19983865    0.19288951    0.19539505    0.18371323    0.18950338    0.18646124    0.20181716    0.23336569    0.21349043
T16            0.17779056    0.07869171    0.08318811    0.07891631    0.00000000    0.01617877    0.23788166    0.24892686    0.22031339    0.23408864    0.20900705    0.24278940    0.19920811    0.21115368    0.23870018    0.18098026    0.17141494    0.19320257    0.17334676    0.17903421    0.17605016    0.18570004    0.21061596    0.19423473
T20            0.18274585    0.08060462    0.08740730    0.08308271    0.01617877    0.00000000    0.23038844    0.24131256    0.21318467    0.22677974    0.20491616    0.23235398    0.20074317    0.20968635    0.23710181    0.18546392    0.17580018    0.19760696    0.17510173    0.18073276    0.17779056    0.19024491    0.21232337    0.19321721
T3             0.24665985    0.22742883    0.23005034    0.25471856    0.23788166    0.23038844    0.00000000    0.02234657    0.09487236    0.10878463    0.13528744    0.15444269    0.26415678    0.26460872    0.29433508    0.24970048    0.23636078    0.23830848    0.22355323    0.22972190    0.21896692    0.22909408    0.25893503    0.24433482
T13            0.24566203    0.23830848    0.24701263    0.26601858    0.24892686    0.24131256    0.02234657    0.00000000    0.09449594    0.10837198    0.13476656    0.15393629    0.26286267    0.26328374    0.29288585    0.25475640    0.23532236    0.24030898    0.22270625    0.22879475    0.22094689    0.23114175    0.25782503    0.24330403
T18            0.21518137    0.21670499    0.22221444    0.24052759    0.22031339    0.21318467    0.09487236    0.09449594    0.00000000    0.02866527    0.11319200    0.13963481    0.23748689    0.23485018    0.26328374    0.22385480    0.20520659    0.23038844    0.21865378    0.22481689    0.20775793    0.20409987    0.22972190    0.21288823
T15            0.23172825    0.22156170    0.22709948    0.25161170    0.23408864    0.22677974    0.10878463    0.10837198    0.02866527    0.00000000    0.13242557    0.15703391    0.25557283    0.25287891    0.27560770    0.23235398    0.22742883    0.24737546    0.24131256    0.24774832    0.23005034    0.22326127    0.25275974    0.23235398
T9             0.20181716    0.20266436    0.20520659    0.21996273    0.20900705    0.20491616    0.13528744    0.13476656    0.11319200    0.13242557    0.00000000    0.09652156    0.22363303    0.20934215    0.25287891    0.22481689    0.20613254    0.22255498    0.20520659    0.21123867    0.18026384    0.18460819    0.21835007    0.19622895
T4             0.23378815    0.23830848    0.24096809    0.25430654    0.24278940    0.23235398    0.15444269    0.15393629    0.13963481    0.15703391    0.09652156    0.00000000    0.25120932    0.23336569    0.28163190    0.25855469    0.24507190    0.24469838    0.21518137    0.21835007    0.20718845    0.21672727    0.24934854    0.23203623
T0             0.19822079    0.18730119    0.19039272    0.21003962    0.19920811    0.20074317    0.26415678    0.26286267    0.23748689    0.25557283    0.22363303    0.25120932    0.00000000    0.09072338    0.10893705    0.19822079    0.18295426    0.20749394    0.19039272    0.19635817    0.18205674    0.19451148    0.22290494    0.20613254
T11            0.19790943    0.19320257    0.19635817    0.21626922    0.21115368    0.20968635    0.26460872    0.26328374    0.23485018    0.25287891    0.20934215    0.23336569    0.09072338    0.00000000    0.09238642    0.21003962    0.19740031    0.22261259    0.19920811    0.19955489    0.16336982    0.17286993    0.20296490    0.18673250
T19            0.23372233    0.21480616    0.22401112    0.23485018    0.23870018    0.23710181    0.29433508    0.29288585    0.26328374    0.27560770    0.25287891    0.28163190    0.10893705    0.09238642    0.00000000    0.21446336    0.20679520    0.23524538    0.21737981    0.22363303    0.20868105    0.21003021    0.24813119    0.22481689
T1             0.19451148    0.17826216    0.18345826    0.19983865    0.18098026    0.18546392    0.24970048    0.25475640    0.22385480    0.23235398    0.22481689    0.25855469    0.19822079    0.21003962    0.21446336    0.00000000    0.04124002    0.13493230    0.11281214    0.11777452    0.19172516    0.19321721    0.22481689    0.21031845
T6             0.17930871    0.17090182    0.17605016    0.19288951    0.17141494    0.17580018    0.23636078    0.23532236    0.20520659    0.22742883    0.20613254    0.24507190    0.18295426    0.19740031    0.20679520    0.04124002    0.00000000    0.12083734    0.09673266    0.10158920    0.17115417    0.16732390    0.20613254    0.19479713
T2             0.19675320    0.18922444    0.19451148    0.19539505    0.19320257    0.19760696    0.23830848    0.24030898    0.23038844    0.24737546    0.22255498    0.24469838    0.20749394    0.22261259    0.23524538    0.13493230    0.12083734    0.00000000    0.06304033    0.06536925    0.18950338    0.19094485    0.22776777    0.19731342
T12            0.17756776    0.15963863    0.16468478    0.18371323    0.17334676    0.17510173    0.22355323    0.22270625    0.21865378    0.24131256    0.20520659    0.21518137    0.19039272    0.19920811    0.21737981    0.11281214    0.09673266    0.06304033    0.00000000    0.00602719    0.15983761    0.17467925    0.20463488    0.17851092
T23            0.18321203    0.16510199    0.17019549    0.18950338    0.17903421    0.18073276    0.22972190    0.22879475    0.22481689    0.24774832    0.21123867    0.21835007    0.19635817    0.19955489    0.22363303    0.11777452    0.10158920    0.06536925    0.00602719    0.00000000    0.16004492    0.17488616    0.20491616    0.17876827
T5             0.12963274    0.14930025    0.16205953    0.18646124    0.17605016    0.17779056    0.21896692    0.22094689    0.20775793    0.23005034    0.18026384    0.20718845    0.18205674    0.16336982    0.20868105    0.19172516    0.17115417    0.18950338    0.15983761    0.16004492    0.00000000    0.06727610    0.12281572    0.10610364
T7             0.13890304    0.16656360    0.17695169    0.20181716    0.18570004    0.19024491    0.22909408    0.23114175    0.20409987    0.22326127    0.18460819    0.21672727    0.19451148    0.17286993    0.21003021    0.19321721    0.16732390    0.19094485    0.17467925    0.17488616    0.06727610    0.00000000    0.13197090    0.11752071
T10            0.16997703    0.19875891    0.20691757    0.23336569    0.21061596    0.21232337    0.25893503    0.25782503    0.22972190    0.25275974    0.21835007    0.24934854    0.22290494    0.20296490    0.24813119    0.22481689    0.20613254    0.22776777    0.20463488    0.20491616    0.12281572    0.13197090    0.00000000    0.07832649
T8             0.15169437    0.17735367    0.18523665    0.21349043    0.19423473    0.19321721    0.24433482    0.24330403    0.21288823    0.23235398    0.19622895    0.23203623    0.20613254    0.18673250    0.22481689    0.21031845    0.19479713    0.19731342    0.17851092    0.17876827    0.10610364    0.11752071    0.07832649    0.00000000

