24
T15            0.00000000    0.23592167    0.26918673    0.23300466    0.23541956    0.25076797    0.26691569    0.27307339    0.24806465    0.22561564    0.23592167    0.23785807    0.21627810    0.24865875    0.25482358    0.24127066    0.24617165    0.24912307    0.24962955    0.23352996    0.22797346    0.23300466    0.24740094    0.26521733
T1             0.23592167    0.00000000    0.21548539    0.16469471    0.17222950    0.18347169    0.19828751    0.20338083    0.17243828    0.15263852    0.16511261    0.15138561    0.15651556    0.17677411    0.17696225    0.17222950    0.18212387    0.18753159    0.18253782    0.26993232    0.26404704    0.25989241    0.28507245    0.27626607
T19            0.26918673    0.21548539    0.00000000    0.17803439    0.18845420    0.20298262    0.20386124    0.22272391    0.19704475    0.17116696    0.18896887    0.20131286    0.19299853    0.20082956    0.20898580    0.19575461    0.19530213    0.19805819    0.19575461    0.28185461    0.28636020    0.29157104    0.28591996    0.29009277
T6             0.23300466    0.16469471    0.17803439    0.00000000    0.01826997    0.02670153    0.11250462    0.12658984    0.09887256    0.08298687    0.09877236    0.12691333    0.13184082    0.15138561    0.15445124    0.13932447    0.14884027    0.15394400    0.14914382    0.25924704    0.25956445    0.25620566    0.26606936    0.26993232
T22            0.23541956    0.17222950    0.18845420    0.01826997    0.00000000    0.02034047    0.12193012    0.13619679    0.10813819    0.08972514    0.10803049    0.13654484    0.13903933    0.15620609    0.16187967    0.15427382    0.15620609    0.16136250    0.15651556    0.26782418    0.26814867    0.26474532    0.26848394    0.27548049
T5             0.25076797    0.18347169    0.20298262    0.02670153    0.02034047    0.00000000    0.12703705    0.14140967    0.11806436    0.09934703    0.11791809    0.14948043    0.14948043    0.16431071    0.16489944    0.16511261    0.16169878    0.16169878    0.16206902    0.27160129    0.27195709    0.27473822    0.28185461    0.28917986
T13            0.26691569    0.19828751    0.20386124    0.11250462    0.12193012    0.12703705    0.00000000    0.07818806    0.08771595    0.11522657    0.13418882    0.16379873    0.16640381    0.18732333    0.19025758    0.17202937    0.17626276    0.18424463    0.17659479    0.30755445    0.29165591    0.29130751    0.30176345    0.29601875
T21            0.27307339    0.20338083    0.22272391    0.12658984    0.13619679    0.14140967    0.07818806    0.00000000    0.09898014    0.12691333    0.14617494    0.17101153    0.17363024    0.19433182    0.19997417    0.17925539    0.19162806    0.19705030    0.18926992    0.31594264    0.29992261    0.29638228    0.29774298    0.30755445
T17            0.24806465    0.17243828    0.19704475    0.09887256    0.10813819    0.11806436    0.08771595    0.09898014    0.00000000    0.09449930    0.11293555    0.14930801    0.14675613    0.16938283    0.16957592    0.14966107    0.16675025    0.16977762    0.16713106    0.28789346    0.28185461    0.26882997    0.28226244    0.27988260
T7             0.22561564    0.15263852    0.17116696    0.08298687    0.08972514    0.09934703    0.11522657    0.12691333    0.09449930    0.00000000    0.08342319    0.12978412    0.12730814    0.14930801    0.15463696    0.13981269    0.12435790    0.13171288    0.12703705    0.25478134    0.24903059    0.23971072    0.26796369    0.26562835
T23            0.23592167    0.16511261    0.18896887    0.09877236    0.10803049    0.11791809    0.13418882    0.14617494    0.11293555    0.08342319    0.00000000    0.14406601    0.14406601    0.16657272    0.16938283    0.16206902    0.16396081    0.16919837    0.16431071    0.26918673    0.26331935    0.26297133    0.27308915    0.27072054
T4             0.23785807    0.15138561    0.20131286    0.12691333    0.13654484    0.14948043    0.16379873    0.17101153    0.14930801    0.12978412    0.14406601    0.00000000    0.04765415    0.06055548    0.07177278    0.06288894    0.10825345    0.11306238    0.10850653    0.25562105    0.25590808    0.25261631    0.26782418    0.27160129
T12            0.21627810    0.15651556    0.19299853    0.13184082    0.13903933    0.14948043    0.16640381    0.17363024    0.14675613    0.12730814    0.14406601    0.04765415    0.00000000    0.06055548    0.06504520    0.05626548    0.10112581    0.10586624    0.10134475    0.24422213    0.23859109    0.23300466    0.25683236    0.26057987
T11            0.24865875    0.17677411    0.20082956    0.15138561    0.15620609    0.16431071    0.18732333    0.19433182    0.16938283    0.14930801    0.16657272    0.06055548    0.06055548    0.00000000    0.03492673    0.07606055    0.11522657    0.12008224    0.11548433    0.26610535    0.26333246    0.26610535    0.28597209    0.28670710
T3             0.25482358    0.17696225    0.20898580    0.15445124    0.16187967    0.16489944    0.19025758    0.19997417    0.16957592    0.15463696    0.16938283    0.07177278    0.06504520    0.03492673    0.00000000    0.08069287    0.12484439    0.12978412    0.12513461    0.27557271    0.27277336    0.27248439    0.28633398    0.29683930
T14            0.24127066    0.17222950    0.19575461    0.13932447    0.15427382    0.16511261    0.17202937    0.17925539    0.14966107    0.13981269    0.16206902    0.06288894    0.05626548    0.07606055    0.08069287    0.00000000    0.11764850    0.12252790    0.11791809    0.26168533    0.25894021    0.25562105    0.28033310    0.28107184
T18            0.24617165    0.18212387    0.19530213    0.14884027    0.15620609    0.16169878    0.17626276    0.19162806    0.16675025    0.12435790    0.16396081    0.10825345    0.10112581    0.11522657    0.12484439    0.11764850    0.00000000    0.01617883    0.01415456    0.26969456    0.26386509    0.25756578    0.28670710    0.29726664
T9             0.24912307    0.18753159    0.19805819    0.15394400    0.16136250    0.16169878    0.18424463    0.19705030    0.16977762    0.13171288    0.16919837    0.11306238    0.10586624    0.12008224    0.12978412    0.12252790    0.01617883    0.00000000    0.01826997    0.26969456    0.26386509    0.25756578    0.28992488    0.30056961
T16            0.24962955    0.18253782    0.19575461    0.14914382    0.15651556    0.16206902    0.17659479    0.18926992    0.16713106    0.12703705    0.16431071    0.10850653    0.10134475    0.11548433    0.12513461    0.11791809    0.01415456    0.01826997    0.00000000    0.27338443    0.26751050    0.26110638    0.27789499    0.28185461
T2             0.23352996    0.26993232    0.28185461    0.25924704    0.26782418    0.27160129    0.30755445    0.31594264    0.28789346    0.25478134    0.26918673    0.25562105    0.24422213    0.26610535    0.27557271    0.26168533    0.26969456    0.26969456    0.27338443    0.00000000    0.04133766    0.08308534    0.25745276    0.25205327
T20            0.22797346    0.26404704    0.28636020    0.25956445    0.26814867    0.27195709    0.29165591    0.29992261    0.28185461    0.24903059    0.26331935    0.25590808    0.23859109    0.26333246    0.27277336    0.25894021    0.26386509    0.26386509    0.26751050    0.04133766    0.00000000    0.06504520    0.24243107    0.23712705
T10            0.23300466    0.25989241    0.29157104    0.25620566    0.26474532    0.27473822    0.29130751    0.29638228    0.26882997    0.23971072    0.26297133    0.25261631    0.23300466    0.26610535    0.27248439    0.25562105    0.25756578    0.25756578    0.26110638    0.08308534    0.06504520    0.00000000    0.25046111    0.25123706
T0             0.24740094    0.28507245    0.28591996    0.26606936    0.26848394    0.28185461    0.30176345    0.29774298    0.28226244    0.26796369    0.27308915    0.26782418    0.25683236    0.28597209    0.28633398    0.28033310    0.28670710    0.28992488    0.27789499    0.25745276    0.24243107    0.25046111    0.00000000    0.03073360
T8             0.26521733    0.27626607    0.29009277    0.26993232    0.27548049    0.28917986    0.29601875    0.30755445    0.27988260    0.26562835    0.27072054    0.27160129    0.26057987    0.28670710    0.29683930    0.28107184    0.29726664    0.30056961    0.28185461    0.25205327    0.23712705    0.25123706    0.03073360    0.00000000

