24
T18            0.00000000    0.23969881    0.23645312    0.22880302    0.20360811    0.22533377    0.24204119    0.25377787    0.21723732    0.21413913    0.21155339    0.17222341    0.17715305    0.23204487    0.22880302    0.21260833    0.20666261    0.17448561    0.18481391    0.18546928    0.20385262    0.19851779    0.13980835    0.13259567
T19            0.23969881    0.00000000    0.00602719    0.12266760    0.10598099    0.12978067    0.12794018    0.15667825    0.11777661    0.11522407    0.11293305    0.25106551    0.25892746    0.29560731    0.29199869    0.28631710    0.27962345    0.24395012    0.27194115    0.25923383    0.32573429    0.31011679    0.30721892    0.28505340
T5             0.23645312    0.00602719    0.00000000    0.12007938    0.10348839    0.12716560    0.12528775    0.15393978    0.11522407    0.11270257    0.11041550    0.24775111    0.25560926    0.29847465    0.29485649    0.28277956    0.27616689    0.24076552    0.26846909    0.25589585    0.32182558    0.30631080    0.30342376    0.28143992
T0             0.22880302    0.12266760    0.12007938    0.00000000    0.05653853    0.07869271    0.10186844    0.12470810    0.09662483    0.09418612    0.09195120    0.23115006    0.23884516    0.29354945    0.28990678    0.28668965    0.27996464    0.23884516    0.25987826    0.26330415    0.31690074    0.31498041    0.29439267    0.27750537
T1             0.20360811    0.10598099    0.10348839    0.05653853    0.00000000    0.04334304    0.08795364    0.11764582    0.08060556    0.07825370    0.07605954    0.20360811    0.21673441    0.26641125    0.26295662    0.25075540    0.24448295    0.21673441    0.23408380    0.23734072    0.29354945    0.29483117    0.26641125    0.25007296
T23            0.22533377    0.12978067    0.12716560    0.07869271    0.04334304    0.00000000    0.10667711    0.13461148    0.10134260    0.09887069    0.09662483    0.24237278    0.24421138    0.29926966    0.29886640    0.27962345    0.27305988    0.23832668    0.25317052    0.25346898    0.32182558    0.31983334    0.29354945    0.27665630
T3             0.24204119    0.12794018    0.12528775    0.10186844    0.08795364    0.10667711    0.00000000    0.10825112    0.08078460    0.07840814    0.07621777    0.23236275    0.24000350    0.28224350    0.27863965    0.28183623    0.27508737    0.23115006    0.25205763    0.25856575    0.33075149    0.33956372    0.31656872    0.29821391
T14            0.25377787    0.15667825    0.15393978    0.12470810    0.11764582    0.13461148    0.10825112    0.00000000    0.08502176    0.08266340    0.08045497    0.26295662    0.26167253    0.31168407    0.30793612    0.30386563    0.29702321    0.26719475    0.27648716    0.28631710    0.34069998    0.33868126    0.31842214    0.31011679
T12            0.21723732    0.11777661    0.11522407    0.09662483    0.08060556    0.10134260    0.08078460    0.08502176    0.00000000    0.00602719    0.00401610    0.23173678    0.23940418    0.28386658    0.27787835    0.28031691    0.27058494    0.22434599    0.23884516    0.24207941    0.30256098    0.29396543    0.29112286    0.27030367
T11            0.21413913    0.11522407    0.11270257    0.09418612    0.07825370    0.09887069    0.07840814    0.08266340    0.00602719    0.00000000    0.00200301    0.22851334    0.23617726    0.28031691    0.27436788    0.27681846    0.26719475    0.22128181    0.23274767    0.23591146    0.30214690    0.29354945    0.28746829    0.26677903
T22            0.21155339    0.11293305    0.11041550    0.09195120    0.07605954    0.09662483    0.07621777    0.08045497    0.00401610    0.00200301    0.00000000    0.22588639    0.23351940    0.27751409    0.27158586    0.27402447    0.26442826    0.21866217    0.23299489    0.23617726    0.29926966    0.29070629    0.28464675    0.26403082
T6             0.17222341    0.25106551    0.24775111    0.23115006    0.20360811    0.24237278    0.23236275    0.26295662    0.23173678    0.22851334    0.22588639    0.00000000    0.02653146    0.09887069    0.09642837    0.13461148    0.12949771    0.12252486    0.13242829    0.12760697    0.27903664    0.25748636    0.22910246    0.21866160
T16            0.17715305    0.25892746    0.25560926    0.23884516    0.21673441    0.24421138    0.24000350    0.26167253    0.23940418    0.23617726    0.23351940    0.02653146    0.00000000    0.10575467    0.10328835    0.14184023    0.13667380    0.12716560    0.13711831    0.13728249    0.27194115    0.26229332    0.22851334    0.21806340
T15            0.23204487    0.29560731    0.29847465    0.29354945    0.26641125    0.29926966    0.28224350    0.31168407    0.28386658    0.28031691    0.27751409    0.09887069    0.10575467    0.00000000    0.02447231    0.17779552    0.17222341    0.17556373    0.18425505    0.18398256    0.33022107    0.30256098    0.27624789    0.26206310
T2             0.22880302    0.29199869    0.29485649    0.28990678    0.26295662    0.29886640    0.27863965    0.30793612    0.27787835    0.27436788    0.27158586    0.09642837    0.10328835    0.02447231    0.00000000    0.17489087    0.16937730    0.17264901    0.18124188    0.18098560    0.32277782    0.29560731    0.27903664    0.25547782
T8             0.21260833    0.28631710    0.28277956    0.28668965    0.25075540    0.27962345    0.28183623    0.30386563    0.28031691    0.27681846    0.27402447    0.13461148    0.14184023    0.17779552    0.17489087    0.00000000    0.00805151    0.16026471    0.17959747    0.17115916    0.32135174    0.29968440    0.25783578    0.24399100
T7             0.20666261    0.27962345    0.27616689    0.27996464    0.24448295    0.27305988    0.27508737    0.29702321    0.27058494    0.26719475    0.26442826    0.12949771    0.13667380    0.17222341    0.16937730    0.00805151    0.00000000    0.15482557    0.17386277    0.16555736    0.31397993    0.29275139    0.25748636    0.23765651
T20            0.17448561    0.24395012    0.24076552    0.23884516    0.21673441    0.23832668    0.23115006    0.26719475    0.22434599    0.22128181    0.21866217    0.12252486    0.12716560    0.17556373    0.17264901    0.16026471    0.15482557    0.00000000    0.06266458    0.05413005    0.28871965    0.26846909    0.24031820    0.22156979
T17            0.18481391    0.27194115    0.26846909    0.25987826    0.23408380    0.25317052    0.25205763    0.27648716    0.23884516    0.23274767    0.23299489    0.13242829    0.13711831    0.18425505    0.18124188    0.17959747    0.17386277    0.06266458    0.00000000    0.04977238    0.29439267    0.28031691    0.25783578    0.24399100
T4             0.18546928    0.25923383    0.25589585    0.26330415    0.23734072    0.25346898    0.25856575    0.28631710    0.24207941    0.23591146    0.23617726    0.12760697    0.13728249    0.18398256    0.18098560    0.17115916    0.16555736    0.05413005    0.04977238    0.00000000    0.28915893    0.27194115    0.24666979    0.23302778
T9             0.20385262    0.32573429    0.32182558    0.31690074    0.29354945    0.32182558    0.33075149    0.34069998    0.30256098    0.30214690    0.29926966    0.27903664    0.27194115    0.33022107    0.32277782    0.32135174    0.31397993    0.28871965    0.29439267    0.28915893    0.00000000    0.06743595    0.26917086    0.24901672
T21            0.19851779    0.31011679    0.30631080    0.31498041    0.29483117    0.31983334    0.33956372    0.33868126    0.29396543    0.29354945    0.29070629    0.25748636    0.26229332    0.30256098    0.29560731    0.29968440    0.29275139    0.26846909    0.28031691    0.27194115    0.06743595    0.00000000    0.25409717    0.24331354
T13            0.13980835    0.30721892    0.30342376    0.29439267    0.26641125    0.29354945    0.31656872    0.31842214    0.29112286    0.28746829    0.28464675    0.22910246    0.22851334    0.27624789    0.27903664    0.25783578    0.25748636    0.24031820    0.25783578    0.24666979    0.26917086    0.25409717    0.00000000    0.08732091
T10            0.13259567    0.28505340    0.28143992    0.27750537    0.25007296    0.27665630    0.29821391    0.31011679    0.27030367    0.26677903    0.26403082    0.21866160    0.21806340    0.26206310    0.25547782    0.24399100    0.23765651    0.22156979    0.24399100    0.23302778    0.24901672    0.24331354    0.08732091    0.00000000

