24
T22            0.00000000    0.33885568    0.35698061    0.28266465    0.27625053    0.28961280    0.32725691    0.32778746    0.31312304    0.28590287    0.29290439    0.28425329    0.28183872    0.29483432    0.29439557    0.28547396    0.27307410    0.26877955    0.28916223    0.21777979    0.22327044    0.12036102    0.13822334    0.15568404
T3             0.33885568    0.00000000    0.03492650    0.28374201    0.25645070    0.27167227    0.30446045    0.31123038    0.29925316    0.28892250    0.29231436    0.29204897    0.29204897    0.30798188    0.30767755    0.29493167    0.28581547    0.27837006    0.30605025    0.34674840    0.36391748    0.37258700    0.39757664    0.40344202
T11            0.35698061    0.03492650    0.00000000    0.30896747    0.27423591    0.29636730    0.31779148    0.32817994    0.32857475    0.31745510    0.32110464    0.31814020    0.31814020    0.32481088    0.32443993    0.31123038    0.30184322    0.29772689    0.32641886    0.37475595    0.38905264    0.39068720    0.40870709    0.41200173
T6             0.28266465    0.28374201    0.30896747    0.00000000    0.05859616    0.07444210    0.13728306    0.14253285    0.14313614    0.12777031    0.13044153    0.13211753    0.13461190    0.14766257    0.14746429    0.14489946    0.13493574    0.12580454    0.16072226    0.31302949    0.30676216    0.32188634    0.34559672    0.34862892
T19            0.27625053    0.25645070    0.27423591    0.05859616    0.00000000    0.03289407    0.13226924    0.13745529    0.13295477    0.11791549    0.12051320    0.12470833    0.12226282    0.13493574    0.13476985    0.13476985    0.12498276    0.12084047    0.15284554    0.30631361    0.30011332    0.31842360    0.32778746    0.33427977
T21            0.28961280    0.27167227    0.29636730    0.07444210    0.03289407    0.00000000    0.14253285    0.14786892    0.14853615    0.13295477    0.13567807    0.14234773    0.14489946    0.14529083    0.14766257    0.14509113    0.13510953    0.12599196    0.16096289    0.31690440    0.31739901    0.32945133    0.34620314    0.35290214
T7             0.32725691    0.30446045    0.31779148    0.13728306    0.13226924    0.14253285    0.00000000    0.01212494    0.16337568    0.14529083    0.15284554    0.14709204    0.14965685    0.16048987    0.16026575    0.15284554    0.14529083    0.14984554    0.17243272    0.33920356    0.33129887    0.35473114    0.37587975    0.39062647
T23            0.32778746    0.31123038    0.32817994    0.14253285    0.13745529    0.14786892    0.01212494    0.00000000    0.16362340    0.14549854    0.15306539    0.14727411    0.14984554    0.16072226    0.16048987    0.15306539    0.14549854    0.15004237    0.17264995    0.33973470    0.34140281    0.35533973    0.37654630    0.39133923
T0             0.31312304    0.29925316    0.32857475    0.14313614    0.13295477    0.14853615    0.16337568    0.16362340    0.00000000    0.04554172    0.04776565    0.12297684    0.12545270    0.13588323    0.13567807    0.12314276    0.11837681    0.15024733    0.18098690    0.32970672    0.32673842    0.34380074    0.38008092    0.37934709
T10            0.28590287    0.28892250    0.31745510    0.12777031    0.11791549    0.13295477    0.14529083    0.14549854    0.04554172    0.00000000    0.01008407    0.10825138    0.11064993    0.12067302    0.12051320    0.11806166    0.11091443    0.13476985    0.15426960    0.30545136    0.30256335    0.31156934    0.34559672    0.34862892
T13            0.29290439    0.29231436    0.32110464    0.13044153    0.12051320    0.13567807    0.15284554    0.15306539    0.04776565    0.01008407    0.00000000    0.11077842    0.11319438    0.12331634    0.12314276    0.12067302    0.11348567    0.13745529    0.15703831    0.31595063    0.31302949    0.31895355    0.35353542    0.35659533
T14            0.28425329    0.29204897    0.31814020    0.13211753    0.12470833    0.14234773    0.14709204    0.14727411    0.12297684    0.10825138    0.11077842    0.00000000    0.01823224    0.06055491    0.06050728    0.06271013    0.05616853    0.14454032    0.15685430    0.29809582    0.29847632    0.31642160    0.33619850    0.33920356
T9             0.28183872    0.29204897    0.31814020    0.13461190    0.12226282    0.14489946    0.14965685    0.14984554    0.12545270    0.11064993    0.11319438    0.01823224    0.00000000    0.06276263    0.06271013    0.06492273    0.05835690    0.14709204    0.15945246    0.30793801    0.30835098    0.31156934    0.33727289    0.34027830
T8             0.29483432    0.30798188    0.32481088    0.14766257    0.13493574    0.14529083    0.16048987    0.16072226    0.13588323    0.12067302    0.12331634    0.06055491    0.06276263    0.00000000    0.01210018    0.03904167    0.03272637    0.15263382    0.17042823    0.31460892    0.31504427    0.32430058    0.34083434    0.34027830
T15            0.29439557    0.30767755    0.32443993    0.14746429    0.13476985    0.14766257    0.16026575    0.16048987    0.13567807    0.12051320    0.12314276    0.06050728    0.06271013    0.01210018    0.00000000    0.03902066    0.03271219    0.15243028    0.17020106    0.31418549    0.31460892    0.32378218    0.34027830    0.33973470
T1             0.28547396    0.29493167    0.31123038    0.14489946    0.13476985    0.14509113    0.15284554    0.15306539    0.12314276    0.11806166    0.12067302    0.06271013    0.06492273    0.03904167    0.03902066    0.00000000    0.01006764    0.14984554    0.16754061    0.31168641    0.30877570    0.30769395    0.33075600    0.33373665
T2             0.27307410    0.28581547    0.30184322    0.13493574    0.12498276    0.13510953    0.14529083    0.14549854    0.11837681    0.11091443    0.11348567    0.05616853    0.05835690    0.03272637    0.03271219    0.01006764    0.00000000    0.13980897    0.15723066    0.29886834    0.29600192    0.30146118    0.31739901    0.32033145
T4             0.26877955    0.27837006    0.29772689    0.12580454    0.12084047    0.12599196    0.14984554    0.15004237    0.15024733    0.13476985    0.13745529    0.14454032    0.14709204    0.15263382    0.15243028    0.14984554    0.13980897    0.00000000    0.07177184    0.29112558    0.28505605    0.30055408    0.31312304    0.31259356
T17            0.28916223    0.30605025    0.32641886    0.16072226    0.15284554    0.16096289    0.17243272    0.17264995    0.18098690    0.15426960    0.15703831    0.15685430    0.15945246    0.17042823    0.17020106    0.16754061    0.15723066    0.07177184    0.00000000    0.30480789    0.29768712    0.32888469    0.33839662    0.34140281
T20            0.21777979    0.34674840    0.37475595    0.31302949    0.30631361    0.31690440    0.33920356    0.33973470    0.32970672    0.30545136    0.31595063    0.29809582    0.30793801    0.31460892    0.31418549    0.31168641    0.29886834    0.29112558    0.30480789    0.00000000    0.04565736    0.25352649    0.27473214    0.28164992
T16            0.22327044    0.36391748    0.38905264    0.30676216    0.30011332    0.31739901    0.33129887    0.34140281    0.32673842    0.30256335    0.31302949    0.29847632    0.30835098    0.31504427    0.31460892    0.30877570    0.29600192    0.28505605    0.29768712    0.04565736    0.00000000    0.24776140    0.27430164    0.28444724
T18            0.12036102    0.37258700    0.39068720    0.32188634    0.31842360    0.32945133    0.35473114    0.35533973    0.34380074    0.31156934    0.31895355    0.31642160    0.31156934    0.32430058    0.32378218    0.30769395    0.30146118    0.30055408    0.32888469    0.25352649    0.24776140    0.00000000    0.09897839    0.10837408
T5             0.13822334    0.39757664    0.40870709    0.34559672    0.32778746    0.34620314    0.37587975    0.37654630    0.38008092    0.34559672    0.35353542    0.33619850    0.33727289    0.34083434    0.34027830    0.33075600    0.31739901    0.31312304    0.33839662    0.27473214    0.27430164    0.09897839    0.00000000    0.02238891
T12            0.15568404    0.40344202    0.41200173    0.34862892    0.33427977    0.35290214    0.39062647    0.39133923    0.37934709    0.34862892    0.35659533    0.33920356    0.34027830    0.34027830    0.33973470    0.33373665    0.32033145    0.31259356    0.34140281    0.28164992    0.28444724    0.10837408    0.02238891    0.00000000

