24
T1             0.00000000    0.30027412    0.26575220    0.25217109    0.24445904    0.27959182    0.30074382    0.29973404    0.31521597    0.32841490    0.30230325    0.27722575    0.31279384    0.27959182    0.26728923    0.29655787    0.25635801    0.25252564    0.27004821    0.23877272    0.30451061    0.30787430    0.29639272    0.25907528
T0             0.30027412    0.00000000    0.12779955    0.10794410    0.10839330    0.15227448    0.21101769    0.19909135    0.32154899    0.32544466    0.31954044    0.25252564    0.27044019    0.25182686    0.24074677    0.26824973    0.24678160    0.23775658    0.24577393    0.21390416    0.28695620    0.28369153    0.29120723    0.25175648
T10            0.26575220    0.12779955    0.00000000    0.04771026    0.02866715    0.10414022    0.16179318    0.15596919    0.26378596    0.26966696    0.26104653    0.20500132    0.23577339    0.19656205    0.18626938    0.22335433    0.18626938    0.17538546    0.18010096    0.18184914    0.24826725    0.24520327    0.24598756    0.21200228
T9             0.25217109    0.10794410    0.04771026    0.00000000    0.02236534    0.08733180    0.15528367    0.14969453    0.25966031    0.26240372    0.25085631    0.19305090    0.22306923    0.19535319    0.18507783    0.21114836    0.18010096    0.17207015    0.18216777    0.17025192    0.23510405    0.23214052    0.23279203    0.19963632
T20            0.24445904    0.10839330    0.02866715    0.02236534    0.00000000    0.08540677    0.14835129    0.14791103    0.25182686    0.25453787    0.24609963    0.18576607    0.21555808    0.18258498    0.17248221    0.20088516    0.17025192    0.15968555    0.16961634    0.16318772    0.22753766    0.22459151    0.22526786    0.19237165
T12            0.27959182    0.15227448    0.10414022    0.08733180    0.08540677    0.00000000    0.17938261    0.17883728    0.26893674    0.28198068    0.27004821    0.21040774    0.25056810    0.20983516    0.19935927    0.23712906    0.21648098    0.20217230    0.21616390    0.19769287    0.26892341    0.26575220    0.26028980    0.23158358
T17            0.30074382    0.21101769    0.16179318    0.15528367    0.14835129    0.17938261    0.00000000    0.07641513    0.28281412    0.28887846    0.27444769    0.22232163    0.26344103    0.22688234    0.21327750    0.23510405    0.21456821    0.20877827    0.21358615    0.19297693    0.27672640    0.27348272    0.27444751    0.24501043
T8             0.29973404    0.19909135    0.15596919    0.14969453    0.14791103    0.17883728    0.07641513    0.00000000    0.28844609    0.29215372    0.27125624    0.21875101    0.25946975    0.22919452    0.21555808    0.23447436    0.21680747    0.21101769    0.21011677    0.19517693    0.26301584    0.25987460    0.26387662    0.22896409
T14            0.31521597    0.32154899    0.26378596    0.25966031    0.25182686    0.26893674    0.28281412    0.28844609    0.00000000    0.07860201    0.06061462    0.24277485    0.27521848    0.23333473    0.22541437    0.25725923    0.23246136    0.22656924    0.22568840    0.21555808    0.30259866    0.29924614    0.27004821    0.24788068
T18            0.32841490    0.32544466    0.26966696    0.26240372    0.25453787    0.28198068    0.28887846    0.29215372    0.07860201    0.00000000    0.04343958    0.25523482    0.30163443    0.24846657    0.24341818    0.27243735    0.25326561    0.24713783    0.24609963    0.22104200    0.30211082    0.29876961    0.27918004    0.25365097
T16            0.30230325    0.31954044    0.26104653    0.25085631    0.24609963    0.27004821    0.27444769    0.27125624    0.06061462    0.04343958    0.00000000    0.24074677    0.27959182    0.22831730    0.22335433    0.25760152    0.23279203    0.22688234    0.22597224    0.21011677    0.28977664    0.28650128    0.27044019    0.24215803
T5             0.27722575    0.25252564    0.20500132    0.19305090    0.18576607    0.21040774    0.22232163    0.21875101    0.24277485    0.25523482    0.24074677    0.00000000    0.08540677    0.07156132    0.06061462    0.19858301    0.16273013    0.16009556    0.17003145    0.16053907    0.22232163    0.21939274    0.21939274    0.19579818
T13            0.31279384    0.27044019    0.23577339    0.22306923    0.21555808    0.25056810    0.26344103    0.25946975    0.27521848    0.30163443    0.27959182    0.08540677    0.00000000    0.10113902    0.09674977    0.22597224    0.17515916    0.17785059    0.18802651    0.20336737    0.27301620    0.26980397    0.27301620    0.24457330
T6             0.27959182    0.25182686    0.19656205    0.19535319    0.18258498    0.20983516    0.22688234    0.22919452    0.23333473    0.24846657    0.22831730    0.07156132    0.10113902    0.00000000    0.02447347    0.19261009    0.16494070    0.15707863    0.16697493    0.16758923    0.23949980    0.23648220    0.23279203    0.21166482
T2             0.26728923    0.24074677    0.18626938    0.18507783    0.17248221    0.19935927    0.21327750    0.21555808    0.22541437    0.24341818    0.22335433    0.06061462    0.09674977    0.02447347    0.00000000    0.17968062    0.14988475    0.14475135    0.15448530    0.15507163    0.22562040    0.22266539    0.22198740    0.19831234
T19            0.29655787    0.26824973    0.22335433    0.21114836    0.20088516    0.23712906    0.23510405    0.23447436    0.25725923    0.27243735    0.25760152    0.19858301    0.22597224    0.19261009    0.17968062    0.00000000    0.13514234    0.13012519    0.13714917    0.18327749    0.24410200    0.24108458    0.24108458    0.21680747
T21            0.25635801    0.24678160    0.18626938    0.18010096    0.17025192    0.21648098    0.21456821    0.21680747    0.23246136    0.25326561    0.23279203    0.16273013    0.17515916    0.16494070    0.14988475    0.13514234    0.00000000    0.02871121    0.03705676    0.16126673    0.22635411    0.22934471    0.22042628    0.19679669
T22            0.25252564    0.23775658    0.17538546    0.17207015    0.15968555    0.20217230    0.20877827    0.21101769    0.22656924    0.24713783    0.22688234    0.16009556    0.17785059    0.15707863    0.14475135    0.13012519    0.02871121    0.00000000    0.03280949    0.16662125    0.23235338    0.22934471    0.21456821    0.19679669
T3             0.27004821    0.24577393    0.18010096    0.18216777    0.16961634    0.21616390    0.21358615    0.21011677    0.22568840    0.24609963    0.22597224    0.17003145    0.18802651    0.16697493    0.15448530    0.13714917    0.03705676    0.03280949    0.00000000    0.17664661    0.23723032    0.23421264    0.22232163    0.20148912
T7             0.23877272    0.21390416    0.18184914    0.17025192    0.16318772    0.19769287    0.19297693    0.19517693    0.21555808    0.22104200    0.21011677    0.16053907    0.20336737    0.16758923    0.15507163    0.18327749    0.16126673    0.16662125    0.17664661    0.00000000    0.12391712    0.12142094    0.12104533    0.09549979
T4             0.30451061    0.28695620    0.24826725    0.23510405    0.22753766    0.26892341    0.27672640    0.26301584    0.30259866    0.30211082    0.28977664    0.22232163    0.27301620    0.23949980    0.22562040    0.24410200    0.22635411    0.23235338    0.23723032    0.12391712    0.00000000    0.00200403    0.07833636    0.06763246
T11            0.30787430    0.28369153    0.24520327    0.23214052    0.22459151    0.26575220    0.27348272    0.25987460    0.29924614    0.29876961    0.28650128    0.21939274    0.26980397    0.23648220    0.22266539    0.24108458    0.22934471    0.22934471    0.23421264    0.12142094    0.00200403    0.00000000    0.07606775    0.06537910
T15            0.29639272    0.29120723    0.24598756    0.23279203    0.22526786    0.26028980    0.27444751    0.26387662    0.27004821    0.27918004    0.27044019    0.21939274    0.27301620    0.23279203    0.22198740    0.24108458    0.22042628    0.21456821    0.22232163    0.12104533    0.07833636    0.07606775    0.00000000    0.06537910
T23            0.25907528    0.25175648    0.21200228    0.19963632    0.19237165    0.23158358    0.24501043    0.22896409    0.24788068    0.25365097    0.24215803    0.19579818    0.24457330    0.21166482    0.19831234    0.21680747    0.19679669    0.19679669    0.20148912    0.09549979    0.06763246    0.06537910    0.06537910    0.00000000

