24
T17            0.00000000    0.19607429    0.17228919    0.16963289    0.16253083    0.18554872    0.17787039    0.18509728    0.27584137    0.20165503    0.20625781    0.20090786    0.31777364    0.29703423    0.30033297    0.34929165    0.18305865    0.14887839    0.16475074    0.18488503    0.19011004    0.14003530    0.14732512    0.14732512
T22            0.19607429    0.00000000    0.09654174    0.09420359    0.08552354    0.09664487    0.12071024    0.13246954    0.22010894    0.16517318    0.18804765    0.18282702    0.32255524    0.31327385    0.31327385    0.32327008    0.19103723    0.15749085    0.17564086    0.21073865    0.21619593    0.21136928    0.21651406    0.21651406
T14            0.17228919    0.09654174    0.00000000    0.00200403    0.04120466    0.05396055    0.08974066    0.10125129    0.18578786    0.13174240    0.16418123    0.15914735    0.29218506    0.28086108    0.28086108    0.29562718    0.16436248    0.14158173    0.15248656    0.17721989    0.18239049    0.17050038    0.18629283    0.18629283
T15            0.16963289    0.09420359    0.00200403    0.00000000    0.04334664    0.05613519    0.09206793    0.10362290    0.18853213    0.13422011    0.16680248    0.16174808    0.29541918    0.28405389    0.28405389    0.29562718    0.16699070    0.14410339    0.15508752    0.17990480    0.18509728    0.16782964    0.18354847    0.18354847
T13            0.16253083    0.08552354    0.04120466    0.04334664    0.00000000    0.03705767    0.08810739    0.10414797    0.18245365    0.12516777    0.14970831    0.14476435    0.28163105    0.27366218    0.27366218    0.28987800    0.14732512    0.13246954    0.14814336    0.17859975    0.18380663    0.16344886    0.16344886    0.16830039
T7             0.18554872    0.09664487    0.05396055    0.05613519    0.03705767    0.00000000    0.10161674    0.11794735    0.18434930    0.12967069    0.16739301    0.16232240    0.30321061    0.29505624    0.29505624    0.31141230    0.16983682    0.14425631    0.15749085    0.18554872    0.19079184    0.18655862    0.19490721    0.19995036
T3             0.17787039    0.12071024    0.08974066    0.09206793    0.08810739    0.10161674    0.00000000    0.05860457    0.18492699    0.14514386    0.17050038    0.16274772    0.29417886    0.28611432    0.27964494    0.31208808    0.17073873    0.13732639    0.15575042    0.18106978    0.18629283    0.18492699    0.19269815    0.20118960
T8             0.18509728    0.13246954    0.10125129    0.10362290    0.10414797    0.11794735    0.05860457    0.00000000    0.18932594    0.14952572    0.18578786    0.17787039    0.30566886    0.29091257    0.29091257    0.32130620    0.17073873    0.14458681    0.15009820    0.18828540    0.19355126    0.20055185    0.20278060    0.20278060
T10            0.27584137    0.22010894    0.18578786    0.18853213    0.18245365    0.18434930    0.18492699    0.18932594    0.00000000    0.12835103    0.24257928    0.23388303    0.37247617    0.36379027    0.36379027    0.39262162    0.26393061    0.23689304    0.23542560    0.26306690    0.26897661    0.26578284    0.28545351    0.29218723
T21            0.20165503    0.16517318    0.13174240    0.13422011    0.12516777    0.12967069    0.14514386    0.14952572    0.12835103    0.00000000    0.19685703    0.19433776    0.32600245    0.31525447    0.31525447    0.32993168    0.20502956    0.18057735    0.18380663    0.22757384    0.23317032    0.20339839    0.22305664    0.22010894
T23            0.20625781    0.18804765    0.16418123    0.16680248    0.14970831    0.16739301    0.17050038    0.18578786    0.24257928    0.19685703    0.00000000    0.01008437    0.19537397    0.19079184    0.19079184    0.25995261    0.19885683    0.16943763    0.18057735    0.21529838    0.21558806    0.21073865    0.22169621    0.21942712
T4             0.20090786    0.18282702    0.15914735    0.16174808    0.14476435    0.16232240    0.16274772    0.17787039    0.23388303    0.19433776    0.01008437    0.00000000    0.19284655    0.18828540    0.18828540    0.26018571    0.19079184    0.16174808    0.17272005    0.20702473    0.20729913    0.20248542    0.21330830    0.21104931
T19            0.31777364    0.32255524    0.29218506    0.29541918    0.28163105    0.30321061    0.29417886    0.30566886    0.37247617    0.32600245    0.19537397    0.19284655    0.00000000    0.05627120    0.05627120    0.37639458    0.32998681    0.29703423    0.31132950    0.33702790    0.33051221    0.31375123    0.33702790    0.33349489
T0             0.29703423    0.31327385    0.28086108    0.28405389    0.27366218    0.29505624    0.28611432    0.29091257    0.36379027    0.31525447    0.19079184    0.18828540    0.05627120    0.00000000    0.00401618    0.38737944    0.32163672    0.28893574    0.30316696    0.33216216    0.32566986    0.30217633    0.32862886    0.32512050
T2             0.30033297    0.31327385    0.28086108    0.28405389    0.27366218    0.29505624    0.27964494    0.29091257    0.36379027    0.31525447    0.19079184    0.18828540    0.05627120    0.00401618    0.00000000    0.38369079    0.32163672    0.28893574    0.30316696    0.33216216    0.32566986    0.30217633    0.32862886    0.32512050
T12            0.34929165    0.32327008    0.29562718    0.29562718    0.28987800    0.31141230    0.31208808    0.32130620    0.39262162    0.32993168    0.25995261    0.26018571    0.37639458    0.38737944    0.38369079    0.00000000    0.34659316    0.31109287    0.31503108    0.35888248    0.35936759    0.33027974    0.35006334    0.34392374
T18            0.18305865    0.19103723    0.16436248    0.16699070    0.14732512    0.16983682    0.17073873    0.17073873    0.26393061    0.20502956    0.19885683    0.19079184    0.32998681    0.32163672    0.32163672    0.34659316    0.00000000    0.08310039    0.10189742    0.16739301    0.17250028    0.19802775    0.21169855    0.20881073
T20            0.14887839    0.15749085    0.14158173    0.14410339    0.13246954    0.14425631    0.13732639    0.14458681    0.23689304    0.18057735    0.16943763    0.16174808    0.29703423    0.28893574    0.28893574    0.31109287    0.08310039    0.00000000    0.07413973    0.13187180    0.14172820    0.16562958    0.17318553    0.17588527
T11            0.16475074    0.17564086    0.15248656    0.15508752    0.14814336    0.15749085    0.15575042    0.15009820    0.23542560    0.18380663    0.18057735    0.17272005    0.31132950    0.30316696    0.30316696    0.31503108    0.10189742    0.07413973    0.00000000    0.15770215    0.16274772    0.16880508    0.19300620    0.19019970
T6             0.18488503    0.21073865    0.17721989    0.17990480    0.17859975    0.18554872    0.18106978    0.18828540    0.26306690    0.22757384    0.21529838    0.20702473    0.33702790    0.33216216    0.33216216    0.35888248    0.16739301    0.13187180    0.15770215    0.00000000    0.00805168    0.20728136    0.21824589    0.21824589
T16            0.19011004    0.21619593    0.18239049    0.18509728    0.18380663    0.19079184    0.18629283    0.19355126    0.26897661    0.23317032    0.21558806    0.20729913    0.33051221    0.32566986    0.32566986    0.35936759    0.17250028    0.14172820    0.16274772    0.00805168    0.00000000    0.21862035    0.22977828    0.22977828
T1             0.14003530    0.21136928    0.17050038    0.16782964    0.16344886    0.18655862    0.18492699    0.20055185    0.26578284    0.20339839    0.21073865    0.20248542    0.31375123    0.30217633    0.30217633    0.33027974    0.19802775    0.16562958    0.16880508    0.20728136    0.21862035    0.00000000    0.05639599    0.05860457
T9             0.14732512    0.21651406    0.18629283    0.18354847    0.16344886    0.19490721    0.19269815    0.20278060    0.28545351    0.22305664    0.22169621    0.21330830    0.33702790    0.32862886    0.32862886    0.35006334    0.21169855    0.17318553    0.19300620    0.21824589    0.22977828    0.05639599    0.00000000    0.03489091
T5             0.14732512    0.21651406    0.18629283    0.18354847    0.16830039    0.19995036    0.20118960    0.20278060    0.29218723    0.22010894    0.21942712    0.21104931    0.33349489    0.32512050    0.32512050    0.34392374    0.20881073    0.17588527    0.19019970    0.21824589    0.22977828    0.05860457    0.03489091    0.00000000

