24
T5             0.00000000    0.39152809    0.38510241    0.28721573    0.29942440    0.33345703    0.25488091    0.33588766    0.33994579    0.32496966    0.32593114    0.27628109    0.32065949    0.29614941    0.29639274    0.19220559    0.20880254    0.21138084    0.21050697    0.20278052    0.21092465    0.20022392    0.19747333    0.20220959
T13            0.39152809    0.00000000    0.00804442    0.36054012    0.37047692    0.40715777    0.35321978    0.41853607    0.39596508    0.39141795    0.37486595    0.38820909    0.37361485    0.35073723    0.37172654    0.29370196    0.31467058    0.32450700    0.32593114    0.31274419    0.31566707    0.30648084    0.29655749    0.31142393
T10            0.38510241    0.00804442    0.00000000    0.35805781    0.37172654    0.40461308    0.34711691    0.41191542    0.38950938    0.38501418    0.36860048    0.38183309    0.36735236    0.34465887    0.36548767    0.28802465    0.30886129    0.31862695    0.32002739    0.30693362    0.30983307    0.30071584    0.29085771    0.30561036
T19            0.28721573    0.36054012    0.35805781    0.00000000    0.02653264    0.19605090    0.13464061    0.19076960    0.19580906    0.18601323    0.18378331    0.16961618    0.16942156    0.16515542    0.17096470    0.16981946    0.19431205    0.19683112    0.20417712    0.18779835    0.20471730    0.19352805    0.19352805    0.19811121
T7             0.29942440    0.37047692    0.37172654    0.02653264    0.00000000    0.20112386    0.14731138    0.19858281    0.20088489    0.19656196    0.18876416    0.16660820    0.18237169    0.17003136    0.17586403    0.18552760    0.21070803    0.21327745    0.22074587    0.20112386    0.21844429    0.20983501    0.20983501    0.21446014
T4             0.33345703    0.40715777    0.40461308    0.19605090    0.20112386    0.00000000    0.13699149    0.18507763    0.19328482    0.16781106    0.15768546    0.15126703    0.18529814    0.16494062    0.16758916    0.23182933    0.24750416    0.25019222    0.26415791    0.24846625    0.28562446    0.24947110    0.25795408    0.25660574
T23            0.25488091    0.35321978    0.34711691    0.13464061    0.14731138    0.13699149    0.00000000    0.13186271    0.13161283    0.12980798    0.11537011    0.11261558    0.12926882    0.11043307    0.10373642    0.16453653    0.18327742    0.18850928    0.19580906    0.18237169    0.20983501    0.18802635    0.18258480    0.18716849
T15            0.33588766    0.41853607    0.41191542    0.19076960    0.19858281    0.18507763    0.13186271    0.00000000    0.11721701    0.09869110    0.09187207    0.15141402    0.16383116    0.14409243    0.14475129    0.21875094    0.24179020    0.24750416    0.25217089    0.23510390    0.27084278    0.24074661    0.24074661    0.23949588
T22            0.33994579    0.39596508    0.38950938    0.19580906    0.20088489    0.19328482    0.13161283    0.11721701    0.00000000    0.08267189    0.08053574    0.15654708    0.16155983    0.14662633    0.15727249    0.23152818    0.25326555    0.25597319    0.25760125    0.24217180    0.28198045    0.25760125    0.25149266    0.25326875
T16            0.32496966    0.39141795    0.38501418    0.18601323    0.19656196    0.16781106    0.12980798    0.09869110    0.08267189    0.00000000    0.03073514    0.14457431    0.16173362    0.14457431    0.14276418    0.22134746    0.24215804    0.25404661    0.26180275    0.23775640    0.27125620    0.24713775    0.24108446    0.23979341
T3             0.32593114    0.37486595    0.36860048    0.18378331    0.18876416    0.15768546    0.11537011    0.09187207    0.08053574    0.03073514    0.00000000    0.14203385    0.15689296    0.13731473    0.13551648    0.21327745    0.23085243    0.23949983    0.25326555    0.22950644    0.25635798    0.23877267    0.23279195    0.23152818
T21            0.27628109    0.38820909    0.38183309    0.16961618    0.16660820    0.15126703    0.11261558    0.15141402    0.15654708    0.14457431    0.14203385    0.00000000    0.14872674    0.12448600    0.12500794    0.18466352    0.20673386    0.20647906    0.21162330    0.18697669    0.21965844    0.20880254    0.20320851    0.20792197
T8             0.32065949    0.37361485    0.36735236    0.16942156    0.18237169    0.18529814    0.12926882    0.16383116    0.16155983    0.16173362    0.15689296    0.14872674    0.00000000    0.03485839    0.08725073    0.19535290    0.22656909    0.22626567    0.23683002    0.22252792    0.25182661    0.23152818    0.22568811    0.23388416
T0             0.29614941    0.35073723    0.34465887    0.16515542    0.17003136    0.16494062    0.11043307    0.14409243    0.14662633    0.14457431    0.13731473    0.12448600    0.03485839    0.00000000    0.07170030    0.17740944    0.21358613    0.20755436    0.21785961    0.20392096    0.23246124    0.21268826    0.20137211    0.21446014
T18            0.29639274    0.37172654    0.36548767    0.17096470    0.17586403    0.16758916    0.10373642    0.14475129    0.15727249    0.14276418    0.13551648    0.12500794    0.08725073    0.07170030    0.00000000    0.19153037    0.22301872    0.22562047    0.23313248    0.21070803    0.22787984    0.21972785    0.21972785    0.22426766
T9             0.19220559    0.29370196    0.28802465    0.16981946    0.18552760    0.23182933    0.16453653    0.21875094    0.23152818    0.22134746    0.21327745    0.18466352    0.19535290    0.17740944    0.19153037    0.00000000    0.05639395    0.06074504    0.05613395    0.05399303    0.06938419    0.04969384    0.04969384    0.06483326
T12            0.20880254    0.31467058    0.30886129    0.19431205    0.21070803    0.24750416    0.18327742    0.24179020    0.25326555    0.24215804    0.23085243    0.20673386    0.22656909    0.21358613    0.22301872    0.05639395    0.00000000    0.03930858    0.04554511    0.07870471    0.09018341    0.07196132    0.07651957    0.09228319
T17            0.21138084    0.32450700    0.31862695    0.19683112    0.21327745    0.25019222    0.18850928    0.24750416    0.25597319    0.25404661    0.23949983    0.20647906    0.22626567    0.20755436    0.22562047    0.06074504    0.03930858    0.00000000    0.05200641    0.08089683    0.08309598    0.07413605    0.07870471    0.09451284
T6             0.21050697    0.32593114    0.32002739    0.20417712    0.22074587    0.26415791    0.19580906    0.25217089    0.25760125    0.26180275    0.25326555    0.21162330    0.23683002    0.21785961    0.23313248    0.05613395    0.04554511    0.05200641    0.00000000    0.07826197    0.08751557    0.06266898    0.07156127    0.08717702
T14            0.20278052    0.31274419    0.30693362    0.18779835    0.20112386    0.24846625    0.18237169    0.23510390    0.24217180    0.23775640    0.22950644    0.18697669    0.22252792    0.20392096    0.21070803    0.05399303    0.07870471    0.08089683    0.07826197    0.00000000    0.04338933    0.05621750    0.05413461    0.06492814
T11            0.21092465    0.31566707    0.30983307    0.20471730    0.21844429    0.28562446    0.20983501    0.27084278    0.28198045    0.27125620    0.25635798    0.21965844    0.25182661    0.23246124    0.22787984    0.06938419    0.09018341    0.08309598    0.08751557    0.04338933    0.00000000    0.07170030    0.06512263    0.08061531
T20            0.20022392    0.30648084    0.30071584    0.19352805    0.20983501    0.24947110    0.18802635    0.24074661    0.25760125    0.24713775    0.23877267    0.20880254    0.23152818    0.21268826    0.21972785    0.04969384    0.07196132    0.07413605    0.06266898    0.05621750    0.07170030    0.00000000    0.03067002    0.04542007
T2             0.19747333    0.29655749    0.29085771    0.19352805    0.20983501    0.25795408    0.18258480    0.24074661    0.25149266    0.24108446    0.23279195    0.20320851    0.22568811    0.20137211    0.21972785    0.04969384    0.07651957    0.07870471    0.07156127    0.05413461    0.06512263    0.03067002    0.00000000    0.03483306
T1             0.20220959    0.31142393    0.30561036    0.19811121    0.21446014    0.25660574    0.18716849    0.23949588    0.25326875    0.23979341    0.23152818    0.20792197    0.23388416    0.21446014    0.22426766    0.06483326    0.09228319    0.09451284    0.08717702    0.06492814    0.08061531    0.04542007    0.03483306    0.00000000

