24
T23            0.00000000    0.27439430    0.28389610    0.30559686    0.30163956    0.30633082    0.31773600    0.33246725    0.32837392    0.28682630    0.32139741    0.32529377    0.33822020    0.27233521    0.28147018    0.27588018    0.28875413    0.29817058    0.29486706    0.30391000    0.27947646    0.24777172    0.24154152    0.07849822
T10            0.27439430    0.00000000    0.01210953    0.24938301    0.24367059    0.26059045    0.25514261    0.27828274    0.27474947    0.21415413    0.25380018    0.38858572    0.40265105    0.35199664    0.35154275    0.34107896    0.34892637    0.34329328    0.34681817    0.36012035    0.37368476    0.33804442    0.34295627    0.31015590
T11            0.28389610    0.01210953    0.00000000    0.25243416    0.24669403    0.26368890    0.25822198    0.28467812    0.28108393    0.21699673    0.25684194    0.38963441    0.40762262    0.35651921    0.35602624    0.34107896    0.34892637    0.35394353    0.35754472    0.37108238    0.38112877    0.35110206    0.34985943    0.31694257
T8             0.30559686    0.24938301    0.25243416    0.00000000    0.00602721    0.04988139    0.05001617    0.08750583    0.08510625    0.07832928    0.10102874    0.37595112    0.38990509    0.35054468    0.36093656    0.34032364    0.34032364    0.37414552    0.37798228    0.38430934    0.38543834    0.36538524    0.36374767    0.34713454
T13            0.30163956    0.24367059    0.24669403    0.00602721    0.00000000    0.04765446    0.04776652    0.08510625    0.08273507    0.07599258    0.09859536    0.37164197    0.38548106    0.34637258    0.35667103    0.33624149    0.33624149    0.36967245    0.37346545    0.37976037    0.38095918    0.36117210    0.35961441    0.34277201
T3             0.30633082    0.26059045    0.26368890    0.04988139    0.04765446    0.00000000    0.02444389    0.10123299    0.09877360    0.08494871    0.10783915    0.38548106    0.40350277    0.35609951    0.36654367    0.35667103    0.36403315    0.38502054    0.38502054    0.39140516    0.38350807    0.36012035    0.35602624    0.34750683
T12            0.31773600    0.25514261    0.25822198    0.05001617    0.04776652    0.02444389    0.00000000    0.10146694    0.09898155    0.08510625    0.10565601    0.38289239    0.40088713    0.35725553    0.36775534    0.34693027    0.35418546    0.38113904    0.38502054    0.38749330    0.38478106    0.36482602    0.36322857    0.35251811
T16            0.33246725    0.27828274    0.28467812    0.08750583    0.08510625    0.10123299    0.10146694    0.00000000    0.00401105    0.09859536    0.12435964    0.40023956    0.41072297    0.38033036    0.38732989    0.35139422    0.36966608    0.40108666    0.40507663    0.41163421    0.42645999    0.38170273    0.38752254    0.38723645
T22            0.32837392    0.27474947    0.28108393    0.08510625    0.08273507    0.09877360    0.09898155    0.00401105    0.00000000    0.09619137    0.12183568    0.39574041    0.40614618    0.37595112    0.38289239    0.34731204    0.36538524    0.39642550    0.40036816    0.40689075    0.42158090    0.37739289    0.38321251    0.38257211
T0             0.28682630    0.21415413    0.21699673    0.07832928    0.07599258    0.08494871    0.08510625    0.09859536    0.09619137    0.00000000    0.05185635    0.35394353    0.37108238    0.32577686    0.33572190    0.31846082    0.32529377    0.36154768    0.36526993    0.37150550    0.37026581    0.34731204    0.34586911    0.32302636
T6             0.32139741    0.25380018    0.25684194    0.10102874    0.09859536    0.10783915    0.10565601    0.12435964    0.12183568    0.05185635    0.00000000    0.39838393    0.41670273    0.36850690    0.37911400    0.35446297    0.35446297    0.39642550    0.40036816    0.40689075    0.39635841    0.36898014    0.36754703    0.35601460
T7             0.32529377    0.38858572    0.38963441    0.37595112    0.37164197    0.38548106    0.38289239    0.40023956    0.39574041    0.35394353    0.39838393    0.00000000    0.02653172    0.08088738    0.09215816    0.12203573    0.13654709    0.27588018    0.27906766    0.27828274    0.40809361    0.38112877    0.37315246    0.34637258
T15            0.33822020    0.40265105    0.40762262    0.38990509    0.38548106    0.40350277    0.40088713    0.41072297    0.40614618    0.37108238    0.41670273    0.02653172    0.00000000    0.08760794    0.09898155    0.13159494    0.15138847    0.28790681    0.29115653    0.29033265    0.40286904    0.38002270    0.37212914    0.35975354
T14            0.27233521    0.35199664    0.35651921    0.35054468    0.34637258    0.35609951    0.35725553    0.38033036    0.37595112    0.32577686    0.36850690    0.08088738    0.08760794    0.00000000    0.01414110    0.11106251    0.11562675    0.23603794    0.23904324    0.23834091    0.37401592    0.34026213    0.33286558    0.28508573
T18            0.28147018    0.35154275    0.35602624    0.36093656    0.35667103    0.36654367    0.36775534    0.38732989    0.38289239    0.33572190    0.37911400    0.09215816    0.09898155    0.01414110    0.00000000    0.11822061    0.12282388    0.23868714    0.24170150    0.24100078    0.37214544    0.34174519    0.33423763    0.29442754
T21            0.27588018    0.34107896    0.34107896    0.34032364    0.33624149    0.35667103    0.34693027    0.35139422    0.34731204    0.31846082    0.35446297    0.12203573    0.13159494    0.11106251    0.11822061    0.00000000    0.04139630    0.23042008    0.23339849    0.23271250    0.38095918    0.34329328    0.33587311    0.28875413
T9             0.28875413    0.34892637    0.34892637    0.34032364    0.33624149    0.36403315    0.35418546    0.36966608    0.36538524    0.32529377    0.35446297    0.13654709    0.15138847    0.11562675    0.12282388    0.04139630    0.00000000    0.24244190    0.24549315    0.24473418    0.39251376    0.34329328    0.33587311    0.29531782
T17            0.29817058    0.34329328    0.35394353    0.37414552    0.36967245    0.38502054    0.38113904    0.40108666    0.39642550    0.36154768    0.39642550    0.27588018    0.28790681    0.23603794    0.23868714    0.23042008    0.24244190    0.00000000    0.00200402    0.01827003    0.43224560    0.38170273    0.37739289    0.33246725
T2             0.29486706    0.34681817    0.35754472    0.37798228    0.37346545    0.38502054    0.38502054    0.40507663    0.40036816    0.36526993    0.40036816    0.27906766    0.29115653    0.23904324    0.24170150    0.23339849    0.24549315    0.00200402    0.00000000    0.02034055    0.42805466    0.37795278    0.37368476    0.32892956
T4             0.30391000    0.36012035    0.37108238    0.38430934    0.37976037    0.39140516    0.38749330    0.41163421    0.40689075    0.37150550    0.40689075    0.27828274    0.29033265    0.23834091    0.24100078    0.23271250    0.24473418    0.01827003    0.02034055    0.00000000    0.43480684    0.38431865    0.38002270    0.34564667
T1             0.27947646    0.37368476    0.38112877    0.38543834    0.38095918    0.38350807    0.38478106    0.42645999    0.42158090    0.37026581    0.39635841    0.40809361    0.40286904    0.37401592    0.37214544    0.38095918    0.39251376    0.43224560    0.42805466    0.43480684    0.00000000    0.08771723    0.09205240    0.32302636
T20            0.24777172    0.33804442    0.35110206    0.36538524    0.36117210    0.36012035    0.36482602    0.38170273    0.37739289    0.34731204    0.36898014    0.38112877    0.38002270    0.34026213    0.34174519    0.34329328    0.34329328    0.38170273    0.37795278    0.38431865    0.08771723    0.00000000    0.02027206    0.27866975
T5             0.24154152    0.34295627    0.34985943    0.36374767    0.35961441    0.35602624    0.36322857    0.38752254    0.38321251    0.34586911    0.36754703    0.37315246    0.37212914    0.33286558    0.33423763    0.33587311    0.33587311    0.37739289    0.37368476    0.38002270    0.09205240    0.02027206    0.00000000    0.27754151
T19            0.07849822    0.31015590    0.31694257    0.34713454    0.34277201    0.34750683    0.35251811    0.38723645    0.38257211    0.32302636    0.35601460    0.34637258    0.35975354    0.28508573    0.29442754    0.28875413    0.29531782    0.33246725    0.32892956    0.34564667    0.32302636    0.27866975    0.27754151    0.00000000

