24
T23            0.00000000    0.23212119    0.24072579    0.30113479    0.30068218    0.27358275    0.31073597    0.35374567    0.33285119    0.34595992    0.30071834    0.29460536    0.28854545    0.24844561    0.26546281    0.25418309    0.23305844    0.29286682    0.25053354    0.15865159    0.15140752    0.11731421    0.12448182    0.12670328
T20            0.23212119    0.00000000    0.03069906    0.24373329    0.25250208    0.23910868    0.27208444    0.31073597    0.28884648    0.29367134    0.34650810    0.33285119    0.32293402    0.28086061    0.28884648    0.28041691    0.25866592    0.33745031    0.29167832    0.22363135    0.22164401    0.17537443    0.19767699    0.19934471
T5             0.24072579    0.03069906    0.00000000    0.23977442    0.24844561    0.23806453    0.27719554    0.32986946    0.30736211    0.30557798    0.35206109    0.34542449    0.33885155    0.28928919    0.30068218    0.29212067    0.27002139    0.34650810    0.30355869    0.23741814    0.23541315    0.18825111    0.20527822    0.20698323
T16            0.30113479    0.24373329    0.23977442    0.00000000    0.04133991    0.04343890    0.09725985    0.23541315    0.23277157    0.23212119    0.39269782    0.39338937    0.39017762    0.34882811    0.35740427    0.33039193    0.33337373    0.41440187    0.35567967    0.30804360    0.30628866    0.25442544    0.26977289    0.27529555
T6             0.30068218    0.25250208    0.24844561    0.04133991    0.00000000    0.04770947    0.09475515    0.23806453    0.22718560    0.21729800    0.38049473    0.38112731    0.37796126    0.34101737    0.36048840    0.32638967    0.33636778    0.43423136    0.35876266    0.30749935    0.30572211    0.25092874    0.27252896    0.27485129
T17            0.27358275    0.23910868    0.23806453    0.04343890    0.04770947    0.00000000    0.07905194    0.22196815    0.21356845    0.21583893    0.36480310    0.36170464    0.35861919    0.31911909    0.33092665    0.30495011    0.31463118    0.39732224    0.33990938    0.28324153    0.28148121    0.23156084    0.24329564    0.24556545
T9             0.31073597    0.27208444    0.27719554    0.09725985    0.09475515    0.07905194    0.00000000    0.26572367    0.25054343    0.25904933    0.40381918    0.39661517    0.39338937    0.36672868    0.37545340    0.35127470    0.35800522    0.45131158    0.37356031    0.29400192    0.30572211    0.25402034    0.26932813    0.26847022
T0             0.35374567    0.31073597    0.32986946    0.23541315    0.23806453    0.22196815    0.26572367    0.00000000    0.05632732    0.14933164    0.42747977    0.41184319    0.40454351    0.37364126    0.40454351    0.36791470    0.36984306    0.50044479    0.41590420    0.36297338    0.35746378    0.30933240    0.32259916    0.32850346
T7             0.33285119    0.28884648    0.30736211    0.23277157    0.22718560    0.21356845    0.25054343    0.05632732    0.00000000    0.15207797    0.39985514    0.38495436    0.37796126    0.35924618    0.38177372    0.34650810    0.35554666    0.47611696    0.39269782    0.36739699    0.36188411    0.28646875    0.30593535    0.31172101
T11            0.34595992    0.29367134    0.30557798    0.23212119    0.21729800    0.21583893    0.25904933    0.14933164    0.15207797    0.00000000    0.40106738    0.39007339    0.38305434    0.36543174    0.39592239    0.36729861    0.38177372    0.47874150    0.40966136    0.35127470    0.34217541    0.29212067    0.30832406    0.31172101
T18            0.30071834    0.34650810    0.35206109    0.39269782    0.38049473    0.36480310    0.40381918    0.42747977    0.39985514    0.40106738    0.00000000    0.02238962    0.02034107    0.19579656    0.20087220    0.18506675    0.16888199    0.23151018    0.20064297    0.29460536    0.29248166    0.25658464    0.27168388    0.27412042
T2             0.29460536    0.33285119    0.34542449    0.39338937    0.38112731    0.36170464    0.39661517    0.41184319    0.38495436    0.39007339    0.02238962    0.00000000    0.01008424    0.18236130    0.18735884    0.17186800    0.15608551    0.22251244    0.18715833    0.28854545    0.28642472    0.25083571    0.26580138    0.26822615
T14            0.28854545    0.32293402    0.33885155    0.39017762    0.37796126    0.35861919    0.39338937    0.40454351    0.37796126    0.38305434    0.02034107    0.01008424    0.00000000    0.17987586    0.18485561    0.16941267    0.15366894    0.21990041    0.18465344    0.27938802    0.27726026    0.24215325    0.25690531    0.25931848
T21            0.24844561    0.28086061    0.28928919    0.34882811    0.34101737    0.31911909    0.36672868    0.37364126    0.35924618    0.36543174    0.19579656    0.18236130    0.17987586    0.00000000    0.04776907    0.03502410    0.06304709    0.13298177    0.09228011    0.25793033    0.25594821    0.21296157    0.22424890    0.22072893
T10            0.26546281    0.28884648    0.30068218    0.35740427    0.36048840    0.33092665    0.37545340    0.40454351    0.38177372    0.39592239    0.20087220    0.18735884    0.18485561    0.04776907    0.00000000    0.02866680    0.06289326    0.13262105    0.10147739    0.26580138    0.26688133    0.22624792    0.23476474    0.23415601
T3             0.25418309    0.28041691    0.29212067    0.33039193    0.32638967    0.30495011    0.35127470    0.36791470    0.34650810    0.36729861    0.18506675    0.17186800    0.16941267    0.03502410    0.02866680    0.00000000    0.05206802    0.12814461    0.08772547    0.26065997    0.25866592    0.21554126    0.22686334    0.22624792
T12            0.23305844    0.25866592    0.27002139    0.33337373    0.33636778    0.31463118    0.35800522    0.36984306    0.35554666    0.38177372    0.16888199    0.15608551    0.15366894    0.06304709    0.06289326    0.05206802    0.00000000    0.12023523    0.07841585    0.23624556    0.23710993    0.20390724    0.21212180    0.21160927
T1             0.29286682    0.33745031    0.34650810    0.41440187    0.43423136    0.39732224    0.45131158    0.50044479    0.47611696    0.47874150    0.23151018    0.22251244    0.21990041    0.13298177    0.13262105    0.12814461    0.12023523    0.00000000    0.08772547    0.29572360    0.29367134    0.24844561    0.26651067    0.26580138
T13            0.25053354    0.29167832    0.30355869    0.35567967    0.35876266    0.33990938    0.37356031    0.41590420    0.39269782    0.40966136    0.20064297    0.18715833    0.18465344    0.09228011    0.10147739    0.08772547    0.07841585    0.08772547    0.00000000    0.24725263    0.25114828    0.21444551    0.22567147    0.23093875
T19            0.15865159    0.22363135    0.23741814    0.30804360    0.30749935    0.28324153    0.29400192    0.36297338    0.36739699    0.35127470    0.29460536    0.28854545    0.27938802    0.25793033    0.26580138    0.26065997    0.23624556    0.29572360    0.24725263    0.00000000    0.03077690    0.11823585    0.12547572    0.13011912
T22            0.15140752    0.22164401    0.23541315    0.30628866    0.30572211    0.28148121    0.30572211    0.35746378    0.36188411    0.34217541    0.29248166    0.28642472    0.27726026    0.25594821    0.26688133    0.25866592    0.23710993    0.29367134    0.25114828    0.03077690    0.00000000    0.11138728    0.11856820    0.12316559
T8             0.11731421    0.17537443    0.18825111    0.25442544    0.25092874    0.23156084    0.25402034    0.30933240    0.28646875    0.29212067    0.25658464    0.25083571    0.24215325    0.21296157    0.22624792    0.21554126    0.20390724    0.24844561    0.21444551    0.11823585    0.11138728    0.00000000    0.05426168    0.06074377
T15            0.12448182    0.19767699    0.20527822    0.26977289    0.27252896    0.24329564    0.26932813    0.32259916    0.30593535    0.30832406    0.27168388    0.26580138    0.25690531    0.22424890    0.23476474    0.22686334    0.21212180    0.26651067    0.22567147    0.12547572    0.11856820    0.05426168    0.00000000    0.03488988
T4             0.12670328    0.19934471    0.20698323    0.27529555    0.27485129    0.24556545    0.26847022    0.32850346    0.31172101    0.31172101    0.27412042    0.26822615    0.25931848    0.22072893    0.23415601    0.22624792    0.21160927    0.26580138    0.23093875    0.13011912    0.12316559    0.06074377    0.03488988    0.00000000

