24
T17            0.00000000    0.43235546    0.43174658    0.42557313    0.41219448    0.39137924    0.41428013    0.42242794    0.41014629    0.33983228    0.34285063    0.30594904    0.30552189    0.30263333    0.31785449    0.31456103    0.31894251    0.31894251    0.30760434    0.33636164    0.32352404    0.30938308    0.17185235    0.15928736
T16            0.43235546    0.00000000    0.00200301    0.12692047    0.09602094    0.09410237    0.14367004    0.13601194    0.16121844    0.38357561    0.39447468    0.36660580    0.36601841    0.36290929    0.38702288    0.39347398    0.40950953    0.40950953    0.37170192    0.39319363    0.37059338    0.39580821    0.46274517    0.45639145
T20            0.43174658    0.00200301    0.00000000    0.12459250    0.09376626    0.09186551    0.14128952    0.13364572    0.15878883    0.38039743    0.39125308    0.36349623    0.36290929    0.35981333    0.38758462    0.39403583    0.40621716    0.40621716    0.36856644    0.38997359    0.36745816    0.39257453    0.45921272    0.45289180
T5             0.42557313    0.12692047    0.12459250    0.00000000    0.09428871    0.09474918    0.14710792    0.15188501    0.16451263    0.40591194    0.40918580    0.39076945    0.39006748    0.38687054    0.40750418    0.39967647    0.41214613    0.41214613    0.38804554    0.40626331    0.38295831    0.40096055    0.46563223    0.45933683
T19            0.41219448    0.09602094    0.09376626    0.09428871    0.00000000    0.06511876    0.12215240    0.12193605    0.13918699    0.39398165    0.39720787    0.37286934    0.37221436    0.36908860    0.38295831    0.38295831    0.38997359    0.38997359    0.36660580    0.38937950    0.36914081    0.38295831    0.44466068    0.43855280
T21            0.39137924    0.09410237    0.09186551    0.09474918    0.06511876    0.00000000    0.11535851    0.12485229    0.13948926    0.36597605    0.36533630    0.37178413    0.37109032    0.36797435    0.39191404    0.38420682    0.39650320    0.39650320    0.36161203    0.38687054    0.36409638    0.37786266    0.42955233    0.42353816
T14            0.41428013    0.14367004    0.14128952    0.14710792    0.12215240    0.11535851    0.00000000    0.03710460    0.12037199    0.35060766    0.35365579    0.34757209    0.34693799    0.34391583    0.37227659    0.36488368    0.37786266    0.37786266    0.33437824    0.34755881    0.33329960    0.34395560    0.47237409    0.46625251
T11            0.42242794    0.13601194    0.13364572    0.15188501    0.12193605    0.12485229    0.03710460    0.00000000    0.12994697    0.35671659    0.35979015    0.34757209    0.34693799    0.34391583    0.35759878    0.35759878    0.37408207    0.37408207    0.34511089    0.36099937    0.34037824    0.35484428    0.47890451    0.47738162
T23            0.41014629    0.16121844    0.15878883    0.16451263    0.13918699    0.13948926    0.12037199    0.12994697    0.00000000    0.37535346    0.37850601    0.38121582    0.38051792    0.37736199    0.40031124    0.39257453    0.38676763    0.38676763    0.37221436    0.37600945    0.38233013    0.38485193    0.47580059    0.46957479
T9             0.33983228    0.38357561    0.38039743    0.40591194    0.39398165    0.36597605    0.35060766    0.35671659    0.37535346    0.00000000    0.01822291    0.16582070    0.16558162    0.16315917    0.19198963    0.18928510    0.18754929    0.18754929    0.15966199    0.17204444    0.17204444    0.16153872    0.37786266    0.36720653
T4             0.34285063    0.39447468    0.39125308    0.40918580    0.39720787    0.36533630    0.35365579    0.35979015    0.37850601    0.01822291    0.00000000    0.17093325    0.17068821    0.16825026    0.19725010    0.19452341    0.19279397    0.19279397    0.16470949    0.17717511    0.17717511    0.16658580    0.38102789    0.37032992
T12            0.30594904    0.36660580    0.36349623    0.39076945    0.37286934    0.37178413    0.34757209    0.34757209    0.38121582    0.16582070    0.17093325    0.00000000    0.00805157    0.00603639    0.18526731    0.18255529    0.18101382    0.18101382    0.13783958    0.15810459    0.15244856    0.13212959    0.35505054    0.33526365
T1             0.30552189    0.36601841    0.36290929    0.39006748    0.37221436    0.37109032    0.34693799    0.34693799    0.38051792    0.16558162    0.17068821    0.00805157    0.00000000    0.00200301    0.18504785    0.18234320    0.18076515    0.18076515    0.13765082    0.15787834    0.15225247    0.13198525    0.35451666    0.33476762
T8             0.30263333    0.36290929    0.35981333    0.38687054    0.36908860    0.36797435    0.34391583    0.34391583    0.37736199    0.16315917    0.16825026    0.00603639    0.00200301    0.00000000    0.18255529    0.17985794    0.17829431    0.17829431    0.13530644    0.15547809    0.14986294    0.12964695    0.35144754    0.33177401
T22            0.31785449    0.38702288    0.38758462    0.40750418    0.38295831    0.39191404    0.37227659    0.35759878    0.40031124    0.19198963    0.19725010    0.18526731    0.18504785    0.18255529    0.00000000    0.00804439    0.03705540    0.03705540    0.17945720    0.19490367    0.19217694    0.17612245    0.39943567    0.39728298
T2             0.31456103    0.39347398    0.39403583    0.39967647    0.38295831    0.38420682    0.36488368    0.35759878    0.39257453    0.18928510    0.19452341    0.18255529    0.18234320    0.17985794    0.00804439    0.00000000    0.03280851    0.03280851    0.17413452    0.19490367    0.18676781    0.17088379    0.39187554    0.38969385
T3             0.31894251    0.40950953    0.40621716    0.41214613    0.38997359    0.39650320    0.37786266    0.37408207    0.38676763    0.18754929    0.19279397    0.18101382    0.18076515    0.17829431    0.03705540    0.03280851    0.00000000    0.00000000    0.16979322    0.19050155    0.18234320    0.16641633    0.39728298    0.39520297
T6             0.31894251    0.40950953    0.40621716    0.41214613    0.38997359    0.39650320    0.37786266    0.37408207    0.38676763    0.18754929    0.19279397    0.18101382    0.18076515    0.17829431    0.03705540    0.03280851    0.00000000    0.00000000    0.16979322    0.19050155    0.18234320    0.16641633    0.39728298    0.39520297
T13            0.30760434    0.37170192    0.36856644    0.38804554    0.36660580    0.36161203    0.33437824    0.34511089    0.37221436    0.15966199    0.16470949    0.13783958    0.13765082    0.13530644    0.17945720    0.17413452    0.16979322    0.16979322    0.00000000    0.03701267    0.02440568    0.03914517    0.36745816    0.34736233
T18            0.33636164    0.39319363    0.38997359    0.40626331    0.38937950    0.38687054    0.34755881    0.36099937    0.37600945    0.17204444    0.17717511    0.15810459    0.15787834    0.15547809    0.19490367    0.19490367    0.19050155    0.19050155    0.03701267    0.00000000    0.04756959    0.06067323    0.39642788    0.37542589
T7             0.32352404    0.37059338    0.36745816    0.38295831    0.36914081    0.36409638    0.33329960    0.34037824    0.38233013    0.17204444    0.17717511    0.15244856    0.15225247    0.14986294    0.19217694    0.18676781    0.18234320    0.18234320    0.02440568    0.04756959    0.00000000    0.04972976    0.38495603    0.36433638
T15            0.30938308    0.39580821    0.39257453    0.40096055    0.38295831    0.37786266    0.34395560    0.35484428    0.38485193    0.16153872    0.16658580    0.13212959    0.13198525    0.12964695    0.17612245    0.17088379    0.16641633    0.16641633    0.03914517    0.06067323    0.04972976    0.00000000    0.36903290    0.35607624
T10            0.17185235    0.46274517    0.45921272    0.46563223    0.44466068    0.42955233    0.47237409    0.47890451    0.47580059    0.37786266    0.38102789    0.35505054    0.35451666    0.35144754    0.39943567    0.39187554    0.39728298    0.39728298    0.36745816    0.39642788    0.38495603    0.36903290    0.00000000    0.02238931
T0             0.15928736    0.45639145    0.45289180    0.45933683    0.43855280    0.42353816    0.46625251    0.47738162    0.46957479    0.36720653    0.37032992    0.33526365    0.33476762    0.33177401    0.39728298    0.38969385    0.39520297    0.39520297    0.34736233    0.37542589    0.36433638    0.35607624    0.02238931    0.00000000

