24
T20            0.00000000    0.26976350    0.30515974    0.30186427    0.32885940    0.30515974    0.21212109    0.23180986    0.20753775    0.19934399    0.17493081    0.17761445    0.24813094    0.30361049    0.17472232    0.16250401    0.16250401    0.16514507    0.14142788    0.14872061    0.16626851    0.15851032    0.15595088    0.12965579
T16            0.26976350    0.00000000    0.08761554    0.08994228    0.10865868    0.09698844    0.26614954    0.26546177    0.29174450    0.28889620    0.26976350    0.27284488    0.36721476    0.40405117    0.28820390    0.26117165    0.26117165    0.26421544    0.27067383    0.28503433    0.30001108    0.29041082    0.29679039    0.27971979
T2             0.30515974    0.08761554    0.00000000    0.00200403    0.03082536    0.02041258    0.26963959    0.26270911    0.31609205    0.31316977    0.29694385    0.30023948    0.38446870    0.41219105    0.30644506    0.26891079    0.26270911    0.28476144    0.28116235    0.29572227    0.31097423    0.30108780    0.30765691    0.29124567
T1             0.30186427    0.08994228    0.00200403    0.00000000    0.02871077    0.01833327    0.26650947    0.25963698    0.31270693    0.30979607    0.29366988    0.29694385    0.38071424    0.40835040    0.30311644    0.26580030    0.25963698    0.28155070    0.27798239    0.29248038    0.30765691    0.29783545    0.30436152    0.28799300
T13            0.32885940    0.10865868    0.03082536    0.02871077    0.00000000    0.02660513    0.28155070    0.28078505    0.33233902    0.32935726    0.32293211    0.32638768    0.39854614    0.42671495    0.32588970    0.28718581    0.28718581    0.30355705    0.30644506    0.32151047    0.33042259    0.32699108    0.33387789    0.31705282
T23            0.30515974    0.09698844    0.02041258    0.01833327    0.02660513    0.00000000    0.27595944    0.26891079    0.31609205    0.31316977    0.29694385    0.30023948    0.37328916    0.41219105    0.30644506    0.26891079    0.26891079    0.28476144    0.28116235    0.30227003    0.31767591    0.30765691    0.31431380    0.29124567
T7             0.21212109    0.26614954    0.26963959    0.26650947    0.28155070    0.27595944    0.00000000    0.08100211    0.24678317    0.23799109    0.19962053    0.20244093    0.28155070    0.31349668    0.22751650    0.19738042    0.19738042    0.20303739    0.18326476    0.19934399    0.23013869    0.22132850    0.21678753    0.17807212
T17            0.23180986    0.26546177    0.26270911    0.25963698    0.28078505    0.26891079    0.08100211    0.00000000    0.24517772    0.23645858    0.21842606    0.22132850    0.29694385    0.31938440    0.22393440    0.19402720    0.19402720    0.20527738    0.19429704    0.20725548    0.23840159    0.22948648    0.23311039    0.19125391
T15            0.20753775    0.29174450    0.31609205    0.31270693    0.33233902    0.31609205    0.24678317    0.24517772    0.00000000    0.00602724    0.15595831    0.15859953    0.24339600    0.29533804    0.18103439    0.15549388    0.15549388    0.17146926    0.19206689    0.22230078    0.23311039    0.23311039    0.23082979    0.19235569
T11            0.19934399    0.28889620    0.31316977    0.30979607    0.32935726    0.31316977    0.23799109    0.23645858    0.00602724    0.00000000    0.14834143    0.15094812    0.23773537    0.28605923    0.17315334    0.14790193    0.14790193    0.16366679    0.18403531    0.21388496    0.22457112    0.22457112    0.22230078    0.18430967
T19            0.17493081    0.26976350    0.29694385    0.29366988    0.32293211    0.29694385    0.19962053    0.21842606    0.15595831    0.14834143    0.00000000    0.00200403    0.22393440    0.27067383    0.18155921    0.16125483    0.16125483    0.16660827    0.16757874    0.19151598    0.21039038    0.20188102    0.19962053    0.17365079
T22            0.17761445    0.27284488    0.30023948    0.29694385    0.32638768    0.30023948    0.20244093    0.22132850    0.15859953    0.15094812    0.00200403    0.00000000    0.22102351    0.26758279    0.18430967    0.16392436    0.16392436    0.16930672    0.17024095    0.19429704    0.21325945    0.20470135    0.20244093    0.17636383
T4             0.24813094    0.36721476    0.38446870    0.38071424    0.39854614    0.37328916    0.28155070    0.29694385    0.24339600    0.23773537    0.22393440    0.22102351    0.00000000    0.23415517    0.20366026    0.20498476    0.21069015    0.21069015    0.24373222    0.26688008    0.28799300    0.27836053    0.28155070    0.24480130
T8             0.30361049    0.40405117    0.41219105    0.40835040    0.42671495    0.41219105    0.31349668    0.31938440    0.29533804    0.28605923    0.27067383    0.26758279    0.23415517    0.00000000    0.29737393    0.28236050    0.28236050    0.29211902    0.28359872    0.30147019    0.31349668    0.31349668    0.31683616    0.29873254
T0             0.17472232    0.28820390    0.30644506    0.30311644    0.32588970    0.30644506    0.22751650    0.22393440    0.18103439    0.17315334    0.18155921    0.18430967    0.20366026    0.29737393    0.00000000    0.04554438    0.04554438    0.05646498    0.18625564    0.20527738    0.22457112    0.21873211    0.21873211    0.17070676
T14            0.16250401    0.26117165    0.26891079    0.26580030    0.28718581    0.26891079    0.19738042    0.19402720    0.15549388    0.14790193    0.16125483    0.16392436    0.20498476    0.28236050    0.04554438    0.00000000    0.00401615    0.02459743    0.16583892    0.17882385    0.20020088    0.19178698    0.19178698    0.15071751
T21            0.16250401    0.26117165    0.26270911    0.25963698    0.28718581    0.26891079    0.19738042    0.19402720    0.15549388    0.14790193    0.16125483    0.16392436    0.21069015    0.28236050    0.04554438    0.00401615    0.00000000    0.02459743    0.16583892    0.18155921    0.20303739    0.19457585    0.19457585    0.15071751
T6             0.16514507    0.26421544    0.28476144    0.28155070    0.30355705    0.28476144    0.20303739    0.20527738    0.17146926    0.16366679    0.16660827    0.16930672    0.21069015    0.29211902    0.05646498    0.02459743    0.02459743    0.00000000    0.16851554    0.18430967    0.20589015    0.19738042    0.19738042    0.15333102
T5             0.14142788    0.27067383    0.28116235    0.27798239    0.30644506    0.28116235    0.18326476    0.19429704    0.19206689    0.18403531    0.16757874    0.17024095    0.24373222    0.28359872    0.18625564    0.16583892    0.16583892    0.16851554    0.00000000    0.08772532    0.10147721    0.09910621    0.09910621    0.13262072
T10            0.14872061    0.28503433    0.29572227    0.29248038    0.32151047    0.30227003    0.19934399    0.20725548    0.22230078    0.21388496    0.19151598    0.19429704    0.26688008    0.30147019    0.20527738    0.17882385    0.18155921    0.18430967    0.08772532    0.00000000    0.03289594    0.02656559    0.02656559    0.15527398
T18            0.16626851    0.30001108    0.31097423    0.30765691    0.33042259    0.31767591    0.23013869    0.23840159    0.23311039    0.22457112    0.21039038    0.21325945    0.28799300    0.31349668    0.22457112    0.20020088    0.20303739    0.20589015    0.10147721    0.03289594    0.00000000    0.01007289    0.01821982    0.17585162
T9             0.15851032    0.29041082    0.30108780    0.29783545    0.32699108    0.30765691    0.22132850    0.22948648    0.23311039    0.22457112    0.20188102    0.20470135    0.27836053    0.31349668    0.21873211    0.19178698    0.19457585    0.19738042    0.09910621    0.02656559    0.01007289    0.00000000    0.01210962    0.16780022
T3             0.15595088    0.29679039    0.30765691    0.30436152    0.33387789    0.31431380    0.21678753    0.23311039    0.23082979    0.22230078    0.19962053    0.20244093    0.28155070    0.31683616    0.21873211    0.19178698    0.19457585    0.19738042    0.09910621    0.02656559    0.01821982    0.01210962    0.00000000    0.16780022
T12            0.12965579    0.27971979    0.29124567    0.28799300    0.31705282    0.29124567    0.17807212    0.19125391    0.19235569    0.18430967    0.17365079    0.17636383    0.24480130    0.29873254    0.17070676    0.15071751    0.15071751    0.15333102    0.13262072    0.15527398    0.17585162    0.16780022    0.16780022    0.00000000

