24
T9             0.00000000    0.25356902    0.21071058    0.21894452    0.25025981    0.22465027    0.22982661    0.23245956    0.24445691    0.23712743    0.20499986    0.20755298    0.21585467    0.19883139    0.20162849    0.21906539    0.22597075    0.27693803    0.25326329    0.22045830    0.22335283    0.21814581    0.21758050    0.19208091
T22            0.25356902    0.00000000    0.17104357    0.17351695    0.21705361    0.17681342    0.29329102    0.27764041    0.29289383    0.30618683    0.28682619    0.28966150    0.29250806    0.29250806    0.29575088    0.31709007    0.31709007    0.35978380    0.33188019    0.29901496    0.29655520    0.28761232    0.29004811    0.27320664
T16            0.21071058    0.17104357    0.00000000    0.03069934    0.11093555    0.13149993    0.26893465    0.27170683    0.27484753    0.24970691    0.22804328    0.23068338    0.23388304    0.24515165    0.24515165    0.25453594    0.26858582    0.33214781    0.27281544    0.25795218    0.25795218    0.24108262    0.24341631    0.23510226
T13            0.21894452    0.17351695    0.03069934    0.00000000    0.11564474    0.13385400    0.27800818    0.28400206    0.27764041    0.25844253    0.23654024    0.23920745    0.24784668    0.24784668    0.24784668    0.26342233    0.27764041    0.33515811    0.28197810    0.26068203    0.26068203    0.24982455    0.25216906    0.24375309
T11            0.25025981    0.21705361    0.11093555    0.11564474    0.00000000    0.17206936    0.26824782    0.30314846    0.30647813    0.27974399    0.26653372    0.26929427    0.26273137    0.27838695    0.27838695    0.29499356    0.29329102    0.33903650    0.30358983    0.28887555    0.28562181    0.26808252    0.27043769    0.26415580
T0             0.22465027    0.17681342    0.13149993    0.13385400    0.17206936    0.00000000    0.28118901    0.29369962    0.30027121    0.26515592    0.25085463    0.25356902    0.26240189    0.25692560    0.25692560    0.27281544    0.28400206    0.33860236    0.29655520    0.26858582    0.27484753    0.26690495    0.26929427    0.25523270
T3             0.22982661    0.29329102    0.26893465    0.27800818    0.26824782    0.28118901    0.00000000    0.11536981    0.11536981    0.18552669    0.16827928    0.17071749    0.17857640    0.19237016    0.19237016    0.18768045    0.19935794    0.24846480    0.23158134    0.20021618    0.20021618    0.17586293    0.18626816    0.16878227
T20            0.23245956    0.27764041    0.27170683    0.28400206    0.30314846    0.29369962    0.11536981    0.00000000    0.03277564    0.20088409    0.16758832    0.17003055    0.17784959    0.18327639    0.18327639    0.18404813    0.20471600    0.25055200    0.22231973    0.19710797    0.18280596    0.18327639    0.18601213    0.16318669
T4             0.24445691    0.29289383    0.27484753    0.27764041    0.30647813    0.30027121    0.11536981    0.03277564    0.00000000    0.20647812    0.17561937    0.17808315    0.18601213    0.19710797    0.19431074    0.19017001    0.20471600    0.25055200    0.23121100    0.20275003    0.18826237    0.18601213    0.19101316    0.17121812
T15            0.23712743    0.30618683    0.24970691    0.25844253    0.27974399    0.26515592    0.18552669    0.20088409    0.20647812    0.00000000    0.04977589    0.05190129    0.05841115    0.08725065    0.08725065    0.12966090    0.15949245    0.20577051    0.17248132    0.14394800    0.15156904    0.13670025    0.13893136    0.12023965
T6             0.20499986    0.28682619    0.22804328    0.23654024    0.26653372    0.25085463    0.16827928    0.16758832    0.17561937    0.04977589    0.00000000    0.00200301    0.01620846    0.05860218    0.05860218    0.10174572    0.14020987    0.19304987    0.14812623    0.11550344    0.12038528    0.11335868    0.11550344    0.09503310
T21            0.20755298    0.28966150    0.23068338    0.23920745    0.26929427    0.25356902    0.17071749    0.17003055    0.17808315    0.05190129    0.00200301    0.00000000    0.01824845    0.06074493    0.06074493    0.10399782    0.14256881    0.19557561    0.15050365    0.11779877    0.12269255    0.11564474    0.11779877    0.09726341
T17            0.21585467    0.29250806    0.23388304    0.24784668    0.26273137    0.26240189    0.17857640    0.17784959    0.18601213    0.05841115    0.01620846    0.01824845    0.00000000    0.06736059    0.06736059    0.11108015    0.15528279    0.19535223    0.15813069    0.12500754    0.12996216    0.12284427    0.12500754    0.10428917
T19            0.19883139    0.29250806    0.24515165    0.24784668    0.27838695    0.25692560    0.19237016    0.18327639    0.19710797    0.08725065    0.05860218    0.06074493    0.06736059    0.00000000    0.00401616    0.12583561    0.15790351    0.20417604    0.16342799    0.13748777    0.14002181    0.13029496    0.13245808    0.10912390
T5             0.20162849    0.29575088    0.24515165    0.24784668    0.27838695    0.25692560    0.19237016    0.18327639    0.19431074    0.08725065    0.05860218    0.06074493    0.06736059    0.00401616    0.00000000    0.12334579    0.15790351    0.20983378    0.16342799    0.13748777    0.14002181    0.13029496    0.13245808    0.11155899
T7             0.21906539    0.31709007    0.25453594    0.26342233    0.29499356    0.27281544    0.18768045    0.18404813    0.19017001    0.12966090    0.10174572    0.10399782    0.11108015    0.12583561    0.12334579    0.00000000    0.16393558    0.20727027    0.15886173    0.13551574    0.13805633    0.13085291    0.13298805    0.10965175
T8             0.22597075    0.31709007    0.26858582    0.27764041    0.29329102    0.28400206    0.19935794    0.20471600    0.20471600    0.15949245    0.14020987    0.14256881    0.15528279    0.15790351    0.15790351    0.16393558    0.00000000    0.15448461    0.18432291    0.16537776    0.16537776    0.15267580    0.15486710    0.13085291
T1             0.27693803    0.35978380    0.33214781    0.33515811    0.33903650    0.33860236    0.24846480    0.25055200    0.25055200    0.20577051    0.19304987    0.19557561    0.19535223    0.20417604    0.20983378    0.20727027    0.15448461    0.00000000    0.23775479    0.20880175    0.21162244    0.19260918    0.18988116    0.17762477
T14            0.25326329    0.33188019    0.27281544    0.28197810    0.30358983    0.29655520    0.23158134    0.22231973    0.23121100    0.17248132    0.14812623    0.15050365    0.15813069    0.16342799    0.16342799    0.15886173    0.18432291    0.23775479    0.00000000    0.11066902    0.11550344    0.11579367    0.11550344    0.09979851
T23            0.22045830    0.29901496    0.25795218    0.26068203    0.28887555    0.26858582    0.20021618    0.19710797    0.20275003    0.14394800    0.11550344    0.11779877    0.12500754    0.13748777    0.13748777    0.13551574    0.16537776    0.20880175    0.11066902    0.00000000    0.03497336    0.05860218    0.06067631    0.06512251
T12            0.22335283    0.29655520    0.25795218    0.26068203    0.28562181    0.27484753    0.20021618    0.18280596    0.18826237    0.15156904    0.12038528    0.12269255    0.12996216    0.14002181    0.14002181    0.13805633    0.16537776    0.21162244    0.11550344    0.03497336    0.00000000    0.06082036    0.06289445    0.06512251
T10            0.21814581    0.28761232    0.24108262    0.24982455    0.26808252    0.26690495    0.17586293    0.18327639    0.18601213    0.13670025    0.11335868    0.11564474    0.12284427    0.13029496    0.13029496    0.13085291    0.15267580    0.19260918    0.11579367    0.05860218    0.06082036    0.00000000    0.01006874    0.05639384
T2             0.21758050    0.29004811    0.24341631    0.25216906    0.27043769    0.26929427    0.18626816    0.18601213    0.19101316    0.13893136    0.11550344    0.11779877    0.12500754    0.13245808    0.13245808    0.13298805    0.15486710    0.18988116    0.11550344    0.06067631    0.06289445    0.01006874    0.00000000    0.05846801
T18            0.19208091    0.27320664    0.23510226    0.24375309    0.26415580    0.25523270    0.16878227    0.16318669    0.17121812    0.12023965    0.09503310    0.09726341    0.10428917    0.10912390    0.11155899    0.10965175    0.13085291    0.17762477    0.09979851    0.06512251    0.06512251    0.05639384    0.05846801    0.00000000

