24
T15            0.00000000    0.25868643    0.28185686    0.28408561    0.25212956    0.24841944    0.24242476    0.24005658    0.24541309    0.21962492    0.21677329    0.26888093    0.15155409    0.15687513    0.13655574    0.13185143    0.13949216    0.13419957    0.14439046    0.17782536    0.15637130    0.16414847    0.19349879    0.13244472
T2             0.25868643    0.00000000    0.11220308    0.29997921    0.26114819    0.26761967    0.23708601    0.22885144    0.23119743    0.20596858    0.21727873    0.25655804    0.27130643    0.28676509    0.26787139    0.25929173    0.25655804    0.25898376    0.24605137    0.29777426    0.25595010    0.27688462    0.31221348    0.24541309
T9             0.28185686    0.11220308    0.00000000    0.31393461    0.28693051    0.28639057    0.26268141    0.25415574    0.25352432    0.22223832    0.23916822    0.27343257    0.28784571    0.30432527    0.27872818    0.27688462    0.27969017    0.27591871    0.28075252    0.31221348    0.27591871    0.29422314    0.31093530    0.27130643
T11            0.28408561    0.29997921    0.31393461    0.00000000    0.09178264    0.26302010    0.23013722    0.22199345    0.22486144    0.21914186    0.21630649    0.24644665    0.30032533    0.29675970    0.29675970    0.28154882    0.29530349    0.29709536    0.29244604    0.32101763    0.30684874    0.31679675    0.36071540    0.29894848
T12            0.25212956    0.26114819    0.28693051    0.09178264    0.00000000    0.23708601    0.21962492    0.21159159    0.21111849    0.19765123    0.19490933    0.23329713    0.26203599    0.26172932    0.25868643    0.24722984    0.25655804    0.24695834    0.26372929    0.29537273    0.25898376    0.26510702    0.32239911    0.25754882
T7             0.24841944    0.26761967    0.28639057    0.26302010    0.23708601    0.00000000    0.14986641    0.14255233    0.14218865    0.12746674    0.12994952    0.17513505    0.27275655    0.28274417    0.26998735    0.27077846    0.26174321    0.26722878    0.26928886    0.30744540    0.27673545    0.28555419    0.29822596    0.25750991
T19            0.24242476    0.23708601    0.26268141    0.23013722    0.21962492    0.14986641    0.00000000    0.01007286    0.04776792    0.05626743    0.08309038    0.12762239    0.26960782    0.27952424    0.27314608    0.26448077    0.27119000    0.27037757    0.26295090    0.29832069    0.28232385    0.28317545    0.30063912    0.25359252
T23            0.24005658    0.22885144    0.25415574    0.22199345    0.21159159    0.14255233    0.01007286    0.00000000    0.04343802    0.04982524    0.07641004    0.12052697    0.26099025    0.27077846    0.26448077    0.25591611    0.26568684    0.26174321    0.25439047    0.28930869    0.27354637    0.27437914    0.28513438    0.24514759
T5             0.24541309    0.23119743    0.25352432    0.22486144    0.21111849    0.14218865    0.04776792    0.04343802    0.00000000    0.05626743    0.08309038    0.13011138    0.26647885    0.27632496    0.27314608    0.26761967    0.27119000    0.26722878    0.25669250    0.29395460    0.27592529    0.27673545    0.31068827    0.25051169
T20            0.21962492    0.20596858    0.22223832    0.21914186    0.19765123    0.12746674    0.05626743    0.04982524    0.05626743    0.00000000    0.05846573    0.11078933    0.24638578    0.25901604    0.24673033    0.24138182    0.24477208    0.24103550    0.23308442    0.27204495    0.25790001    0.25863365    0.29492070    0.22716055
T17            0.21677329    0.21727873    0.23916822    0.21630649    0.19490933    0.12994952    0.08309038    0.07641004    0.08309038    0.05846573    0.00000000    0.11563438    0.24272979    0.25518091    0.24304497    0.23771074    0.22915236    0.23739338    0.23011368    0.26885576    0.25790001    0.26409976    0.28513438    0.23011368
T18            0.26888093    0.25655804    0.27343257    0.24644665    0.23329713    0.17513505    0.12762239    0.12052697    0.13011138    0.11078933    0.11563438    0.00000000    0.28998485    0.30685375    0.29363234    0.28151615    0.29163720    0.27871529    0.28642692    0.31960805    0.29648742    0.30307593    0.31945363    0.27994505
T13            0.15155409    0.27130643    0.28784571    0.30032533    0.26203599    0.27275655    0.26960782    0.26099025    0.26647885    0.24638578    0.24272979    0.28998485    0.00000000    0.04124167    0.05413254    0.05206672    0.05213576    0.04982524    0.13512696    0.15766427    0.13933694    0.14693656    0.16715016    0.11807467
T10            0.15687513    0.28676509    0.30432527    0.29675970    0.26172932    0.28274417    0.27952424    0.27077846    0.27632496    0.25901604    0.25518091    0.30685375    0.04124167    0.00000000    0.06511939    0.06081730    0.06537490    0.06744053    0.14552061    0.16850119    0.14711120    0.15225602    0.17536040    0.12813609
T3             0.13655574    0.26787139    0.27872818    0.29675970    0.25868643    0.26998735    0.27314608    0.26448077    0.27314608    0.24673033    0.24304497    0.29363234    0.05413254    0.06511939    0.00000000    0.01617895    0.03705561    0.04770846    0.13278887    0.15526259    0.13447673    0.14201892    0.15687513    0.10372814
T4             0.13185143    0.25929173    0.27688462    0.28154882    0.24722984    0.27077846    0.26448077    0.25591611    0.26761967    0.24138182    0.23771074    0.28151615    0.05206672    0.06081730    0.01617895    0.00000000    0.03289533    0.04349463    0.12813609    0.15048374    0.12979553    0.13729999    0.15725302    0.09922476
T21            0.13949216    0.25655804    0.27969017    0.29530349    0.25655804    0.26174321    0.27119000    0.26568684    0.27119000    0.24477208    0.22915236    0.29163720    0.05213576    0.06537490    0.03705561    0.03289533    0.00000000    0.04355778    0.12832283    0.14552061    0.13244472    0.14000615    0.16270774    0.09935479
T6             0.13419957    0.25898376    0.27591871    0.29709536    0.24695834    0.26722878    0.27037757    0.26174321    0.26722878    0.24103550    0.23739338    0.27871529    0.04982524    0.06744053    0.04770846    0.04349463    0.04355778    0.00000000    0.12052697    0.14768403    0.12964943    0.13213217    0.15446748    0.10147277
T8             0.14439046    0.24605137    0.28075252    0.29244604    0.26372929    0.26928886    0.26295090    0.25439047    0.25669250    0.23308442    0.23011368    0.28642692    0.13512696    0.14552061    0.13278887    0.12813609    0.12832283    0.12052697    0.00000000    0.04783399    0.11839106    0.12085551    0.14986641    0.11645190
T22            0.17782536    0.29777426    0.31221348    0.32101763    0.29537273    0.30744540    0.29832069    0.28930869    0.29395460    0.27204495    0.26885576    0.31960805    0.15766427    0.16850119    0.15526259    0.15048374    0.14552061    0.14768403    0.04783399    0.00000000    0.15594541    0.15594541    0.18101905    0.13890502
T16            0.15637130    0.25595010    0.27591871    0.30684874    0.25898376    0.27673545    0.28232385    0.27354637    0.27592529    0.25790001    0.25790001    0.29648742    0.13933694    0.14711120    0.13447673    0.12979553    0.13244472    0.12964943    0.11839106    0.15594541    0.00000000    0.02440576    0.17782536    0.12299139
T1             0.16414847    0.27688462    0.29422314    0.31679675    0.26510702    0.28555419    0.28317545    0.27437914    0.27673545    0.25863365    0.26409976    0.30307593    0.14693656    0.15225602    0.14201892    0.13729999    0.14000615    0.13213217    0.12085551    0.15594541    0.02440576    0.00000000    0.17782536    0.12795709
T14            0.19349879    0.31221348    0.31093530    0.36071540    0.32239911    0.29822596    0.30063912    0.28513438    0.31068827    0.29492070    0.28513438    0.31945363    0.16715016    0.17536040    0.15687513    0.15725302    0.16270774    0.15446748    0.14986641    0.18101905    0.17782536    0.17782536    0.00000000    0.15026982
T0             0.13244472    0.24541309    0.27130643    0.29894848    0.25754882    0.25750991    0.25359252    0.24514759    0.25051169    0.22716055    0.23011368    0.27994505    0.11807467    0.12813609    0.10372814    0.09922476    0.09935479    0.10147277    0.11645190    0.13890502    0.12299139    0.12795709    0.15026982    0.00000000

