24
T13            0.00000000    0.37605063    0.21811274    0.25826730    0.37062651    0.38066327    0.34995273    0.35969647    0.25051764    0.24745550    0.30539760    0.29869744    0.26373494    0.22716520    0.25902222    0.23573002    0.23179127    0.21782627    0.17583990    0.17830220    0.19098807    0.15929285    0.19050969    0.18235041
T4             0.37605063    0.00000000    0.24605614    0.27201543    0.45163759    0.44892456    0.42416768    0.44742522    0.35856280    0.34759127    0.40121406    0.38942119    0.35619016    0.35369211    0.37357758    0.35305535    0.31701419    0.33198437    0.36474586    0.37161033    0.38808564    0.34234672    0.39710247    0.39710247
T3             0.21811274    0.24605614    0.00000000    0.08053202    0.29283639    0.29608789    0.28152251    0.28715717    0.17559712    0.17830220    0.22422925    0.22422925    0.21582088    0.17389984    0.18650668    0.16558865    0.15446922    0.15745659    0.20556252    0.20811329    0.22716520    0.18574112    0.23242076    0.22653159
T6             0.25826730    0.27201543    0.08053202    0.00000000    0.34131631    0.34842156    0.32585016    0.33529159    0.21676870    0.21386683    0.26023226    0.25090221    0.24138708    0.19576378    0.21162661    0.18429590    0.18624266    0.19177288    0.24061266    0.23945217    0.25630536    0.22455185    0.27355305    0.26723494
T20            0.37062651    0.45163759    0.29283639    0.34131631    0.00000000    0.00602416    0.05009569    0.05876052    0.30732441    0.31069701    0.34537780    0.34895592    0.33180113    0.28838239    0.30064690    0.27912096    0.28514130    0.27872166    0.36537316    0.36848513    0.37474887    0.35984703    0.42171741    0.40959054
T1             0.38066327    0.44892456    0.29608789    0.34842156    0.00602416    0.00000000    0.05229411    0.06098839    0.31069701    0.31409259    0.34895592    0.35255992    0.33529159    0.29164470    0.30397447    0.28233078    0.28838239    0.28192115    0.37539210    0.37854500    0.38489165    0.36976402    0.43256865    0.42024216
T12            0.34995273    0.42416768    0.28152251    0.32585016    0.05009569    0.05229411    0.00000000    0.02871037    0.29492849    0.29164470    0.33580064    0.33229787    0.31559368    0.26999349    0.28192115    0.26099591    0.26373494    0.26063489    0.32685633    0.32982557    0.34288089    0.33229787    0.39129356    0.37981789
T14            0.35969647    0.44742522    0.28715717    0.33529159    0.05876052    0.06098839    0.02871037    0.00000000    0.29405767    0.29079543    0.33131677    0.33479501    0.32147404    0.27238365    0.28433432    0.26337479    0.26924462    0.26612523    0.35795013    0.35735046    0.36353094    0.34537780    0.40561295    0.39775173
T18            0.25051764    0.35856280    0.17559712    0.21676870    0.30732441    0.31069701    0.29492849    0.29405767    0.00000000    0.01420037    0.08089187    0.07403997    0.15245417    0.10398988    0.13784445    0.11839244    0.11092693    0.10372898    0.24851752    0.24186130    0.26198981    0.23573643    0.28831335    0.28174521
T7             0.24745550    0.34759127    0.17830220    0.21386683    0.31069701    0.31409259    0.29164470    0.29079543    0.01420037    0.00000000    0.07859742    0.07177678    0.14986831    0.10160206    0.13531107    0.11594003    0.10851605    0.10135258    0.25165712    0.24495220    0.25882043    0.23270198    0.28501846    0.27849331
T9             0.30539760    0.40121406    0.22422925    0.26023226    0.34537780    0.34895592    0.33580064    0.33131677    0.08089187    0.07859742    0.00000000    0.02444424    0.20214136    0.15526484    0.19205232    0.17094090    0.14711286    0.14967874    0.29036710    0.28320337    0.29446087    0.27249613    0.33255456    0.32549880
T0             0.29869744    0.38942119    0.22422925    0.25090221    0.34895592    0.35255992    0.33229787    0.33479501    0.07403997    0.07177678    0.02444424    0.00000000    0.18823830    0.14492094    0.18102205    0.16029325    0.13949353    0.14202039    0.28041594    0.27665659    0.29113302    0.26611706    0.31854154    0.31168004
T21            0.26373494    0.35619016    0.21582088    0.24138708    0.33180113    0.33529159    0.31559368    0.32147404    0.15245417    0.14986831    0.20214136    0.18823830    0.00000000    0.11307208    0.14473647    0.12268255    0.11282506    0.10113278    0.29213832    0.28600150    0.30745585    0.26569381    0.30779860    0.30109858
T23            0.22716520    0.35369211    0.17389984    0.19576378    0.28838239    0.29164470    0.26999349    0.27238365    0.10398988    0.10160206    0.15526484    0.14492094    0.11307208    0.00000000    0.04355801    0.02454942    0.06304549    0.06735753    0.24539758    0.23878946    0.25882043    0.22074562    0.26974029    0.26338149
T19            0.25902222    0.37357758    0.18650668    0.21162661    0.30064690    0.30397447    0.28192115    0.28433432    0.13784445    0.13531107    0.19205232    0.18102205    0.14473647    0.04355801    0.00000000    0.02447300    0.09005449    0.10160206    0.26887539    0.26198981    0.27943322    0.24326892    0.28735209    0.28082707
T15            0.23573002    0.35305535    0.16558865    0.18429590    0.27912096    0.28233078    0.26099591    0.26337479    0.11839244    0.11594003    0.17094090    0.16029325    0.12268255    0.02454942    0.02447300    0.00000000    0.07195718    0.08089187    0.25119209    0.24451663    0.26471449    0.22630817    0.27571655    0.26929639
T8             0.23179127    0.31701419    0.15446922    0.18624266    0.28514130    0.28838239    0.26373494    0.26924462    0.11092693    0.10851605    0.14711286    0.13949353    0.11282506    0.06304549    0.09005449    0.07195718    0.00000000    0.06498360    0.23532926    0.22891783    0.24861097    0.21644336    0.27119696    0.26487872
T11            0.21782627    0.33198437    0.15745659    0.19177288    0.27872166    0.28192115    0.26063489    0.26612523    0.10372898    0.10135258    0.14967874    0.14202039    0.10113278    0.06735753    0.10160206    0.08089187    0.06498360    0.00000000    0.23230405    0.22593786    0.24861097    0.20619254    0.26886300    0.26254464
T22            0.17583990    0.36474586    0.20556252    0.24061266    0.36537316    0.37539210    0.32685633    0.35795013    0.24851752    0.25165712    0.29036710    0.28041594    0.29213832    0.24539758    0.26887539    0.25119209    0.23532926    0.23230405    0.00000000    0.01824825    0.05867676    0.06061244    0.10838525    0.10123896
T2             0.17830220    0.37161033    0.20811329    0.23945217    0.36848513    0.37854500    0.32982557    0.35735046    0.24186130    0.24495220    0.28320337    0.27665659    0.28600150    0.23878946    0.26198981    0.24451663    0.22891783    0.22593786    0.01824825    0.00000000    0.05859973    0.06276574    0.11549464    0.10826198
T5             0.19098807    0.38808564    0.22716520    0.25630536    0.37474887    0.38489165    0.34288089    0.36353094    0.26198981    0.25882043    0.29446087    0.29113302    0.30745585    0.25882043    0.27943322    0.26471449    0.24861097    0.24861097    0.05867676    0.05859973    0.00000000    0.08732729    0.13462864    0.12965056
T16            0.15929285    0.34234672    0.18574112    0.22455185    0.35984703    0.36976402    0.33229787    0.34537780    0.23573643    0.23270198    0.27249613    0.26611706    0.26569381    0.22074562    0.24326892    0.22630817    0.21644336    0.20619254    0.06061244    0.06276574    0.08732729    0.00000000    0.09626818    0.08933734
T10            0.19050969    0.39710247    0.23242076    0.27355305    0.42171741    0.43256865    0.39129356    0.40561295    0.28831335    0.28501846    0.33255456    0.31854154    0.30779860    0.26974029    0.28735209    0.27571655    0.27119696    0.26886300    0.10838525    0.11549464    0.13462864    0.09626818    0.00000000    0.01827029
T17            0.18235041    0.39710247    0.22653159    0.26723494    0.40959054    0.42024216    0.37981789    0.39775173    0.28174521    0.27849331    0.32549880    0.31168004    0.30109858    0.26338149    0.28082707    0.26929639    0.26487872    0.26254464    0.10123896    0.10826198    0.12965056    0.08933734    0.01827029    0.00000000

