24
T15            0.00000000    0.28291520    0.30405588    0.32003869    0.32003869    0.31061467    0.31022248    0.29576278    0.31772330    0.29045767    0.28198915    0.27522654    0.30605021    0.33093546    0.33693879    0.33346995    0.28082179    0.27005593    0.27207558    0.25019887    0.27765084    0.27171680    0.26618279    0.31608914
T19            0.28291520    0.00000000    0.10827078    0.11283415    0.11501673    0.12427444    0.12904933    0.10548662    0.11953115    0.08711160    0.08034104    0.07140643    0.09620100    0.16399763    0.17382357    0.17948712    0.12417976    0.24971510    0.26396001    0.23626910    0.26761390    0.26178415    0.26793023    0.32923789
T23            0.30405588    0.10827078    0.00000000    0.05433725    0.11156083    0.10639918    0.12087042    0.09266864    0.10654704    0.09253322    0.09031405    0.08576395    0.10896445    0.17808743    0.18803014    0.17494469    0.14713005    0.27560624    0.28082179    0.26181008    0.26343178    0.25760852    0.26930416    0.35126738
T11            0.32003869    0.11283415    0.05433725    0.00000000    0.10220002    0.09899495    0.11321740    0.08540748    0.09911073    0.08994611    0.09240501    0.08784623    0.10625878    0.17538858    0.18258840    0.16961927    0.14713005    0.29086705    0.29615930    0.27044793    0.29456310    0.28845498    0.30072576    0.36917292
T21            0.32003869    0.11501673    0.11156083    0.10220002    0.00000000    0.10136058    0.10839446    0.08309667    0.09911073    0.10866446    0.10161089    0.09699310    0.12054057    0.19404561    0.19858707    0.19077348    0.15448771    0.30405588    0.30939135    0.28651007    0.30360276    0.30405588    0.31418204    0.37548838
T1             0.31061467    0.12427444    0.10639918    0.09899495    0.10136058    0.00000000    0.02859823    0.02862953    0.06282821    0.11537150    0.11067058    0.10600041    0.12980974    0.19031147    0.20043950    0.18717250    0.16679022    0.30479753    0.31022248    0.28401307    0.30112855    0.29500437    0.29824739    0.37359482
T9             0.31022248    0.12904933    0.12087042    0.11321740    0.10839446    0.02859823    0.00000000    0.03280959    0.06512305    0.11524552    0.11054868    0.10588250    0.12719186    0.19009408    0.20577599    0.19789372    0.15913639    0.30440353    0.30984232    0.28683739    0.31061467    0.30440353    0.30770020    0.36599601
T16            0.29576278    0.10548662    0.09266864    0.08540748    0.08309667    0.02862953    0.03280959    0.00000000    0.04124302    0.09206390    0.08751635    0.08299750    0.10839446    0.16961927    0.17416196    0.16661132    0.14171954    0.27729403    0.28257173    0.26033945    0.28646112    0.28045486    0.29005961    0.34962388
T2             0.31772330    0.11953115    0.10654704    0.09911073    0.09911073    0.06282821    0.06512305    0.04124302    0.00000000    0.11067058    0.10600041    0.10136058    0.12748079    0.19883665    0.20344125    0.19558060    0.15913639    0.29214526    0.30402135    0.27485778    0.29178235    0.28574249    0.29863147    0.36683420
T4             0.29045767    0.08711160    0.09253322    0.08994611    0.10866446    0.11537150    0.11524552    0.09206390    0.11067058    0.00000000    0.02238986    0.01827060    0.05419563    0.17248524    0.17968395    0.17741282    0.13186464    0.27522654    0.28045486    0.24983322    0.28119983    0.27522654    0.27839758    0.33701024
T6             0.28198915    0.08034104    0.09031405    0.09240501    0.10161089    0.11067058    0.11054868    0.08751635    0.10600041    0.02238986    0.00000000    0.01212529    0.04771048    0.15949575    0.16661132    0.16435023    0.12460638    0.26691477    0.27207558    0.24410824    0.27599686    0.27005593    0.27960013    0.32460580
T0             0.27522654    0.07140643    0.08576395    0.08784623    0.09699310    0.10600041    0.10588250    0.08299750    0.10136058    0.01827060    0.01212529    0.00000000    0.04343976    0.15448771    0.16679022    0.16453942    0.11501673    0.25726622    0.26241108    0.22889773    0.26618279    0.26033945    0.26967467    0.31760735
T5             0.30605021    0.09620100    0.10896445    0.10625878    0.12054057    0.12980974    0.12719186    0.10839446    0.12748079    0.05419563    0.04771048    0.04343976    0.00000000    0.18553125    0.19282978    0.19053794    0.13408593    0.27839758    0.29005961    0.25217777    0.29413164    0.28803375    0.29456310    0.33968151
T7             0.33093546    0.16399763    0.17808743    0.17538858    0.19404561    0.19031147    0.19009408    0.16961927    0.19883665    0.17248524    0.15949575    0.15448771    0.18553125    0.00000000    0.04120402    0.04343976    0.11295425    0.33890721    0.34091746    0.31369454    0.33140936    0.32156023    0.32842664    0.38457327
T12            0.33693879    0.17382357    0.18803014    0.18258840    0.19858707    0.20043950    0.20577599    0.17416196    0.20344125    0.17968395    0.16661132    0.16679022    0.19282978    0.04120402    0.00000000    0.01823266    0.11054868    0.35721514    0.35930528    0.33839615    0.34346469    0.33346995    0.33693879    0.41280129
T13            0.33346995    0.17948712    0.17494469    0.16961927    0.19077348    0.18717250    0.19789372    0.16661132    0.19558060    0.17741282    0.16435023    0.16453942    0.19053794    0.04343976    0.01823266    0.00000000    0.11537150    0.35465516    0.35670493    0.33590025    0.33647835    0.32660398    0.33002512    0.41280129
T22            0.28082179    0.12417976    0.14713005    0.14713005    0.15448771    0.16679022    0.15913639    0.14171954    0.15913639    0.13186464    0.12460638    0.11501673    0.13408593    0.11295425    0.11054868    0.11537150    0.00000000    0.28893358    0.29109110    0.26549370    0.30479753    0.29863147    0.30852208    0.34310212
T20            0.27005593    0.24971510    0.27560624    0.29086705    0.30405588    0.30479753    0.30440353    0.27729403    0.29214526    0.27522654    0.26691477    0.25726622    0.27839758    0.33890721    0.35721514    0.35465516    0.28893358    0.00000000    0.01414131    0.08299750    0.20785097    0.20246158    0.20878283    0.32617935
T17            0.27207558    0.26396001    0.28082179    0.29615930    0.30939135    0.31022248    0.30984232    0.28257173    0.30402135    0.28045486    0.27207558    0.26241108    0.29005961    0.34091746    0.35930528    0.35670493    0.29109110    0.01414131    0.00000000    0.08964328    0.20983970    0.20444700    0.21359088    0.32835493
T18            0.25019887    0.23626910    0.26181008    0.27044793    0.28651007    0.28401307    0.28683739    0.26033945    0.27485778    0.24983322    0.24410824    0.22889773    0.25217777    0.31369454    0.33839615    0.33590025    0.26549370    0.08299750    0.08964328    0.00000000    0.19237549    0.18709425    0.19897189    0.29500437
T8             0.27765084    0.26761390    0.26343178    0.29456310    0.30360276    0.30112855    0.31061467    0.28646112    0.29178235    0.28119983    0.27599686    0.26618279    0.29413164    0.33140936    0.34346469    0.33647835    0.30479753    0.20785097    0.20983970    0.19237549    0.00000000    0.00602725    0.05632867    0.35362118
T3             0.27171680    0.26178415    0.25760852    0.28845498    0.30405588    0.29500437    0.30440353    0.28045486    0.28574249    0.27522654    0.27005593    0.26033945    0.28803375    0.32156023    0.33346995    0.32660398    0.29863147    0.20246158    0.20444700    0.18709425    0.00602725    0.00000000    0.04982731    0.34699498
T14            0.26618279    0.26793023    0.26930416    0.30072576    0.31418204    0.29824739    0.30770020    0.29005961    0.29863147    0.27839758    0.27960013    0.26967467    0.29456310    0.32842664    0.33693879    0.33002512    0.30852208    0.20878283    0.21359088    0.19897189    0.05632867    0.04982731    0.00000000    0.36248559
T10            0.31608914    0.32923789    0.35126738    0.36917292    0.37548838    0.37359482    0.36599601    0.34962388    0.36683420    0.33701024    0.32460580    0.31760735    0.33968151    0.38457327    0.41280129    0.41280129    0.34310212    0.32617935    0.32835493    0.29500437    0.35362118    0.34699498    0.36248559    0.00000000

