24
T9             0.00000000    0.37220837    0.37941399    0.40548680    0.39152485    0.37665390    0.36944813    0.37853565    0.37220837    0.34914626    0.36944813    0.37621891    0.40729041    0.35571447    0.35845973    0.35261144    0.34032050    0.33637236    0.28356090    0.25624451    0.25655383    0.25050488    0.24104861    0.24993337
T20            0.37220837    0.00000000    0.04128699    0.10459832    0.11578203    0.06999990    0.07413107    0.12315715    0.16921455    0.15245087    0.13433300    0.13918860    0.18985541    0.15225470    0.15125158    0.14218750    0.32679959    0.32583698    0.31385357    0.28154316    0.28185130    0.28185130    0.27147452    0.27759711
T14            0.37941399    0.04128699    0.00000000    0.10702092    0.11334770    0.06547347    0.07413107    0.12315715    0.17185489    0.14986515    0.13682811    0.14170256    0.19217993    0.15484712    0.15380407    0.14473360    0.32347300    0.32915242    0.30067710    0.27532495    0.27561359    0.27561359    0.26844118    0.27452642
T19            0.40548680    0.10459832    0.10702092    0.00000000    0.07395436    0.08383112    0.08796193    0.16390816    0.21840192    0.19513861    0.17535865    0.18052840    0.21442418    0.19204666    0.18505091    0.18127471    0.35424296    0.35381495    0.34840385    0.31052667    0.31092901    0.31092901    0.30939138    0.32269938
T7             0.39152485    0.11578203    0.11334770    0.07395436    0.00000000    0.09005331    0.09195762    0.15986439    0.22537440    0.20186072    0.18755239    0.19279724    0.23649774    0.20440668    0.20019564    0.19073945    0.38029622    0.39276810    0.36229370    0.33768910    0.33809565    0.33809565    0.33316385    0.33316385
T8             0.37665390    0.06999990    0.06547347    0.08383112    0.09005331    0.00000000    0.04994693    0.13611649    0.18029709    0.15810731    0.14729278    0.15225470    0.21210001    0.16582370    0.16451508    0.15548069    0.32750496    0.33995295    0.33178525    0.28850762    0.29529782    0.29529782    0.28437490    0.29708921
T5             0.36944813    0.07413107    0.07413107    0.08796193    0.09195762    0.04994693    0.00000000    0.13569676    0.19073945    0.16825329    0.14438922    0.14676882    0.20876939    0.16270627    0.16154091    0.15245087    0.33691467    0.34952185    0.31385357    0.28783990    0.28816805    0.28816805    0.28068684    0.29007259
T13            0.37853565    0.12315715    0.12315715    0.16390816    0.15986439    0.13611649    0.13569676    0.00000000    0.17313772    0.15379953    0.15286783    0.15570831    0.19349660    0.15883566    0.15745310    0.14855989    0.32906711    0.33809565    0.32337429    0.28356090    0.28393639    0.28393639    0.27311521    0.27002533
T12            0.37220837    0.16921455    0.17185489    0.21840192    0.22537440    0.18029709    0.19073945    0.17313772    0.00000000    0.05200420    0.11523421    0.11778805    0.17224793    0.12795620    0.13172191    0.11307039    0.31490871    0.32451630    0.29568107    0.27224468    0.27872269    0.27872269    0.27759711    0.28124634
T22            0.34914626    0.15245087    0.14986515    0.19513861    0.20186072    0.15810731    0.16825329    0.15379953    0.05200420    0.00000000    0.09239619    0.09488343    0.14986515    0.09994730    0.10838369    0.09030484    0.28783990    0.29708921    0.28997958    0.25265142    0.25293049    0.25897933    0.25785378    0.26142870
T4             0.36944813    0.13433300    0.13682811    0.17535865    0.18755239    0.14729278    0.14438922    0.15286783    0.11523421    0.09239619    0.00000000    0.01413279    0.13185033    0.08319591    0.08710623    0.06721083    0.28352353    0.29525103    0.27654644    0.24915470    0.24940373    0.24940373    0.25141502    0.26086892
T18            0.37621891    0.13918860    0.14170256    0.18052840    0.19279724    0.15225470    0.14676882    0.15570831    0.11778805    0.09488343    0.01413279    0.00000000    0.13447564    0.08562998    0.08947187    0.06952318    0.29264835    0.30452102    0.27687960    0.24940373    0.24966330    0.24966330    0.25461120    0.26114342
T21            0.40729041    0.18985541    0.19217993    0.21442418    0.23649774    0.21210001    0.20876939    0.19349660    0.17224793    0.14986515    0.13185033    0.13447564    0.00000000    0.12485366    0.14117030    0.12471978    0.33619201    0.33923312    0.33165556    0.29870614    0.30221401    0.29581655    0.30744652    0.31786284
T17            0.35571447    0.15225470    0.15484712    0.19204666    0.20440668    0.16582370    0.16270627    0.15883566    0.12795620    0.09994730    0.08319591    0.08562998    0.12485366    0.00000000    0.08079036    0.05885037    0.29708921    0.28978054    0.28959460    0.25839516    0.25868191    0.25265142    0.25461120    0.25811911
T15            0.35845973    0.15125158    0.15380407    0.18505091    0.20019564    0.16451508    0.16154091    0.15745310    0.13172191    0.10838369    0.08710623    0.08947187    0.14117030    0.08079036    0.00000000    0.04969242    0.29581655    0.30078831    0.28816805    0.26035242    0.25461120    0.26060524    0.25080164    0.25712252
T3             0.35261144    0.14218750    0.14473360    0.18127471    0.19073945    0.15548069    0.15245087    0.14855989    0.11307039    0.09030484    0.06721083    0.06952318    0.12471978    0.05885037    0.04969242    0.00000000    0.28721801    0.29264835    0.27722380    0.25265142    0.24695416    0.25293049    0.24891623    0.25238290
T10            0.34032050    0.32679959    0.32347300    0.35424296    0.38029622    0.32750496    0.33691467    0.32906711    0.31490871    0.28783990    0.28352353    0.29264835    0.33619201    0.29708921    0.29581655    0.28721801    0.00000000    0.11952066    0.24304139    0.20040566    0.19786033    0.20062501    0.18965709    0.20062501
T16            0.33637236    0.32583698    0.32915242    0.35381495    0.39276810    0.33995295    0.34952185    0.33809565    0.32451630    0.29708921    0.29525103    0.30452102    0.33923312    0.28978054    0.30078831    0.29264835    0.11952066    0.00000000    0.24993337    0.21010041    0.20201328    0.21028412    0.19898935    0.21269860
T0             0.28356090    0.31385357    0.30067710    0.34840385    0.36229370    0.33178525    0.31385357    0.32337429    0.29568107    0.28997958    0.27654644    0.27687960    0.33165556    0.28959460    0.28816805    0.27722380    0.24304139    0.24993337    0.00000000    0.04572735    0.04580175    0.04580175    0.11053820    0.12514488
T1             0.25624451    0.28154316    0.27532495    0.31052667    0.33768910    0.28850762    0.28783990    0.28356090    0.27224468    0.25265142    0.24915470    0.24940373    0.29870614    0.25839516    0.26035242    0.25265142    0.20040566    0.21010041    0.04572735    0.00000000    0.01212511    0.01212511    0.08266763    0.09186619
T23            0.25655383    0.28185130    0.27561359    0.31092901    0.33809565    0.29529782    0.28816805    0.28393639    0.27872269    0.25293049    0.24940373    0.24966330    0.30221401    0.25868191    0.25461120    0.24695416    0.19786033    0.20201328    0.04580175    0.01212511    0.00000000    0.00806488    0.08273774    0.09195762
T2             0.25050488    0.28185130    0.27561359    0.31092901    0.33809565    0.29529782    0.28816805    0.28393639    0.27872269    0.25897933    0.24940373    0.24966330    0.29581655    0.25265142    0.26060524    0.25293049    0.20062501    0.21028412    0.04580175    0.01212511    0.00806488    0.00000000    0.08273774    0.09195762
T6             0.24104861    0.27147452    0.26844118    0.30939138    0.33316385    0.28437490    0.28068684    0.27311521    0.27759711    0.25785378    0.25141502    0.25461120    0.30744652    0.25461120    0.25080164    0.24891623    0.18965709    0.19898935    0.11053820    0.08266763    0.08273774    0.08273774    0.00000000    0.06289140
T11            0.24993337    0.27759711    0.27452642    0.32269938    0.33316385    0.29708921    0.29007259    0.27002533    0.28124634    0.26142870    0.26086892    0.26114342    0.31786284    0.25811911    0.25712252    0.25238290    0.20062501    0.21269860    0.12514488    0.09186619    0.09195762    0.09195762    0.06289140    0.00000000

