24
T17            0.00000000    0.27248487    0.26733747    0.22571869    0.24379446    0.22107390    0.35082763    0.24850416    0.26457134    0.22834780    0.24013700    0.23019993    0.22492322    0.24518832    0.18034465    0.19984984    0.19185613    0.18531885    0.16662317    0.17764506    0.18012045    0.17742822    0.16963316    0.17880052
T6             0.27248487    0.00000000    0.01414138    0.15269264    0.17912981    0.16854880    0.29361562    0.17722018    0.22922815    0.19860677    0.19406692    0.21847608    0.21619641    0.19885722    0.31183166    0.31191408    0.30900156    0.29091345    0.29176913    0.29836710    0.30123259    0.29791167    0.29176913    0.35368627
T4             0.26733747    0.01414138    0.00000000    0.15074470    0.16854880    0.15814999    0.29410530    0.17517838    0.22724075    0.19658738    0.19210913    0.21651455    0.21426595    0.19685742    0.29980183    0.30654343    0.30365471    0.28893663    0.28330472    0.28983802    0.29266991    0.28938175    0.28330472    0.35165352
T1             0.22571869    0.15269264    0.15074470    0.00000000    0.12024881    0.11067655    0.21761054    0.13422027    0.18218593    0.14395891    0.14204590    0.15158193    0.14935162    0.14663810    0.24045583    0.26487933    0.25360765    0.21943735    0.21994401    0.22863138    0.23126900    0.22834780    0.21423563    0.30043712
T21            0.24379446    0.17912981    0.16854880    0.12024881    0.00000000    0.02859859    0.17764506    0.13246971    0.17250057    0.12967084    0.13281632    0.14989936    0.14771817    0.13985483    0.25293449    0.27385179    0.26487933    0.25221256    0.23126900    0.24078474    0.23747325    0.23450845    0.22600354    0.31066077
T3             0.22107390    0.16854880    0.15814999    0.11067655    0.02859859    0.00000000    0.16455258    0.12734017    0.16963316    0.12217148    0.13013619    0.14970852    0.14495024    0.13716042    0.24112373    0.26181448    0.25301309    0.23747325    0.23156123    0.24112373    0.23779314    0.23481943    0.22629820    0.30774614
T0             0.35082763    0.29361562    0.29410530    0.21761054    0.17764506    0.16455258    0.00000000    0.25153199    0.27698417    0.24191888    0.24312851    0.25696702    0.25153199    0.25120729    0.34837115    0.37251363    0.36199616    0.33160112    0.33649107    0.33403401    0.33349610    0.32998799    0.33051340    0.40915897
T14            0.24850416    0.17722018    0.17517838    0.13422027    0.13246971    0.12734017    0.25153199    0.00000000    0.16157395    0.12694099    0.12255784    0.13716042    0.14003549    0.12981803    0.25696702    0.29079783    0.28164129    0.26244386    0.25029579    0.26003208    0.25058916    0.24758888    0.24489229    0.32581576
T5             0.26457134    0.22922815    0.22724075    0.18218593    0.17250057    0.16963316    0.27698417    0.16157395    0.00000000    0.07374791    0.06505327    0.09675549    0.08995055    0.08520907    0.28260782    0.30847949    0.29911143    0.28510412    0.27881995    0.28897266    0.29182155    0.28861872    0.27321076    0.33329728
T23            0.22834780    0.19860677    0.19658738    0.14395891    0.12967084    0.12217148    0.24191888    0.12694099    0.07374791    0.00000000    0.04128953    0.07187078    0.06528984    0.05853390    0.26244386    0.29399021    0.28478328    0.24676737    0.24974058    0.25937890    0.25603148    0.25301309    0.24433128    0.28731793
T13            0.24013700    0.19406692    0.19210913    0.14204590    0.13281632    0.13013619    0.24312851    0.12255784    0.06505327    0.04128953    0.00000000    0.06774068    0.06119358    0.05442027    0.25764356    0.28897266    0.27979044    0.25392073    0.24788359    0.25764356    0.25424432    0.25120729    0.24250324    0.30333227
T12            0.23019993    0.21847608    0.21651455    0.15158193    0.14989936    0.14970852    0.25696702    0.13716042    0.09675549    0.07187078    0.06774068    0.00000000    0.01007297    0.06538244    0.23843747    0.27513635    0.26622240    0.24381183    0.24087376    0.25029579    0.24406634    0.24111951    0.23843747    0.29304051
T2             0.22492322    0.21619641    0.21426595    0.14935162    0.14771817    0.14495024    0.25153199    0.14003549    0.08995055    0.06528984    0.06119358    0.01007297    0.00000000    0.05885734    0.23896315    0.27261421    0.26371276    0.23843747    0.23843747    0.24788359    0.24164211    0.23869518    0.23602488    0.29366191
T16            0.24518832    0.19885722    0.19685742    0.14663810    0.13985483    0.13716042    0.25120729    0.12981803    0.08520907    0.05853390    0.05442027    0.06538244    0.05885734    0.00000000    0.25970017    0.29755369    0.28827624    0.25301309    0.25906830    0.26898126    0.26552783    0.26244386    0.24758888    0.30951564
T22            0.18034465    0.31183166    0.29980183    0.24045583    0.25293449    0.24112373    0.34837115    0.25696702    0.28260782    0.26244386    0.25764356    0.23843747    0.23896315    0.25970017    0.00000000    0.08320706    0.07870909    0.11612490    0.11612490    0.12393011    0.11384345    0.11140182    0.10670997    0.26863105
T19            0.19984984    0.31191408    0.30654343    0.26487933    0.27385179    0.26181448    0.37251363    0.29079783    0.30847949    0.29399021    0.28897266    0.27513635    0.27261421    0.29755369    0.08320706    0.00000000    0.01824865    0.13422027    0.13921306    0.14714117    0.13685231    0.13936132    0.12706611    0.28447392
T15            0.19185613    0.30900156    0.30365471    0.25360765    0.26487933    0.25301309    0.36199616    0.28164129    0.29911143    0.28478328    0.27979044    0.26622240    0.26371276    0.28827624    0.07870909    0.01824865    0.00000000    0.12694099    0.13187195    0.13968223    0.13449959    0.13200939    0.11985707    0.27541624
T10            0.18531885    0.29091345    0.28893663    0.21943735    0.25221256    0.23747325    0.33160112    0.26244386    0.28510412    0.24676737    0.25392073    0.24381183    0.23843747    0.25301309    0.11612490    0.13422027    0.12694099    0.00000000    0.08797566    0.09534527    0.09518939    0.09281753    0.07893619    0.26427423
T18            0.16662317    0.29176913    0.28330472    0.21994401    0.23126900    0.23156123    0.33649107    0.25029579    0.27881995    0.24974058    0.24788359    0.24087376    0.23843747    0.25906830    0.11612490    0.13921306    0.13187195    0.08797566    0.00000000    0.02242101    0.03919514    0.03705768    0.03285053    0.24627219
T7             0.17764506    0.29836710    0.28983802    0.22863138    0.24078474    0.24112373    0.33403401    0.26003208    0.28897266    0.25937890    0.25764356    0.25029579    0.24788359    0.26898126    0.12393011    0.14714117    0.13968223    0.09534527    0.02242101    0.00000000    0.04580634    0.04363143    0.03937709    0.24974058
T8             0.18012045    0.30123259    0.29266991    0.23126900    0.23747325    0.23779314    0.33349610    0.25058916    0.29182155    0.25603148    0.25424432    0.24406634    0.24164211    0.26552783    0.11384345    0.13685231    0.13449959    0.09518939    0.03919514    0.04580634    0.00000000    0.00200403    0.03514779    0.25847924
T20            0.17742822    0.29791167    0.28938175    0.22834780    0.23450845    0.23481943    0.32998799    0.24758888    0.28861872    0.25301309    0.25120729    0.24111951    0.23869518    0.26244386    0.11140182    0.13936132    0.13200939    0.09281753    0.03705768    0.04363143    0.00200403    0.00000000    0.03301023    0.25546096
T9             0.16963316    0.29176913    0.28330472    0.21423563    0.22600354    0.22629820    0.33051340    0.24489229    0.27321076    0.24433128    0.24250324    0.23843747    0.23602488    0.24758888    0.10670997    0.12706611    0.11985707    0.07893619    0.03285053    0.03937709    0.03514779    0.03301023    0.00000000    0.23795295
T11            0.17880052    0.35368627    0.35165352    0.30043712    0.31066077    0.30774614    0.40915897    0.32581576    0.33329728    0.28731793    0.30333227    0.29304051    0.29366191    0.30951564    0.26863105    0.28447392    0.27541624    0.26427423    0.24627219    0.24974058    0.25847924    0.25546096    0.23795295    0.00000000

