24
T5             0.00000000    0.39111064    0.37274051    0.31503987    0.32821882    0.35856782    0.32082987    0.33372814    0.34524424    0.32326859    0.32032408    0.33021723    0.33719937    0.32387814    0.33168101    0.31106728    0.29768134    0.31058479    0.28787216    0.30528348    0.31397652    0.31887816    0.32187706    0.32429213
T13            0.39111064    0.00000000    0.02028048    0.26440770    0.28072963    0.28746645    0.26715528    0.27195935    0.28505114    0.26794313    0.26602760    0.27750219    0.27546165    0.26330274    0.26715528    0.26372384    0.25121730    0.26645862    0.26144118    0.25288675    0.28030433    0.27516609    0.28690877    0.27907193
T10            0.37274051    0.02028048    0.00000000    0.24935693    0.26519677    0.27825192    0.25205603    0.25661852    0.27268217    0.25276819    0.25082503    0.26206051    0.26021500    0.24836248    0.25205603    0.24853179    0.23636786    0.24585623    0.24625945    0.23788857    0.26461739    0.25973523    0.27103104    0.26976563
T19            0.31503987    0.26440770    0.24935693    0.00000000    0.04977237    0.16430520    0.14965564    0.16313383    0.15984090    0.14709095    0.14253135    0.15523683    0.16956971    0.15667804    0.15964199    0.18570457    0.18026817    0.19094966    0.17264821    0.17310783    0.19984366    0.19047426    0.20266950    0.20266950
T7             0.32821882    0.28072963    0.26519677    0.04977237    0.00000000    0.17243126    0.15242869    0.17141843    0.17287374    0.16026373    0.15568160    0.16872220    0.17510579    0.16206306    0.17042611    0.19146083    0.18869753    0.19956021    0.18646556    0.18150527    0.20296999    0.20182251    0.21156933    0.21156933
T4             0.35856782    0.28746645    0.27825192    0.16430520    0.17243126    0.00000000    0.12435577    0.13226841    0.15685344    0.12435577    0.11982909    0.14453936    0.14154285    0.12924659    0.13171008    0.21835634    0.21381120    0.22156803    0.21671084    0.20806192    0.23938118    0.23500321    0.23938118    0.23337261
T23            0.32082987    0.26715528    0.25205603    0.14965564    0.15242869    0.12435577    0.00000000    0.12036014    0.14489804    0.11281392    0.11077773    0.12528723    0.12435577    0.11720012    0.11982909    0.19984366    0.20266950    0.20521191    0.19822552    0.19258968    0.21446899    0.21319052    0.22031931    0.22623896
T15            0.33372814    0.27195935    0.25661852    0.16313383    0.17141843    0.13226841    0.12036014    0.00000000    0.09934416    0.06304078    0.05884588    0.12101392    0.11995026    0.10802847    0.10825095    0.19320700    0.19039702    0.20714518    0.19603288    0.18822347    0.21589526    0.21156933    0.22480136    0.22181498
T22            0.34524424    0.28505114    0.27268217    0.15984090    0.17287374    0.15685344    0.14489804    0.09934416    0.00000000    0.08510390    0.08078441    0.15306310    0.14913948    0.13917429    0.13696188    0.20747417    0.21319052    0.21929553    0.21092829    0.19172977    0.21349621    0.20948762    0.23110017    0.22516298
T16            0.32326859    0.26794313    0.25276819    0.14709095    0.16026373    0.12435577    0.11281392    0.06304078    0.08510390    0.00000000    0.01210023    0.11576886    0.11250296    0.10311869    0.10328843    0.17605396    0.17877218    0.17851487    0.18150527    0.17657944    0.20359810    0.18844512    0.20359810    0.20359810
T3             0.32032408    0.26602760    0.25082503    0.14253135    0.15568160    0.11982909    0.11077773    0.05884588    0.08078441    0.01210023    0.00000000    0.11136606    0.11041546    0.09867806    0.09887059    0.17631244    0.17903808    0.18150527    0.18177867    0.17685495    0.20392566    0.19146083    0.20680032    0.20680032
T21            0.33021723    0.27750219    0.26206051    0.15523683    0.16872220    0.14453936    0.12528723    0.12101392    0.15306310    0.11576886    0.11136606    0.00000000    0.12238971    0.10565283    0.10825095    0.20327953    0.20901236    0.21738558    0.20106746    0.19385937    0.22104854    0.21092829    0.21589526    0.21589526
T8             0.33719937    0.27546165    0.26021500    0.16956971    0.17510579    0.14154285    0.12435577    0.11995026    0.14913948    0.11250296    0.11041546    0.12238971    0.00000000    0.02650480    0.07387238    0.20464035    0.21319052    0.21289415    0.20521191    0.20013613    0.22516298    0.22678652    0.23710879    0.23110017
T0             0.32387814    0.26330274    0.24836248    0.15667804    0.16206306    0.12924659    0.11720012    0.10802847    0.13917429    0.10311869    0.09867806    0.10565283    0.02650480    0.00000000    0.06276261    0.19649161    0.19928581    0.20464035    0.19703373    0.19200757    0.21962742    0.21260713    0.22256113    0.21671084
T18            0.33168101    0.26715528    0.25205603    0.15964199    0.17042611    0.13171008    0.11982909    0.10825095    0.13696188    0.10328843    0.09887059    0.10825095    0.07387238    0.06276261    0.00000000    0.19703373    0.19984366    0.20521191    0.19761175    0.18979543    0.21738558    0.21319052    0.22623896    0.22623896
T9             0.31106728    0.26372384    0.24853179    0.18570457    0.19146083    0.21835634    0.19984366    0.19320700    0.20747417    0.17605396    0.17631244    0.20327953    0.20464035    0.19649161    0.19703373    0.00000000    0.05846286    0.06951906    0.06511542    0.06960021    0.09226750    0.09438610    0.09461527    0.10172550
T12            0.29768134    0.25121730    0.23636786    0.18026817    0.18869753    0.21381120    0.20266950    0.19039702    0.21319052    0.17877218    0.17903808    0.20901236    0.21319052    0.19928581    0.19984366    0.05846286    0.00000000    0.04770626    0.03914397    0.06960021    0.08993072    0.09186021    0.09226750    0.09697412
T17            0.31058479    0.26645862    0.24585623    0.19094966    0.19956021    0.22156803    0.20521191    0.20714518    0.21929553    0.17851487    0.18150527    0.21738558    0.21289415    0.20464035    0.20521191    0.06951906    0.04770626    0.00000000    0.05425708    0.08088447    0.10397747    0.10112388    0.10397747    0.10878602
T6             0.28787216    0.26144118    0.24625945    0.17264821    0.18646556    0.21671084    0.19822552    0.19603288    0.21092829    0.18150527    0.18177867    0.20106746    0.20521191    0.19703373    0.19761175    0.06511542    0.03914397    0.05425708    0.00000000    0.07205103    0.09487339    0.09438610    0.09487339    0.09724345
T14            0.30528348    0.25288675    0.23788857    0.17310783    0.18150527    0.20806192    0.19258968    0.18822347    0.19172977    0.17657944    0.17685495    0.19385937    0.20013613    0.19200757    0.18979543    0.06960021    0.06960021    0.08088447    0.07205103    0.00000000    0.03705419    0.05194643    0.05662342    0.06107826
T11            0.31397652    0.28030433    0.26461739    0.19984366    0.20296999    0.23938118    0.21446899    0.21589526    0.21349621    0.20359810    0.20392566    0.22104854    0.22516298    0.21962742    0.21738558    0.09226750    0.08993072    0.10397747    0.09487339    0.03705419    0.00000000    0.07394981    0.07891700    0.07661784
T20            0.31887816    0.27516609    0.25973523    0.19047426    0.20182251    0.23500321    0.21319052    0.21156933    0.20948762    0.18844512    0.19146083    0.21092829    0.22678652    0.21260713    0.21319052    0.09438610    0.09186021    0.10112388    0.09438610    0.05194643    0.07394981    0.00000000    0.05616862    0.05616862
T2             0.32187706    0.28690877    0.27103104    0.20266950    0.21156933    0.23938118    0.22031931    0.22480136    0.23110017    0.20359810    0.20680032    0.21589526    0.23710879    0.22256113    0.22623896    0.09461527    0.09226750    0.10397747    0.09487339    0.05662342    0.07891700    0.05616862    0.00000000    0.05433063
T1             0.32429213    0.27907193    0.26976563    0.20266950    0.21156933    0.23337261    0.22623896    0.22181498    0.22516298    0.20359810    0.20680032    0.21589526    0.23110017    0.21671084    0.22623896    0.10172550    0.09697412    0.10878602    0.09724345    0.06107826    0.07661784    0.05616862    0.05433063    0.00000000

