24
T23            0.00000000    0.29211388    0.31018722    0.24040322    0.24073060    0.26766094    0.26452056    0.24824816    0.20469330    0.20335438    0.16634704    0.15812408    0.14834425    0.16609043    0.18103797    0.21419849    0.22073281    0.20955123    0.19788005    0.16537088    0.19179109    0.19151990    0.21444873    0.24544267
T16            0.29211388    0.00000000    0.06960763    0.15112367    0.15126206    0.18465557    0.15865290    0.14933320    0.31999751    0.32245676    0.29573006    0.29534552    0.29002782    0.29534552    0.30072429    0.35889083    0.35656311    0.34306008    0.32619219    0.30652275    0.32613994    0.31644261    0.33735172    0.43100772
T6             0.31018722    0.06960763    0.00000000    0.18177867    0.18196467    0.21704296    0.19239459    0.18279815    0.36544509    0.36050057    0.32063260    0.32700063    0.32152037    0.30689160    0.31567514    0.38958900    0.38357686    0.37310613    0.35539951    0.33513221    0.34161025    0.33171234    0.35305936    0.45447807
T10            0.24040322    0.15112367    0.18177867    0.00000000    0.00401106    0.07841628    0.10865995    0.09964334    0.25905544    0.24910899    0.23181498    0.22625197    0.22363540    0.24340183    0.24245317    0.30908408    0.30361764    0.29106083    0.27789631    0.25386588    0.27762214    0.27100527    0.27626294    0.35408273
T13            0.24073060    0.15126206    0.18196467    0.00401106    0.00000000    0.07850475    0.10880604    0.09979564    0.25944944    0.25250752    0.23212560    0.22655500    0.22393953    0.24373830    0.24275924    0.30943974    0.30398756    0.29140033    0.27817306    0.25418791    0.28116982    0.27447210    0.27972610    0.34744583
T9             0.26766094    0.18465557    0.21704296    0.07841628    0.07850475    0.00000000    0.14256376    0.13358354    0.29304724    0.30114287    0.27041906    0.26139986    0.26491336    0.28929692    0.28155848    0.35212271    0.33945603    0.32613994    0.31530975    0.28398263    0.32590074    0.31857392    0.31725879    0.37928347
T11            0.26452056    0.15865290    0.19239459    0.10865995    0.10880604    0.14256376    0.00000000    0.03272727    0.29069247    0.29542455    0.26726878    0.25758342    0.25558013    0.26766094    0.26580663    0.32359223    0.31139836    0.30516819    0.30036506    0.28155848    0.30312556    0.29612611    0.29899351    0.35615977
T14            0.24824816    0.14933320    0.18279815    0.09964334    0.09979564    0.13358354    0.03272727    0.00000000    0.26749044    0.27209179    0.24480813    0.23541794    0.23346632    0.25054929    0.24340183    0.31432261    0.30227848    0.29612611    0.28571284    0.26491336    0.29258223    0.28560086    0.29083427    0.35207174
T22            0.20469330    0.31999751    0.36544509    0.25905544    0.25944944    0.29304724    0.29069247    0.26749044    0.00000000    0.08179750    0.11856962    0.10865995    0.10428622    0.12833346    0.13748319    0.23610624    0.22230658    0.21100433    0.20754224    0.16661201    0.23052493    0.22411797    0.22752231    0.29695262
T5             0.20335438    0.32245676    0.36050057    0.24910899    0.25250752    0.30114287    0.29542455    0.27209179    0.08179750    0.00000000    0.12038184    0.10839025    0.10399511    0.12515391    0.13934574    0.23181498    0.21296544    0.20754224    0.20087498    0.17365437    0.19991067    0.19403113    0.20622322    0.30516819
T15            0.16634704    0.29573006    0.32063260    0.23181498    0.23212560    0.27041906    0.26726878    0.24480813    0.11856962    0.12038184    0.00000000    0.04761033    0.04559946    0.07651776    0.08061378    0.19029856    0.18009251    0.16960900    0.16138878    0.13532010    0.18431378    0.17856819    0.20111364    0.27762214
T0             0.15812408    0.29534552    0.32700063    0.22625197    0.22655500    0.26139986    0.25758342    0.23541794    0.10865995    0.10839025    0.04761033    0.00000000    0.02031472    0.06512154    0.07374425    0.18465557    0.16960900    0.15930290    0.15353372    0.13766460    0.17856819    0.17292056    0.19534376    0.26482253
T4             0.14834425    0.29002782    0.32152037    0.22363540    0.22393953    0.26491336    0.25558013    0.23346632    0.10428622    0.10399511    0.04559946    0.02031472    0.00000000    0.06090160    0.06945100    0.17987814    0.16493334    0.15466607    0.14886231    0.13317567    0.17391607    0.16827190    0.19052480    0.26271518
T21            0.16609043    0.29534552    0.30689160    0.24340183    0.24373830    0.28929692    0.26766094    0.25054929    0.12833346    0.12515391    0.07651776    0.06512154    0.06090160    0.00000000    0.04977537    0.18778951    0.18302874    0.17247433    0.16905187    0.15049768    0.18129620    0.18103797    0.21784703    0.29653363
T8             0.18103797    0.30072429    0.31567514    0.24245317    0.24275924    0.28155848    0.26580663    0.24340183    0.13748319    0.13934574    0.08061378    0.07374425    0.06945100    0.04977537    0.00000000    0.21161232    0.20342660    0.19260103    0.18143370    0.15726591    0.20216069    0.20188512    0.22803153    0.30436932
T2             0.21419849    0.35889083    0.38958900    0.30908408    0.30943974    0.35212271    0.32359223    0.31432261    0.23610624    0.23181498    0.19029856    0.18465557    0.17987814    0.18778951    0.21161232    0.00000000    0.04977537    0.04120348    0.06932227    0.12472757    0.21939952    0.21350553    0.25541147    0.33212226
T18            0.22073281    0.35656311    0.38357686    0.30361764    0.30398756    0.33945603    0.31139836    0.30227848    0.22230658    0.21296544    0.18009251    0.16960900    0.16493334    0.18302874    0.20342660    0.04977537    0.00000000    0.00805162    0.05841045    0.11779562    0.21679420    0.21655511    0.25215440    0.32316735
T17            0.20955123    0.34306008    0.37310613    0.29106083    0.29140033    0.32613994    0.30516819    0.29612611    0.21100433    0.20754224    0.16960900    0.15930290    0.15466607    0.17247433    0.19260103    0.04120348    0.00805162    0.00000000    0.04973101    0.10826669    0.21704296    0.21113759    0.24647033    0.31684463
T1             0.19788005    0.32619219    0.35539951    0.27789631    0.27817306    0.31530975    0.30036506    0.28571284    0.20754224    0.20087498    0.16138878    0.15353372    0.14886231    0.16905187    0.18143370    0.06932227    0.05841045    0.04973101    0.00000000    0.09643927    0.21091458    0.20513946    0.24307104    0.30616587
T12            0.16537088    0.30652275    0.33513221    0.25386588    0.25418791    0.28398263    0.28155848    0.26491336    0.16661201    0.17365437    0.13532010    0.13766460    0.13317567    0.15049768    0.15726591    0.12472757    0.11779562    0.10826669    0.09643927    0.00000000    0.19151990    0.18575663    0.21137018    0.27379022
T19            0.19179109    0.32613994    0.34161025    0.27762214    0.28116982    0.32590074    0.30312556    0.29258223    0.23052493    0.19991067    0.18431378    0.17856819    0.17391607    0.18129620    0.20216069    0.21939952    0.21679420    0.21704296    0.21091458    0.19151990    0.00000000    0.00805162    0.06721304    0.31390768
T7             0.19151990    0.31644261    0.33171234    0.27100527    0.27447210    0.31857392    0.29612611    0.28560086    0.22411797    0.19403113    0.17856819    0.17292056    0.16827190    0.18103797    0.20188512    0.21350553    0.21655511    0.21113759    0.20513946    0.18575663    0.00805162    0.00000000    0.06271420    0.30689160
T20            0.21444873    0.33735172    0.35305936    0.27626294    0.27972610    0.31725879    0.29899351    0.29083427    0.22752231    0.20622322    0.20111364    0.19534376    0.19052480    0.21784703    0.22803153    0.25541147    0.25215440    0.24647033    0.24307104    0.21137018    0.06721304    0.06271420    0.00000000    0.34383258
T3             0.24544267    0.43100772    0.45447807    0.35408273    0.34744583    0.37928347    0.35615977    0.35207174    0.29695262    0.30516819    0.27762214    0.26482253    0.26271518    0.29653363    0.30436932    0.33212226    0.32316735    0.31684463    0.30616587    0.27379022    0.31390768    0.30689160    0.34383258    0.00000000

