24
T22            0.00000000    0.32138872    0.31937379    0.35763453    0.29418418    0.32240527    0.32414995    0.32007194    0.36687677    0.20716076    0.21006110    0.18513447    0.19732959    0.19624304    0.29623636    0.29623636    0.28963013    0.11562452    0.11333867    0.12761044    0.10372049    0.11752497    0.10623974    0.11535143
T17            0.32138872    0.00000000    0.05632384    0.46941549    0.38157397    0.41235242    0.41821628    0.40943386    0.45110160    0.34580589    0.34224375    0.30216498    0.31967434    0.32731577    0.44241081    0.44241081    0.45796272    0.37476575    0.37533879    0.38226439    0.36061703    0.37629069    0.36480245    0.36372485
T2             0.31937379    0.05632384    0.00000000    0.44325537    0.37591066    0.40253355    0.40831499    0.39963317    0.44076923    0.34030203    0.33675249    0.30013012    0.32346586    0.33029762    0.43899400    0.43899400    0.45447675    0.36905511    0.36964099    0.37652583    0.35497305    0.37420640    0.36651885    0.36169455
T6             0.35763453    0.46941549    0.44325537    0.00000000    0.11592796    0.12745526    0.13696550    0.13184045    0.18870677    0.33546569    0.33909280    0.32595505    0.32727887    0.35843846    0.48760561    0.48760561    0.48039332    0.41317742    0.40165547    0.43256608    0.40575961    0.40160905    0.39675960    0.40322658
T3             0.29418418    0.38157397    0.37591066    0.11592796    0.00000000    0.07403556    0.07832837    0.07599178    0.13277507    0.28746651    0.29081405    0.28414127    0.26442590    0.29246044    0.43594429    0.43594429    0.43352010    0.34274646    0.33610600    0.35999080    0.33610600    0.33660039    0.32953025    0.32709650
T5             0.32240527    0.41235242    0.40253355    0.12745526    0.07403556    0.00000000    0.02866564    0.02444380    0.13947886    0.31538055    0.31888056    0.31190492    0.30771296    0.33077868    0.46405957    0.46405957    0.46863355    0.37847461    0.37145553    0.40081371    0.37533638    0.37938184    0.36450937    0.35929191
T1             0.32414995    0.41821628    0.40831499    0.13696550    0.07832837    0.02866564    0.00000000    0.01006765    0.15427341    0.31714998    0.32063769    0.31368646    0.29970320    0.32231851    0.45654077    0.45654077    0.46101223    0.38011647    0.37696867    0.40241071    0.37696867    0.38499009    0.36616192    0.36100756
T11            0.32007194    0.40943386    0.39963317    0.13184045    0.07599178    0.02444380    0.01006765    0.00000000    0.14898742    0.31314486    0.31659638    0.30971703    0.29601725    0.31844332    0.46452095    0.46452095    0.46905327    0.37551614    0.37238491    0.39758770    0.37238491    0.38041385    0.36168211    0.35662431
T4             0.36687677    0.45110160    0.44076923    0.18870677    0.13277507    0.13947886    0.15427341    0.14898742    0.00000000    0.37310292    0.37696867    0.35421086    0.32480462    0.33519482    0.49635948    0.49635948    0.48906028    0.40082160    0.38571443    0.41550635    0.38964089    0.39387192    0.38645247    0.39531603
T21            0.20716076    0.34580589    0.34030203    0.33546569    0.28746651    0.31538055    0.31714998    0.31314486    0.37310292    0.00000000    0.00200402    0.04334333    0.12777340    0.13493904    0.34144929    0.34144929    0.33782222    0.23487580    0.23751268    0.24548164    0.23751268    0.23867686    0.21998409    0.24548164
T9             0.21006110    0.34224375    0.33675249    0.33909280    0.29081405    0.31888056    0.32063769    0.31659638    0.37696867    0.00200402    0.00000000    0.04120182    0.12529123    0.13243196    0.34510291    0.34510291    0.34144929    0.23790820    0.24055431    0.24855128    0.24055431    0.24169087    0.22292711    0.24855128
T7             0.18513447    0.30216498    0.30013012    0.32595505    0.28414127    0.31190492    0.31368646    0.30971703    0.35421086    0.04334333    0.04120182    0.00000000    0.11333867    0.11306221    0.32473984    0.32473984    0.31771521    0.22365658    0.22625643    0.24321013    0.21448380    0.22158128    0.20329259    0.22517827
T19            0.19732959    0.31967434    0.32346586    0.32727887    0.26442590    0.30771296    0.29970320    0.29601725    0.32480462    0.12777340    0.12529123    0.11333867    0.00000000    0.08487982    0.31314486    0.31314486    0.30631258    0.23338844    0.23602778    0.25315727    0.22418566    0.23144897    0.22679958    0.24033017
T13            0.19624304    0.32731577    0.33029762    0.35843846    0.29246044    0.33077868    0.32231851    0.31844332    0.33519482    0.13493904    0.13243196    0.11306221    0.08487982    0.00000000    0.34142777    0.34142777    0.33430320    0.23270290    0.23534391    0.25242302    0.22942312    0.23144897    0.22911344    0.23674943
T12            0.29623636    0.44241081    0.43899400    0.48760561    0.43594429    0.46405957    0.45654077    0.46452095    0.49635948    0.34144929    0.34510291    0.32473984    0.31314486    0.34142777    0.00000000    0.00000000    0.02029421    0.33485916    0.32835318    0.34085868    0.31792640    0.32329645    0.32890840    0.31741945
T0             0.29623636    0.44241081    0.43899400    0.48760561    0.43594429    0.46405957    0.45654077    0.46452095    0.49635948    0.34144929    0.34510291    0.32473984    0.31314486    0.34142777    0.00000000    0.00000000    0.02029421    0.33485916    0.32835318    0.34085868    0.31792640    0.32329645    0.32890840    0.31741945
T8             0.28963013    0.45796272    0.45447675    0.48039332    0.43352010    0.46863355    0.46101223    0.46905327    0.48906028    0.33782222    0.34144929    0.31771521    0.30631258    0.33430320    0.02029421    0.02029421    0.00000000    0.33024738    0.32380343    0.33622089    0.31351996    0.31890258    0.32781000    0.31644098
T10            0.11562452    0.37476575    0.36905511    0.41317742    0.34274646    0.37847461    0.38011647    0.37551614    0.40082160    0.23487580    0.23790820    0.22365658    0.23338844    0.23270290    0.33485916    0.33485916    0.33024738    0.00000000    0.03705456    0.04549407    0.03492672    0.04327642    0.07185916    0.11121147
T14            0.11333867    0.37533879    0.36964099    0.40165547    0.33610600    0.37145553    0.37696867    0.37238491    0.38571443    0.23751268    0.24055431    0.22625643    0.23602778    0.23534391    0.32835318    0.32835318    0.32380343    0.03705456    0.00000000    0.04124056    0.03497125    0.03904183    0.07195250    0.10894216
T16            0.12761044    0.38226439    0.37652583    0.43256608    0.35999080    0.40081371    0.40241071    0.39758770    0.41550635    0.24548164    0.24855128    0.24321013    0.25315727    0.25242302    0.34085868    0.34085868    0.33622089    0.04549407    0.04124056    0.00000000    0.04338668    0.04750990    0.08078598    0.12314581
T20            0.10372049    0.36061703    0.35497305    0.40575961    0.33610600    0.37533638    0.37696867    0.37238491    0.38964089    0.23751268    0.24055431    0.21448380    0.22418566    0.22942312    0.31792640    0.31792640    0.31351996    0.03492672    0.03497125    0.04338668    0.00000000    0.03274716    0.06073947    0.10172854
T15            0.11752497    0.37629069    0.37420640    0.40160905    0.33660039    0.37938184    0.38499009    0.38041385    0.39387192    0.23867686    0.24169087    0.22158128    0.23144897    0.23144897    0.32329645    0.32329645    0.31890258    0.04327642    0.03904183    0.04750990    0.03274716    0.00000000    0.06931776    0.11306221
T18            0.10623974    0.36480245    0.36651885    0.39675960    0.32953025    0.36450937    0.36616192    0.36168211    0.38645247    0.21998409    0.22292711    0.20329259    0.22679958    0.22911344    0.32890840    0.32890840    0.32781000    0.07185916    0.07195250    0.08078598    0.06073947    0.06931776    0.00000000    0.09710802
T23            0.11535143    0.36372485    0.36169455    0.40322658    0.32709650    0.35929191    0.36100756    0.35662431    0.39531603    0.24548164    0.24855128    0.22517827    0.24033017    0.23674943    0.31741945    0.31741945    0.31644098    0.11121147    0.10894216    0.12314581    0.10172854    0.11306221    0.09710802    0.00000000

