24
T18            0.00000000    0.50792664    0.41030774    0.39196093    0.41330017    0.41433384    0.41691993    0.41953325    0.37225818    0.30352595    0.31022612    0.34182867    0.32044834    0.32489555    0.31094414    0.29364161    0.29449017    0.25416196    0.23945932    0.25145032    0.23975581    0.22593805    0.18301483    0.19401466
T16            0.50792664    0.00000000    0.25239131    0.25898905    0.25293948    0.25786231    0.26337616    0.26893358    0.22725604    0.49033333    0.48579465    0.52683058    0.51846921    0.48601418    0.44269719    0.44530380    0.44946357    0.50420276    0.49778617    0.51680998    0.47587308    0.47412562    0.48043790    0.48943341
T9             0.41030774    0.25239131    0.00000000    0.04355810    0.09711705    0.12778782    0.13495453    0.13462906    0.07651493    0.37727543    0.38489708    0.41507616    0.40195663    0.38939786    0.34504427    0.35148167    0.35508577    0.38489708    0.38304878    0.39871278    0.38237597    0.37291417    0.36664543    0.36786210
T0             0.39196093    0.25898905    0.04355810    0.00000000    0.08563144    0.12564298    0.12530488    0.12499782    0.07216549    0.35619439    0.36353556    0.39655264    0.37988020    0.37546549    0.33208032    0.34538147    0.34895977    0.39011617    0.39226743    0.41652916    0.37605462    0.36667315    0.37161561    0.37291417
T23            0.41330017    0.25293948    0.09711705    0.08563144    0.00000000    0.11823084    0.12037580    0.12253941    0.06762861    0.36475096    0.37225818    0.39548309    0.39056633    0.38044022    0.33293602    0.33933194    0.34288482    0.38906568    0.39533194    0.40341818    0.38126452    0.37183177    0.36913209    0.36537849
T4             0.41433384    0.25786231    0.12778782    0.12564298    0.11823084    0.00000000    0.03924679    0.04128728    0.08529736    0.36860453    0.38361873    0.40959657    0.39655264    0.39585166    0.35207415    0.36237310    0.36605712    0.41915170    0.40521476    0.42151891    0.40049920    0.39475039    0.36548217    0.36548217
T3             0.41691993    0.26337616    0.13495453    0.12530488    0.12037580    0.03924679    0.00000000    0.01617895    0.09205766    0.37488960    0.38619217    0.40561872    0.39129892    0.39849336    0.36183317    0.37231589    0.37605510    0.42172424    0.41583339    0.43240823    0.40702372    0.40521476    0.40493820    0.40493820
T2             0.41953325    0.26893358    0.13462906    0.12499782    0.12253941    0.04128728    0.01617895    0.00000000    0.09419381    0.38499655    0.39647235    0.40821861    0.39387217    0.40893256    0.36091201    0.37488960    0.37862871    0.41620611    0.41030774    0.42661104    0.40167236    0.39979206    0.39972128    0.39972128
T14            0.37225818    0.22725604    0.07651493    0.07216549    0.06762861    0.08529736    0.09205766    0.09419381    0.00000000    0.35064055    0.35795505    0.38691887    0.36667315    0.35508577    0.31640435    0.31899208    0.32585344    0.34702317    0.36357235    0.37881802    0.35549584    0.34635586    0.34288482    0.34288482
T10            0.30352595    0.49033333    0.37727543    0.35619439    0.36475096    0.36860453    0.37488960    0.38499655    0.35064055    0.00000000    0.02440577    0.05399167    0.03701299    0.06952394    0.13683077    0.12530488    0.13279113    0.28689107    0.28971098    0.30302329    0.27953375    0.27759924    0.26028610    0.26648643
T11            0.31022612    0.48579465    0.38489708    0.36353556    0.37225818    0.38361873    0.38619217    0.39647235    0.35795505    0.02440577    0.00000000    0.05828024    0.04120293    0.07387728    0.14661360    0.12746841    0.13495453    0.30589866    0.30302329    0.31670094    0.29584768    0.29065037    0.27833539    0.28473460
T13            0.34182867    0.52683058    0.41507616    0.39655264    0.39548309    0.40959657    0.40561872    0.40821861    0.38691887    0.05399167    0.05828024    0.00000000    0.02648495    0.08940137    0.17679565    0.15947671    0.16735700    0.31168369    0.32495769    0.33912058    0.32339351    0.31459353    0.29609004    0.30183572
T20            0.32044834    0.51846921    0.40195663    0.37988020    0.39056633    0.39655264    0.39129892    0.39387217    0.36667315    0.03701299    0.04120293    0.02648495    0.00000000    0.07614045    0.15947671    0.14255481    0.15027279    0.29446463    0.31089111    0.32485651    0.30929454    0.30746005    0.27912338    0.28473460
T1             0.32489555    0.48601418    0.38939786    0.37546549    0.38044022    0.39585166    0.39849336    0.40893256    0.35508577    0.06952394    0.07387728    0.08940137    0.07614045    0.00000000    0.14393664    0.12732045    0.13478782    0.30444050    0.30732754    0.32095769    0.30352595    0.29493140    0.29569490    0.29569490
T15            0.31094414    0.44269719    0.34504427    0.33208032    0.33293602    0.35207415    0.36183317    0.36091201    0.31640435    0.13683077    0.14661360    0.17679565    0.15947671    0.14393664    0.00000000    0.06266715    0.06932078    0.27723562    0.26511295    0.27444224    0.27097721    0.26268782    0.26143818    0.26391164
T19            0.29364161    0.44530380    0.35148167    0.34538147    0.33933194    0.36237310    0.37231589    0.37488960    0.31899208    0.12530488    0.12746841    0.15947671    0.14255481    0.12732045    0.06266715    0.00000000    0.01823247    0.26999571    0.25790735    0.27038635    0.26063676    0.25555113    0.25656380    0.25656380
T21            0.29449017    0.44946357    0.35508577    0.34895977    0.34288482    0.36605712    0.37605510    0.37862871    0.32585344    0.13279113    0.13495453    0.16735700    0.15027279    0.13478782    0.06932078    0.01823247    0.00000000    0.28275410    0.27038635    0.28318583    0.26999571    0.26488115    0.26337662    0.26028610
T5             0.25416196    0.50420276    0.38489708    0.39011617    0.38906568    0.41915170    0.42172424    0.41620611    0.34702317    0.28689107    0.30589866    0.31168369    0.29446463    0.30444050    0.27723562    0.26999571    0.28275410    0.00000000    0.07614045    0.08529736    0.10826224    0.10147393    0.19238158    0.20020099
T6             0.23945932    0.49778617    0.38304878    0.39226743    0.39533194    0.40521476    0.41583339    0.41030774    0.36357235    0.28971098    0.30302329    0.32495769    0.31089111    0.30732754    0.26511295    0.25790735    0.27038635    0.07614045    0.00000000    0.01620827    0.11563590    0.10399026    0.20041123    0.20831796
T7             0.25145032    0.51680998    0.39871278    0.41652916    0.40341818    0.42151891    0.43240823    0.42661104    0.37881802    0.30302329    0.31670094    0.33912058    0.32485651    0.32095769    0.27444224    0.27038635    0.28318583    0.08529736    0.01620827    0.00000000    0.12547006    0.11365774    0.21159540    0.21962884
T8             0.23975581    0.47587308    0.38237597    0.37605462    0.38126452    0.40049920    0.40702372    0.40167236    0.35549584    0.27953375    0.29584768    0.32339351    0.30929454    0.30352595    0.27097721    0.26063676    0.26999571    0.10826224    0.11563590    0.12547006    0.00000000    0.02859766    0.19199718    0.19745136
T17            0.22593805    0.47412562    0.37291417    0.36667315    0.37183177    0.39475039    0.40521476    0.39979206    0.34635586    0.27759924    0.29065037    0.31459353    0.30746005    0.29493140    0.26268782    0.25555113    0.26488115    0.10147393    0.10399026    0.11365774    0.02859766    0.00000000    0.18445051    0.18986043
T22            0.18301483    0.48043790    0.36664543    0.37161561    0.36913209    0.36548217    0.40493820    0.39972128    0.34288482    0.26028610    0.27833539    0.29609004    0.27912338    0.29569490    0.26143818    0.25656380    0.26337662    0.19238158    0.20041123    0.21159540    0.19199718    0.18445051    0.00000000    0.02027324
T12            0.19401466    0.48943341    0.36786210    0.37291417    0.36537849    0.36548217    0.40493820    0.39972128    0.34288482    0.26648643    0.28473460    0.30183572    0.28473460    0.29569490    0.26391164    0.25656380    0.26028610    0.20020099    0.20831796    0.21962884    0.19745136    0.18986043    0.02027324    0.00000000

