24
T0             0.00000000    0.24910085    0.23165273    0.22939862    0.23807160    0.18049243    0.17286854    0.14965171    0.16186932    0.21637927    0.20520456    0.16488792    0.16225580    0.15204256    0.19573912    0.15186382    0.15703279    0.21179401    0.21154451    0.16025934    0.15855128    0.15305917    0.16753399    0.05852542
T12            0.24910085    0.00000000    0.08289288    0.13009167    0.14272083    0.32004463    0.30422486    0.29127435    0.30674952    0.35491792    0.34470333    0.28630022    0.28630022    0.28913508    0.31552928    0.31259070    0.31259070    0.36527875    0.36480196    0.31124000    0.29068839    0.29925087    0.32004463    0.26441426
T21            0.23165273    0.08289288    0.00000000    0.09652116    0.10359755    0.29700535    0.28177711    0.26938862    0.28430189    0.33538037    0.32556705    0.24638897    0.25232543    0.27025839    0.29347562    0.27446408    0.27446408    0.33378599    0.33341923    0.27895876    0.25986442    0.26503225    0.28492284    0.24592187
T18            0.22939862    0.13009167    0.09652116    0.00000000    0.04572436    0.28209463    0.27335539    0.25805888    0.26966758    0.31963520    0.31004027    0.25922026    0.25922026    0.26503225    0.30023233    0.27525759    0.27835456    0.32478874    0.32441822    0.27994864    0.26328975    0.26535731    0.28842603    0.24368750
T23            0.23807160    0.14272083    0.10359755    0.04572436    0.00000000    0.29807616    0.29235172    0.27647170    0.28209463    0.32639486    0.32342443    0.26227936    0.26227936    0.27749822    0.30674952    0.29093806    0.29413409    0.33840064    0.33798388    0.28950654    0.26639643    0.26845434    0.29162207    0.25861833
T2             0.18049243    0.32004463    0.29700535    0.28209463    0.29807616    0.00000000    0.02029408    0.03277395    0.05407600    0.20691559    0.20155110    0.17982844    0.17221753    0.21348823    0.26090937    0.20409794    0.21259900    0.25441348    0.25408396    0.21061383    0.18149966    0.19172341    0.20463291    0.17488477
T10            0.17286854    0.30422486    0.28177711    0.27335539    0.29235172    0.02029408    0.00000000    0.02862783    0.04982260    0.19901340    0.19094316    0.17221753    0.16468355    0.19983673    0.24030626    0.20237091    0.21092055    0.25893176    0.25855146    0.20327244    0.18205508    0.18673081    0.19955324    0.16732262
T17            0.14965171    0.29127435    0.26938862    0.25805888    0.27647170    0.03277395    0.02862783    0.00000000    0.02857211    0.18026235    0.16976580    0.14913535    0.14183633    0.18097871    0.22616677    0.17756633    0.18569845    0.23467650    0.23436966    0.18097871    0.15830969    0.16821882    0.17532452    0.14436841
T15            0.16186932    0.30674952    0.28430189    0.26966758    0.28209463    0.05407600    0.04982260    0.02857211    0.00000000    0.20691559    0.19597861    0.16430021    0.15684897    0.19648477    0.24266426    0.19573912    0.20409794    0.25441348    0.25408396    0.19648477    0.17334532    0.18073123    0.19070090    0.15650640
T9             0.21637927    0.35491792    0.33538037    0.31963520    0.32639486    0.20691559    0.19901340    0.18026235    0.20691559    0.00000000    0.00805150    0.22709701    0.22416355    0.22971938    0.28545350    0.24969749    0.25893176    0.29394703    0.29353126    0.25160849    0.21189592    0.22550334    0.22646721    0.22188096
T3             0.20520456    0.34470333    0.32556705    0.31004027    0.32342443    0.20155110    0.19094316    0.16976580    0.19597861    0.00805150    0.00000000    0.21576048    0.21288609    0.21834782    0.27305573    0.23797033    0.24700969    0.28785669    0.28745087    0.23974584    0.21223939    0.22586200    0.22677730    0.21061383
T7             0.16488792    0.28630022    0.24638897    0.25922026    0.26227936    0.17982844    0.17221753    0.14913535    0.16430021    0.22709701    0.21576048    0.00000000    0.01007277    0.19094316    0.23968715    0.19024327    0.19298364    0.23059224    0.23033357    0.19200123    0.17334532    0.18123486    0.18796052    0.16468355
T4             0.16225580    0.28630022    0.25232543    0.25922026    0.26227936    0.17221753    0.16468355    0.14183633    0.15684897    0.22416355    0.21288609    0.01007277    0.00000000    0.18819524    0.23672768    0.19298364    0.19573912    0.23350851    0.23324135    0.18922272    0.17334532    0.17850940    0.18523509    0.16205835
T20            0.15204256    0.28913508    0.27025839    0.26503225    0.27749822    0.21348823    0.19983673    0.18097871    0.19648477    0.22971938    0.21834782    0.19094316    0.18819524    0.00000000    0.10546964    0.14708714    0.16267587    0.21232128    0.21205294    0.15545105    0.15807629    0.17115274    0.18869130    0.15742539
T11            0.19573912    0.31552928    0.29347562    0.30023233    0.30674952    0.26090937    0.24030626    0.22616677    0.24266426    0.28545350    0.27305573    0.23968715    0.23672768    0.10546964    0.00000000    0.20570082    0.21130449    0.26569305    0.26535731    0.21259900    0.21670268    0.20775587    0.23499319    0.20615871
T1             0.15186382    0.31259070    0.27446408    0.27525759    0.29093806    0.20409794    0.20237091    0.17756633    0.19573912    0.24969749    0.23797033    0.19024327    0.19298364    0.14708714    0.20570082    0.00000000    0.03488819    0.08946529    0.09169865    0.09673225    0.16225580    0.18345668    0.19298364    0.16205835
T6             0.15703279    0.31259070    0.27446408    0.27835456    0.29413409    0.21259900    0.21092055    0.18569845    0.20409794    0.25893176    0.24700969    0.19298364    0.19573912    0.16267587    0.21130449    0.03488819    0.00000000    0.09177498    0.09401369    0.10146098    0.17555733    0.19172341    0.19298364    0.16468355
T16            0.21179401    0.36527875    0.33378599    0.32478874    0.33840064    0.25441348    0.25893176    0.23467650    0.25441348    0.29394703    0.28785669    0.23059224    0.23350851    0.21232128    0.26569305    0.08946529    0.09177498    0.00000000    0.00200301    0.14965171    0.20947960    0.22940065    0.24598168    0.22009399
T22            0.21154451    0.36480196    0.33341923    0.32441822    0.33798388    0.25408396    0.25855146    0.23436966    0.25408396    0.29353126    0.28745087    0.23033357    0.23324135    0.21205294    0.26535731    0.09169865    0.09401369    0.00200301    0.00000000    0.14984021    0.20921932    0.22909162    0.24565921    0.21982962
T8             0.16025934    0.31124000    0.27895876    0.27994864    0.28950654    0.21061383    0.20327244    0.18097871    0.19648477    0.25160849    0.23974584    0.19200123    0.18922272    0.15545105    0.21259900    0.09673225    0.10146098    0.14965171    0.14984021    0.00000000    0.16871740    0.17657417    0.18869130    0.16267587
T5             0.15855128    0.29068839    0.25986442    0.26328975    0.26639643    0.18149966    0.18205508    0.15830969    0.17334532    0.21189592    0.21223939    0.17334532    0.17334532    0.15807629    0.21670268    0.16225580    0.17555733    0.20947960    0.20921932    0.16871740    0.00000000    0.06762150    0.08069029    0.16361598
T19            0.15305917    0.29925087    0.26503225    0.26535731    0.26845434    0.19172341    0.18673081    0.16821882    0.18073123    0.22550334    0.22586200    0.18123486    0.17850940    0.17115274    0.20775587    0.18345668    0.19172341    0.22940065    0.22909162    0.17657417    0.06762150    0.00000000    0.07380094    0.16336852
T14            0.16753399    0.32004463    0.28492284    0.28842603    0.29162207    0.20463291    0.19955324    0.17532452    0.19070090    0.22646721    0.22677730    0.18796052    0.18523509    0.18869130    0.23499319    0.19298364    0.19298364    0.24598168    0.24565921    0.18869130    0.08069029    0.07380094    0.00000000    0.17264296
T13            0.05852542    0.26441426    0.24592187    0.24368750    0.25861833    0.17488477    0.16732262    0.14436841    0.15650640    0.22188096    0.21061383    0.16468355    0.16205835    0.15742539    0.20615871    0.16205835    0.16468355    0.22009399    0.21982962    0.16267587    0.16361598    0.16336852    0.17264296    0.00000000

