24
T23            0.00000000    0.37157597    0.37963024    0.34136010    0.27328447    0.26326631    0.29286510    0.28488050    0.28817083    0.32293102    0.35589926    0.30000508    0.29431263    0.28586708    0.27747365    0.27108229    0.24834145    0.24235225    0.24834145    0.23967853    0.23335274    0.19850392    0.20128986    0.18978205
T13            0.37157597    0.00000000    0.02647041    0.10201368    0.31017773    0.29381907    0.36467088    0.37521973    0.37521973    0.43054920    0.39493008    0.35897057    0.35897057    0.34324366    0.30765220    0.32130866    0.36143320    0.35407775    0.36392036    0.33563180    0.30765220    0.28263005    0.29240473    0.34501096
T15            0.37963024    0.02647041    0.00000000    0.09921144    0.31443378    0.30142106    0.37267343    0.38316380    0.38316380    0.43889353    0.39948048    0.36332426    0.37076177    0.35237150    0.32225561    0.33722117    0.36332426    0.35599581    0.36584914    0.33763899    0.32225561    0.29026966    0.30007623    0.35653200
T2             0.34136010    0.10201368    0.09921144    0.00000000    0.24850853    0.23671260    0.28440875    0.29302907    0.29302907    0.34136010    0.31545099    0.27027524    0.27027524    0.26638494    0.25274535    0.25971021    0.30189207    0.29524575    0.30429561    0.28502213    0.26832633    0.23564609    0.23864070    0.29639703
T19            0.27328447    0.31017773    0.31443378    0.24850853    0.00000000    0.06073737    0.20664745    0.20774816    0.21060580    0.24129937    0.26878859    0.20409141    0.21259155    0.20080795    0.17201353    0.18003611    0.25582293    0.24362473    0.24968662    0.24095529    0.23108026    0.18619093    0.19171669    0.24573375
T14            0.26326631    0.29381907    0.30142106    0.23671260    0.06073737    0.00000000    0.19254215    0.19069523    0.19345046    0.22325111    0.26534701    0.19826612    0.20664745    0.19507037    0.16134984    0.16918377    0.23498394    0.22325111    0.24029695    0.22586815    0.21317445    0.17242130    0.17778398    0.23300843
T10            0.29286510    0.36467088    0.37267343    0.28440875    0.20664745    0.19254215    0.00000000    0.03694564    0.03906883    0.06282067    0.21489554    0.15742122    0.16531711    0.14168094    0.14470764    0.15023746    0.28784271    0.27505959    0.28461615    0.26988761    0.25119372    0.22093647    0.22971019    0.28866426
T5             0.28488050    0.37521973    0.38316380    0.29302907    0.20774816    0.19069523    0.03694564    0.00000000    0.00200401    0.03697518    0.22123877    0.15784650    0.16845838    0.14708376    0.14035997    0.15067083    0.27344052    0.26089795    0.27027524    0.25582293    0.24051237    0.20774816    0.21637055    0.27423879
T1             0.28817083    0.37521973    0.38316380    0.29302907    0.21060580    0.19345046    0.03906883    0.00200401    0.00000000    0.03910289    0.22415475    0.16047842    0.17114694    0.14964815    0.14291781    0.15328213    0.27662597    0.26400420    0.27344052    0.25891957    0.24357115    0.21060580    0.21927806    0.27749698
T0             0.32293102    0.43054920    0.43889353    0.34136010    0.24129937    0.22325111    0.06282067    0.03697518    0.03910289    0.00000000    0.24933508    0.18619093    0.19730422    0.17488012    0.17065120    0.18149328    0.30051312    0.28743735    0.30383623    0.28221254    0.27282301    0.23829577    0.24736127    0.30155318
T12            0.35589926    0.39493008    0.39948048    0.31545099    0.26878859    0.26534701    0.21489554    0.22123877    0.22415475    0.24933508    0.00000000    0.08992802    0.10623297    0.09673079    0.20409141    0.20745914    0.35129822    0.33715899    0.34772573    0.31708279    0.29809795    0.26259530    0.26878859    0.35284071
T21            0.30000508    0.35897057    0.36332426    0.27027524    0.20409141    0.19826612    0.15742122    0.15784650    0.16047842    0.18619093    0.08992802    0.00000000    0.03924408    0.04355460    0.15003290    0.15305461    0.29809795    0.28502213    0.29479678    0.26327869    0.23936002    0.20974208    0.21833971    0.28916853
T22            0.29431263    0.35897057    0.37076177    0.27027524    0.21259155    0.20664745    0.16531711    0.16845838    0.17114694    0.19730422    0.10623297    0.03924408    0.00000000    0.05213166    0.15522837    0.15830467    0.31152509    0.29809795    0.30813433    0.27582123    0.24544038    0.22123877    0.23003825    0.29694562
T11            0.28586708    0.34324366    0.35237150    0.26638494    0.20080795    0.19507037    0.14168094    0.14708376    0.14964815    0.17488012    0.09673079    0.04355460    0.05213166    0.00000000    0.14199413    0.13980124    0.28180595    0.26914426    0.27861032    0.24803063    0.23266933    0.20359388    0.21204607    0.28817083
T9             0.27747365    0.30765220    0.32225561    0.25274535    0.17201353    0.16134984    0.14470764    0.14035997    0.14291781    0.17065120    0.20409141    0.15003290    0.15522837    0.14199413    0.00000000    0.04982224    0.25781088    0.24564985    0.25474277    0.24296837    0.21091220    0.19927202    0.20774816    0.25512355
T16            0.27108229    0.32130866    0.33722117    0.25971021    0.18003611    0.16918377    0.15023746    0.15067083    0.15328213    0.18149328    0.20745914    0.15305461    0.15830467    0.13980124    0.04982224    0.00000000    0.27027524    0.25781088    0.27027524    0.24597195    0.21379456    0.20208145    0.21060580    0.26141441
T8             0.24834145    0.36143320    0.36332426    0.30189207    0.25582293    0.23498394    0.28784271    0.27344052    0.27662597    0.30051312    0.35129822    0.29809795    0.31152509    0.28180595    0.25781088    0.27027524    0.00000000    0.00806472    0.02450694    0.05194559    0.10575111    0.09642549    0.09876757    0.22615860
T3             0.24235225    0.35407775    0.35599581    0.29524575    0.24362473    0.22325111    0.27505959    0.26089795    0.26400420    0.28743735    0.33715899    0.28502213    0.29809795    0.26914426    0.24564985    0.25781088    0.00806472    0.00000000    0.02034017    0.05194559    0.10575111    0.09177402    0.09409435    0.22036044
T18            0.24834145    0.36392036    0.36584914    0.30429561    0.24968662    0.24029695    0.28461615    0.27027524    0.27344052    0.30383623    0.34772573    0.29479678    0.30813433    0.27861032    0.25474277    0.27027524    0.02450694    0.02034017    0.00000000    0.05632215    0.11052476    0.10112067    0.10348490    0.22615860
T6             0.23967853    0.33563180    0.33763899    0.28502213    0.24095529    0.22586815    0.26988761    0.25582293    0.25891957    0.28221254    0.31708279    0.26327869    0.27582123    0.24803063    0.24296837    0.24597195    0.05194559    0.05194559    0.05632215    0.00000000    0.09409435    0.08038859    0.08723836    0.21776135
T7             0.23335274    0.30765220    0.32225561    0.26832633    0.23108026    0.21317445    0.25119372    0.24051237    0.24357115    0.27282301    0.29809795    0.23936002    0.24544038    0.23266933    0.21091220    0.21379456    0.10575111    0.10575111    0.11052476    0.09409435    0.00000000    0.08068932    0.08760228    0.20867027
T17            0.19850392    0.28263005    0.29026966    0.23564609    0.18619093    0.17242130    0.22093647    0.20774816    0.21060580    0.23829577    0.26259530    0.20974208    0.22123877    0.20359388    0.19927202    0.20208145    0.09642549    0.09177402    0.10112067    0.08038859    0.08068932    0.00000000    0.00603631    0.18320484
T4             0.20128986    0.29240473    0.30007623    0.23864070    0.19171669    0.17778398    0.22971019    0.21637055    0.21927806    0.24736127    0.26878859    0.21833971    0.23003825    0.21204607    0.20774816    0.21060580    0.09876757    0.09409435    0.10348490    0.08723836    0.08760228    0.00603631    0.00000000    0.18868514
T20            0.18978205    0.34501096    0.35653200    0.29639703    0.24573375    0.23300843    0.28866426    0.27423879    0.27749698    0.30155318    0.35284071    0.28916853    0.29694562    0.28817083    0.25512355    0.26141441    0.22615860    0.22036044    0.22615860    0.21776135    0.20867027    0.18320484    0.18868514    0.00000000

