24
T13            0.00000000    0.17854498    0.26371965    0.25517189    0.21551356    0.25553426    0.19123267    0.19544016    0.19262857    0.17963094    0.18597982    0.19204357    0.15026676    0.24604306    0.18361651    0.17224577    0.15465066    0.18754990    0.14393256    0.14393256    0.14915507    0.14393256    0.17927062    0.15206506
T6             0.17854498    0.00000000    0.17491432    0.16471002    0.12778367    0.16007076    0.17854498    0.16901502    0.16364881    0.19233165    0.20723083    0.21066299    0.15724974    0.27552590    0.21370151    0.20467694    0.19176437    0.21781617    0.17965369    0.17965369    0.19349376    0.18007219    0.22855323    0.19959657
T4             0.26371965    0.17491432    0.00000000    0.05189936    0.13462497    0.16756277    0.29162517    0.26567676    0.27117957    0.30154029    0.30595098    0.30263520    0.25382598    0.36228372    0.30104015    0.29975817    0.28836347    0.30975090    0.27002027    0.27002027    0.27967932    0.27063641    0.31933149    0.29647511
T0             0.25517189    0.16471002    0.05189936    0.00000000    0.12253603    0.16270417    0.27076813    0.24781596    0.25319982    0.30587195    0.31020093    0.30684039    0.25143536    0.36228372    0.30181439    0.29403832    0.28597344    0.30393196    0.26754664    0.26754664    0.27721810    0.26818717    0.31012921    0.29403832
T8             0.21551356    0.12778367    0.13462497    0.12253603    0.00000000    0.04565930    0.22715341    0.21195151    0.22296316    0.24285803    0.24336212    0.23803025    0.20695858    0.31133584    0.24452423    0.24303688    0.23240871    0.26234390    0.22223163    0.22223163    0.23412557    0.22564350    0.26576179    0.24672190
T11            0.25553426    0.16007076    0.16756277    0.16270417    0.04565930    0.00000000    0.26801099    0.24591979    0.25750032    0.27524371    0.26922897    0.27631424    0.24637741    0.34334295    0.28601594    0.28471429    0.27353585    0.30181439    0.26234390    0.26234390    0.27514800    0.26611007    0.30885056    0.27910338
T23            0.19123267    0.17854498    0.29162517    0.27076813    0.22715341    0.26801099    0.00000000    0.08319536    0.07422942    0.19959657    0.22330857    0.22390515    0.18847559    0.28355483    0.22131114    0.21781617    0.19905400    0.22537073    0.18463628    0.18463628    0.19854790    0.18504846    0.22564350    0.19626613
T2             0.19544016    0.16901502    0.26567676    0.24781596    0.21195151    0.24591979    0.08319536    0.00000000    0.02444413    0.20974098    0.20185754    0.21097126    0.17880357    0.29206622    0.22773899    0.21581041    0.20555251    0.21810240    0.18300674    0.18300674    0.19706997    0.18349284    0.22945583    0.20555251
T7             0.19262857    0.16364881    0.27117957    0.25319982    0.22296316    0.25750032    0.07422942    0.02444413    0.00000000    0.20111137    0.20467694    0.21385594    0.18428766    0.29206622    0.21913535    0.21870339    0.20270893    0.22099533    0.18029465    0.18029465    0.19427422    0.18076587    0.22652035    0.20270893
T21            0.17963094    0.19233165    0.30154029    0.30587195    0.24285803    0.27524371    0.19959657    0.20974098    0.20111137    0.00000000    0.10028620    0.10065474    0.13913804    0.26789522    0.19601630    0.18238819    0.16444439    0.19233165    0.15048062    0.15048062    0.15858246    0.14788821    0.17559023    0.15909246
T20            0.18597982    0.20723083    0.30595098    0.31020093    0.24336212    0.26922897    0.22330857    0.20185754    0.20467694    0.10028620    0.00000000    0.06276503    0.15048062    0.26173360    0.20274921    0.18324539    0.16801309    0.19050223    0.14915507    0.14915507    0.15966249    0.15687190    0.19577558    0.16270417
T15            0.19204357    0.21066299    0.30263520    0.30684039    0.23803025    0.27631424    0.22390515    0.21097126    0.21385594    0.10065474    0.06276503    0.00000000    0.15618586    0.27524371    0.20363856    0.17880357    0.16364881    0.18597982    0.14986342    0.14986342    0.16051239    0.15504818    0.19679299    0.16364881
T10            0.15026676    0.15724974    0.25382598    0.25143536    0.20695858    0.24637741    0.18847559    0.17880357    0.18428766    0.13913804    0.15048062    0.15618586    0.00000000    0.19176437    0.16641673    0.13495007    0.12813385    0.15465066    0.12022723    0.12022723    0.12778367    0.12267941    0.16228204    0.13064157
T5             0.24604306    0.27552590    0.36228372    0.36228372    0.31133584    0.34334295    0.28355483    0.29206622    0.29206622    0.26789522    0.26173360    0.27524371    0.19176437    0.00000000    0.27871732    0.23649370    0.24369744    0.25382598    0.21987450    0.21987450    0.21158556    0.21987450    0.24156281    0.23177975
T17            0.18361651    0.21370151    0.30104015    0.30181439    0.24452423    0.28601594    0.22131114    0.22773899    0.21913535    0.19601630    0.20274921    0.20363856    0.16641673    0.27871732    0.00000000    0.11233997    0.09852021    0.16582570    0.12876583    0.12876583    0.13373984    0.11914676    0.16828522    0.14573426
T16            0.17224577    0.20467694    0.29975817    0.29403832    0.24303688    0.28471429    0.21781617    0.21581041    0.21870339    0.18238819    0.18324539    0.17880357    0.13495007    0.23649370    0.11233997    0.00000000    0.03924633    0.14660911    0.10793551    0.10793551    0.11042355    0.10556496    0.14141871    0.13212990
T3             0.15465066    0.19176437    0.28836347    0.28597344    0.23240871    0.27353585    0.19905400    0.20555251    0.20270893    0.16444439    0.16801309    0.16364881    0.12813385    0.24369744    0.09852021    0.03924633    0.00000000    0.13965289    0.10360754    0.10360754    0.10851353    0.09887755    0.13697569    0.11306946
T1             0.18754990    0.21781617    0.30975090    0.30393196    0.26234390    0.30181439    0.22537073    0.21810240    0.22099533    0.19233165    0.19050223    0.18597982    0.15465066    0.25382598    0.16582570    0.14660911    0.13965289    0.00000000    0.06282464    0.06282464    0.05617023    0.05613206    0.12215262    0.14660911
T14            0.14393256    0.17965369    0.27002027    0.26754664    0.22223163    0.26234390    0.18463628    0.18300674    0.18029465    0.15048062    0.14915507    0.14986342    0.12022723    0.21987450    0.12876583    0.10793551    0.10360754    0.06282464    0.00000000    0.00000000    0.03910439    0.03063023    0.08947137    0.10556496
T22            0.14393256    0.17965369    0.27002027    0.26754664    0.22223163    0.26234390    0.18463628    0.18300674    0.18029465    0.15048062    0.14915507    0.14986342    0.12022723    0.21987450    0.12876583    0.10793551    0.10360754    0.06282464    0.00000000    0.00000000    0.03910439    0.03063023    0.08947137    0.10556496
T18            0.14915507    0.19349376    0.27967932    0.27721810    0.23412557    0.27514800    0.19854790    0.19706997    0.19427422    0.15858246    0.15966249    0.16051239    0.12778367    0.21158556    0.13373984    0.11042355    0.10851353    0.05617023    0.03910439    0.03910439    0.00000000    0.02238932    0.09186563    0.11765567
T19            0.14393256    0.18007219    0.27063641    0.26818717    0.22564350    0.26611007    0.18504846    0.18349284    0.18076587    0.14788821    0.15687190    0.15504818    0.12267941    0.21987450    0.11914676    0.10556496    0.09887755    0.05613206    0.03063023    0.03063023    0.02238932    0.00000000    0.08260435    0.10793551
T9             0.17927062    0.22855323    0.31933149    0.31012921    0.26576179    0.30885056    0.22564350    0.22945583    0.22652035    0.17559023    0.19577558    0.19679299    0.16228204    0.24156281    0.16828522    0.14141871    0.13697569    0.12215262    0.08947137    0.08947137    0.09186563    0.08260435    0.00000000    0.15411667
T12            0.15206506    0.19959657    0.29647511    0.29403832    0.24672190    0.27910338    0.19626613    0.20555251    0.20270893    0.15909246    0.16270417    0.16364881    0.13064157    0.23177975    0.14573426    0.13212990    0.11306946    0.14660911    0.10556496    0.10556496    0.11765567    0.10793551    0.15411667    0.00000000

