24
T4             0.00000000    0.24566070    0.26055215    0.26091082    0.42193384    0.41527047    0.41596377    0.40538712    0.39044132    0.42528828    0.33670213    0.34879728    0.34879728    0.33514844    0.33671221    0.34276180    0.34580568    0.40321029    0.39920765    0.40647010    0.39773594    0.39846472    0.37473724    0.39996474
T3             0.24566070    0.00000000    0.04112485    0.03483158    0.33425177    0.30767128    0.30478533    0.29904758    0.29288291    0.31300726    0.24969868    0.24363600    0.24665814    0.24397948    0.24266575    0.25044495    0.25315969    0.35185266    0.34826665    0.35492090    0.35800211    0.36587588    0.30963880    0.32180593
T2             0.26055215    0.04112485    0.00000000    0.04330608    0.34685373    0.31981311    0.31688071    0.31105117    0.30143939    0.32275738    0.25782333    0.24266575    0.25170500    0.24900520    0.25376659    0.26472012    0.26748509    0.35132198    0.34774880    0.35439019    0.35747139    0.36530525    0.31592830    0.32476273
T12            0.26091082    0.03483158    0.04330608    0.00000000    0.32030694    0.29766669    0.30143939    0.29572388    0.28959204    0.30963880    0.24969868    0.24665814    0.24969868    0.24701080    0.24266575    0.24447296    0.24716981    0.34826665    0.34470619    0.35132198    0.35439019    0.36219747    0.31300726    0.32523212
T6             0.42193384    0.33425177    0.34685373    0.32030694    0.00000000    0.04982266    0.09652141    0.08972221    0.09428108    0.11729764    0.23499433    0.25239668    0.25546522    0.25275784    0.29335476    0.28027670    0.28632271    0.53512238    0.53512238    0.54393215    0.57052378    0.58237698    0.53160460    0.54323222
T7             0.41527047    0.30767128    0.31981311    0.29766669    0.04982266    0.00000000    0.08723949    0.08052569    0.08731971    0.10774974    0.22677828    0.23797146    0.24397948    0.23830680    0.27792979    0.26204933    0.26793141    0.49467535    0.49467535    0.50754237    0.52742391    0.53825247    0.50011750    0.51127988
T21            0.41596377    0.30478533    0.31688071    0.30143939    0.09652141    0.08723949    0.00000000    0.00602414    0.04760738    0.07144409    0.22124814    0.23532077    0.24433295    0.23565701    0.27194719    0.27109718    0.27705998    0.51689599    0.51689599    0.53026376    0.54605585    0.55731094    0.50851855    0.52669816
T5             0.40538712    0.29904758    0.31105117    0.29572388    0.08972221    0.08052569    0.00602414    0.00000000    0.04123998    0.06487169    0.21318329    0.22709791    0.23600304    0.22742715    0.26644692    0.26559544    0.27151691    0.50937340    0.50937340    0.52261206    0.53825247    0.54939627    0.50108861    0.51909338
T15            0.39044132    0.29288291    0.30143939    0.28959204    0.09428108    0.08731971    0.04760738    0.04123998    0.00000000    0.06482821    0.20775659    0.22156019    0.23038667    0.22188172    0.26055656    0.25972421    0.26559544    0.51031720    0.51031720    0.51881548    0.53933621    0.55055120    0.50207808    0.52288609
T0             0.42528828    0.31300726    0.32275738    0.30963880    0.11729764    0.10774974    0.07144409    0.06487169    0.06482821    0.00000000    0.23764600    0.25204573    0.26127993    0.25239668    0.28959204    0.28870317    0.29481399    0.55180088    0.55180088    0.56592864    0.58276828    0.59481168    0.54044020    0.55220395
T23            0.33670213    0.24969868    0.25782333    0.24969868    0.23499433    0.22677828    0.22124814    0.21318329    0.20775659    0.23764600    0.00000000    0.04541743    0.05407608    0.04760738    0.15703335    0.16712041    0.17488548    0.45367996    0.45367996    0.46583453    0.46067672    0.46148352    0.42892557    0.45182411
T19            0.34879728    0.24363600    0.24266575    0.24665814    0.25239668    0.23797146    0.23532077    0.22709791    0.22156019    0.25204573    0.04541743    0.00000000    0.02034026    0.01417412    0.16448830    0.17467865    0.18796135    0.44101238    0.44101238    0.45289355    0.45212354    0.46148352    0.42480757    0.44754753
T9             0.34879728    0.24665814    0.25170500    0.24969868    0.25546522    0.24397948    0.24433295    0.23600304    0.23038667    0.26127993    0.05407608    0.02034026    0.00000000    0.01417412    0.16448830    0.17467865    0.18796135    0.43686025    0.43686025    0.44865332    0.44371434    0.45289355    0.41667204    0.43910265
T13            0.33514844    0.24397948    0.24900520    0.24701080    0.25275784    0.23830680    0.23565701    0.22742715    0.22188172    0.25239668    0.04760738    0.01417412    0.01417412    0.00000000    0.16205895    0.17221825    0.18546311    0.43345694    0.43345694    0.44519932    0.44027933    0.44942164    0.41336038    0.43569472
T8             0.33671221    0.24266575    0.25376659    0.24266575    0.29335476    0.27792979    0.27194719    0.26644692    0.26055656    0.28959204    0.15703335    0.16448830    0.16448830    0.16205895    0.00000000    0.05835642    0.06937679    0.41474549    0.41474549    0.41808085    0.41358381    0.41415704    0.39770603    0.40753204
T17            0.34276180    0.25044495    0.26472012    0.24447296    0.28027670    0.26204933    0.27109718    0.26559544    0.25972421    0.28870317    0.16712041    0.17467865    0.17467865    0.17221825    0.05835642    0.00000000    0.01417412    0.42307819    0.42307819    0.42646015    0.43783076    0.43725807    0.40970570    0.42363567
T18            0.34580568    0.25315969    0.26748509    0.24716981    0.28632271    0.26793141    0.27705998    0.27151691    0.26559544    0.29481399    0.17488548    0.18796135    0.18796135    0.18546311    0.06937679    0.01417412    0.00000000    0.41971191    0.41971191    0.42307819    0.43725807    0.43670168    0.41691902    0.43098794
T11            0.40321029    0.35185266    0.35132198    0.34826665    0.53512238    0.49467535    0.51689599    0.50937340    0.51031720    0.55180088    0.45367996    0.44101238    0.43686025    0.43345694    0.41474549    0.42307819    0.41971191    0.00000000    0.00401206    0.00805150    0.04972800    0.04977199    0.10637424    0.11805857
T16            0.39920765    0.34826665    0.34774880    0.34470619    0.53512238    0.49467535    0.51689599    0.50937340    0.51031720    0.55180088    0.45367996    0.44101238    0.43686025    0.43345694    0.41474549    0.42307819    0.41971191    0.00401206    0.00000000    0.01008405    0.05398935    0.05402933    0.10850174    0.12021359
T20            0.40647010    0.35492090    0.35439019    0.35132198    0.54393215    0.50754237    0.53026376    0.52261206    0.51881548    0.56592864    0.46583453    0.45289355    0.44865332    0.44519932    0.41808085    0.42646015    0.42307819    0.00805150    0.01008405    0.00000000    0.05402933    0.05407608    0.11105506    0.12281530
T22            0.39773594    0.35800211    0.35747139    0.35439019    0.57052378    0.52742391    0.54605585    0.53825247    0.53933621    0.58276828    0.46067672    0.45212354    0.44371434    0.44027933    0.41358381    0.43783076    0.43725807    0.04972800    0.05398935    0.05402933    0.00000000    0.00805150    0.11333336    0.12512836
T10            0.39846472    0.36587588    0.36530525    0.36219747    0.58237698    0.53825247    0.55731094    0.54939627    0.55055120    0.59481168    0.46148352    0.46148352    0.45289355    0.44942164    0.41415704    0.43725807    0.43670168    0.04977199    0.05402933    0.05407608    0.00805150    0.00000000    0.11105506    0.12281530
T1             0.37473724    0.30963880    0.31592830    0.31300726    0.53160460    0.50011750    0.50851855    0.50108861    0.50207808    0.54044020    0.42892557    0.42480757    0.41667204    0.41336038    0.39770603    0.40970570    0.41691902    0.10637424    0.10850174    0.11105506    0.11333336    0.11105506    0.00000000    0.02031405
T14            0.39996474    0.32180593    0.32476273    0.32523212    0.54323222    0.51127988    0.52669816    0.51909338    0.52288609    0.55220395    0.45182411    0.44754753    0.43910265    0.43569472    0.40753204    0.42363567    0.43098794    0.11805857    0.12021359    0.12281530    0.12512836    0.12281530    0.02031405    0.00000000

