24
T4             0.00000000    0.26941970    0.26941970    0.29383784    0.38320212    0.28881444    0.29033671    0.31633677    0.30027367    0.28812639    0.28181261    0.30282379    0.31852606    0.27194429    0.29452106    0.28748394    0.29959554    0.29959554    0.27964421    0.27277831    0.26998995    0.25534891    0.26139514    0.25262059
T20            0.26941970    0.00000000    0.00000000    0.18641983    0.29525041    0.20083248    0.19978612    0.19943319    0.20550427    0.18140504    0.17611190    0.18612142    0.19147120    0.19687894    0.19179848    0.19092873    0.19216275    0.19216275    0.18821297    0.17696443    0.16920033    0.16431264    0.16469680    0.15668468
T21            0.26941970    0.00000000    0.00000000    0.18641983    0.29525041    0.20083248    0.19978612    0.19943319    0.20550427    0.18140504    0.17611190    0.18612142    0.19147120    0.19687894    0.19179848    0.19092873    0.19216275    0.19216275    0.18821297    0.17696443    0.16920033    0.16431264    0.16469680    0.15668468
T10            0.29383784    0.18641983    0.18641983    0.00000000    0.23940410    0.15427553    0.17395022    0.14822866    0.17412257    0.15394557    0.15138711    0.15110378    0.16336580    0.16136419    0.15651722    0.16595069    0.16885725    0.16885725    0.15964998    0.14898938    0.14154766    0.13681873    0.14437815    0.13446633
T5             0.38320212    0.29525041    0.29525041    0.23940410    0.00000000    0.30972691    0.28507933    0.27072700    0.30102720    0.28636766    0.27988957    0.28226927    0.28709796    0.28790038    0.26332488    0.28634019    0.28226927    0.28226927    0.26059652    0.26208643    0.25009377    0.24778008    0.24778008    0.25046676
T0             0.28881444    0.20083248    0.20083248    0.15427553    0.30972691    0.00000000    0.17511562    0.17203151    0.18399428    0.17091687    0.16556665    0.16469680    0.18298983    0.18074838    0.17311877    0.17984363    0.17265807    0.16733648    0.16097110    0.15004878    0.14253861    0.14037469    0.14809011    0.13802534
T23            0.29033671    0.19978612    0.19978612    0.17395022    0.28507933    0.17511562    0.00000000    0.16854905    0.19048503    0.15668468    0.15154132    0.16640561    0.17131759    0.17696443    0.16977983    0.17626462    0.17736726    0.17736726    0.15984937    0.15686052    0.14930963    0.14454575    0.15224118    0.14728001
T6             0.31633677    0.19943319    0.19943319    0.14822866    0.27072700    0.17203151    0.16854905    0.00000000    0.18462182    0.17203151    0.16938487    0.17131759    0.18693613    0.18732576    0.17696443    0.18390790    0.17165710    0.17165710    0.16733648    0.15651722    0.14898938    0.14421869    0.15187470    0.14692361
T3             0.30027367    0.20550427    0.20550427    0.17412257    0.30102720    0.18399428    0.19048503    0.18462182    0.00000000    0.11306335    0.10825430    0.11764949    0.13712363    0.13243355    0.11522750    0.11961296    0.16693840    0.16693840    0.15786478    0.14454575    0.14472147    0.13999310    0.14509717    0.13728808
T12            0.28812639    0.18140504    0.18140504    0.15394557    0.28636766    0.17091687    0.15668468    0.17203151    0.11306335    0.00000000    0.00401611    0.05433188    0.06527984    0.10586704    0.10112650    0.10312048    0.14914537    0.14914537    0.13548627    0.13227377    0.12008329    0.12036493    0.12777490    0.11806551
T17            0.28181261    0.17611190    0.17611190    0.15138711    0.27988957    0.16556665    0.15154132    0.16938487    0.10825430    0.00401611    0.00000000    0.05433188    0.06527984    0.10112650    0.09643056    0.09844661    0.14406740    0.14406740    0.13044656    0.12730933    0.11522750    0.11548536    0.12282272    0.11319782
T18            0.30282379    0.18612142    0.18612142    0.15110378    0.28226927    0.16469680    0.16640561    0.17131759    0.11764949    0.05433188    0.05433188    0.00000000    0.06288924    0.11041849    0.10329075    0.10312048    0.15364918    0.15364918    0.13728808    0.13418999    0.12691436    0.12226634    0.12963971    0.11995405
T19            0.31852606    0.19147120    0.19147120    0.16336580    0.28709796    0.18298983    0.17131759    0.18693613    0.13712363    0.06527984    0.06527984    0.06288924    0.00000000    0.12716980    0.11983256    0.12183495    0.16624528    0.16624528    0.15483291    0.15154132    0.14406740    0.13932583    0.14692361    0.13948060
T22            0.27194429    0.19687894    0.19687894    0.16136419    0.28790038    0.18074838    0.17696443    0.18732576    0.13243355    0.10586704    0.10112650    0.11041849    0.12716980    0.00000000    0.08732275    0.08704482    0.16396259    0.16396259    0.14454575    0.13418999    0.12691436    0.12226634    0.12963971    0.12978538
T14            0.29452106    0.19179848    0.19179848    0.15651722    0.26332488    0.17311877    0.16977983    0.17696443    0.11522750    0.10112650    0.09643056    0.10329075    0.11983256    0.08732275    0.00000000    0.06479289    0.14406740    0.14406740    0.14235328    0.13197796    0.12226634    0.12008329    0.12745672    0.11562573
T7             0.28748394    0.19092873    0.19092873    0.16595069    0.28634019    0.17984363    0.17626462    0.18390790    0.11961296    0.10312048    0.09844661    0.10312048    0.12183495    0.08704482    0.06479289    0.00000000    0.16336580    0.16336580    0.15154132    0.14366286    0.13630573    0.13159400    0.13904057    0.12435882
T13            0.29959554    0.19216275    0.19216275    0.16885725    0.28226927    0.17265807    0.17736726    0.17165710    0.16693840    0.14914537    0.14406740    0.15364918    0.16624528    0.16396259    0.14406740    0.16336580    0.00000000    0.00401611    0.08972572    0.08039169    0.07144571    0.06931817    0.07606092    0.09868020
T8             0.29959554    0.19216275    0.19216275    0.16885725    0.28226927    0.16733648    0.17736726    0.17165710    0.16693840    0.14914537    0.14406740    0.15364918    0.16624528    0.16396259    0.14406740    0.16336580    0.00401611    0.00000000    0.08972572    0.08039169    0.07144571    0.06931817    0.07606092    0.09868020
T15            0.27964421    0.18821297    0.18821297    0.15964998    0.26059652    0.16097110    0.15984937    0.16733648    0.15786478    0.13548627    0.13044656    0.13728808    0.15483291    0.14454575    0.14235328    0.15154132    0.08972572    0.08972572    0.00000000    0.04120196    0.03485710    0.03492683    0.03705469    0.08771660
T9             0.27277831    0.17696443    0.17696443    0.14898938    0.26208643    0.15004878    0.15686052    0.15651722    0.14454575    0.13227377    0.12730933    0.13418999    0.15154132    0.13418999    0.13197796    0.14366286    0.08039169    0.08039169    0.04120196    0.00000000    0.01822284    0.02234672    0.02442151    0.07832890
T2             0.26998995    0.16920033    0.16920033    0.14154766    0.25009377    0.14253861    0.14930963    0.14898938    0.14472147    0.12008329    0.11522750    0.12691436    0.14406740    0.12691436    0.12226634    0.13630573    0.07144571    0.07144571    0.03485710    0.01822284    0.00000000    0.01617885    0.01823230    0.07162117
T16            0.25534891    0.16431264    0.16431264    0.13681873    0.24778008    0.14037469    0.14454575    0.14421869    0.13999310    0.12036493    0.11548536    0.12226634    0.13932583    0.12226634    0.12008329    0.13159400    0.06931817    0.06931817    0.03492683    0.02234672    0.01617885    0.00000000    0.01007281    0.06727800
T11            0.26139514    0.16469680    0.16469680    0.14437815    0.24778008    0.14809011    0.15224118    0.15187470    0.14509717    0.12777490    0.12282272    0.12963971    0.14692361    0.12963971    0.12745672    0.13904057    0.07606092    0.07606092    0.03705469    0.02442151    0.01823230    0.01007281    0.00000000    0.07403605
T1             0.25262059    0.15668468    0.15668468    0.13446633    0.25046676    0.13802534    0.14728001    0.14692361    0.13728808    0.11806551    0.11319782    0.11995405    0.13948060    0.12978538    0.11562573    0.12435882    0.09868020    0.09868020    0.08771660    0.07832890    0.07162117    0.06727800    0.07403605    0.00000000

