24
T9             0.00000000    0.46566841    0.46566841    0.41019196    0.41747770    0.46645707    0.25022246    0.25022246    0.27936374    0.27723511    0.24131019    0.33896396    0.32312579    0.29171855    0.28568142    0.27969603    0.29457796    0.15171893    0.15412155    0.18235085    0.20670533    0.17471300    0.22593770    0.19218457
T13            0.46566841    0.00000000    0.00000000    0.14170528    0.13433541    0.23804420    0.38239498    0.38239498    0.42081682    0.41084470    0.39261649    0.49308809    0.46017573    0.42960430    0.43032334    0.41350019    0.43711825    0.40443911    0.40116231    0.43159930    0.45512937    0.43026911    0.49048951    0.40499240
T3             0.46566841    0.00000000    0.00000000    0.14170528    0.13433541    0.23804420    0.38239498    0.38239498    0.42081682    0.41084470    0.39261649    0.49308809    0.46017573    0.42960430    0.43032334    0.41350019    0.43711825    0.40443911    0.40116231    0.43159930    0.45512937    0.43026911    0.49048951    0.40499240
T18            0.41019196    0.14170528    0.14170528    0.00000000    0.02859766    0.15245474    0.29917480    0.29917480    0.34041207    0.31751423    0.30491431    0.40304440    0.38171572    0.34702219    0.35122539    0.33034993    0.35856684    0.35201539    0.35256298    0.37231483    0.39387095    0.37605400    0.44703517    0.36593005
T7             0.41747770    0.13433541    0.13433541    0.02859766    0.00000000    0.13949384    0.30878464    0.30878464    0.34702219    0.32390203    0.31118537    0.41839122    0.39655130    0.35369697    0.35795397    0.33685914    0.36291830    0.34790255    0.34842426    0.37546442    0.39710624    0.36804174    0.43785578    0.35470209
T0             0.46645707    0.23804420    0.23804420    0.15245474    0.13949384    0.00000000    0.36165184    0.36165184    0.40702231    0.38691756    0.36913091    0.49713723    0.47698886    0.41030632    0.41507467    0.39585980    0.43579378    0.40100619    0.39775575    0.42287404    0.44624616    0.42287404    0.49033129    0.42351543
T6             0.25022246    0.38239498    0.38239498    0.29917480    0.30878464    0.36165184    0.00000000    0.00000000    0.11031966    0.11523603    0.09410415    0.20441339    0.17225234    0.14219064    0.14492144    0.11765859    0.14456050    0.19491165    0.19511595    0.21938184    0.23917260    0.21938184    0.27409610    0.23545600
T21            0.25022246    0.38239498    0.38239498    0.29917480    0.30878464    0.36165184    0.00000000    0.00000000    0.11031966    0.11523603    0.09410415    0.20441339    0.17225234    0.14219064    0.14492144    0.11765859    0.14456050    0.19491165    0.19511595    0.21938184    0.23917260    0.21938184    0.27409610    0.23545600
T14            0.27936374    0.42081682    0.42081682    0.34041207    0.34702219    0.40702231    0.11031966    0.11031966    0.00000000    0.08495224    0.07825860    0.17718235    0.14393653    0.11753478    0.12009297    0.09634839    0.12227558    0.20810310    0.20831771    0.23014052    0.23837450    0.23304208    0.28887055    0.26143777
T17            0.27723511    0.41084470    0.41084470    0.31751423    0.32390203    0.38691756    0.11523603    0.11523603    0.08495224    0.00000000    0.05626766    0.16756947    0.13713678    0.11549490    0.11807621    0.09898762    0.12762410    0.20831771    0.20854184    0.23330100    0.24751621    0.23330100    0.26725714    0.26479598
T20            0.24131019    0.39261649    0.39261649    0.30491431    0.31118537    0.36913091    0.09410415    0.09410415    0.07825860    0.05626766    0.00000000    0.15966832    0.13213365    0.10611701    0.10865465    0.08520024    0.11320729    0.17909851    0.17927691    0.20296564    0.21653814    0.20296564    0.24426328    0.22725575
T11            0.33896396    0.49308809    0.49308809    0.40304440    0.41839122    0.49713723    0.20441339    0.20441339    0.17718235    0.16756947    0.15966832    0.00000000    0.04338813    0.10838548    0.11092723    0.08741536    0.11549490    0.28887055    0.28923325    0.29895652    0.31470801    0.30395182    0.35920374    0.33293529
T16            0.32312579    0.46017573    0.46017573    0.38171572    0.39655130    0.47698886    0.17225234    0.17225234    0.14393653    0.13713678    0.13213365    0.04338813    0.00000000    0.08290053    0.08529731    0.06055772    0.08511035    0.27409610    0.27444173    0.28320837    0.29856221    0.28887055    0.33594332    0.31721792
T2             0.29171855    0.42960430    0.42960430    0.34702219    0.35369697    0.41030632    0.14219064    0.14219064    0.11753478    0.11549490    0.10611701    0.10838548    0.08290053    0.00000000    0.00602723    0.03701299    0.06744108    0.24482026    0.24511419    0.26577780    0.28075967    0.26820289    0.31054074    0.28923325
T4             0.28568142    0.43032334    0.43032334    0.35122539    0.35795397    0.41507467    0.14492144    0.14492144    0.12009297    0.11807621    0.10865465    0.11092723    0.08529731    0.00602723    0.00000000    0.03919291    0.06978953    0.24511419    0.24541836    0.26612652    0.28113639    0.26853981    0.31094349    0.28960729
T5             0.27969603    0.41350019    0.41350019    0.33034993    0.33685914    0.39585980    0.11765859    0.11765859    0.09634839    0.09898762    0.08520024    0.08741536    0.06055772    0.03701299    0.03919291    0.00000000    0.04554373    0.22486491    0.22511838    0.24511419    0.25961596    0.24213454    0.29171855    0.26787678
T1             0.29457796    0.43711825    0.43711825    0.35856684    0.36291830    0.43579378    0.14456050    0.14456050    0.12227558    0.12762410    0.11320729    0.11549490    0.08511035    0.06744108    0.06978953    0.04554373    0.00000000    0.25051372    0.25081540    0.27165924    0.28677252    0.27097674    0.30358279    0.29531068
T22            0.15171893    0.40443911    0.40443911    0.35201539    0.34790255    0.40100619    0.19491165    0.19491165    0.20810310    0.20831771    0.17909851    0.28887055    0.27409610    0.24482026    0.24511419    0.22486491    0.25051372    0.00000000    0.00200301    0.03485776    0.06074252    0.03910470    0.08983173    0.09877894
T12            0.15412155    0.40116231    0.40116231    0.35256298    0.34842426    0.39775575    0.19511595    0.19511595    0.20831771    0.20854184    0.17927691    0.28923325    0.27444173    0.24511419    0.24541836    0.22511838    0.25081540    0.00200301    0.00000000    0.03694694    0.06289199    0.04120292    0.09205761    0.10103413
T19            0.18235085    0.43159930    0.43159930    0.37231483    0.37546442    0.42287404    0.21938184    0.21938184    0.23014052    0.23330100    0.20296564    0.29895652    0.28320837    0.26577780    0.26612652    0.24511419    0.27165924    0.03485776    0.03694694    0.00000000    0.02450809    0.06055772    0.11053990    0.12240355
T8             0.20670533    0.45512937    0.45512937    0.39387095    0.39710624    0.44624616    0.23917260    0.23917260    0.23837450    0.24751621    0.21653814    0.31470801    0.29856221    0.28075967    0.28113639    0.25961596    0.28677252    0.06074252    0.06289199    0.02450809    0.00000000    0.08751061    0.13982881    0.14711328
T10            0.17471300    0.43026911    0.43026911    0.37605400    0.36804174    0.42287404    0.21938184    0.21938184    0.23304208    0.23330100    0.20296564    0.30395182    0.28887055    0.26820289    0.26853981    0.24213454    0.27097674    0.03910470    0.04120292    0.06055772    0.08751061    0.00000000    0.10385598    0.11031966
T15            0.22593770    0.49048951    0.49048951    0.44703517    0.43785578    0.49033129    0.27409610    0.27409610    0.28887055    0.26725714    0.24426328    0.35920374    0.33594332    0.31054074    0.31094349    0.29171855    0.30358279    0.08983173    0.09205761    0.11053990    0.13982881    0.10385598    0.00000000    0.16513591
T23            0.19218457    0.40499240    0.40499240    0.36593005    0.35470209    0.42351543    0.23545600    0.23545600    0.26143777    0.26479598    0.22725575    0.33293529    0.31721792    0.28923325    0.28960729    0.26787678    0.29531068    0.09877894    0.10103413    0.12240355    0.14711328    0.11031966    0.16513591    0.00000000

