24
T1             0.00000000    0.37115114    0.37430028    0.37060386    0.29404238    0.26960116    0.26960116    0.26647245    0.36040846    0.36410517    0.14038671    0.33082686    0.19905571    0.16491656    0.21754187    0.21007616    0.23738839    0.24272479    0.24604594    0.13784060    0.13336178    0.11092470    0.11593729    0.12581946
T12            0.37115114    0.00000000    0.01829846    0.01623217    0.19050404    0.17491578    0.17491578    0.16695258    0.25482292    0.25789388    0.36350516    0.56859528    0.41616668    0.38296882    0.39198138    0.40490154    0.43295439    0.43156377    0.44620204    0.41215831    0.38421699    0.36857626    0.38040746    0.39448559
T17            0.37430028    0.01829846    0.00000000    0.00200402    0.19027868    0.18007376    0.18007376    0.17204652    0.26684186    0.26998044    0.35924895    0.56230503    0.41949375    0.38616052    0.40295178    0.41215831    0.44467556    0.44321387    0.45822721    0.42355100    0.39514734    0.37918825    0.39126368    0.39772169
T16            0.37060386    0.01623217    0.00200402    0.00000000    0.19302053    0.17738363    0.17738363    0.16939924    0.26372290    0.26684186    0.36291838    0.56744962    0.41546925    0.38236561    0.39906836    0.40818191    0.44049962    0.43907270    0.45392512    0.41949375    0.39126368    0.37543613    0.38741004    0.39383811
T20            0.29404238    0.19050404    0.19027868    0.19302053    0.00000000    0.04133885    0.04133885    0.03919256    0.16513032    0.16778474    0.29252172    0.47136076    0.35792364    0.32387854    0.36350516    0.36845670    0.39514734    0.39383811    0.40371378    0.34815093    0.31905235    0.30489330    0.31559859    0.33196074
T0             0.26960116    0.17491578    0.18007376    0.17738363    0.04133885    0.00000000    0.00000000    0.01827021    0.14710930    0.14967497    0.27118232    0.47672119    0.34151493    0.30489330    0.33630066    0.34094413    0.36291838    0.36178454    0.37472030    0.32843375    0.29345925    0.28316714    0.29345925    0.31268854
T8             0.26960116    0.17491578    0.18007376    0.17738363    0.04133885    0.00000000    0.00000000    0.01827021    0.14710930    0.14967497    0.27118232    0.47672119    0.34151493    0.30489330    0.33630066    0.34094413    0.36291838    0.36178454    0.37472030    0.32843375    0.29345925    0.28316714    0.29345925    0.31268854
T2             0.26647245    0.16695258    0.17204652    0.16939924    0.03919256    0.01827021    0.01827021    0.00000000    0.14967497    0.15225390    0.27118232    0.47224527    0.33438535    0.29491202    0.32583091    0.32788896    0.35560633    0.35452585    0.36350516    0.33196074    0.30350794    0.28641830    0.29678637    0.31613042
T7             0.36040846    0.25482292    0.26684186    0.26372290    0.16513032    0.14710930    0.14710930    0.14967497    0.00000000    0.00200402    0.36663721    0.52879058    0.41026711    0.38871566    0.42838882    0.42578812    0.45473288    0.45313386    0.46869100    0.39077913    0.37354633    0.36534480    0.36975104    0.38122469
T19            0.36410517    0.25789388    0.26998044    0.26684186    0.16778474    0.14967497    0.14967497    0.15225390    0.00200402    0.00000000    0.37041815    0.53368318    0.41429178    0.39259939    0.43253036    0.42992975    0.45905365    0.45741742    0.47314697    0.39470890    0.37737073    0.36909722    0.37354633    0.38510867
T10            0.14038671    0.36350516    0.35924895    0.36291838    0.29252172    0.27118232    0.27118232    0.27118232    0.36663721    0.37041815    0.00000000    0.26786587    0.17535752    0.15006180    0.18776970    0.18324675    0.20062454    0.20574007    0.20085299    0.16606956    0.16956671    0.14038671    0.14573468    0.16632531
T11            0.33082686    0.56859528    0.56230503    0.56744962    0.47136076    0.47672119    0.47672119    0.47224527    0.52879058    0.53368318    0.26786587    0.00000000    0.37430028    0.33984788    0.40829429    0.39521495    0.39565471    0.40601794    0.40770267    0.33336299    0.33827765    0.31134123    0.31851066    0.34787919
T18            0.19905571    0.41616668    0.41949375    0.41546925    0.35792364    0.34151493    0.34151493    0.33438535    0.41026711    0.41429178    0.17535752    0.37430028    0.00000000    0.05413230    0.13419833    0.13228298    0.14871219    0.15607624    0.15395682    0.24209802    0.23415369    0.19905571    0.20496121    0.22161509
T13            0.16491656    0.38296882    0.38616052    0.38236561    0.32387854    0.30489330    0.30489330    0.29491202    0.38871566    0.39259939    0.15006180    0.33984788    0.05413230    0.00000000    0.11765638    0.11822763    0.13682785    0.14407730    0.14201723    0.20555387    0.19795588    0.16491656    0.17045337    0.18623605
T14            0.21754187    0.39198138    0.40295178    0.39906836    0.36350516    0.33630066    0.33630066    0.32583091    0.42838882    0.43253036    0.18776970    0.40829429    0.13419833    0.11765638    0.00000000    0.05399143    0.09626725    0.10547860    0.10339218    0.24638014    0.24137598    0.21754187    0.22360429    0.22592860
T4             0.21007616    0.40490154    0.41215831    0.40818191    0.36845670    0.34094413    0.34094413    0.32788896    0.42578812    0.42992975    0.18324675    0.39521495    0.13228298    0.11822763    0.05399143    0.00000000    0.08963652    0.09877759    0.09674176    0.23274000    0.23079732    0.20440530    0.21036572    0.21551553
T6             0.23738839    0.43295439    0.44467556    0.44049962    0.39514734    0.36291838    0.36291838    0.35560633    0.45473288    0.45905365    0.20062454    0.39565471    0.14871219    0.13682785    0.09626725    0.08963652    0.00000000    0.01210959    0.01619045    0.27353894    0.25282900    0.23442682    0.24069377    0.25517479
T9             0.24272479    0.43156377    0.44321387    0.43907270    0.39383811    0.36178454    0.36178454    0.35452585    0.45313386    0.45741742    0.20574007    0.40601794    0.15607624    0.14407730    0.10547860    0.09877759    0.01210959    0.00000000    0.02442176    0.27910684    0.25825526    0.23974556    0.24604594    0.26062333
T15            0.24604594    0.44620204    0.45822721    0.45392512    0.40371378    0.37472030    0.37472030    0.36350516    0.46869100    0.47314697    0.20085299    0.40770267    0.15395682    0.14201723    0.10339218    0.09674176    0.01619045    0.02442176    0.00000000    0.28597671    0.25862704    0.24604594    0.25246599    0.26722189
T21            0.13784060    0.41215831    0.42355100    0.41949375    0.34815093    0.32843375    0.32843375    0.33196074    0.39077913    0.39470890    0.16606956    0.33336299    0.24209802    0.20555387    0.24638014    0.23274000    0.27353894    0.27910684    0.28597671    0.00000000    0.05441428    0.06081692    0.06089882    0.07403902
T23            0.13336178    0.38421699    0.39514734    0.39126368    0.31905235    0.29345925    0.29345925    0.30350794    0.37354633    0.37737073    0.16956671    0.33827765    0.23415369    0.19795588    0.24137598    0.23079732    0.25282900    0.25825526    0.25862704    0.05441428    0.00000000    0.05001759    0.05009500    0.06528243
T3             0.11092470    0.36857626    0.37918825    0.37543613    0.30489330    0.28316714    0.28316714    0.28641830    0.36534480    0.36909722    0.14038671    0.31134123    0.19905571    0.16491656    0.21754187    0.20440530    0.23442682    0.23974556    0.24604594    0.06081692    0.05001759    0.00000000    0.00805157    0.05413230
T22            0.11593729    0.38040746    0.39126368    0.38741004    0.31559859    0.29345925    0.29345925    0.29678637    0.36975104    0.37354633    0.14573468    0.31851066    0.20496121    0.17045337    0.22360429    0.21036572    0.24069377    0.24604594    0.25246599    0.06089882    0.05009500    0.00805157    0.00000000    0.05419276
T5             0.12581946    0.39448559    0.39772169    0.39383811    0.33196074    0.31268854    0.31268854    0.31613042    0.38122469    0.38510867    0.16632531    0.34787919    0.22161509    0.18623605    0.22592860    0.21551553    0.25517479    0.26062333    0.26722189    0.07403902    0.06528243    0.05413230    0.05419276    0.00000000

