24
T12            0.00000000    0.39931957    0.42274128    0.36652594    0.42576882    0.45695282    0.43362597    0.44043938    0.40072803    0.36822535    0.36822535    0.41201893    0.39820959    0.39748513    0.39425643    0.38644313    0.41596873    0.41185179    0.36002207    0.34715737    0.33988539    0.34591774    0.31868641    0.31523946
T21            0.39931957    0.00000000    0.03716288    0.17859505    0.26071964    0.26897364    0.25185970    0.25729294    0.22077111    0.19607036    0.19607036    0.23982248    0.21733671    0.21707753    0.22309411    0.22020708    0.20757735    0.20473948    0.46094598    0.44350877    0.43116209    0.44902126    0.43798492    0.41911450
T3             0.42274128    0.03716288    0.00000000    0.19490116    0.27922217    0.28765859    0.27324947    0.27882054    0.24111579    0.22137374    0.22137374    0.26071964    0.23746676    0.23715742    0.24950436    0.24044896    0.23351353    0.23053106    0.49990718    0.44696328    0.43866390    0.46522004    0.46243345    0.44279628
T13            0.36652594    0.17859505    0.19490116    0.00000000    0.24830279    0.25639482    0.23953267    0.24485980    0.20085907    0.17342667    0.17342667    0.21817205    0.19911186    0.19885263    0.20757735    0.19911186    0.18628806    0.18904737    0.42945807    0.39677503    0.39677503    0.40844113    0.39539789    0.37746798
T9             0.42576882    0.26071964    0.27922217    0.24830279    0.00000000    0.02650607    0.05632987    0.06061625    0.10114366    0.21423183    0.21423183    0.25602667    0.24488732    0.24460216    0.25696051    0.24249758    0.23715742    0.23420185    0.53208228    0.51861229    0.50917181    0.52340059    0.49533879    0.48801069
T0             0.45695282    0.26897364    0.28765859    0.25639482    0.02650607    0.00000000    0.06498793    0.06709717    0.11272606    0.22780645    0.22780645    0.26427001    0.25300865    0.25272779    0.26519218    0.25058399    0.24518281    0.24220080    0.53881336    0.52049592    0.51110070    0.54479102    0.52526092    0.50825169
T15            0.43362597    0.25185970    0.27324947    0.23953267    0.05632987    0.06498793    0.00000000    0.00804445    0.08940865    0.20601805    0.20601805    0.24432736    0.23044838    0.23019664    0.24220080    0.22806970    0.22281824    0.21993960    0.48702913    0.50929382    0.49989679    0.50929382    0.48612597    0.47000164
T7             0.44043938    0.25729294    0.27882054    0.24485980    0.06061625    0.06709717    0.00804445    0.00000000    0.09388752    0.20601805    0.20601805    0.23843422    0.22467469    0.22443974    0.23628988    0.22229584    0.22281824    0.21993960    0.49433688    0.51204703    0.50265045    0.51681274    0.49342811    0.47715278
T8             0.40072803    0.22077111    0.24111579    0.20085907    0.10114366    0.11272606    0.08940865    0.09388752    0.00000000    0.17786676    0.17786676    0.21474338    0.20139262    0.20114396    0.21271193    0.20419839    0.19406170    0.19128708    0.48612597    0.45775266    0.44920307    0.46208321    0.44079796    0.42576882
T6             0.36822535    0.19607036    0.22137374    0.17342667    0.21423183    0.22780645    0.20601805    0.20601805    0.17786676    0.00000000    0.00000000    0.07156350    0.04749329    0.04537093    0.04969485    0.04112716    0.04977705    0.04761182    0.43964909    0.45065585    0.43782909    0.45326558    0.43782909    0.41864191
T17            0.36822535    0.19607036    0.22137374    0.17342667    0.21423183    0.22780645    0.20601805    0.20601805    0.17786676    0.00000000    0.00000000    0.07156350    0.04749329    0.04537093    0.04969485    0.04112716    0.04977705    0.04761182    0.43964909    0.45065585    0.43782909    0.45326558    0.43782909    0.41864191
T1             0.41201893    0.23982248    0.26071964    0.21817205    0.25602667    0.26427001    0.24432736    0.23843422    0.21474338    0.07156350    0.07156350    0.00000000    0.03069981    0.02862987    0.04566278    0.04554612    0.08955960    0.08725406    0.50171728    0.51405976    0.50929382    0.51681274    0.49989679    0.48340205
T19            0.39820959    0.21733671    0.23746676    0.19911186    0.24488732    0.25300865    0.23044838    0.22467469    0.20139262    0.04749329    0.04749329    0.03069981    0.00000000    0.00200301    0.02236556    0.02233560    0.06479798    0.06259942    0.47272618    0.48888951    0.47979260    0.49620956    0.47979260    0.46377152
T10            0.39748513    0.21707753    0.23715742    0.19885263    0.24460216    0.25272779    0.23019664    0.22443974    0.20114396    0.04537093    0.04537093    0.02862987    0.00200301    0.00000000    0.02031503    0.02028103    0.06263150    0.06043777    0.47190123    0.48795030    0.47889501    0.49526402    0.47889501    0.46291888
T4             0.39425643    0.22309411    0.24950436    0.20757735    0.25696051    0.26519218    0.24220080    0.23628988    0.21271193    0.04969485    0.04969485    0.04566278    0.02236556    0.02031503    0.00000000    0.02029487    0.06932532    0.06709717    0.45967794    0.47085909    0.46208321    0.48250168    0.46645180    0.45077864
T18            0.38644313    0.22020708    0.24044896    0.19911186    0.24249758    0.25058399    0.22806970    0.22229584    0.20419839    0.04112716    0.04112716    0.04554612    0.02233560    0.02028103    0.02029487    0.00000000    0.06267058    0.06047197    0.46398943    0.47979260    0.47085909    0.48702913    0.47085909    0.45507200
T14            0.41596873    0.20757735    0.23351353    0.18628806    0.23715742    0.24518281    0.22281824    0.22281824    0.19406170    0.04977705    0.04977705    0.08955960    0.06479798    0.06263150    0.06932532    0.06267058    0.00000000    0.00200403    0.45856930    0.49547711    0.48164081    0.50017609    0.48817188    0.46735193
T20            0.41185179    0.20473948    0.23053106    0.18904737    0.23420185    0.24220080    0.21993960    0.21993960    0.19128708    0.04761182    0.04761182    0.08725406    0.06259942    0.06043777    0.06709717    0.06047197    0.00200403    0.00000000    0.45856930    0.49547711    0.48164081    0.50017609    0.48817188    0.46735193
T2             0.36002207    0.46094598    0.49990718    0.42945807    0.53208228    0.53881336    0.48702913    0.49433688    0.48612597    0.43964909    0.43964909    0.50171728    0.47272618    0.47190123    0.45967794    0.46398943    0.45856930    0.45856930    0.00000000    0.16718484    0.16192870    0.18057348    0.17026699    0.15709082
T11            0.34715737    0.44350877    0.44696328    0.39677503    0.51861229    0.52049592    0.50929382    0.51204703    0.45775266    0.45065585    0.45065585    0.51405976    0.48888951    0.48795030    0.47085909    0.47979260    0.49547711    0.49547711    0.16718484    0.00000000    0.02648555    0.09240876    0.08356794    0.06979622
T5             0.33988539    0.43116209    0.43866390    0.39677503    0.50917181    0.51110070    0.49989679    0.50265045    0.44920307    0.43782909    0.43782909    0.50929382    0.47979260    0.47889501    0.46208321    0.47085909    0.48164081    0.48164081    0.16192870    0.02648555    0.00000000    0.08541053    0.07663442    0.06305076
T23            0.34591774    0.44902126    0.46522004    0.40844113    0.52340059    0.54479102    0.50929382    0.51681274    0.46208321    0.45326558    0.45326558    0.51681274    0.49620956    0.49526402    0.48250168    0.48702913    0.50017609    0.50017609    0.18057348    0.09240876    0.08541053    0.00000000    0.05846967    0.04757207
T22            0.31868641    0.43798492    0.46243345    0.39539789    0.49533879    0.52526092    0.48612597    0.49342811    0.44079796    0.43782909    0.43782909    0.49989679    0.47979260    0.47889501    0.46645180    0.47085909    0.48817188    0.48817188    0.17026699    0.08356794    0.07663442    0.05846967    0.00000000    0.02862987
T16            0.31523946    0.41911450    0.44279628    0.37746798    0.48801069    0.50825169    0.47000164    0.47715278    0.42576882    0.41864191    0.41864191    0.48340205    0.46377152    0.46291888    0.45077864    0.45507200    0.46735193    0.46735193    0.15709082    0.06979622    0.06305076    0.04757207    0.02862987    0.00000000

