24
T9             0.00000000    0.29204270    0.22159974    0.23306140    0.23340925    0.24818149    0.26445255    0.27034820    0.24509011    0.25019996    0.24155431    0.24749356    0.23887580    0.28966285    0.22681883    0.22944279    0.23604899    0.25395721    0.22554787    0.26291936    0.24706002    0.14728585    0.18075734    0.21235629
T8             0.29204270    0.00000000    0.15946582    0.16450777    0.16470413    0.16714072    0.29627087    0.28595075    0.26682138    0.30016475    0.28751717    0.29401735    0.27589589    0.33490401    0.27949246    0.28639137    0.28639137    0.30151483    0.27434624    0.32489529    0.29579769    0.25086791    0.27272830    0.32184744
T13            0.22159974    0.15946582    0.00000000    0.02447267    0.02034063    0.05867483    0.20212147    0.20184751    0.17945282    0.21467061    0.19257395    0.19807176    0.18733537    0.25356439    0.20240457    0.20779125    0.20269678    0.22485709    0.19203235    0.23043056    0.21035224    0.19482757    0.20387580    0.25588902
T7             0.23306140    0.16450777    0.02447267    0.00000000    0.01619040    0.07205468    0.21900446    0.21292250    0.18733537    0.22301463    0.20061566    0.20619022    0.19531528    0.26250752    0.21352620    0.21900446    0.21384205    0.23340925    0.20299809    0.23905457    0.22389259    0.21160078    0.22944279    0.27613509
T10            0.23340925    0.16470413    0.02034063    0.01619040    0.00000000    0.06762556    0.21932783    0.21321968    0.19027010    0.22040535    0.19807176    0.20363082    0.19278815    0.26925490    0.21966063    0.22519772    0.22000283    0.24283854    0.20904355    0.24550506    0.23009160    0.20904355    0.22681883    0.27477748
T16            0.24818149    0.16714072    0.05867483    0.07205468    0.06762556    0.00000000    0.21321968    0.21869053    0.19830118    0.23176772    0.20900103    0.20900103    0.20084355    0.27521938    0.20212147    0.21610368    0.21095800    0.23340925    0.19454121    0.23905457    0.22389259    0.20871671    0.22068959    0.26882297
T14            0.26445255    0.29627087    0.20212147    0.21900446    0.21932783    0.21321968    0.00000000    0.05001662    0.10624377    0.13278150    0.11320122    0.11078490    0.10586999    0.30975540    0.25706576    0.26925490    0.26291936    0.28169886    0.25747848    0.30347457    0.28877126    0.23979627    0.25280931    0.29533572
T5             0.27034820    0.28595075    0.20184751    0.21292250    0.21321968    0.21869053    0.05001662    0.00000000    0.11822323    0.14530288    0.12529688    0.12282675    0.11778417    0.32304776    0.26607708    0.28497042    0.27201092    0.28449680    0.27290583    0.30975540    0.29488500    0.25166474    0.26484297    0.30247195
T20            0.24509011    0.26682138    0.17945282    0.18733537    0.19027010    0.19830118    0.10624377    0.11822323    0.00000000    0.07195437    0.05200339    0.05859802    0.04760883    0.27949246    0.23009160    0.25086791    0.24171313    0.27157933    0.24474610    0.27670370    0.26299619    0.23570195    0.25480485    0.29401735
T1             0.25019996    0.30016475    0.21467061    0.22301463    0.22040535    0.23176772    0.13278150    0.14530288    0.07195437    0.00000000    0.04783284    0.05441307    0.04128644    0.32839622    0.27521938    0.27157933    0.28123595    0.31318425    0.28123595    0.31265380    0.30347956    0.25280931    0.26921299    0.32284208
T11            0.24155431    0.28751717    0.19257395    0.20061566    0.19807176    0.20900103    0.11320122    0.12529688    0.05200339    0.04783284    0.00000000    0.01827009    0.02442167    0.29488500    0.25356439    0.26250752    0.25627101    0.29012525    0.25627101    0.28877126    0.27792296    0.24101249    0.25718515    0.31308621
T12            0.24749356    0.29401735    0.19807176    0.20619022    0.20363082    0.20900103    0.11078490    0.12282675    0.05859802    0.05441307    0.01827009    0.00000000    0.03069837    0.30151483    0.25048464    0.26882297    0.26250752    0.29342924    0.26250752    0.28877126    0.27792296    0.24706002    0.25718515    0.31308621
T17            0.23887580    0.27589589    0.18733537    0.19531528    0.19278815    0.20084355    0.10586999    0.11778417    0.04760883    0.04128644    0.02442167    0.03069837    0.00000000    0.29204270    0.23640582    0.24818149    0.24742378    0.27115833    0.24742378    0.28271116    0.26885600    0.23239498    0.25446413    0.30347956
T6             0.28966285    0.33490401    0.25356439    0.26250752    0.26925490    0.27521938    0.30975540    0.32304776    0.27949246    0.32839622    0.29488500    0.30151483    0.29204270    0.00000000    0.13999839    0.14235873    0.14018527    0.16292019    0.13803062    0.15669129    0.14631502    0.24939320    0.27034820    0.32419310
T22            0.22681883    0.27949246    0.20240457    0.21352620    0.21966063    0.20212147    0.25706576    0.26607708    0.23009160    0.27521938    0.25356439    0.25048464    0.23640582    0.13999839    0.00000000    0.05867483    0.05662591    0.09922084    0.08342582    0.10576039    0.08963480    0.19825396    0.22098342    0.26840155
T23            0.22944279    0.28639137    0.20779125    0.21900446    0.22519772    0.21610368    0.26925490    0.28497042    0.25086791    0.27157933    0.26250752    0.26882297    0.24818149    0.14235873    0.05867483    0.00000000    0.06528098    0.10624377    0.08099594    0.10803435    0.08927943    0.19794179    0.22359029    0.26799066
T15            0.23604899    0.28639137    0.20269678    0.21384205    0.22000283    0.21095800    0.26291936    0.27201092    0.24171313    0.28123595    0.25627101    0.26250752    0.24742378    0.14018527    0.05662591    0.06528098    0.00000000    0.10653021    0.08123173    0.10134823    0.08724435    0.19857504    0.20978368    0.26882297
T4             0.25395721    0.30151483    0.22485709    0.23340925    0.24283854    0.23340925    0.28169886    0.28449680    0.27157933    0.31318425    0.29012525    0.29342924    0.27115833    0.16292019    0.09922084    0.10624377    0.10653021    0.00000000    0.05206561    0.11995787    0.10547699    0.21556042    0.23640582    0.26524388
T18            0.22554787    0.27434624    0.19203235    0.20299809    0.20904355    0.19454121    0.25747848    0.27290583    0.24474610    0.28123595    0.25627101    0.26250752    0.24742378    0.13803062    0.08342582    0.08099594    0.08123173    0.05206561    0.00000000    0.09428723    0.08266665    0.18857519    0.21674285    0.23942050
T21            0.26291936    0.32489529    0.23043056    0.23905457    0.24550506    0.23905457    0.30347457    0.30975540    0.27670370    0.31265380    0.28877126    0.28877126    0.28271116    0.15669129    0.10576039    0.10803435    0.10134823    0.11995787    0.09428723    0.00000000    0.05179307    0.24057724    0.27074795    0.28877126
T2             0.24706002    0.29579769    0.21035224    0.22389259    0.23009160    0.22389259    0.28877126    0.29488500    0.26299619    0.30347956    0.27792296    0.27792296    0.26885600    0.14631502    0.08963480    0.08927943    0.08724435    0.10547699    0.08266665    0.05179307    0.00000000    0.21932783    0.24872060    0.26921299
T0             0.14728585    0.25086791    0.19482757    0.21160078    0.20904355    0.20871671    0.23979627    0.25166474    0.23570195    0.25280931    0.24101249    0.24706002    0.23239498    0.24939320    0.19825396    0.19794179    0.19857504    0.21556042    0.18857519    0.24057724    0.21932783    0.00000000    0.14218140    0.18925269
T19            0.18075734    0.27272830    0.20387580    0.22944279    0.22681883    0.22068959    0.25280931    0.26484297    0.25480485    0.26921299    0.25718515    0.25718515    0.25446413    0.27034820    0.22098342    0.22359029    0.20978368    0.23640582    0.21674285    0.27074795    0.24872060    0.14218140    0.00000000    0.20951342
T3             0.21235629    0.32184744    0.25588902    0.27613509    0.27477748    0.26882297    0.29533572    0.30247195    0.29401735    0.32284208    0.31308621    0.31308621    0.30347956    0.32419310    0.26840155    0.26799066    0.26882297    0.26524388    0.23942050    0.28877126    0.26921299    0.18925269    0.20951342    0.00000000

