24
T20            0.00000000    0.22710839    0.21547529    0.21289600    0.20747594    0.21032603    0.27750581    0.23637053    0.17287497    0.16468934    0.17202411    0.18820288    0.20641098    0.20692490    0.17042735    0.15964290    0.17931427    0.19039909    0.20182411    0.20666329    0.21738810    0.19371440    0.20837167    0.13547987
T8             0.22710839    0.00000000    0.08099190    0.06073872    0.06098347    0.06304097    0.28631877    0.25347041    0.21349827    0.21897519    0.19649314    0.20776532    0.21777921    0.22356185    0.20237987    0.19649314    0.20901468    0.22961493    0.23831833    0.24331432    0.25203541    0.24167712    0.23039765    0.21289600
T21            0.21547529    0.08099190    0.00000000    0.02656446    0.07205131    0.06978344    0.29600146    0.26262101    0.20776532    0.21319247    0.20776532    0.21062357    0.22647847    0.22941223    0.19120226    0.18595084    0.22068201    0.22961493    0.24132268    0.24632770    0.23975882    0.23566835    0.23039765    0.21003776
T22            0.21289600    0.06073872    0.02656446    0.00000000    0.05425721    0.05206403    0.28031850    0.24775245    0.19956193    0.20209743    0.19120226    0.19397330    0.20948916    0.21518932    0.18049945    0.17533113    0.20360032    0.21810022    0.22386344    0.22880382    0.22812534    0.22417461    0.21897519    0.19346449
T14            0.20747594    0.06098347    0.07205131    0.05425721    0.00000000    0.01415452    0.28068167    0.24805336    0.19146240    0.19397330    0.18049945    0.19424115    0.20975880    0.21835826    0.18896037    0.17779590    0.20106970    0.21552766    0.22125797    0.22910315    0.23146990    0.21866200    0.21638962    0.19371440
T2             0.21032603    0.06304097    0.06978344    0.05206403    0.01415452    0.00000000    0.28068167    0.24805336    0.19146240    0.18844651    0.18321771    0.19703546    0.21260887    0.22710839    0.19173143    0.18049945    0.20392800    0.21847017    0.22417461    0.22910315    0.23447430    0.22157016    0.21929780    0.19649314
T11            0.27750581    0.28631877    0.29600146    0.28031850    0.28068167    0.28068167    0.00000000    0.04994439    0.19574743    0.20105907    0.27546448    0.29483203    0.28464786    0.32377902    0.27030442    0.25748736    0.30004404    0.30341314    0.31011789    0.30214855    0.31447507    0.30965851    0.31058893    0.28679042
T5             0.23637053    0.25347041    0.26262101    0.24775245    0.24805336    0.24805336    0.04994439    0.00000000    0.15394037    0.15893096    0.23703583    0.25819635    0.25714847    0.27903755    0.23798284    0.22588722    0.25973847    0.26920743    0.27268503    0.26229479    0.27347060    0.26605525    0.26677994    0.24814200
T19            0.17287497    0.21349827    0.20776532    0.19956193    0.19146240    0.19146240    0.19574743    0.15394037    0.00000000    0.03910341    0.16957063    0.17757310    0.18502411    0.19649314    0.16489374    0.15945229    0.18730728    0.20139815    0.19876565    0.20922887    0.19984548    0.19902199    0.20237987    0.17580541
T12            0.16468934    0.21897519    0.21319247    0.20209743    0.19397330    0.18844651    0.20105907    0.15893096    0.03910341    0.00000000    0.18275152    0.19095104    0.20410700    0.21547529    0.16998189    0.16187492    0.19259164    0.20680276    0.20410700    0.21464575    0.20521380    0.20155992    0.20776532    0.17556397
T6             0.17202411    0.19649314    0.20776532    0.19120226    0.18049945    0.18321771    0.27546448    0.23703583    0.16957063    0.18275152    0.00000000    0.12716592    0.14392002    0.12703454    0.16977198    0.17222390    0.16775987    0.18124203    0.18731762    0.19488076    0.21062357    0.19851844    0.19902199    0.16957063
T1             0.18820288    0.20776532    0.21062357    0.19397330    0.19424115    0.19703546    0.29483203    0.25819635    0.17757310    0.19095104    0.12716592    0.00000000    0.03069789    0.13510896    0.17510691    0.16998189    0.18673847    0.20075018    0.20666329    0.20641098    0.19371440    0.19574743    0.18796815    0.18073828
T10            0.20641098    0.21777921    0.22647847    0.20948916    0.20975880    0.21260887    0.28464786    0.25714847    0.18502411    0.20410700    0.14392002    0.03069789    0.00000000    0.15204747    0.19025113    0.18232060    0.19928743    0.21349827    0.22245191    0.21934050    0.21206275    0.21414016    0.20897796    0.19371440
T0             0.20692490    0.22356185    0.22941223    0.21518932    0.21835826    0.22710839    0.32377902    0.27903755    0.19649314    0.21547529    0.12703454    0.13510896    0.15204747    0.00000000    0.21319247    0.21003776    0.20551341    0.21997119    0.22588722    0.22796452    0.23601455    0.23798284    0.23566835    0.20436991
T16            0.17042735    0.20237987    0.19120226    0.18049945    0.18896037    0.19173143    0.27030442    0.23798284    0.16489374    0.16998189    0.16977198    0.17510691    0.19025113    0.21319247    0.00000000    0.03904177    0.11136671    0.12368534    0.12716592    0.13667426    0.13493531    0.12239015    0.13009524    0.16004922
T4             0.15964290    0.19649314    0.18595084    0.17533113    0.17779590    0.18049945    0.25748736    0.22588722    0.15945229    0.16187492    0.17222390    0.16998189    0.18232060    0.21003776    0.03904177    0.00000000    0.09921518    0.11120837    0.12458310    0.12913331    0.12730516    0.11499766    0.12007963    0.15204747
T9             0.17931427    0.20901468    0.22068201    0.20360032    0.20106970    0.20392800    0.30004404    0.25973847    0.18730728    0.19259164    0.16775987    0.18673847    0.19928743    0.20551341    0.11136671    0.09921518    0.00000000    0.01419996    0.09226786    0.08963086    0.15402400    0.13567709    0.13865317    0.17685668
T18            0.19039909    0.22961493    0.22961493    0.21810022    0.21552766    0.21847017    0.30341314    0.26920743    0.20139815    0.20680276    0.18124203    0.20075018    0.21349827    0.21997119    0.12368534    0.11120837    0.01419996    0.00000000    0.09934462    0.09662498    0.16469455    0.14853476    0.15164471    0.18791087
T15            0.20182411    0.23831833    0.24132268    0.22386344    0.22125797    0.22417461    0.31011789    0.27268503    0.19876565    0.20410700    0.18731762    0.20666329    0.22245191    0.22588722    0.12716592    0.12458310    0.09226786    0.09934462    0.00000000    0.06951922    0.18124203    0.16489374    0.17020036    0.19649314
T17            0.20666329    0.24331432    0.24632770    0.22880382    0.22910315    0.22910315    0.30214855    0.26229479    0.20922887    0.21464575    0.19488076    0.20641098    0.21934050    0.22796452    0.13667426    0.12913331    0.08963086    0.09662498    0.06951922    0.00000000    0.18321771    0.16430600    0.16957063    0.19902199
T3             0.21738810    0.25203541    0.23975882    0.22812534    0.23146990    0.23447430    0.31447507    0.27347060    0.19984548    0.20521380    0.21062357    0.19371440    0.21206275    0.23601455    0.13493531    0.12730516    0.15402400    0.16469455    0.18124203    0.18321771    0.00000000    0.07195121    0.09226786    0.18923056
T23            0.19371440    0.24167712    0.23566835    0.22417461    0.21866200    0.22157016    0.30965851    0.26605525    0.19902199    0.20155992    0.19851844    0.19574743    0.21414016    0.23798284    0.12239015    0.11499766    0.13567709    0.14853476    0.16489374    0.16430600    0.07195121    0.00000000    0.08289430    0.19397330
T13            0.20837167    0.23039765    0.23039765    0.21897519    0.21638962    0.21929780    0.31058893    0.26677994    0.20237987    0.20776532    0.19902199    0.18796815    0.20897796    0.23566835    0.13009524    0.12007963    0.13865317    0.15164471    0.17020036    0.16957063    0.09226786    0.08289430    0.00000000    0.19451795
T7             0.13547987    0.21289600    0.21003776    0.19346449    0.19371440    0.19649314    0.28679042    0.24814200    0.17580541    0.17556397    0.16957063    0.18073828    0.19371440    0.20436991    0.16004922    0.15204747    0.17685668    0.18791087    0.19649314    0.19902199    0.18923056    0.19397330    0.19451795    0.00000000

