24
T5             0.00000000    0.38368988    0.38438892    0.37287173    0.35545771    0.35119067    0.30684076    0.30350283    0.30306374    0.29689326    0.29689326    0.38804914    0.42092843    0.32308158    0.30875785    0.32387403    0.34814553    0.32735163    0.32980026    0.34179948    0.33227324    0.32683111    0.31943957    0.32441076
T4             0.38368988    0.00000000    0.00401106    0.02234691    0.07613930    0.07833161    0.23981421    0.24209556    0.25708591    0.25128067    0.25128067    0.30875785    0.36471245    0.25939886    0.25668262    0.27951326    0.29206610    0.26842245    0.26062064    0.28431750    0.27478205    0.28150574    0.31406924    0.30306374
T20            0.38438892    0.00401106    0.00000000    0.02236495    0.07622224    0.07841268    0.24020052    0.23943772    0.25749943    0.25168490    0.25168490    0.30926605    0.36533878    0.25980164    0.25708591    0.27993375    0.29251808    0.26884472    0.25482035    0.27831715    0.27514883    0.28190378    0.31456582    0.30350283
T13            0.37287173    0.02234691    0.02236495    0.00000000    0.06944830    0.07162340    0.23716676    0.23943772    0.24820013    0.24552371    0.24552371    0.30249922    0.36533878    0.25980164    0.25708591    0.27436797    0.29251808    0.26884472    0.26721898    0.28471485    0.27514883    0.28512327    0.32144923    0.30684076
T1             0.35545771    0.07613930    0.07622224    0.06944830    0.00000000    0.01008417    0.22001813    0.22521298    0.22782460    0.22226878    0.22226878    0.28126031    0.34209293    0.23981421    0.24020052    0.25012860    0.26526397    0.24247143    0.23442470    0.25176827    0.24212310    0.25143613    0.29298122    0.27514883
T17            0.35119067    0.07833161    0.07841268    0.07162340    0.01008417    0.00000000    0.22261085    0.22782460    0.23044577    0.22487170    0.22487170    0.28405841    0.34511298    0.24247143    0.24285720    0.25282638    0.26801073    0.24513850    0.23412635    0.25447888    0.24480886    0.25414779    0.29582298    0.27794031
T10            0.30684076    0.23981421    0.24020052    0.23716676    0.22001813    0.22261085    0.00000000    0.03272692    0.04124148    0.03277486    0.03277486    0.16756284    0.20019419    0.11031774    0.10329517    0.11943006    0.15669600    0.12692119    0.17224613    0.18755056    0.17413584    0.17697873    0.19854838    0.18483859
T18            0.30350283    0.24209556    0.23943772    0.23943772    0.22521298    0.22782460    0.03272692    0.00000000    0.04545369    0.03694678    0.03694678    0.17245546    0.20531639    0.11012855    0.10312453    0.11688561    0.15125087    0.12184061    0.16658694    0.18176193    0.17643934    0.17661027    0.20317618    0.18946679
T0             0.30306374    0.25708591    0.25749943    0.24820013    0.22782460    0.23044577    0.04124148    0.04545369    0.00000000    0.02442175    0.02442175    0.17267343    0.21111372    0.11500586    0.10793589    0.11934758    0.14631819    0.12680509    0.17470682    0.19006108    0.16871055    0.17413584    0.21183708    0.19237507
T21            0.29689326    0.25128067    0.25168490    0.24552371    0.22226878    0.22487170    0.03277486    0.03694678    0.02442175    0.00000000    0.00000000    0.17022428    0.20019419    0.11031774    0.10329517    0.11703110    0.14899918    0.12204101    0.16959182    0.18483859    0.16365798    0.16903697    0.20413960    0.18444468
T6             0.29689326    0.25128067    0.25168490    0.24552371    0.22226878    0.22487170    0.03277486    0.03694678    0.02442175    0.00000000    0.00000000    0.17022428    0.20019419    0.11031774    0.10329517    0.11703110    0.14899918    0.12204101    0.16959182    0.18483859    0.16365798    0.16903697    0.20413960    0.18444468
T19            0.38804914    0.30875785    0.30926605    0.30249922    0.28126031    0.28405841    0.16756284    0.17245546    0.17267343    0.17022428    0.17022428    0.00000000    0.15139705    0.20413960    0.18234438    0.20295868    0.25517218    0.21754007    0.24571958    0.25719983    0.22989178    0.24779686    0.28554276    0.27442618
T22            0.42092843    0.36471245    0.36533878    0.36533878    0.34209293    0.34511298    0.20019419    0.20531639    0.21111372    0.20019419    0.20019419    0.15139705    0.00000000    0.22537169    0.20853407    0.22989178    0.26852489    0.23678192    0.28885441    0.29529307    0.26447792    0.28283939    0.32100461    0.30938765
T11            0.32308158    0.25939886    0.25980164    0.25980164    0.23981421    0.24247143    0.11031774    0.11012855    0.11500586    0.11031774    0.11031774    0.20413960    0.22537169    0.00000000    0.03502313    0.06074166    0.10159970    0.06743990    0.20669611    0.21701579    0.21183708    0.21209719    0.23974338    0.22175332
T3             0.30875785    0.25668262    0.25708591    0.25708591    0.24020052    0.24285720    0.10329517    0.10312453    0.10793589    0.10329517    0.10329517    0.18234438    0.20853407    0.03502313    0.00000000    0.05419265    0.09698272    0.06528226    0.19301915    0.20876723    0.20085152    0.20388478    0.22884484    0.21393288
T15            0.32387403    0.27951326    0.27993375    0.27436797    0.25012860    0.25282638    0.11943006    0.11688561    0.11934758    0.11703110    0.11703110    0.20295868    0.22989178    0.06074166    0.05419265    0.00000000    0.10814425    0.07833161    0.20831039    0.21869319    0.20552274    0.21370289    0.24130046    0.21792416
T2             0.34814553    0.29206610    0.29251808    0.29251808    0.26526397    0.26801073    0.15669600    0.15125087    0.14631819    0.14899918    0.14899918    0.25517218    0.26852489    0.10159970    0.09698272    0.10814425    0.00000000    0.11106821    0.23678192    0.24750485    0.24510220    0.24841184    0.26818864    0.24940192
T14            0.32735163    0.26842245    0.26884472    0.26884472    0.24247143    0.24513850    0.12692119    0.12184061    0.12680509    0.12204101    0.12204101    0.21754007    0.23678192    0.06743990    0.06528226    0.07833161    0.11106821    0.00000000    0.21158644    0.21913681    0.21727313    0.21183708    0.24183866    0.22679427
T12            0.32980026    0.26062064    0.25482035    0.26721898    0.23442470    0.23412635    0.17224613    0.16658694    0.17470682    0.16959182    0.16959182    0.24571958    0.28885441    0.20669611    0.19301915    0.20831039    0.23678192    0.21158644    0.00000000    0.04549517    0.09877726    0.10838290    0.22302542    0.21111372
T8             0.34179948    0.28431750    0.27831715    0.28471485    0.25176827    0.25447888    0.18755056    0.18176193    0.19006108    0.18483859    0.18483859    0.25719983    0.29529307    0.21701579    0.20876723    0.21869319    0.24750485    0.21913681    0.04549517    0.00000000    0.11021930    0.12485279    0.23649482    0.22724735
T9             0.33227324    0.27478205    0.27514883    0.27514883    0.24212310    0.24480886    0.17413584    0.17643934    0.16871055    0.16365798    0.16365798    0.22989178    0.26447792    0.21183708    0.20085152    0.20552274    0.24510220    0.21727313    0.09877726    0.11021930    0.00000000    0.06728013    0.24604357    0.22774029
T16            0.32683111    0.28150574    0.28190378    0.28512327    0.25143613    0.25414779    0.17697873    0.17661027    0.17413584    0.16903697    0.16903697    0.24779686    0.28283939    0.21209719    0.20388478    0.21370289    0.24841184    0.21183708    0.10838290    0.12485279    0.06728013    0.00000000    0.24336250    0.21653003
T7             0.31943957    0.31406924    0.31456582    0.32144923    0.29298122    0.29582298    0.19854838    0.20317618    0.21183708    0.20413960    0.20413960    0.28554276    0.32100461    0.23974338    0.22884484    0.24130046    0.26818864    0.24183866    0.22302542    0.23649482    0.24604357    0.24336250    0.00000000    0.08260469
T23            0.32441076    0.30306374    0.30350283    0.30684076    0.27514883    0.27794031    0.18483859    0.18946679    0.19237507    0.18444468    0.18444468    0.27442618    0.30938765    0.22175332    0.21393288    0.21792416    0.24940192    0.22679427    0.21111372    0.22724735    0.22774029    0.21653003    0.08260469    0.00000000

