24
T16            0.00000000    0.42410725    0.43153284    0.42747711    0.43493479    0.39563510    0.32630718    0.33176279    0.32878115    0.33681127    0.33334668    0.33035157    0.25753210    0.20722517    0.21006827    0.20978850    0.21901021    0.21901021    0.21322501    0.26525253    0.26251610    0.27116735    0.27756431    0.25210226
T23            0.42410725    0.00000000    0.02866605    0.02447274    0.03073403    0.16397233    0.47309659    0.45203335    0.44007777    0.46776214    0.47219654    0.45121276    0.48720262    0.46361583    0.46795362    0.46561358    0.45708639    0.45287684    0.46715647    0.49775216    0.49860110    0.50317738    0.50779603    0.47557928
T20            0.43153284    0.02866605    0.00000000    0.00401612    0.01008415    0.16939542    0.47667071    0.45551340    0.44350535    0.47131365    0.47576780    0.45469065    0.49531670    0.47151316    0.47590823    0.47350571    0.45637703    0.46060438    0.47508991    0.50145638    0.50230751    0.52572989    0.53054929    0.47918470
T8             0.42747711    0.02447274    0.00401612    0.00000000    0.00602722    0.16414315    0.48118537    0.45985144    0.44775113    0.47576780    0.48026208    0.45900987    0.49086316    0.46715647    0.47151316    0.46916809    0.45218521    0.45637703    0.47071416    0.50603257    0.50690483    0.53054929    0.53541570    0.48356020
T22            0.43493479    0.03073403    0.01008415    0.00602722    0.00000000    0.17185077    0.48937397    0.46776214    0.45551340    0.47488224    0.47935632    0.45818496    0.50352941    0.47950439    0.48395827    0.48149125    0.45568452    0.45989400    0.48311811    0.51910002    0.52001854    0.53644368    0.54922480    0.49610996
T5             0.39563510    0.16397233    0.16939542    0.16414315    0.17185077    0.00000000    0.45082430    0.43493479    0.43153284    0.45151027    0.44737066    0.43981701    0.45598965    0.44549726    0.44958587    0.44203316    0.43919309    0.43515403    0.43234597    0.45852429    0.45920063    0.48957258    0.49860110    0.44203316
T4             0.32630718    0.47309659    0.47667071    0.48118537    0.48937397    0.45082430    0.00000000    0.03910428    0.03483237    0.06271229    0.06492508    0.05182178    0.40292407    0.36691379    0.37058208    0.37373128    0.34685773    0.34333195    0.34891120    0.38117741    0.38436814    0.39579332    0.40355812    0.38757290
T3             0.33176279    0.45203335    0.45551340    0.45985144    0.46776214    0.43493479    0.03910428    0.00000000    0.02859743    0.06276486    0.06498258    0.05185713    0.41280265    0.38757290    0.39136663    0.37953865    0.35250457    0.34896637    0.35558312    0.38326158    0.38646632    0.39518944    0.40292407    0.39346453
T6             0.32878115    0.44007777    0.44350535    0.44775113    0.45551340    0.43153284    0.03483237    0.02859743    0.00000000    0.05831594    0.06050927    0.04751089    0.41218182    0.37953865    0.38326158    0.37168406    0.34501080    0.34153428    0.36121545    0.37533876    0.37851627    0.39346453    0.40111006    0.38541680
T15            0.33681127    0.46776214    0.47131365    0.47576780    0.47488224    0.45151027    0.06271229    0.06276486    0.05831594    0.00000000    0.00200402    0.01824815    0.42075280    0.38380780    0.38757290    0.36853375    0.35606804    0.35250457    0.37168816    0.39346453    0.39671215    0.42010035    0.42814660    0.40767878
T14            0.33334668    0.47219654    0.47576780    0.48026208    0.47935632    0.44737066    0.06492508    0.06498258    0.06050927    0.00200402    0.00000000    0.02031440    0.41676189    0.38757290    0.39136663    0.37217514    0.35965716    0.35606804    0.37541126    0.39727265    0.40053483    0.42410725    0.43221892    0.41157609
T17            0.33035157    0.45121276    0.45469065    0.45900987    0.45818496    0.43981701    0.05182178    0.05185713    0.04751089    0.01824815    0.02031440    0.00000000    0.40558227    0.37689418    0.38061716    0.36539711    0.34590836    0.34240738    0.35758710    0.37533876    0.37851627    0.40497722    0.41280265    0.39291855
T1             0.25753210    0.48720262    0.49531670    0.49086316    0.50352941    0.45598965    0.40292407    0.41280265    0.41218182    0.42075280    0.41676189    0.40558227    0.00000000    0.12903627    0.13148817    0.12669629    0.13212827    0.12964581    0.15464780    0.18300259    0.18052156    0.19097560    0.20212617    0.16658467
T13            0.20722517    0.46361583    0.47151316    0.46715647    0.47950439    0.44549726    0.36691379    0.38757290    0.37953865    0.38380780    0.38757290    0.37689418    0.12903627    0.00000000    0.00602416    0.04554300    0.07195500    0.06969197    0.11753111    0.14899739    0.14660770    0.15686960    0.16734703    0.14141806
T11            0.21006827    0.46795362    0.47590823    0.47151316    0.48395827    0.44958587    0.37058208    0.39136663    0.38326158    0.38757290    0.39136663    0.38061716    0.13148817    0.00602416    0.00000000    0.04770785    0.07422834    0.07195500    0.11995921    0.15154964    0.14915346    0.15946840    0.17000114    0.14393173
T10            0.20978850    0.46561358    0.47350571    0.46916809    0.48149125    0.44203316    0.37373128    0.37953865    0.37168406    0.36853375    0.37217514    0.36539711    0.12669629    0.04554300    0.04770785    0.00000000    0.07205534    0.06978716    0.11765449    0.15428427    0.15188321    0.15705394    0.16755901    0.13655266
T21            0.21901021    0.45708639    0.45637703    0.45218521    0.45568452    0.43919309    0.34685773    0.35250457    0.34501080    0.35606804    0.35965716    0.34590836    0.13212827    0.07195500    0.07422834    0.07205534    0.00000000    0.00200402    0.12282841    0.16824588    0.16581619    0.16315493    0.17388624    0.14728822
T2             0.21901021    0.45287684    0.46060438    0.45637703    0.45989400    0.43515403    0.34333195    0.34896637    0.34153428    0.35250457    0.35606804    0.34240738    0.12964581    0.06969197    0.07195500    0.06978716    0.00200402    0.00000000    0.12037035    0.16557751    0.16315493    0.16050778    0.17118169    0.14472935
T12            0.21322501    0.46715647    0.47508991    0.47071416    0.48311811    0.43234597    0.34891120    0.35558312    0.36121545    0.37168816    0.37541126    0.35758710    0.15464780    0.11753111    0.11995921    0.11765449    0.12282841    0.12037035    0.00000000    0.13713057    0.13478139    0.14018757    0.15047633    0.12994522
T0             0.26525253    0.49775216    0.50145638    0.50603257    0.51910002    0.45852429    0.38117741    0.38326158    0.37533876    0.39346453    0.39727265    0.37533876    0.18300259    0.14899739    0.15154964    0.15428427    0.16824588    0.16557751    0.13713057    0.00000000    0.00200301    0.08741313    0.09674023    0.10329449
T18            0.26251610    0.49860110    0.50230751    0.50690483    0.52001854    0.45920063    0.38436814    0.38646632    0.37851627    0.39671215    0.40053483    0.37851627    0.18052156    0.14660770    0.14915346    0.15188321    0.16581619    0.16315493    0.13478139    0.00200301    0.00000000    0.08519794    0.09450334    0.10103174
T7             0.27116735    0.50317738    0.52572989    0.53054929    0.53644368    0.48957258    0.39579332    0.39518944    0.39346453    0.42010035    0.42410725    0.40497722    0.19097560    0.15686960    0.15946840    0.15705394    0.16315493    0.16050778    0.14018757    0.08741313    0.08519794    0.00000000    0.02444406    0.08710597
T19            0.27756431    0.50779603    0.53054929    0.53541570    0.54922480    0.49860110    0.40355812    0.40292407    0.40111006    0.42814660    0.43221892    0.41280265    0.20212617    0.16734703    0.17000114    0.16755901    0.17388624    0.17118169    0.15047633    0.09674023    0.09450334    0.02444406    0.00000000    0.09634649
T9             0.25210226    0.47557928    0.47918470    0.48356020    0.49610996    0.44203316    0.38757290    0.39346453    0.38541680    0.40767878    0.41157609    0.39291855    0.16658467    0.14141806    0.14393173    0.13655266    0.14728822    0.14472935    0.12994522    0.10329449    0.10103174    0.08710597    0.09634649    0.00000000

