24
T2             0.00000000    0.44322782    0.39038298    0.38655110    0.37266432    0.39102457    0.39038298    0.38975544    0.38018410    0.42387637    0.42322726    0.40209904    0.40599056    0.19507473    0.17333425    0.18122271    0.25103381    0.25544135    0.12330640    0.12118774    0.11169735    0.13142835    0.12296784    0.11820700
T15            0.44322782    0.00000000    0.27191723    0.25698242    0.26010767    0.26598723    0.26242254    0.26598723    0.25781405    0.30474934    0.30094537    0.26711764    0.26790396    0.41373655    0.42949183    0.42704477    0.59884258    0.58797027    0.46059397    0.46391424    0.44827891    0.47727722    0.49264803    0.48448971
T18            0.39038298    0.27191723    0.00000000    0.05200055    0.09264384    0.09486835    0.10216820    0.11169735    0.09500798    0.14271341    0.14252084    0.11332876    0.11332876    0.34795404    0.36202873    0.36389551    0.54278275    0.52057946    0.42662654    0.40929152    0.39102457    0.42735245    0.44588758    0.43411394
T4             0.38655110    0.25698242    0.05200055    0.00000000    0.06303868    0.06968571    0.06978047    0.08341683    0.06527586    0.11105050    0.10849767    0.08308010    0.08308010    0.34795404    0.34377656    0.34570978    0.51873556    0.51118797    0.40398959    0.38717795    0.36952958    0.41258656    0.41055888    0.40726689
T16            0.37266432    0.26010767    0.09264384    0.06303868    0.00000000    0.01829777    0.03488786    0.05867064    0.05418876    0.09418216    0.09642434    0.06931523    0.06931523    0.34551494    0.33775367    0.34322209    0.50655757    0.51302046    0.40138524    0.37326136    0.35962318    0.40601114    0.40792710    0.39683531
T14            0.39102457    0.26598723    0.09486835    0.06968571    0.01829777    0.00000000    0.04123947    0.06081147    0.06073678    0.10111931    0.10337992    0.07598864    0.07598864    0.34492300    0.35159081    0.35712306    0.51964781    0.52631607    0.41258656    0.38781872    0.37387186    0.42548939    0.42735245    0.41589639
T22            0.39038298    0.26242254    0.10216820    0.06978047    0.03488786    0.04123947    0.00000000    0.06089290    0.06081147    0.10597543    0.10585880    0.07832462    0.07832462    0.34795404    0.34020475    0.34570978    0.51873556    0.51773827    0.41189586    0.39490102    0.37702119    0.41806147    0.42256095    0.41121996
T0             0.38975544    0.26598723    0.11169735    0.08341683    0.05867064    0.06081147    0.06089290    0.00000000    0.08341683    0.13276094    0.13258612    0.10383864    0.10383864    0.36576051    0.35771738    0.36330007    0.53689579    0.53888424    0.40726689    0.39424446    0.37641007    0.42809371    0.42999815    0.41852816
T8             0.38018410    0.25781405    0.09500798    0.06527586    0.05418876    0.06073678    0.06081147    0.08341683    0.00000000    0.08494385    0.08487627    0.05827712    0.05827712    0.36022352    0.35587353    0.35405396    0.49912844    0.50553751    0.41329205    0.39625661    0.37828414    0.42625948    0.42399478    0.41258656
T21            0.42387637    0.30474934    0.14271341    0.11105050    0.09418216    0.10111931    0.10597543    0.13276094    0.08494385    0.00000000    0.05632168    0.03485635    0.03274663    0.44392645    0.43881422    0.43222652    0.55756109    0.60472569    0.48087470    0.46222072    0.43826390    0.47727722    0.49264803    0.48002471
T11            0.42322726    0.30094537    0.14252084    0.10849767    0.09642434    0.10337992    0.10585880    0.13258612    0.08487627    0.05632168    0.00000000    0.02444341    0.02857194    0.42625948    0.41329205    0.41520454    0.55858396    0.58968807    0.46846510    0.45281387    0.43338524    0.47202359    0.48280276    0.47041881
T20            0.40209904    0.26711764    0.11332876    0.08308010    0.06931523    0.07598864    0.07832462    0.10383864    0.05827712    0.03485635    0.02444341    0.00000000    0.00401206    0.39695563    0.39234986    0.39424446    0.52636068    0.55564243    0.44857597    0.43072546    0.41189586    0.45359857    0.45980563    0.44782554
T10            0.40599056    0.26790396    0.11332876    0.08308010    0.06931523    0.07598864    0.07832462    0.10383864    0.05827712    0.03274663    0.02857194    0.00401206    0.00000000    0.40090872    0.39625661    0.39813599    0.52345335    0.56069391    0.45281387    0.43485827    0.41589639    0.45789105    0.46411662    0.45204555
T12            0.19507473    0.41373655    0.34795404    0.34795404    0.34551494    0.34492300    0.34795404    0.36576051    0.36022352    0.44392645    0.42625948    0.39695563    0.40090872    0.00000000    0.04123947    0.04549279    0.34226969    0.35127748    0.22092838    0.21574437    0.20264715    0.21833166    0.21574437    0.21030096
T19            0.17333425    0.42949183    0.36202873    0.34377656    0.33775367    0.35159081    0.34020475    0.35771738    0.35587353    0.43881422    0.41329205    0.39234986    0.39625661    0.04123947    0.00000000    0.01617352    0.33234104    0.33413572    0.20638914    0.19621477    0.18344498    0.19874465    0.20128362    0.19596672
T7             0.18122271    0.42704477    0.36389551    0.34570978    0.34322209    0.35712306    0.34570978    0.36330007    0.35405396    0.43222652    0.41520454    0.39424446    0.39813599    0.04549279    0.01617352    0.00000000    0.33879715    0.34063776    0.21462191    0.20434724    0.19144160    0.20690195    0.20946592    0.20128362
T5             0.25103381    0.59884258    0.54278275    0.51873556    0.50655757    0.51964781    0.51873556    0.53689579    0.49912844    0.55756109    0.55858396    0.52636068    0.52345335    0.34226969    0.33234104    0.33879715    0.00000000    0.14215967    0.29232625    0.28274060    0.26777585    0.28875123    0.27777799    0.27189699
T6             0.25544135    0.58797027    0.52057946    0.51118797    0.51302046    0.52631607    0.51773827    0.53888424    0.50553751    0.60472569    0.58968807    0.55564243    0.56069391    0.35127748    0.33413572    0.34063776    0.14215967    0.00000000    0.29150240    0.28101303    0.26674028    0.28063970    0.27893853    0.27925661
T13            0.12330640    0.46059397    0.42662654    0.40398959    0.40138524    0.41258656    0.41189586    0.40726689    0.41329205    0.48087470    0.46846510    0.44857597    0.45281387    0.22092838    0.20638914    0.21462191    0.29232625    0.29150240    0.00000000    0.06497827    0.05189659    0.09933895    0.09876632    0.09418216
T9             0.12118774    0.46391424    0.40929152    0.38717795    0.37326136    0.38781872    0.39490102    0.39424446    0.39625661    0.46222072    0.45281387    0.43072546    0.43485827    0.21574437    0.19621477    0.20434724    0.28274060    0.28101303    0.06497827    0.00000000    0.02857194    0.08782581    0.09194731    0.08740486
T23            0.11169735    0.44827891    0.39102457    0.36952958    0.35962318    0.37387186    0.37702119    0.37641007    0.37828414    0.43826390    0.43338524    0.41189586    0.41589639    0.20264715    0.18344498    0.19144160    0.26777585    0.26674028    0.05189659    0.02857194    0.00000000    0.07879775    0.08289095    0.07840520
T1             0.13142835    0.47727722    0.42735245    0.41258656    0.40601114    0.42548939    0.41806147    0.42809371    0.42625948    0.47727722    0.47202359    0.45359857    0.45789105    0.21833166    0.19874465    0.20690195    0.28875123    0.28063970    0.09933895    0.08782581    0.07879775    0.00000000    0.08088111    0.08098803
T3             0.12296784    0.49264803    0.44588758    0.41055888    0.40792710    0.42735245    0.42256095    0.42999815    0.42399478    0.49264803    0.48280276    0.45980563    0.46411662    0.21574437    0.20128362    0.20946592    0.27777799    0.27893853    0.09876632    0.09194731    0.08289095    0.08088111    0.00000000    0.01212483
T17            0.11820700    0.48448971    0.43411394    0.40726689    0.39683531    0.41589639    0.41121996    0.41852816    0.41258656    0.48002471    0.47041881    0.44782554    0.45204555    0.21030096    0.19596672    0.20128362    0.27189699    0.27925661    0.09418216    0.08740486    0.07840520    0.08098803    0.01212483    0.00000000

