24
T20            0.00000000    0.24437859    0.24670295    0.21110230    0.21700306    0.21133355    0.23604635    0.23943162    0.24334461    0.19257097    0.25445985    0.26784380    0.22174105    0.29318905    0.26416585    0.26445967    0.25445985    0.27755102    0.26798704    0.28594645    0.26609013    0.29626679    0.15187937    0.12022323
T3             0.24437859    0.00000000    0.12253204    0.23176434    0.23382281    0.22798761    0.25356137    0.25445985    0.25244350    0.23536175    0.27234590    0.28281746    0.23972707    0.30392391    0.28673102    0.29279455    0.27311241    0.27115471    0.25480080    0.26369897    0.26609013    0.28965878    0.28390761    0.24871655
T14            0.24670295    0.12253204    0.00000000    0.24742078    0.24635917    0.24034815    0.27660617    0.26839813    0.26565203    0.24135483    0.29159804    0.28281746    0.24570203    0.28035551    0.29891142    0.29931584    0.27629010    0.30398922    0.28638730    0.29911935    0.29342538    0.29391002    0.28316969    0.25718063
T12            0.21110230    0.23176434    0.24742078    0.00000000    0.02031433    0.01619038    0.10879333    0.10112843    0.09887513    0.11792210    0.15170838    0.17148843    0.13981844    0.19072651    0.18482954    0.18503965    0.16512088    0.21707463    0.20553792    0.21965863    0.20132449    0.22888441    0.25837573    0.22460008
T22            0.21700306    0.23382281    0.24635917    0.02031433    0.00000000    0.00401612    0.11106427    0.10814123    0.10825662    0.12267514    0.15668949    0.17660260    0.14692799    0.19600558    0.18733258    0.18754110    0.17021544    0.22259357    0.21095602    0.22519557    0.20668385    0.23226830    0.27030591    0.23593634
T5             0.21133355    0.22798761    0.24034815    0.01619038    0.00401612    0.00000000    0.10624325    0.10338917    0.10349320    0.11778331    0.15154571    0.17132292    0.14184958    0.19049249    0.18193875    0.18213262    0.16490744    0.21674087    0.20523748    0.21932569    0.20107791    0.22627492    0.26416585    0.23011825
T15            0.23604635    0.25356137    0.27660617    0.10879333    0.11106427    0.10624325    0.00000000    0.12850850    0.12369535    0.14955231    0.19231832    0.21900217    0.17607332    0.23753290    0.23376451    0.23413194    0.21299548    0.23960958    0.22444270    0.23917491    0.22851573    0.25208402    0.30104832    0.27115471
T21            0.23943162    0.25445985    0.26839813    0.10112843    0.10814123    0.10338917    0.12850850    0.00000000    0.07613777    0.15809642    0.19122145    0.22012735    0.18276764    0.23536175    0.22301125    0.22329445    0.20808856    0.25877561    0.25249964    0.26786614    0.25048163    0.27156944    0.30839734    0.27197880
T10            0.24334461    0.25244350    0.26565203    0.09887513    0.10825662    0.10349320    0.12369535    0.07613777    0.00000000    0.15569745    0.19148233    0.21182459    0.17534701    0.23272050    0.21808830    0.21838345    0.19705714    0.24363618    0.23753290    0.25249964    0.23869568    0.25922919    0.30636141    0.26995482
T19            0.19257097    0.23536175    0.24135483    0.11792210    0.12267514    0.11778331    0.14955231    0.15809642    0.15569745    0.00000000    0.12253204    0.14914969    0.12267514    0.18126082    0.16734238    0.16755438    0.14293813    0.22146388    0.20395499    0.21813178    0.20523748    0.21193441    0.23860595    0.20294828
T7             0.25445985    0.27234590    0.29159804    0.15170838    0.15668949    0.15154571    0.19231832    0.19122145    0.19148233    0.12253204    0.00000000    0.19216961    0.16153311    0.21493530    0.20039369    0.20061248    0.16958387    0.24939102    0.23113533    0.24589715    0.23536175    0.25789890    0.27372698    0.25412927
T9             0.26784380    0.28281746    0.28281746    0.17148843    0.17660260    0.17132292    0.21900217    0.22012735    0.21182459    0.14914969    0.19216961    0.00000000    0.08954838    0.13712748    0.13184523    0.12704116    0.11092049    0.26798704    0.26798704    0.27711995    0.24240127    0.26096016    0.32188279    0.28182804
T13            0.22174105    0.23972707    0.24570203    0.13981844    0.14692799    0.14184958    0.17607332    0.18276764    0.17534701    0.12267514    0.16153311    0.08954838    0.00000000    0.09673873    0.08266597    0.07818946    0.06074057    0.24589715    0.22780706    0.23042810    0.21235350    0.24207572    0.26361073    0.23543356
T23            0.29318905    0.30392391    0.28035551    0.19072651    0.19600558    0.19049249    0.23753290    0.23536175    0.23272050    0.18126082    0.21493530    0.13712748    0.09673873    0.00000000    0.12529611    0.12052048    0.10427364    0.29595937    0.28594732    0.28875591    0.26839813    0.28826033    0.32011608    0.29279455
T6             0.26416585    0.28673102    0.29891142    0.18482954    0.18733258    0.18193875    0.23376451    0.22301125    0.21808830    0.16734238    0.20039369    0.13184523    0.08266597    0.12529611    0.00000000    0.00401105    0.05846445    0.28496717    0.26881974    0.27157591    0.24602553    0.28078020    0.30541802    0.27559217
T8             0.26445967    0.29279455    0.29931584    0.18503965    0.18754110    0.18213262    0.23413194    0.22329445    0.21838345    0.16755438    0.20061248    0.12704116    0.07818946    0.12052048    0.00401105    0.00000000    0.05413141    0.28545183    0.26925186    0.27200770    0.24635917    0.28123251    0.30574875    0.27589115
T0             0.25445985    0.27311241    0.27629010    0.16512088    0.17021544    0.16490744    0.21299548    0.20808856    0.19705714    0.14293813    0.16958387    0.11092049    0.06074057    0.10427364    0.05846445    0.05413141    0.00000000    0.26513152    0.24939102    0.25207592    0.23305877    0.26740254    0.29851852    0.26885097
T18            0.27755102    0.27115471    0.30398922    0.21707463    0.22259357    0.21674087    0.23960958    0.25877561    0.24363618    0.22146388    0.24939102    0.26798704    0.24589715    0.29595937    0.28496717    0.28545183    0.26513152    0.00000000    0.03284827    0.04349369    0.05621459    0.07662195    0.30970956    0.28594645
T16            0.26798704    0.25480080    0.28638730    0.20553792    0.21095602    0.20523748    0.22444270    0.25249964    0.23753290    0.20395499    0.23113533    0.26798704    0.22780706    0.28594732    0.26881974    0.26925186    0.24939102    0.03284827    0.00000000    0.01414112    0.05179268    0.07869624    0.29644968    0.27311241
T1             0.28594645    0.26369897    0.29911935    0.21965863    0.22519557    0.21932569    0.23917491    0.26786614    0.25249964    0.21813178    0.24589715    0.27711995    0.23042810    0.28875591    0.27157591    0.27200770    0.25207592    0.04349369    0.01414112    0.00000000    0.06266593    0.09017194    0.31509359    0.29116910
T17            0.26609013    0.26609013    0.29342538    0.20132449    0.20668385    0.20107791    0.22851573    0.25048163    0.23869568    0.20523748    0.23536175    0.24240127    0.21235350    0.26839813    0.24602553    0.24635917    0.23305877    0.05621459    0.05179268    0.06266593    0.00000000    0.06727890    0.29133044    0.26816874
T2             0.29626679    0.28965878    0.29391002    0.22888441    0.23226830    0.22627492    0.25208402    0.27156944    0.25922919    0.21193441    0.25789890    0.26096016    0.24207572    0.28826033    0.28078020    0.28123251    0.26740254    0.07662195    0.07869624    0.09017194    0.06727890    0.00000000    0.32579284    0.29488021
T11            0.15187937    0.28390761    0.28316969    0.25837573    0.27030591    0.26416585    0.30104832    0.30839734    0.30636141    0.23860595    0.27372698    0.32188279    0.26361073    0.32011608    0.30541802    0.30574875    0.29851852    0.30970956    0.29644968    0.31509359    0.29133044    0.32579284    0.00000000    0.05189880
T4             0.12022323    0.24871655    0.25718063    0.22460008    0.23593634    0.23011825    0.27115471    0.27197880    0.26995482    0.20294828    0.25412927    0.28182804    0.23543356    0.29279455    0.27559217    0.27589115    0.26885097    0.28594645    0.27311241    0.29116910    0.26816874    0.29488021    0.05189880    0.00000000

