24
T15            0.00000000    0.42312471    0.41539429    0.44002671    0.42755854    0.42755854    0.46416906    0.46416906    0.45629633    0.46065163    0.46065163    0.39377118    0.38991990    0.33633073    0.29740884    0.30798066    0.31423000    0.31049293    0.33287896    0.34478750    0.42347076    0.39962319    0.38290658    0.35973172
T14            0.42312471    0.00000000    0.08550788    0.08529315    0.07631007    0.07631007    0.12298338    0.12298338    0.11822151    0.11577567    0.11091967    0.14948579    0.14948579    0.28428959    0.27754991    0.29116418    0.28428959    0.29034110    0.30549351    0.35500788    0.40810972    0.39377118    0.41091038    0.36413087
T21            0.41539429    0.08550788    0.00000000    0.02862837    0.02241971    0.02241971    0.10159567    0.10159567    0.09461980    0.09227175    0.09227175    0.16978458    0.16978458    0.30680535    0.29644582    0.30391808    0.30346876    0.30391808    0.32530409    0.36909279    0.41539429    0.40090259    0.41826481    0.39043566
T19            0.44002671    0.08529315    0.02862837    0.00000000    0.01823237    0.01823237    0.10611046    0.10611046    0.09909738    0.09673825    0.09205318    0.16413816    0.16413816    0.31599647    0.29890843    0.30635643    0.30591915    0.30059259    0.32780351    0.37537816    0.42611520    0.40744645    0.42494200    0.39685912
T23            0.42755854    0.07631007    0.02241971    0.01823237    0.00000000    0.00000000    0.09450137    0.09450137    0.09461980    0.09227175    0.08760852    0.15411056    0.15411056    0.30680535    0.28994642    0.29728910    0.29686177    0.29728910    0.31847111    0.36539824    0.41539429    0.40090259    0.41421012    0.38649277
T20            0.42755854    0.07631007    0.02241971    0.01823237    0.00000000    0.00000000    0.09450137    0.09450137    0.09461980    0.09227175    0.08760852    0.15411056    0.15411056    0.30680535    0.28994642    0.29728910    0.29686177    0.29728910    0.31847111    0.36539824    0.41539429    0.40090259    0.41421012    0.38649277
T2             0.46416906    0.12298338    0.10159567    0.10611046    0.09450137    0.09450137    0.00000000    0.00000000    0.10837899    0.10598594    0.10123399    0.20721550    0.20438890    0.33223193    0.32141720    0.32234669    0.32875599    0.33273873    0.34428113    0.37912817    0.43848020    0.41539429    0.43321953    0.41969259
T1             0.46416906    0.12298338    0.10159567    0.10611046    0.09450137    0.09450137    0.00000000    0.00000000    0.10837899    0.10598594    0.10123399    0.20721550    0.20438890    0.33223193    0.32141720    0.32234669    0.32875599    0.33273873    0.34428113    0.37912817    0.43848020    0.41539429    0.43321953    0.41969259
T12            0.45629633    0.11822151    0.09461980    0.09909738    0.09461980    0.09461980    0.10837899    0.10837899    0.00000000    0.00200402    0.00603636    0.20466147    0.20466147    0.32234669    0.32530409    0.32628149    0.32578672    0.32628149    0.34478750    0.40810972    0.45732376    0.43359220    0.46065163    0.42302092
T0             0.46065163    0.11577567    0.09227175    0.09673825    0.09227175    0.09227175    0.10598594    0.10598594    0.00200402    0.00000000    0.00401612    0.20184284    0.20184284    0.31893022    0.32187591    0.32282954    0.32234669    0.32282954    0.34125003    0.40416723    0.45304330    0.42948770    0.45629633    0.41886474
T10            0.46065163    0.11091967    0.09227175    0.09205318    0.08760852    0.08760852    0.10123399    0.10123399    0.00603636    0.00401612    0.00000000    0.19625290    0.19625290    0.31553698    0.31847111    0.31940131    0.31893022    0.31599647    0.33424944    0.39637446    0.44459098    0.42137860    0.44769811    0.41065479
T6             0.39377118    0.14948579    0.16978458    0.16413816    0.15411056    0.15411056    0.20721550    0.20721550    0.20466147    0.20184284    0.19625290    0.00000000    0.00401208    0.30219011    0.26445948    0.28711243    0.28672818    0.29931223    0.28599334    0.34075618    0.40166424    0.38377577    0.39637446    0.35909585
T7             0.38991990    0.14948579    0.16978458    0.16413816    0.15411056    0.15411056    0.20438890    0.20438890    0.20466147    0.20184284    0.19625290    0.00401208    0.00000000    0.29890843    0.26140850    0.28711243    0.28353057    0.29604128    0.28281612    0.34075618    0.40166424    0.38377577    0.39637446    0.35909585
T11            0.33633073    0.28428959    0.30680535    0.31599647    0.30680535    0.30680535    0.33223193    0.33223193    0.32234669    0.31893022    0.31553698    0.30219011    0.29890843    0.00000000    0.06952128    0.08319249    0.07412842    0.09673825    0.10565741    0.27758131    0.35111909    0.33726380    0.33890777    0.28919091
T17            0.29740884    0.27754991    0.29644582    0.29890843    0.28994642    0.28994642    0.32141720    0.32141720    0.32530409    0.32187591    0.31847111    0.26445948    0.26140850    0.06952128    0.00000000    0.04559714    0.03280816    0.06735496    0.07599335    0.24618822    0.31303082    0.29672881    0.29813546    0.26333682
T3             0.30798066    0.29116418    0.30391808    0.30635643    0.29728910    0.29728910    0.32234669    0.32234669    0.32628149    0.32282954    0.31940131    0.28711243    0.28711243    0.08319249    0.04559714    0.00000000    0.03728975    0.07640683    0.08281295    0.24913994    0.31303082    0.29035424    0.29167826    0.26024797
T8             0.31423000    0.28428959    0.30346876    0.30591915    0.29686177    0.29686177    0.32875599    0.32875599    0.32578672    0.32234669    0.31893022    0.28672818    0.28353057    0.07412842    0.03280816    0.03728975    0.00000000    0.07195371    0.08060832    0.25484128    0.31930579    0.30284253    0.30757922    0.26920505
T22            0.31049293    0.29034110    0.30391808    0.30059259    0.29728910    0.29728910    0.33273873    0.33273873    0.32628149    0.32282954    0.31599647    0.29931223    0.29604128    0.09673825    0.06735496    0.07640683    0.07195371    0.00000000    0.07162205    0.27589159    0.34283871    0.32563783    0.32734569    0.27829035
T5             0.33287896    0.30549351    0.32530409    0.32780351    0.31847111    0.31847111    0.34428113    0.34428113    0.34478750    0.34125003    0.33424944    0.28599334    0.28281612    0.10565741    0.07599335    0.08281295    0.08060832    0.07162205    0.00000000    0.28122649    0.34238354    0.33463215    0.33633073    0.29318554
T13            0.34478750    0.35500788    0.36909279    0.37537816    0.36539824    0.36539824    0.37912817    0.37912817    0.40810972    0.40416723    0.39637446    0.34075618    0.34075618    0.27758131    0.24618822    0.24913994    0.25484128    0.27589159    0.28122649    0.00000000    0.17908612    0.15339157    0.15652164    0.10837899
T18            0.42347076    0.40810972    0.41539429    0.42611520    0.41539429    0.41539429    0.43848020    0.43848020    0.45732376    0.45304330    0.44459098    0.40166424    0.40166424    0.35111909    0.31303082    0.31303082    0.31930579    0.34283871    0.34238354    0.17908612    0.00000000    0.04972935    0.11042064    0.16188604
T16            0.39962319    0.39377118    0.40090259    0.40744645    0.40090259    0.40090259    0.41539429    0.41539429    0.43359220    0.42948770    0.42137860    0.38377577    0.38377577    0.33726380    0.29672881    0.29035424    0.30284253    0.32563783    0.33463215    0.15339157    0.04972935    0.00000000    0.09177998    0.15704878
T4             0.38290658    0.41091038    0.41826481    0.42494200    0.41421012    0.41421012    0.43321953    0.43321953    0.46065163    0.45629633    0.44769811    0.39637446    0.39637446    0.33890777    0.29813546    0.29167826    0.30757922    0.32734569    0.33633073    0.15652164    0.11042064    0.09177998    0.00000000    0.15224484
T9             0.35973172    0.36413087    0.39043566    0.39685912    0.38649277    0.38649277    0.41969259    0.41969259    0.42302092    0.41886474    0.41065479    0.35909585    0.35909585    0.28919091    0.26333682    0.26024797    0.26920505    0.27829035    0.29318554    0.10837899    0.16188604    0.15704878    0.15224484    0.00000000

