24
T19            0.00000000    0.31262195    0.31509696    0.24402403    0.24939284    0.31403661    0.26681831    0.23737111    0.23207414    0.24100962    0.25588545    0.25175108    0.25860309    0.15428134    0.15170955    0.14931502    0.16414023    0.16414023    0.15395176    0.15686646    0.14948736    0.15483827    0.13964790    0.13712800
T8             0.31262195    0.00000000    0.06511769    0.23008860    0.28449101    0.30840126    0.26406943    0.26523962    0.25665902    0.25515301    0.27115395    0.36587236    0.36689517    0.29203805    0.28876688    0.28594624    0.31308172    0.31308172    0.30016095    0.31355328    0.34499766    0.35605183    0.34239324    0.33891735
T21            0.31509696    0.06511769    0.00000000    0.23834931    0.29011967    0.29777364    0.27908009    0.26758654    0.25898406    0.26060186    0.27669957    0.37952053    0.38059705    0.29773414    0.29444143    0.29159858    0.31893780    0.31893780    0.30261168    0.32038668    0.34415385    0.35510713    0.34152182    0.33807002
T10            0.24402403    0.23008860    0.23834931    0.00000000    0.15165912    0.18548746    0.15264552    0.13823321    0.13356030    0.12036811    0.13045008    0.32828177    0.34336025    0.24244941    0.23941661    0.23676846    0.27392143    0.27392143    0.26483906    0.24636015    0.28636157    0.29319205    0.28711864    0.28391064
T20            0.24939284    0.28449101    0.29011967    0.15165912    0.00000000    0.17828461    0.12546053    0.16605759    0.16389360    0.14510166    0.16097637    0.36910306    0.37028784    0.27200582    0.26881812    0.26607212    0.28920674    0.28920674    0.28313656    0.28965767    0.29279825    0.29973425    0.30261168    0.29931905
T17            0.31403661    0.30840126    0.29777364    0.18548746    0.17828461    0.00000000    0.13027314    0.22389023    0.21868796    0.19830018    0.21549996    0.41209658    0.40949310    0.31308172    0.30971124    0.30681219    0.34176531    0.34176531    0.33174575    0.32235440    0.33774623    0.34889117    0.36174082    0.35810003
T9             0.26681831    0.26406943    0.27908009    0.15264552    0.12546053    0.13027314    0.00000000    0.17828461    0.17336835    0.15445867    0.16777480    0.35501745    0.34889117    0.26995582    0.26681831    0.26406943    0.29686828    0.29686828    0.28429561    0.26921042    0.29490348    0.30179421    0.31803180    0.31466140
T11            0.23737111    0.26523962    0.26758654    0.13823321    0.16605759    0.22389023    0.17828461    0.00000000    0.01007283    0.06289012    0.07195401    0.36066389    0.36656553    0.24857086    0.24550075    0.24283414    0.27477249    0.27477249    0.25937539    0.25317806    0.28564946    0.28599988    0.29604800    0.29279825
T1             0.23207414    0.25665902    0.25898406    0.13356030    0.16389360    0.21868796    0.17336835    0.01007283    0.00000000    0.05638994    0.06537240    0.35089717    0.36035883    0.24550075    0.24244941    0.23979208    0.27157459    0.27157459    0.25626710    0.25937539    0.28956953    0.28995283    0.29359719    0.29034740
T4             0.24100962    0.25515301    0.26060186    0.12036811    0.14510166    0.19830018    0.15445867    0.06289012    0.05638994    0.00000000    0.04565840    0.34989838    0.35194787    0.24474241    0.24170965    0.23905098    0.26758654    0.26758654    0.25860309    0.25860309    0.28883689    0.28919755    0.29604800    0.29279825
T23            0.25588545    0.27115395    0.27669957    0.13045008    0.16097637    0.21549996    0.16777480    0.07195401    0.06537240    0.04565840    0.00000000    0.36119572    0.37090038    0.24817727    0.24511659    0.24244941    0.27434162    0.27434162    0.26523962    0.26839705    0.29891536    0.29931905    0.29973425    0.29645243
T12            0.25175108    0.36587236    0.37952053    0.32828177    0.36910306    0.41209658    0.35501745    0.36066389    0.35089717    0.34989838    0.36119572    0.00000000    0.04120240    0.26508399    0.26201413    0.25926965    0.28599988    0.28599988    0.28000685    0.25048888    0.27559988    0.28848760    0.26388987    0.26085738
T13            0.25860309    0.36689517    0.38059705    0.34336025    0.37028784    0.40949310    0.34889117    0.36656553    0.36035883    0.35194787    0.37090038    0.04120240    0.00000000    0.26885380    0.26574566    0.26299405    0.28995283    0.28995283    0.28391064    0.25413190    0.27001068    0.28282257    0.27373203    0.27062397
T5             0.15428134    0.29203805    0.29773414    0.24244941    0.27200582    0.31308172    0.26995582    0.24857086    0.24550075    0.24474241    0.24817727    0.26508399    0.26885380    0.00000000    0.00200402    0.00401106    0.05194779    0.05194779    0.04982431    0.09501902    0.19180932    0.19470530    0.18946157    0.18676483
T22            0.15170955    0.28876688    0.29444143    0.23941661    0.26881812    0.30971124    0.26681831    0.24550075    0.24244941    0.24170965    0.24511659    0.26201413    0.26574566    0.00200402    0.00000000    0.00200301    0.04977359    0.04977359    0.04765483    0.09265422    0.18911260    0.19198653    0.18676483    0.18408258
T16            0.14931502    0.28594624    0.29159858    0.23676846    0.26607212    0.30681219    0.26406943    0.24283414    0.23979208    0.23905098    0.24244941    0.25926965    0.26299405    0.00401106    0.00200301    0.00000000    0.04765483    0.04765483    0.04554270    0.09043667    0.18659303    0.18946157    0.18425627    0.18158119
T18            0.16414023    0.31308172    0.31893780    0.27392143    0.28920674    0.34176531    0.29686828    0.27477249    0.27157459    0.26758654    0.27434162    0.28599988    0.28995283    0.05194779    0.04977359    0.04765483    0.00000000    0.00000000    0.03904244    0.10652937    0.20492781    0.20788589    0.19164138    0.18895194
T14            0.16414023    0.31308172    0.31893780    0.27392143    0.28920674    0.34176531    0.29686828    0.27477249    0.27157459    0.26758654    0.27434162    0.28599988    0.28995283    0.05194779    0.04977359    0.04765483    0.00000000    0.00000000    0.03904244    0.10652937    0.20492781    0.20788589    0.19164138    0.18895194
T15            0.15395176    0.30016095    0.30261168    0.26483906    0.28313656    0.33174575    0.28429561    0.25937539    0.25626710    0.25860309    0.26523962    0.28000685    0.28391064    0.04982431    0.04765483    0.04554270    0.03904244    0.03904244    0.00000000    0.09474602    0.19689077    0.20254645    0.19180932    0.18911260
T7             0.15686646    0.31355328    0.32038668    0.24636015    0.28965767    0.32235440    0.26921042    0.25317806    0.25937539    0.25860309    0.26839705    0.25048888    0.25413190    0.09501902    0.09265422    0.09043667    0.10652937    0.10652937    0.09474602    0.00000000    0.19452069    0.20295162    0.19257344    0.18984720
T0             0.14948736    0.34499766    0.34415385    0.28636157    0.29279825    0.33774623    0.29490348    0.28564946    0.28956953    0.28883689    0.29891536    0.27559988    0.27001068    0.19180932    0.18911260    0.18659303    0.20492781    0.20492781    0.19689077    0.19452069    0.00000000    0.02031433    0.08273649    0.08045812
T3             0.15483827    0.35605183    0.35510713    0.29319205    0.29973425    0.34889117    0.30179421    0.28599988    0.28995283    0.28919755    0.29931905    0.28848760    0.28282257    0.19470530    0.19198653    0.18946157    0.20788589    0.20788589    0.20254645    0.20295162    0.02031433    0.00000000    0.09205376    0.08972759
T6             0.13964790    0.34239324    0.34152182    0.28711864    0.30261168    0.36174082    0.31803180    0.29604800    0.29359719    0.29604800    0.29973425    0.26388987    0.27373203    0.18946157    0.18676483    0.18425627    0.19164138    0.19164138    0.19180932    0.19257344    0.08273649    0.09205376    0.00000000    0.00200402
T2             0.13712800    0.33891735    0.33807002    0.28391064    0.29931905    0.35810003    0.31466140    0.29279825    0.29034740    0.29279825    0.29645243    0.26085738    0.27062397    0.18676483    0.18408258    0.18158119    0.18895194    0.18895194    0.18911260    0.18984720    0.08045812    0.08972759    0.00200402    0.00000000

