24
T18            0.00000000    0.21733068    0.19536622    0.20066926    0.21500786    0.23216225    0.22076522    0.22690382    0.21242555    0.28004911    0.26620269    0.19354274    0.21787821    0.23922891    0.19910722    0.18158844    0.15769604    0.18602759    0.16760049    0.17342348    0.17026372    0.16782283    0.16636961    0.17615312
T6             0.21733068    0.00000000    0.13657304    0.14143983    0.23309270    0.25968495    0.24487927    0.25662990    0.24162992    0.30031129    0.28611679    0.23309270    0.24431897    0.26952598    0.23018918    0.26418706    0.25834528    0.26896433    0.25422936    0.25119286    0.25662990    0.25390618    0.27128923    0.30482196
T9             0.19536622    0.13657304    0.00000000    0.00401107    0.21353034    0.23335315    0.21918895    0.23097497    0.21613117    0.27284823    0.25936409    0.21072500    0.21592052    0.24650277    0.21635160    0.22106184    0.22952818    0.24881524    0.23685092    0.23449550    0.23097497    0.22833615    0.22985074    0.26674459
T3             0.20066926    0.14143983    0.00401107    0.00000000    0.21331793    0.23309270    0.21896040    0.23070303    0.21874170    0.27881091    0.26518268    0.21613117    0.21853287    0.24921578    0.21896040    0.22659001    0.23512664    0.25456300    0.24248996    0.24012345    0.23656158    0.23390427    0.23545711    0.27259952
T17            0.21500786    0.23309270    0.21353034    0.21331793    0.00000000    0.10600344    0.09429936    0.10839773    0.08511713    0.18877914    0.17495304    0.15655534    0.17188721    0.19748583    0.16211669    0.25638731    0.24077039    0.26035854    0.25490708    0.25490708    0.25119286    0.24848985    0.23879773    0.29659276
T2             0.23216225    0.25968495    0.23335315    0.23309270    0.10600344    0.00000000    0.01008434    0.03914714    0.03694797    0.19354274    0.18781135    0.17701439    0.19010269    0.21353034    0.17474371    0.28372835    0.27683598    0.29744524    0.28201354    0.28523692    0.28122236    0.27842011    0.26853176    0.33242915
T1             0.22076522    0.24487927    0.21918895    0.21896040    0.09429936    0.01008434    0.00000000    0.02859842    0.02855497    0.18554097    0.17989796    0.16400343    0.17682430    0.19984235    0.16174276    0.27128923    0.26457065    0.28482533    0.26969629    0.27284823    0.26896433    0.26620269    0.25638731    0.31910728
T12            0.22690382    0.25662990    0.23097497    0.23070303    0.10839773    0.03914714    0.02859842    0.00000000    0.03701435    0.18852375    0.18554097    0.17474371    0.18509006    0.20835753    0.17249361    0.27171422    0.25871981    0.27562877    0.26071122    0.26381406    0.26001644    0.25728451    0.25990587    0.32301811
T23            0.21242555    0.24162992    0.21613117    0.21874170    0.08511713    0.03694797    0.02855497    0.03701435    0.00000000    0.18033698    0.17474371    0.15639475    0.16906775    0.19184934    0.15414415    0.26222728    0.25255223    0.27881091    0.26381406    0.26693638    0.26309995    0.26035854    0.24145756    0.31278483
T5             0.28004911    0.30031129    0.27284823    0.27881091    0.18877914    0.19354274    0.18554097    0.18852375    0.18033698    0.00000000    0.01824858    0.21816638    0.23216225    0.25456300    0.21716573    0.32795564    0.31337645    0.33157017    0.31867458    0.32214537    0.31522783    0.31231698    0.32329527    0.37744998
T11            0.26620269    0.28611679    0.25936409    0.26518268    0.17495304    0.18781135    0.17989796    0.18554097    0.17474371    0.01824858    0.00000000    0.20881794    0.22254562    0.24459395    0.20757242    0.31231698    0.30502861    0.32647653    0.31372650    0.31713761    0.31033863    0.30743917    0.30758843    0.36680836
T15            0.19354274    0.23309270    0.21072500    0.21613117    0.15655534    0.17701439    0.16400343    0.17474371    0.15639475    0.21816638    0.20881794    0.00000000    0.08488962    0.11458253    0.07145179    0.23512664    0.23018307    0.24646020    0.23449550    0.23810881    0.23449550    0.23185056    0.22529137    0.28523692
T13            0.21787821    0.24431897    0.21592052    0.21853287    0.17188721    0.19010269    0.17682430    0.18509006    0.16906775    0.23216225    0.22254562    0.08488962    0.00000000    0.05607853    0.07156282    0.25562646    0.25526158    0.27524817    0.25968495    0.26345168    0.25968495    0.25695193    0.24716410    0.29503434
T20            0.23922891    0.26952598    0.24650277    0.24921578    0.19748583    0.21353034    0.19984235    0.20835753    0.19184934    0.25456300    0.24459395    0.11458253    0.05607853    0.00000000    0.10540826    0.28122236    0.28084340    0.29826985    0.28293497    0.28611679    0.28225751    0.27943906    0.26932491    0.32113842
T8             0.19910722    0.23018918    0.21635160    0.21896040    0.16211669    0.17474371    0.16174276    0.17249361    0.15414415    0.21716573    0.20757242    0.07145179    0.07156282    0.10540826    0.00000000    0.25021954    0.24448516    0.26035854    0.24517492    0.24881524    0.24517492    0.24248996    0.24181618    0.29089246
T19            0.18158844    0.26418706    0.22106184    0.22659001    0.25638731    0.28372835    0.27128923    0.27171422    0.26222728    0.32795564    0.31231698    0.23512664    0.25562646    0.28122236    0.25021954    0.00000000    0.12301066    0.14257806    0.13246552    0.12285084    0.12039147    0.12269877    0.13827174    0.27284823
T0             0.15769604    0.25834528    0.22952818    0.23512664    0.24077039    0.27683598    0.26457065    0.25871981    0.25255223    0.31337645    0.30502861    0.23018307    0.25526158    0.28084340    0.24448516    0.12301066    0.00000000    0.05613472    0.04539222    0.04761154    0.04325497    0.04114604    0.12834650    0.25456300
T10            0.18602759    0.26896433    0.24881524    0.25456300    0.26035854    0.29744524    0.28482533    0.27562877    0.27881091    0.33157017    0.32647653    0.24646020    0.27524817    0.29826985    0.26035854    0.14257806    0.05613472    0.00000000    0.03063092    0.03067030    0.02854294    0.02647134    0.14297622    0.27451982
T22            0.16760049    0.25422936    0.23685092    0.24248996    0.25490708    0.28201354    0.26969629    0.26071122    0.26381406    0.31867458    0.31372650    0.23449550    0.25968495    0.28293497    0.24517492    0.13246552    0.04539222    0.03063092    0.00000000    0.01827073    0.01413398    0.01210037    0.13786802    0.26518268
T14            0.17342348    0.25119286    0.23449550    0.24012345    0.25490708    0.28523692    0.27284823    0.26381406    0.26693638    0.32214537    0.31713761    0.23810881    0.26345168    0.28611679    0.24881524    0.12285084    0.04761154    0.03067030    0.01827073    0.00000000    0.01210976    0.01008434    0.13318951    0.27209632
T21            0.17026372    0.25662990    0.23097497    0.23656158    0.25119286    0.28122236    0.26896433    0.26001644    0.26309995    0.31522783    0.31033863    0.23449550    0.25968495    0.28225751    0.24517492    0.12039147    0.04325497    0.02854294    0.01413398    0.01210976    0.00000000    0.00200301    0.13533346    0.26827563
T4             0.16782283    0.25390618    0.22833615    0.23390427    0.24848985    0.27842011    0.26620269    0.25728451    0.26035854    0.31231698    0.30743917    0.23185056    0.25695193    0.27943906    0.24248996    0.12269877    0.04114604    0.02647134    0.01210037    0.01008434    0.00200301    0.00000000    0.13299670    0.26551191
T16            0.16636961    0.27128923    0.22985074    0.23545711    0.23879773    0.26853176    0.25638731    0.25990587    0.24145756    0.32329527    0.30758843    0.22529137    0.24716410    0.26932491    0.24181618    0.13827174    0.12834650    0.14297622    0.13786802    0.13318951    0.13533346    0.13299670    0.00000000    0.24646020
T7             0.17615312    0.30482196    0.26674459    0.27259952    0.29659276    0.33242915    0.31910728    0.32301811    0.31278483    0.37744998    0.36680836    0.28523692    0.29503434    0.32113842    0.29089246    0.27284823    0.25456300    0.27451982    0.26518268    0.27209632    0.26827563    0.26551191    0.24646020    0.00000000

