24
T23            0.00000000    0.35733770    0.34039739    0.34095601    0.34095601    0.26027906    0.25081019    0.22194307    0.22360868    0.22360868    0.17224962    0.18734555    0.20364405    0.19808369    0.22014672    0.25789980    0.26027906    0.24941942    0.27200967    0.22438475    0.21653502    0.21089627    0.20696423    0.19679808
T21            0.35733770    0.00000000    0.08750987    0.08761222    0.08529655    0.38065218    0.37116340    0.31604659    0.29855454    0.31177536    0.32633736    0.34590114    0.35146766    0.35146766    0.36490551    0.39708836    0.38178952    0.37664054    0.41548593    0.36279623    0.36694619    0.34738185    0.35983478    0.32881018
T13            0.34039739    0.08750987    0.00000000    0.00401106    0.00804336    0.38065218    0.37747550    0.33331781    0.31177536    0.32192625    0.32043492    0.33279680    0.35254857    0.34536730    0.36490551    0.41028442    0.38298270    0.37035281    0.39063183    0.34243265    0.34640418    0.32739445    0.34286992    0.31177536
T19            0.34095601    0.08761222    0.00401106    0.00000000    0.00804440    0.37376497    0.37061580    0.33033632    0.30553668    0.31558537    0.31408308    0.32633736    0.34590114    0.33879655    0.35815364    0.40302328    0.37603799    0.36351821    0.38617449    0.33593422    0.33985745    0.32101746    0.33631155    0.31558537
T17            0.34095601    0.08529655    0.00804336    0.00804440    0.00000000    0.38121386    0.37803705    0.33739092    0.31221325    0.32239881    0.32094366    0.33331781    0.34590114    0.33879655    0.35815364    0.40302328    0.37603799    0.36351821    0.38617449    0.33593422    0.33985745    0.32101746    0.33631155    0.31558537
T0             0.26027906    0.38065218    0.38065218    0.37376497    0.38121386    0.00000000    0.08495189    0.20213759    0.19374983    0.20213759    0.20213759    0.22014672    0.21184233    0.20620340    0.22565030    0.24304481    0.26684826    0.24673008    0.26448047    0.20853878    0.21159152    0.20596854    0.21008015    0.24941942
T10            0.25081019    0.37116340    0.37747550    0.37061580    0.37803705    0.08495189    0.00000000    0.19627118    0.19074149    0.19074149    0.19905920    0.21988096    0.22014672    0.21442697    0.22249290    0.26027906    0.26647865    0.25247185    0.25789980    0.21159152    0.21184233    0.20853878    0.20979977    0.24541298
T5             0.22194307    0.31604659    0.33331781    0.33033632    0.33739092    0.20213759    0.19627118    0.00000000    0.05407878    0.06289160    0.16124044    0.18926808    0.19796007    0.19233655    0.20018074    0.23717524    0.24633339    0.22668142    0.23190923    0.19349867    0.19374983    0.18053013    0.19013544    0.20018074
T14            0.22360868    0.29855454    0.31177536    0.30553668    0.31221325    0.19374983    0.19074149    0.05407878    0.00000000    0.04973010    0.14255221    0.16715008    0.17536027    0.17000848    0.18077013    0.21294011    0.22161978    0.20271437    0.21643859    0.16959516    0.17245909    0.15929109    0.16825464    0.19679808
T3             0.22360868    0.31177536    0.32192625    0.31558537    0.32239881    0.20213759    0.19074149    0.06289160    0.04973010    0.00000000    0.15070556    0.17290391    0.17313921    0.16778734    0.18623934    0.21354538    0.22522033    0.20618766    0.21709813    0.17224962    0.17513494    0.15966578    0.16875569    0.19960182
T12            0.17224962    0.32633736    0.32043492    0.31408308    0.32094366    0.20213759    0.19905920    0.16124044    0.14255221    0.15070556    0.00000000    0.06938118    0.10372809    0.09898671    0.12499622    0.15265640    0.14236637    0.13045848    0.16007406    0.11500716    0.11753378    0.10103350    0.11578267    0.16513279
T6             0.18734555    0.34590114    0.33279680    0.32633736    0.33331781    0.22014672    0.21988096    0.18926808    0.16715008    0.17290391    0.06938118    0.00000000    0.13447669    0.12951123    0.14393527    0.16959516    0.18029888    0.16293126    0.19074149    0.13129020    0.13631474    0.12184188    0.13447669    0.19374983
T15            0.20364405    0.35146766    0.35254857    0.34590114    0.34590114    0.21184233    0.22014672    0.19796007    0.17536027    0.17313921    0.10372809    0.13447669    0.00000000    0.00401613    0.05639133    0.08111347    0.12795697    0.11627317    0.14019338    0.07807915    0.08039472    0.06926689    0.08540067    0.20751804
T8             0.19808369    0.35146766    0.34536730    0.33879655    0.33879655    0.20620340    0.21442697    0.19233655    0.17000848    0.16778734    0.09898671    0.12951123    0.00401613    0.00000000    0.05200434    0.08111347    0.12299130    0.11138046    0.13512685    0.07359376    0.07587884    0.06483130    0.08079068    0.20186290
T1             0.22014672    0.36490551    0.36490551    0.35815364    0.35815364    0.22565030    0.22249290    0.20018074    0.18077013    0.18623934    0.12499622    0.14393527    0.05639133    0.05200434    0.00000000    0.09227608    0.13478586    0.12299130    0.14711112    0.08468472    0.08928051    0.08028666    0.09428998    0.21265154
T9             0.25789980    0.39708836    0.41028442    0.40302328    0.40302328    0.24304481    0.26027906    0.23717524    0.21294011    0.21354538    0.15265640    0.16959516    0.08111347    0.08111347    0.09227608    0.00000000    0.17634782    0.16929031    0.18677575    0.11490484    0.11741786    0.10803746    0.12299130    0.25013720
T4             0.26027906    0.38178952    0.38298270    0.37603799    0.37603799    0.26684826    0.26647865    0.24633339    0.22161978    0.22522033    0.14236637    0.18029888    0.12795697    0.12299130    0.13478586    0.17634782    0.00000000    0.03488941    0.12009171    0.13198778    0.13713500    0.12009171    0.13045848    0.25013720
T11            0.24941942    0.37664054    0.37035281    0.36351821    0.36351821    0.24673008    0.25247185    0.22668142    0.20271437    0.20618766    0.13045848    0.16293126    0.11627317    0.11138046    0.12299130    0.16929031    0.03488941    0.00000000    0.10851501    0.12022906    0.12037413    0.10851501    0.11873765    0.22818229
T7             0.27200967    0.41548593    0.39063183    0.38617449    0.38617449    0.26448047    0.25789980    0.23190923    0.21643859    0.21709813    0.16007406    0.19074149    0.14019338    0.13512685    0.14711112    0.18677575    0.12009171    0.10851501    0.00000000    0.12680661    0.13682923    0.12227452    0.12514569    0.25554308
T18            0.22438475    0.36279623    0.34243265    0.33593422    0.33593422    0.20853878    0.21159152    0.19349867    0.16959516    0.17224962    0.11500716    0.13129020    0.07807915    0.07359376    0.08468472    0.11490484    0.13198778    0.12022906    0.12680661    0.00000000    0.01414118    0.03062047    0.05399158    0.20926712
T16            0.21653502    0.36694619    0.34640418    0.33985745    0.33985745    0.21159152    0.21184233    0.19374983    0.17245909    0.17513494    0.11753378    0.13631474    0.08039472    0.07587884    0.08928051    0.11741786    0.13713500    0.12037413    0.13682923    0.01414118    0.00000000    0.03270506    0.05621563    0.20723649
T22            0.21089627    0.34738185    0.32739445    0.32101746    0.32101746    0.20596854    0.20853878    0.18053013    0.15929109    0.15966578    0.10103350    0.12184188    0.06926689    0.06483130    0.08028666    0.10803746    0.12009171    0.10851501    0.12227452    0.03062047    0.03270506    0.00000000    0.04330762    0.19602135
T20            0.20696423    0.35983478    0.34286992    0.33631155    0.33631155    0.21008015    0.20979977    0.19013544    0.16825464    0.16875569    0.11578267    0.13447669    0.08540067    0.08079068    0.09428998    0.12299130    0.13045848    0.11873765    0.12514569    0.05399158    0.05621563    0.04330762    0.00000000    0.21323807
T2             0.19679808    0.32881018    0.31177536    0.31558537    0.31558537    0.24941942    0.24541298    0.20018074    0.19679808    0.19960182    0.16513279    0.19374983    0.20751804    0.20186290    0.21265154    0.25013720    0.25013720    0.22818229    0.25554308    0.20926712    0.20723649    0.19602135    0.21323807    0.00000000

