24
T12            0.00000000    0.25206475    0.24332009    0.23040387    0.34258700    0.24776638    0.25045300    0.22450106    0.21519376    0.24332009    0.16379654    0.17429888    0.20017065    0.18944634    0.19346800    0.18845009    0.20210178    0.19599041    0.19071208    0.36650343    0.36710152    0.36710152    0.33468926    0.40220593
T16            0.25206475    0.00000000    0.02447238    0.15046216    0.28590485    0.17605914    0.17852001    0.18702300    0.18372282    0.20492791    0.17827102    0.19146640    0.21062859    0.21963582    0.18346760    0.17852001    0.19761856    0.19424535    0.18896440    0.34579265    0.35971479    0.35971479    0.33628908    0.40261243
T0             0.24332009    0.02447238    0.00000000    0.14550019    0.27563130    0.17091033    0.17335538    0.18454069    0.18124590    0.20238447    0.17311247    0.18620844    0.20521862    0.21414353    0.18098948    0.17605914    0.19510313    0.19173565    0.18372282    0.34993683    0.36399204    0.36399204    0.34023200    0.40700634
T6             0.23040387    0.15046216    0.14550019    0.00000000    0.16026775    0.06288853    0.06504479    0.16441822    0.15856030    0.18178469    0.17142395    0.16072428    0.19290115    0.20680883    0.16362551    0.15881031    0.18855467    0.17960190    0.17169337    0.37096859    0.37409698    0.37409698    0.35781235    0.41464697
T21            0.34258700    0.28590485    0.27563130    0.16026775    0.00000000    0.18845009    0.19095459    0.26556706    0.24894615    0.26921671    0.28445395    0.27473836    0.32062258    0.33780485    0.28492676    0.27934270    0.30900184    0.30107887    0.29822632    0.45533168    0.46584721    0.46584721    0.45107664    0.48743718
T18            0.24776638    0.17605914    0.17091033    0.06288853    0.18845009    0.00000000    0.00602720    0.18235792    0.17904381    0.20582744    0.19792133    0.18951401    0.21739439    0.23185390    0.18702300    0.18206701    0.20715405    0.20360590    0.19540682    0.36475129    0.36651375    0.36651375    0.35414610    0.40673385
T14            0.25045300    0.17852001    0.17335538    0.06504479    0.19095459    0.00602720    0.00000000    0.18483064    0.18151098    0.20837697    0.20044473    0.19201378    0.21997747    0.23448169    0.18951401    0.18454069    0.20970048    0.20614550    0.19792133    0.37549474    0.37723868    0.37723868    0.35721595    0.41002607
T2             0.22450106    0.18702300    0.18454069    0.16441822    0.26556706    0.18235792    0.18483064    0.00000000    0.03073348    0.05846322    0.16656353    0.16656353    0.18454069    0.20393382    0.17225736    0.16740274    0.18428268    0.18575223    0.17773925    0.34141272    0.34924652    0.34924652    0.32674743    0.36996851
T10            0.21519376    0.18372282    0.18124590    0.15856030    0.24894615    0.17904381    0.18151098    0.03073348    0.00000000    0.04966059    0.15808481    0.15545921    0.16822834    0.18923480    0.16096493    0.15616381    0.17743805    0.17413507    0.16898958    0.31595904    0.31984552    0.31984552    0.30545922    0.36532054
T15            0.24332009    0.20492791    0.20238447    0.18178469    0.26921671    0.20582744    0.20837697    0.05846322    0.04966059    0.00000000    0.18674273    0.17852001    0.19956631    0.21350353    0.18980200    0.18483064    0.19571937    0.19230075    0.18702300    0.35606201    0.36399204    0.36399204    0.33769478    0.39282881
T5             0.16379654    0.17827102    0.17311247    0.17142395    0.28445395    0.19792133    0.20044473    0.16656353    0.15808481    0.18674273    0.00000000    0.03480117    0.10093589    0.09401602    0.09697561    0.09251606    0.10186977    0.09921623    0.09934577    0.31257823    0.32328455    0.32328455    0.30215669    0.36268974
T1             0.17429888    0.19146640    0.18620844    0.16072428    0.27473836    0.18951401    0.19201378    0.16656353    0.15545921    0.17852001    0.03480117    0.00000000    0.09859357    0.09170085    0.09934577    0.09487504    0.10186977    0.09921623    0.09934577    0.31257823    0.31984552    0.31984552    0.30299694    0.35908977
T11            0.20017065    0.21062859    0.20521862    0.19290115    0.32062258    0.21739439    0.21997747    0.18454069    0.16822834    0.19956631    0.10093589    0.09859357    0.00000000    0.03271230    0.13259766    0.12794214    0.13782501    0.13745675    0.13259766    0.34276231    0.33869465    0.33869465    0.34374346    0.40428987
T4             0.18944634    0.21963582    0.21414353    0.20680883    0.33780485    0.23185390    0.23448169    0.20393382    0.18923480    0.21350353    0.09401602    0.09170085    0.03271230    0.00000000    0.13026601    0.12562599    0.13548214    0.13259766    0.12777157    0.33974450    0.33219018    0.33219018    0.34071281    0.40101411
T8             0.19346800    0.18346760    0.18098948    0.16362551    0.28492676    0.18702300    0.18951401    0.17225736    0.16096493    0.18980200    0.09697561    0.09934577    0.13259766    0.13026601    0.00000000    0.00804437    0.05206433    0.04545257    0.04120172    0.32328455    0.32379101    0.32379101    0.31936288    0.38166242
T9             0.18845009    0.17852001    0.17605914    0.15881031    0.27934270    0.18206701    0.18454069    0.16740274    0.15616381    0.18483064    0.09251606    0.09487504    0.12794214    0.12562599    0.00804437    0.00000000    0.05001530    0.04124042    0.03701182    0.31740747    0.31791391    0.31791391    0.31691284    0.37532415
T3             0.20210178    0.19761856    0.19510313    0.18855467    0.30900184    0.20715405    0.20970048    0.18428268    0.17743805    0.19571937    0.10186977    0.10186977    0.13782501    0.13548214    0.05206433    0.05001530    0.00000000    0.04982333    0.04988070    0.32726595    0.33484464    0.33484464    0.32674743    0.37475178
T7             0.19599041    0.19424535    0.19173565    0.17960190    0.30107887    0.20360590    0.20614550    0.18575223    0.17413507    0.19230075    0.09921623    0.09921623    0.13745675    0.13259766    0.04545257    0.04124042    0.04982333    0.00000000    0.01210020    0.31012813    0.31399194    0.31399194    0.31303772    0.35291217
T19            0.19071208    0.18896440    0.18372282    0.17169337    0.29822632    0.19540682    0.19792133    0.17773925    0.16898958    0.18702300    0.09934577    0.09934577    0.13259766    0.12777157    0.04120172    0.03701182    0.04988070    0.01210020    0.00000000    0.30966831    0.31350896    0.31350896    0.31257823    0.35599438
T23            0.36650343    0.34579265    0.34993683    0.37096859    0.45533168    0.36475129    0.37549474    0.34141272    0.31595904    0.35606201    0.31257823    0.31257823    0.34276231    0.33974450    0.32328455    0.31740747    0.32726595    0.31012813    0.30966831    0.00000000    0.03697571    0.03697571    0.12760875    0.19575068
T20            0.36710152    0.35971479    0.36399204    0.37409698    0.46584721    0.36651375    0.37723868    0.34924652    0.31984552    0.36399204    0.32328455    0.31984552    0.33869465    0.33219018    0.32379101    0.31791391    0.33484464    0.31399194    0.31350896    0.03697571    0.00000000    0.00000000    0.12777157    0.19929157
T13            0.36710152    0.35971479    0.36399204    0.37409698    0.46584721    0.36651375    0.37723868    0.34924652    0.31984552    0.36399204    0.32328455    0.31984552    0.33869465    0.33219018    0.32379101    0.31791391    0.33484464    0.31399194    0.31350896    0.03697571    0.00000000    0.00000000    0.12777157    0.19929157
T17            0.33468926    0.33628908    0.34023200    0.35781235    0.45107664    0.35414610    0.35721595    0.32674743    0.30545922    0.33769478    0.30215669    0.30299694    0.34374346    0.34071281    0.31936288    0.31691284    0.32674743    0.31303772    0.31257823    0.12760875    0.12777157    0.12777157    0.00000000    0.15927207
T22            0.40220593    0.40261243    0.40700634    0.41464697    0.48743718    0.40673385    0.41002607    0.36996851    0.36532054    0.39282881    0.36268974    0.35908977    0.40428987    0.40101411    0.38166242    0.37532415    0.37475178    0.35291217    0.35599438    0.19575068    0.19929157    0.19929157    0.15927207    0.00000000

