24
T17            0.00000000    0.21325078    0.14811269    0.15595250    0.13244924    0.16514016    0.16008101    0.13531433    0.14987231    0.14968272    0.12254169    0.12351853    0.14711670    0.14711670    0.15746103    0.16391762    0.18778146    0.15485475    0.14987231    0.13765888    0.14059773    0.16608068    0.16608068    0.13730482
T21            0.21325078    0.00000000    0.21677744    0.23757976    0.19628142    0.23180124    0.24038820    0.20812128    0.22654108    0.22979795    0.21038212    0.21443863    0.25657487    0.25657487    0.25113829    0.28927099    0.30359981    0.24697326    0.23597058    0.22225052    0.23444598    0.27000729    0.26686785    0.24512459
T1             0.14811269    0.21677744    0.00000000    0.06098905    0.05846654    0.15505783    0.17070089    0.14080909    0.15811569    0.15788919    0.13028562    0.15245832    0.18008474    0.18008474    0.18550986    0.20019236    0.21654647    0.17966591    0.17760952    0.15706615    0.17023581    0.18574737    0.18301996    0.16415498
T18            0.15595250    0.23757976    0.06098905    0.00000000    0.08331117    0.18458479    0.18706750    0.16177323    0.17690264    0.17120001    0.14811269    0.17364423    0.21355837    0.21355837    0.21355837    0.22334648    0.24574295    0.18506156    0.20243293    0.17830796    0.19205909    0.21387531    0.21098999    0.19099469
T20            0.13244924    0.19628142    0.05846654    0.08331117    0.00000000    0.14474019    0.16008101    0.12316212    0.14255775    0.14237175    0.11307431    0.13213647    0.16154883    0.16154883    0.16415498    0.18624897    0.21090696    0.16382084    0.16172194    0.13919443    0.14932823    0.16960242    0.16172194    0.14394013
T9             0.16514016    0.23180124    0.15505783    0.18458479    0.14474019    0.00000000    0.15447347    0.11578632    0.13213647    0.13949698    0.11549697    0.15688125    0.18464907    0.18464907    0.18464907    0.21038212    0.23280314    0.18778146    0.19303293    0.17739417    0.18278992    0.21325078    0.21266372    0.18696304
T23            0.16008101    0.24038820    0.17070089    0.18706750    0.16008101    0.15447347    0.00000000    0.09910456    0.12023274    0.11766082    0.10124074    0.17560269    0.21783500    0.21783500    0.21496645    0.23117793    0.24185985    0.19579043    0.19881196    0.18030740    0.18848979    0.21295255    0.21238430    0.19259375
T13            0.13531433    0.20812128    0.14080909    0.16177323    0.12316212    0.11578632    0.09910456    0.00000000    0.08309216    0.08761421    0.06528406    0.14511725    0.18053884    0.18053884    0.17514300    0.20080798    0.21418906    0.16715722    0.17001609    0.14968272    0.16536266    0.18678587    0.18350651    0.16415498
T16            0.14987231    0.22654108    0.15811569    0.17690264    0.14255775    0.13213647    0.12023274    0.08309216    0.00000000    0.04325420    0.08772383    0.15987251    0.18506156    0.18506156    0.18506156    0.20812128    0.22623879    0.18506156    0.19075098    0.17514300    0.17783362    0.20243293    0.19906982    0.17928256
T15            0.14968272    0.22979795    0.15788919    0.17120001    0.14237175    0.13949698    0.11766082    0.08761421    0.04325420    0.00000000    0.09205893    0.15788919    0.18715406    0.18715406    0.19259375    0.21936262    0.22487387    0.18485083    0.19051628    0.17492616    0.18301996    0.21068141    0.20724808    0.17680089
T6             0.12254169    0.21038212    0.13028562    0.14811269    0.11307431    0.11549697    0.10124074    0.06528406    0.08772383    0.09205893    0.00000000    0.14219381    0.17471804    0.17471804    0.16940852    0.19177960    0.18393242    0.15670475    0.16696172    0.14932823    0.15967238    0.17268511    0.17492616    0.15864916
T0             0.12351853    0.21443863    0.15245832    0.17364423    0.13213647    0.15688125    0.17560269    0.14511725    0.15987251    0.15788919    0.14219381    0.00000000    0.11251433    0.11251433    0.11013229    0.13028562    0.19007400    0.13949698    0.14439562    0.12732294    0.12979972    0.13966038    0.13713977    0.11711985
T3             0.14711670    0.25657487    0.18008474    0.21355837    0.16154883    0.18464907    0.21783500    0.18053884    0.18506156    0.18715406    0.17471804    0.11251433    0.00000000    0.00000000    0.03483274    0.12762660    0.21349804    0.18445632    0.18195859    0.16922329    0.15366665    0.17133962    0.16871985    0.14355895
T14            0.14711670    0.25657487    0.18008474    0.21355837    0.16154883    0.18464907    0.21783500    0.18053884    0.18506156    0.18715406    0.17471804    0.11251433    0.00000000    0.00000000    0.03483274    0.12762660    0.21349804    0.18445632    0.18195859    0.16922329    0.15366665    0.17133962    0.16871985    0.14355895
T2             0.15746103    0.25113829    0.18550986    0.21355837    0.16415498    0.18464907    0.21496645    0.17514300    0.18506156    0.19259375    0.16940852    0.11013229    0.03483274    0.03483274    0.00000000    0.12485839    0.20237611    0.17946978    0.18464907    0.16922329    0.15622593    0.18195859    0.17928256    0.15086984
T5             0.16391762    0.28927099    0.20019236    0.22334648    0.18624897    0.21038212    0.23117793    0.20080798    0.20812128    0.21936262    0.19177960    0.13028562    0.12762660    0.12762660    0.12485839    0.00000000    0.23211110    0.19654056    0.20243293    0.18376297    0.17291202    0.20243293    0.19961292    0.16715722
T19            0.18778146    0.30359981    0.21654647    0.24574295    0.21090696    0.23280314    0.24185985    0.21418906    0.22623879    0.22487387    0.18393242    0.19007400    0.21349804    0.21349804    0.20237611    0.23211110    0.00000000    0.20276455    0.21609876    0.20000720    0.21394909    0.22177025    0.22750703    0.19929864
T10            0.15485475    0.24697326    0.17966591    0.18506156    0.16382084    0.18778146    0.19579043    0.16715722    0.18506156    0.18485083    0.15670475    0.13949698    0.18445632    0.18445632    0.17946978    0.19654056    0.20276455    0.00000000    0.14117621    0.12914828    0.16659656    0.19280878    0.19007400    0.15825295
T11            0.14987231    0.23597058    0.17760952    0.20243293    0.16172194    0.19303293    0.19881196    0.17001609    0.19075098    0.19051628    0.16696172    0.14439562    0.18195859    0.18195859    0.18464907    0.20243293    0.21609876    0.14117621    0.00000000    0.02234705    0.16415498    0.17987090    0.17718760    0.15099090
T4             0.13765888    0.22225052    0.15706615    0.17830796    0.13919443    0.17739417    0.18030740    0.14968272    0.17514300    0.17492616    0.14932823    0.12732294    0.16922329    0.16922329    0.16922329    0.18376297    0.20000720    0.12914828    0.02234705    0.00000000    0.14916337    0.16190358    0.15929739    0.13858096
T22            0.14059773    0.23444598    0.17023581    0.19205909    0.14932823    0.18278992    0.18848979    0.16536266    0.17783362    0.18301996    0.15967238    0.12979972    0.15366665    0.15366665    0.15622593    0.17291202    0.21394909    0.16659656    0.16415498    0.14916337    0.00000000    0.10361155    0.10124074    0.08488538
T12            0.16608068    0.27000729    0.18574737    0.21387531    0.16960242    0.21325078    0.21295255    0.18678587    0.20243293    0.21068141    0.17268511    0.13966038    0.17133962    0.17133962    0.18195859    0.20243293    0.22177025    0.19280878    0.17987090    0.16190358    0.10361155    0.00000000    0.01413391    0.07825964
T8             0.16608068    0.26686785    0.18301996    0.21098999    0.16172194    0.21266372    0.21238430    0.18350651    0.19906982    0.20724808    0.17492616    0.13713977    0.16871985    0.16871985    0.17928256    0.19961292    0.22750703    0.19007400    0.17718760    0.15929739    0.10124074    0.01413391    0.00000000    0.07599645
T7             0.13730482    0.24512459    0.16415498    0.19099469    0.14394013    0.18696304    0.19259375    0.16415498    0.17928256    0.17680089    0.15864916    0.11711985    0.14355895    0.14355895    0.15086984    0.16715722    0.19929864    0.15825295    0.15099090    0.13858096    0.08488538    0.07825964    0.07599645    0.00000000

