24
T12            0.00000000    0.29666416    0.28177029    0.29412635    0.30460538    0.39179364    0.37254111    0.45611963    0.44143218    0.43970649    0.45448374    0.39273770    0.40070982    0.39670786    0.40800764    0.24235504    0.23968132    0.23968132    0.24265817    0.24534079    0.25136634    0.24265817    0.26090165    0.25474619
T17            0.29666416    0.00000000    0.03485653    0.13363292    0.12446105    0.31394606    0.30171617    0.44787224    0.40536300    0.40796653    0.41736910    0.38466368    0.39238919    0.39629720    0.41962714    0.29666416    0.29634240    0.30602264    0.30277501    0.31221920    0.31884367    0.30929151    0.33279269    0.32596453
T1             0.28177029    0.03485653    0.00000000    0.12658360    0.12238559    0.31103730    0.29637583    0.42932935    0.39561130    0.39428199    0.39953464    0.36764745    0.37516949    0.37897340    0.41378480    0.27245106    0.27217395    0.28146429    0.27834828    0.28744074    0.29379162    0.28459985    0.31374214    0.30711762
T18            0.29412635    0.13363292    0.12658360    0.00000000    0.06259340    0.33164739    0.30500660    0.42331391    0.41885952    0.42553648    0.43126306    0.39377263    0.40168159    0.40568351    0.41300618    0.30057977    0.30022426    0.31003119    0.30674078    0.30965538    0.30965538    0.30674078    0.32258512    0.31589411
T9             0.30460538    0.12446105    0.12238559    0.06259340    0.00000000    0.32079777    0.29765435    0.43985241    0.41224222    0.41224222    0.43291676    0.39521219    0.40318427    0.40721852    0.42703330    0.29558027    0.29519960    0.30171617    0.30171617    0.30790668    0.30790668    0.30500660    0.33464001    0.32771720
T13            0.39179364    0.31394606    0.31103730    0.33164739    0.32079777    0.00000000    0.07840637    0.51877405    0.50675770    0.49085603    0.51633354    0.46045574    0.46927145    0.46927145    0.48184018    0.37674904    0.37358783    0.36990998    0.36625900    0.37305762    0.38046794    0.36990998    0.40402777    0.40402777
T21            0.37254111    0.30171617    0.29637583    0.30500660    0.29765435    0.07840637    0.00000000    0.48285749    0.47375353    0.45908279    0.47820047    0.43415954    0.43831096    0.44671873    0.46311448    0.34060475    0.33756986    0.32739704    0.33076502    0.33717905    0.34405410    0.33415586    0.37305762    0.37305762
T15            0.45611963    0.44787224    0.42932935    0.42331391    0.43985241    0.51877405    0.48285749    0.00000000    0.13695667    0.13916894    0.14199510    0.11777251    0.12021179    0.12266303    0.13998062    0.41262835    0.41193658    0.40011982    0.40402777    0.40730529    0.41524549    0.40402777    0.41479250    0.42295992
T3             0.44143218    0.40536300    0.39561130    0.41885952    0.41224222    0.50675770    0.47375353    0.13695667    0.00000000    0.02857205    0.06081234    0.08098967    0.08098967    0.08329932    0.09962180    0.40568351    0.40493761    0.40095166    0.39699725    0.40023601    0.40820801    0.39699725    0.39843982    0.39843982
T5             0.43970649    0.40796653    0.39428199    0.42553648    0.41224222    0.49085603    0.45908279    0.13916894    0.02857205    0.00000000    0.06066956    0.08078260    0.08078260    0.08308162    0.09697143    0.39629720    0.39561130    0.38785583    0.38785583    0.39106189    0.39884755    0.38785583    0.39307389    0.39307389
T2             0.45448374    0.41736910    0.39953464    0.43126306    0.43291676    0.51633354    0.47820047    0.14199510    0.06081234    0.06066956    0.00000000    0.06959886    0.06959886    0.07185635    0.09251200    0.41788523    0.41708985    0.41300618    0.40895561    0.40420611    0.41224222    0.40095166    0.39349073    0.39349073
T23            0.39273770    0.38466368    0.36764745    0.39377263    0.39521219    0.46045574    0.43415954    0.11777251    0.08098967    0.08078260    0.06959886    0.00000000    0.00401610    0.00603631    0.04133664    0.37334669    0.37268257    0.36890738    0.36516050    0.36083272    0.36827080    0.35774998    0.38172001    0.38172001
T11            0.40070982    0.39238919    0.37516949    0.40168159    0.40318427    0.46927145    0.43831096    0.12021179    0.08098967    0.08078260    0.06959886    0.00401610    0.00000000    0.00603631    0.04133664    0.38101303    0.38031961    0.37648650    0.37268257    0.36827080    0.37582127    0.36516050    0.38953627    0.38953627
T0             0.39670786    0.39629720    0.37897340    0.40568351    0.40721852    0.46927145    0.44671873    0.12266303    0.08329932    0.08308162    0.07185635    0.00603631    0.00603631    0.00000000    0.04349190    0.38489077    0.38418234    0.38031961    0.37648650    0.37203178    0.37963973    0.36890738    0.39349073    0.39349073
T6             0.40800764    0.41962714    0.41378480    0.41300618    0.42703330    0.48184018    0.46311448    0.13998062    0.09962180    0.09697143    0.09251200    0.04133664    0.04133664    0.04349190    0.00000000    0.39199857    0.39127334    0.38736530    0.38348758    0.37897340    0.38666921    0.37582127    0.38634860    0.38634860
T16            0.24235504    0.29666416    0.27245106    0.30057977    0.29558027    0.37674904    0.34060475    0.41262835    0.40568351    0.39629720    0.41788523    0.37334669    0.38101303    0.38489077    0.39199857    0.00000000    0.00200301    0.02859671    0.02650461    0.06288697    0.06735153    0.06073756    0.16711691    0.16711691
T20            0.23968132    0.29634240    0.27217395    0.30022426    0.29519960    0.37358783    0.33756986    0.41193658    0.40493761    0.39561130    0.41708985    0.37268257    0.38031961    0.38418234    0.39127334    0.00200301    0.00000000    0.02653125    0.02444352    0.06073756    0.06519218    0.05859492    0.16468072    0.16468072
T19            0.23968132    0.30602264    0.28146429    0.31003119    0.30171617    0.36990998    0.32739704    0.40011982    0.40095166    0.38785583    0.41300618    0.36890738    0.37648650    0.38031961    0.38736530    0.02859671    0.02653125    0.00000000    0.00603631    0.05852506    0.06295991    0.05638730    0.15944431    0.15944431
T4             0.24265817    0.30277501    0.27834828    0.30674078    0.30171617    0.36625900    0.33076502    0.40402777    0.39699725    0.38785583    0.40895561    0.36516050    0.37268257    0.37648650    0.38348758    0.02650461    0.02444352    0.00603631    0.00000000    0.05632230    0.06073756    0.05418939    0.15684655    0.15684655
T22            0.24534079    0.31221920    0.28744074    0.30965538    0.30790668    0.37305762    0.33717905    0.40730529    0.40023601    0.39106189    0.40420611    0.36083272    0.36827080    0.37203178    0.37897340    0.06288697    0.06073756    0.05852506    0.05632230    0.00000000    0.00804435    0.00200301    0.15926223    0.15926223
T7             0.25136634    0.31884367    0.29379162    0.30965538    0.30790668    0.38046794    0.34405410    0.41524549    0.40820801    0.39884755    0.41224222    0.36827080    0.37582127    0.37963973    0.38666921    0.06735153    0.06519218    0.06295991    0.06073756    0.00804435    0.00000000    0.00602718    0.16448494    0.16448494
T8             0.24265817    0.30929151    0.28459985    0.30674078    0.30500660    0.36990998    0.33415586    0.40402777    0.39699725    0.38785583    0.40095166    0.35774998    0.36516050    0.36890738    0.37582127    0.06073756    0.05859492    0.05638730    0.05418939    0.00200301    0.00602718    0.00000000    0.15684655    0.15684655
T10            0.26090165    0.33279269    0.31374214    0.32258512    0.33464001    0.40402777    0.37305762    0.41479250    0.39843982    0.39307389    0.39349073    0.38172001    0.38953627    0.39349073    0.38634860    0.16711691    0.16468072    0.15944431    0.15684655    0.15926223    0.16448494    0.15684655    0.00000000    0.00401610
T14            0.25474619    0.32596453    0.30711762    0.31589411    0.32771720    0.40402777    0.37305762    0.42295992    0.39843982    0.39307389    0.39349073    0.38172001    0.38953627    0.39349073    0.38634860    0.16711691    0.16468072    0.15944431    0.15684655    0.15926223    0.16448494    0.15684655    0.00401610    0.00000000

