24
T9             0.00000000    0.29581000    0.30286050    0.28184452    0.29281577    0.28958603    0.27721621    0.27407791    0.25838949    0.29361752    0.28732790    0.21096933    0.20495799    0.16292671    0.15225216    0.15765994    0.16979293    0.17022322    0.17224494    0.15428573    0.18425960    0.23118878    0.19257899    0.15894644
T18            0.29581000    0.00000000    0.03914515    0.09178145    0.18847435    0.18300565    0.16270315    0.16535048    0.14693313    0.41281530    0.38815918    0.32692940    0.32649471    0.31602928    0.29893354    0.30594803    0.28467479    0.29491776    0.29455784    0.28249412    0.30835688    0.35030268    0.31856746    0.27223898
T21            0.30286050    0.03914515    0.00000000    0.09428864    0.18899047    0.18349154    0.16582012    0.16849590    0.14986262    0.41809665    0.38935331    0.32783579    0.32737643    0.32734755    0.30973578    0.31698686    0.28849995    0.29893354    0.29853994    0.28637708    0.31231150    0.36180075    0.32947837    0.26666654
T7             0.28184452    0.09178145    0.09428864    0.00000000    0.17634227    0.17363013    0.15093144    0.15355107    0.14038526    0.37059218    0.36544271    0.32286513    0.30884767    0.30537105    0.28512009    0.29206287    0.26785995    0.27164052    0.27442293    0.26267011    0.27902549    0.34241330    0.31091928    0.25867600
T23            0.29281577    0.18847435    0.18899047    0.17634227    0.00000000    0.00603639    0.10412838    0.10173500    0.09949031    0.39076633    0.36160960    0.31559056    0.30825765    0.27672165    0.26371736    0.27036461    0.25992835    0.26061792    0.26097847    0.24637536    0.26418026    0.33128905    0.29361752    0.23888344
T10            0.28958603    0.18300565    0.18349154    0.17363013    0.00603639    0.00000000    0.10173500    0.09935304    0.09711401    0.38686756    0.35791306    0.31216074    0.30488583    0.27353300    0.26061792    0.26721623    0.25686701    0.25753763    0.25788860    0.24336017    0.26724145    0.32100017    0.28392788    0.24183603
T16            0.27721621    0.16270315    0.16582012    0.15093144    0.10412838    0.10173500    0.00000000    0.01415467    0.06296429    0.36720437    0.35118600    0.29914663    0.27910062    0.26760686    0.26097847    0.26446836    0.24809657    0.24873224    0.24604115    0.22592457    0.26754527    0.31805373    0.28111545    0.23328865
T14            0.27407791    0.16535048    0.16849590    0.15355107    0.10173500    0.09935304    0.01415467    0.00000000    0.06296429    0.36349418    0.34037632    0.29251489    0.27274368    0.26446836    0.25788860    0.26134948    0.24809657    0.24873224    0.24303508    0.22302338    0.26447463    0.31468215    0.27793710    0.23037911
T2             0.25838949    0.14693313    0.14986262    0.14038526    0.09949031    0.09711401    0.06296429    0.06296429    0.00000000    0.36660381    0.33277718    0.29206287    0.28190064    0.24272009    0.23063905    0.23677956    0.22437717    0.22485363    0.22510666    0.20573665    0.24619753    0.29455784    0.26202507    0.21629943
T5             0.29361752    0.41281530    0.41809665    0.37059218    0.39076633    0.38686756    0.36720437    0.36349418    0.36660381    0.00000000    0.09663139    0.16491450    0.16734947    0.29830267    0.28125749    0.28499380    0.27394376    0.27394376    0.26408759    0.25553186    0.27407791    0.30107416    0.27442293    0.25686701
T4             0.28732790    0.38815918    0.38935331    0.36544271    0.36160960    0.35791306    0.35118600    0.34037632    0.33277718    0.09663139    0.00000000    0.13260987    0.14510789    0.29481329    0.26885100    0.27916471    0.25749712    0.26063578    0.25939641    0.24781330    0.26610799    0.30537105    0.28230973    0.23770112
T8             0.21096933    0.32692940    0.32783579    0.32286513    0.31559056    0.31216074    0.29914663    0.29251489    0.29206287    0.16491450    0.13260987    0.00000000    0.03077617    0.22187119    0.20396911    0.21301186    0.19826566    0.20396911    0.19176284    0.18954199    0.20388309    0.24976250    0.21551194    0.18324420
T15            0.20495799    0.32649471    0.32737643    0.30884767    0.30825765    0.30488583    0.27910062    0.27274368    0.28190064    0.16734947    0.14510789    0.03077617    0.00000000    0.21851980    0.20078838    0.20973854    0.19513348    0.20078838    0.18872797    0.18374765    0.20644089    0.24940888    0.21522465    0.18573250
T17            0.16292671    0.31602928    0.32734755    0.30537105    0.27672165    0.27353300    0.26760686    0.26446836    0.24272009    0.29830267    0.29481329    0.22187119    0.21851980    0.00000000    0.02447283    0.03082453    0.11593632    0.11873506    0.14294437    0.13316110    0.15705591    0.20467543    0.15986157    0.14274259
T13            0.15225216    0.29893354    0.30973578    0.28512009    0.26371736    0.26061792    0.26097847    0.25788860    0.23063905    0.28125749    0.26885100    0.20396911    0.20078838    0.02447283    0.00000000    0.01008417    0.10135016    0.10398699    0.12761968    0.11807232    0.14660866    0.19325057    0.15188481    0.12746412
T0             0.15765994    0.30594803    0.31698686    0.29206287    0.27036461    0.26721623    0.26446836    0.26134948    0.23677956    0.28499380    0.27916471    0.21301186    0.20973854    0.03082453    0.01008417    0.00000000    0.10865124    0.11137825    0.13530609    0.12563795    0.15446366    0.20185612    0.15986157    0.13260987
T20            0.16979293    0.28467479    0.28849995    0.26785995    0.25992835    0.25686701    0.24809657    0.24809657    0.22437717    0.27394376    0.25749712    0.19826566    0.19513348    0.11593632    0.10135016    0.10865124    0.00000000    0.02653199    0.12485217    0.11294190    0.15139601    0.19830759    0.15669497    0.12227231
T3             0.17022322    0.29491776    0.29893354    0.27164052    0.26061792    0.25753763    0.24873224    0.24873224    0.22485363    0.27394376    0.26063578    0.20396911    0.20078838    0.11873506    0.10398699    0.11137825    0.02653199    0.00000000    0.12761968    0.11078733    0.15428573    0.20440208    0.16228119    0.12499378
T6             0.17224494    0.29455784    0.29853994    0.27442293    0.26097847    0.25788860    0.24604115    0.24303508    0.22510666    0.26408759    0.25939641    0.19176284    0.18872797    0.14294437    0.12761968    0.13530609    0.12485217    0.12761968    0.00000000    0.05433356    0.11031719    0.14949215    0.11549145    0.12459245
T22            0.15428573    0.28249412    0.28637708    0.26267011    0.24637536    0.24336017    0.22592457    0.22302338    0.20573665    0.25553186    0.24781330    0.18954199    0.18374765    0.13316110    0.11807232    0.12563795    0.11294190    0.11078733    0.05433356    0.00000000    0.10103203    0.13713205    0.09898519    0.11271045
T11            0.18425960    0.30835688    0.31231150    0.27902549    0.26418026    0.26724145    0.26754527    0.26447463    0.24619753    0.27407791    0.26610799    0.20388309    0.20644089    0.15705591    0.14660866    0.15446366    0.15139601    0.15428573    0.11031719    0.10103203    0.00000000    0.14170076    0.10339135    0.13384189
T1             0.23118878    0.35030268    0.36180075    0.34241330    0.33128905    0.32100017    0.31805373    0.31468215    0.29455784    0.30107416    0.30537105    0.24976250    0.24940888    0.20467543    0.19325057    0.20185612    0.19830759    0.20440208    0.14949215    0.13713205    0.14170076    0.00000000    0.05419255    0.17892285
T19            0.19257899    0.31856746    0.32947837    0.31091928    0.29361752    0.28392788    0.28111545    0.27793710    0.26202507    0.27442293    0.28230973    0.21551194    0.21522465    0.15986157    0.15188481    0.15986157    0.15669497    0.16228119    0.11549145    0.09898519    0.10339135    0.05419255    0.00000000    0.13868024
T12            0.15894644    0.27223898    0.26666654    0.25867600    0.23888344    0.24183603    0.23328865    0.23037911    0.21629943    0.25686701    0.23770112    0.18324420    0.18573250    0.14274259    0.12746412    0.13260987    0.12227231    0.12499378    0.12459245    0.11271045    0.13384189    0.17892285    0.13868024    0.00000000

