24
T7             0.00000000    0.39225740    0.39603299    0.42143370    0.40696090    0.40367086    0.41596998    0.41930611    0.35747285    0.40605183    0.40215850    0.38480880    0.36992996    0.35548146    0.24207002    0.25588566    0.28147487    0.23351076    0.24745075    0.25044569    0.23086295    0.24745075    0.23672982    0.23702547
T21            0.39225740    0.00000000    0.02660360    0.26441747    0.24987777    0.25015653    0.26569572    0.26166186    0.16839868    0.21064369    0.20785752    0.20251958    0.18094858    0.19161766    0.36732624    0.37256114    0.37743408    0.31553409    0.34143911    0.34491287    0.33538543    0.34407046    0.33538543    0.32896315
T18            0.39603299    0.02660360    0.00000000    0.24639214    0.23227579    0.23250266    0.24745075    0.24960943    0.15557543    0.20233137    0.19959105    0.18892895    0.17309367    0.17831653    0.34580710    0.35104226    0.37018415    0.30245659    0.32778069    0.33116045    0.31517246    0.33041213    0.32181966    0.31553409
T4             0.42143370    0.26441747    0.24639214    0.00000000    0.01617878    0.01414102    0.05653788    0.07812696    0.20409935    0.23268046    0.23268046    0.22587783    0.22879414    0.22940229    0.36420541    0.37307788    0.43621876    0.34580710    0.36577483    0.36941301    0.34724514    0.35501660    0.36056718    0.35387392
T15            0.40696090    0.24987777    0.23227579    0.01617878    0.00000000    0.00602719    0.04790318    0.07149547    0.19345762    0.22677884    0.22677884    0.21490431    0.21777045    0.21834926    0.35080560    0.36315742    0.42143370    0.33280841    0.35595954    0.35954552    0.33417585    0.34186763    0.34724514    0.34067953
T12            0.40367086    0.25015653    0.23250266    0.01414102    0.00602719    0.00000000    0.04579845    0.06931651    0.19094431    0.22416501    0.22416501    0.21232279    0.21518073    0.21576183    0.35132338    0.36367473    0.41808297    0.32981380    0.35287766    0.35645082    0.33118273    0.33883522    0.34420234    0.33766180
T11            0.41596998    0.26569572    0.24745075    0.05653788    0.04790318    0.04579845    0.00000000    0.08760375    0.20520568    0.24545378    0.24545378    0.23301759    0.22709847    0.22255369    0.37392827    0.38660937    0.43069471    0.34775017    0.36787032    0.37156232    0.34575598    0.34980882    0.35910429    0.35967427
T23            0.41930611    0.26166186    0.24960943    0.07812696    0.07149547    0.06931651    0.08760375    0.00000000    0.21518073    0.25818359    0.25818359    0.24330318    0.23203543    0.23797208    0.37331653    0.38981419    0.42602433    0.34370987    0.37100464    0.37471032    0.35239761    0.35287766    0.36587738    0.35910429
T9             0.35747285    0.16839868    0.15557543    0.20409935    0.19345762    0.19094431    0.20520568    0.21518073    0.00000000    0.07858974    0.08088356    0.07185708    0.08078350    0.07185708    0.28503867    0.29069126    0.33195930    0.24745075    0.28030387    0.28347965    0.25986696    0.26779890    0.25986696    0.26020469
T20            0.40605183    0.21064369    0.20233137    0.23268046    0.22677884    0.22416501    0.24545378    0.25818359    0.07858974    0.00000000    0.01823220    0.05852552    0.12051008    0.11105519    0.32620843    0.33917808    0.37205815    0.28525400    0.32342873    0.32683156    0.30833250    0.31335712    0.31166723    0.31210249
T2             0.40215850    0.20785752    0.19959105    0.23268046    0.22677884    0.22416501    0.24545378    0.25818359    0.08088356    0.01823220    0.00000000    0.05206354    0.11805872    0.10863938    0.31592941    0.32868318    0.37205815    0.28842974    0.32004891    0.32342873    0.30501988    0.31004453    0.30833250    0.30875658
T0             0.38480880    0.20251958    0.18892895    0.22587783    0.21490431    0.21232279    0.23301759    0.24330318    0.07185708    0.05852552    0.05206354    0.00000000    0.10850187    0.09473945    0.31639970    0.31547096    0.35104226    0.26689256    0.30059221    0.29735475    0.27961097    0.29735475    0.29559263    0.29925417
T3             0.36992996    0.18094858    0.17309367    0.22879414    0.21777045    0.21518073    0.22709847    0.23203543    0.08078350    0.12051008    0.11805872    0.10850187    0.00000000    0.06497950    0.30543293    0.31210249    0.34672986    0.26081160    0.29094210    0.29413814    0.28276666    0.28461072    0.27026175    0.27057340
T13            0.35548146    0.19161766    0.17831653    0.22940229    0.21834926    0.21576183    0.22255369    0.23797208    0.07185708    0.11105519    0.10863938    0.09473945    0.06497950    0.00000000    0.30213125    0.31124378    0.34328013    0.26996103    0.30385079    0.30713076    0.27961097    0.29094210    0.28276666    0.28311759
T10            0.24207002    0.36732624    0.34580710    0.36420541    0.35080560    0.35132338    0.37392827    0.37331653    0.28503867    0.32620843    0.31592941    0.31639970    0.30543293    0.30213125    0.00000000    0.05418979    0.16901332    0.11348274    0.12528499    0.12776679    0.11363947    0.11791273    0.10878434    0.10893672
T19            0.25588566    0.37256114    0.35104226    0.37307788    0.36315742    0.36367473    0.38660937    0.38981419    0.29069126    0.33917808    0.32868318    0.31547096    0.31210249    0.31124378    0.05418979    0.00000000    0.17625365    0.11777437    0.12963262    0.12716311    0.11064767    0.11764367    0.11305764    0.11805872
T8             0.28147487    0.37743408    0.37018415    0.43621876    0.42143370    0.41808297    0.43069471    0.42602433    0.33195930    0.37205815    0.37205815    0.35104226    0.34672986    0.34328013    0.16901332    0.17625365    0.00000000    0.09876921    0.11030810    0.11270074    0.13170750    0.13866743    0.13418311    0.13681109
T1             0.23351076    0.31553409    0.30245659    0.34580710    0.33280841    0.32981380    0.34775017    0.34370987    0.24745075    0.28525400    0.28842974    0.26689256    0.26081160    0.26996103    0.11348274    0.11777437    0.09876921    0.00000000    0.04362439    0.04579845    0.07195024    0.08069050    0.07880035    0.07661700
T22            0.24745075    0.34143911    0.32778069    0.36577483    0.35595954    0.35287766    0.36787032    0.37100464    0.28030387    0.32342873    0.32004891    0.30059221    0.29094210    0.30385079    0.12528499    0.12963262    0.11030810    0.04362439    0.00000000    0.00200401    0.09238622    0.10134092    0.08078350    0.08318795
T16            0.25044569    0.34491287    0.33116045    0.36941301    0.35954552    0.35645082    0.37156232    0.37471032    0.28347965    0.32683156    0.32342873    0.29735475    0.29413814    0.30713076    0.12776679    0.12716311    0.11270074    0.04579845    0.00200401    0.00000000    0.09473945    0.10371652    0.08308258    0.08550302
T5             0.23086295    0.33538543    0.31517246    0.34724514    0.33417585    0.33118273    0.34575598    0.35239761    0.25986696    0.30833250    0.30501988    0.27961097    0.28276666    0.27961097    0.11363947    0.11064767    0.13170750    0.07195024    0.09238622    0.09473945    0.00000000    0.05846238    0.06772501    0.06332007
T17            0.24745075    0.34407046    0.33041213    0.35501660    0.34186763    0.33883522    0.34980882    0.35287766    0.26779890    0.31335712    0.31004453    0.29735475    0.28461072    0.29094210    0.11791273    0.11764367    0.13866743    0.08069050    0.10134092    0.10371652    0.05846238    0.00000000    0.07640299    0.07195024
T6             0.23672982    0.33538543    0.32181966    0.36056718    0.34724514    0.34420234    0.35910429    0.36587738    0.25986696    0.31166723    0.30833250    0.29559263    0.27026175    0.28276666    0.10878434    0.11305764    0.13418311    0.07880035    0.08078350    0.08308258    0.06772501    0.07640299    0.00000000    0.00805150
T14            0.23702547    0.32896315    0.31553409    0.35387392    0.34067953    0.33766180    0.35967427    0.35910429    0.26020469    0.31210249    0.30875658    0.29925417    0.27057340    0.28311759    0.10893672    0.11805872    0.13681109    0.07661700    0.08318795    0.08550302    0.06332007    0.07195024    0.00805150    0.00000000

