24
T21            0.00000000    0.24179850    0.25045822    0.23500832    0.24064663    0.24365119    0.25410053    0.25715091    0.25715091    0.27231162    0.24421331    0.28465182    0.21887938    0.22195550    0.23674174    0.29702601    0.30025370    0.26366654    0.25783995    0.25783995    0.15364446    0.16901846    0.21004023    0.16693219
T22            0.24179850    0.00000000    0.02650482    0.10085198    0.08716774    0.08260090    0.19322501    0.19047671    0.19598852    0.20130652    0.18982998    0.22973424    0.17202492    0.19623739    0.18774346    0.22985779    0.22985779    0.21607863    0.22157343    0.22157343    0.19346620    0.20719807    0.22812971    0.20297540
T14            0.25045822    0.02650482    0.00000000    0.10311851    0.09401548    0.08939584    0.20130652    0.19851989    0.20410879    0.20719807    0.19783232    0.23832188    0.17448693    0.19876740    0.19025211    0.22676225    0.22676225    0.21289865    0.21836099    0.21836099    0.19598852    0.20976095    0.23074971    0.20837517
T17            0.23500832    0.10085198    0.10311851    0.00000000    0.07177200    0.06951944    0.19676225    0.19397558    0.19676225    0.20492604    0.19598852    0.23373637    0.18027083    0.18050119    0.18896286    0.22533607    0.22533607    0.20107375    0.20935425    0.20935425    0.17779750    0.19397558    0.21157563    0.18980059
T16            0.24064663    0.08716774    0.09401548    0.07177200    0.00000000    0.01010149    0.18098807    0.17826964    0.17556593    0.18124454    0.18298185    0.23185180    0.16754153    0.17851868    0.18372139    0.20897915    0.20897915    0.19855211    0.20107375    0.20107375    0.17042925    0.19480676    0.21260730    0.19071713
T20            0.24365119    0.08260090    0.08939584    0.06951944    0.01010149    0.00000000    0.18372139    0.18098807    0.17826964    0.18398536    0.18570768    0.22885615    0.17020202    0.18124454    0.18098807    0.21180518    0.21180518    0.20140248    0.20393226    0.20393226    0.17851868    0.19201226    0.21553279    0.19636954
T3             0.25410053    0.19322501    0.20130652    0.19676225    0.18098807    0.18372139    0.00000000    0.01620798    0.07395021    0.08993154    0.14490017    0.17631667    0.18298185    0.20776821    0.18796955    0.23009687    0.23009687    0.21062666    0.20464443    0.20464443    0.18321961    0.20014126    0.22189544    0.20614382
T13            0.25715091    0.19047671    0.19851989    0.19397558    0.17826964    0.18098807    0.01620798    0.00000000    0.08308425    0.09934539    0.15004316    0.18178340    0.18844846    0.21350156    0.19346620    0.23009687    0.23009687    0.21062666    0.20464443    0.20464443    0.18870124    0.20582572    0.23373637    0.21191036
T18            0.25715091    0.19598852    0.20410879    0.19676225    0.17556593    0.17826964    0.07395021    0.08308425    0.00000000    0.03919127    0.12730572    0.16026667    0.17489254    0.19928976    0.18524374    0.22195550    0.22195550    0.20776821    0.19902404    0.19902404    0.18820455    0.19676225    0.22482946    0.21125009
T15            0.27231162    0.20130652    0.20719807    0.20492604    0.18124454    0.18398536    0.08993154    0.09934539    0.03919127    0.00000000    0.14727481    0.18150965    0.19095287    0.20747853    0.19322501    0.23858269    0.23858269    0.21607863    0.21577353    0.21577353    0.20182633    0.20492604    0.23637492    0.22551924
T9             0.24421331    0.18982998    0.19783232    0.19598852    0.18298185    0.18570768    0.14490017    0.15004316    0.12730572    0.14727481    0.00000000    0.09697523    0.17925078    0.19299285    0.19003652    0.22370945    0.21807351    0.20464443    0.19876740    0.19876740    0.16919419    0.19003652    0.22095789    0.19902404
T4             0.28465182    0.22973424    0.23832188    0.23373637    0.23185180    0.22885615    0.17631667    0.18178340    0.16026667    0.18150965    0.09697523    0.00000000    0.21491467    0.22095789    0.22941510    0.24370056    0.23495028    0.22973424    0.22356430    0.22356430    0.20949099    0.23533527    0.25352891    0.23040157
T0             0.21887938    0.17202492    0.17448693    0.18027083    0.16754153    0.17020202    0.18298185    0.18844846    0.17489254    0.19095287    0.17925078    0.21491467    0.00000000    0.08494692    0.08487910    0.19722781    0.19450209    0.18050119    0.18027083    0.18027083    0.15153643    0.16395696    0.18796955    0.16187572
T11            0.22195550    0.19623739    0.19876740    0.18050119    0.17851868    0.18124454    0.20776821    0.21350156    0.19928976    0.20747853    0.19299285    0.22095789    0.08494692    0.00000000    0.08972396    0.21367297    0.21367297    0.17802924    0.17779750    0.17779750    0.17222496    0.17736010    0.20776821    0.17533284
T19            0.23674174    0.18774346    0.19025211    0.18896286    0.18372139    0.18098807    0.18796955    0.19346620    0.18524374    0.19322501    0.19003652    0.22941510    0.08487910    0.08972396    0.00000000    0.21108419    0.21108419    0.18646974    0.18620693    0.18620693    0.18004921    0.17222496    0.19902404    0.18321961
T1             0.29702601    0.22985779    0.22676225    0.22533607    0.20897915    0.21180518    0.23009687    0.23009687    0.22195550    0.23858269    0.22370945    0.24370056    0.19722781    0.21367297    0.21108419    0.00000000    0.06708984    0.15186952    0.15427026    0.15427026    0.22172142    0.22195550    0.24536216    0.22507415
T6             0.30025370    0.22985779    0.22676225    0.22533607    0.20897915    0.21180518    0.23009687    0.23009687    0.22195550    0.23858269    0.21807351    0.23495028    0.19450209    0.21367297    0.21108419    0.06708984    0.00000000    0.15444760    0.15945320    0.15945320    0.22172142    0.22195550    0.23940684    0.22219936
T2             0.26366654    0.21607863    0.21289865    0.20107375    0.19855211    0.20140248    0.21062666    0.21062666    0.20776821    0.21607863    0.20464443    0.22973424    0.18050119    0.17802924    0.18646974    0.15186952    0.15444760    0.00000000    0.04565744    0.04565744    0.18620693    0.19984840    0.24626864    0.21447561
T12            0.25783995    0.22157343    0.21836099    0.20935425    0.20107375    0.20393226    0.20464443    0.20464443    0.19902404    0.21577353    0.19876740    0.22356430    0.18027083    0.17779750    0.18620693    0.15427026    0.15945320    0.04565744    0.00000000    0.00000000    0.18870124    0.20521680    0.23147485    0.19984840
T23            0.25783995    0.22157343    0.21836099    0.20935425    0.20107375    0.20393226    0.20464443    0.20464443    0.19902404    0.21577353    0.19876740    0.22356430    0.18027083    0.17779750    0.18620693    0.15427026    0.15945320    0.04565744    0.00000000    0.00000000    0.18870124    0.20521680    0.23147485    0.19984840
T5             0.15364446    0.19346620    0.19598852    0.17779750    0.17042925    0.17851868    0.18321961    0.18870124    0.18820455    0.20182633    0.16919419    0.20949099    0.15153643    0.17222496    0.18004921    0.22172142    0.22172142    0.18620693    0.18870124    0.18870124    0.00000000    0.08281034    0.13009624    0.09685129
T7             0.16901846    0.20719807    0.20976095    0.19397558    0.19480676    0.19201226    0.20014126    0.20582572    0.19676225    0.20492604    0.19003652    0.23533527    0.16395696    0.17736010    0.17222496    0.22195550    0.22195550    0.19984840    0.20521680    0.20521680    0.08281034    0.00000000    0.13493634    0.10623801
T10            0.21004023    0.22812971    0.23074971    0.21157563    0.21260730    0.21553279    0.22189544    0.23373637    0.22482946    0.23637492    0.22095789    0.25352891    0.18796955    0.20776821    0.19902404    0.24536216    0.23940684    0.24626864    0.23147485    0.23147485    0.13009624    0.13493634    0.00000000    0.07840845
T8             0.16693219    0.20297540    0.20837517    0.18980059    0.19071713    0.19636954    0.20614382    0.21191036    0.21125009    0.22551924    0.19902404    0.23040157    0.16187572    0.17533284    0.18321961    0.22507415    0.22219936    0.21447561    0.19984840    0.19984840    0.09685129    0.10623801    0.07840845    0.00000000

