24
T15            0.00000000    0.30715164    0.26917567    0.24836735    0.24667416    0.24331758    0.29809974    0.30256711    0.29155684    0.27625344    0.30011690    0.24936302    0.24331758    0.25974361    0.27473485    0.29769054    0.27867062    0.27337459    0.27897857    0.26641604    0.26262394    0.26881925    0.32780291    0.32146945
T1             0.30715164    0.00000000    0.17715490    0.15848620    0.15394103    0.15153681    0.19762234    0.20337526    0.19025257    0.17943769    0.18963327    0.15378884    0.15378884    0.18524408    0.18253310    0.18963327    0.18048799    0.17298866    0.18585527    0.28224928    0.27509238    0.27825875    0.30953121    0.30391423
T19            0.26917567    0.17715490    0.00000000    0.13963905    0.13782417    0.13511016    0.17757469    0.17287683    0.17090902    0.14727489    0.15964421    0.14529154    0.14017490    0.16604419    0.16872614    0.17826965    0.16869383    0.16919467    0.17677017    0.25934233    0.25857067    0.24936302    0.30350423    0.30061173
T6             0.24836735    0.15848620    0.13963905    0.00000000    0.02236464    0.02028047    0.10311885    0.10102628    0.08519379    0.08078505    0.09418660    0.12266859    0.11052948    0.13745596    0.13493639    0.15186975    0.14572500    0.13856506    0.15085061    0.24168123    0.24399535    0.24702725    0.26940654    0.26662615
T22            0.24667416    0.15394103    0.13782417    0.02236464    0.00000000    0.01008408    0.10348899    0.10146374    0.08330228    0.08330228    0.09697521    0.12084094    0.10864236    0.13314628    0.13314628    0.15004315    0.14365943    0.13654265    0.15138281    0.24014841    0.24242033    0.23938839    0.27996933    0.27716545
T5             0.24331758    0.15153681    0.13511016    0.02028047    0.01008408    0.00000000    0.10102628    0.09897875    0.08088521    0.08088521    0.09449793    0.11821591    0.10610612    0.13548132    0.13548132    0.14727489    0.14104698    0.13394283    0.14869845    0.23674073    0.23902309    0.24204584    0.27649148    0.27369629
T13            0.29809974    0.19762234    0.17757469    0.10311885    0.10348899    0.10102628    0.00000000    0.04969113    0.08045527    0.13711950    0.14930493    0.17779766    0.16187603    0.18844860    0.19452069    0.20949135    0.18926589    0.18406692    0.19996948    0.28547708    0.28707884    0.28788013    0.33458696    0.34104819
T21            0.30256711    0.20337526    0.17287683    0.10102628    0.10146374    0.09897875    0.04969113    0.00000000    0.08069194    0.13511016    0.14727489    0.17580757    0.15984335    0.18098805    0.19480659    0.20182649    0.18674873    0.18963327    0.19742093    0.28679658    0.29155684    0.29244618    0.33240225    0.32940671
T17            0.29155684    0.19025257    0.17090902    0.08519379    0.08330228    0.08088521    0.08045527    0.08069194    0.00000000    0.11120934    0.12794143    0.16096373    0.14786965    0.17960035    0.18235632    0.19201212    0.17394473    0.17448736    0.18481585    0.27933889    0.27840383    0.27933889    0.32940671    0.32983884
T7             0.27625344    0.17943769    0.14727489    0.08078505    0.08330228    0.08088521    0.13711950    0.13511016    0.11120934    0.00000000    0.08993155    0.14272667    0.13511016    0.15024810    0.15284632    0.16799016    0.15893165    0.15685528    0.16430704    0.27517596    0.27430439    0.25548255    0.30280614    0.29991119
T23            0.30011690    0.18963327    0.15964421    0.09418660    0.09697521    0.09449793    0.14930493    0.14727489    0.12794143    0.08993155    0.00000000    0.14471661    0.13711950    0.16268328    0.14454111    0.15945345    0.17378145    0.17429772    0.18461514    0.28353715    0.27945026    0.27708141    0.29231899    0.29576221
T4             0.24936302    0.15378884    0.14529154    0.12266859    0.12084094    0.11821591    0.17779766    0.17580757    0.16096373    0.14272667    0.14471661    0.00000000    0.04972847    0.07403477    0.07630783    0.08273347    0.11226137    0.10539298    0.11471559    0.22126103    0.22066475    0.21491508    0.28149072    0.28494355
T12            0.24331758    0.15378884    0.14017490    0.11052948    0.10864236    0.10610612    0.16187603    0.15984335    0.14786965    0.13511016    0.13711950    0.04972847    0.00000000    0.06504463    0.06727704    0.07818741    0.10054959    0.10070841    0.10996419    0.22711180    0.22648140    0.22648140    0.28149072    0.28179724
T11            0.25974361    0.18524408    0.16604419    0.13745596    0.13314628    0.13548132    0.18844860    0.18098805    0.17960035    0.15024810    0.16268328    0.07403477    0.06504463    0.00000000    0.04559633    0.10360028    0.12902777    0.12691142    0.13654265    0.25473561    0.26015517    0.25392094    0.29450322    0.29809974
T3             0.27473485    0.18253310    0.16872614    0.13493639    0.13314628    0.13548132    0.19452069    0.19480659    0.18235632    0.15284632    0.14454111    0.07630783    0.06727704    0.04559633    0.00000000    0.10360028    0.13394283    0.13432062    0.14406339    0.26646821    0.25623497    0.25392094    0.30025560    0.31045399
T14            0.29769054    0.18963327    0.17826965    0.15186975    0.15004315    0.14727489    0.20949135    0.20182649    0.19201212    0.16799016    0.15945345    0.08273347    0.07818741    0.10360028    0.10360028    0.00000000    0.13878465    0.13418664    0.14392050    0.27070806    0.26992057    0.26678399    0.30897211    0.31261606
T18            0.27867062    0.18048799    0.16869383    0.14572500    0.14365943    0.14104698    0.18926589    0.18674873    0.17394473    0.15893165    0.17378145    0.11226137    0.10054959    0.12902777    0.13394283    0.13878465    0.00000000    0.03492654    0.03697566    0.27159050    0.27962796    0.27337459    0.30391423    0.31061811
T9             0.27337459    0.17298866    0.16919467    0.13856506    0.13654265    0.13394283    0.18406692    0.18963327    0.17448736    0.15685528    0.17429772    0.10539298    0.10070841    0.12691142    0.13432062    0.13418664    0.03492654    0.00000000    0.02241949    0.26571199    0.26813861    0.26813861    0.30099744    0.30768263
T16            0.27897857    0.18585527    0.17677017    0.15085061    0.15138281    0.14869845    0.19996948    0.19742093    0.18481585    0.16430704    0.18461514    0.11471559    0.10996419    0.13654265    0.14406339    0.14392050    0.03697566    0.02241949    0.00000000    0.28387182    0.28632216    0.27996933    0.30684317    0.31356585
T2             0.26641604    0.28224928    0.25934233    0.24168123    0.24014841    0.23674073    0.28547708    0.28679658    0.27933889    0.27517596    0.28353715    0.22126103    0.22711180    0.25473561    0.26646821    0.27070806    0.27159050    0.26571199    0.28387182    0.00000000    0.03497103    0.04776572    0.24836735    0.24268001
T20            0.26262394    0.27509238    0.25857067    0.24399535    0.24242033    0.23902309    0.28707884    0.29155684    0.27840383    0.27430439    0.27945026    0.22066475    0.22648140    0.26015517    0.25623497    0.26992057    0.27962796    0.26813861    0.28632216    0.03497103    0.00000000    0.04982323    0.25317415    0.24746383
T10            0.26881925    0.27825875    0.24936302    0.24702725    0.23938839    0.24204584    0.28788013    0.29244618    0.27933889    0.25548255    0.27708141    0.21491508    0.22648140    0.25392094    0.25392094    0.26678399    0.27337459    0.26813861    0.27996933    0.04776572    0.04982323    0.00000000    0.25317415    0.24746383
T0             0.32780291    0.30953121    0.30350423    0.26940654    0.27996933    0.27649148    0.33458696    0.33240225    0.32940671    0.30280614    0.29231899    0.28149072    0.28149072    0.29450322    0.30025560    0.30897211    0.30391423    0.30099744    0.30684317    0.24836735    0.25317415    0.25317415    0.00000000    0.02238893
T8             0.32146945    0.30391423    0.30061173    0.26662615    0.27716545    0.27369629    0.34104819    0.32940671    0.32983884    0.29991119    0.29576221    0.28494355    0.28179724    0.29809974    0.31045399    0.31261606    0.31061811    0.30768263    0.31356585    0.24268001    0.24746383    0.24746383    0.02238893    0.00000000

