24
T22            0.00000000    0.42269142    0.40314531    0.33975308    0.33073305    0.32048882    0.38690967    0.38690967    0.40099886    0.39336047    0.39391809    0.33458649    0.32641920    0.33583696    0.33885742    0.35195780    0.34935259    0.35907907    0.36369822    0.26917023    0.27825266    0.17202384    0.18820176    0.18820176
T3             0.42269142    0.00000000    0.02440552    0.31126085    0.29681776    0.28707293    0.34582964    0.34582964    0.32519829    0.33282913    0.32983381    0.29485879    0.28244228    0.31168384    0.31460689    0.31887879    0.32082875    0.30135513    0.31548729    0.36589879    0.38406895    0.40486230    0.42062198    0.42062198
T11            0.40314531    0.02440552    0.00000000    0.30463526    0.29030013    0.28068041    0.33885742    0.33885742    0.31519359    0.32940282    0.32641920    0.28844585    0.27617023    0.30174524    0.30463526    0.30544880    0.30721559    0.29485879    0.30877260    0.36589879    0.38663364    0.39716507    0.42062198    0.42062198
T6             0.33975308    0.31126085    0.30463526    0.00000000    0.04770624    0.04554160    0.13947525    0.13947525    0.14489792    0.13226855    0.13493455    0.10134244    0.09461514    0.10172527    0.10397729    0.10610504    0.11608639    0.12281753    0.11821408    0.27751456    0.30544880    0.34629555    0.35339160    0.35339160
T19            0.33073305    0.29681776    0.29030013    0.04770624    0.00000000    0.01415451    0.13276993    0.13276993    0.14292465    0.12562296    0.12830292    0.09487310    0.09029519    0.09738854    0.09962443    0.09962443    0.10962111    0.11380511    0.11170433    0.27863810    0.30675648    0.33027723    0.33720123    0.33720123
T21            0.32048882    0.28707293    0.28068041    0.04554160    0.01415451    0.00000000    0.12528711    0.12528711    0.13528932    0.11821408    0.12083867    0.08782977    0.08330115    0.09501288    0.09724312    0.09724312    0.10718164    0.10652221    0.10442139    0.26917023    0.29681776    0.32685089    0.32685089    0.32685089
T7             0.38690967    0.34582964    0.33885742    0.13947525    0.13276993    0.12528711    0.00000000    0.00401610    0.19397154    0.17802598    0.17826585    0.14489792    0.13745393    0.15284302    0.15523646    0.15831315    0.16629409    0.17287357    0.17605335    0.31965920    0.34233136    0.38222974    0.37215637    0.38344201
T23            0.38690967    0.34582964    0.33885742    0.13947525    0.13276993    0.12528711    0.00401610    0.00000000    0.19397154    0.17802598    0.17826585    0.14489792    0.13745393    0.15284302    0.15523646    0.15831315    0.16629409    0.17287357    0.17605335    0.31965920    0.34233136    0.38222974    0.37215637    0.38344201
T0             0.40099886    0.32519829    0.31519359    0.14489792    0.14292465    0.13528932    0.19397154    0.19397154    0.00000000    0.05859583    0.06089483    0.13763375    0.13276993    0.12776895    0.13009447    0.14272390    0.14571126    0.17556243    0.17334992    0.34119177    0.36477182    0.38370560    0.41331270    0.41331270
T10            0.39336047    0.33282913    0.32940282    0.13226855    0.12562296    0.11821408    0.17802598    0.17802598    0.05859583    0.00000000    0.01008406    0.12051199    0.11576868    0.13062396    0.13295275    0.13547851    0.13588039    0.16268018    0.15004045    0.32388027    0.35032235    0.39012792    0.40937307    0.40937307
T13            0.39391809    0.32983381    0.32641920    0.13493455    0.12830292    0.12083867    0.17826585    0.17826585    0.06089483    0.01008406    0.00000000    0.12314110    0.11837517    0.13334177    0.13567554    0.13822062    0.13865114    0.16555573    0.15545460    0.32775122    0.35441289    0.38316214    0.39832397    0.40608102
T14            0.33458649    0.29485879    0.28844585    0.10134244    0.09487310    0.08782977    0.14489792    0.14489792    0.13763375    0.12051199    0.12314110    0.00000000    0.03274713    0.06743568    0.06960017    0.06978302    0.07661760    0.13567554    0.13101574    0.28386644    0.30214697    0.34537666    0.36318148    0.36318148
T9             0.32641920    0.28244228    0.27617023    0.09461514    0.09029519    0.08330115    0.13745393    0.13745393    0.13276993    0.11576868    0.11837517    0.03274713    0.00000000    0.06752545    0.06968816    0.06968816    0.07673495    0.13295275    0.12331438    0.27306939    0.29112065    0.33372723    0.35494310    0.35494310
T8             0.33583696    0.31168384    0.30174524    0.10172527    0.09738854    0.09501288    0.15284302    0.15284302    0.12776895    0.13062396    0.13334177    0.06743568    0.06752545    0.00000000    0.00602719    0.04988030    0.05441067    0.14830254    0.13843197    0.30386948    0.31594533    0.35389572    0.37215637    0.37215637
T15            0.33885742    0.31460689    0.30463526    0.10397729    0.09962443    0.09724312    0.15523646    0.15523646    0.13009447    0.13295275    0.13567554    0.06960017    0.06968816    0.00602719    0.00000000    0.04765371    0.05213254    0.14808048    0.14077873    0.30432889    0.31641522    0.36058991    0.36789346    0.36789346
T1             0.35195780    0.31887879    0.30544880    0.10610504    0.09962443    0.09724312    0.15831315    0.15831315    0.14272390    0.13547851    0.13822062    0.06978302    0.06968816    0.04988030    0.04765371    0.00000000    0.03284757    0.15329008    0.15114422    0.29030013    0.30544880    0.37417717    0.38922502    0.38922502
T2             0.34935259    0.32082875    0.30721559    0.11608639    0.10962111    0.10718164    0.16629409    0.16629409    0.14571126    0.13588039    0.13865114    0.07661760    0.07673495    0.05441067    0.05213254    0.03284757    0.00000000    0.15376955    0.15164202    0.29439011    0.31302370    0.36058991    0.37905300    0.37905300
T4             0.35907907    0.30135513    0.29485879    0.12281753    0.11380511    0.10652221    0.17287357    0.17287357    0.17556243    0.16268018    0.16555573    0.13567554    0.13295275    0.14830254    0.14808048    0.15329008    0.15376955    0.00000000    0.07412554    0.31011382    0.34328676    0.37417717    0.35956938    0.35956938
T17            0.36369822    0.31548729    0.30877260    0.11821408    0.11170433    0.10442139    0.17605335    0.17605335    0.17334992    0.15004045    0.15545460    0.13101574    0.12331438    0.13843197    0.14077873    0.15114422    0.15164202    0.07412554    0.00000000    0.30342156    0.33619051    0.37530538    0.38663364    0.38663364
T20            0.26917023    0.36589879    0.36589879    0.27751456    0.27863810    0.26917023    0.31965920    0.31965920    0.34119177    0.32388027    0.32775122    0.28386644    0.27306939    0.30386948    0.30432889    0.29030013    0.29439011    0.31011382    0.30342156    0.00000000    0.03280766    0.25476578    0.28072823    0.28072823
T16            0.27825266    0.38406895    0.38663364    0.30544880    0.30675648    0.29681776    0.34233136    0.34233136    0.36477182    0.35032235    0.35441289    0.30214697    0.29112065    0.31594533    0.31641522    0.30544880    0.31302370    0.34328676    0.33619051    0.03280766    0.00000000    0.27230629    0.29482790    0.29482790
T18            0.17202384    0.40486230    0.39716507    0.34629555    0.33027723    0.32685089    0.38222974    0.38222974    0.38370560    0.39012792    0.38316214    0.34537666    0.33372723    0.35389572    0.36058991    0.37417717    0.36058991    0.37417717    0.37530538    0.25476578    0.27230629    0.00000000    0.10667606    0.10909777
T5             0.18820176    0.42062198    0.42062198    0.35339160    0.33720123    0.32685089    0.37215637    0.37215637    0.41331270    0.40937307    0.39832397    0.36318148    0.35494310    0.37215637    0.36789346    0.38922502    0.37905300    0.35956938    0.38663364    0.28072823    0.29482790    0.10667606    0.00000000    0.00806475
T12            0.18820176    0.42062198    0.42062198    0.35339160    0.33720123    0.32685089    0.38344201    0.38344201    0.41331270    0.40937307    0.40608102    0.36318148    0.35494310    0.37215637    0.36789346    0.38922502    0.37905300    0.35956938    0.38663364    0.28072823    0.29482790    0.10909777    0.00806475    0.00000000

