24
T1             0.00000000    0.31045760    0.26443451    0.26814129    0.29164742    0.30061499    0.28953239    0.28387501    0.29641332    0.35804125    0.33568923    0.29071565    0.30504528    0.27194890    0.27788643    0.31012801    0.30280927    0.28149337    0.29164742    0.29030999    0.30504528    0.30545898    0.30794576    0.29200697
T0             0.31045760    0.00000000    0.11105890    0.10894059    0.11791654    0.13183924    0.19985013    0.21062860    0.24477041    0.28506267    0.26403871    0.25353176    0.28225272    0.25314969    0.25277781    0.24776642    0.24805822    0.23645848    0.25139249    0.25241612    0.25784311    0.25820316    0.25443365    0.25477390
T10            0.26443451    0.11105890    0.00000000    0.03924496    0.04977260    0.07363320    0.15243208    0.15984439    0.20850722    0.25477390    0.23236889    0.21519369    0.24299611    0.21261329    0.21233525    0.20182818    0.20199164    0.18360122    0.19704722    0.20641442    0.21439171    0.21464955    0.20850722    0.20361214
T9             0.26814129    0.10894059    0.03924496    0.00000000    0.03069797    0.06926410    0.14509277    0.14984727    0.21464955    0.25548536    0.23533779    0.21577562    0.24365395    0.21033078    0.20437394    0.20806898    0.21065370    0.18657795    0.20571281    0.20692888    0.21491689    0.21519369    0.21180740    0.20411076
T20            0.29164742    0.11791654    0.04977260    0.03069797    0.00000000    0.08024034    0.14675399    0.14898587    0.21390464    0.26057210    0.23501088    0.22066671    0.24869150    0.21519369    0.21491689    0.20720004    0.21007645    0.19146652    0.20234018    0.21180740    0.21984393    0.22010858    0.21108659    0.20898134
T12            0.30061499    0.13183924    0.07363320    0.06926410    0.08024034    0.00000000    0.17468687    0.17429877    0.22482475    0.26606150    0.23970460    0.22823854    0.25650701    0.21984393    0.22245551    0.20059787    0.21773309    0.19897038    0.21267447    0.21934360    0.22745733    0.22770787    0.22391515    0.22172417
T17            0.28953239    0.19985013    0.15243208    0.14509277    0.14675399    0.17468687    0.00000000    0.06960091    0.21180740    0.26403871    0.24064934    0.23501088    0.26366986    0.23236889    0.23205079    0.21898068    0.23251491    0.21324600    0.21605609    0.21206661    0.23533779    0.23567452    0.22910815    0.22356664
T8             0.28387501    0.21062860    0.15984439    0.14984727    0.14898587    0.17429877    0.06960091    0.00000000    0.22271878    0.26022337    0.23704064    0.22910815    0.25512447    0.22648352    0.22618274    0.22189760    0.21866598    0.19978043    0.21367547    0.20923252    0.22299174    0.22327437    0.21180740    0.21155764
T14            0.29641332    0.24477041    0.20850722    0.21464955    0.21390464    0.22482475    0.21180740    0.22271878    0.00000000    0.10850518    0.08993189    0.20464633    0.21519369    0.19095455    0.19071202    0.19201382    0.19197064    0.17115692    0.18442453    0.19095455    0.19322680    0.19346795    0.18983188    0.18774518
T18            0.35804125    0.28506267    0.25477390    0.25548536    0.26057210    0.26606150    0.26403871    0.26022337    0.10850518    0.00000000    0.04969120    0.24600070    0.27194890    0.23144401    0.23115537    0.23637735    0.22986081    0.21345591    0.23060773    0.22618274    0.23144401    0.23174249    0.23352453    0.23144401
T16            0.33568923    0.26403871    0.23236889    0.23533779    0.23501088    0.23970460    0.24064934    0.23704064    0.08993189    0.04969120    0.00000000    0.22679396    0.25206465    0.21261329    0.21233525    0.21157752    0.21108659    0.18963447    0.20337675    0.21319746    0.21836316    0.21866720    0.21750797    0.21261329
T5             0.29071565    0.25353176    0.21519369    0.21577562    0.22066671    0.22823854    0.23501088    0.22910815    0.20464633    0.24600070    0.22679396    0.00000000    0.06937793    0.05206434    0.05419060    0.17556728    0.17626030    0.17115692    0.18212070    0.17779894    0.19649705    0.19676396    0.20976300    0.19649705
T13            0.30504528    0.28225272    0.24299611    0.24365395    0.24869150    0.25650701    0.26366986    0.25512447    0.21519369    0.27194890    0.25206465    0.06937793    0.00000000    0.05835716    0.06050756    0.19071202    0.19723005    0.18657795    0.19783437    0.19575059    0.21491689    0.21519369    0.22271878    0.20923252
T6             0.27194890    0.25314969    0.21261329    0.21033078    0.21519369    0.21984393    0.23236889    0.22648352    0.19095455    0.23144401    0.21261329    0.05206434    0.05835716    0.00000000    0.02238895    0.16776287    0.17115692    0.16092034    0.17165240    0.16469176    0.17757592    0.17779894    0.19047847    0.17222638
T2             0.27788643    0.25277781    0.21233525    0.20437394    0.21491689    0.22245551    0.23205079    0.22618274    0.19071202    0.23115537    0.21233525    0.05419060    0.06050756    0.02238895    0.00000000    0.17287809    0.16349837    0.15592873    0.16657016    0.16977451    0.18275446    0.18298339    0.19299468    0.17736161
T19            0.31012801    0.24776642    0.20182818    0.20806898    0.20720004    0.20059787    0.21898068    0.22189760    0.19201382    0.23637735    0.21157752    0.17556728    0.19071202    0.16776287    0.17287809    0.00000000    0.14883834    0.13394337    0.14421521    0.17091037    0.17631797    0.18151103    0.19146640    0.17580894
T21            0.30280927    0.24805822    0.20199164    0.21065370    0.21007645    0.21773309    0.23251491    0.21866598    0.19197064    0.22986081    0.21108659    0.17626030    0.19723005    0.17115692    0.16349837    0.14883834    0.00000000    0.03904179    0.03904179    0.17115692    0.18983188    0.19508608    0.19162529    0.18406798
T22            0.28149337    0.23645848    0.18360122    0.18657795    0.19146652    0.19897038    0.21324600    0.19978043    0.17115692    0.21345591    0.18963447    0.17115692    0.18657795    0.16092034    0.15592873    0.13394337    0.03904179    0.00000000    0.03906938    0.16092034    0.16869472    0.17378239    0.17582962    0.16323502
T3             0.29164742    0.25139249    0.19704722    0.20571281    0.20234018    0.21267447    0.21605609    0.21367547    0.18442453    0.23060773    0.20337675    0.18212070    0.19783437    0.17165240    0.16657016    0.14421521    0.03904179    0.03906938    0.00000000    0.16412892    0.18005076    0.18524539    0.18174265    0.17695924
T7             0.29030999    0.25241612    0.20641442    0.20692888    0.21180740    0.21934360    0.21206661    0.20923252    0.19095455    0.22618274    0.21319746    0.17779894    0.19575059    0.16469176    0.16977451    0.17091037    0.17115692    0.16092034    0.16412892    0.00000000    0.12101668    0.11625965    0.12545392    0.11120991
T4             0.30504528    0.25784311    0.21439171    0.21491689    0.21984393    0.22745733    0.23533779    0.22299174    0.19322680    0.23144401    0.21836316    0.19649705    0.21491689    0.17757592    0.18275446    0.17631797    0.18983188    0.16869472    0.18005076    0.12101668    0.00000000    0.00401105    0.06951966    0.04982332
T11            0.30545898    0.25820316    0.21464955    0.21519369    0.22010858    0.22770787    0.23567452    0.22327437    0.19346795    0.23174249    0.21866720    0.19676396    0.21519369    0.17779894    0.18298339    0.18151103    0.19508608    0.17378239    0.18524539    0.11625965    0.00401105    0.00000000    0.06960091    0.04988070
T15            0.30794576    0.25443365    0.20850722    0.21180740    0.21108659    0.22391515    0.22910815    0.21180740    0.18983188    0.23352453    0.21750797    0.20976300    0.22271878    0.19047847    0.19299468    0.19146640    0.19162529    0.17582962    0.18174265    0.12545392    0.06951966    0.06960091    0.00000000    0.05632355
T23            0.29200697    0.25477390    0.20361214    0.20411076    0.20898134    0.22172417    0.22356664    0.21155764    0.18774518    0.23144401    0.21261329    0.19649705    0.20923252    0.17222638    0.17736161    0.17580894    0.18406798    0.16323502    0.17695924    0.11120991    0.04982332    0.04988070    0.05632355    0.00000000

