24
T17            0.00000000    0.16171231    0.15411686    0.15411686    0.15171424    0.17782100    0.14949280    0.17245519    0.30249870    0.21643176    0.19879633    0.19905383    0.28273223    0.27164280    0.27236744    0.35868223    0.18426067    0.16959151    0.18300663    0.21961884    0.21393222    0.14129018    0.15188549    0.14455580
T22            0.16171231    0.00000000    0.06938063    0.06938063    0.06276508    0.08741381    0.08045888    0.10103233    0.23473246    0.16007054    0.16756262    0.16778345    0.26760904    0.26683836    0.26135156    0.32632185    0.16351224    0.15687197    0.16208361    0.21442112    0.21442112    0.19301873    0.21066251    0.20841174
T14            0.15411686    0.06938063    0.00000000    0.00000000    0.02238931    0.04343775    0.07162334    0.09216172    0.21753957    0.14473193    0.15504796    0.15525902    0.25862380    0.26098054    0.25553384    0.30395272    0.14857973    0.14201629    0.14710830    0.20669567    0.20669567    0.18277690    0.19455183    0.19233100
T15            0.15411686    0.06938063    0.00000000    0.00000000    0.02238931    0.04343775    0.07162334    0.09216172    0.21753957    0.14473193    0.15504796    0.15525902    0.25862380    0.26098054    0.25553384    0.30395272    0.14857973    0.14201629    0.14710830    0.20669567    0.20669567    0.18277690    0.19455183    0.19233100
T13            0.15171424    0.06276508    0.02238931    0.02238931    0.00000000    0.03077619    0.06498287    0.08972939    0.21494823    0.13729743    0.14748185    0.14768081    0.24976438    0.25211014    0.24672153    0.29776115    0.14367075    0.13713259    0.14218593    0.19854796    0.19854796    0.17224582    0.19204303    0.18983205
T7             0.17782100    0.08741381    0.04343775    0.04343775    0.03077619    0.00000000    0.08972939    0.11306945    0.24336196    0.15986231    0.17093352    0.17118698    0.27757680    0.27993322    0.27436752    0.31992324    0.16886892    0.16228196    0.16756262    0.22041572    0.22041572    0.19932046    0.22261064    0.22037021
T3             0.14949280    0.08045888    0.07162334    0.07162334    0.06498287    0.08972939    0.00000000    0.03280852    0.21264538    0.13765104    0.15006078    0.15026645    0.25358262    0.25282592    0.24744054    0.29206549    0.13891781    0.13244233    0.13244233    0.19626601    0.19073670    0.16735029    0.18209548    0.18209548
T8             0.17245519    0.10103233    0.09216172    0.09216172    0.08972939    0.11306945    0.03280852    0.00000000    0.24102709    0.16825054    0.17313499    0.17337874    0.25939846    0.25862380    0.25319917    0.30395272    0.16397399    0.14710830    0.15745100    0.22390487    0.21810223    0.19652481    0.20586197    0.20364132
T10            0.30249870    0.23473246    0.21753957    0.21753957    0.21494823    0.24336196    0.21264538    0.24102709    0.00000000    0.13010902    0.28794399    0.28836301    0.38551307    0.39060902    0.38420930    0.42991994    0.26818771    0.27951267    0.28273223    0.33777606    0.33777606    0.30973875    0.31321531    0.30978535
T21            0.21643176    0.16007054    0.14473193    0.14473193    0.13729743    0.15986231    0.13765104    0.16825054    0.13010902    0.00000000    0.21323163    0.21353879    0.31431327    0.30201338    0.29629665    0.37422087    0.19807879    0.19706953    0.19706953    0.25862380    0.25862380    0.22683171    0.24673886    0.24141812
T23            0.19879633    0.16756262    0.15504796    0.15504796    0.14748185    0.17093352    0.15006078    0.17313499    0.28794399    0.21323163    0.00000000    0.00401106    0.17396260    0.17627673    0.17396260    0.23594997    0.17612361    0.17470648    0.16676459    0.22223215    0.22800096    0.21753957    0.22129917    0.22193591
T4             0.19905383    0.16778345    0.15525902    0.15525902    0.14768081    0.17118698    0.15026645    0.17337874    0.28836301    0.21353879    0.00401106    0.00000000    0.17149520    0.17379865    0.17149520    0.23621699    0.17627673    0.17491433    0.16695125    0.21961884    0.22537106    0.21781613    0.22161278    0.22226854
T19            0.28273223    0.26760904    0.25862380    0.25862380    0.24976438    0.27757680    0.25358262    0.25939846    0.38551307    0.31431327    0.17396260    0.17149520    0.00000000    0.04343775    0.03497207    0.33291131    0.27311112    0.26922898    0.25993042    0.32396201    0.33082120    0.29732109    0.31559368    0.30299539
T0             0.27164280    0.26683836    0.26098054    0.26098054    0.25211014    0.27993322    0.25282592    0.25862380    0.39060902    0.30201338    0.17627673    0.17379865    0.04343775    0.00000000    0.01210959    0.33205730    0.27560984    0.27164280    0.26852402    0.32310363    0.32991585    0.28355518    0.30777546    0.29535945
T2             0.27236744    0.26135156    0.25553384    0.25553384    0.24672153    0.27436752    0.24744054    0.25319917    0.38420930    0.29629665    0.17396260    0.17149520    0.03497207    0.01210959    0.00000000    0.32607581    0.27311112    0.26922898    0.26611016    0.31719588    0.32396201    0.28111788    0.30875730    0.29629665
T12            0.35868223    0.32632185    0.30395272    0.30395272    0.29776115    0.31992324    0.29206549    0.30395272    0.42991994    0.37422087    0.23594997    0.23621699    0.33291131    0.33205730    0.32607581    0.00000000    0.30975217    0.30181485    0.32191170    0.36973105    0.37723531    0.34079472    0.35198372    0.34231918
T18            0.18426067    0.16351224    0.14857973    0.14857973    0.14367075    0.16886892    0.13891781    0.16397399    0.26818771    0.19807879    0.17612361    0.17627673    0.27311112    0.27560984    0.27311112    0.30975217    0.00000000    0.07587824    0.08510894    0.17166977    0.17166977    0.18928633    0.20413920    0.20979383
T20            0.16959151    0.15687197    0.14201629    0.14201629    0.13713259    0.16228196    0.13244233    0.14710830    0.27951267    0.19706953    0.17470648    0.17491433    0.26922898    0.27164280    0.26922898    0.30181485    0.07587824    0.00000000    0.07413057    0.16735029    0.16735029    0.18799486    0.18597957    0.18649814
T11            0.18300663    0.16208361    0.14710830    0.14710830    0.14218593    0.16756262    0.13244233    0.15745100    0.28273223    0.19706953    0.16676459    0.16695125    0.25993042    0.26852402    0.26611016    0.32191170    0.08510894    0.07413057    0.00000000    0.17535610    0.17535610    0.19073670    0.20841174    0.20905752
T6             0.21961884    0.21442112    0.20669567    0.20669567    0.19854796    0.22041572    0.19626601    0.22390487    0.33777606    0.25862380    0.22223215    0.21961884    0.32396201    0.32310363    0.31719588    0.36973105    0.17166977    0.16735029    0.17535610    0.00000000    0.00401613    0.22198743    0.24336196    0.23571672
T16            0.21393222    0.21442112    0.20669567    0.20669567    0.19854796    0.22041572    0.19073670    0.21810223    0.33777606    0.25862380    0.22800096    0.22537106    0.33082120    0.32991585    0.32396201    0.37723531    0.17166977    0.16735029    0.17535610    0.00401613    0.00000000    0.21630090    0.23738565    0.22977582
T1             0.14129018    0.19301873    0.18277690    0.18277690    0.17224582    0.19932046    0.16735029    0.19652481    0.30973875    0.22683171    0.21753957    0.21781613    0.29732109    0.28355518    0.28111788    0.34079472    0.18928633    0.18799486    0.19073670    0.22198743    0.21630090    0.00000000    0.08529560    0.08319526
T9             0.15188549    0.21066251    0.19455183    0.19455183    0.19204303    0.22261064    0.18209548    0.20586197    0.31321531    0.24673886    0.22129917    0.22161278    0.31559368    0.30777546    0.30875730    0.35198372    0.20413920    0.18597957    0.20841174    0.24336196    0.23738565    0.08529560    0.00000000    0.02653201
T5             0.14455580    0.20841174    0.19233100    0.19233100    0.18983205    0.22037021    0.18209548    0.20364132    0.30978535    0.24141812    0.22193591    0.22226854    0.30299539    0.29535945    0.29629665    0.34231918    0.20979383    0.18649814    0.20905752    0.23571672    0.22977582    0.08319526    0.02653201    0.00000000

