24
T23            0.00000000    0.33078110    0.33078110    0.30435644    0.30102027    0.31400563    0.31742168    0.32480705    0.32139111    0.31109641    0.29909052    0.32728125    0.33486163    0.32595339    0.33486163    0.31597174    0.33430567    0.34072653    0.34072653    0.32777627    0.23742036    0.23763397    0.23186738    0.08488001
T10            0.33078110    0.00000000    0.01210951    0.19792754    0.20076200    0.21482822    0.21191944    0.22223633    0.21931056    0.20583391    0.20902752    0.31480649    0.32595741    0.32534389    0.33064860    0.32415226    0.33610853    0.33959821    0.33959821    0.31952016    0.37106150    0.38030684    0.37277968    0.35110738
T11            0.33078110    0.01210951    0.00000000    0.20361265    0.20647968    0.22069712    0.21775404    0.22813982    0.22517935    0.21158446    0.21482822    0.31480649    0.32595741    0.32534389    0.33064860    0.32415226    0.33610853    0.33959821    0.33959821    0.31952016    0.37106150    0.38030684    0.37277968    0.34748042
T8             0.30435644    0.19792754    0.20361265    0.00000000    0.00603635    0.04362554    0.04146076    0.09205126    0.09205126    0.08822411    0.08808647    0.34478700    0.35299071    0.34109265    0.35387351    0.33974895    0.36368033    0.37310605    0.37310605    0.35554508    0.33375151    0.35916114    0.35190734    0.33785530
T13            0.30102027    0.20076200    0.20647968    0.00603635    0.00000000    0.04146076    0.03930534    0.08972519    0.08972519    0.08588161    0.08574946    0.34109265    0.34922670    0.33742544    0.35013776    0.33610853    0.35984403    0.36926993    0.36926993    0.35182333    0.33030020    0.36282796    0.35552107    0.33430567
T3             0.31400563    0.21482822    0.22069712    0.04362554    0.04146076    0.00000000    0.01007280    0.09662674    0.09662674    0.09516387    0.09501658    0.33444819    0.34248505    0.32595741    0.33845397    0.32240758    0.34780347    0.38797308    0.38797308    0.36998638    0.33422101    0.35973260    0.35245231    0.35537014
T12            0.31742168    0.21191944    0.21775404    0.04146076    0.03930534    0.01007280    0.00000000    0.09662674    0.09662674    0.09279357    0.09265191    0.33810201    0.34620699    0.32953267    0.34209434    0.32829196    0.35153926    0.38011973    0.38011973    0.36237251    0.34122053    0.36712064    0.35973260    0.35906422
T16            0.32480705    0.22223633    0.22813982    0.09205126    0.08972519    0.09662674    0.09662674    0.00000000    0.00602414    0.10123163    0.10349044    0.32121744    0.32890637    0.33546819    0.34082170    0.32595339    0.34510556    0.36964831    0.36964831    0.35231174    0.35959568    0.37106150    0.37106150    0.36401112
T22            0.32139111    0.21931056    0.22517935    0.09205126    0.08972519    0.09662674    0.09662674    0.00602414    0.00000000    0.09887260    0.10112584    0.31771742    0.32534389    0.33186718    0.33720772    0.32245345    0.34145188    0.36588462    0.36588462    0.34865819    0.35959568    0.36738128    0.36738128    0.36031713
T0             0.31109641    0.20583391    0.21158446    0.08822411    0.08588161    0.09516387    0.09279357    0.10123163    0.09887260    0.00000000    0.04545273    0.31248269    0.30614233    0.31248269    0.31771742    0.31134288    0.33017086    0.33959821    0.33959821    0.31952016    0.34425094    0.35916114    0.35190734    0.34143035
T6             0.29909052    0.20902752    0.21482822    0.08808647    0.08574946    0.09501658    0.09265191    0.10349044    0.10112584    0.04545273    0.00000000    0.30042250    0.29418611    0.30042250    0.30557926    0.29256939    0.31427817    0.33422378    0.33422378    0.31771742    0.32480705    0.33922869    0.33220443    0.33601025
T7             0.32728125    0.31480649    0.31480649    0.34478700    0.34109265    0.33444819    0.33810201    0.32121744    0.31771742    0.31248269    0.30042250    0.00000000    0.01417424    0.06288898    0.06714590    0.10803050    0.11791822    0.20870090    0.20870090    0.19733041    0.38988092    0.39181477    0.38794924    0.35599223
T15            0.33486163    0.32595741    0.32595741    0.35299071    0.34922670    0.34248505    0.34620699    0.32890637    0.32534389    0.30614233    0.29418611    0.01417424    0.00000000    0.06519459    0.06944581    0.11510921    0.12513476    0.21705932    0.21705932    0.20552466    0.39437691    0.39248757    0.38860699    0.36409842
T14            0.32595339    0.32534389    0.32534389    0.34109265    0.33742544    0.32595741    0.32953267    0.33546819    0.33186718    0.31248269    0.30042250    0.06288898    0.06519459    0.00000000    0.01619032    0.11961207    0.12252801    0.21094210    0.21094210    0.19957171    0.38348434    0.37399283    0.37024339    0.36101046
T18            0.33486163    0.33064860    0.33064860    0.35387351    0.35013776    0.33845397    0.34209434    0.34082170    0.33720772    0.31771742    0.30557926    0.06714590    0.06944581    0.01619032    0.00000000    0.12416198    0.12703709    0.21004789    0.21004789    0.19877396    0.38545804    0.37969225    0.37592874    0.36653542
T21            0.31597174    0.32415226    0.32415226    0.33974895    0.33610853    0.32240758    0.32829196    0.32595339    0.32245345    0.31134288    0.29256939    0.10803050    0.11510921    0.11961207    0.12416198    0.00000000    0.04128588    0.19676913    0.19676913    0.18571353    0.37261402    0.37051590    0.36684922    0.35607918
T9             0.33430567    0.33610853    0.33610853    0.36368033    0.35984403    0.34780347    0.35153926    0.34510556    0.34145188    0.33017086    0.31427817    0.11791822    0.12513476    0.12252801    0.12703709    0.04128588    0.00000000    0.20583391    0.20583391    0.19733041    0.40152282    0.39963680    0.39571046    0.37212159
T17            0.34072653    0.33959821    0.33959821    0.37310605    0.36926993    0.38797308    0.38011973    0.36964831    0.36588462    0.33959821    0.33422378    0.20870090    0.21705932    0.21094210    0.21004789    0.19676913    0.20583391    0.00000000    0.00200402    0.02029422    0.41209884    0.40222533    0.40222533    0.36480554
T2             0.34072653    0.33959821    0.33959821    0.37310605    0.36926993    0.38797308    0.38011973    0.36964831    0.36588462    0.33959821    0.33422378    0.20870090    0.21705932    0.21094210    0.21004789    0.19676913    0.20583391    0.00200402    0.00000000    0.02236470    0.41209884    0.40222533    0.40222533    0.36480554
T4             0.32777627    0.31952016    0.31952016    0.35554508    0.35182333    0.36998638    0.36237251    0.35231174    0.34865819    0.31952016    0.31771742    0.19733041    0.20552466    0.19957171    0.19877396    0.18571353    0.19733041    0.02029422    0.02236470    0.00000000    0.39663665    0.39071799    0.38694041    0.36225616
T1             0.23742036    0.37106150    0.37106150    0.33375151    0.33030020    0.33422101    0.34122053    0.35959568    0.35959568    0.34425094    0.32480705    0.38988092    0.39437691    0.38348434    0.38545804    0.37261402    0.40152282    0.41209884    0.41209884    0.39663665    0.00000000    0.08298693    0.07840940    0.29350776
T20            0.23763397    0.38030684    0.38030684    0.35916114    0.36282796    0.35973260    0.36712064    0.37106150    0.36738128    0.35916114    0.33922869    0.39181477    0.39248757    0.37399283    0.37969225    0.37051590    0.39963680    0.40222533    0.40222533    0.39071799    0.08298693    0.00000000    0.01620803    0.29703931
T5             0.23186738    0.37277968    0.37277968    0.35190734    0.35552107    0.35245231    0.35973260    0.37106150    0.36738128    0.35190734    0.33220443    0.38794924    0.38860699    0.37024339    0.37592874    0.36684922    0.39571046    0.40222533    0.40222533    0.38694041    0.07840940    0.01620803    0.00000000    0.29064503
T19            0.08488001    0.35110738    0.34748042    0.33785530    0.33430567    0.35537014    0.35906422    0.36401112    0.36031713    0.34143035    0.33601025    0.35599223    0.36409842    0.36101046    0.36653542    0.35607918    0.37212159    0.36480554    0.36480554    0.36225616    0.29350776    0.29703931    0.29064503    0.00000000

