24
T23            0.00000000    0.22647895    0.22588751    0.25748783    0.25783723    0.22823464    0.27158755    0.30753747    0.32432742    0.31888289    0.25856717    0.25511859    0.26715893    0.21233144    0.21491310    0.22298780    0.21155442    0.25682026    0.23143969    0.18253179    0.17779618    0.13932119    0.15723043    0.15444684
T20            0.22647895    0.00000000    0.02236462    0.21547575    0.21866259    0.19346478    0.21777954    0.25045712    0.26021777    0.26991699    0.29054469    0.27707708    0.29290246    0.24470971    0.24204238    0.23302890    0.23901977    0.29244133    0.27750697    0.25743604    0.25245930    0.21157246    0.23829763    0.24094334
T5             0.22588751    0.02236462    0.00000000    0.22647895    0.22973163    0.20130515    0.23115127    0.26197924    0.27194282    0.28183797    0.29955116    0.28590148    0.30193140    0.25314327    0.25044660    0.24132341    0.24738698    0.30145961    0.28634111    0.26920870    0.26417075    0.21671389    0.24977495    0.25020779
T16            0.25748783    0.21547575    0.22647895    0.00000000    0.02238890    0.05433085    0.10610559    0.19598719    0.20437028    0.19623584    0.29768597    0.29070817    0.30433457    0.26330569    0.25819702    0.25748783    0.26917248    0.31549096    0.30921156    0.29155244    0.29290246    0.24667109    0.26206453    0.26480097
T6             0.25783723    0.21866259    0.22973163    0.02238890    0.00000000    0.05001500    0.10864173    0.20130515    0.20975917    0.19928786    0.29813534    0.29112472    0.30480617    0.26678058    0.26715893    0.26092517    0.27268568    0.31935327    0.31302847    0.29199131    0.29337469    0.23798342    0.26561145    0.26835727
T17            0.22823464    0.19346478    0.20130515    0.05433085    0.05001500    0.00000000    0.09449749    0.18232068    0.19876594    0.18298050    0.29859600    0.29155244    0.30528921    0.24567293    0.25511859    0.24901807    0.25442827    0.29968642    0.29030283    0.26678058    0.26794729    0.22356228    0.24132341    0.24399225
T9             0.27158755    0.21777954    0.23115127    0.10610559    0.10864173    0.09449749    0.00000000    0.22560636    0.23143969    0.23236389    0.33567864    0.32822363    0.34275075    0.27996650    0.28349498    0.27472392    0.28278148    0.32983470    0.31754356    0.29640587    0.30099921    0.25748783    0.28590148    0.29199131
T0             0.30753747    0.25045712    0.26197924    0.19598719    0.20130515    0.18232068    0.22560636    0.00000000    0.06098356    0.12051294    0.37790103    0.37363617    0.38542573    0.32983470    0.32775422    0.32432742    0.33282958    0.36531025    0.36423227    0.34422617    0.34578106    0.29275337    0.29768597    0.30965940
T7             0.32432742    0.26021777    0.27194282    0.20437028    0.20975917    0.19876594    0.23143969    0.06098356    0.00000000    0.13295429    0.39306554    0.38483904    0.40082403    0.35441714    0.34882400    0.34525006    0.34677666    0.39508061    0.39823423    0.34777469    0.34936785    0.30587625    0.32482853    0.33727069
T11            0.31888289    0.26991699    0.28183797    0.19623584    0.19928786    0.18298050    0.23236389    0.12051294    0.13295429    0.00000000    0.38726979    0.37905923    0.39499837    0.35604954    0.35661964    0.35661964    0.35549241    0.38923102    0.39244830    0.34221984    0.34385025    0.31059007    0.31949230    0.32944813
T18            0.25856717    0.29054469    0.29955116    0.29768597    0.29813534    0.29859600    0.33567864    0.37790103    0.39306554    0.38726979    0.00000000    0.01210020    0.02029416    0.15502805    0.14489914    0.15223467    0.13980875    0.17556435    0.16998214    0.29385800    0.29102803    0.21577122    0.24775999    0.24738698
T2             0.25511859    0.27707708    0.28590148    0.29070817    0.29112472    0.29155244    0.32822363    0.37363617    0.38483904    0.37905923    0.01210020    0.00000000    0.01210020    0.14709189    0.13711871    0.14437292    0.13211754    0.16732883    0.16187503    0.28353245    0.28073463    0.20975917    0.24132341    0.24097880
T14            0.26715893    0.29290246    0.30193140    0.30433457    0.30480617    0.30528921    0.34275075    0.38542573    0.40082403    0.39499837    0.02029416    0.01210020    0.00000000    0.15463231    0.14454022    0.15186884    0.13947567    0.16977216    0.16957075    0.29290246    0.29007234    0.21518970    0.25314327    0.25277165
T21            0.21233144    0.24470971    0.25314327    0.26330569    0.26678058    0.24567293    0.27996650    0.32983470    0.35441714    0.35604954    0.15502805    0.14709189    0.15463231    0.00000000    0.04770637    0.05194652    0.05413011    0.09186040    0.08273330    0.25391703    0.24586054    0.18869944    0.21124715    0.21381410
T10            0.21491310    0.24204238    0.25044660    0.25819702    0.26715893    0.25511859    0.28349498    0.32775422    0.34882400    0.35661964    0.14489914    0.13711871    0.14454022    0.04770637    0.00000000    0.03277417    0.05200196    0.09195138    0.08052684    0.25352507    0.24546700    0.18026959    0.21963062    0.21639031
T3             0.22298780    0.23302890    0.24132341    0.25748783    0.26092517    0.24901807    0.27472392    0.32432742    0.34525006    0.35661964    0.15223467    0.14437292    0.15186884    0.05194652    0.03277417    0.00000000    0.05626497    0.09409724    0.08494694    0.24971205    0.24167794    0.18524268    0.22777759    0.22449604
T12            0.21155442    0.23901977    0.24738698    0.26917248    0.27268568    0.25442827    0.28278148    0.33282958    0.34677666    0.35549241    0.13980875    0.13211754    0.13947567    0.05413011    0.05200196    0.05626497    0.00000000    0.09195138    0.08052684    0.24132341    0.23337599    0.17757332    0.21671389    0.21349892
T1             0.25682026    0.29244133    0.30145961    0.31549096    0.31935327    0.29968642    0.32983470    0.36531025    0.39508061    0.38923102    0.17556435    0.16732883    0.16977216    0.09186040    0.09195138    0.09409724    0.09195138    0.00000000    0.06282202    0.27944616    0.27430004    0.22066254    0.26603233    0.26561145
T13            0.23143969    0.27750697    0.28634111    0.30921156    0.31302847    0.29030283    0.31754356    0.36423227    0.39823423    0.39244830    0.16998214    0.16187503    0.16957075    0.08273330    0.08052684    0.08494694    0.08052684    0.06282202    0.00000000    0.27111357    0.26287603    0.21003822    0.23637141    0.23302890
T19            0.18253179    0.25743604    0.26920870    0.29155244    0.29199131    0.26678058    0.29640587    0.34422617    0.34777469    0.34221984    0.29385800    0.28353245    0.29290246    0.25391703    0.25352507    0.24971205    0.24132341    0.27944616    0.27111357    0.00000000    0.01414105    0.13711871    0.16290455    0.15785684
T22            0.17779618    0.25245930    0.26417075    0.29290246    0.29337469    0.26794729    0.30099921    0.34578106    0.34936785    0.34385025    0.29102803    0.28073463    0.29007234    0.24586054    0.24546700    0.24167794    0.23337599    0.27430004    0.26287603    0.01414105    0.00000000    0.13009543    0.15831568    0.15329255
T8             0.13932119    0.21157246    0.21671389    0.24667109    0.23798342    0.22356228    0.25748783    0.29275337    0.30587625    0.31059007    0.21577122    0.20975917    0.21518970    0.18869944    0.18026959    0.18524268    0.17757332    0.22066254    0.21003822    0.13711871    0.13009543    0.00000000    0.08750330    0.08972373
T15            0.15723043    0.23829763    0.24977495    0.26206453    0.26561145    0.24132341    0.28590148    0.29768597    0.32482853    0.31949230    0.24775999    0.24132341    0.25314327    0.21124715    0.21963062    0.22777759    0.21671389    0.26603233    0.23637141    0.16290455    0.15831568    0.08750330    0.00000000    0.02650481
T4             0.15444684    0.24094334    0.25020779    0.26480097    0.26835727    0.24399225    0.29199131    0.30965940    0.33727069    0.32944813    0.24738698    0.24097880    0.25277165    0.21381410    0.21639031    0.22449604    0.21349892    0.26561145    0.23302890    0.15785684    0.15329255    0.08972373    0.02650481    0.00000000

