24
T17            0.00000000    0.39599709    0.40363251    0.37886574    0.37470065    0.38257022    0.38630237    0.37938105    0.39599709    0.42401625    0.41260670    0.35598770    0.36584080    0.35906909    0.36053451    0.37209652    0.34771912    0.34771912    0.34876586    0.35182107    0.35027036    0.36954533    0.19297656    0.17734612
T16            0.39599709    0.00000000    0.00401609    0.09633826    0.06487107    0.06704013    0.12266146    0.11576336    0.11982413    0.37467404    0.37411716    0.35284794    0.35902453    0.35951459    0.37938105    0.39500912    0.36364186    0.36364186    0.37327752    0.37524456    0.37467404    0.36471472    0.39980022    0.37518850
T20            0.40363251    0.00401609    0.00000000    0.09633826    0.06487107    0.06704013    0.12266146    0.11576336    0.11982413    0.37467404    0.37411716    0.36001793    0.36624630    0.36676255    0.38684546    0.40273307    0.37096953    0.37096953    0.38082657    0.38276518    0.38216647    0.37209652    0.40749440    0.38257022
T5             0.37886574    0.09633826    0.09633826    0.00000000    0.06060806    0.06288657    0.13242095    0.12050624    0.11971089    0.37470065    0.37886574    0.37304441    0.37938105    0.37991032    0.38477086    0.40074548    0.37268027    0.37268027    0.37152626    0.37727845    0.38045351    0.37411716    0.39821663    0.37015588
T19            0.37470065    0.06487107    0.06487107    0.06060806    0.00000000    0.03069752    0.10863622    0.10186328    0.10802447    0.36887819    0.37304441    0.36364186    0.36989670    0.37042633    0.38309932    0.39885618    0.36729227    0.36729227    0.36954533    0.37152626    0.37096953    0.36471472    0.38951960    0.36165644
T21            0.38257022    0.06704013    0.06704013    0.06288657    0.03069752    0.00000000    0.10849889    0.10172110    0.10836903    0.37304441    0.37727845    0.36783542    0.37411716    0.37467404    0.38364247    0.39947149    0.36783542    0.36783542    0.37766272    0.37958896    0.37899072    0.36896197    0.40539292    0.37673523
T14            0.38630237    0.12266146    0.12266146    0.13242095    0.10863622    0.10849889    0.00000000    0.01414099    0.11269825    0.36838938    0.37991032    0.36676255    0.38045351    0.37357395    0.38257022    0.39442303    0.36676255    0.36676255    0.37642645    0.37327752    0.37783545    0.37524456    0.41864431    0.38951960
T11            0.37938105    0.11576336    0.11576336    0.12050624    0.10186328    0.10172110    0.01414099    0.00000000    0.10824665    0.35902453    0.36312544    0.35384251    0.36729227    0.36053451    0.36574353    0.37727845    0.35027036    0.35027036    0.35963813    0.36160732    0.36106431    0.35851310    0.40479135    0.37991032
T23            0.39599709    0.11982413    0.11982413    0.11971089    0.10802447    0.10836903    0.11269825    0.10824665    0.00000000    0.37886574    0.37569024    0.35190562    0.35808432    0.35854776    0.37836440    0.39385132    0.36624630    0.36624630    0.35488915    0.35333870    0.35642007    0.36001793    0.40529578    0.37694454
T9             0.42401625    0.37467404    0.37467404    0.37470065    0.36887819    0.37304441    0.36838938    0.35902453    0.37886574    0.00000000    0.03064586    0.17755981    0.18795336    0.18273749    0.20947050    0.21833681    0.19621882    0.19621882    0.18672149    0.18921341    0.19449993    0.17309532    0.42706747    0.41146885
T4             0.41260670    0.37411716    0.37411716    0.37886574    0.37304441    0.37727845    0.37991032    0.36312544    0.37569024    0.03064586    0.00000000    0.16975993    0.18003454    0.17487860    0.20313202    0.21178543    0.19002167    0.19002167    0.18423828    0.18176373    0.18700101    0.17333758    0.40745170    0.39236831
T12            0.35598770    0.35284794    0.36001793    0.37304441    0.36364186    0.36783542    0.36676255    0.35384251    0.35190562    0.17755981    0.16975993    0.00000000    0.00804435    0.00401104    0.17923865    0.18210558    0.16918276    0.16918276    0.15501690    0.16266954    0.16245568    0.15241929    0.38596604    0.37515007
T1             0.36584080    0.35902453    0.36624630    0.37938105    0.36989670    0.37411716    0.38045351    0.36729227    0.35808432    0.18795336    0.18003454    0.00804435    0.00000000    0.00401104    0.18961900    0.19254085    0.17942438    0.17942438    0.16509443    0.17286157    0.17263637    0.16245568    0.39627555    0.38529826
T8             0.35906909    0.35951459    0.36676255    0.37991032    0.37042633    0.37467404    0.37357395    0.36053451    0.35854776    0.18273749    0.17487860    0.00401104    0.00401104    0.00000000    0.18440988    0.18730403    0.17428513    0.17428513    0.16003773    0.16774719    0.16752772    0.15741971    0.38916023    0.37830121
T22            0.36053451    0.37938105    0.38684546    0.38477086    0.38309932    0.38364247    0.38257022    0.36574353    0.37836440    0.20947050    0.20313202    0.17923865    0.18961900    0.18440988    0.00000000    0.01417404    0.01413271    0.01413271    0.16936655    0.16918276    0.17163941    0.14897613    0.37042633    0.35384251
T2             0.37209652    0.39500912    0.40273307    0.40074548    0.39885618    0.39947149    0.39442303    0.37727845    0.39385132    0.21833681    0.21178543    0.18210558    0.19254085    0.18730403    0.01417404    0.00000000    0.02444346    0.02444346    0.18296577    0.18273749    0.18522830    0.15684428    0.37840621    0.36160732
T3             0.34771912    0.36364186    0.37096953    0.37268027    0.36729227    0.36783542    0.36676255    0.35027036    0.36624630    0.19621882    0.19002167    0.16918276    0.17942438    0.17428513    0.01413271    0.02444346    0.00000000    0.00000000    0.15944189    0.15926001    0.16168414    0.14153590    0.36839199    0.35182107
T6             0.34771912    0.36364186    0.37096953    0.37268027    0.36729227    0.36783542    0.36676255    0.35027036    0.36624630    0.19621882    0.19002167    0.16918276    0.17942438    0.17428513    0.01413271    0.02444346    0.00000000    0.00000000    0.15944189    0.15926001    0.16168414    0.14153590    0.36839199    0.35182107
T13            0.34876586    0.37327752    0.38082657    0.37152626    0.36954533    0.37766272    0.37642645    0.35963813    0.35488915    0.18672149    0.18423828    0.15501690    0.16509443    0.16003773    0.16936655    0.18296577    0.15944189    0.15944189    0.00000000    0.03069752    0.03277377    0.05638692    0.34986361    0.33016933
T18            0.35182107    0.37524456    0.38276518    0.37727845    0.37152626    0.37958896    0.37327752    0.36160732    0.35333870    0.18921341    0.18176373    0.16266954    0.17286157    0.16774719    0.16918276    0.18273749    0.15926001    0.15926001    0.03069752    0.00000000    0.03069752    0.05852469    0.35543194    0.33562490
T7             0.35027036    0.37467404    0.38216647    0.38045351    0.37096953    0.37899072    0.37783545    0.36106431    0.35642007    0.19449993    0.18700101    0.16245568    0.17263637    0.16752772    0.17163941    0.18522830    0.16168414    0.16168414    0.03277377    0.03069752    0.00000000    0.06066921    0.36216352    0.34216394
T15            0.36954533    0.36471472    0.37209652    0.37411716    0.36471472    0.36896197    0.37524456    0.35851310    0.36001793    0.17309532    0.17333758    0.15241929    0.16245568    0.15741971    0.14897613    0.15684428    0.14153590    0.14153590    0.05638692    0.05852469    0.06066921    0.00000000    0.37451243    0.35406874
T10            0.19297656    0.39980022    0.40749440    0.39821663    0.38951960    0.40539292    0.41864431    0.40479135    0.40529578    0.42706747    0.40745170    0.38596604    0.39627555    0.38916023    0.37042633    0.37840621    0.36839199    0.36839199    0.34986361    0.35543194    0.36216352    0.37451243    0.00000000    0.01619018
T0             0.17734612    0.37518850    0.38257022    0.37015588    0.36165644    0.37673523    0.38951960    0.37991032    0.37694454    0.41146885    0.39236831    0.37515007    0.38529826    0.37830121    0.35384251    0.36160732    0.35182107    0.35182107    0.33016933    0.33562490    0.34216394    0.35406874    0.01619018    0.00000000

