24
T20            0.00000000    0.27059767    0.26848202    0.27438140    0.28748379    0.26606704    0.22746151    0.22963625    0.24989785    0.25234863    0.17101180    0.17101180    0.21888602    0.27997856    0.20253206    0.19926941    0.19926941    0.19687705    0.13667685    0.16776490    0.17827333    0.17852234    0.17066830    0.15138536
T16            0.27059767    0.00000000    0.08239844    0.08915268    0.09619058    0.08245783    0.24902822    0.24268687    0.28106918    0.28350768    0.22648739    0.22648739    0.29908426    0.38816595    0.26367523    0.25046655    0.25046655    0.26331693    0.27232100    0.28548692    0.29815098    0.29200632    0.28917555    0.26572028
T2             0.26848202    0.08239844    0.00000000    0.00602720    0.02444379    0.01007280    0.25315452    0.25278264    0.28548692    0.28873598    0.23040784    0.23040784    0.29823331    0.39836095    0.26168622    0.25749857    0.25749857    0.26756024    0.27667129    0.29008784    0.30292618    0.29671551    0.29387434    0.26442341
T1             0.27438140    0.08915268    0.00602720    0.00000000    0.03069803    0.01619031    0.25895940    0.26168622    0.29484820    0.29815098    0.23303840    0.23303840    0.30108598    0.40565056    0.26756024    0.26331693    0.26331693    0.27348442    0.27945967    0.29291811    0.30580103    0.29956782    0.29671551    0.26717106
T13            0.28748379    0.09619058    0.02444379    0.03069803    0.00000000    0.01826995    0.27197793    0.27154701    0.30530619    0.30868727    0.24547817    0.24547817    0.32473208    0.39435620    0.28074904    0.27626261    0.27626261    0.28680671    0.29623190    0.31024077    0.32356503    0.31714333    0.31423283    0.27709074
T23            0.26606704    0.08245783    0.01007280    0.01619031    0.01826995    0.00000000    0.25084041    0.25045773    0.28635581    0.28962618    0.22813578    0.22813578    0.30161448    0.39593549    0.25935047    0.25512945    0.25512945    0.26521354    0.27431356    0.28774135    0.30056869    0.29436908    0.29153889    0.26207668
T7             0.22746151    0.24902822    0.25315452    0.25895940    0.27197793    0.25084041    0.00000000    0.06917881    0.26207668    0.27389365    0.18674530    0.18674530    0.25204890    0.32533332    0.21836672    0.19828647    0.19828647    0.20949640    0.22357042    0.24777101    0.26922226    0.26966399    0.25744850    0.23799291
T17            0.22963625    0.24268687    0.25278264    0.26168622    0.27154701    0.25045773    0.06917881    0.00000000    0.25857866    0.26717106    0.18595698    0.18595698    0.24472036    0.33421346    0.22096381    0.20874297    0.20874297    0.21156112    0.21984769    0.23832872    0.25624288    0.25663454    0.23867441    0.24001394
T15            0.24989785    0.28106918    0.28548692    0.29484820    0.30530619    0.28635581    0.26207668    0.25857866    0.00000000    0.01007280    0.14692135    0.14692135    0.26837023    0.35905422    0.24065374    0.23674893    0.23380624    0.23439085    0.23174659    0.24937037    0.26130616    0.26168622    0.25278264    0.24032884
T11            0.25234863    0.28350768    0.28873598    0.29815098    0.30868727    0.28962618    0.27389365    0.26717106    0.01007280    0.00000000    0.14914336    0.14914336    0.27071690    0.36523722    0.24300065    0.23912954    0.23618687    0.23380624    0.22824260    0.25172832    0.26367523    0.26404406    0.25512945    0.24268687
T19            0.17101180    0.22648739    0.23040784    0.23303840    0.24547817    0.22813578    0.18674530    0.18595698    0.14692135    0.14914336    0.00000000    0.00000000    0.18621097    0.26604545    0.16469377    0.15635635    0.15635635    0.15927392    0.16169822    0.18870542    0.18571180    0.18595698    0.18074411    0.17736398
T22            0.17101180    0.22648739    0.23040784    0.23303840    0.24547817    0.22813578    0.18674530    0.18595698    0.14692135    0.14914336    0.00000000    0.00000000    0.18621097    0.26604545    0.16469377    0.15635635    0.15635635    0.15927392    0.16169822    0.18870542    0.18571180    0.18595698    0.18074411    0.17736398
T4             0.21888602    0.29908426    0.29823331    0.30108598    0.32473208    0.30161448    0.25204890    0.24472036    0.26837023    0.27071690    0.18621097    0.18621097    0.00000000    0.24978735    0.18845269    0.18502938    0.18774786    0.19372089    0.20923587    0.22679782    0.23832872    0.23867441    0.23006937    0.22096381
T8             0.27997856    0.38816595    0.39836095    0.40565056    0.39435620    0.39593549    0.32533332    0.33421346    0.35905422    0.36523722    0.26604545    0.26604545    0.24978735    0.00000000    0.27626261    0.26955140    0.26955140    0.26481324    0.30389041    0.33659317    0.33958860    0.34019368    0.32651113    0.29683591
T0             0.20253206    0.26367523    0.26168622    0.26756024    0.28074904    0.25935047    0.21836672    0.22096381    0.24065374    0.24300065    0.16469377    0.16469377    0.18845269    0.27626261    0.00000000    0.03910362    0.03910362    0.03919143    0.19530140    0.21233866    0.21261668    0.21807217    0.21261668    0.20337997
T14            0.19926941    0.25046655    0.25749857    0.26331693    0.27626261    0.25512945    0.19828647    0.20874297    0.23674893    0.23912954    0.15635635    0.15635635    0.18502938    0.26955140    0.03910362    0.00000000    0.00401207    0.02857238    0.18926997    0.20315393    0.21181085    0.21439528    0.20617447    0.19179641
T21            0.19926941    0.25046655    0.25749857    0.26331693    0.27626261    0.25512945    0.19828647    0.20874297    0.23380624    0.23618687    0.15635635    0.15635635    0.18774786    0.26955140    0.03910362    0.00401207    0.00000000    0.02857238    0.18926997    0.20315393    0.21181085    0.21439528    0.20617447    0.19179641
T6             0.19687705    0.26331693    0.26756024    0.27348442    0.28680671    0.26521354    0.20949640    0.21156112    0.23439085    0.23380624    0.15927392    0.15927392    0.19372089    0.26481324    0.03919143    0.02857238    0.02857238    0.00000000    0.18424448    0.20082861    0.21519718    0.21778712    0.20949640    0.19488596
T5             0.13667685    0.27232100    0.27667129    0.27945967    0.29623190    0.27431356    0.22357042    0.21984769    0.23174659    0.22824260    0.16169822    0.16169822    0.20923587    0.30389041    0.19530140    0.18926997    0.18926997    0.18424448    0.00000000    0.09487569    0.10426919    0.10442481    0.09739156    0.13227184
T10            0.16776490    0.28548692    0.29008784    0.29291811    0.31024077    0.28774135    0.24777101    0.23832872    0.24937037    0.25172832    0.18870542    0.18870542    0.22679782    0.33659317    0.21233866    0.20315393    0.20315393    0.20082861    0.09487569    0.00000000    0.02031420    0.02034044    0.01417421    0.16604748
T18            0.17827333    0.29815098    0.30292618    0.30580103    0.32356503    0.30056869    0.26922226    0.25624288    0.26130616    0.26367523    0.18571180    0.18571180    0.23832872    0.33958860    0.21261668    0.21181085    0.21181085    0.21519718    0.10426919    0.02031420    0.00000000    0.00401105    0.01415455    0.17658751
T9             0.17852234    0.29200632    0.29671551    0.29956782    0.31714333    0.29436908    0.26966399    0.25663454    0.26168622    0.26404406    0.18595698    0.18595698    0.23867441    0.34019368    0.21807217    0.21439528    0.21439528    0.21778712    0.10442481    0.02034044    0.00401105    0.00000000    0.01417421    0.17686334
T3             0.17066830    0.28917555    0.29387434    0.29671551    0.31423283    0.29153889    0.25744850    0.23867441    0.25278264    0.25512945    0.18074411    0.18074411    0.23006937    0.32651113    0.21261668    0.20617447    0.20617447    0.20949640    0.09739156    0.01417421    0.01415455    0.01417421    0.00000000    0.16899171
T12            0.15138536    0.26572028    0.26442341    0.26717106    0.27709074    0.26207668    0.23799291    0.24001394    0.24032884    0.24268687    0.17736398    0.17736398    0.22096381    0.29683591    0.20337997    0.19179641    0.19179641    0.19488596    0.13227184    0.16604748    0.17658751    0.17686334    0.16899171    0.00000000

