24
T9             0.00000000    0.26336281    0.28452653    0.28879224    0.31216933    0.27672792    0.20271064    0.21675936    0.19455389    0.22746383    0.20651214    0.20079208    0.20111306    0.18486249    0.19043875    0.16582251    0.24552700    0.27663981    0.22130157    0.19679459    0.21066484    0.22748659    0.22161530    0.21551550
T22            0.26336281    0.00000000    0.14967493    0.14491719    0.16778484    0.14407697    0.25811767    0.28249933    0.26142705    0.27237071    0.27200282    0.26576488    0.26923211    0.26372264    0.26372264    0.23595175    0.29170418    0.34944985    0.28249933    0.25594404    0.27096417    0.28284115    0.27654441    0.27311341
T16            0.28452653    0.14967493    0.00000000    0.03073424    0.12979402    0.15265434    0.27200282    0.29078036    0.27237071    0.31086568    0.30350902    0.29678725    0.30402864    0.26972498    0.26972498    0.25246597    0.31020513    0.37033933    0.31651016    0.28597696    0.30537910    0.30441972    0.30441972    0.30395728
T13            0.28879224    0.14491719    0.03073424    0.00000000    0.12514434    0.15308754    0.27910674    0.29821715    0.27631752    0.31896702    0.30455959    0.29779208    0.30510187    0.27064343    0.27064343    0.25320254    0.31116390    0.37158244    0.32093376    0.28360960    0.29298552    0.31905331    0.31216933    0.30826575
T11            0.31216933    0.16778484    0.12979402    0.12514434    0.00000000    0.17854629    0.30306702    0.30019045    0.27200282    0.32308756    0.31559944    0.30876266    0.31613149    0.29015489    0.29015489    0.26998031    0.32583061    0.37724274    0.33577964    0.29119899    0.30395728    0.31651016    0.31651016    0.30929316
T0             0.27672792    0.14407697    0.15265434    0.15308754    0.17854629    0.00000000    0.27478429    0.29037296    0.26576488    0.30927112    0.30300076    0.29630163    0.30587601    0.28126456    0.28126456    0.25143809    0.32238889    0.34432648    0.29529522    0.29447146    0.30730665    0.31749191    0.31651016    0.29934527
T3             0.20271064    0.25811767    0.27200282    0.27910674    0.30306702    0.27478429    0.00000000    0.10895095    0.09725374    0.19075414    0.18983423    0.18428906    0.18734402    0.17145073    0.17145073    0.15331636    0.21551550    0.26653595    0.19879804    0.17782243    0.19123418    0.18573510    0.18029600    0.18776937
T20            0.21675936    0.28249933    0.29078036    0.29821715    0.30019045    0.29037296    0.10895095    0.00000000    0.02660462    0.20397309    0.19795647    0.19233318    0.19544176    0.17389364    0.17389364    0.16098827    0.21810440    0.26610264    0.19854957    0.17805504    0.19374648    0.21007616    0.20440521    0.17985989
T4             0.19455389    0.26142705    0.27237071    0.27631752    0.27200282    0.26576488    0.09725374    0.02660462    0.00000000    0.19043875    0.18181419    0.17634501    0.17934791    0.16098827    0.16098827    0.14315598    0.20440521    0.24209851    0.19073825    0.15986349    0.17513223    0.19098173    0.18549781    0.17185410
T15            0.22746383    0.27237071    0.31086568    0.31896702    0.32308756    0.30927112    0.19075414    0.20397309    0.19043875    0.00000000    0.05441436    0.05441436    0.05009509    0.07662449    0.08123453    0.10945472    0.21451898    0.24859823    0.18549781    0.16270525    0.16558340    0.17854629    0.17313654    0.17513223
T6             0.20651214    0.27200282    0.30350902    0.30455959    0.31559944    0.30300076    0.18983423    0.19795647    0.18181419    0.05441436    0.00000000    0.00401613    0.01619045    0.06744012    0.07195618    0.10412932    0.20618374    0.23679271    0.18526940    0.15206601    0.15484627    0.17513223    0.16979498    0.16959263
T21            0.20079208    0.26576488    0.29678725    0.29779208    0.30876266    0.29630163    0.18428906    0.19233318    0.17634501    0.05441436    0.00401613    0.00000000    0.01619045    0.06296459    0.06744012    0.09935386    0.20048008    0.23079784    0.18255731    0.14693462    0.14967493    0.16979498    0.16451425    0.16432588
T17            0.20111306    0.26923211    0.30402864    0.30510187    0.31613149    0.30587601    0.18734402    0.19544176    0.17934791    0.05009509    0.01619045    0.01619045    0.00000000    0.07205669    0.07662449    0.09949118    0.20651214    0.23716998    0.18823223    0.16007180    0.16292890    0.17805504    0.17267455    0.16979498
T19            0.18486249    0.26372264    0.26972498    0.27064343    0.29015489    0.28126456    0.17145073    0.17389364    0.16098827    0.07662449    0.06744012    0.06296459    0.07205669    0.00000000    0.00401613    0.07869860    0.18677259    0.20780494    0.15928887    0.12485321    0.13713337    0.15206601    0.14693462    0.14676821
T5             0.19043875    0.26372264    0.26972498    0.27064343    0.29015489    0.28126456    0.17145073    0.17389364    0.16098827    0.08123453    0.07195618    0.06744012    0.07662449    0.00401613    0.00000000    0.08330858    0.18677259    0.20780494    0.15928887    0.12485321    0.13713337    0.15206601    0.14693462    0.14932074
T7             0.16582251    0.23595175    0.25246597    0.25320254    0.26998031    0.25143809    0.15331636    0.16098827    0.14315598    0.10945472    0.10412932    0.09935386    0.09949118    0.07869860    0.08330858    0.00000000    0.17805504    0.19932239    0.15669657    0.12485321    0.13713337    0.14693462    0.14185551    0.13668681
T8             0.24552700    0.29170418    0.31020513    0.31116390    0.32583061    0.32238889    0.21551550    0.21810440    0.20440521    0.21451898    0.20618374    0.20048008    0.20651214    0.18677259    0.18677259    0.17805504    0.00000000    0.16903741    0.21937414    0.18463776    0.19808018    0.20317695    0.20317695    0.19744539
T1             0.27663981    0.34944985    0.37033933    0.37158244    0.37724274    0.34432648    0.26653595    0.26610264    0.24209851    0.24859823    0.23679271    0.23079784    0.23716998    0.20780494    0.20780494    0.19932239    0.16903741    0.00000000    0.24183984    0.21727439    0.23148232    0.22564569    0.22275280    0.22827422
T14            0.22130157    0.28249933    0.31651016    0.32093376    0.33577964    0.29529522    0.19879804    0.19854957    0.19073825    0.18549781    0.18526940    0.18255731    0.18823223    0.15928887    0.15928887    0.15669657    0.21937414    0.24183984    0.00000000    0.09626699    0.10793601    0.11730852    0.11251041    0.10532683
T23            0.19679459    0.25594404    0.28597696    0.28360960    0.29119899    0.29447146    0.17782243    0.17805504    0.15986349    0.16270525    0.15206601    0.14693462    0.16007180    0.12485321    0.12485321    0.12485321    0.18463776    0.21727439    0.09626699    0.00000000    0.02234690    0.05194844    0.04977411    0.04972989
T12            0.21066484    0.27096417    0.30537910    0.29298552    0.30395728    0.30730665    0.19123418    0.19374648    0.17513223    0.16558340    0.15484627    0.14967493    0.16292890    0.13713337    0.13713337    0.13713337    0.19808018    0.23148232    0.10793601    0.02234690    0.00000000    0.06511901    0.06067344    0.06061190
T10            0.22748659    0.28284115    0.30441972    0.31905331    0.31651016    0.31749191    0.18573510    0.21007616    0.19098173    0.17854629    0.17513223    0.16979498    0.17805504    0.15206601    0.15206601    0.14693462    0.20317695    0.22564569    0.11730852    0.05194844    0.06511901    0.00000000    0.01210959    0.06714809
T2             0.22161530    0.27654441    0.30441972    0.31216933    0.31651016    0.31651016    0.18029600    0.20440521    0.18549781    0.17313654    0.16979498    0.16451425    0.17267455    0.14693462    0.14693462    0.14185551    0.20317695    0.22275280    0.11251041    0.04977411    0.06067344    0.01210959    0.00000000    0.06714809
T18            0.21551550    0.27311341    0.30395728    0.30826575    0.30929316    0.29934527    0.18776937    0.17985989    0.17185410    0.17513223    0.16959263    0.16432588    0.16979498    0.14676821    0.14932074    0.13668681    0.19744539    0.22827422    0.10532683    0.04972989    0.06061190    0.06714809    0.06714809    0.00000000

