24
T15            0.00000000    0.25355571    0.25053911    0.30645673    0.28156031    0.26978228    0.25017540    0.25017540    0.27678185    0.24444288    0.27082300    0.26140145    0.20443221    0.20470660    0.18009322    0.18825470    0.19100519    0.18031642    0.18236428    0.20136246    0.16678111    0.16191002    0.20783499    0.20087584
T2             0.25355571    0.00000000    0.09949854    0.26271671    0.24845160    0.23911544    0.22133475    0.21554619    0.24073192    0.21873834    0.24106936    0.22918131    0.26728473    0.26146414    0.24376932    0.24672319    0.24376932    0.24107740    0.23791364    0.26758985    0.22640486    0.22681982    0.27412733    0.26340037
T9             0.25053911    0.09949854    0.00000000    0.27447378    0.25691159    0.22655617    0.23840898    0.23244731    0.26376822    0.22981452    0.24945519    0.23151541    0.28926850    0.28324214    0.26482405    0.26790587    0.26176118    0.25598056    0.23791364    0.27692207    0.24083287    0.23547644    0.28680837    0.26948835
T11            0.30645673    0.26271671    0.27447378    0.00000000    0.06074414    0.23048671    0.21937936    0.21357372    0.23875726    0.21971406    0.23311773    0.20416707    0.32541707    0.31564175    0.30517031    0.31182819    0.30848812    0.29653566    0.28821198    0.30398961    0.28890492    0.28324214    0.33235313    0.30980958
T12            0.28156031    0.24845160    0.25691159    0.06074414    0.00000000    0.20244637    0.19458104    0.18901839    0.21326541    0.19486902    0.20783499    0.19100519    0.29573204    0.28964345    0.27346741    0.28288778    0.28606792    0.27379186    0.27907283    0.30109729    0.26728473    0.25871704    0.31226770    0.29073468
T7             0.26978228    0.23911544    0.22655617    0.23048671    0.20244637    0.00000000    0.12352451    0.11856995    0.14001743    0.11382969    0.12300031    0.14317165    0.30123791    0.28836195    0.27808228    0.27486051    0.29451143    0.27530505    0.26688889    0.30208524    0.26531837    0.25985544    0.30917999    0.29213046
T19            0.25017540    0.22133475    0.23840898    0.21937936    0.19458104    0.12352451    0.00000000    0.00401615    0.03914620    0.03930805    0.06744324    0.09964358    0.28279251    0.27359116    0.26452221    0.26766264    0.27400354    0.25558165    0.25997461    0.29125640    0.25215484    0.24676568    0.29786332    0.26964843
T23            0.25017540    0.21554619    0.23244731    0.21357372    0.18901839    0.11856995    0.00401615    0.00000000    0.03488999    0.03502427    0.06296718    0.09488988    0.27636999    0.26727045    0.25830014    0.26140145    0.26766264    0.24945519    0.25386730    0.28477141    0.24608446    0.24073192    0.29786332    0.26340709
T5             0.27678185    0.24073192    0.26376822    0.23875726    0.21326541    0.14001743    0.03914620    0.03488999    0.00000000    0.05853099    0.08281852    0.12053538    0.30069212    0.29125640    0.28518156    0.28842406    0.29828021    0.27915958    0.27658778    0.30517031    0.26857049    0.26305658    0.30833536    0.28324214
T20            0.24444288    0.21873834    0.22981452    0.21971406    0.19486902    0.11382969    0.03930805    0.03502427    0.05853099    0.00000000    0.06081952    0.09503077    0.27042077    0.26140145    0.25867338    0.26178443    0.26806543    0.24981020    0.24813763    0.27875920    0.24040452    0.23807063    0.28836195    0.26927834
T17            0.27082300    0.24106936    0.24945519    0.23311773    0.20783499    0.12300031    0.06744324    0.06296718    0.08281852    0.06081952    0.00000000    0.11122934    0.30448537    0.29497310    0.28560279    0.28885593    0.29542666    0.28603510    0.27134350    0.29738511    0.26102896    0.25793731    0.29213046    0.30312770
T18            0.26140145    0.22918131    0.23151541    0.20416707    0.19100519    0.14317165    0.09964358    0.09488988    0.12053538    0.09503077    0.11122934    0.00000000    0.27279867    0.27002924    0.26727045    0.27042077    0.27042077    0.25215484    0.25296404    0.28680837    0.25724301    0.25181099    0.30208524    0.28042749
T13            0.20443221    0.26728473    0.28926850    0.32541707    0.29573204    0.30123791    0.28279251    0.27636999    0.30069212    0.27042077    0.30448537    0.27279867    0.00000000    0.01623243    0.03914620    0.04559951    0.05200577    0.06520018    0.15623027    0.17699678    0.14916839    0.14186705    0.18626019    0.18236428
T10            0.20470660    0.26146414    0.28324214    0.31564175    0.28964345    0.28836195    0.27359116    0.26727045    0.29125640    0.26140145    0.29497310    0.27002924    0.01623243    0.00000000    0.03919366    0.04134012    0.04770970    0.06528559    0.15126252    0.17719507    0.14171305    0.13448537    0.18652484    0.18257713
T3             0.18009322    0.24376932    0.26482405    0.30517031    0.27346741    0.27808228    0.26452221    0.25830014    0.28518156    0.25867338    0.28560279    0.26727045    0.03914620    0.03919366    0.00000000    0.00603644    0.02440593    0.04554462    0.13632159    0.15638184    0.12692957    0.11984657    0.17585575    0.16716448
T4             0.18825470    0.24672319    0.26790587    0.31182819    0.28288778    0.27486051    0.26766264    0.26140145    0.28842406    0.26178443    0.28885593    0.27042077    0.04559951    0.04134012    0.00603644    0.00000000    0.02648515    0.04770970    0.13880469    0.15381560    0.12448297    0.11742373    0.17315728    0.16716448
T21            0.19100519    0.24376932    0.26176118    0.30848812    0.28606792    0.29451143    0.27400354    0.26766264    0.29828021    0.26806543    0.29542666    0.27042077    0.05200577    0.04770970    0.02440593    0.02648515    0.00000000    0.04988424    0.14130022    0.16155433    0.12938824    0.12228125    0.17856893    0.16941522
T6             0.18031642    0.24107740    0.25598056    0.29653566    0.27379186    0.27530505    0.25558165    0.24945519    0.27915958    0.24981020    0.28603510    0.25215484    0.06520018    0.06528559    0.04554462    0.04770970    0.04988424    0.00000000    0.12904428    0.14886275    0.12216086    0.11512306    0.17610774    0.16434131
T8             0.18236428    0.23791364    0.23791364    0.28821198    0.27907283    0.26688889    0.25997461    0.25386730    0.27658778    0.24813763    0.27134350    0.25296404    0.15623027    0.15126252    0.13632159    0.13880469    0.14130022    0.12904428    0.00000000    0.04338890    0.09833505    0.09382240    0.13934614    0.13868982
T22            0.20136246    0.26758985    0.27692207    0.30398961    0.30109729    0.30208524    0.29125640    0.28477141    0.30517031    0.27875920    0.29738511    0.28680837    0.17699678    0.17719507    0.15638184    0.15381560    0.16155433    0.14886275    0.04338890    0.00000000    0.12437239    0.11973214    0.15746854    0.17187055
T16            0.16678111    0.22640486    0.24083287    0.28890492    0.26728473    0.26531837    0.25215484    0.24608446    0.26857049    0.24040452    0.26102896    0.25724301    0.14916839    0.14171305    0.12692957    0.12448297    0.12938824    0.12216086    0.09833505    0.12437239    0.00000000    0.01413391    0.13214077    0.13643846
T1             0.16191002    0.22681982    0.23547644    0.28324214    0.25871704    0.25985544    0.24676568    0.24073192    0.26305658    0.23807063    0.25793731    0.25181099    0.14186705    0.13448537    0.11984657    0.11742373    0.12228125    0.11512306    0.09382240    0.11973214    0.01413391    0.00000000    0.12747527    0.13173029
T14            0.20783499    0.27412733    0.28680837    0.33235313    0.31226770    0.30917999    0.29786332    0.29786332    0.30833536    0.28836195    0.29213046    0.30208524    0.18626019    0.18652484    0.17585575    0.17315728    0.17856893    0.17610774    0.13934614    0.15746854    0.13214077    0.12747527    0.00000000    0.17071069
T0             0.20087584    0.26340037    0.26948835    0.30980958    0.29073468    0.29213046    0.26964843    0.26340709    0.28324214    0.26927834    0.30312770    0.28042749    0.18236428    0.18257713    0.16716448    0.16716448    0.16941522    0.16434131    0.13868982    0.17187055    0.13643846    0.13173029    0.17071069    0.00000000

