24
T13            0.00000000    0.37570990    0.25411701    0.27219692    0.43618635    0.42441766    0.40081235    0.41541374    0.26461121    0.25994804    0.31087305    0.30947332    0.28333161    0.25182843    0.26036531    0.26036531    0.26226864    0.25333214    0.19633798    0.19104854    0.17641116    0.16563895    0.18712942    0.19521928
T4             0.37570990    0.00000000    0.23577961    0.24113377    0.45190289    0.44841823    0.42867968    0.42749583    0.31322098    0.30662275    0.33232162    0.33809974    0.31406425    0.28136108    0.29977302    0.29336634    0.27744615    0.28961507    0.37144786    0.36468546    0.37085642    0.35990550    0.37400738    0.38090430
T3             0.25411701    0.23577961    0.00000000    0.09217726    0.30657277    0.30368381    0.28126490    0.29337357    0.20395796    0.19104854    0.21944980    0.21355043    0.18991055    0.15175236    0.16436997    0.16175522    0.16908060    0.17991400    0.23687936    0.23422309    0.22988106    0.21819242    0.23548882    0.24114212
T6             0.27219692    0.24113377    0.09217726    0.00000000    0.31576356    0.31622951    0.29992934    0.30569772    0.20960290    0.19939809    0.23100132    0.22493631    0.19538439    0.16213015    0.18805813    0.17765420    0.17970722    0.18805813    0.25426292    0.25155044    0.24114212    0.22631345    0.24381299    0.24953182
T20            0.43618635    0.45190289    0.30657277    0.31576356    0.00000000    0.00602728    0.04129004    0.05419807    0.28580220    0.27142522    0.32032422    0.31911255    0.28864105    0.25698577    0.26489804    0.25031224    0.26766449    0.25878579    0.39041541    0.38333696    0.38016615    0.37633212    0.38584119    0.38517492
T1             0.42441766    0.44841823    0.30368381    0.31622951    0.00602728    0.00000000    0.04339095    0.05633111    0.28297460    0.26865154    0.31737502    0.31616070    0.28580220    0.25426292    0.26214234    0.24760519    0.26489804    0.25604871    0.38199259    0.37501949    0.37187891    0.36811753    0.37753695    0.37691412
T12            0.40081235    0.42867968    0.28126490    0.29992934    0.04129004    0.04339095    0.00000000    0.02029498    0.26831162    0.25971908    0.30777287    0.30335621    0.27981164    0.24852194    0.26246293    0.24790038    0.25604871    0.25635045    0.35759356    0.35086995    0.34782346    0.34421217    0.35335042    0.36008630
T14            0.41541374    0.42749583    0.29337357    0.30569772    0.05419807    0.05633111    0.02029498    0.00000000    0.28262919    0.26831162    0.31695802    0.30918247    0.29184468    0.26005153    0.27420974    0.25939729    0.26766449    0.26798259    0.36377774    0.35700126    0.35392918    0.35759356    0.36688953    0.37376154
T18            0.26461121    0.31322098    0.20395796    0.20960290    0.28580220    0.28297460    0.26831162    0.28262919    0.00000000    0.03285089    0.10095555    0.10072506    0.13174670    0.10600913    0.11998358    0.11296365    0.11722641    0.11513611    0.28205837    0.26973639    0.26541234    0.25529807    0.26736014    0.27646683
T7             0.25994804    0.30662275    0.19104854    0.19939809    0.27142522    0.26865154    0.25971908    0.26831162    0.03285089    0.00000000    0.08964879    0.08941052    0.12487881    0.09937361    0.11565782    0.10867499    0.11044263    0.10840379    0.27091838    0.25875867    0.25452483    0.24149169    0.25642696    0.26541234
T9             0.31087305    0.33232162    0.21944980    0.23100132    0.32032422    0.31737502    0.30777287    0.31695802    0.10095555    0.08964879    0.00000000    0.01619084    0.15101390    0.12461659    0.13894557    0.13671505    0.14357920    0.14144842    0.31238557    0.29950820    0.29269886    0.28528330    0.29794033    0.30749478
T0             0.30947332    0.33809974    0.21355043    0.22493631    0.31911255    0.31616070    0.30335621    0.30918247    0.10072506    0.08941052    0.01619084    0.00000000    0.15067279    0.12428283    0.13859879    0.13633766    0.14326996    0.14108275    0.31109420    0.29831457    0.29136245    0.28407848    0.29664064    0.30612936
T21            0.28333161    0.31406425    0.18991055    0.19538439    0.28864105    0.28580220    0.27981164    0.29184468    0.13174670    0.12487881    0.15101390    0.15067279    0.00000000    0.05847089    0.06932660    0.06721765    0.06918540    0.07808560    0.25604871    0.24732043    0.24347442    0.23748996    0.25459752    0.26039461
T23            0.25182843    0.28136108    0.15175236    0.16213015    0.25698577    0.25426292    0.24852194    0.26005153    0.10600913    0.09937361    0.12461659    0.12428283    0.05847089    0.00000000    0.02029498    0.01210983    0.03064770    0.06289802    0.24282777    0.23422309    0.22171266    0.21590250    0.23618134    0.23883159
T19            0.26036531    0.29977302    0.16436997    0.18805813    0.26489804    0.26214234    0.26246293    0.27420974    0.11998358    0.11565782    0.13894557    0.13859879    0.06932660    0.02029498    0.00000000    0.01210983    0.04753948    0.07834116    0.25731931    0.24852194    0.23583013    0.22988106    0.25063418    0.25333214
T15            0.26036531    0.29336634    0.16175522    0.17765420    0.25031224    0.24760519    0.24790038    0.25939729    0.11296365    0.10867499    0.13671505    0.13633766    0.06721765    0.01210983    0.01210983    0.00000000    0.03904425    0.07170461    0.25426292    0.24551178    0.23284669    0.22693302    0.24756795    0.25025649
T8             0.26226864    0.27744615    0.16908060    0.17970722    0.26766449    0.26489804    0.25604871    0.26766449    0.11722641    0.11044263    0.14357920    0.14326996    0.06918540    0.03064770    0.04753948    0.03904425    0.00000000    0.07140864    0.25575763    0.24704613    0.24015386    0.22836227    0.24282777    0.24551178
T11            0.25333214    0.28961507    0.17991400    0.18805813    0.25878579    0.25604871    0.25635045    0.26798259    0.11513611    0.10840379    0.14144842    0.14108275    0.07808560    0.06289802    0.07834116    0.07170461    0.07140864    0.00000000    0.24760519    0.23897813    0.23515744    0.22631345    0.23781036    0.23748996
T22            0.19633798    0.37144786    0.23687936    0.25426292    0.39041541    0.38199259    0.35759356    0.36377774    0.28205837    0.27091838    0.31238557    0.31109420    0.25604871    0.24282777    0.25731931    0.25426292    0.25575763    0.24760519    0.00000000    0.00805170    0.04322446    0.07353498    0.08928868    0.09152861
T2             0.19104854    0.36468546    0.23422309    0.25155044    0.38333696    0.37501949    0.35086995    0.35700126    0.26973639    0.25875867    0.29950820    0.29831457    0.24732043    0.23422309    0.24852194    0.24551178    0.24704613    0.23897813    0.00805170    0.00000000    0.03899892    0.06912692    0.08477691    0.09158367
T5             0.17641116    0.37085642    0.22988106    0.24114212    0.38016615    0.37187891    0.34782346    0.35392918    0.26541234    0.25452483    0.29269886    0.29136245    0.24347442    0.22171266    0.23583013    0.23284669    0.24015386    0.23515744    0.04322446    0.03899892    0.00000000    0.05190329    0.06728781    0.07170461
T16            0.16563895    0.35990550    0.21819242    0.22631345    0.37633212    0.36811753    0.34421217    0.35759356    0.25529807    0.24149169    0.28528330    0.28407848    0.23748996    0.21590250    0.22988106    0.22693302    0.22836227    0.22631345    0.07353498    0.06912692    0.05190329    0.00000000    0.06061745    0.06498927
T10            0.18712942    0.37400738    0.23548882    0.24381299    0.38584119    0.37753695    0.35335042    0.36688953    0.26736014    0.25642696    0.29794033    0.29664064    0.25459752    0.23618134    0.25063418    0.24756795    0.24282777    0.23781036    0.08928868    0.08477691    0.06728781    0.06061745    0.00000000    0.01617387
T17            0.19521928    0.38090430    0.24114212    0.24953182    0.38517492    0.37691412    0.36008630    0.37376154    0.27646683    0.26541234    0.30749478    0.30612936    0.26039461    0.23883159    0.25333214    0.25025649    0.24551178    0.23748996    0.09152861    0.09158367    0.07170461    0.06498927    0.01617387    0.00000000

