24
T9             0.00000000    0.39577751    0.36911218    0.37900119    0.37003305    0.37318167    0.39254279    0.37030003    0.36797813    0.34640210    0.36841697    0.36220731    0.38099589    0.36467969    0.35057604    0.35481560    0.31834355    0.31195448    0.29160550    0.25589164    0.27629674    0.25899076    0.26133644    0.29444787
T20            0.39577751    0.00000000    0.05846465    0.11031529    0.09186415    0.08717065    0.10123496    0.13063734    0.20429799    0.17014210    0.15669095    0.15192626    0.17558327    0.16416347    0.15116453    0.15404371    0.26149847    0.29828315    0.28599966    0.25926933    0.27652629    0.26233024    0.25926933    0.27620471
T14            0.36911218    0.05846465    0.00000000    0.09170353    0.06704292    0.06259533    0.07613812    0.11609705    0.17688056    0.15141043    0.14406768    0.13937570    0.16269818    0.14618523    0.13610971    0.13889658    0.24818539    0.28731079    0.26416867    0.24128808    0.25509728    0.24424030    0.24721010    0.27620471
T19            0.37900119    0.11031529    0.09170353    0.00000000    0.05189891    0.05831535    0.07412939    0.14455155    0.19651651    0.17582559    0.16824415    0.16339346    0.19301119    0.17044571    0.16006504    0.16292160    0.27589761    0.31989998    0.27403434    0.24805582    0.26201253    0.25098189    0.26286088    0.28609456
T7             0.37003305    0.09186415    0.06704292    0.05189891    0.00000000    0.03481348    0.05200345    0.11293977    0.17289336    0.14767600    0.14038139    0.13569049    0.16694568    0.14510391    0.13512041    0.13783552    0.25860888    0.29580206    0.26587536    0.24012332    0.25392522    0.24303240    0.25186284    0.27784347
T8             0.37318167    0.08717065    0.06259533    0.05831535    0.03481348    0.00000000    0.04117009    0.12008707    0.16248313    0.14273867    0.13764692    0.13296607    0.15928290    0.14235937    0.13243868    0.13512041    0.25209637    0.28792574    0.25964481    0.23417044    0.24787105    0.23703770    0.24867445    0.26842530
T5             0.39254279    0.10123496    0.07613812    0.07412939    0.05200345    0.04117009    0.00000000    0.14018630    0.18649033    0.16073925    0.15857585    0.15379085    0.18028781    0.16073925    0.15308078    0.15069683    0.28078835    0.31505009    0.27250566    0.25186284    0.26587536    0.25484141    0.27309622    0.28152356
T13            0.37030003    0.13063734    0.11609705    0.14455155    0.11293977    0.12008707    0.14018630    0.00000000    0.17092687    0.15354607    0.13335676    0.12871246    0.16755668    0.14572873    0.13315752    0.13083019    0.25666698    0.29060427    0.26112651    0.23543554    0.24424030    0.23835323    0.23835323    0.26753311
T12            0.36797813    0.20429799    0.17688056    0.19651651    0.17289336    0.16248313    0.18649033    0.17092687    0.00000000    0.06296357    0.11838577    0.11381582    0.14676318    0.12546231    0.11334384    0.11349365    0.25899076    0.27991536    0.26058915    0.24079114    0.25758369    0.24372596    0.23787349    0.26943548
T22            0.34640210    0.17014210    0.15141043    0.17582559    0.14767600    0.14273867    0.16073925    0.15354607    0.06296357    0.00000000    0.09502074    0.09058176    0.12008707    0.09948834    0.08783561    0.08562752    0.23413809    0.26062147    0.23277297    0.21369328    0.22414580    0.21652012    0.21652012    0.24424030
T4             0.36841697    0.15669095    0.14406768    0.16824415    0.14038139    0.13764692    0.15857585    0.13335676    0.11838577    0.09502074    0.00000000    0.00804438    0.08947008    0.06735561    0.06074088    0.06304363    0.24323826    0.25748326    0.23568217    0.21369328    0.22988063    0.21652012    0.21652012    0.25019769
T18            0.36220731    0.15192626    0.13937570    0.16339346    0.13569049    0.13296607    0.15379085    0.12871246    0.11381582    0.09058176    0.00804438    0.00000000    0.08502506    0.06752904    0.05646224    0.05875872    0.23793595    0.25208346    0.23037025    0.21133583    0.22747788    0.21416272    0.21133583    0.24778356
T21            0.38099589    0.17558327    0.16269818    0.19301119    0.16694568    0.15928290    0.18028781    0.16755668    0.14676318    0.12008707    0.08947008    0.08502506    0.00000000    0.10093938    0.08939880    0.08717065    0.25860888    0.27311873    0.24642780    0.22700497    0.24348434    0.22988063    0.22943116    0.26665494
T17            0.36467969    0.16416347    0.14618523    0.17044571    0.14510391    0.14235937    0.16073925    0.14572873    0.12546231    0.09948834    0.06735561    0.06752904    0.10093938    0.00000000    0.04338735    0.04559752    0.24939860    0.26377954    0.23568217    0.21936308    0.23568217    0.22222234    0.22222234    0.25320327
T15            0.35057604    0.15116453    0.13610971    0.16006504    0.13512041    0.13243868    0.15308078    0.13315752    0.11334384    0.08783561    0.06074088    0.05646224    0.08939880    0.04338735    0.00000000    0.03492719    0.23451551    0.25790671    0.23302120    0.20830128    0.22436903    0.21110432    0.21110432    0.23327949
T3             0.35481560    0.15404371    0.13889658    0.16292160    0.13783552    0.13512041    0.15069683    0.13083019    0.11349365    0.08562752    0.06304363    0.05875872    0.08717065    0.04559752    0.03492719    0.00000000    0.24098787    0.25834035    0.23620580    0.21133583    0.22747788    0.21416272    0.21416272    0.24479593
T10            0.31834355    0.26149847    0.24818539    0.27589761    0.25860888    0.25209637    0.28078835    0.25666698    0.25899076    0.23413809    0.24323826    0.23793595    0.25860888    0.24939860    0.23451551    0.24098787    0.00000000    0.09227313    0.20413049    0.17266690    0.19072914    0.17534955    0.16207826    0.19324399
T16            0.31195448    0.29828315    0.28731079    0.31989998    0.29580206    0.28792574    0.31505009    0.29060427    0.27991536    0.26062147    0.25748326    0.25208346    0.27311873    0.26377954    0.25790671    0.25834035    0.09227313    0.00000000    0.20439444    0.18925477    0.20779314    0.19203461    0.17558327    0.20750266
T0             0.29160550    0.28599966    0.26416867    0.27403434    0.26587536    0.25964481    0.27250566    0.26112651    0.26058915    0.23277297    0.23568217    0.23037025    0.24642780    0.23568217    0.23302120    0.23620580    0.20413049    0.20439444    0.00000000    0.03694652    0.05393087    0.04114446    0.08717065    0.11012613
T1             0.25589164    0.25926933    0.24128808    0.24805582    0.24012332    0.23417044    0.25186284    0.23543554    0.24079114    0.21369328    0.21369328    0.21133583    0.22700497    0.21936308    0.20830128    0.21133583    0.17266690    0.18925477    0.03694652    0.00000000    0.01821969    0.00602415    0.06266596    0.07803221
T23            0.27629674    0.27652629    0.25509728    0.26201253    0.25392522    0.24787105    0.26587536    0.24424030    0.25758369    0.22414580    0.22988063    0.22747788    0.24348434    0.23568217    0.22436903    0.22747788    0.19072914    0.20779314    0.05393087    0.01821969    0.00000000    0.01617888    0.07807748    0.09376518
T2             0.25899076    0.26233024    0.24424030    0.25098189    0.24303240    0.23703770    0.25484141    0.23835323    0.24372596    0.21652012    0.21652012    0.21416272    0.22988063    0.22222234    0.21110432    0.21416272    0.17534955    0.19203461    0.04114446    0.00602415    0.01617888    0.00000000    0.06487384    0.08028491
T6             0.26133644    0.25926933    0.24721010    0.26286088    0.25186284    0.24867445    0.27309622    0.23835323    0.23787349    0.21652012    0.21652012    0.21133583    0.22943116    0.22222234    0.21110432    0.21416272    0.16207826    0.17558327    0.08717065    0.06266596    0.07807748    0.06487384    0.00000000    0.05395741
T11            0.29444787    0.27620471    0.27620471    0.28609456    0.27784347    0.26842530    0.28152356    0.26753311    0.26943548    0.24424030    0.25019769    0.24778356    0.26665494    0.25320327    0.23327949    0.24479593    0.19324399    0.20750266    0.11012613    0.07803221    0.09376518    0.08028491    0.05395741    0.00000000

