24
T21            0.00000000    0.23117701    0.22855720    0.26566872    0.26110283    0.20049504    0.20842994    0.20842994    0.21613463    0.23533971    0.24719340    0.24230895    0.24496418    0.29301678    0.29301678    0.29018597    0.31325940    0.29397872    0.28084018    0.28866622    0.23873664    0.28784173    0.26255589    0.28175914
T1             0.23117701    0.00000000    0.06926743    0.09935728    0.10135391    0.06932117    0.09410496    0.09410496    0.24106152    0.25555878    0.26686460    0.24875568    0.24542507    0.30323495    0.30323495    0.29711002    0.31308675    0.30069927    0.27534151    0.28644794    0.26236639    0.30845707    0.28604275    0.30225078
T0             0.22855720    0.06926743    0.00000000    0.09686180    0.09419463    0.06271332    0.08495288    0.08495288    0.23596628    0.26449748    0.27594274    0.24071226    0.24338334    0.30359239    0.30359239    0.29745808    0.31347687    0.30434277    0.28186968    0.28600534    0.25353625    0.31809237    0.29532028    0.31179611
T11            0.26566872    0.09935728    0.09686180    0.00000000    0.02859774    0.09462669    0.11563739    0.11563739    0.28193266    0.29782714    0.30303531    0.28039694    0.28319571    0.34083613    0.34083613    0.33432631    0.35510049    0.34647792    0.31765474    0.31963698    0.27132063    0.32835023    0.31179611    0.32883535
T18            0.26110283    0.10135391    0.09419463    0.02859774    0.00000000    0.09898869    0.11766003    0.11766003    0.28395822    0.29967337    0.30492658    0.28234270    0.28515326    0.34291307    0.34291307    0.33640216    0.35712605    0.34843933    0.32653297    0.32847491    0.26726432    0.33733294    0.32060201    0.33432631
T16            0.20049504    0.06932117    0.06271332    0.09462669    0.09898869    0.00000000    0.06266744    0.06266744    0.21328280    0.24104913    0.24908966    0.22916386    0.23179858    0.27410426    0.27410426    0.26821069    0.28924245    0.28358212    0.24967738    0.26488964    0.23890224    0.28640669    0.26480330    0.28040276
T3             0.20842994    0.09410496    0.08495288    0.11563739    0.11766003    0.06266744    0.00000000    0.00000000    0.22176609    0.24943387    0.25827707    0.24104913    0.24371927    0.30069927    0.30069927    0.29458709    0.30724559    0.29818918    0.27593099    0.28644794    0.26236639    0.31854205    0.29570417    0.31223484
T13            0.20842994    0.09410496    0.08495288    0.11563739    0.11766003    0.06266744    0.00000000    0.00000000    0.22176609    0.24943387    0.25827707    0.24104913    0.24371927    0.30069927    0.30069927    0.29458709    0.30724559    0.29818918    0.27593099    0.28644794    0.26236639    0.31854205    0.29570417    0.31223484
T10            0.21613463    0.24106152    0.23596628    0.28193266    0.28395822    0.21328280    0.22176609    0.22176609    0.00000000    0.13213552    0.13698168    0.11307372    0.10814759    0.26338216    0.26338216    0.25761319    0.28252094    0.27624247    0.24305746    0.27316351    0.22750293    0.26480330    0.24645538    0.26449736
T5             0.23533971    0.25555878    0.26449748    0.29782714    0.29967337    0.24104913    0.24943387    0.24943387    0.13213552    0.00000000    0.03930735    0.09922706    0.10385727    0.26756891    0.26756891    0.26174116    0.29284760    0.27445011    0.24696813    0.29782714    0.25179007    0.27480691    0.25962336    0.27202531
T9             0.24719340    0.26686460    0.27594274    0.30303531    0.30492658    0.24908966    0.25827707    0.25827707    0.13698168    0.03930735    0.00000000    0.10865612    0.11335142    0.28286345    0.28286345    0.27689879    0.31223484    0.29324376    0.26174116    0.31090455    0.27316351    0.29122690    0.26925447    0.28193266
T14            0.24230895    0.24875568    0.24071226    0.28039694    0.28234270    0.22916386    0.24104913    0.24104913    0.11307372    0.09922706    0.10865612    0.00000000    0.02031460    0.26889577    0.26889577    0.25995313    0.28797481    0.26962393    0.25722172    0.29550504    0.25864969    0.28276372    0.26338424    0.27594274
T4             0.24496418    0.24542507    0.24338334    0.28319571    0.28515326    0.23179858    0.24371927    0.24371927    0.10814759    0.10385727    0.11335142    0.02031460    0.00000000    0.27166754    0.27166754    0.26269503    0.29080746    0.27239391    0.25995313    0.29164560    0.25213335    0.26649432    0.24781539    0.25689086
T8             0.29301678    0.30323495    0.30359239    0.34083613    0.34291307    0.27410426    0.30069927    0.30069927    0.26338216    0.26756891    0.28286345    0.26889577    0.27166754    0.00000000    0.00000000    0.01617369    0.05617101    0.04120307    0.05407925    0.27913244    0.27480691    0.30266780    0.28286345    0.29650638
T15            0.29301678    0.30323495    0.30359239    0.34083613    0.34291307    0.27410426    0.30069927    0.30069927    0.26338216    0.26756891    0.28286345    0.26889577    0.27166754    0.00000000    0.00000000    0.01617369    0.05617101    0.04120307    0.05407925    0.27913244    0.27480691    0.30266780    0.28286345    0.29650638
T2             0.29018597    0.29711002    0.29745808    0.33432631    0.33640216    0.26821069    0.29458709    0.29458709    0.25761319    0.26174116    0.27689879    0.25995313    0.26269503    0.01617369    0.01617369    0.00000000    0.05185780    0.03697683    0.04977474    0.27079652    0.26889577    0.29080746    0.27132063    0.28474381
T6             0.31325940    0.31308675    0.31347687    0.35510049    0.35712605    0.28924245    0.30724559    0.30724559    0.28252094    0.29284760    0.31223484    0.28797481    0.29080746    0.05617101    0.05617101    0.05185780    0.00000000    0.06960612    0.08309196    0.28474381    0.26788437    0.30598468    0.28604275    0.29324376
T12            0.29397872    0.30069927    0.30434277    0.34647792    0.34843933    0.28358212    0.29818918    0.29818918    0.27624247    0.27445011    0.29324376    0.26962393    0.27239391    0.04120307    0.04120307    0.03697683    0.06960612    0.00000000    0.05860024    0.27996456    0.27555325    0.30353664    0.28358212    0.29735436
T20            0.28084018    0.27534151    0.28186968    0.31765474    0.32653297    0.24967738    0.27593099    0.27593099    0.24305746    0.24696813    0.26174116    0.25722172    0.25995313    0.05407925    0.05407925    0.04977474    0.08309196    0.05860024    0.00000000    0.24943387    0.25995313    0.29039927    0.27098461    0.28114561
T23            0.28866622    0.28644794    0.28600534    0.31963698    0.32847491    0.26488964    0.28644794    0.28644794    0.27316351    0.29782714    0.31090455    0.29550504    0.29164560    0.27913244    0.27913244    0.27079652    0.28474381    0.27996456    0.24943387    0.00000000    0.19962744    0.23838377    0.21488162    0.22371725
T7             0.23873664    0.26236639    0.25353625    0.27132063    0.26726432    0.23890224    0.26236639    0.26236639    0.22750293    0.25179007    0.27316351    0.25864969    0.25213335    0.27480691    0.27480691    0.26889577    0.26788437    0.27555325    0.25995313    0.19962744    0.00000000    0.18053754    0.14950025    0.16471925
T22            0.28784173    0.30845707    0.31809237    0.32835023    0.33733294    0.28640669    0.31854205    0.31854205    0.26480330    0.27480691    0.29122690    0.28276372    0.26649432    0.30266780    0.30266780    0.29080746    0.30598468    0.30353664    0.29039927    0.23838377    0.18053754    0.00000000    0.04753729    0.06282584
T19            0.26255589    0.28604275    0.29532028    0.31179611    0.32060201    0.26480330    0.29570417    0.29570417    0.24645538    0.25962336    0.26925447    0.26338424    0.24781539    0.28286345    0.28286345    0.27132063    0.28604275    0.28358212    0.27098461    0.21488162    0.14950025    0.04753729    0.00000000    0.02444432
T17            0.28175914    0.30225078    0.31179611    0.32883535    0.33432631    0.28040276    0.31223484    0.31223484    0.26449736    0.27202531    0.28193266    0.27594274    0.25689086    0.29650638    0.29650638    0.28474381    0.29324376    0.29735436    0.28114561    0.22371725    0.16471925    0.06282584    0.02444432    0.00000000

