24
T23            0.00000000    0.33074166    0.33539391    0.33842304    0.33418667    0.31072717    0.28719413    0.29999847    0.19892934    0.21629092    0.22057524    0.22651432    0.20414996    0.21322037    0.22210347    0.20003290    0.19498850    0.20033179    0.19658284    0.17674010    0.20256861    0.20511342    0.21179801    0.26870394
T16            0.33074166    0.00000000    0.04154289    0.13924362    0.13660430    0.14191671    0.14637577    0.15643698    0.32387006    0.36712401    0.34275374    0.34275374    0.33021086    0.33074166    0.33426956    0.29557279    0.30962739    0.30918069    0.30429476    0.30718459    0.31416558    0.31375640    0.32276044    0.40026399
T6             0.33539391    0.04154289    0.00000000    0.14429050    0.14161281    0.14956521    0.15146115    0.15643698    0.32821213    0.37213182    0.35109028    0.35109028    0.33839160    0.33539391    0.33897301    0.28344894    0.29720427    0.29677898    0.29523368    0.31153324    0.31166052    0.31123842    0.32030620    0.40950237
T10            0.33842304    0.13924362    0.14429050    0.00000000    0.01006784    0.04978108    0.11298155    0.11285997    0.33074166    0.36546920    0.33597481    0.34079269    0.33060710    0.33245691    0.33480413    0.29764114    0.31203937    0.31153324    0.29764903    0.30050442    0.30813797    0.30765538    0.34318544    0.38160023
T13            0.33418667    0.13660430    0.14161281    0.01006784    0.00000000    0.04757515    0.11045857    0.11035060    0.32672035    0.36100822    0.33184047    0.33656818    0.32647391    0.32824825    0.32705319    0.29150209    0.30574295    0.30524854    0.29146601    0.29429905    0.30429476    0.30383543    0.33897301    0.38478373
T9             0.31072717    0.14191671    0.14956521    0.04978108    0.04757515    0.00000000    0.10569040    0.11035060    0.31737008    0.35114987    0.32240339    0.32469411    0.32058714    0.32116529    0.33182806    0.27858421    0.29238905    0.29193988    0.27510138    0.28438289    0.28866784    0.28824091    0.32002096    0.36341180
T11            0.28719413    0.14637577    0.15146115    0.11298155    0.11045857    0.10569040    0.00000000    0.01212576    0.30211559    0.33426956    0.32831234    0.32831234    0.31600001    0.32352460    0.32705319    0.26841567    0.28178224    0.28138780    0.26472834    0.28023132    0.28063255    0.28027179    0.30765538    0.36225508
T14            0.29999847    0.15643698    0.15643698    0.11285997    0.11035060    0.11035060    0.01212576    0.00000000    0.31166052    0.34442413    0.34198356    0.34198356    0.32943517    0.33717401    0.34079269    0.28063255    0.29434754    0.29392168    0.27701213    0.28955556    0.29310450    0.29271322    0.32081231    0.36536753
T22            0.19892934    0.32387006    0.32821213    0.33074166    0.32672035    0.31737008    0.30211559    0.31166052    0.00000000    0.08726545    0.14147328    0.13673932    0.12942587    0.13955103    0.14462399    0.16086564    0.17652247    0.18167375    0.17748294    0.15885886    0.18704784    0.18956433    0.20683655    0.28742103
T5             0.21629092    0.36712401    0.37213182    0.36546920    0.36100822    0.35114987    0.33426956    0.34442413    0.08726545    0.00000000    0.14956521    0.13939322    0.13736101    0.13753671    0.14518593    0.17975195    0.19061941    0.19589895    0.18636239    0.15974715    0.19639797    0.19614385    0.21052526    0.29523368
T15            0.22057524    0.34275374    0.35109028    0.33597481    0.33184047    0.32240339    0.32831234    0.34198356    0.14147328    0.14956521    0.00000000    0.05847556    0.04555006    0.06056662    0.06722359    0.17792946    0.18885793    0.18859993    0.18194730    0.16811788    0.19085795    0.19614385    0.21403423    0.27104387
T0             0.22651432    0.34275374    0.35109028    0.34079269    0.33656818    0.32469411    0.32831234    0.34198356    0.13673932    0.13939322    0.05847556    0.00000000    0.02855600    0.06499465    0.06722359    0.17792946    0.18610313    0.19136234    0.18471013    0.17349357    0.19639797    0.19892934    0.21114285    0.26160050
T4             0.20414996    0.33021086    0.33839160    0.33060710    0.32647391    0.32058714    0.31600001    0.32943517    0.12942587    0.13736101    0.04555006    0.02855600    0.00000000    0.04978108    0.05414118    0.15733363    0.16788471    0.17300655    0.15894282    0.15295509    0.18063906    0.18312089    0.20063983    0.25036315
T21            0.21322037    0.33074166    0.33539391    0.33245691    0.32824825    0.32116529    0.32352460    0.33717401    0.13955103    0.13753671    0.06056662    0.06499465    0.04978108    0.00000000    0.02653434    0.16811788    0.17892822    0.18414496    0.17486211    0.15844132    0.18361515    0.18610313    0.20381532    0.26321785
T8             0.22210347    0.33426956    0.33897301    0.33480413    0.32705319    0.33182806    0.32705319    0.34079269    0.14462399    0.14518593    0.06722359    0.06722359    0.05414118    0.02653434    0.00000000    0.17892822    0.18997969    0.19528937    0.18594589    0.16913604    0.18912494    0.19162814    0.20958191    0.26727856
T2             0.20003290    0.29557279    0.28344894    0.29764114    0.29150209    0.27858421    0.26841567    0.28063255    0.16086564    0.17975195    0.17792946    0.17792946    0.15733363    0.16811788    0.17892822    0.00000000    0.02857470    0.03275018    0.04978108    0.09453507    0.18244655    0.17955254    0.18835094    0.26682701
T18            0.19498850    0.30962739    0.29720427    0.31203937    0.30574295    0.29238905    0.28178224    0.29434754    0.17652247    0.19061941    0.18885793    0.18610313    0.16788471    0.17892822    0.18997969    0.02857470    0.00000000    0.01623349    0.05427078    0.09952983    0.18288714    0.17996034    0.18885793    0.26595568
T17            0.20033179    0.30918069    0.29677898    0.31153324    0.30524854    0.29193988    0.28138780    0.29392168    0.18167375    0.19589895    0.18859993    0.19136234    0.17300655    0.18414496    0.19528937    0.03275018    0.01623349    0.00000000    0.05861128    0.10177485    0.18266235    0.17975195    0.18585283    0.28158252
T1             0.19658284    0.30429476    0.29523368    0.29764903    0.29146601    0.27510138    0.26472834    0.27701213    0.17748294    0.18636239    0.18194730    0.18471013    0.15894282    0.17486211    0.18594589    0.04978108    0.05427078    0.05861128    0.00000000    0.08139358    0.18139759    0.17841128    0.18748846    0.25864621
T12            0.17674010    0.30718459    0.31153324    0.30050442    0.29429905    0.28438289    0.28023132    0.28955556    0.15885886    0.15974715    0.16811788    0.17349357    0.15295509    0.15844132    0.16913604    0.09453507    0.09952983    0.10177485    0.08139358    0.00000000    0.15713732    0.15436017    0.17892822    0.26049037
T19            0.20256861    0.31416558    0.31166052    0.30813797    0.30429476    0.28866784    0.28063255    0.29310450    0.18704784    0.19639797    0.19085795    0.19639797    0.18063906    0.18361515    0.18912494    0.18244655    0.18288714    0.18266235    0.18139759    0.15713732    0.00000000    0.00602733    0.07664912    0.25233377
T7             0.20511342    0.31375640    0.31123842    0.30765538    0.30383543    0.28824091    0.28027179    0.29271322    0.18956433    0.19614385    0.19614385    0.19892934    0.18312089    0.18610313    0.19162814    0.17955254    0.17996034    0.17975195    0.17841128    0.15436017    0.00602733    0.00000000    0.07425087    0.25504509
T20            0.21179801    0.32276044    0.32030620    0.34318544    0.33897301    0.32002096    0.30765538    0.32081231    0.20683655    0.21052526    0.21403423    0.21114285    0.20063983    0.20381532    0.20958191    0.18835094    0.18885793    0.18585283    0.18748846    0.17892822    0.07664912    0.07425087    0.00000000    0.27833135
T3             0.26870394    0.40026399    0.40950237    0.38160023    0.38478373    0.36341180    0.36225508    0.36536753    0.28742103    0.29523368    0.27104387    0.26160050    0.25036315    0.26321785    0.26727856    0.26682701    0.26595568    0.28158252    0.25864621    0.26049037    0.25233377    0.25504509    0.27833135    0.00000000

