24
T18            0.00000000    0.44337357    0.43847201    0.44122955    0.37909904    0.43437891    0.42895383    0.42422147    0.40836808    0.35429009    0.32754289    0.35429009    0.33773108    0.34728332    0.30847112    0.30355117    0.30889894    0.23680747    0.23358308    0.23040319    0.22277383    0.20928216    0.15910911    0.17445890
T16            0.44337357    0.00000000    0.23150605    0.22513041    0.17186585    0.20855189    0.20954447    0.21497079    0.20415971    0.39095304    0.38820933    0.42566606    0.40719554    0.41774033    0.38184538    0.39069516    0.38623400    0.37308750    0.35575749    0.35887445    0.33893016    0.34610954    0.35502350    0.36514954
T9             0.43847201    0.23150605    0.00000000    0.04534678    0.08299401    0.11022347    0.10587705    0.11054277    0.09910563    0.38771800    0.40390368    0.42629223    0.41167520    0.40120516    0.36980786    0.36853215    0.37416565    0.36812578    0.35783077    0.35473264    0.32195245    0.32492778    0.34381655    0.36094229
T0             0.44122955    0.22513041    0.04534678    0.00000000    0.07825989    0.10768387    0.10329901    0.10794006    0.09653329    0.37762015    0.39355281    0.41560690    0.40507588    0.39088308    0.36609522    0.36479143    0.37041099    0.37444145    0.36050139    0.35738903    0.33054444    0.32157741    0.33622992    0.35304290
T23            0.37909904    0.17186585    0.08299401    0.07825989    0.00000000    0.06926792    0.06504927    0.06945033    0.06081881    0.33658574    0.34770106    0.37541437    0.35828600    0.34159359    0.31224972    0.31072788    0.31608564    0.31494353    0.30224508    0.29873532    0.29358496    0.29072159    0.29903501    0.31494353
T4             0.43437891    0.20855189    0.11022347    0.10768387    0.06926792    0.00000000    0.03277528    0.03697699    0.07374362    0.38034904    0.39246910    0.41833473    0.40390368    0.38871516    0.35766764    0.35623075    0.36184787    0.35386092    0.34728332    0.34342409    0.34159359    0.33169687    0.35077438    0.36812578
T3             0.42895383    0.20954447    0.10587705    0.10329901    0.06504927    0.03277528    0.00000000    0.01623236    0.06952512    0.39625154    0.40897690    0.43165154    0.41687180    0.39853565    0.37102759    0.36983068    0.37544093    0.34857607    0.34903328    0.34507259    0.34340129    0.33341079    0.34903328    0.36647283
T2             0.42422147    0.21497079    0.11054277    0.10794006    0.06945033    0.03697699    0.01623236    0.00000000    0.07169832    0.39571720    0.40836808    0.43097744    0.41623172    0.39794265    0.37041099    0.36917475    0.37479650    0.35164778    0.34857607    0.34464083    0.34293003    0.33296339    0.34857607    0.36596445
T14            0.40836808    0.20415971    0.09910563    0.09653329    0.06081881    0.07374362    0.06952512    0.07169832    0.00000000    0.36362729    0.37541437    0.40062665    0.38655118    0.36910074    0.34594987    0.33744050    0.33583580    0.34117398    0.33130001    0.32754289    0.31898945    0.31937793    0.32455391    0.34117398
T10            0.35429009    0.39095304    0.38771800    0.37762015    0.33658574    0.38034904    0.39625154    0.39571720    0.36362729    0.00000000    0.04334502    0.06067497    0.04982608    0.08260670    0.11695788    0.11472629    0.11688878    0.29844758    0.28303787    0.28279962    0.26846309    0.26567496    0.26823744    0.28328775
T11            0.32754289    0.38820933    0.40390368    0.39355281    0.34770106    0.39246910    0.40897690    0.40836808    0.37541437    0.04334502    0.00000000    0.04559911    0.03710546    0.06922119    0.11711984    0.11490811    0.11703491    0.28328775    0.26523076    0.26204577    0.25101368    0.24828279    0.25375534    0.26544728
T13            0.35429009    0.42566606    0.42629223    0.41560690    0.37541437    0.41833473    0.43165154    0.43097744    0.40062665    0.06067497    0.04559911    0.00000000    0.02862910    0.08732903    0.12904208    0.12681070    0.12894363    0.28952705    0.28613804    0.28589013    0.27149728    0.26869997    0.27430580    0.28952705
T20            0.33773108    0.40719554    0.41167520    0.40507588    0.35828600    0.40390368    0.41687180    0.41623172    0.38655118    0.04982608    0.03710546    0.02862910    0.00000000    0.08061289    0.11711984    0.11490811    0.11703491    0.30224508    0.28980820    0.28952705    0.26894803    0.26616369    0.26567496    0.28071232
T1             0.34728332    0.41774033    0.40120516    0.39088308    0.34159359    0.38871516    0.39853565    0.39794265    0.36910074    0.08260670    0.06922119    0.08732903    0.08061289    0.00000000    0.12926316    0.12951629    0.13160709    0.29903501    0.29296742    0.28639763    0.26591378    0.26313861    0.27430580    0.28952705
T15            0.30847112    0.38184538    0.36980786    0.36609522    0.31224972    0.35766764    0.37102759    0.37041099    0.34594987    0.11695788    0.11711984    0.12904208    0.11711984    0.12926316    0.00000000    0.04120327    0.04539120    0.25931338    0.24158821    0.24132329    0.23358308    0.22802412    0.22991165    0.24132329
T19            0.30355117    0.39069516    0.36853215    0.36479143    0.31072788    0.35623075    0.36983068    0.36917475    0.33744050    0.11472629    0.11490811    0.12681070    0.11490811    0.12951629    0.04120327    0.00000000    0.01414123    0.25520584    0.23741374    0.23710560    0.22654671    0.22102051    0.22513041    0.23947312
T21            0.30889894    0.38623400    0.37416565    0.37041099    0.31608564    0.36184787    0.37544093    0.37479650    0.33583580    0.11688878    0.11703491    0.12894363    0.11703491    0.13160709    0.04539120    0.01414123    0.00000000    0.25485287    0.23710560    0.23680747    0.22917177    0.22362742    0.23015240    0.24455062
T5             0.23680747    0.37308750    0.36812578    0.37444145    0.31494353    0.35386092    0.34857607    0.35164778    0.34117398    0.29844758    0.28328775    0.28952705    0.30224508    0.29903501    0.25931338    0.25520584    0.25485287    0.00000000    0.05613307    0.05610166    0.09410601    0.08266972    0.15328382    0.16338460
T6             0.23358308    0.35575749    0.35783077    0.36050139    0.30224508    0.34728332    0.34903328    0.34857607    0.33130001    0.28303787    0.26523076    0.28613804    0.28980820    0.29296742    0.24158821    0.23741374    0.23710560    0.05613307    0.00000000    0.00805161    0.09402368    0.08488542    0.14814478    0.15559785
T7             0.23040319    0.35887445    0.35473264    0.35738903    0.29873532    0.34342409    0.34507259    0.34464083    0.32754289    0.28279962    0.26204577    0.28589013    0.28952705    0.28639763    0.24132329    0.23710560    0.23680747    0.05610166    0.00805161    0.00000000    0.09394878    0.08482446    0.14805537    0.16057745
T8             0.22277383    0.33893016    0.32195245    0.33054444    0.29358496    0.34159359    0.34340129    0.34293003    0.31898945    0.26846309    0.25101368    0.27149728    0.26894803    0.26591378    0.23358308    0.22654671    0.22917177    0.09410601    0.09402368    0.09394878    0.00000000    0.03697699    0.13848254    0.15086974
T17            0.20928216    0.34610954    0.32492778    0.32157741    0.29072159    0.33169687    0.33341079    0.33296339    0.31937793    0.26567496    0.24828279    0.26869997    0.26616369    0.26313861    0.22802412    0.22102051    0.22362742    0.08266972    0.08488542    0.08482446    0.03697699    0.00000000    0.12877106    0.14095925
T22            0.15910911    0.35502350    0.34381655    0.33622992    0.29903501    0.35077438    0.34903328    0.34857607    0.32455391    0.26823744    0.25375534    0.27430580    0.26567496    0.27430580    0.22991165    0.22513041    0.23015240    0.15328382    0.14814478    0.14805537    0.13848254    0.12877106    0.00000000    0.01824833
T12            0.17445890    0.36514954    0.36094229    0.35304290    0.31494353    0.36812578    0.36647283    0.36596445    0.34117398    0.28328775    0.26544728    0.28952705    0.28071232    0.28952705    0.24132329    0.23947312    0.24455062    0.16338460    0.15559785    0.16057745    0.15086974    0.14095925    0.01824833    0.00000000

