24
T20            0.00000000    0.33041819    0.30602665    0.29368992    0.28504964    0.31727152    0.31183877    0.26483081    0.28644098    0.30148931    0.30477458    0.25134022    0.25258863    0.28238011    0.23576511    0.25018292    0.18404426    0.18404426    0.19126264    0.12300208    0.13199760    0.18303313    0.16697126    0.23123001
T4             0.33041819    0.00000000    0.03910541    0.08089589    0.12732863    0.16560631    0.16101175    0.17096021    0.19487382    0.21615695    0.21327079    0.27347020    0.27820776    0.33561653    0.29070572    0.27916861    0.32449061    0.32449061    0.33747833    0.29637888    0.27042937    0.35436431    0.35071806    0.38308829
T19            0.30602665    0.03910541    0.00000000    0.05626915    0.10804355    0.15790070    0.14553703    0.15528010    0.17857281    0.19935355    0.19655653    0.25094430    0.25528377    0.31659131    0.27637895    0.26306392    0.30026098    0.30026098    0.31273024    0.26377600    0.25452881    0.33940093    0.32199663    0.36391129
T10            0.29368992    0.08089589    0.05626915    0.00000000    0.09644027    0.15050107    0.13825946    0.14532778    0.16295079    0.18327271    0.18055205    0.25485783    0.25302494    0.31415632    0.27083184    0.26689696    0.30691992    0.30691992    0.32295794    0.26689696    0.25452881    0.32888552    0.31520175    0.35667270
T17            0.28504964    0.12732863    0.10804355    0.09644027    0.00000000    0.11731634    0.11524249    0.11754132    0.12915223    0.15608920    0.14846874    0.23978587    0.24073846    0.28927704    0.23653423    0.25025310    0.29785330    0.29785330    0.30037558    0.26176770    0.24377448    0.30617658    0.29012076    0.34079660
T13            0.31727152    0.16560631    0.15790070    0.15050107    0.11731634    0.00000000    0.02866702    0.17047674    0.17832190    0.19908576    0.19352300    0.28604503    0.28740898    0.33448368    0.28886594    0.29613752    0.33786868    0.33786868    0.34492820    0.29043662    0.27379920    0.33691026    0.32999796    0.37228876
T11            0.31183877    0.16101175    0.14553703    0.13825946    0.11524249    0.02866702    0.00000000    0.16318366    0.17096021    0.19152505    0.18600832    0.27764775    0.27901367    0.32207958    0.28043603    0.28438127    0.33236604    0.33236604    0.33940093    0.27242680    0.26547657    0.35263857    0.33486191    0.37017016
T15            0.26483081    0.17096021    0.15528010    0.14532778    0.11754132    0.17047674    0.16318366    0.00000000    0.07614326    0.10113773    0.09178670    0.24073846    0.24178137    0.28720444    0.24276673    0.25116081    0.29654533    0.29654533    0.29328142    0.24814390    0.23041652    0.30808167    0.29176160    0.31901563
T3             0.28644098    0.19487382    0.17857281    0.16295079    0.12915223    0.17832190    0.17096021    0.07614326    0.00000000    0.03705657    0.03069925    0.25794476    0.26532710    0.28538046    0.25933122    0.27413488    0.29043662    0.29043662    0.29212438    0.25998168    0.24485036    0.32449280    0.30110633    0.33902366
T1             0.30148931    0.21615695    0.19935355    0.18327271    0.15608920    0.19908576    0.19152505    0.10113773    0.03705657    0.00000000    0.01833342    0.29410978    0.30209668    0.31606462    0.28572264    0.29785330    0.32153417    0.32153417    0.31645475    0.29288431    0.27692968    0.34296293    0.32574100    0.36143146
T18            0.30477458    0.21327079    0.19655653    0.18055205    0.14846874    0.19352300    0.18600832    0.09178670    0.03069925    0.01833342    0.00000000    0.28438127    0.29214081    0.31940476    0.28572264    0.29785330    0.32495486    0.32495486    0.31645475    0.28965223    0.26759667    0.35358947    0.32913806    0.36502432
T16            0.25134022    0.27347020    0.25094430    0.25485783    0.23978587    0.28604503    0.27764775    0.24073846    0.25794476    0.29410978    0.28438127    0.00000000    0.01414127    0.17832190    0.14060766    0.14790770    0.26300495    0.26300495    0.26848785    0.20845175    0.19935355    0.25596349    0.24073846    0.29328142
T23            0.25258863    0.27820776    0.25528377    0.25302494    0.24073846    0.28740898    0.27901367    0.24178137    0.26532710    0.30209668    0.29214081    0.01414127    0.00000000    0.18460239    0.14126713    0.14857984    0.26750230    0.26750230    0.27300395    0.21819913    0.20304852    0.25714796    0.24178137    0.29783745
T5             0.28238011    0.33561653    0.31659131    0.31415632    0.28927704    0.33448368    0.32207958    0.28720444    0.28538046    0.31606462    0.31940476    0.17832190    0.18460239    0.00000000    0.04757089    0.12254705    0.30449658    0.30449658    0.30449658    0.23245352    0.22073921    0.29126621    0.27205733    0.34088796
T9             0.23576511    0.29070572    0.27637895    0.27083184    0.23653423    0.28886594    0.28043603    0.24276673    0.25933122    0.28572264    0.28572264    0.14060766    0.14126713    0.04757089    0.00000000    0.08079499    0.25945943    0.25945943    0.26574119    0.19458568    0.18576121    0.24642682    0.22859272    0.29288431
T0             0.25018292    0.27916861    0.26306392    0.26689696    0.25025310    0.29613752    0.28438127    0.25116081    0.27413488    0.29785330    0.29785330    0.14790770    0.14857984    0.12254705    0.08079499    0.00000000    0.27764775    0.27764775    0.27764775    0.22197994    0.19963046    0.26103669    0.24878254    0.29613752
T7             0.18404426    0.32449061    0.30026098    0.30691992    0.29785330    0.33786868    0.33236604    0.29654533    0.29043662    0.32153417    0.32495486    0.26300495    0.26750230    0.30449658    0.25945943    0.27764775    0.00000000    0.00000000    0.05610220    0.15310801    0.15227126    0.20814132    0.18303313    0.23712132
T8             0.18404426    0.32449061    0.30026098    0.30691992    0.29785330    0.33786868    0.33236604    0.29654533    0.29043662    0.32153417    0.32495486    0.26300495    0.26750230    0.30449658    0.25945943    0.27764775    0.00000000    0.00000000    0.05610220    0.15310801    0.15227126    0.20814132    0.18303313    0.23712132
T22            0.19126264    0.33747833    0.31273024    0.32295794    0.30037558    0.34492820    0.33940093    0.29328142    0.29212438    0.31645475    0.31645475    0.26848785    0.27300395    0.30449658    0.26574119    0.27764775    0.05610220    0.05610220    0.00000000    0.16272630    0.15930592    0.21843752    0.19580410    0.25452881
T12            0.12300208    0.29637888    0.26377600    0.26689696    0.26176770    0.29043662    0.27242680    0.24814390    0.25998168    0.29288431    0.28965223    0.20845175    0.21819913    0.23245352    0.19458568    0.22197994    0.15310801    0.15310801    0.16272630    0.00000000    0.06289404    0.12241092    0.11271887    0.16382811
T14            0.13199760    0.27042937    0.25452881    0.25452881    0.24377448    0.27379920    0.26547657    0.23041652    0.24485036    0.27692968    0.26759667    0.19935355    0.20304852    0.22073921    0.18576121    0.19963046    0.15227126    0.15227126    0.15930592    0.06289404    0.00000000    0.13420887    0.12216215    0.17366075
T21            0.18303313    0.35436431    0.33940093    0.32888552    0.30617658    0.33691026    0.35263857    0.30808167    0.32449280    0.34296293    0.35358947    0.25596349    0.25714796    0.29126621    0.24642682    0.26103669    0.20814132    0.20814132    0.21843752    0.12241092    0.13420887    0.00000000    0.06055927    0.11283126
T6             0.16697126    0.35071806    0.32199663    0.31520175    0.29012076    0.32999796    0.33486191    0.29176160    0.30110633    0.32574100    0.32913806    0.24073846    0.24178137    0.27205733    0.22859272    0.24878254    0.18303313    0.18303313    0.19580410    0.11271887    0.12216215    0.06055927    0.00000000    0.11022614
T2             0.23123001    0.38308829    0.36391129    0.35667270    0.34079660    0.37228876    0.37017016    0.31901563    0.33902366    0.36143146    0.36502432    0.29328142    0.29783745    0.34088796    0.29288431    0.29613752    0.23712132    0.23712132    0.25452881    0.16382811    0.17366075    0.11283126    0.11022614    0.00000000

