24
T0             0.00000000    0.22728774    0.24378360    0.23573819    0.23626524    0.16399570    0.14633418    0.14620012    0.16123898    0.23770083    0.23459936    0.18237325    0.18258643    0.19240463    0.25327164    0.18411136    0.19493515    0.23893380    0.22753075    0.22860221    0.20022555    0.16612441    0.18144179    0.08488787
T12            0.22728774    0.00000000    0.06753532    0.12086990    0.12583734    0.21162539    0.20367611    0.19789101    0.20904857    0.27819305    0.27791578    0.22046201    0.22074848    0.24515574    0.29499830    0.24134687    0.24430138    0.29428568    0.28506297    0.30117476    0.25726231    0.21373924    0.23123957    0.23893380
T21            0.24378360    0.06753532    0.00000000    0.12797247    0.13047484    0.23017381    0.22202809    0.21611821    0.22753075    0.28385262    0.28357880    0.23683277    0.23713165    0.24755694    0.29428568    0.25873435    0.26177915    0.30654945    0.29715830    0.29290021    0.27136413    0.22705474    0.24486064    0.24673804
T18            0.23573819    0.12086990    0.12797247    0.00000000    0.04334576    0.20534813    0.19747488    0.19728082    0.21071269    0.28790374    0.29394681    0.22307149    0.22335674    0.25085890    0.31101247    0.24998158    0.25298057    0.29394681    0.28474319    0.26859096    0.24486064    0.20239183    0.22227424    0.23573819
T23            0.23626524    0.12583734    0.13047484    0.04334576    0.00000000    0.21373924    0.20577293    0.20555578    0.21917503    0.28474319    0.29075592    0.23183218    0.23214332    0.26307674    0.32794596    0.26208748    0.26516052    0.31021554    0.30075053    0.28761910    0.25999405    0.21071269    0.22515208    0.23042525
T2             0.16399570    0.21162539    0.23017381    0.20534813    0.21373924    0.00000000    0.02034128    0.02866721    0.03919416    0.19328671    0.19030922    0.13847725    0.13869852    0.17562217    0.22950941    0.16473571    0.17270280    0.21499238    0.20392305    0.19153253    0.15931027    0.13200049    0.15949430    0.17187828
T10            0.14633418    0.20367611    0.22202809    0.19747488    0.20577293    0.02034128    0.00000000    0.02245770    0.03077739    0.19101618    0.18802816    0.13126594    0.13148308    0.16538032    0.22135029    0.15467360    0.16251535    0.21269075    0.20163178    0.18104940    0.15190641    0.12486638    0.15208690    0.16660938
T17            0.14620012    0.19789101    0.21611821    0.19728082    0.20555578    0.02866721    0.02245770    0.00000000    0.02862950    0.17720356    0.17434237    0.12353008    0.12372040    0.15208690    0.20112585    0.14171823    0.14933975    0.19834429    0.18758099    0.17808594    0.14409331    0.11742706    0.14424579    0.16123898
T15            0.16123898    0.20904857    0.22753075    0.21071269    0.21917503    0.03919416    0.03077739    0.02862950    0.00000000    0.19305249    0.19009168    0.13571663    0.13592346    0.17270280    0.22626840    0.15931027    0.16191720    0.21758402    0.20648115    0.19126987    0.15913471    0.13186344    0.15671692    0.17929684
T9             0.23770083    0.27819305    0.28385262    0.28790374    0.28474319    0.19328671    0.19101618    0.17720356    0.19305249    0.00000000    0.01006772    0.22950941    0.22983141    0.23183218    0.27381208    0.22753075    0.23921113    0.29537199    0.28290967    0.26068757    0.24188840    0.20002388    0.22179177    0.24895909
T3             0.23459936    0.27791578    0.28357880    0.29394681    0.29075592    0.19030922    0.18802816    0.17434237    0.19009168    0.01006772    0.00000000    0.22626840    0.22657193    0.23095816    0.27038543    0.22728774    0.23893380    0.29499830    0.28256595    0.26342784    0.24161249    0.19983163    0.22156533    0.24579314
T7             0.18237325    0.22046201    0.23683277    0.22307149    0.23183218    0.13847725    0.13126594    0.12353008    0.13571663    0.22950941    0.22626840    0.00000000    0.00401106    0.18352793    0.24788457    0.16717239    0.17516069    0.21758402    0.20648115    0.21681053    0.17003291    0.14220537    0.16230750    0.19557819
T4             0.18258643    0.22074848    0.23713165    0.22335674    0.23214332    0.13869852    0.13148308    0.12372040    0.13592346    0.22983141    0.22657193    0.00401106    0.00000000    0.18378537    0.24827132    0.16737726    0.17538709    0.21786211    0.20673605    0.21714656    0.17025349    0.14238398    0.16251535    0.19581096
T20            0.19240463    0.24515574    0.24755694    0.25085890    0.26307674    0.17562217    0.16538032    0.15208690    0.17270280    0.23183218    0.23095816    0.18352793    0.18378537    0.00000000    0.09419931    0.11754355    0.12980882    0.16717239    0.15689414    0.15029117    0.17366554    0.14002357    0.16273164    0.19747488
T11            0.25327164    0.29499830    0.29428568    0.31101247    0.32794596    0.22950941    0.22135029    0.20112585    0.22626840    0.27381208    0.27038543    0.24788457    0.24827132    0.09419931    0.00000000    0.16434855    0.17762721    0.22889478    0.21758402    0.20500374    0.22983141    0.19378242    0.21041026    0.24134687
T1             0.18411136    0.24134687    0.25873435    0.24998158    0.26208748    0.16473571    0.15467360    0.14171823    0.15931027    0.22753075    0.22728774    0.16717239    0.16737726    0.11754355    0.16434855    0.00000000    0.02029471    0.07622761    0.06728416    0.09911027    0.17516069    0.12705817    0.14409331    0.19183964
T6             0.19493515    0.24430138    0.26177915    0.25298057    0.26516052    0.17270280    0.16251535    0.14933975    0.16191720    0.23921113    0.23893380    0.17516069    0.17538709    0.12980882    0.17762721    0.02029471    0.00000000    0.08079623    0.07178060    0.10386420    0.17785221    0.12952319    0.14157218    0.20278214
T16            0.23893380    0.29428568    0.30654945    0.29394681    0.31021554    0.21499238    0.21269075    0.19834429    0.21758402    0.29537199    0.29499830    0.21758402    0.21786211    0.16717239    0.22889478    0.07622761    0.08079623    0.00000000    0.01212529    0.14969565    0.21814978    0.17169395    0.20088679    0.25570805
T22            0.22753075    0.28506297    0.29715830    0.28474319    0.30075053    0.20392305    0.20163178    0.18758099    0.20648115    0.28290967    0.28256595    0.20648115    0.20673605    0.15689414    0.21758402    0.06728416    0.07178060    0.01212529    0.00000000    0.14220537    0.20983740    0.16660938    0.19282738    0.23816316
T8             0.22860221    0.30117476    0.29290021    0.26859096    0.28761910    0.19153253    0.18104940    0.17808594    0.19126987    0.26068757    0.26342784    0.21681053    0.21714656    0.15029117    0.20500374    0.09911027    0.10386420    0.14969565    0.14220537    0.00000000    0.19683339    0.17048264    0.19431430    0.24277755
T5             0.20022555    0.25726231    0.27136413    0.24486064    0.25999405    0.15931027    0.15190641    0.14409331    0.15913471    0.24188840    0.24161249    0.17003291    0.17025349    0.17366554    0.22983141    0.17516069    0.17785221    0.21814978    0.20983740    0.19683339    0.00000000    0.09031380    0.11173511    0.21373924
T19            0.16612441    0.21373924    0.22705474    0.20239183    0.21071269    0.13200049    0.12486638    0.11742706    0.13186344    0.20002388    0.19983163    0.14220537    0.14238398    0.14002357    0.19378242    0.12705817    0.12952319    0.17169395    0.16660938    0.17048264    0.09031380    0.00000000    0.06313617    0.17366503
T14            0.18144179    0.23123957    0.24486064    0.22227424    0.22515208    0.15949430    0.15208690    0.14424579    0.15671692    0.22179177    0.22156533    0.16230750    0.16251535    0.16273164    0.21041026    0.14409331    0.14157218    0.20088679    0.19282738    0.19431430    0.11173511    0.06313617    0.00000000    0.20002388
T13            0.08488787    0.23893380    0.24673804    0.23573819    0.23042525    0.17187828    0.16660938    0.16123898    0.17929684    0.24895909    0.24579314    0.19557819    0.19581096    0.19747488    0.24134687    0.19183964    0.20278214    0.25570805    0.23816316    0.24277755    0.21373924    0.17366503    0.20002388    0.00000000

