24
T13            0.00000000    0.20403948    0.28842624    0.26496329    0.24601552    0.24256199    0.18931586    0.22081311    0.20370823    0.18081061    0.21017163    0.20657897    0.14554964    0.22676049    0.20437979    0.18898876    0.17813892    0.18106090    0.17477786    0.17752214    0.19209824    0.18214927    0.20762509    0.20276905
T6             0.20403948    0.00000000    0.19018853    0.17639094    0.12087530    0.11824683    0.15174094    0.17539729    0.17026315    0.18508950    0.20912750    0.19712549    0.14751176    0.20701413    0.20912750    0.19647460    0.18552812    0.18803921    0.18710634    0.18988880    0.20191217    0.19181727    0.20592718    0.20931562
T4             0.28842624    0.19018853    0.00000000    0.06961080    0.17249307    0.16962627    0.23777821    0.26144682    0.25562511    0.28084200    0.29643165    0.30890341    0.24869204    0.32108231    0.26811539    0.27259437    0.26664508    0.29834157    0.27214812    0.27536141    0.29503247    0.28138373    0.30365129    0.28523526
T0             0.26496329    0.17639094    0.06961080    0.00000000    0.15157686    0.14381842    0.23184956    0.25526028    0.24344080    0.26150087    0.28891292    0.29788679    0.23281408    0.29659110    0.25797991    0.25910330    0.25329247    0.27173538    0.25255094    0.25562511    0.28442335    0.26771127    0.27642110    0.27562729
T8             0.24601552    0.12087530    0.17249307    0.15157686    0.00000000    0.02656621    0.19010214    0.20957899    0.19306375    0.21635100    0.24752995    0.24377838    0.18852306    0.25797991    0.22722626    0.22529020    0.21974919    0.22570628    0.21618318    0.21908718    0.23154781    0.22106088    0.22690277    0.23628151
T11            0.24256199    0.11824683    0.16962627    0.14381842    0.02656621    0.00000000    0.18448067    0.20649415    0.19558957    0.21613061    0.24716281    0.24344080    0.18827665    0.24848877    0.23281408    0.22494654    0.21941344    0.22833529    0.21299616    0.21587491    0.22833529    0.21787734    0.23545597    0.23601247
T23            0.18931586    0.15174094    0.23777821    0.23184956    0.19010214    0.18448067    0.00000000    0.05860367    0.05413561    0.18429582    0.20728817    0.20113822    0.14425178    0.20601179    0.19606501    0.18628350    0.17563273    0.17416803    0.16718099    0.16982994    0.18487754    0.18259657    0.19128217    0.18680441
T2             0.22081311    0.17539729    0.26144682    0.25526028    0.20957899    0.20649415    0.05860367    0.00000000    0.02859841    0.20066865    0.22755944    0.22397325    0.17517054    0.23480505    0.22168287    0.21458933    0.20338606    0.19032002    0.19432754    0.19712549    0.22076431    0.21042555    0.21458933    0.19812452
T7             0.20370823    0.17026315    0.25562511    0.24344080    0.19306375    0.19558957    0.05413561    0.02859841    0.00000000    0.19536564    0.21618318    0.21557611    0.16738618    0.22628498    0.20757154    0.20054000    0.18959791    0.18508950    0.18353953    0.18628350    0.20957899    0.19937492    0.20847738    0.19558957
T21            0.18081061    0.18508950    0.28084200    0.26150087    0.21635100    0.21613061    0.18429582    0.20066865    0.19536564    0.00000000    0.10350802    0.09878766    0.12185356    0.19241487    0.17682387    0.16192504    0.15431455    0.15815124    0.15142117    0.15398146    0.16124576    0.15866565    0.17474321    0.18099918
T20            0.21017163    0.20912750    0.29643165    0.28891292    0.24752995    0.24716281    0.20728817    0.22755944    0.21618318    0.10350802    0.00000000    0.06323193    0.14475917    0.21587491    0.18186414    0.16421647    0.15647935    0.16718099    0.16611154    0.16879650    0.17833941    0.16586254    0.18988880    0.18781076
T15            0.20657897    0.19712549    0.30890341    0.29788679    0.24377838    0.24344080    0.20113822    0.22397325    0.21557611    0.09878766    0.06323193    0.00000000    0.13435193    0.19283829    0.17317745    0.15574329    0.14813691    0.16417546    0.16032366    0.16296575    0.17249307    0.16274072    0.18106090    0.18198285
T10            0.14554964    0.14751176    0.24869204    0.23281408    0.18852306    0.18827665    0.14425178    0.17517054    0.16738618    0.12185356    0.14475917    0.13435193    0.00000000    0.12487097    0.13215074    0.12054487    0.11094072    0.11491619    0.11308527    0.11550868    0.13173899    0.12241778    0.14239067    0.13130307
T5             0.22676049    0.20701413    0.32108231    0.29659110    0.25797991    0.24848877    0.20601179    0.23480505    0.22628498    0.19241487    0.21587491    0.19283829    0.12487097    0.00000000    0.21587491    0.19181727    0.17833941    0.18217847    0.18877841    0.19154524    0.20701413    0.19910645    0.20757154    0.20279319
T17            0.20437979    0.20912750    0.26811539    0.25797991    0.22722626    0.23281408    0.19606501    0.22168287    0.20757154    0.17682387    0.18186414    0.17317745    0.13215074    0.21587491    0.00000000    0.08089946    0.06736243    0.11973923    0.10852901    0.11094072    0.12460949    0.11537474    0.13263433    0.11732186
T16            0.18898876    0.19647460    0.27259437    0.25910330    0.22529020    0.22494654    0.18628350    0.21458933    0.20054000    0.16192504    0.16421647    0.15574329    0.12054487    0.19181727    0.08089946    0.00000000    0.02650597    0.10350802    0.09253615    0.09489652    0.10827359    0.09451622    0.11123806    0.11501919
T3             0.17813892    0.18552812    0.26664508    0.25329247    0.21974919    0.21941344    0.17563273    0.20338606    0.18959791    0.15431455    0.15647935    0.14813691    0.11094072    0.17833941    0.06736243    0.02650597    0.00000000    0.09420175    0.08331872    0.08564055    0.09888881    0.08994842    0.10896853    0.10557607
T1             0.18106090    0.18803921    0.29834157    0.27173538    0.22570628    0.22833529    0.17416803    0.19032002    0.18508950    0.15815124    0.16718099    0.16417546    0.11491619    0.18217847    0.11973923    0.10350802    0.09420175    0.00000000    0.06061575    0.06282908    0.07583531    0.06276911    0.09451622    0.11944214
T14            0.17477786    0.18710634    0.27214812    0.25255094    0.21618318    0.21299616    0.16718099    0.19432754    0.18353953    0.15142117    0.16611154    0.16032366    0.11308527    0.18877841    0.10852901    0.09253615    0.08331872    0.06061575    0.00000000    0.00200403    0.04545568    0.03492906    0.07445717    0.10321599
T22            0.17752214    0.18988880    0.27536141    0.25562511    0.21908718    0.21587491    0.16982994    0.19712549    0.18628350    0.15398146    0.16879650    0.16296575    0.11550868    0.19154524    0.11094072    0.09489652    0.08564055    0.06282908    0.00200403    0.00000000    0.04761151    0.03705731    0.07675231    0.10557607
T18            0.19209824    0.20191217    0.29503247    0.28442335    0.23154781    0.22833529    0.18487754    0.22076431    0.20957899    0.16124576    0.17833941    0.17249307    0.13173899    0.20701413    0.12460949    0.10827359    0.09888881    0.07583531    0.04545568    0.04761151    0.00000000    0.03483335    0.08984001    0.12895291
T19            0.18214927    0.19181727    0.28138373    0.26771127    0.22106088    0.21787734    0.18259657    0.21042555    0.19937492    0.15866565    0.16586254    0.16274072    0.12241778    0.19910645    0.11537474    0.09451622    0.08994842    0.06276911    0.03492906    0.03705731    0.03483335    0.00000000    0.08100767    0.11722083
T9             0.20762509    0.20592718    0.30365129    0.27642110    0.22690277    0.23545597    0.19128217    0.21458933    0.20847738    0.17474321    0.18988880    0.18106090    0.14239067    0.20757154    0.13263433    0.11123806    0.10896853    0.09451622    0.07445717    0.07675231    0.08984001    0.08100767    0.00000000    0.13435193
T12            0.20276905    0.20931562    0.28523526    0.27562729    0.23628151    0.23601247    0.18680441    0.19812452    0.19558957    0.18099918    0.18781076    0.18198285    0.13130307    0.20279319    0.11732186    0.11501919    0.10557607    0.11944214    0.10321599    0.10557607    0.12895291    0.11722083    0.13435193    0.00000000

