24
T4             0.00000000    0.27785103    0.30285474    0.28720634    0.54423353    0.55329686    0.49867289    0.50709586    0.50137069    0.52536423    0.39579923    0.39704923    0.40487631    0.40094741    0.39059371    0.41096544    0.41757952    0.41282818    0.40883640    0.41213207    0.39836000    0.40094741    0.39257567    0.40695750
T3             0.27785103    0.00000000    0.03930638    0.01827017    0.32491575    0.33138703    0.27076044    0.27035986    0.27630646    0.29250918    0.19626248    0.20363499    0.20925743    0.20084736    0.21550901    0.21522176    0.22041124    0.35347894    0.34991496    0.35298455    0.34030071    0.34286251    0.33475905    0.34786111
T2             0.30285474    0.03930638    0.00000000    0.05017859    0.36042873    0.37107720    0.30977570    0.30925602    0.31558373    0.33309489    0.22453489    0.23802462    0.24403674    0.23504552    0.25707913    0.25667588    0.26211832    0.40161094    0.39769742    0.40094741    0.38738711    0.38996133    0.38165955    0.39579923
T12            0.28720634    0.01827017    0.05017859    0.00000000    0.33907304    0.33492610    0.28035698    0.27992565    0.28596480    0.30248966    0.20467279    0.21209260    0.21209260    0.20643828    0.22421274    0.22390019    0.22914018    0.36068422    0.35706857    0.36016383    0.34735328    0.34991496    0.33475905    0.34786111
T6             0.54423353    0.32491575    0.36042873    0.33907304    0.00000000    0.02859743    0.07859545    0.07395350    0.07403830    0.08069584    0.29866661    0.29445891    0.30106818    0.29775259    0.29688399    0.29402978    0.29646676    0.56502747    0.55974714    0.56374702    0.56502747    0.56776837    0.57990705    0.58260277
T7             0.55329686    0.33138703    0.37107720    0.33492610    0.02859743    0.00000000    0.07640865    0.07631167    0.07869769    0.08308882    0.29820393    0.29402978    0.30061718    0.29731261    0.30972950    0.30683087    0.30594198    0.57717674    0.57181142    0.57587642    0.56650321    0.56929035    0.59230171    0.59504186
T21            0.49867289    0.27076044    0.30977570    0.28035698    0.07859545    0.07640865    0.00000000    0.01212507    0.03924614    0.04790598    0.27479228    0.27950517    0.28596480    0.28272452    0.27950517    0.27035986    0.27273890    0.53802105    0.53303134    0.53689459    0.53802105    0.54077790    0.54663993    0.54935130
T5             0.50709586    0.27035986    0.30925602    0.27992565    0.07395350    0.07631167    0.01212507    0.00000000    0.03705529    0.04349416    0.26800334    0.27273890    0.27909556    0.27590711    0.26959070    0.26061360    0.26300424    0.53689459    0.53192978    0.53578832    0.53689459    0.53966690    0.55057066    0.55329686
T15            0.50137069    0.27630646    0.31558373    0.28596480    0.07403830    0.07869769    0.03924614    0.03705529    0.00000000    0.04776738    0.26134507    0.27236043    0.27869685    0.27551858    0.26922216    0.26026360    0.26266579    0.50409810    0.49943497    0.50313613    0.50880524    0.51156282    0.52155996    0.53415289
T0             0.52536423    0.29250918    0.33309489    0.30248966    0.08069584    0.08308882    0.04790598    0.04349416    0.04776738    0.00000000    0.27393881    0.27551858    0.27551858    0.27869685    0.28189551    0.27273890    0.27514090    0.51631469    0.51156282    0.51532342    0.51631469    0.51910310    0.53916774    0.55209262
T23            0.39579923    0.19626248    0.22453489    0.20467279    0.29866661    0.29820393    0.27479228    0.26800334    0.26134507    0.27393881    0.00000000    0.05182150    0.05617003    0.05399103    0.15206296    0.15188343    0.15669351    0.45202206    0.46081533    0.45989215    0.45639932    0.45898552    0.45037630    0.46175509
T19            0.39704923    0.20363499    0.23802462    0.21209260    0.29445891    0.29402978    0.27950517    0.27273890    0.27236043    0.27551858    0.05182150    0.00000000    0.01214672    0.01010161    0.16137272    0.15380077    0.15863823    0.45898552    0.46785680    0.46692734    0.46340144    0.46340144    0.45731939    0.46880316
T9             0.40487631    0.20925743    0.24403674    0.21209260    0.30106818    0.30061718    0.28596480    0.27909556    0.27869685    0.27551858    0.05617003    0.01214672    0.00000000    0.01010161    0.16658406    0.16414275    0.16903397    0.45026928    0.45898552    0.45809543    0.45460836    0.45460836    0.44856461    0.45989215
T13            0.40094741    0.20084736    0.23504552    0.20643828    0.29775259    0.29731261    0.28272452    0.27590711    0.27551858    0.27869685    0.05399103    0.01010161    0.01010161    0.00000000    0.16397158    0.16153708    0.16641465    0.46340144    0.47235233    0.47140264    0.46785680    0.46785680    0.46175509    0.47331909
T8             0.39059371    0.21550901    0.25707913    0.22421274    0.29688399    0.30972950    0.27950517    0.26959070    0.26922216    0.28189551    0.15206296    0.16137272    0.16658406    0.16397158    0.00000000    0.04963739    0.05391140    0.46159892    0.45722186    0.46072269    0.45288287    0.45552424    0.45549565    0.46249183
T17            0.41096544    0.21522176    0.25667588    0.22390019    0.29402978    0.30683087    0.27035986    0.26061360    0.26026360    0.27273890    0.15188343    0.15380077    0.16414275    0.16153708    0.04963739    0.00000000    0.01007284    0.44513407    0.44088740    0.44431654    0.43667659    0.44351503    0.44338114    0.45202206
T18            0.41757952    0.22041124    0.26211832    0.22914018    0.29646676    0.30594198    0.27273890    0.26300424    0.26266579    0.27514090    0.15669351    0.15863823    0.16903397    0.16641465    0.05391140    0.01007284    0.00000000    0.45373744    0.44941720    0.45288287    0.44513407    0.45204465    0.45202206    0.46081533
T11            0.41282818    0.35347894    0.40161094    0.36068422    0.56502747    0.57717674    0.53802105    0.53689459    0.50409810    0.51631469    0.45202206    0.45898552    0.45026928    0.46340144    0.46159892    0.44513407    0.45373744    0.00000000    0.01214672    0.00805156    0.04343759    0.04982471    0.09252222    0.10653258
T16            0.40883640    0.34991496    0.39769742    0.35706857    0.55974714    0.57181142    0.53303134    0.53192978    0.49943497    0.51156282    0.46081533    0.46785680    0.45898552    0.47235233    0.45722186    0.44088740    0.44941720    0.01214672    0.00000000    0.01212507    0.04776738    0.05419237    0.09963420    0.11381763
T20            0.41213207    0.35298455    0.40094741    0.36016383    0.56374702    0.57587642    0.53689459    0.53578832    0.50313613    0.51532342    0.45989215    0.46692734    0.45809543    0.47140264    0.46072269    0.44431654    0.45288287    0.00805156    0.01212507    0.00000000    0.04338756    0.04977382    0.09239459    0.10638541
T22            0.39836000    0.34030071    0.38738711    0.34735328    0.56502747    0.56650321    0.53802105    0.53689459    0.50880524    0.51631469    0.45639932    0.46340144    0.45460836    0.46785680    0.45288287    0.43667659    0.44513407    0.04343759    0.04776738    0.04338756    0.00000000    0.01007284    0.08809122    0.10202758
T10            0.40094741    0.34286251    0.38996133    0.34991496    0.56776837    0.56929035    0.54077790    0.53966690    0.51156282    0.51910310    0.45898552    0.46340144    0.45460836    0.46785680    0.45552424    0.44351503    0.45204465    0.04982471    0.05419237    0.04977382    0.01007284    0.00000000    0.09488163    0.10653258
T1             0.39257567    0.33475905    0.38165955    0.33475905    0.57990705    0.59230171    0.54663993    0.55057066    0.52155996    0.53916774    0.45037630    0.45731939    0.44856461    0.46175509    0.45549565    0.44338114    0.45202206    0.09252222    0.09963420    0.09239459    0.08809122    0.09488163    0.00000000    0.01210957
T14            0.40695750    0.34786111    0.39579923    0.34786111    0.58260277    0.59504186    0.54935130    0.55329686    0.53415289    0.55209262    0.46175509    0.46880316    0.45989215    0.47331909    0.46249183    0.45202206    0.46081533    0.10653258    0.11381763    0.10638541    0.10202758    0.10653258    0.01210957    0.00000000

