24
T4             0.00000000    0.27130937    0.27130937    0.32310378    0.44126580    0.28925101    0.30472119    0.34342236    0.31801564    0.27354976    0.27354976    0.27396086    0.26612281    0.30351949    0.24842196    0.26685160    0.30117850    0.30404297    0.26929238    0.25981507    0.26022854    0.28127645    0.27803534    0.26802445
T20            0.27130937    0.00000000    0.00000000    0.18278271    0.31093925    0.15098645    0.17628121    0.19707347    0.17185783    0.13905149    0.14407953    0.15412066    0.15864417    0.16856396    0.13620700    0.15098645    0.16351603    0.16596491    0.12485517    0.11012997    0.11022082    0.12925932    0.12436694    0.12184228
T21            0.27130937    0.00000000    0.00000000    0.18278271    0.31093925    0.15098645    0.17628121    0.19707347    0.17185783    0.13905149    0.14407953    0.15412066    0.15864417    0.16856396    0.13620700    0.15098645    0.16351603    0.16596491    0.12485517    0.11012997    0.11022082    0.12925932    0.12436694    0.12184228
T10            0.32310378    0.18278271    0.18278271    0.00000000    0.24005896    0.16875729    0.19350033    0.20134282    0.20111918    0.16099207    0.16632995    0.17416755    0.18127800    0.18650494    0.15766534    0.17855078    0.18955034    0.19205039    0.15117517    0.14080425    0.14102338    0.15858723    0.15070682    0.14789218
T5             0.44126580    0.31093925    0.31093925    0.24005896    0.00000000    0.28755136    0.34289469    0.34640934    0.31801564    0.26410282    0.27354976    0.29492468    0.27723182    0.32193107    0.28755136    0.30640728    0.29733786    0.30020320    0.27716030    0.26448390    0.26487550    0.28274783    0.27632838    0.25483158
T0             0.28925101    0.15098645    0.15098645    0.16875729    0.28755136    0.00000000    0.11282472    0.14185805    0.17069418    0.13261360    0.13765461    0.14768498    0.14949661    0.16756770    0.12499688    0.14986735    0.16471471    0.16715126    0.13064469    0.12068806    0.12085617    0.13784346    0.12530369    0.13011209
T23            0.30472119    0.17628121    0.17628121    0.19350033    0.34289469    0.11282472    0.00000000    0.13933766    0.20441087    0.16189808    0.16715126    0.17760270    0.18214617    0.19006647    0.15140021    0.17946315    0.18714688    0.18966074    0.16513408    0.14949661    0.15225697    0.17000978    0.15687608    0.16451775
T6             0.34342236    0.19707347    0.19707347    0.20134282    0.34640934    0.14185805    0.13933766    0.00000000    0.17927602    0.16414944    0.16414944    0.17451232    0.18714688    0.17628121    0.15594448    0.17679450    0.20877380    0.21135193    0.16735521    0.15429036    0.15446841    0.17000978    0.15911737    0.17738747
T3             0.31801564    0.17185783    0.17185783    0.20111918    0.31801564    0.17069418    0.20441087    0.17927602    0.00000000    0.09949258    0.10427970    0.10895264    0.12546874    0.12778654    0.10599136    0.12022968    0.18650494    0.18899840    0.13845741    0.13336475    0.13357205    0.13845741    0.13083780    0.14038972
T12            0.27354976    0.13905149    0.13905149    0.16099207    0.26410282    0.13261360    0.16189808    0.16414944    0.09949258    0.00000000    0.00806489    0.04554361    0.06061234    0.09429033    0.06271294    0.07374246    0.14492002    0.14729490    0.10685267    0.09725511    0.09740131    0.10928121    0.10203079    0.10398934
T17            0.27354976    0.14407953    0.14407953    0.16632995    0.27354976    0.13765461    0.16715126    0.16414944    0.10427970    0.00806489    0.00000000    0.04988293    0.06504808    0.09898711    0.06714862    0.07825845    0.15006501    0.15245315    0.10685267    0.09725511    0.09740131    0.10928121    0.10203079    0.10879949
T18            0.27396086    0.15412066    0.15412066    0.17416755    0.29492468    0.14768498    0.17760270    0.17451232    0.10895264    0.04554361    0.04988293    0.00000000    0.05213588    0.10123863    0.07155840    0.08273840    0.16029202    0.16270888    0.12140615    0.11154768    0.11172164    0.12390154    0.11645255    0.11839168
T19            0.26612281    0.15864417    0.15864417    0.18127800    0.27723182    0.14949661    0.18214617    0.18714688    0.12546874    0.06061234    0.06504808    0.05213588    0.00000000    0.11271275    0.08260544    0.09859990    0.16471471    0.16715126    0.12564152    0.11578333    0.11593932    0.12813683    0.12068806    0.12268198
T22            0.30351949    0.16856396    0.16856396    0.18650494    0.32193107    0.16756770    0.19006647    0.17628121    0.12778654    0.09429033    0.09898711    0.10123863    0.11271275    0.00000000    0.07803398    0.08254985    0.16676908    0.16921741    0.13512774    0.12514640    0.12530369    0.13261360    0.13011209    0.13462804
T14            0.24842196    0.13620700    0.13620700    0.15766534    0.28755136    0.12499688    0.15140021    0.15594448    0.10599136    0.06271294    0.06714862    0.07155840    0.08260544    0.07803398    0.00000000    0.06259644    0.13933766    0.14170453    0.10879949    0.09686005    0.09698445    0.11334894    0.10611631    0.10360933
T7             0.26685160    0.15098645    0.15098645    0.17855078    0.30640728    0.14986735    0.17946315    0.17679450    0.12022968    0.07374246    0.07825845    0.08273840    0.09859990    0.08254985    0.06259644    0.00000000    0.15429036    0.15669967    0.12564152    0.10851555    0.10865378    0.13028181    0.12283315    0.11778939
T13            0.30117850    0.16351603    0.16351603    0.18955034    0.29733786    0.16471471    0.18714688    0.20877380    0.18650494    0.14492002    0.15006501    0.16029202    0.16471471    0.16676908    0.13933766    0.15429036    0.00000000    0.00200301    0.08519988    0.07380621    0.07387703    0.08963739    0.08273840    0.09674295
T8             0.30404297    0.16596491    0.16596491    0.19205039    0.30020320    0.16715126    0.18966074    0.21135193    0.18899840    0.14729490    0.15245315    0.16270888    0.16715126    0.16921741    0.14170453    0.15669967    0.00200301    0.00000000    0.08741503    0.07599534    0.07606421    0.09186700    0.08495211    0.09898711
T15            0.26929238    0.12485517    0.12485517    0.15117517    0.27716030    0.13064469    0.16513408    0.16735521    0.13845741    0.10685267    0.10685267    0.12140615    0.12564152    0.13512774    0.10879949    0.12564152    0.08519988    0.08741503    0.00000000    0.03073436    0.03077640    0.04128715    0.03701291    0.06089942
T9             0.25981507    0.11012997    0.11012997    0.14080425    0.26448390    0.12068806    0.14949661    0.15429036    0.13336475    0.09725511    0.09725511    0.11154768    0.11578333    0.12514640    0.09686005    0.10851555    0.07380621    0.07599534    0.03073436    0.00000000    0.00401106    0.02653213    0.02029446    0.04988293
T2             0.26022854    0.11022082    0.11022082    0.14102338    0.26487550    0.12085617    0.15225697    0.15446841    0.13357205    0.09740131    0.09740131    0.11172164    0.11593932    0.12530369    0.09698445    0.10865378    0.07387703    0.07606421    0.03077640    0.00401106    0.00000000    0.02656526    0.02031452    0.04994717
T16            0.28127645    0.12925932    0.12925932    0.15858723    0.28274783    0.13784346    0.17000978    0.17000978    0.13845741    0.10928121    0.10928121    0.12390154    0.12813683    0.13261360    0.11334894    0.13028181    0.08963739    0.09186700    0.04128715    0.02653213    0.02656526    0.00000000    0.01827027    0.06519790
T11            0.27803534    0.12436694    0.12436694    0.15070682    0.27632838    0.12530369    0.15687608    0.15911737    0.13083780    0.10203079    0.10203079    0.11645255    0.12068806    0.13011209    0.10611631    0.12283315    0.08273840    0.08495211    0.03701291    0.02029446    0.02031452    0.01827027    0.00000000    0.05852932
T1             0.26802445    0.12184228    0.12184228    0.14789218    0.25483158    0.13011209    0.16451775    0.17738747    0.14038972    0.10398934    0.10879949    0.11839168    0.12268198    0.13462804    0.10360933    0.11778939    0.09674295    0.09898711    0.06089942    0.04988293    0.04994717    0.06519790    0.05852932    0.00000000

