24
T1             0.00000000    0.33930912    0.33976423    0.34279587    0.28845192    0.27963183    0.27963183    0.28244812    0.38985942    0.39048883    0.13259736    0.30867769    0.17510955    0.17183534    0.18595393    0.19452149    0.21125071    0.22483045    0.20837584    0.14947799    0.15723233    0.17202652    0.16693365    0.15964506
T12            0.33930912    0.00000000    0.00200301    0.00401207    0.17042997    0.16290660    0.16290660    0.16799079    0.23205033    0.22941695    0.30606017    0.44444477    0.36080754    0.35683459    0.34410238    0.37576257    0.35373541    0.36663460    0.35023655    0.32899262    0.34279587    0.35107581    0.34800407    0.33976423
T17            0.33976423    0.00200301    0.00000000    0.00200301    0.17020292    0.16268393    0.16268393    0.16776239    0.23174225    0.22910778    0.30641367    0.44511605    0.36125802    0.35725895    0.34451738    0.37627948    0.35416074    0.36706971    0.35064956    0.32941204    0.34326320    0.35151527    0.34844430    0.34023203
T16            0.34279587    0.00401207    0.00200301    0.00000000    0.17265195    0.16510899    0.16510899    0.17020292    0.23438651    0.23174225    0.30606017    0.44858107    0.36438152    0.36037059    0.34757693    0.37945550    0.35725895    0.37022137    0.35373541    0.33240783    0.34630713    0.35459939    0.35151527    0.34326320
T20            0.28845192    0.17042997    0.17020292    0.17265195    0.00000000    0.02029419    0.02029419    0.02855407    0.17877676    0.17631699    0.27997299    0.39662126    0.30933004    0.31225838    0.29958398    0.31966747    0.28687824    0.29865765    0.28375168    0.26663050    0.28527559    0.30606017    0.29350255    0.27617516
T0             0.27963183    0.16290660    0.16268393    0.16510899    0.02029419    0.00000000    0.00000000    0.00804335    0.16579812    0.16337695    0.27124914    0.38637981    0.30677906    0.30315446    0.29703292    0.32049875    0.28747337    0.29926337    0.28432709    0.25807938    0.27649537    0.29703292    0.28463190    0.27059278
T8             0.27963183    0.16290660    0.16268393    0.16510899    0.02029419    0.00000000    0.00000000    0.00804335    0.16579812    0.16337695    0.27124914    0.38637981    0.30677906    0.30315446    0.29703292    0.32049875    0.28747337    0.29926337    0.28432709    0.25807938    0.27649537    0.29703292    0.28463190    0.27059278
T2             0.28244812    0.16799079    0.16776239    0.17020292    0.02855407    0.00804335    0.00804335    0.00000000    0.17580826    0.17335465    0.28032523    0.39718002    0.31299660    0.30933004    0.30315446    0.32686122    0.29350255    0.30538899    0.29032627    0.26691104    0.28561440    0.30641367    0.29382603    0.27963183
T7             0.38985942    0.23205033    0.23174225    0.23438651    0.17877676    0.16579812    0.16579812    0.17580826    0.00000000    0.00200301    0.35550314    0.45206253    0.39070103    0.37525954    0.36581229    0.39509416    0.38805589    0.40548224    0.38427914    0.34936392    0.36008651    0.37209674    0.36172201    0.36683391
T19            0.39048883    0.22941695    0.22910778    0.23174225    0.17631699    0.16337695    0.16337695    0.17335465    0.00200301    0.00000000    0.35606030    0.45275191    0.39127409    0.37576257    0.36631634    0.39569619    0.38864293    0.40610019    0.38485182    0.34984326    0.36060440    0.37260013    0.36219948    0.36736498
T10            0.13259736    0.30606017    0.30641367    0.30606017    0.27997299    0.27124914    0.27124914    0.28032523    0.35550314    0.35606030    0.00000000    0.25443352    0.16510899    0.15668071    0.15463415    0.15004368    0.16776239    0.18050230    0.16510899    0.14200308    0.13947717    0.15651359    0.15410268    0.15204942
T11            0.30867769    0.44444477    0.44511605    0.44858107    0.39662126    0.38637981    0.38637981    0.39718002    0.45206253    0.45275191    0.25443352    0.00000000    0.29725521    0.29927913    0.30055766    0.31791179    0.31259914    0.32726392    0.30918371    0.28387505    0.28387505    0.30794628    0.30504561    0.31642877
T18            0.17510955    0.36080754    0.36125802    0.36438152    0.30933004    0.30677906    0.30677906    0.31299660    0.39070103    0.39127409    0.16510899    0.29725521    0.00000000    0.04565743    0.09897908    0.11077922    0.11577063    0.12760853    0.11333700    0.17963424    0.18232330    0.19215798    0.18693160    0.18752834
T13            0.17183534    0.35683459    0.35725895    0.36037059    0.31225838    0.30315446    0.30315446    0.30933004    0.37525954    0.37576257    0.15668071    0.29927913    0.04565743    0.00000000    0.09867898    0.10565391    0.12021752    0.13211888    0.11777795    0.17115784    0.16854616    0.18095651    0.18109576    0.18424257
T14            0.18595393    0.34410238    0.34451738    0.34757693    0.29958398    0.29703292    0.29703292    0.30315446    0.36581229    0.36631634    0.15463415    0.30055766    0.09897908    0.09867898    0.00000000    0.05621365    0.06288850    0.07387295    0.06067096    0.17695958    0.17963424    0.18675079    0.18424257    0.18481739
T4             0.19452149    0.37576257    0.37627948    0.37945550    0.31966747    0.32049875    0.32049875    0.32686122    0.39509416    0.39569619    0.15004368    0.31791179    0.11077922    0.10565391    0.05621365    0.00000000    0.07195169    0.08308442    0.06968893    0.18797114    0.18524537    0.19508667    0.19255815    0.19047848
T6             0.21125071    0.35373541    0.35416074    0.35725895    0.28687824    0.28747337    0.28747337    0.29350255    0.38805589    0.38864293    0.16776239    0.31259914    0.11577063    0.12021752    0.06288850    0.07195169    0.00000000    0.01822284    0.00200402    0.19876906    0.19876906    0.20874000    0.20059833    0.20976265
T9             0.22483045    0.36663460    0.36706971    0.37022137    0.29865765    0.29926337    0.29926337    0.30538899    0.40548224    0.40610019    0.18050230    0.32726392    0.12760853    0.13211888    0.07387295    0.08308442    0.01822284    0.00000000    0.01617362    0.20641454    0.20641454    0.21650231    0.20828518    0.22038276
T15            0.20837584    0.35023655    0.35064956    0.35373541    0.28375168    0.28432709    0.28432709    0.29032627    0.38427914    0.38485182    0.16510899    0.30918371    0.11333700    0.11777795    0.06067096    0.06968893    0.00200402    0.01617362    0.00000000    0.19599021    0.19599021    0.20593781    0.19783490    0.20692862
T21            0.14947799    0.32899262    0.32941204    0.33240783    0.26663050    0.25807938    0.25807938    0.26691104    0.34936392    0.34984326    0.14200308    0.28387505    0.17963424    0.17115784    0.17695958    0.18797114    0.19876906    0.20641454    0.19599021    0.00000000    0.01826991    0.05621365    0.05189798    0.06060970
T23            0.15723233    0.34279587    0.34326320    0.34630713    0.28527559    0.27649537    0.27649537    0.28561440    0.36008651    0.36060440    0.13947717    0.28387505    0.18232330    0.16854616    0.17963424    0.18524537    0.19876906    0.20641454    0.19599021    0.01826991    0.00000000    0.05403005    0.04972861    0.06282232
T3             0.17202652    0.35107581    0.35151527    0.35459939    0.30606017    0.29703292    0.29703292    0.30641367    0.37209674    0.37260013    0.15651359    0.30794628    0.19215798    0.18095651    0.18675079    0.19508667    0.20874000    0.21650231    0.20593781    0.05621365    0.05403005    0.00000000    0.02031416    0.07606010
T22            0.16693365    0.34800407    0.34844430    0.35151527    0.29350255    0.28463190    0.28463190    0.29382603    0.36172201    0.36219948    0.15410268    0.30504561    0.18693160    0.18109576    0.18424257    0.19255815    0.20059833    0.20828518    0.19783490    0.05189798    0.04972861    0.02031416    0.00000000    0.06714561
T5             0.15964506    0.33976423    0.34023203    0.34326320    0.27617516    0.27059278    0.27059278    0.27963183    0.36683391    0.36736498    0.15204942    0.31642877    0.18752834    0.18424257    0.18481739    0.19047848    0.20976265    0.22038276    0.20692862    0.06060970    0.06282232    0.07606010    0.06714561    0.00000000

