24
T12            0.00000000    0.37291363    0.37425407    0.39829176    0.52360039    0.52742001    0.49100533    0.49100533    0.49100533    0.41358241    0.41358241    0.44070276    0.45132631    0.45199837    0.43382720    0.41971066    0.42817787    0.42878243    0.48186256    0.38336967    0.36932784    0.37472882    0.37109077    0.38528912
T21            0.37291363    0.00000000    0.03280749    0.12936537    0.22355142    0.23499369    0.20640241    0.21205359    0.17906732    0.15835007    0.15835007    0.23227484    0.20292349    0.20548718    0.19161705    0.17610085    0.17362108    0.17377530    0.47464096    0.37334644    0.35950040    0.36389319    0.37205531    0.37156614
T3             0.37425407    0.03280749    0.00000000    0.12977760    0.22155956    0.23301628    0.20718683    0.21288640    0.17962531    0.15619820    0.15619820    0.23008634    0.20081443    0.20336559    0.18943746    0.16868804    0.17147121    0.17164486    0.46254035    0.36747902    0.35369923    0.35456250    0.36627562    0.36216025
T13            0.39829176    0.12936537    0.12977760    0.00000000    0.25513693    0.27054514    0.24278625    0.24892343    0.22481449    0.16674017    0.16674017    0.23910943    0.20384491    0.20640241    0.19827250    0.18480794    0.18231404    0.18252498    0.49100533    0.37623650    0.36216025    0.36679271    0.36056431    0.37470715
T9             0.52360039    0.22355142    0.22155956    0.25513693    0.00000000    0.02245609    0.06117925    0.06117925    0.13781867    0.21348834    0.21348834    0.29197138    0.25700812    0.25972325    0.25005982    0.23301628    0.22448440    0.22481449    0.59103881    0.50844512    0.49100533    0.49274107    0.50381602    0.49363608
T0             0.52742001    0.23499369    0.23301628    0.27054514    0.02245609    0.00000000    0.07468518    0.07930467    0.15305909    0.22776525    0.22776525    0.31495834    0.27884114    0.28162764    0.26518434    0.24774539    0.23900626    0.23937109    0.62302521    0.54107192    0.52260830    0.52461200    0.53655507    0.52564314
T15            0.49100533    0.20640241    0.20718683    0.24278625    0.06117925    0.07468518    0.00000000    0.00806474    0.12528464    0.19094351    0.19094351    0.26952340    0.23267919    0.23532009    0.22616738    0.20974967    0.20436124    0.20463322    0.56483011    0.49016460    0.47329192    0.47486911    0.48545116    0.48011174
T7             0.49100533    0.21205359    0.21288640    0.24892343    0.06117925    0.07930467    0.00806474    0.00000000    0.13026058    0.19370660    0.19370660    0.26639732    0.22971971    0.23235183    0.22909220    0.21259943    0.20718683    0.20746682    0.58038979    0.49922125    0.48207013    0.48372518    0.49454921    0.48908717
T8             0.49100533    0.17906732    0.17962531    0.22481449    0.13781867    0.15305909    0.12528464    0.13026058    0.00000000    0.16639452    0.16639452    0.23857113    0.20336559    0.20592603    0.19196183    0.18173450    0.18191877    0.18211196    0.58038979    0.48410952    0.47178431    0.46040720    0.48821279    0.48735632
T6             0.41358241    0.15835007    0.15619820    0.16674017    0.21348834    0.22776525    0.19094351    0.19370660    0.16639452    0.00000000    0.00401610    0.08060445    0.04994385    0.05206347    0.03701144    0.02447218    0.02450707    0.02245609    0.50920840    0.41864222    0.40383411    0.40102527    0.40203747    0.40916149
T17            0.41358241    0.15835007    0.15619820    0.16674017    0.21348834    0.22776525    0.19094351    0.19370660    0.16639452    0.00401610    0.00000000    0.08060445    0.04994385    0.05206347    0.03701144    0.02447218    0.02450707    0.02245609    0.50023342    0.41094590    0.39633981    0.39353092    0.39448644    0.40152391
T1             0.44070276    0.23227484    0.23008634    0.23910943    0.29197138    0.31495834    0.26952340    0.26639732    0.23857113    0.08060445    0.08060445    0.00000000    0.03694582    0.03904150    0.07155372    0.06282127    0.08502060    0.08280895    0.59243208    0.49073813    0.48275311    0.46288775    0.47683632    0.48045432
T19            0.45132631    0.20292349    0.20081443    0.20384491    0.25700812    0.27884114    0.23267919    0.22971971    0.20336559    0.04994385    0.04994385    0.03694582    0.00000000    0.00200301    0.04128515    0.03289374    0.05859533    0.05645939    0.55777866    0.45641758    0.44880464    0.43782942    0.45132631    0.45482280
T10            0.45199837    0.20548718    0.20336559    0.20640241    0.25972325    0.28162764    0.23532009    0.23235183    0.20592603    0.05206347    0.05206347    0.03904150    0.00200301    0.00000000    0.04338599    0.03497066    0.06073799    0.05859533    0.56178797    0.45994678    0.45229994    0.44127515    0.45482280    0.45833605
T4             0.43382720    0.19161705    0.18943746    0.19827250    0.25005982    0.26518434    0.22616738    0.22909220    0.19196183    0.03701144    0.03701144    0.07155372    0.04128515    0.04338599    0.00000000    0.01824788    0.04549338    0.04338599    0.54801447    0.44821597    0.43273017    0.42200937    0.43098654    0.43841827
T18            0.41971066    0.17610085    0.16868804    0.18480794    0.23301628    0.24774539    0.20974967    0.21259943    0.18173450    0.02447218    0.02447218    0.06282127    0.03289374    0.03497066    0.01824788    0.00000000    0.03280749    0.03073317    0.52984444    0.43670056    0.42149922    0.41864222    0.41971066    0.42701610
T14            0.42817787    0.17362108    0.17147121    0.18231404    0.22448440    0.23900626    0.20436124    0.20718683    0.18191877    0.02450707    0.02450707    0.08502060    0.05859533    0.06073799    0.04549338    0.03280749    0.00000000    0.00200301    0.53538915    0.44127515    0.42591767    0.42307697    0.42420740    0.43157538
T20            0.42878243    0.17377530    0.17164486    0.18252498    0.22481449    0.23937109    0.20463322    0.20746682    0.18211196    0.02245609    0.02245609    0.08280895    0.05645939    0.05859533    0.04338599    0.03073317    0.00200301    0.00000000    0.53151298    0.43782942    0.42253530    0.41971066    0.42084135    0.42817787
T2             0.48186256    0.47464096    0.46254035    0.49100533    0.59103881    0.62302521    0.56483011    0.58038979    0.58038979    0.50920840    0.50023342    0.59243208    0.55777866    0.56178797    0.54801447    0.52984444    0.53538915    0.53151298    0.00000000    0.20550410    0.19675157    0.20012920    0.19228779    0.19479523
T11            0.38336967    0.37334644    0.36747902    0.37623650    0.50844512    0.54107192    0.49016460    0.49922125    0.48410952    0.41864222    0.41094590    0.49073813    0.45641758    0.45994678    0.44821597    0.43670056    0.44127515    0.43782942    0.20550410    0.00000000    0.01210018    0.07161908    0.06727596    0.07169142
T5             0.36932784    0.35950040    0.35369923    0.36216025    0.49100533    0.52260830    0.47329192    0.48207013    0.47178431    0.40383411    0.39633981    0.48275311    0.44880464    0.45229994    0.43273017    0.42149922    0.42591767    0.42253530    0.19675157    0.01210018    0.00000000    0.06276198    0.06288741    0.06727596
T23            0.37472882    0.36389319    0.35456250    0.36679271    0.49274107    0.52461200    0.47486911    0.48372518    0.46040720    0.40102527    0.39353092    0.46288775    0.43782942    0.44127515    0.42200937    0.41864222    0.42307697    0.41971066    0.20012920    0.07161908    0.06276198    0.00000000    0.04765332    0.04554127
T22            0.37109077    0.37205531    0.36627562    0.36056431    0.50381602    0.53655507    0.48545116    0.49454921    0.48821279    0.40203747    0.39448644    0.47683632    0.45132631    0.45482280    0.43098654    0.41971066    0.42420740    0.42084135    0.19228779    0.06727596    0.06288741    0.04765332    0.00000000    0.03069771
T16            0.38528912    0.37156614    0.36216025    0.37470715    0.49363608    0.52564314    0.48011174    0.48908717    0.48735632    0.40916149    0.40152391    0.48045432    0.45482280    0.45833605    0.43841827    0.42701610    0.43157538    0.42817787    0.19479523    0.07169142    0.06727596    0.04554127    0.03069771    0.00000000

