24
T9             0.00000000    0.29015546    0.25980557    0.25980557    0.25980557    0.25980557    0.25246622    0.27993772    0.25553732    0.26761301    0.26447428    0.25448109    0.27524752    0.26819032    0.24036756    0.26647225    0.24873689    0.26267496    0.24036756    0.24303953    0.24005128    0.18549789    0.16979503    0.25128453
T8             0.29015546    0.00000000    0.16390711    0.15909379    0.15909379    0.18238990    0.21852511    0.22446680    0.22967462    0.21161776    0.21451935    0.21097339    0.21558061    0.26336296    0.24707938    0.27437209    0.25482281    0.26576493    0.24941392    0.24672473    0.23241120    0.22331079    0.21870562    0.33729883
T13            0.25980557    0.16390711    0.00000000    0.01617468    0.01617468    0.05859912    0.16686277    0.17444117    0.15883467    0.16390711    0.16390711    0.16074691    0.16743261    0.21468178    0.19652679    0.22161556    0.20159385    0.22564572    0.20723278    0.20979594    0.19854962    0.19098184    0.18598139    0.29547008
T7             0.25980557    0.15909379    0.01617468    0.00000000    0.00401613    0.05859912    0.16417235    0.17444117    0.15883467    0.16123831    0.16390711    0.16074691    0.16472755    0.20901097    0.19652679    0.22161556    0.20669751    0.22564572    0.20723278    0.20979594    0.19854962    0.19098184    0.18598139    0.29884245
T10            0.25980557    0.15909379    0.01617468    0.00401613    0.00000000    0.05419278    0.16417235    0.17444117    0.15883467    0.16390711    0.16390711    0.16074691    0.16472755    0.20901097    0.19098184    0.21581257    0.20109038    0.21987658    0.20159385    0.20414107    0.19302018    0.19098184    0.18052735    0.29884245
T16            0.25980557    0.18238990    0.05859912    0.05859912    0.05419278    0.00000000    0.18269052    0.19043910    0.17992555    0.17963259    0.17963259    0.17634524    0.18331748    0.22275281    0.19601799    0.22099756    0.20619957    0.22510990    0.20669751    0.20926323    0.19808015    0.19601799    0.19098184    0.28781062
T14            0.25246622    0.21852511    0.16686277    0.16417235    0.16417235    0.18269052    0.00000000    0.04765542    0.10668905    0.10624728    0.10624728    0.09887795    0.10638713    0.23649611    0.20185939    0.23307943    0.22070290    0.22537291    0.20926323    0.22331079    0.21183831    0.19073832    0.20185939    0.29728477
T5             0.27993772    0.22446680    0.17444117    0.17444117    0.17444117    0.19043910    0.04765542    0.00000000    0.11122043    0.11563321    0.11320486    0.11053786    0.12315662    0.24183974    0.20979594    0.24137646    0.22884664    0.22198882    0.21495026    0.22564572    0.21417343    0.20696049    0.21551567    0.33073633
T20            0.25553732    0.22967462    0.15883467    0.15883467    0.15883467    0.17992555    0.10668905    0.11122043    0.00000000    0.06537451    0.06989064    0.06744014    0.07456757    0.22485671    0.19349542    0.21551567    0.20926323    0.23064244    0.21495026    0.21183831    0.20062388    0.19349542    0.20467885    0.31086654
T1             0.26761301    0.21161776    0.16390711    0.16123831    0.16390711    0.17963259    0.10624728    0.11563321    0.06537451    0.00000000    0.04139734    0.03488931    0.04580165    0.23621882    0.20669751    0.23505347    0.21987658    0.23329203    0.21754156    0.22884664    0.21727441    0.21007633    0.20723278    0.33854940
T11            0.26447428    0.21451935    0.16390711    0.16390711    0.16390711    0.17963259    0.10624728    0.11320486    0.06989064    0.04139734    0.00000000    0.02653204    0.04146229    0.23621882    0.19831029    0.22622064    0.21134613    0.23329203    0.21754156    0.22014238    0.20876814    0.20723278    0.20440534    0.32777656
T12            0.25448109    0.21097339    0.16074691    0.16074691    0.16074691    0.17634524    0.09887795    0.11053786    0.06744014    0.03488931    0.02653204    0.00000000    0.03492751    0.22989208    0.19785924    0.22564572    0.21089208    0.22415640    0.21134613    0.21962045    0.20831089    0.20109038    0.19831029    0.31959820
T17            0.27524752    0.21558061    0.16743261    0.16472755    0.16472755    0.18331748    0.10638713    0.12315662    0.07456757    0.04580165    0.04146229    0.03492751    0.00000000    0.24303953    0.21036606    0.23307943    0.22360430    0.24005128    0.21840034    0.23274043    0.22099756    0.21097339    0.20810523    0.33323001
T6             0.26819032    0.26336296    0.21468178    0.20901097    0.20901097    0.22275281    0.23649611    0.24183974    0.22485671    0.23621882    0.23621882    0.22989208    0.24303953    0.00000000    0.11307001    0.13965373    0.12746532    0.13407142    0.12253666    0.11730846    0.11251033    0.21393361    0.19725218    0.31265401
T22            0.24036756    0.24707938    0.19652679    0.19652679    0.19098184    0.19601799    0.20185939    0.20979594    0.19349542    0.20669751    0.19831029    0.19785924    0.21036606    0.11307001    0.00000000    0.04776773    0.04994684    0.09663203    0.08562971    0.07631249    0.06728028    0.17985990    0.17185406    0.27353940
T23            0.26647225    0.27437209    0.22161556    0.22161556    0.21581257    0.22099756    0.23307943    0.24137646    0.21551567    0.23505347    0.22622064    0.22564572    0.23307943    0.13965373    0.04776773    0.00000000    0.06960460    0.12253666    0.11122043    0.09698323    0.08972970    0.20133751    0.20085249    0.30537968
T15            0.24873689    0.25482281    0.20159385    0.20669751    0.20109038    0.20619957    0.22070290    0.22884664    0.20926323    0.21987658    0.21134613    0.21089208    0.22360430    0.12746532    0.04994684    0.06960460    0.00000000    0.10094144    0.08983026    0.08741409    0.07825770    0.17117291    0.17909372    0.28471805
T4             0.26267496    0.26576493    0.22564572    0.22564572    0.21987658    0.22510990    0.22537291    0.22198882    0.23064244    0.23329203    0.23329203    0.22415640    0.24005128    0.13407142    0.09663203    0.12253666    0.10094144    0.00000000    0.05859912    0.08495123    0.08039412    0.20275088    0.18911619    0.30263941
T18            0.24036756    0.24941392    0.20723278    0.20723278    0.20159385    0.20669751    0.20926323    0.21495026    0.21495026    0.21754156    0.21754156    0.21134613    0.21840034    0.12253666    0.08562971    0.11122043    0.08983026    0.05859912    0.00000000    0.07631249    0.06728028    0.19302018    0.17679052    0.27274963
T21            0.24303953    0.24672473    0.20979594    0.20979594    0.20414107    0.20926323    0.22331079    0.22564572    0.21183831    0.22884664    0.22014238    0.21962045    0.23274043    0.11730846    0.07631249    0.09698323    0.08741409    0.08495123    0.07631249    0.00000000    0.02029441    0.19006182    0.18194759    0.28923926
T2             0.24005128    0.23241120    0.19854962    0.19854962    0.19302018    0.19808015    0.21183831    0.21417343    0.20062388    0.21727441    0.20876814    0.20831089    0.22099756    0.11251033    0.06728028    0.08972970    0.07825770    0.08039412    0.06728028    0.02029441    0.00000000    0.17927192    0.16641785    0.27631784
T0             0.18549789    0.22331079    0.19098184    0.19098184    0.19098184    0.19601799    0.19073832    0.20696049    0.19349542    0.21007633    0.20723278    0.20109038    0.21097339    0.21393361    0.17985990    0.20133751    0.17117291    0.20275088    0.19302018    0.19006182    0.17927192    0.00000000    0.11983901    0.22454258
T19            0.16979503    0.21870562    0.18598139    0.18598139    0.18052735    0.19098184    0.20185939    0.21551567    0.20467885    0.20723278    0.20440534    0.19831029    0.20810523    0.19725218    0.17185406    0.20085249    0.17909372    0.18911619    0.17679052    0.18194759    0.16641785    0.11983901    0.00000000    0.21354149
T3             0.25128453    0.33729883    0.29547008    0.29884245    0.29884245    0.28781062    0.29728477    0.33073633    0.31086654    0.33854940    0.32777656    0.31959820    0.33323001    0.31265401    0.27353940    0.30537968    0.28471805    0.30263941    0.27274963    0.28923926    0.27631784    0.22454258    0.21354149    0.00000000

