24
T20            0.00000000    0.23637172    0.24776022    0.24167801    0.22449605    0.22710893    0.24546755    0.24399198    0.20747623    0.20776586    0.18620505    0.18796778    0.21062421    0.21491234    0.17943563    0.18275122    0.20155976    0.18820275    0.19676017    0.20155976    0.20922822    0.18896091    0.18673933    0.17556428
T8             0.23637172    0.00000000    0.07661845    0.07661845    0.07205152    0.07215854    0.24443729    0.24893990    0.20492377    0.20521447    0.17556428    0.19371445    0.22189269    0.20666281    0.18774174    0.19120245    0.21777885    0.20975868    0.21639048    0.20975868    0.23269136    0.20551431    0.19822912    0.24434593
T21            0.24776022    0.07661845    0.00000000    0.02862801    0.08330194    0.08342152    0.25602987    0.26057334    0.21289624    0.21319297    0.18595107    0.20436985    0.22710893    0.21750330    0.19598659    0.19676017    0.22066191    0.21547538    0.22812668    0.22417503    0.24167801    0.20837269    0.20107127    0.26206454
T22            0.24167801    0.07661845    0.02862801    0.00000000    0.08330194    0.08342152    0.24667844    0.25122204    0.21289624    0.20747623    0.18595107    0.19876540    0.22125828    0.21180298    0.19047493    0.19120245    0.21491234    0.20692468    0.22222411    0.22125828    0.23566898    0.20267220    0.19540306    0.24971172
T14            0.22449605    0.07205152    0.08330194    0.08330194    0.00000000    0.00401105    0.23525769    0.24280154    0.20776586    0.21093125    0.17826793    0.18820275    0.21607607    0.19276798    0.19322315    0.19397358    0.22066191    0.21260885    0.22516667    0.22417503    0.23866445    0.20837269    0.19822912    0.24738700
T2             0.22710893    0.07215854    0.08342152    0.08342152    0.00401105    0.00000000    0.23871332    0.24626492    0.21032642    0.21349902    0.18073855    0.19070848    0.21866246    0.18982831    0.19851793    0.19371445    0.22617768    0.21806391    0.23074665    0.22973139    0.24132327    0.21381437    0.19791747    0.25007415
T11            0.24546755    0.24443729    0.25602987    0.24667844    0.23525769    0.23871332    0.00000000    0.04994447    0.16268185    0.15502802    0.21260443    0.19649328    0.21897591    0.23269136    0.20209776    0.20297303    0.23831879    0.21835846    0.23110434    0.24508374    0.24776022    0.22587528    0.21847246    0.22710893
T5             0.24399198    0.24893990    0.26057334    0.25122204    0.24280154    0.24626492    0.04994447    0.00000000    0.15153537    0.14913953    0.19201017    0.17963081    0.20692468    0.20897703    0.18731652    0.18796778    0.23408389    0.20922822    0.21233082    0.21723730    0.22271386    0.21289624    0.20837269    0.22941232
T19            0.20747623    0.20492377    0.21289624    0.21289624    0.20776586    0.21032642    0.16268185    0.15153537    0.00000000    0.04783144    0.15463203    0.14913953    0.17735856    0.16364038    0.15877297    0.16187446    0.17695617    0.16152140    0.18026918    0.17164950    0.19574684    0.17264938    0.17360387    0.20948877
T12            0.20776586    0.20521447    0.21319297    0.20747623    0.21093125    0.21349902    0.15502802    0.14913953    0.04783144    0.00000000    0.16004944    0.15703784    0.18570589    0.17429579    0.15635203    0.15945196    0.18752464    0.16656743    0.19424166    0.19346430    0.20155976    0.17556428    0.16847095    0.21835846
T6             0.18620505    0.17556428    0.18595107    0.18595107    0.17826793    0.18073855    0.21260443    0.19201017    0.15463203    0.16004944    0.00000000    0.12745217    0.15004195    0.12963523    0.14659435    0.14965643    0.18004761    0.16187446    0.17580592    0.16712540    0.16732849    0.16026527    0.15329292    0.18923130
T1             0.18796778    0.19371445    0.20436985    0.19876540    0.18820275    0.19070848    0.19649328    0.17963081    0.14913953    0.15703784    0.12745217    0.00000000    0.04330630    0.13158984    0.15109829    0.15153537    0.19276798    0.18231984    0.18298014    0.18502343    0.18524205    0.17533124    0.17090749    0.20436985
T10            0.21062421    0.22189269    0.22710893    0.22125828    0.21607607    0.21866246    0.21897591    0.20692468    0.17735856    0.18570589    0.15004195    0.04330630    0.00000000    0.16187446    0.17164950    0.17222351    0.20692468    0.19623541    0.18595107    0.19902198    0.20719583    0.19703606    0.19040064    0.21607607
T0             0.21491234    0.20666281    0.21750330    0.21180298    0.19276798    0.18982831    0.23269136    0.20897703    0.16364038    0.17429579    0.12963523    0.13158984    0.16187446    0.00000000    0.15338110    0.14869694    0.18731652    0.17695617    0.19025036    0.18423832    0.17943563    0.16919286    0.15426913    0.20385274
T16            0.17943563    0.18774174    0.19598659    0.19047493    0.19322315    0.19851793    0.20209776    0.18731652    0.15877297    0.15635203    0.14659435    0.15109829    0.17164950    0.15338110    0.00000000    0.02447233    0.10760438    0.09838170    0.11740717    0.10996322    0.12892880    0.11021151    0.10825115    0.16581015
T4             0.18275122    0.19120245    0.19676017    0.19120245    0.19397358    0.19371445    0.20297303    0.18796778    0.16187446    0.15945196    0.14965643    0.15153537    0.17222351    0.14869694    0.02447233    0.00000000    0.11480099    0.10547137    0.12238983    0.11480099    0.13170970    0.11293306    0.10623741    0.16885015
T9             0.20155976    0.21777885    0.22066191    0.21491234    0.22066191    0.22617768    0.23831879    0.23408389    0.17695617    0.18752464    0.18004761    0.19276798    0.20692468    0.18731652    0.10760438    0.11480099    0.00000000    0.02857224    0.09652288    0.08704318    0.15605967    0.12679465    0.12978075    0.20314658
T18            0.18820275    0.20975868    0.21547538    0.20692468    0.21260885    0.21806391    0.21835846    0.20922822    0.16152140    0.16656743    0.16187446    0.18231984    0.19623541    0.17695617    0.09838170    0.10547137    0.02857224    0.00000000    0.09438636    0.08487880    0.14617109    0.11971535    0.12021624    0.20082152
T15            0.19676017    0.21639048    0.22812668    0.22222411    0.22516667    0.23074665    0.23110434    0.21233082    0.18026918    0.19424166    0.17580592    0.18298014    0.18595107    0.19025036    0.11740717    0.12238983    0.09652288    0.09438636    0.00000000    0.06743606    0.14913953    0.13998726    0.12811889    0.19876540
T17            0.20155976    0.20975868    0.22417503    0.22125828    0.22417503    0.22973139    0.24508374    0.21723730    0.17164950    0.19346430    0.16712540    0.18502343    0.19902198    0.18423832    0.10996322    0.11480099    0.08704318    0.08487880    0.06743606    0.00000000    0.13890544    0.12703402    0.12266776    0.20082152
T3             0.20922822    0.23269136    0.24167801    0.23566898    0.23866445    0.24132327    0.24776022    0.22271386    0.19574684    0.20155976    0.16732849    0.18524205    0.20719583    0.17943563    0.12892880    0.13170970    0.15605967    0.14617109    0.14913953    0.13890544    0.00000000    0.08045484    0.07380187    0.21233082
T23            0.18896091    0.20551431    0.20837269    0.20267220    0.20837269    0.21381437    0.22587528    0.21289624    0.17264938    0.17556428    0.16026527    0.17533124    0.19703606    0.16919286    0.11021151    0.11293306    0.12679465    0.11971535    0.13998726    0.12703402    0.08045484    0.00000000    0.05638836    0.19146281
T13            0.18673933    0.19822912    0.20107127    0.19540306    0.19822912    0.19791747    0.21847246    0.20837269    0.17360387    0.16847095    0.15329292    0.17090749    0.19040064    0.15426913    0.10825115    0.10623741    0.12978075    0.12021624    0.12811889    0.12266776    0.07380187    0.05638836    0.00000000    0.19424166
T7             0.17556428    0.24434593    0.26206454    0.24971172    0.24738700    0.25007415    0.22710893    0.22941232    0.20948877    0.21835846    0.18923130    0.20436985    0.21607607    0.20385274    0.16581015    0.16885015    0.20314658    0.20082152    0.19876540    0.20082152    0.21233082    0.19146281    0.19424166    0.00000000

