24
T5             0.00000000    0.35815233    0.35453572    0.36546521    0.36722865    0.37473444    0.31606555    0.33986106    0.32963750    0.30910838    0.31199705    0.38054351    0.38811820    0.33439679    0.36473209    0.35981298    0.38341896    0.35981298    0.31906355    0.33610799    0.31853101    0.33141499    0.38734964    0.36976648
T4             0.35815233    0.00000000    0.00200402    0.01420033    0.07195666    0.06969347    0.15366053    0.16856214    0.16381385    0.14606120    0.14845836    0.23210336    0.23329594    0.18464007    0.20019731    0.19831321    0.24005579    0.20952831    0.19279887    0.19258391    0.17149792    0.19490837    0.22199227    0.22461687
T20            0.35453572    0.00200402    0.00000000    0.01214678    0.06969347    0.06744052    0.15111453    0.16596312    0.16122153    0.14355362    0.14594448    0.22923548    0.23038609    0.18194987    0.19744786    0.19554842    0.23708518    0.20670080    0.19006441    0.18985695    0.16887148    0.19218145    0.21914066    0.22175710
T13            0.36546521    0.01420033    0.01214678    0.00000000    0.08342930    0.08111355    0.16658929    0.18176443    0.17167267    0.15879187    0.16122153    0.24669554    0.24810550    0.19831321    0.21417675    0.21237196    0.25518026    0.22391156    0.20109342    0.20085546    0.17946130    0.20317979    0.23650025    0.23916707
T1             0.36722865    0.07195666    0.06969347    0.08342930    0.00000000    0.00603640    0.16451630    0.17965737    0.17491797    0.15669832    0.15911594    0.23862525    0.24605063    0.18484177    0.20040737    0.19855263    0.24037217    0.20644706    0.19074114    0.19050654    0.16641971    0.19006441    0.21653393    0.21914066
T17            0.37473444    0.06969347    0.06744052    0.08111355    0.00603640    0.00000000    0.16189666    0.17698157    0.17224927    0.15411933    0.15653029    0.24156941    0.24304420    0.18755394    0.20317979    0.20134063    0.24336959    0.20926656    0.18799909    0.18777203    0.16381385    0.18734486    0.21653393    0.21914066
T10            0.31606555    0.15366053    0.15111453    0.16658929    0.16451630    0.16189666    0.00000000    0.02857278    0.02866635    0.02034084    0.02238938    0.12994935    0.14315801    0.09227608    0.10599078    0.10653539    0.16340387    0.12582128    0.14360170    0.14596177    0.12564078    0.14294809    0.16875596    0.17880793
T18            0.33986106    0.16856214    0.16596312    0.18176443    0.17965737    0.17698157    0.02857278    0.00000000    0.03697659    0.03277495    0.03485766    0.14218843    0.15308980    0.10599078    0.11996187    0.12052689    0.17854922    0.14019342    0.14573719    0.14810644    0.13278880    0.14000602    0.18677593    0.19988682
T0             0.32963750    0.16381385    0.16122153    0.17167267    0.17491797    0.17224927    0.02866635    0.03697659    0.00000000    0.02454932    0.02660470    0.13228427    0.15331872    0.09685959    0.11066018    0.10911270    0.16316342    0.13064391    0.14337589    0.14059211    0.13045856    0.14274615    0.17935117    0.19233679
T21            0.30910838    0.14606120    0.14355362    0.15879187    0.15669832    0.15411933    0.02034084    0.03277495    0.02454932    0.00000000    0.00602722    0.12994935    0.14315801    0.08993868    0.10360878    0.10413034    0.16074921    0.12333221    0.13845655    0.14080335    0.12068737    0.13784257    0.16340387    0.17608817
T6             0.31199705    0.14845836    0.14594448    0.16122153    0.15911594    0.15653029    0.02238938    0.03485766    0.02660470    0.00602722    0.00000000    0.13228427    0.14552059    0.09216278    0.10587330    0.10638809    0.16316342    0.12564078    0.14080335    0.14315801    0.12299132    0.14019342    0.16365262    0.17634803
T19            0.38054351    0.23210336    0.22923548    0.24669554    0.23862525    0.24156941    0.12994935    0.14218843    0.13228427    0.12994935    0.13228427    0.00000000    0.13478573    0.15637071    0.16610660    0.16979724    0.22593226    0.18777203    0.22749137    0.22783217    0.20979945    0.22360831    0.24672980    0.26098954
T22            0.38811820    0.23329594    0.23038609    0.24810550    0.24605063    0.24304420    0.14315801    0.15308980    0.15331872    0.14315801    0.14552059    0.13478573    0.00000000    0.16208672    0.18255983    0.17536013    0.23045333    0.18848006    0.21386219    0.21934882    0.19932582    0.21293994    0.24173779    0.25901562
T11            0.33439679    0.18464007    0.18194987    0.19831321    0.18484177    0.18755394    0.09227608    0.10599078    0.09685959    0.08993868    0.09216278    0.15637071    0.16208672    0.00000000    0.03483243    0.04128707    0.11349835    0.07205720    0.17045607    0.17829915    0.16491876    0.17513471    0.19149883    0.19905896
T3             0.36473209    0.20019731    0.19744786    0.21417675    0.20040737    0.20317979    0.10599078    0.11996187    0.11066018    0.10360878    0.10587330    0.16610660    0.18255983    0.03483243    0.00000000    0.05189964    0.12268122    0.07850154    0.18573796    0.19374963    0.17738577    0.18278093    0.20440868    0.21265125
T15            0.35981298    0.19831321    0.19554842    0.21237196    0.19855263    0.20134063    0.10653539    0.12052689    0.10911270    0.10413034    0.10638809    0.16979724    0.17536013    0.04128707    0.05189964    0.00000000    0.11593869    0.07892483    0.18677593    0.18983782    0.17290383    0.18598423    0.20841836    0.20751791
T2             0.38341896    0.24005579    0.23708518    0.25518026    0.24037217    0.24336959    0.16340387    0.17854922    0.16316342    0.16074921    0.16316342    0.22593226    0.23045333    0.11349835    0.12268122    0.11593869    0.00000000    0.11593869    0.24633398    0.24592851    0.22783217    0.24820939    0.25051138    0.25398621
T14            0.35981298    0.20952831    0.20670080    0.22391156    0.20644706    0.20926656    0.12582128    0.14019342    0.13064391    0.12333221    0.12564078    0.18777203    0.18848006    0.07205720    0.07850154    0.07892483    0.11593869    0.00000000    0.19455740    0.20271447    0.18598423    0.19652993    0.20780883    0.21265125
T12            0.31906355    0.19279887    0.19006441    0.20109342    0.19074114    0.18799909    0.14360170    0.14573719    0.14337589    0.13845655    0.14080335    0.22749137    0.21386219    0.17045607    0.18573796    0.18677593    0.24633398    0.19455740    0.00000000    0.03716050    0.06296492    0.06952340    0.18650323    0.20301663
T8             0.33610799    0.19258391    0.18985695    0.20085546    0.19050654    0.18777203    0.14596177    0.14810644    0.14059211    0.14080335    0.14315801    0.22783217    0.21934882    0.17829915    0.19374963    0.18983782    0.24592851    0.20271447    0.03716050    0.00000000    0.06511935    0.06944876    0.18077005    0.20271447
T9             0.31853101    0.17149792    0.16887148    0.17946130    0.16641971    0.16381385    0.12564078    0.13278880    0.13045856    0.12068737    0.12299132    0.20979945    0.19932582    0.16491876    0.17738577    0.17290383    0.22783217    0.18598423    0.06296492    0.06511935    0.00000000    0.04549536    0.17536013    0.19149883
T16            0.33141499    0.19490837    0.19218145    0.20317979    0.19006441    0.18734486    0.14294809    0.14000602    0.14274615    0.13784257    0.14019342    0.22360831    0.21293994    0.17513471    0.18278093    0.18598423    0.24820939    0.19652993    0.06952340    0.06944876    0.04549536    0.00000000    0.18848006    0.20555826
T7             0.38734964    0.22199227    0.21914066    0.23650025    0.21653393    0.21653393    0.16875596    0.18677593    0.17935117    0.16340387    0.16365262    0.24672980    0.24173779    0.19149883    0.20440868    0.20841836    0.25051138    0.20780883    0.18650323    0.18077005    0.17536013    0.18848006    0.00000000    0.06728061
T23            0.36976648    0.22461687    0.22175710    0.23916707    0.21914066    0.21914066    0.17880793    0.19988682    0.19233679    0.17608817    0.17634803    0.26098954    0.25901562    0.19905896    0.21265125    0.20751791    0.25398621    0.21265125    0.20301663    0.20271447    0.19149883    0.20555826    0.06728061    0.00000000

