24
T16            0.00000000    0.36899764    0.39409472    0.39084601    0.39409472    0.36192242    0.32628806    0.32235186    0.33774151    0.33823655    0.34176210    0.33625869    0.25048187    0.25293446    0.26377225    0.24630245    0.24323202    0.24981603    0.22388969    0.26133045    0.26133045    0.25141719    0.24602514    0.23869583
T23            0.36899764    0.00000000    0.01619038    0.01415462    0.01619038    0.14105265    0.34894162    0.35819209    0.37899058    0.37581423    0.37214644    0.37370367    0.42829979    0.40554946    0.42678605    0.39343267    0.39456889    0.40166767    0.38118674    0.42155010    0.42155010    0.40772251    0.40772251    0.40267085
T20            0.39409472    0.01619038    0.00000000    0.00200301    0.00401206    0.15836220    0.37370367    0.38323171    0.40494404    0.40166767    0.39781585    0.39962972    0.45214211    0.42879559    0.45078345    0.41609041    0.41737938    0.42474031    0.40321684    0.43698481    0.43698481    0.43053062    0.43053062    0.42552445
T8             0.39084601    0.01415462    0.00200301    0.00000000    0.00200301    0.15593535    0.37055518    0.38004181    0.40166767    0.39840592    0.39456889    0.39638149    0.44866043    0.42542476    0.44731497    0.41276855    0.41405615    0.42138585    0.39994080    0.43356942    0.43356942    0.42713219    0.42713219    0.42215715
T22            0.39409472    0.01619038    0.00401206    0.00200301    0.00000000    0.15836220    0.37370367    0.38323171    0.40494404    0.40166767    0.39781585    0.39962972    0.45214211    0.42474031    0.44659204    0.41214734    0.41340483    0.42071772    0.40321684    0.43698481    0.43698481    0.43053062    0.43053062    0.42552445
T5             0.36192242    0.14105265    0.15836220    0.15593535    0.15836220    0.00000000    0.32676763    0.32912170    0.34127951    0.35687344    0.36041114    0.36442561    0.39458227    0.36899735    0.38912170    0.35336064    0.36850541    0.37530928    0.34840042    0.37980225    0.37980225    0.37815690    0.37815690    0.36230519
T4             0.32628806    0.34894162    0.37370367    0.37055518    0.37370367    0.32676763    0.00000000    0.03502267    0.03485728    0.06709130    0.06931887    0.06504628    0.37216856    0.36724777    0.38751947    0.36658275    0.36173381    0.37244017    0.34584554    0.40184770    0.40184770    0.38353060    0.39766188    0.37403804
T3             0.32235186    0.35819209    0.38323171    0.38004181    0.38323171    0.32912170    0.03502267    0.00000000    0.03277458    0.06937944    0.07162204    0.07186077    0.36035900    0.35541335    0.37530733    0.35480310    0.34993001    0.36039543    0.34176210    0.38932976    0.38932976    0.37913524    0.38550255    0.35141190
T6             0.33774151    0.37899058    0.40494404    0.40166767    0.40494404    0.34127951    0.03485728    0.03277458    0.00000000    0.07140190    0.07363442    0.07380407    0.37403804    0.36777718    0.38799804    0.36716415    0.36348260    0.37417040    0.34176210    0.39576230    0.39576230    0.38550255    0.39192578    0.37597224
T15            0.33823655    0.37581423    0.40166767    0.39840592    0.40166767    0.35687344    0.06709130    0.06937944    0.07140190    0.00000000    0.00200402    0.03492709    0.37718860    0.36969600    0.39001659    0.36529219    0.35910877    0.36969600    0.35448076    0.39645156    0.39645156    0.40026340    0.40680469    0.38035275
T14            0.34176210    0.37214644    0.39781585    0.39456889    0.39781585    0.36041114    0.06931887    0.07162204    0.07363442    0.00200402    0.00000000    0.03705500    0.38098216    0.37348974    0.39392920    0.36904312    0.36283177    0.37348974    0.35809563    0.40039504    0.40039504    0.40417576    0.41074790    0.38416075
T17            0.33625869    0.37370367    0.39962972    0.39638149    0.39962972    0.36442561    0.06504628    0.07186077    0.07380407    0.03492709    0.03705500    0.00000000    0.38295287    0.37417040    0.39464544    0.36724777    0.36105816    0.37173424    0.35249073    0.40510502    0.40510502    0.39186507    0.39832364    0.37845954
T1             0.25048187    0.42829979    0.45214211    0.44866043    0.45214211    0.39458227    0.37216856    0.36035900    0.37403804    0.37718860    0.38098216    0.38295287    0.00000000    0.10398397    0.11306589    0.09909792    0.10202498    0.10459297    0.13511880    0.15724248    0.15724248    0.16207624    0.15946393    0.16050377
T13            0.25293446    0.40554946    0.42879559    0.42542476    0.42474031    0.36899735    0.36724777    0.35541335    0.36777718    0.36969600    0.37348974    0.37417040    0.10398397    0.00000000    0.01617887    0.03485728    0.06089744    0.05875835    0.13123709    0.13783373    0.13783373    0.13999746    0.13746464    0.13335488
T11            0.26377225    0.42678605    0.45078345    0.44731497    0.44659204    0.38912170    0.38751947    0.37530733    0.38799804    0.39001659    0.39392920    0.39464544    0.11306589    0.01617887    0.00000000    0.04112541    0.06952149    0.06735524    0.14058243    0.14728464    0.14728464    0.14948655    0.14692780    0.14273678
T10            0.24630245    0.39343267    0.41609041    0.41276855    0.41214734    0.35336064    0.36658275    0.35480310    0.36716415    0.36529219    0.36904312    0.36724777    0.09909792    0.03485728    0.04112541    0.00000000    0.05859789    0.05646194    0.12350643    0.13511880    0.13511880    0.13729201    0.13477834    0.12563335
T21            0.24323202    0.39456889    0.41737938    0.41405615    0.41340483    0.36850541    0.36173381    0.34993001    0.36348260    0.35910877    0.36283177    0.36105816    0.10202498    0.06089744    0.06952149    0.05859789    0.00000000    0.00602721    0.12892005    0.14314785    0.14314785    0.14273678    0.13511880    0.14123859
T2             0.24981603    0.40166767    0.42474031    0.42138585    0.42071772    0.37530928    0.37244017    0.36039543    0.37417040    0.36969600    0.37348974    0.37173424    0.10459297    0.05875835    0.06735524    0.05646194    0.00602721    0.00000000    0.13167654    0.14595070    0.14595070    0.14551035    0.13783373    0.14406517
T12            0.22388969    0.38118674    0.40321684    0.39994080    0.40321684    0.34840042    0.34584554    0.34176210    0.34176210    0.35448076    0.35809563    0.35249073    0.13511880    0.13123709    0.14058243    0.12350643    0.12892005    0.13167654    0.00000000    0.12513912    0.12513912    0.12978868    0.12484843    0.12563335
T0             0.26133045    0.42155010    0.43698481    0.43356942    0.43698481    0.37980225    0.40184770    0.38932976    0.39576230    0.39645156    0.40039504    0.40510502    0.15724248    0.13783373    0.14728464    0.13511880    0.14314785    0.14595070    0.12513912    0.00000000    0.00000000    0.07807722    0.07807722    0.10598635
T18            0.26133045    0.42155010    0.43698481    0.43356942    0.43698481    0.37980225    0.40184770    0.38932976    0.39576230    0.39645156    0.40039504    0.40510502    0.15724248    0.13783373    0.14728464    0.13511880    0.14314785    0.14595070    0.12513912    0.00000000    0.00000000    0.07807722    0.07807722    0.10598635
T7             0.25141719    0.40772251    0.43053062    0.42713219    0.43053062    0.37815690    0.38353060    0.37913524    0.38550255    0.40026340    0.40417576    0.39186507    0.16207624    0.13999746    0.14948655    0.13729201    0.14273678    0.14551035    0.12978868    0.07807722    0.07807722    0.00000000    0.02862843    0.11320052
T19            0.24602514    0.40772251    0.43053062    0.42713219    0.43053062    0.37815690    0.39766188    0.38550255    0.39192578    0.40680469    0.41074790    0.39832364    0.15946393    0.13746464    0.14692780    0.13477834    0.13511880    0.13783373    0.12484843    0.07807722    0.07807722    0.02862843    0.00000000    0.10360463
T9             0.23869583    0.40267085    0.42552445    0.42215715    0.42552445    0.36230519    0.37403804    0.35141190    0.37597224    0.38035275    0.38416075    0.37845954    0.16050377    0.13335488    0.14273678    0.12563335    0.14123859    0.14406517    0.12563335    0.10598635    0.10598635    0.11320052    0.10360463    0.00000000

