24
T9             0.00000000    0.36097728    0.32261598    0.32509727    0.33655880    0.34205975    0.33152977    0.39678805    0.35119674    0.34712271    0.36207180    0.35897407    0.21685411    0.21710476    0.23240547    0.23074017    0.25796232    0.22362070    0.25496127    0.25549058    0.25549058    0.25248942    0.19517701    0.18366655
T13            0.36097728    0.00000000    0.10374873    0.11068271    0.11095082    0.13201765    0.10578206    0.15674148    0.13247916    0.13482065    0.14442801    0.13701155    0.34762399    0.34813829    0.39554746    0.37201290    0.42452503    0.39761521    0.42723373    0.42452503    0.42452503    0.41256168    0.36151783    0.31618257
T14            0.32261598    0.10374873    0.00000000    0.02660665    0.03295147    0.05853568    0.04339137    0.10415472    0.07434931    0.07652759    0.07414294    0.06745017    0.30659665    0.30705239    0.34457826    0.33303623    0.37144480    0.34921893    0.37144480    0.36887493    0.36887493    0.36518276    0.30949740    0.28582029
T8             0.32509727    0.11068271    0.02660665    0.00000000    0.03925032    0.06728882    0.05413772    0.10149318    0.07187368    0.07405026    0.07623380    0.06953242    0.31578865    0.31625522    0.36151783    0.34975907    0.37776115    0.35894965    0.38150867    0.37891214    0.37891214    0.37516444    0.31872435    0.29472425
T16            0.33655880    0.11095082    0.03295147    0.03925032    0.00000000    0.07424264    0.05868423    0.11140977    0.08125202    0.08344622    0.09032488    0.08344622    0.33765073    0.33821547    0.37005153    0.35823557    0.37891214    0.35633822    0.38649346    0.38392435    0.38392435    0.38011903    0.32310625    0.30199990
T2             0.34205975    0.13201765    0.05853568    0.06728882    0.07424264    0.00000000    0.03907249    0.11795488    0.08762736    0.08521267    0.10601169    0.09900470    0.33852490    0.33903945    0.37459613    0.36633153    0.39879793    0.37196324    0.39494906    0.39231140    0.39231140    0.38849193    0.33105261    0.31324266
T20            0.33152977    0.10578206    0.04339137    0.05413772    0.05868423    0.03907249    0.00000000    0.10828213    0.07632468    0.07851341    0.09207225    0.08521267    0.32806881    0.32854630    0.36356105    0.35533581    0.38357824    0.35847650    0.39494906    0.39231140    0.39231140    0.38849193    0.32417866    0.29690515
T21            0.39678805    0.15674148    0.10415472    0.10149318    0.11140977    0.11795488    0.10828213    0.00000000    0.05633183    0.05627269    0.10387660    0.09687857    0.37144480    0.37201290    0.41319213    0.40856418    0.44292961    0.41801041    0.43879288    0.43606979    0.43606979    0.42386171    0.36721223    0.34830912
T18            0.35119674    0.13247916    0.07434931    0.07187368    0.08125202    0.08762736    0.07632468    0.05633183    0.00000000    0.00602729    0.07414294    0.06745017    0.33452559    0.33501502    0.37404170    0.36207180    0.39436528    0.36425677    0.39056074    0.38790861    0.38790861    0.38413280    0.33404877    0.30628316
T1             0.34712271    0.13482065    0.07652759    0.07405026    0.08344622    0.08521267    0.07851341    0.05627269    0.00602729    0.00000000    0.07632468    0.06961474    0.33058797    0.33105261    0.36982313    0.35787975    0.39000620    0.36739713    0.38624497    0.38357824    0.38357824    0.37984509    0.33013589    0.30268963
T12            0.36207180    0.14442801    0.07414294    0.07623380    0.09032488    0.10601169    0.09207225    0.10387660    0.07414294    0.07632468    0.00000000    0.00602729    0.34762399    0.34813829    0.38790861    0.37574661    0.41651753    0.37512920    0.41256168    0.40988176    0.40988176    0.40595696    0.35068257    0.33916514
T15            0.35897407    0.13701155    0.06745017    0.06953242    0.08344622    0.09900470    0.08521267    0.09687857    0.06745017    0.06961474    0.00602729    0.00000000    0.34457826    0.34509266    0.38470161    0.37259475    0.41319213    0.37464508    0.40925186    0.40658631    0.40658631    0.40267686    0.34762399    0.33269425
T10            0.21685411    0.34762399    0.30659665    0.31578865    0.33765073    0.33852490    0.32806881    0.37144480    0.33452559    0.33058797    0.34762399    0.34457826    0.00000000    0.01829953    0.16126219    0.14442801    0.23394403    0.19815268    0.22470093    0.21945999    0.21945999    0.21661319    0.15159262    0.15899153
T22            0.21710476    0.34813829    0.30705239    0.31625522    0.33821547    0.33903945    0.32854630    0.37201290    0.33501502    0.33105261    0.34813829    0.34509266    0.01829953    0.00000000    0.16402103    0.14715254    0.23129631    0.20116859    0.21638203    0.21119280    0.21119280    0.20838615    0.14411310    0.15657174
T7             0.23240547    0.39554746    0.34457826    0.36151783    0.37005153    0.37459613    0.36356105    0.41319213    0.37404170    0.36982313    0.38790861    0.38470161    0.16126219    0.16402103    0.00000000    0.06297293    0.26247850    0.22809963    0.24383802    0.24383802    0.24383802    0.23507250    0.17418821    0.17154554
T3             0.23074017    0.37201290    0.33303623    0.34975907    0.35823557    0.36633153    0.35533581    0.40856418    0.36207180    0.35787975    0.37574661    0.37259475    0.14442801    0.14715254    0.06297293    0.00000000    0.24284163    0.21504308    0.23047714    0.23047714    0.23047714    0.22758064    0.16194427    0.16456625
T6             0.25796232    0.42452503    0.37144480    0.37776115    0.37891214    0.39879793    0.38357824    0.44292961    0.39436528    0.39000620    0.41651753    0.41319213    0.23394403    0.23129631    0.26247850    0.24284163    0.00000000    0.12517631    0.24791409    0.23660169    0.24253322    0.23955860    0.17992125    0.17723561
T23            0.22362070    0.39761521    0.34921893    0.35894965    0.35633822    0.37196324    0.35847650    0.41801041    0.36425677    0.36739713    0.37512920    0.37464508    0.19815268    0.20116859    0.22809963    0.21504308    0.12517631    0.00000000    0.21334623    0.21334623    0.21334623    0.21054765    0.15899153    0.15159262
T19            0.25496127    0.42723373    0.37144480    0.38150867    0.38649346    0.39494906    0.39494906    0.43879288    0.39056074    0.38624497    0.41256168    0.40925186    0.22470093    0.21638203    0.24383802    0.23047714    0.24791409    0.21334623    0.00000000    0.01210986    0.01210986    0.01620881    0.16860416    0.16316549
T17            0.25549058    0.42452503    0.36887493    0.37891214    0.38392435    0.39231140    0.39231140    0.43606979    0.38790861    0.38357824    0.40988176    0.40658631    0.21945999    0.21119280    0.24383802    0.23047714    0.23660169    0.21334623    0.01210986    0.00000000    0.00401619    0.01214734    0.16370085    0.16341559
T5             0.25549058    0.42452503    0.36887493    0.37891214    0.38392435    0.39231140    0.39231140    0.43606979    0.38790861    0.38357824    0.40988176    0.40658631    0.21945999    0.21119280    0.24383802    0.23047714    0.24253322    0.21334623    0.01210986    0.00401619    0.00000000    0.01214734    0.16370085    0.16341559
T4             0.25248942    0.41256168    0.36518276    0.37516444    0.38011903    0.38849193    0.38849193    0.42386171    0.38413280    0.37984509    0.40595696    0.40267686    0.21661319    0.20838615    0.23507250    0.22758064    0.23955860    0.21054765    0.01620881    0.01214734    0.01214734    0.00000000    0.16111325    0.15573296
T11            0.19517701    0.36151783    0.30949740    0.31872435    0.32310625    0.33105261    0.32417866    0.36721223    0.33404877    0.33013589    0.35068257    0.34762399    0.15159262    0.14411310    0.17418821    0.16194427    0.17992125    0.15899153    0.16860416    0.16370085    0.16370085    0.16111325    0.00000000    0.10374873
T0             0.18366655    0.31618257    0.28582029    0.29472425    0.30199990    0.31324266    0.29690515    0.34830912    0.30628316    0.30268963    0.33916514    0.33269425    0.15899153    0.15657174    0.17154554    0.16456625    0.17723561    0.15159262    0.16316549    0.16341559    0.16341559    0.15573296    0.10374873    0.00000000

