24
T2             0.00000000    0.41397394    0.42975511    0.41270175    0.36996150    0.38108224    0.37474483    0.42533671    0.40083194    0.41268995    0.44602252    0.41796189    0.42198195    0.19047688    0.18481554    0.18004936    0.26755167    0.23236657    0.12993504    0.13226983    0.11764654    0.13932172    0.14017497    0.13511020
T15            0.41397394    0.00000000    0.21750589    0.22010642    0.19704530    0.19977847    0.19977847    0.22412522    0.21155562    0.24179889    0.25715122    0.23060528    0.23352204    0.37734774    0.36124912    0.34843654    0.53061799    0.48213495    0.39069278    0.39013351    0.37944698    0.41539128    0.40938371    0.40547385
T18            0.42975511    0.21750589    0.00000000    0.06332146    0.07832766    0.08060588    0.08982417    0.11791597    0.08783099    0.12513221    0.13745597    0.11293373    0.11052939    0.39207262    0.38993399    0.37274643    0.54671854    0.50959656    0.42151564    0.41818574    0.40940587    0.43619503    0.41933805    0.41531795
T4             0.41270175    0.22010642    0.06332146    0.00000000    0.06704141    0.06926386    0.07825392    0.10575516    0.08078505    0.11764654    0.12978164    0.10565320    0.10328871    0.37588563    0.37396649    0.35721013    0.53061799    0.49462519    0.40083194    0.40018552    0.38923775    0.42735539    0.41066633    0.40672557
T16            0.36996150    0.19704530    0.07832766    0.06704141    0.00000000    0.00603634    0.02236464    0.04982322    0.04124035    0.07825392    0.08732123    0.06482881    0.06704141    0.33930248    0.33885967    0.32303048    0.49371028    0.45295088    0.37103802    0.35957481    0.35290581    0.39282050    0.38316751    0.37944698
T14            0.38108224    0.19977847    0.08060588    0.06926386    0.00603634    0.00000000    0.02444373    0.05200208    0.04338644    0.08052696    0.08502204    0.06704141    0.06926386    0.34983683    0.34935706    0.33327671    0.50761809    0.46589739    0.38224204    0.37049297    0.36370594    0.40428123    0.39449837    0.39069278
T22            0.37474483    0.19977847    0.08982417    0.07825392    0.02236464    0.02444373    0.00000000    0.05638853    0.04770648    0.08740881    0.09662534    0.07373866    0.07599119    0.34630063    0.34583335    0.32983789    0.50107896    0.47300399    0.37474483    0.36318774    0.35647996    0.39661159    0.39069278    0.38691597
T0             0.42533671    0.22412522    0.11791597    0.10575516    0.04982322    0.05200208    0.05638853    0.00000000    0.07177201    0.11052939    0.11764654    0.09867834    0.10338506    0.38543208    0.38484488    0.37159664    0.55008003    0.51039362    0.41463844    0.40219769    0.40281566    0.42670303    0.43961321    0.43549375
T8             0.40083194    0.21155562    0.08783099    0.08078505    0.04124035    0.04338644    0.04770648    0.07177201    0.00000000    0.08308427    0.09461629    0.07169259    0.07169259    0.37711650    0.37531728    0.35858004    0.52089518    0.49189513    0.38543208    0.38108224    0.38165519    0.41664627    0.41066633    0.40672557
T21            0.41268995    0.24179889    0.12513221    0.11764654    0.07825392    0.08052696    0.08740881    0.11052939    0.08308427    0.00000000    0.05220844    0.02653151    0.02862806    0.38484488    0.38691597    0.36996150    0.54900147    0.50479088    0.40876474    0.40816068    0.39717090    0.43689973    0.42670303    0.42269920
T11            0.44602252    0.25715122    0.13745597    0.12978164    0.08732123    0.08502204    0.09662534    0.11764654    0.09461629    0.05220844    0.00000000    0.02454848    0.03077533    0.42077467    0.41066633    0.40083194    0.58122692    0.53942782    0.44181623    0.43279263    0.42940588    0.46269025    0.46073625    0.45643956
T20            0.41796189    0.23060528    0.11293373    0.10565320    0.06482881    0.06704141    0.07373866    0.09867834    0.07169259    0.02653151    0.02454848    0.00000000    0.00602414    0.39370323    0.39185418    0.37474483    0.55117948    0.51135807    0.41397394    0.41332444    0.40219769    0.44234387    0.43209246    0.42802333
T10            0.42198195    0.23352204    0.11052939    0.10328871    0.06704141    0.06926386    0.07599119    0.10338506    0.07169259    0.02862806    0.03077533    0.00602414    0.00000000    0.39758284    0.39568904    0.37847937    0.54116441    0.51610386    0.41796189    0.41729651    0.40609233    0.44649755    0.43619503    0.43209246
T12            0.19047688    0.37734774    0.39207262    0.37588563    0.33930248    0.34983683    0.34630063    0.38543208    0.37711650    0.38484488    0.42077467    0.39370323    0.39758284    0.00000000    0.03271222    0.02648451    0.29847943    0.25347216    0.18926527    0.19722817    0.18390160    0.19432701    0.18674816    0.18674816
T19            0.18481554    0.36124912    0.38993399    0.37396649    0.33885967    0.34935706    0.34583335    0.38484488    0.37531728    0.38691597    0.41066633    0.39185418    0.39568904    0.03271222    0.00000000    0.01824796    0.29095852    0.25260743    0.18406633    0.19162343    0.17845338    0.18346209    0.18124122    0.18124122
T7             0.18004936    0.34843654    0.37274643    0.35721013    0.32303048    0.33327671    0.32983789    0.37159664    0.35858004    0.36996150    0.40083194    0.37474483    0.37847937    0.02648451    0.01824796    0.00000000    0.28560944    0.24746317    0.17925102    0.18674816    0.17362643    0.18390160    0.17642025    0.17642025
T5             0.26755167    0.53061799    0.54671854    0.53061799    0.49371028    0.50761809    0.50107896    0.55008003    0.52089518    0.54900147    0.58122692    0.55117948    0.54116441    0.29847943    0.29095852    0.28560944    0.00000000    0.15723153    0.29397127    0.27751839    0.27159000    0.29237395    0.28224921    0.28224921
T6             0.23236657    0.48213495    0.50959656    0.49462519    0.45295088    0.46589739    0.47300399    0.51039362    0.49189513    0.50479088    0.53942782    0.51135807    0.51610386    0.25347216    0.25260743    0.24746317    0.15723153    0.00000000    0.24237594    0.23325456    0.22195587    0.24126259    0.22560801    0.22560801
T13            0.12993504    0.39069278    0.42151564    0.40083194    0.37103802    0.38224204    0.37474483    0.41463844    0.38543208    0.40876474    0.44181623    0.41397394    0.41796189    0.18926527    0.18406633    0.17925102    0.29397127    0.24237594    0.00000000    0.04554179    0.03066881    0.06259426    0.06504461    0.06060950
T9             0.13226983    0.39013351    0.41818574    0.40018552    0.35957481    0.37049297    0.36318774    0.40219769    0.38108224    0.40816068    0.43279263    0.41332444    0.41729651    0.19722817    0.19162343    0.18674816    0.27751839    0.23325456    0.04554179    0.00000000    0.01417419    0.07363292    0.06720771    0.06276275
T23            0.11764654    0.37944698    0.40940587    0.38923775    0.35290581    0.36370594    0.35647996    0.40281566    0.38165519    0.39717090    0.42940588    0.40219769    0.40609233    0.18390160    0.17845338    0.17362643    0.27159000    0.22195587    0.03066881    0.01417419    0.00000000    0.05822710    0.05621344    0.05185575
T1             0.13932172    0.41539128    0.43619503    0.42735539    0.39282050    0.40428123    0.39661159    0.42670303    0.41664627    0.43689973    0.46269025    0.44234387    0.44649755    0.19432701    0.18346209    0.18390160    0.29237395    0.24126259    0.06259426    0.07363292    0.05822710    0.00000000    0.06714532    0.06050739
T3             0.14017497    0.40938371    0.41933805    0.41066633    0.38316751    0.39449837    0.39069278    0.43961321    0.41066633    0.42670303    0.46073625    0.43209246    0.43619503    0.18674816    0.18124122    0.17642025    0.28224921    0.22560801    0.06504461    0.06720771    0.05621344    0.06714532    0.00000000    0.01007279
T17            0.13511020    0.40547385    0.41531795    0.40672557    0.37944698    0.39069278    0.38691597    0.43549375    0.40672557    0.42269920    0.45643956    0.42802333    0.43209246    0.18674816    0.18124122    0.17642025    0.28224921    0.22560801    0.06060950    0.06276275    0.05185575    0.06050739    0.01007279    0.00000000

