24
T20            0.00000000    0.24566127    0.24665827    0.26793127    0.26876077    0.26876077    0.28210018    0.30767124    0.29925404    0.24397951    0.28503807    0.31166713    0.26753228    0.31347800    0.31416709    0.31043292    0.26503555    0.27823979    0.28423680    0.28827552    0.24096653    0.28347975    0.16289870    0.16071544
T3             0.24566127    0.00000000    0.11510498    0.17943129    0.17982967    0.17982967    0.19145500    0.22297840    0.20827459    0.18252565    0.23033639    0.25259617    0.22270596    0.26845728    0.26108522    0.26081270    0.22390527    0.23114136    0.23086314    0.23437145    0.18843962    0.25287330    0.22506447    0.21983166
T14            0.24665827    0.11510498    0.00000000    0.19597980    0.19648559    0.19648559    0.20520507    0.23437145    0.22795539    0.19370715    0.24900557    0.25408636    0.22124818    0.26714382    0.25953991    0.26228243    0.22795539    0.24867423    0.24236326    0.24900557    0.19983716    0.26228243    0.22009580    0.20640330
T12            0.26793127    0.17943129    0.19597980    0.00000000    0.00602414    0.00602414    0.07673417    0.11333334    0.10802687    0.11547921    0.16712066    0.18523626    0.13695917    0.19345744    0.19528921    0.19234446    0.14630154    0.20463378    0.21002910    0.21348877    0.16336852    0.23437145    0.24566127    0.23437145
T22            0.26876077    0.17982967    0.19648559    0.00602414    0.00000000    0.00000000    0.07468512    0.11120576    0.10586235    0.11091170    0.16753460    0.18569927    0.13727918    0.18569927    0.19298506    0.19002960    0.14405933    0.20463378    0.21002910    0.21348877    0.16120421    0.23203508    0.24631583    0.23499452
T5             0.26876077    0.17982967    0.19648559    0.00602414    0.00000000    0.00000000    0.07468512    0.11120576    0.10586235    0.11091170    0.16753460    0.18569927    0.13727918    0.18569927    0.19298506    0.19002960    0.14405933    0.20463378    0.21002910    0.21348877    0.16120421    0.23203508    0.24631583    0.23499452
T15            0.28210018    0.19145500    0.20520507    0.07673417    0.07468512    0.07468512    0.00000000    0.11380336    0.10837176    0.11837323    0.17850971    0.18049317    0.15283969    0.20836235    0.19875823    0.19298506    0.15186462    0.20775651    0.21318323    0.21670298    0.17440041    0.23532083    0.25275785    0.23532083
T21            0.30767124    0.22297840    0.23437145    0.11333334    0.11120576    0.11120576    0.11380336    0.00000000    0.10328699    0.14471150    0.21061442    0.20922089    0.17778988    0.22940187    0.22822512    0.22506447    0.17943129    0.25275785    0.26165942    0.26793127    0.21670298    0.26401775    0.28705901    0.27507413
T10            0.29925404    0.20827459    0.22795539    0.10802687    0.10586235    0.10586235    0.10837176    0.10328699    0.00000000    0.15393646    0.21130665    0.22194688    0.17924536    0.23351103    0.22675494    0.22370314    0.17844963    0.24774154    0.25649020    0.26020455    0.20409919    0.27680655    0.27304931    0.27057396
T19            0.24397951    0.18252565    0.19370715    0.11547921    0.11091170    0.11091170    0.11837323    0.14471150    0.15393646    0.00000000    0.08510289    0.14154006    0.10122796    0.14436915    0.13878154    0.13619228    0.10297791    0.19574050    0.20384573    0.20718746    0.15763445    0.21130665    0.22270596    0.21749523
T7             0.28503807    0.23033639    0.24900557    0.16712066    0.16753460    0.16753460    0.17850971    0.21061442    0.21130665    0.08510289    0.00000000    0.20948096    0.16246218    0.20718746    0.20058817    0.19761484    0.16639532    0.25170547    0.26364960    0.26753228    0.21061442    0.26294488    0.27470941    0.27157357
T9             0.31166713    0.25259617    0.25408636    0.18523626    0.18569927    0.18569927    0.18049317    0.20922089    0.22194688    0.14154006    0.20948096    0.00000000    0.08972229    0.13711518    0.12913079    0.13147655    0.09394005    0.27714842    0.28311787    0.28463192    0.23172736    0.28178198    0.30501996    0.30833249
T13            0.26753228    0.22270596    0.22124818    0.13695917    0.13727918    0.13727918    0.15283969    0.17778988    0.17924536    0.10122796    0.16246218    0.08972229    0.00000000    0.08341964    0.08528863    0.08750187    0.04545215    0.22850466    0.23114136    0.23467806    0.18321116    0.23351103    0.24900557    0.25204604
T23            0.31347800    0.26845728    0.26714382    0.19345744    0.18569927    0.18569927    0.20836235    0.22940187    0.23351103    0.14436915    0.20718746    0.13711518    0.08341964    0.00000000    0.11547921    0.11777433    0.07832649    0.27862541    0.28463192    0.28222821    0.23301684    0.29273691    0.30009390    0.30009390
T6             0.31416709    0.26108522    0.25953991    0.19528921    0.19298506    0.19298506    0.19875823    0.22822512    0.22675494    0.13878154    0.20058817    0.12913079    0.08528863    0.11547921    0.00000000    0.00805150    0.07144430    0.25618295    0.27122953    0.27507413    0.21722973    0.26634406    0.29127903    0.30096010
T8             0.31043292    0.26081270    0.26228243    0.19234446    0.19002960    0.19002960    0.19298506    0.22506447    0.22370314    0.13619228    0.19761484    0.13147655    0.08750187    0.11777433    0.00805150    0.00000000    0.06926328    0.25588622    0.27089632    0.27470941    0.21697380    0.26608573    0.29094309    0.30059298
T0             0.26503555    0.22390527    0.22795539    0.14630154    0.14405933    0.14405933    0.15186462    0.17943129    0.17844963    0.10297791    0.16639532    0.09394005    0.04545215    0.07832649    0.07144430    0.06926328    0.00000000    0.22720536    0.23564805    0.23911086    0.18480875    0.24052652    0.25588622    0.25891742
T18            0.27823979    0.23114136    0.24867423    0.20463378    0.20463378    0.20463378    0.20775651    0.25275785    0.24774154    0.19574050    0.25170547    0.27714842    0.22850466    0.27862541    0.25618295    0.25588622    0.22720536    0.00000000    0.02855391    0.03069772    0.06046628    0.11456486    0.25588622    0.24745118
T16            0.28423680    0.23086314    0.24236326    0.21002910    0.21002910    0.21002910    0.21318323    0.26165942    0.25649020    0.20384573    0.26364960    0.28311787    0.23114136    0.28463192    0.27122953    0.27089632    0.23564805    0.02855391    0.00000000    0.01413377    0.06043254    0.11676483    0.25560002    0.24717113
T1             0.28827552    0.23437145    0.24900557    0.21348877    0.21348877    0.21348877    0.21670298    0.26793127    0.26020455    0.20718746    0.26753228    0.28463192    0.23467806    0.28222821    0.27507413    0.27470941    0.23911086    0.03069772    0.01413377    0.00000000    0.06270969    0.11926458    0.25316092    0.24475561
T17            0.24096653    0.18843962    0.19983716    0.16336852    0.16120421    0.16120421    0.17440041    0.21670298    0.20409919    0.15763445    0.21061442    0.23172736    0.18321116    0.23301684    0.21722973    0.21697380    0.18480875    0.06046628    0.06043254    0.06270969    0.00000000    0.07802996    0.22850466    0.22036955
T2             0.28347975    0.25287330    0.26228243    0.23437145    0.23203508    0.23203508    0.23532083    0.26401775    0.27680655    0.21130665    0.26294488    0.28178198    0.23351103    0.29273691    0.26634406    0.26608573    0.24052652    0.11456486    0.11676483    0.11926458    0.07802996    0.00000000    0.27961151    0.26845728
T11            0.16289870    0.22506447    0.22009580    0.24566127    0.24631583    0.24631583    0.25275785    0.28705901    0.27304931    0.22270596    0.27470941    0.30501996    0.24900557    0.30009390    0.29127903    0.29094309    0.25588622    0.25588622    0.25560002    0.25316092    0.22850466    0.27961151    0.00000000    0.04549342
T4             0.16071544    0.21983166    0.20640330    0.23437145    0.23499452    0.23499452    0.23532083    0.27507413    0.27057396    0.21749523    0.27157357    0.30833249    0.25204604    0.30009390    0.30096010    0.30059298    0.25891742    0.24745118    0.24717113    0.24475561    0.22036955    0.26845728    0.04549342    0.00000000

