24
T15            0.00000000    0.32298124    0.32451569    0.37173819    0.35439452    0.35439452    0.34960918    0.34960918    0.39465336    0.39077962    0.39531929    0.30164158    0.29831133    0.34207991    0.31729145    0.29750894    0.29786999    0.34905940    0.32278721    0.34042658    0.36248082    0.35266673    0.36736336    0.32110498
T14            0.32298124    0.00000000    0.04539181    0.08039845    0.07150256    0.07150256    0.08495639    0.08495639    0.12952343    0.13200074    0.12448680    0.10625849    0.10386438    0.21138350    0.18780061    0.18780061    0.18802872    0.22135114    0.21499313    0.25636325    0.25675851    0.24520830    0.25289531    0.25057313
T21            0.32451569    0.04539181    0.00000000    0.03489032    0.02653269    0.02653269    0.07380967    0.07380967    0.11524489    0.11766801    0.10794456    0.10399904    0.10161065    0.21680820    0.19305306    0.19305306    0.18780061    0.22395718    0.21758477    0.25057313    0.25176212    0.24027161    0.25405202    0.24788571
T19            0.37173819    0.08039845    0.03489032    0.00000000    0.02029471    0.02029471    0.10094881    0.10094881    0.14662758    0.14917453    0.14143461    0.14002390    0.13748975    0.26240761    0.23713255    0.23713255    0.23153179    0.27044562    0.25420898    0.28461988    0.29171415    0.27073367    0.29738776    0.29072667
T23            0.35439452    0.07150256    0.02653269    0.02029471    0.00000000    0.00000000    0.08733216    0.08733216    0.13935156    0.14187276    0.13173466    0.12531713    0.12284582    0.24486155    0.22018596    0.21731627    0.21187819    0.25253025    0.23683365    0.26850487    0.27533369    0.25487425    0.28089925    0.27766610
T20            0.35439452    0.07150256    0.02653269    0.02029471    0.00000000    0.00000000    0.08733216    0.08733216    0.13935156    0.14187276    0.13173466    0.12531713    0.12284582    0.24486155    0.22018596    0.21731627    0.21187819    0.25253025    0.23683365    0.26850487    0.27533369    0.25487425    0.28089925    0.27766610
T2             0.34960918    0.08495639    0.07380967    0.10094881    0.08733216    0.08733216    0.00000000    0.00000000    0.11043376    0.11283351    0.11032706    0.14257103    0.14002390    0.25999514    0.23478794    0.23417776    0.23447787    0.27044562    0.26342899    0.27639590    0.28325371    0.27856694    0.29545756    0.28325371
T1             0.34960918    0.08495639    0.07380967    0.10094881    0.08733216    0.08733216    0.00000000    0.00000000    0.11043376    0.11283351    0.11032706    0.14257103    0.14002390    0.25999514    0.23478794    0.23417776    0.23447787    0.27044562    0.26342899    0.27639590    0.28325371    0.27856694    0.29545756    0.28325371
T12            0.39465336    0.12952343    0.11524489    0.14662758    0.13935156    0.13935156    0.11043376    0.11043376    0.00000000    0.00200403    0.01008430    0.19180480    0.18903072    0.29086385    0.27402997    0.27959771    0.28002066    0.31571315    0.29308083    0.32348064    0.32747364    0.32156969    0.35133572    0.32968984
T0             0.39077962    0.13200074    0.11766801    0.14917453    0.14187276    0.14187276    0.11283351    0.11283351    0.00200403    0.00000000    0.01212529    0.19459443    0.19180480    0.29412848    0.27723188    0.28282025    0.28325371    0.31917070    0.29640013    0.32003533    0.32399212    0.31811225    0.34770181    0.32615870
T10            0.39531929    0.12448680    0.10794456    0.14143461    0.13173466    0.13173466    0.11032706    0.11032706    0.01008430    0.01212529    0.00000000    0.18601579    0.18327986    0.28400956    0.26729444    0.27282302    0.27321455    0.30836970    0.28606379    0.31613802    0.31661370    0.31078073    0.33996351    0.32210509
T6             0.30164158    0.10625849    0.10399904    0.14002390    0.12531713    0.12531713    0.14257103    0.14257103    0.19180480    0.19459443    0.18601579    0.00000000    0.00603646    0.20043719    0.16923727    0.17453425    0.16942331    0.20444555    0.19834490    0.22427149    0.22166645    0.21939667    0.22688609    0.23648685
T7             0.29831133    0.10386438    0.10161065    0.13748975    0.12284582    0.12284582    0.14002390    0.14002390    0.18903072    0.19180480    0.18327986    0.00603646    0.00000000    0.19767883    0.16660978    0.17187872    0.16678883    0.19605350    0.19557877    0.22135114    0.22166645    0.21648475    0.22395718    0.23348725
T11            0.34207991    0.21138350    0.21680820    0.26240761    0.24486155    0.24486155    0.25999514    0.25999514    0.29086385    0.29412848    0.28400956    0.20043719    0.19767883    0.00000000    0.07606802    0.08274265    0.08282033    0.11780002    0.11272101    0.27038650    0.28892907    0.28326591    0.27941643    0.27136529
T17            0.31729145    0.18780061    0.19305306    0.23713255    0.22018596    0.22018596    0.23478794    0.23478794    0.27402997    0.27723188    0.26729444    0.16923727    0.16660978    0.07606802    0.00000000    0.03701394    0.03705687    0.08299727    0.07826229    0.23417776    0.25055696    0.24515668    0.24161334    0.24577775
T3             0.29750894    0.18780061    0.19305306    0.23713255    0.21731627    0.21731627    0.23417776    0.23417776    0.27959771    0.28282025    0.27282302    0.17453425    0.17187872    0.08274265    0.03701394    0.00000000    0.02031486    0.08070245    0.07826229    0.23654481    0.25055696    0.24815586    0.24755786    0.24342222
T8             0.29786999    0.18802872    0.18780061    0.23153179    0.21187819    0.21187819    0.23447787    0.23447787    0.28002066    0.28325371    0.27321455    0.16942331    0.16678883    0.08282033    0.03705687    0.02031486    0.00000000    0.08309648    0.07833666    0.23153179    0.25388637    0.24247188    0.25085988    0.24375928
T22            0.34905940    0.22135114    0.22395718    0.27044562    0.25253025    0.25253025    0.27044562    0.27044562    0.31571315    0.31917070    0.30836970    0.20444555    0.19605350    0.11780002    0.08299727    0.08070245    0.08309648    0.00000000    0.07186773    0.26033664    0.26859210    0.26930121    0.26617981    0.27321455
T5             0.32278721    0.21499313    0.21758477    0.25420898    0.23683365    0.23683365    0.26342899    0.26342899    0.29308083    0.29640013    0.28606379    0.19834490    0.19557877    0.11272101    0.07826229    0.07826229    0.07833666    0.07186773    0.00000000    0.24457673    0.26549025    0.25693138    0.26240761    0.25832233
T13            0.34042658    0.25636325    0.25057313    0.28461988    0.26850487    0.26850487    0.27639590    0.27639590    0.32348064    0.32003533    0.31613802    0.22427149    0.22135114    0.27038650    0.23417776    0.23654481    0.23153179    0.26033664    0.24457673    0.00000000    0.15190676    0.14678657    0.14457570    0.13950753
T18            0.36248082    0.25675851    0.25176212    0.29171415    0.27533369    0.27533369    0.28325371    0.28325371    0.32747364    0.32399212    0.31661370    0.22166645    0.22166645    0.28892907    0.25055696    0.25055696    0.25388637    0.26859210    0.26549025    0.15190676    0.00000000    0.03277572    0.08733216    0.14731293
T16            0.35266673    0.24520830    0.24027161    0.27073367    0.25487425    0.25487425    0.27856694    0.27856694    0.32156969    0.31811225    0.31078073    0.21939667    0.21648475    0.28326591    0.24515668    0.24815586    0.24247188    0.26930121    0.25693138    0.14678657    0.03277572    0.00000000    0.08503212    0.13967159
T4             0.36736336    0.25289531    0.25405202    0.29738776    0.28089925    0.28089925    0.29545756    0.29545756    0.35133572    0.34770181    0.33996351    0.22688609    0.22395718    0.27941643    0.24161334    0.24755786    0.25085988    0.26617981    0.26240761    0.14457570    0.08733216    0.08503212    0.00000000    0.14951392
T9             0.32110498    0.25057313    0.24788571    0.29072667    0.27766610    0.27766610    0.28325371    0.28325371    0.32968984    0.32615870    0.32210509    0.23648685    0.23348725    0.27136529    0.24577775    0.24342222    0.24375928    0.27321455    0.25832233    0.13950753    0.14731293    0.13967159    0.14951392    0.00000000

