24
T19            0.00000000    0.26941668    0.29427249    0.25944234    0.23509375    0.33754134    0.24632134    0.21380147    0.20283652    0.20840407    0.24142649    0.21248208    0.19358955    0.15972662    0.15972662    0.16234926    0.14478585    0.14478585    0.14516714    0.15054753    0.13410732    0.12929069    0.15231293    0.14973113
T8             0.26941668    0.00000000    0.06722044    0.22959726    0.22260253    0.32378685    0.21973015    0.17667561    0.17420059    0.18221581    0.21738652    0.33858303    0.31583854    0.28979805    0.28979805    0.29957345    0.29100314    0.29100314    0.29186341    0.27612119    0.29512778    0.28905180    0.31972164    0.31630629
T21            0.29427249    0.06722044    0.00000000    0.24084603    0.23607473    0.33318458    0.23315185    0.20071440    0.19816982    0.19816982    0.23132078    0.37012484    0.34982429    0.32909155    0.32909155    0.33962746    0.31000180    0.31000180    0.31778167    0.30468069    0.32765546    0.32126805    0.35403260    0.35039192
T10            0.25944234    0.22959726    0.24084603    0.00000000    0.15293337    0.25881096    0.15554935    0.14497241    0.12750509    0.13789466    0.17101985    0.34364479    0.33110599    0.30204271    0.30204271    0.30534428    0.27426077    0.27426077    0.28211880    0.26593823    0.29190142    0.28268169    0.29957345    0.29629354
T20            0.23509375    0.22260253    0.23607473    0.15293337    0.00000000    0.22812255    0.12230545    0.12439470    0.12207034    0.12721382    0.15212272    0.32474234    0.29950134    0.27212245    0.27212245    0.27519859    0.26074156    0.26074156    0.26128741    0.25551742    0.28170977    0.27267740    0.29226778    0.28905180
T17            0.33754134    0.32378685    0.33318458    0.25881096    0.22812255    0.00000000    0.14650528    0.21316001    0.19952292    0.21948040    0.24466088    0.45138026    0.41693552    0.37423602    0.37423602    0.38156783    0.36838688    0.36838688    0.35762650    0.34750405    0.38751691    0.37333619    0.37154015    0.37519271
T9             0.24632134    0.21973015    0.23315185    0.15554935    0.12230545    0.14650528    0.00000000    0.13175692    0.11964623    0.12721382    0.15953265    0.34097911    0.31511816    0.28395553    0.28395553    0.29024401    0.27239429    0.27239429    0.26074156    0.27392182    0.28057437    0.27161271    0.28454309    0.28140866
T11            0.21380147    0.17667561    0.20071440    0.14497241    0.12439470    0.21316001    0.13175692    0.00000000    0.01829977    0.06075110    0.08995897    0.29190142    0.27392182    0.23315185    0.23315185    0.23901492    0.22812255    0.22812255    0.22576807    0.22605439    0.23777125    0.22933328    0.24735940    0.24438408
T1             0.20283652    0.17420059    0.19816982    0.12750509    0.12207034    0.19952292    0.11964623    0.01829977    0.00000000    0.04983088    0.07851629    0.28905180    0.26494397    0.23581408    0.23581408    0.24169439    0.22496846    0.22496846    0.22260253    0.21427784    0.23799926    0.22954619    0.24764522    0.24466088
T4             0.20840407    0.18221581    0.19816982    0.13789466    0.12721382    0.21948040    0.12721382    0.06075110    0.04983088    0.00000000    0.06961711    0.29476247    0.27671890    0.23532356    0.23532356    0.24116897    0.22448512    0.22448512    0.22496846    0.21380147    0.22647792    0.22383532    0.24764522    0.24466088
T23            0.24142649    0.21738652    0.23132078    0.17101985    0.15212272    0.24466088    0.15953265    0.08995897    0.07851629    0.06961711    0.00000000    0.31957202    0.31075378    0.27639232    0.27639232    0.27952704    0.25882855    0.25882855    0.25944234    0.24466088    0.28170977    0.27267740    0.29876296    0.29550474
T12            0.21248208    0.33858303    0.37012484    0.34364479    0.32474234    0.45138026    0.34097911    0.29190142    0.28905180    0.29476247    0.31957202    0.00000000    0.03910772    0.23487636    0.23487636    0.23785222    0.20963412    0.20963412    0.21019264    0.22207872    0.25126902    0.24555363    0.26466579    0.26466579
T13            0.19358955    0.31583854    0.34982429    0.33110599    0.29950134    0.41693552    0.31511816    0.27392182    0.26494397    0.27671890    0.31075378    0.03910772    0.00000000    0.21248208    0.21248208    0.21534647    0.18808285    0.18808285    0.18309319    0.21432085    0.23426124    0.22868269    0.25338357    0.25030615
T5             0.15972662    0.28979805    0.32909155    0.30204271    0.27212245    0.37423602    0.28395553    0.23315185    0.23581408    0.23532356    0.27639232    0.23487636    0.21248208    0.00000000    0.00000000    0.01007304    0.05413900    0.05413900    0.05426812    0.11552519    0.17438469    0.16664750    0.19082856    0.18808285
T22            0.15972662    0.28979805    0.32909155    0.30204271    0.27212245    0.37423602    0.28395553    0.23315185    0.23581408    0.23532356    0.27639232    0.23487636    0.21248208    0.00000000    0.00000000    0.01007304    0.05413900    0.05413900    0.05426812    0.11552519    0.17438469    0.16664750    0.19082856    0.18808285
T16            0.16234926    0.29957345    0.33962746    0.30534428    0.27519859    0.38156783    0.29024401    0.23901492    0.24169439    0.24116897    0.27952704    0.23785222    0.21534647    0.01007304    0.01007304    0.00000000    0.05633326    0.05633326    0.05647220    0.11796147    0.18201892    0.17420059    0.19864540    0.19586908
T18            0.14478585    0.29100314    0.31000180    0.27426077    0.26074156    0.36838688    0.27239429    0.22812255    0.22496846    0.22448512    0.25882855    0.20963412    0.18808285    0.05413900    0.05413900    0.05633326    0.00000000    0.00000000    0.03285176    0.09912580    0.16403204    0.15642038    0.18015212    0.17745851
T14            0.14478585    0.29100314    0.31000180    0.27426077    0.26074156    0.36838688    0.27239429    0.22812255    0.22496846    0.22448512    0.25882855    0.20963412    0.18808285    0.05413900    0.05413900    0.05633326    0.00000000    0.00000000    0.03285176    0.09912580    0.16403204    0.15642038    0.18015212    0.17745851
T15            0.14516714    0.29186341    0.31778167    0.28211880    0.26128741    0.35762650    0.26074156    0.22576807    0.22260253    0.22496846    0.25944234    0.21019264    0.18309319    0.05426812    0.05426812    0.05647220    0.03285176    0.03285176    0.00000000    0.10176525    0.16438769    0.15675209    0.17520945    0.17253028
T7             0.15054753    0.27612119    0.30468069    0.26593823    0.25551742    0.34750405    0.27392182    0.22605439    0.21427784    0.21380147    0.24466088    0.22207872    0.21432085    0.11552519    0.11552519    0.11796147    0.09912580    0.09912580    0.10176525    0.00000000    0.17477945    0.16701712    0.18633135    0.18358541
T0             0.13410732    0.29512778    0.32765546    0.29190142    0.28170977    0.38751691    0.28057437    0.23777125    0.23799926    0.22647792    0.28170977    0.25126902    0.23426124    0.17438469    0.17438469    0.18201892    0.16403204    0.16403204    0.16438769    0.17477945    0.00000000    0.01006780    0.05222004    0.05002564
T3             0.12929069    0.28905180    0.32126805    0.28268169    0.27267740    0.37333619    0.27161271    0.22933328    0.22954619    0.22383532    0.27267740    0.24555363    0.22868269    0.16664750    0.16664750    0.17420059    0.15642038    0.15642038    0.15675209    0.16701712    0.01006780    0.00000000    0.04573430    0.04356385
T6             0.15231293    0.31972164    0.35403260    0.29957345    0.29226778    0.37154015    0.28454309    0.24735940    0.24764522    0.24764522    0.29876296    0.26466579    0.25338357    0.19082856    0.19082856    0.19864540    0.18015212    0.18015212    0.17520945    0.18633135    0.05222004    0.04573430    0.00000000    0.00603657
T2             0.14973113    0.31630629    0.35039192    0.29629354    0.28905180    0.37519271    0.28140866    0.24438408    0.24466088    0.24466088    0.29550474    0.26466579    0.25030615    0.18808285    0.18808285    0.19586908    0.17745851    0.17745851    0.17253028    0.18358541    0.05002564    0.04356385    0.00603657    0.00000000

