24
T21            0.00000000    0.24590562    0.26669608    0.26745807    0.29023586    0.31544032    0.31005938    0.23134967    0.25196845    0.24087989    0.35047001    0.36902775    0.33264583    0.32521147    0.32384483    0.31962592    0.28700766    0.31978353    0.32569181    0.29308318    0.20709295    0.22551846    0.24623503    0.22871127
T9             0.24590562    0.00000000    0.05861029    0.06549065    0.11082551    0.14479760    0.12551935    0.12027078    0.12999943    0.12551935    0.21985258    0.23134967    0.19918078    0.19336470    0.19819012    0.20842541    0.17522664    0.19692272    0.19918078    0.18311210    0.16196971    0.19613417    0.21021846    0.19361054
T3             0.26669608    0.05861029    0.00000000    0.05861029    0.11539743    0.14444822    0.13266796    0.13233488    0.14479760    0.13518503    0.21918475    0.24200287    0.20939282    0.20682591    0.21171433    0.22212076    0.18287877    0.20198954    0.20709295    0.19361054    0.16684210    0.20120874    0.21308398    0.20993377
T23            0.26745807    0.06549065    0.05861029    0.00000000    0.12303993    0.14479760    0.14581416    0.13518503    0.15034498    0.14323140    0.22801132    0.25468068    0.22146269    0.21308398    0.21796417    0.22842550    0.18884783    0.21692767    0.21918475    0.20255652    0.17522664    0.20453664    0.21596616    0.20765527
T4             0.29023586    0.11082551    0.11539743    0.12303993    0.00000000    0.06051741    0.16521824    0.16178545    0.16684210    0.15954625    0.25810634    0.27084470    0.23344181    0.23371482    0.23584152    0.24659384    0.21455487    0.23164417    0.23106520    0.21146916    0.19775073    0.23079079    0.24022715    0.23399796
T16            0.31544032    0.14479760    0.14444822    0.14479760    0.06051741    0.00000000    0.20226840    0.17974477    0.19038163    0.18560272    0.28539454    0.30092979    0.27186763    0.25068043    0.25038471    0.26380421    0.23106520    0.25774952    0.26013632    0.23665620    0.23106520    0.26909408    0.28908167    0.27895832
T11            0.31005938    0.12551935    0.13266796    0.14581416    0.16521824    0.20226840    0.00000000    0.17009538    0.17254674    0.16257390    0.27230876    0.27780836    0.24355243    0.24926649    0.24828147    0.25980177    0.20939282    0.24728494    0.24355243    0.23523129    0.20939282    0.23490790    0.25847372    0.24961557
T14            0.23134967    0.12027078    0.13233488    0.13518503    0.16178545    0.17974477    0.17009538    0.00000000    0.08531799    0.07642919    0.21886519    0.22236962    0.18787174    0.17726579    0.18472930    0.18434707    0.15435468    0.17522664    0.17747537    0.15676463    0.14921692    0.18493407    0.20426832    0.19061061
T2             0.25196845    0.12999943    0.14479760    0.15034498    0.16684210    0.19038163    0.17254674    0.08531799    0.00000000    0.04545863    0.22146269    0.21642386    0.18765037    0.16684210    0.18493407    0.18685629    0.15713119    0.17545533    0.18039556    0.16743697    0.15713119    0.18787174    0.20736941    0.19084872
T1             0.24087989    0.12551935    0.13518503    0.14323140    0.15954625    0.18560272    0.16257390    0.07642919    0.04545863    0.00000000    0.21951389    0.22289701    0.18560272    0.17500671    0.18787174    0.18974973    0.15472447    0.17569278    0.17792110    0.16236396    0.15213537    0.18810220    0.20198954    0.19440286
T22            0.35047001    0.21985258    0.21918475    0.22801132    0.25810634    0.28539454    0.27230876    0.21886519    0.22146269    0.21951389    0.00000000    0.06933136    0.04777552    0.23362024    0.23855984    0.23788490    0.20570320    0.22279484    0.22505163    0.20825509    0.27379202    0.30048408    0.32078169    0.31441633
T19            0.36902775    0.23134967    0.24200287    0.25468068    0.27084470    0.30092979    0.27780836    0.22236962    0.21642386    0.22289701    0.06933136    0.00000000    0.05393649    0.23991604    0.24497943    0.24739033    0.21481789    0.22317548    0.23134967    0.20328906    0.27956730    0.30637040    0.32299593    0.30673220
T0             0.33264583    0.19918078    0.20939282    0.22146269    0.23344181    0.27186763    0.24355243    0.18787174    0.18765037    0.18560272    0.04777552    0.05393649    0.00000000    0.20736941    0.21223351    0.21455487    0.18063029    0.18859027    0.18810220    0.17769381    0.24527779    0.27084470    0.28984452    0.28380035
T8             0.32521147    0.19336470    0.20682591    0.21308398    0.23371482    0.25068043    0.24926649    0.17726579    0.16684210    0.17500671    0.23362024    0.23991604    0.20736941    0.00000000    0.03486045    0.04331172    0.04573581    0.11598379    0.11811799    0.11598379    0.21975505    0.25339729    0.27186763    0.25674264
T6             0.32384483    0.19819012    0.21171433    0.21796417    0.23584152    0.25038471    0.24828147    0.18472930    0.18493407    0.18787174    0.23855984    0.24497943    0.21223351    0.03486045    0.00000000    0.04962435    0.05853912    0.13033569    0.13249743    0.12535201    0.23002812    0.26657744    0.28839407    0.27300855
T12            0.31962592    0.20842541    0.22212076    0.22842550    0.24659384    0.26380421    0.25980177    0.18434707    0.18685629    0.18974973    0.23788490    0.24739033    0.21455487    0.04331172    0.04962435    0.00000000    0.05841734    0.12722200    0.12942254    0.12476131    0.22915379    0.26051649    0.28144681    0.26631265
T7             0.28700766    0.17522664    0.18287877    0.18884783    0.21455487    0.23106520    0.20939282    0.15435468    0.15713119    0.15472447    0.20570320    0.21481789    0.18063029    0.04573581    0.05853912    0.05841734    0.00000000    0.09728887    0.09938743    0.09255436    0.19500459    0.22738242    0.23904408    0.23052645
T10            0.31978353    0.19692272    0.20198954    0.21692767    0.23164417    0.25774952    0.24728494    0.17522664    0.17545533    0.17569278    0.22279484    0.22317548    0.18859027    0.11598379    0.13033569    0.12722200    0.09728887    0.00000000    0.01617942    0.08126065    0.21665616    0.25009957    0.26597725    0.26254645
T13            0.32569181    0.19918078    0.20709295    0.21918475    0.23106520    0.26013632    0.24355243    0.17747537    0.18039556    0.17792110    0.22505163    0.23134967    0.18810220    0.11811799    0.13249743    0.12942254    0.09938743    0.01617942    0.00000000    0.08333334    0.22474666    0.25857100    0.27465201    0.27117464
T5             0.29308318    0.18311210    0.19361054    0.20255652    0.21146916    0.23665620    0.23523129    0.15676463    0.16743697    0.16236396    0.20825509    0.20328906    0.17769381    0.11598379    0.12535201    0.12476131    0.09255436    0.08126065    0.08333334    0.00000000    0.20265412    0.23534971    0.25310294    0.23851420
T20            0.20709295    0.16196971    0.16684210    0.17522664    0.19775073    0.23106520    0.20939282    0.14921692    0.15713119    0.15213537    0.27379202    0.27956730    0.24527779    0.21975505    0.23002812    0.22915379    0.19500459    0.21665616    0.22474666    0.20265412    0.00000000    0.04966635    0.06499380    0.05622299
T17            0.22551846    0.19613417    0.20120874    0.20453664    0.23079079    0.26909408    0.23490790    0.18493407    0.18787174    0.18810220    0.30048408    0.30637040    0.27084470    0.25339729    0.26657744    0.26051649    0.22738242    0.25009957    0.25857100    0.23534971    0.04966635    0.00000000    0.04129222    0.03281179
T18            0.24623503    0.21021846    0.21308398    0.21596616    0.24022715    0.28908167    0.25847372    0.20426832    0.20736941    0.20198954    0.32078169    0.32299593    0.28984452    0.27186763    0.28839407    0.28144681    0.23904408    0.26597725    0.27465201    0.25310294    0.06499380    0.04129222    0.00000000    0.03281179
T15            0.22871127    0.19361054    0.20993377    0.20765527    0.23399796    0.27895832    0.24961557    0.19061061    0.19084872    0.19440286    0.31441633    0.30673220    0.28380035    0.25674264    0.27300855    0.26631265    0.23052645    0.26254645    0.27117464    0.23851420    0.05622299    0.03281179    0.03281179    0.00000000

