24
T23            0.00000000    0.24458115    0.26011201    0.25399513    0.25671965    0.28777204    0.25160776    0.16702221    0.18202454    0.15401112    0.20793355    0.17814524    0.20793355    0.19663614    0.24690119    0.24588368    0.26081205    0.22666703    0.24924326    0.21079856    0.20568599    0.20283730    0.21467133    0.18309985
T21            0.24458115    0.00000000    0.07156866    0.06710134    0.06927558    0.34162803    0.30166128    0.22606428    0.22761121    0.21453901    0.25500359    0.24085794    0.26743029    0.25500359    0.32368735    0.29714682    0.31495883    0.27815218    0.30247109    0.25808120    0.24959179    0.24959179    0.26233948    0.26081205
T13            0.26011201    0.07156866    0.00000000    0.00401621    0.00602731    0.35744099    0.32337700    0.24495895    0.24657486    0.23316119    0.26772355    0.25036373    0.26158851    0.25552841    0.32337700    0.29088639    0.32513923    0.28803297    0.30599013    0.26464655    0.25308169    0.25914208    0.26560920    0.27360725
T19            0.25399513    0.06710134    0.00401621    0.00000000    0.00200302    0.35026464    0.31663892    0.23902499    0.24069436    0.22736589    0.26158851    0.24439435    0.26158851    0.25552841    0.32337700    0.29088639    0.32513923    0.28803297    0.30599013    0.26464655    0.25308169    0.25914208    0.26560920    0.26741491
T17            0.25671965    0.06927558    0.00602731    0.00200302    0.00000000    0.35333720    0.31959059    0.24170456    0.24339079    0.23001137    0.26434749    0.24709445    0.26434749    0.25826898    0.32635144    0.29375134    0.32812897    0.29088639    0.30891129    0.26741491    0.25581016    0.26188897    0.26837380    0.27019415
T0             0.28777204    0.34162803    0.35744099    0.35026464    0.35333720    0.00000000    0.09775049    0.19865291    0.20305462    0.19036924    0.26045671    0.21688260    0.26980533    0.26045671    0.29266201    0.28587138    0.30416797    0.27742010    0.28943495    0.27613708    0.26743029    0.25500359    0.28061421    0.29345327
T10            0.25160776    0.30166128    0.32337700    0.31663892    0.31959059    0.09775049    0.00000000    0.17232374    0.17668075    0.16439255    0.21999858    0.20374550    0.23457454    0.22577767    0.27815218    0.25552841    0.29266201    0.25399513    0.26560920    0.24655175    0.24119901    0.23224289    0.25069922    0.27892868
T5             0.16702221    0.22606428    0.24495895    0.23902499    0.24170456    0.19865291    0.17232374    0.00000000    0.06062030    0.03914929    0.14754550    0.11552776    0.12983738    0.11999523    0.18038379    0.17173937    0.19587629    0.16215332    0.16702221    0.13987877    0.13517809    0.13050893    0.15077752    0.17768253
T14            0.18202454    0.22761121    0.24657486    0.24069436    0.24339079    0.20305462    0.17668075    0.06062030    0.00000000    0.05186247    0.16215332    0.13202812    0.14160243    0.13163768    0.19288798    0.18148772    0.20305462    0.16910288    0.17934545    0.15177146    0.14698992    0.13718221    0.15752228    0.19014974
T3             0.15401112    0.21453901    0.23316119    0.22736589    0.23001137    0.19036924    0.16439255    0.03914929    0.05186247    0.00000000    0.13987877    0.11069049    0.12735847    0.11756490    0.17232374    0.16387158    0.18264280    0.14955189    0.16215332    0.13734930    0.13266135    0.12303414    0.13789887    0.16966589
T12            0.20793355    0.25500359    0.26772355    0.26158851    0.26434749    0.26045671    0.21999858    0.14754550    0.16215332    0.13987877    0.00000000    0.06297567    0.12041266    0.11069049    0.16543322    0.14890075    0.16160136    0.12954932    0.13923333    0.11310323    0.11095941    0.10854658    0.12090000    0.20735332
T6             0.17814524    0.24085794    0.25036373    0.24439435    0.24709445    0.21688260    0.20374550    0.11552776    0.13202812    0.11069049    0.06297567    0.00000000    0.09676653    0.08743257    0.15251627    0.14427902    0.14160243    0.11285314    0.12941730    0.09912772    0.09701100    0.09464972    0.10672670    0.17768253
T15            0.20793355    0.26743029    0.26158851    0.26158851    0.26434749    0.26980533    0.23457454    0.12983738    0.14160243    0.12735847    0.12041266    0.09676653    0.00000000    0.00806521    0.08553344    0.07834600    0.10817228    0.08071331    0.10363510    0.06529570    0.05877158    0.05434350    0.06990753    0.20170505
T8             0.19663614    0.25500359    0.25552841    0.25552841    0.25826898    0.26045671    0.22577767    0.11999523    0.13163768    0.11756490    0.11069049    0.08743257    0.00806521    0.00000000    0.08090972    0.07381750    0.09870542    0.07163524    0.09890161    0.05639998    0.04995460    0.04560419    0.06091081    0.19059788
T1             0.24690119    0.32368735    0.32337700    0.32337700    0.32635144    0.29266201    0.27815218    0.18038379    0.19288798    0.17232374    0.16543322    0.15251627    0.08553344    0.08090972    0.00000000    0.12489189    0.16742688    0.13752446    0.15471588    0.10868652    0.10176755    0.09938357    0.11860480    0.23723007
T9             0.24588368    0.29714682    0.29088639    0.29088639    0.29375134    0.28587138    0.25552841    0.17173937    0.18148772    0.16387158    0.14890075    0.14427902    0.07834600    0.07381750    0.12489189    0.00000000    0.15385609    0.12462855    0.14905097    0.10828943    0.09901094    0.09901094    0.10841421    0.24288059
T4             0.26081205    0.31495883    0.32513923    0.32513923    0.32812897    0.30416797    0.29266201    0.19587629    0.20305462    0.18264280    0.16160136    0.14160243    0.10817228    0.09870542    0.16742688    0.15385609    0.00000000    0.03067137    0.09665539    0.10363510    0.09676653    0.09890161    0.10137772    0.24320030
T11            0.22666703    0.27815218    0.28803297    0.28803297    0.29088639    0.27742010    0.25399513    0.16215332    0.16910288    0.14955189    0.12954932    0.11285314    0.08071331    0.07163524    0.13752446    0.12462855    0.03067137    0.00000000    0.07381750    0.07405396    0.06745347    0.06953553    0.07414691    0.21221744
T7             0.24924326    0.30247109    0.30599013    0.30599013    0.30891129    0.28943495    0.26560920    0.16702221    0.17934545    0.16215332    0.13923333    0.12941730    0.10363510    0.09890161    0.15471588    0.14905097    0.09665539    0.07381750    0.00000000    0.09912772    0.09229962    0.08974965    0.09925194    0.24020620
T18            0.21079856    0.25808120    0.26464655    0.26464655    0.26741491    0.27613708    0.24655175    0.13987877    0.15177146    0.13734930    0.11310323    0.09912772    0.06529570    0.05639998    0.10868652    0.10828943    0.10363510    0.07405396    0.09912772    0.00000000    0.01007306    0.02857434    0.04134416    0.18832879
T16            0.20568599    0.24959179    0.25308169    0.25308169    0.25581016    0.26743029    0.24119901    0.13517809    0.14698992    0.13266135    0.11095941    0.09701100    0.05877158    0.04995460    0.10176755    0.09901094    0.09676653    0.06745347    0.09229962    0.01007306    0.00000000    0.02236612    0.03502770    0.19108248
T22            0.20283730    0.24959179    0.25914208    0.25914208    0.26188897    0.25500359    0.23224289    0.13050893    0.13718221    0.12303414    0.10854658    0.09464972    0.05434350    0.04560419    0.09938357    0.09901094    0.09890161    0.06953553    0.08974965    0.02857434    0.02236612    0.00000000    0.03705944    0.18559031
T20            0.21467133    0.26233948    0.26560920    0.26560920    0.26837380    0.28061421    0.25069922    0.15077752    0.15752228    0.13789887    0.12090000    0.10672670    0.06990753    0.06091081    0.11860480    0.10841421    0.10137772    0.07414691    0.09925194    0.04134416    0.03502770    0.03705944    0.00000000    0.19411526
T2             0.18309985    0.26081205    0.27360725    0.26741491    0.27019415    0.29345327    0.27892868    0.17768253    0.19014974    0.16966589    0.20735332    0.17768253    0.20170505    0.19059788    0.23723007    0.24288059    0.24320030    0.21221744    0.24020620    0.18832879    0.19108248    0.18559031    0.19411526    0.00000000

