24
T23            0.00000000    0.41926352    0.43909915    0.44597162    0.43492476    0.41722813    0.41789119    0.47656643    0.48102082    0.42968332    0.41664201    0.45615688    0.40994356    0.45439159    0.44837093    0.42667985    0.43492476    0.42478620    0.43078519    0.46845051    0.47025924    0.41002536    0.41002536    0.41593400
T21            0.41926352    0.00000000    0.01824892    0.02647179    0.04977910    0.04331073    0.04334803    0.11526192    0.12012220    0.13672440    0.14159688    0.16457515    0.14337299    0.15433945    0.15400448    0.14650293    0.15159963    0.14665472    0.15384970    0.15883940    0.16965704    0.13634595    0.13634595    0.18470843
T17            0.43909915    0.01824892    0.00000000    0.02027777    0.04757361    0.04114722    0.04117321    0.11756098    0.12243311    0.13908715    0.14397407    0.16701376    0.13833421    0.15674921    0.15641771    0.14411936    0.15400448    0.14650293    0.15626477    0.16126959    0.17211122    0.13871453    0.13871453    0.18721385
T7             0.44597162    0.02647179    0.02027777    0.00000000    0.05610531    0.04962338    0.04964088    0.12196325    0.12683502    0.14862007    0.15356570    0.17457406    0.15543600    0.16647275    0.16615577    0.15854588    0.16370836    0.15612040    0.16601048    0.17107679    0.17933653    0.14827165    0.14827165    0.19459668
T2             0.43492476    0.04977910    0.04757361    0.05610531    0.00000000    0.03902345    0.03481532    0.11014960    0.11492775    0.13634595    0.14120522    0.17457406    0.14311374    0.16420245    0.16126959    0.15370343    0.15883940    0.15129491    0.15854588    0.16356111    0.17438122    0.14098579    0.14098579    0.18953674
T14            0.41722813    0.04331073    0.04114722    0.04962338    0.03902345    0.00000000    0.00805174    0.10795790    0.11273622    0.13387382    0.13871453    0.16927356    0.14559173    0.14904474    0.14622443    0.13883046    0.14383710    0.13646389    0.15115524    0.15356570    0.16420245    0.12887487    0.12887487    0.18182749
T18            0.41789119    0.04334803    0.04117321    0.04964088    0.03481532    0.00805174    0.00000000    0.10331543    0.10805958    0.13398554    0.13883046    0.16946093    0.14319163    0.15433945    0.15144304    0.14397407    0.14904474    0.14159688    0.15129491    0.15370343    0.16438449    0.12653044    0.12653044    0.18201521
T16            0.47656643    0.11526192    0.11756098    0.12196325    0.11014960    0.10795790    0.10331543    0.00000000    0.01415518    0.16876407    0.17649895    0.19839816    0.18886322    0.17724569    0.17915607    0.18131885    0.18666141    0.17649895    0.18398294    0.18918136    0.19772716    0.17617940    0.17617940    0.23340768
T1             0.48102082    0.12012220    0.12243311    0.12683502    0.11492775    0.11273622    0.10805958    0.01415518    0.00000000    0.18201521    0.18451337    0.20118200    0.19154878    0.17724569    0.17915607    0.18131885    0.18666141    0.17649895    0.18131885    0.18649570    0.19225189    0.17882226    0.17882226    0.23340768
T15            0.42968332    0.13672440    0.13908715    0.14862007    0.13634595    0.13387382    0.13398554    0.16876407    0.18201521    0.00000000    0.01008448    0.13717632    0.14622443    0.15490504    0.16498225    0.15952951    0.16477441    0.15751384    0.14954487    0.15451959    0.16808836    0.13922785    0.13922785    0.18037321
T13            0.41664201    0.14159688    0.14397407    0.15356570    0.14120522    0.13871453    0.13883046    0.17649895    0.18451337    0.01008448    0.00000000    0.13953379    0.14862007    0.15731004    0.16741780    0.16195277    0.16721146    0.15992567    0.14681483    0.15692770    0.17052821    0.13937673    0.13937673    0.18285617
T6             0.45615688    0.16457515    0.16701376    0.17457406    0.17457406    0.16927356    0.16946093    0.19839816    0.20118200    0.13717632    0.13953379    0.00000000    0.16386435    0.18882172    0.18882172    0.17767240    0.18581931    0.18110174    0.17007533    0.17745462    0.18882172    0.16420245    0.16420245    0.20706317
T0             0.40994356    0.14337299    0.13833421    0.15543600    0.14311374    0.14559173    0.14319163    0.18886322    0.19154878    0.14622443    0.14862007    0.16386435    0.00000000    0.15400448    0.15883940    0.15356570    0.16126959    0.15144304    0.15102408    0.16370836    0.17457406    0.13387382    0.13387382    0.17633467
T11            0.45439159    0.15433945    0.15674921    0.16647275    0.16420245    0.14904474    0.15433945    0.17724569    0.17724569    0.15490504    0.15731004    0.18882172    0.15400448    0.00000000    0.06305533    0.06729028    0.07178795    0.06529412    0.11810806    0.12534078    0.13362414    0.12534078    0.12534078    0.16808836
T22            0.44837093    0.15400448    0.15641771    0.16615577    0.16126959    0.14622443    0.15144304    0.17915607    0.17915607    0.16498225    0.16741780    0.18882172    0.15883940    0.06305533    0.00000000    0.03485979    0.03910756    0.03285161    0.11781901    0.11795967    0.12568229    0.12257030    0.12257030    0.16763274
T4             0.42667985    0.14650293    0.14411936    0.15854588    0.15370343    0.13883046    0.14397407    0.18131885    0.18131885    0.15952951    0.16195277    0.17767240    0.15356570    0.06729028    0.03485979    0.00000000    0.01210991    0.02859922    0.11284951    0.11297051    0.12550763    0.11756098    0.11756098    0.16741780
T12            0.43492476    0.15159963    0.15400448    0.16370836    0.15883940    0.14383710    0.14904474    0.18666141    0.18666141    0.16477441    0.16721146    0.18581931    0.16126959    0.07178795    0.03910756    0.01210991    0.00000000    0.03281107    0.11284951    0.11297051    0.12550763    0.12243311    0.12243311    0.17274717
T10            0.42478620    0.14665472    0.14650293    0.15612040    0.15129491    0.13646389    0.14159688    0.17649895    0.17649895    0.15751384    0.15992567    0.18110174    0.15144304    0.06529412    0.03285161    0.02859922    0.03281107    0.00000000    0.11323559    0.11337960    0.12605489    0.10828589    0.10828589    0.16013643
T5             0.43078519    0.15384970    0.15626477    0.16601048    0.15854588    0.15115524    0.15129491    0.18398294    0.18131885    0.14954487    0.14681483    0.17007533    0.15102408    0.11810806    0.11781901    0.11284951    0.11284951    0.11323559    0.00000000    0.06493302    0.07632675    0.12243311    0.12243311    0.17101549
T9             0.46845051    0.15883940    0.16126959    0.17107679    0.16356111    0.15356570    0.15370343    0.18918136    0.18649570    0.15451959    0.15692770    0.17745462    0.16370836    0.12534078    0.11795967    0.11297051    0.11297051    0.11337960    0.06493302    0.00000000    0.06499134    0.12721194    0.12721194    0.17346131
T3             0.47025924    0.16965704    0.17211122    0.17933653    0.17438122    0.16420245    0.16438449    0.19772716    0.19225189    0.16808836    0.17052821    0.18882172    0.17457406    0.13362414    0.12568229    0.12550763    0.12550763    0.12605489    0.07632675    0.06499134    0.00000000    0.14005369    0.14005369    0.18219602
T19            0.41002536    0.13634595    0.13871453    0.14827165    0.14098579    0.12887487    0.12653044    0.17617940    0.17882226    0.13922785    0.13937673    0.16420245    0.13387382    0.12534078    0.12257030    0.11756098    0.12243311    0.10828589    0.12243311    0.12721194    0.14005369    0.00000000    0.00000000    0.09676354
T8             0.41002536    0.13634595    0.13871453    0.14827165    0.14098579    0.12887487    0.12653044    0.17617940    0.17882226    0.13922785    0.13937673    0.16420245    0.13387382    0.12534078    0.12257030    0.11756098    0.12243311    0.10828589    0.12243311    0.12721194    0.14005369    0.00000000    0.00000000    0.09676354
T20            0.41593400    0.18470843    0.18721385    0.19459668    0.18953674    0.18182749    0.18201521    0.23340768    0.23340768    0.18037321    0.18285617    0.20706317    0.17633467    0.16808836    0.16763274    0.16741780    0.17274717    0.16013643    0.17101549    0.17346131    0.18219602    0.09676354    0.09676354    0.00000000

