24
T5             0.00000000    0.25259082    0.26279689    0.25122760    0.24583116    0.24314821    0.23422514    0.26279689    0.24282998    0.27092113    0.27092113    0.25635298    0.25878841    0.25332465    0.26736281    0.26246557    0.26279689    0.32211575    0.29623377    0.34053108    0.29421006    0.34063141    0.34236237    0.32705728
T18            0.25259082    0.00000000    0.09476840    0.08332343    0.08080218    0.08344441    0.08762578    0.11795205    0.09452151    0.11667014    0.11420391    0.09207064    0.09889395    0.09440905    0.09504442    0.10387430    0.10400950    0.22139778    0.20475966    0.23956440    0.19052412    0.21532665    0.21645330    0.20984762
T16            0.26279689    0.09476840    0.00000000    0.02660644    0.03489128    0.06090696    0.08040268    0.11023648    0.08948288    0.11596520    0.11109348    0.08941084    0.09158403    0.08711577    0.09687658    0.10340841    0.09879253    0.23422514    0.20603419    0.26267761    0.21138689    0.22567921    0.22980140    0.22012861
T9             0.25122760    0.08332343    0.02660644    0.00000000    0.02444516    0.05442154    0.07150593    0.10095594    0.08046817    0.10415214    0.09937396    0.07813892    0.08483126    0.08040268    0.08541411    0.09187884    0.08733790    0.22022743    0.20371145    0.25333454    0.19773696    0.21106643    0.21790082    0.20850683
T7             0.24583116    0.08080218    0.03489128    0.02444516    0.00000000    0.05426591    0.07588542    0.10313837    0.08489266    0.10867541    0.10626906    0.07804007    0.08473059    0.08029350    0.08984460    0.09403302    0.08948288    0.22257164    0.20603419    0.26187532    0.19715068    0.21621336    0.21719758    0.20789193
T4             0.24314821    0.08344441    0.06090696    0.05442154    0.05426591    0.00000000    0.08062082    0.11296411    0.08974319    0.11402249    0.11157453    0.08274755    0.08948288    0.08503742    0.09019242    0.09900283    0.09911914    0.23219392    0.21531442    0.26625839    0.20373812    0.23202874    0.23934749    0.22940934
T23            0.23422514    0.08762578    0.08040268    0.07150593    0.07588542    0.08062082    0.00000000    0.03910684    0.01824875    0.07434789    0.07206825    0.08034445    0.08024987    0.07808586    0.08300319    0.08948288    0.08956230    0.22283862    0.20627134    0.24452276    0.19184126    0.21428374    0.21826651    0.20310111
T10            0.26279689    0.11795205    0.11023648    0.10095594    0.10313837    0.11296411    0.03910684    0.00000000    0.04549850    0.09937396    0.09700200    0.10558119    0.10998466    0.10777316    0.11309247    0.11732828    0.11743745    0.25394126    0.22545949    0.27051637    0.21590421    0.23919408    0.24339192    0.23354289
T1             0.24282998    0.09452151    0.08948288    0.08046817    0.08489266    0.08974319    0.01824875    0.04549850    0.00000000    0.08112761    0.07882156    0.08711577    0.08700458    0.08483126    0.08984460    0.09171656    0.09179399    0.23128604    0.21450139    0.25333454    0.20279631    0.21978243    0.21790082    0.21428374
T22            0.27092113    0.11667014    0.11596520    0.10415214    0.10867541    0.11402249    0.07434789    0.09937396    0.08112761    0.00000000    0.00603652    0.10136904    0.11309247    0.11094820    0.10445964    0.11613008    0.11630254    0.24416392    0.22693492    0.28008925    0.22719193    0.25043101    0.25815727    0.25087995
T17            0.27092113    0.11420391    0.11109348    0.09937396    0.10626906    0.11157453    0.07206825    0.09700200    0.07882156    0.00603652    0.00000000    0.09900283    0.11068038    0.10853604    0.10205314    0.11368219    0.11384857    0.24114428    0.22400422    0.28669064    0.22419894    0.25989420    0.26783610    0.26037347
T12            0.25635298    0.09207064    0.08941084    0.07813892    0.07804007    0.08274755    0.08034445    0.10558119    0.08711577    0.10136904    0.09900283    0.00000000    0.05399496    0.04973334    0.07404913    0.09861219    0.09869860    0.22231449    0.20580652    0.25914721    0.19743929    0.21653199    0.22344151    0.21978243
T20            0.25878841    0.09889395    0.09158403    0.08483126    0.08473059    0.08948288    0.08024987    0.10998466    0.08700458    0.11309247    0.11068038    0.05399496    0.00000000    0.00401208    0.07842321    0.10313837    0.10322077    0.22283862    0.21141927    0.27092113    0.20661001    0.23654452    0.24380144    0.23994463
T19            0.25332465    0.09440905    0.08711577    0.08040268    0.08029350    0.08503742    0.07808586    0.10777316    0.08483126    0.11094820    0.10853604    0.04973334    0.00401208    0.00000000    0.07632345    0.09861219    0.09869860    0.21762586    0.20627134    0.26541498    0.20153955    0.23127458    0.23849767    0.23465771
T2             0.26736281    0.09504442    0.09687658    0.08541411    0.08984460    0.09019242    0.08300319    0.11309247    0.08984460    0.10445964    0.10205314    0.07404913    0.07842321    0.07632345    0.00000000    0.10175731    0.10190154    0.23251637    0.21560456    0.25411944    0.19271332    0.22122387    0.23061428    0.22679943
T15            0.26246557    0.10387430    0.10340841    0.09187884    0.09403302    0.09900283    0.08948288    0.11732828    0.09171656    0.11613008    0.11368219    0.09861219    0.10313837    0.09861219    0.10175731    0.00000000    0.01212546    0.24583116    0.23157873    0.28053480    0.21826651    0.23729631    0.24380144    0.24605887
T0             0.26279689    0.10400950    0.09879253    0.08733790    0.08948288    0.09911914    0.08956230    0.11743745    0.09179399    0.11630254    0.11384857    0.09869860    0.10322077    0.09869860    0.10190154    0.01212546    0.00000000    0.24615853    0.22894215    0.28098159    0.22084935    0.23691550    0.23808742    0.24033477
T14            0.32211575    0.22139778    0.23422514    0.22022743    0.22257164    0.23219392    0.22283862    0.25394126    0.23128604    0.24416392    0.24114428    0.22231449    0.22283862    0.21762586    0.23251637    0.24583116    0.24615853    0.00000000    0.07170479    0.31870295    0.25876117    0.28853244    0.29081748    0.28333464
T3             0.29623377    0.20475966    0.20603419    0.20371145    0.20603419    0.21531442    0.20627134    0.22545949    0.21450139    0.22693492    0.22400422    0.20580652    0.21141927    0.20627134    0.21560456    0.23157873    0.22894215    0.07170479    0.00000000    0.29951163    0.25025882    0.27567349    0.27453086    0.26736281
T11            0.34053108    0.23956440    0.26267761    0.25333454    0.26187532    0.26625839    0.24452276    0.27051637    0.25333454    0.28008925    0.28669064    0.25914721    0.27092113    0.26541498    0.25411944    0.28053480    0.28098159    0.31870295    0.29951163    0.00000000    0.14990703    0.18331102    0.18684684    0.17589680
T6             0.29421006    0.19052412    0.21138689    0.19773696    0.19715068    0.20373812    0.19184126    0.21590421    0.20279631    0.22719193    0.22419894    0.19743929    0.20661001    0.20153955    0.19271332    0.21826651    0.22084935    0.25876117    0.25025882    0.14990703    0.00000000    0.14320119    0.15122581    0.14556410
T21            0.34063141    0.21532665    0.22567921    0.21106643    0.21621336    0.23202874    0.21428374    0.23919408    0.21978243    0.25043101    0.25989420    0.21653199    0.23654452    0.23127458    0.22122387    0.23729631    0.23691550    0.28853244    0.27567349    0.18331102    0.14320119    0.00000000    0.03919569    0.03910684
T8             0.34236237    0.21645330    0.22980140    0.21790082    0.21719758    0.23934749    0.21826651    0.24339192    0.21790082    0.25815727    0.26783610    0.22344151    0.24380144    0.23849767    0.23061428    0.24380144    0.23808742    0.29081748    0.27453086    0.18684684    0.15122581    0.03919569    0.00000000    0.02034175
T13            0.32705728    0.20984762    0.22012861    0.20850683    0.20789193    0.22940934    0.20310111    0.23354289    0.21428374    0.25087995    0.26037347    0.21978243    0.23994463    0.23465771    0.22679943    0.24605887    0.24033477    0.28333464    0.26736281    0.17589680    0.14556410    0.03910684    0.02034175    0.00000000

