24
T16            0.00000000    0.25266847    0.24199656    0.23801940    0.24340201    0.23903791    0.26103422    0.22028017    0.27298155    0.22994807    0.24423771    0.23258191    0.25856361    0.23825849    0.25527076    0.27083666    0.14224631    0.14224631    0.14461670    0.15694116    0.11975899    0.14207409    0.11769344    0.12736238
T12            0.25266847    0.00000000    0.11324318    0.11999847    0.12218942    0.10602168    0.13164100    0.12126839    0.16939848    0.14818185    0.15774189    0.14066008    0.23665023    0.22841998    0.25433710    0.26012908    0.27378407    0.27060717    0.26706412    0.29898424    0.27420165    0.27186135    0.25341675    0.26004127
T2             0.24199656    0.11324318    0.00000000    0.05860997    0.06290242    0.04791575    0.06493487    0.12503933    0.17568967    0.14974137    0.16459013    0.13971015    0.22142845    0.21338038    0.24440741    0.25309594    0.27500591    0.27185967    0.26221634    0.27185967    0.26047434    0.26982505    0.24258558    0.23694221
T8             0.23801940    0.11999847    0.05860997    0.00000000    0.02854365    0.05640085    0.07814366    0.13437882    0.18559920    0.15935774    0.17174578    0.14160668    0.22065287    0.21262114    0.23757250    0.24905826    0.26743061    0.26436257    0.25501008    0.27923244    0.25309594    0.25915753    0.24144891    0.23583545
T20            0.24340201    0.12218942    0.06290242    0.02854365    0.00000000    0.05627523    0.07588973    0.13164100    0.18243553    0.15642956    0.16877700    0.13883888    0.22312536    0.21506942    0.22859987    0.24567351    0.27300022    0.26991325    0.25155444    0.28488537    0.25856361    0.26466216    0.24388367    0.23825849
T9             0.23903791    0.10602168    0.04791575    0.05640085    0.05627523    0.00000000    0.03481570    0.11769344    0.16499847    0.14207409    0.15676211    0.13217859    0.21298100    0.20779613    0.23850796    0.24710758    0.26873328    0.26562647    0.25611747    0.27743894    0.26047434    0.26668851    0.24258558    0.23694221
T1             0.26103422    0.13164100    0.06493487    0.07814366    0.07588973    0.03481570    0.00000000    0.14121373    0.19037787    0.16372053    0.18149395    0.15613126    0.24005665    0.23468325    0.26050873    0.26327430    0.29479825    0.29158116    0.28173980    0.29345026    0.27610654    0.28237818    0.26713246    0.25885517
T5             0.22028017    0.12126839    0.12503933    0.13437882    0.13164100    0.11769344    0.14121373    0.00000000    0.06314603    0.07405540    0.08054693    0.05847446    0.19796160    0.19015802    0.21455003    0.22289177    0.26157398    0.25846668    0.23990994    0.27656439    0.22930714    0.24121541    0.21795923    0.23291625
T17            0.27298155    0.16939848    0.17568967    0.18559920    0.18243553    0.16499847    0.19037787    0.06314603    0.00000000    0.11096277    0.10806522    0.09207965    0.24622864    0.23787898    0.25809930    0.27021070    0.30233260    0.29898424    0.27895000    0.31732960    0.27895000    0.28625026    0.27698146    0.27420165
T13            0.22994807    0.14818185    0.14974137    0.15935774    0.15642956    0.14207409    0.16372053    0.07405540    0.11096277    0.00000000    0.04120663    0.05195548    0.21405297    0.20328468    0.23399215    0.23428541    0.24960903    0.24656835    0.22551308    0.28019960    0.24087382    0.24156711    0.23291625    0.23926897
T10            0.24423771    0.15774189    0.16459013    0.17174578    0.16877700    0.15676211    0.18149395    0.08054693    0.10806522    0.04120663    0.00000000    0.06051703    0.23960902    0.22841998    0.25433710    0.25467380    0.27378407    0.26745050    0.25467380    0.29565835    0.25846668    0.25612554    0.25033815    0.25612554
T14            0.23258191    0.14066008    0.13971015    0.14160668    0.13883888    0.13217859    0.15613126    0.05847446    0.09207965    0.05195548    0.06051703    0.00000000    0.21429665    0.20351536    0.23134402    0.23990994    0.26784761    0.26470087    0.23694221    0.28063818    0.24054237    0.24121541    0.22375666    0.23590230
T0             0.25856361    0.23665023    0.22142845    0.22065287    0.22312536    0.21298100    0.24005665    0.19796160    0.24622864    0.21405297    0.23960902    0.21429665    0.00000000    0.02034235    0.09207965    0.10375861    0.28908707    0.28908707    0.28237818    0.30291809    0.27116664    0.27185967    0.26529414    0.27817224
T22            0.23825849    0.22841998    0.21338038    0.21262114    0.21506942    0.20779613    0.23468325    0.19015802    0.23787898    0.20328468    0.22841998    0.20351536    0.02034235    0.00000000    0.07615484    0.08985352    0.26773980    0.26773980    0.26743061    0.27780002    0.25037790    0.25706057    0.24468498    0.25947065
T6             0.25527076    0.25433710    0.24440741    0.23757250    0.22859987    0.23850796    0.26050873    0.21455003    0.25809930    0.23399215    0.25433710    0.23134402    0.09207965    0.07615484    0.00000000    0.07827223    0.30168362    0.30168362    0.29479825    0.30914538    0.27083666    0.28097641    0.26497269    0.28097641
T4             0.27083666    0.26012908    0.25309594    0.24905826    0.24567351    0.24710758    0.26327430    0.22289177    0.27021070    0.23428541    0.25467380    0.23990994    0.10375861    0.08985352    0.07827223    0.00000000    0.31792205    0.31792205    0.31413133    0.30871147    0.27989620    0.29022674    0.26160351    0.28624853
T15            0.14224631    0.27378407    0.27500591    0.26743061    0.27300022    0.26873328    0.29479825    0.26157398    0.30233260    0.24960903    0.27378407    0.26784761    0.28908707    0.26773980    0.30168362    0.31792205    0.00000000    0.00401622    0.05853879    0.18584011    0.15712869    0.17031525    0.14993357    0.15843050
T19            0.14224631    0.27060717    0.27185967    0.26436257    0.26991325    0.26562647    0.29158116    0.25846668    0.29898424    0.24656835    0.26745050    0.26470087    0.28908707    0.26773980    0.30168362    0.31792205    0.00401622    0.00000000    0.05853879    0.18039224    0.15712869    0.17031525    0.14993357    0.15579298
T7             0.14461670    0.26706412    0.26221634    0.25501008    0.25155444    0.25611747    0.28173980    0.23990994    0.27895000    0.22551308    0.25467380    0.23694221    0.28237818    0.26743061    0.29479825    0.31413133    0.05853879    0.05853879    0.00000000    0.19060686    0.15694116    0.17009245    0.14461670    0.15294558
T23            0.15694116    0.29898424    0.27185967    0.27923244    0.28488537    0.27743894    0.29345026    0.27656439    0.31732960    0.28019960    0.29565835    0.28063818    0.30291809    0.27780002    0.30914538    0.30871147    0.18584011    0.18039224    0.19060686    0.00000000    0.11756793    0.12984153    0.17276509    0.16499847
T3             0.11975899    0.27420165    0.26047434    0.25309594    0.25856361    0.26047434    0.27610654    0.22930714    0.27895000    0.24087382    0.25846668    0.24054237    0.27116664    0.25037790    0.27083666    0.27989620    0.15712869    0.15712869    0.15694116    0.11756793    0.00000000    0.07396938    0.13483733    0.13752963
T11            0.14207409    0.27186135    0.26982505    0.25915753    0.26466216    0.26668851    0.28237818    0.24121541    0.28625026    0.24156711    0.25612554    0.24121541    0.27185967    0.25706057    0.28097641    0.29022674    0.17031525    0.17031525    0.17009245    0.12984153    0.07396938    0.00000000    0.15013403    0.16037223
T18            0.11769344    0.25341675    0.24258558    0.24144891    0.24388367    0.24258558    0.26713246    0.21795923    0.27698146    0.23291625    0.25033815    0.22375666    0.26529414    0.24468498    0.26497269    0.26160351    0.14993357    0.14993357    0.14461670    0.17276509    0.13483733    0.15013403    0.00000000    0.12767022
T21            0.12736238    0.26004127    0.23694221    0.23583545    0.23825849    0.23694221    0.25885517    0.23291625    0.27420165    0.23926897    0.25612554    0.23590230    0.27817224    0.25947065    0.28097641    0.28624853    0.15843050    0.15579298    0.15294558    0.16499847    0.13752963    0.16037223    0.12767022    0.00000000

