24
T22            0.00000000    0.19585852    0.24224551    0.14650009    0.15400129    0.14972466    0.18285098    0.14145548    0.14383453    0.13686430    0.20026963    0.16402546    0.16926959    0.16630638    0.17138244    0.20500384    0.18784335    0.14189639    0.16682080    0.17971981    0.18201073    0.18450885    0.18762285    0.13410320
T0             0.19585852    0.00000000    0.19287152    0.11474265    0.12428782    0.13953090    0.15934049    0.14849288    0.15089890    0.14635677    0.19951440    0.16860849    0.17122344    0.16316925    0.16820569    0.19379439    0.18741143    0.21219613    0.22866807    0.26351924    0.27849635    0.28129926    0.26868155    0.20653378
T18            0.24224551    0.19287152    0.00000000    0.16438059    0.16945681    0.19585852    0.21737364    0.20093528    0.20348749    0.19888571    0.24044625    0.21055464    0.21055464    0.22424676    0.22975703    0.25174865    0.24195739    0.25125145    0.26492564    0.31242897    0.32511803    0.32465214    0.31447975    0.27292318
T23            0.14650009    0.11474265    0.16438059    0.00000000    0.04566499    0.08274966    0.11744187    0.09383142    0.09608418    0.09171896    0.14609527    0.11954353    0.11954353    0.11459069    0.11929271    0.14551423    0.13908463    0.15971937    0.18262747    0.20477695    0.21505171    0.21193281    0.21478014    0.16720721
T7             0.15400129    0.12428782    0.16945681    0.04566499    0.00000000    0.09188157    0.11975052    0.10306640    0.10534299    0.09628209    0.14849288    0.11945194    0.11945194    0.12169301    0.12644349    0.14544740    0.13895227    0.16477020    0.18557373    0.21246900    0.22633561    0.22896259    0.22024561    0.16700967
T14            0.14972466    0.13953090    0.19585852    0.08274966    0.09188157    0.00000000    0.09241698    0.10589502    0.10816729    0.10387867    0.16700967    0.12982961    0.12243097    0.12462223    0.12941052    0.16402546    0.14516052    0.16589368    0.18632041    0.21397549    0.22500295    0.22466728    0.22173565    0.17616408
T11            0.18285098    0.15934049    0.21737364    0.11744187    0.11975052    0.09241698    0.00000000    0.13686430    0.13922521    0.13232052    0.20372664    0.15934049    0.15416441    0.15384664    0.15626168    0.18490770    0.17274232    0.18383396    0.20535798    0.23023926    0.23850754    0.24116871    0.23816643    0.18881564
T3             0.14145548    0.14849288    0.20093528    0.09383142    0.10306640    0.10589502    0.13686430    0.00000000    0.00200301    0.01824887    0.15115246    0.11235950    0.11253143    0.11697376    0.12169301    0.16084527    0.12968192    0.16457110    0.18490770    0.21219613    0.22603989    0.22866807    0.22285696    0.17210690
T21            0.14383453    0.15089890    0.20348749    0.09608418    0.10534299    0.10816729    0.13922521    0.00200301    0.00000000    0.02029512    0.15356288    0.11466271    0.11483047    0.11929271    0.12402569    0.16328998    0.13202061    0.16700967    0.18470374    0.21193281    0.22575401    0.22838346    0.22258942    0.17456970
T2             0.13686430    0.14635677    0.19888571    0.09171896    0.09628209    0.10387867    0.13232052    0.01824887    0.02029512    0.00000000    0.15159647    0.11262911    0.11284775    0.11244155    0.11713729    0.15356288    0.13265237    0.16255079    0.18285098    0.21304323    0.22402494    0.22664113    0.21505171    0.17274232
T10            0.20026963    0.19951440    0.24044625    0.14609527    0.14849288    0.16700967    0.20372664    0.15115246    0.15356288    0.15159647    0.00000000    0.07163313    0.07615098    0.17369515    0.17881843    0.19663480    0.18720912    0.21426585    0.22495563    0.25942432    0.26801117    0.27078745    0.26461647    0.22810879
T13            0.16402546    0.16860849    0.21055464    0.11954353    0.11945194    0.12982961    0.15934049    0.11235950    0.11466271    0.11262911    0.07163313    0.00000000    0.02444537    0.13613286    0.14098364    0.16820569    0.15899569    0.17191257    0.19793604    0.21997670    0.22810879    0.23074944    0.21922865    0.18490770
T15            0.16926959    0.17122344    0.21055464    0.11954353    0.11945194    0.12243097    0.15416441    0.11253143    0.11483047    0.11284775    0.07615098    0.02444537    0.00000000    0.13122562    0.13603985    0.17080000    0.15899569    0.17456970    0.19518342    0.21997670    0.23395388    0.23661166    0.22784409    0.19035292
T16            0.16630638    0.16316925    0.22424676    0.11459069    0.12169301    0.12462223    0.15384664    0.11697376    0.11929271    0.11244155    0.17369515    0.13613286    0.13122562    0.00000000    0.01210046    0.14347413    0.14120289    0.18490770    0.20582086    0.21764389    0.23751429    0.24017842    0.23074944    0.18450885
T20            0.17138244    0.16820569    0.22975703    0.11929271    0.12644349    0.12941052    0.15626168    0.12169301    0.12402569    0.11713729    0.17881843    0.14098364    0.13603985    0.01210046    0.00000000    0.15089890    0.14358587    0.19013397    0.21120031    0.22838346    0.24854791    0.25125145    0.23340002    0.18972354
T9             0.20500384    0.19379439    0.25174865    0.14551423    0.14544740    0.16402546    0.18490770    0.16084527    0.16328998    0.15356288    0.19663480    0.16820569    0.17080000    0.14347413    0.15089890    0.00000000    0.18414639    0.21899896    0.24977922    0.25523120    0.26680194    0.27265957    0.26046969    0.21899896
T1             0.18784335    0.18741143    0.24195739    0.13908463    0.13895227    0.14516052    0.17274232    0.12968192    0.13202061    0.13265237    0.18720912    0.15899569    0.15899569    0.14120289    0.14358587    0.18414639    0.00000000    0.20168511    0.22024561    0.23720331    0.23956893    0.24823128    0.24224551    0.21246900
T19            0.14189639    0.21219613    0.25125145    0.15971937    0.16477020    0.16589368    0.18383396    0.16457110    0.16700967    0.16255079    0.21426585    0.17191257    0.17456970    0.18490770    0.19013397    0.21899896    0.20168511    0.00000000    0.09700601    0.12089177    0.13516862    0.13751491    0.13068681    0.10430730
T6             0.16682080    0.22866807    0.26492564    0.18262747    0.18557373    0.18632041    0.20535798    0.18490770    0.18470374    0.18285098    0.22495563    0.19793604    0.19518342    0.20582086    0.21120031    0.24977922    0.22024561    0.09700601    0.00000000    0.13499231    0.14954146    0.15193459    0.14972466    0.13301595
T4             0.17971981    0.26351924    0.31242897    0.20477695    0.21246900    0.21397549    0.23023926    0.21219613    0.21193281    0.21304323    0.25942432    0.21997670    0.21997670    0.21764389    0.22838346    0.25523120    0.23720331    0.12089177    0.13499231    0.00000000    0.03483414    0.03692545    0.07375091    0.13516862
T12            0.18201073    0.27849635    0.32511803    0.21505171    0.22633561    0.22500295    0.23850754    0.22603989    0.22575401    0.22402494    0.26801117    0.22810879    0.23395388    0.23751429    0.24854791    0.26680194    0.23956893    0.13516862    0.14954146    0.03483414    0.00000000    0.00602729    0.08711781    0.14496606
T8             0.18450885    0.28129926    0.32465214    0.21193281    0.22896259    0.22466728    0.24116871    0.22866807    0.22838346    0.22664113    0.27078745    0.23074944    0.23661166    0.24017842    0.25125145    0.27265957    0.24823128    0.13751491    0.15193459    0.03692545    0.00602729    0.00000000    0.08934829    0.14734130
T5             0.18762285    0.26868155    0.31447975    0.21478014    0.22024561    0.22173565    0.23816643    0.22285696    0.22258942    0.21505171    0.26461647    0.21922865    0.22784409    0.23074944    0.23340002    0.26046969    0.24224551    0.13068681    0.14972466    0.07375091    0.08711781    0.08934829    0.00000000    0.14991614
T17            0.13410320    0.20653378    0.27292318    0.16720721    0.16700967    0.17616408    0.18881564    0.17210690    0.17456970    0.17274232    0.22810879    0.18490770    0.19035292    0.18450885    0.18972354    0.21899896    0.21246900    0.10430730    0.13301595    0.13516862    0.14496606    0.14734130    0.14991614    0.00000000

