24
T7             0.00000000    0.33093186    0.40450790    0.17563842    0.14277604    0.14751569    0.16078871    0.17912494    0.16805802    0.20192031    0.18932193    0.16495633    0.17517684    0.16760543    0.16474993    0.20958855    0.20729687    0.20502620    0.20219641    0.19032854    0.17435859    0.13048367    0.12039393    0.13246857
T18            0.33093186    0.00000000    0.10557918    0.34473482    0.31869122    0.32806868    0.35019826    0.36377232    0.34957181    0.38148656    0.37589324    0.33446134    0.36199022    0.35945609    0.34806578    0.37685732    0.36936823    0.39355591    0.38577359    0.38395626    0.37693771    0.35200604    0.34776896    0.34776896
T22            0.40450790    0.10557918    0.00000000    0.41790422    0.39034211    0.40073667    0.40546257    0.41766125    0.39821699    0.43363705    0.44034567    0.37659256    0.40978381    0.39545674    0.38350165    0.41771965    0.40978381    0.43285137    0.42458517    0.42384959    0.42050302    0.42098641    0.40799494    0.40399446
T20            0.17563842    0.34473482    0.41790422    0.00000000    0.06932594    0.08034394    0.13481020    0.14204532    0.13187256    0.20907209    0.19079080    0.19222721    0.20557891    0.20045840    0.18664101    0.23552090    0.22731637    0.22309836    0.21734103    0.24818864    0.23657453    0.18218673    0.16874669    0.18699709
T14            0.14277604    0.31869122    0.39034211    0.06932594    0.00000000    0.02236560    0.08994985    0.10148679    0.09196858    0.16943807    0.15209894    0.16401006    0.17683196    0.16662417    0.15610598    0.20836867    0.20045840    0.18260411    0.17722022    0.21190165    0.20090845    0.14918589    0.14396009    0.15128019
T16            0.14751569    0.32806868    0.40073667    0.08034394    0.02236560    0.00000000    0.10125122    0.11296006    0.10330861    0.17170971    0.15431998    0.17153423    0.18448979    0.17417605    0.16354596    0.21636401    0.20836867    0.20139583    0.19583140    0.21708221    0.20602251    0.15914810    0.15128019    0.15867285
T11            0.16078871    0.35019826    0.40546257    0.13481020    0.08994985    0.10125122    0.00000000    0.03073566    0.02028110    0.18531806    0.16760543    0.17702165    0.19011105    0.17969905    0.16890638    0.21943926    0.21140708    0.19055513    0.18509748    0.22600221    0.21474739    0.16232128    0.15690704    0.16436280
T13            0.17912494    0.36377232    0.41766125    0.14204532    0.10148679    0.11296006    0.03073566    0.00000000    0.01417479    0.19307236    0.17517684    0.19011105    0.20346082    0.19011105    0.18180528    0.23336658    0.22517973    0.20675892    0.20114749    0.23126861    0.21994425    0.17786887    0.16963274    0.18260411
T17            0.16805802    0.34957181    0.39821699    0.13187256    0.09196858    0.10330861    0.02028110    0.01417479    0.00000000    0.18468331    0.16699079    0.17913517    0.19222721    0.17913517    0.17106089    0.22159265    0.21354268    0.19537513    0.18990268    0.22517973    0.21399558    0.16963274    0.15898112    0.17170971
T1             0.20192031    0.38148656    0.43363705    0.20907209    0.16943807    0.17170971    0.18531806    0.19307236    0.18468331    0.00000000    0.03274890    0.17896517    0.19476012    0.18430535    0.17647932    0.22422172    0.21897345    0.19607334    0.19055513    0.26863087    0.25970035    0.21474739    0.19537513    0.20090845
T2             0.18932193    0.37589324    0.44034567    0.19079080    0.15209894    0.15431998    0.16760543    0.17517684    0.16699079    0.03274890    0.00000000    0.16925210    0.18218673    0.17722022    0.17170971    0.21683308    0.20882809    0.18628979    0.18081675    0.25491998    0.24312647    0.20702321    0.18509748    0.19559866
T6             0.16495633    0.33446134    0.37659256    0.19222721    0.16401006    0.17153423    0.17702165    0.19011105    0.17913517    0.17896517    0.16925210    0.00000000    0.02862991    0.03073566    0.02859859    0.07381240    0.06721656    0.14952521    0.14696472    0.23045444    0.22205514    0.18718888    0.18162809    0.19749621
T0             0.17517684    0.36199022    0.40978381    0.20557891    0.17683196    0.18448979    0.19011105    0.20346082    0.19222721    0.19476012    0.18218673    0.02862991    0.00000000    0.04344063    0.03697820    0.08046697    0.07381240    0.16474993    0.16212187    0.24220671    0.23363655    0.19769950    0.19749621    0.21376428
T23            0.16760543    0.35945609    0.39545674    0.20045840    0.16662417    0.17417605    0.17969905    0.19011105    0.17913517    0.18430535    0.17722022    0.03073566    0.04344063    0.00000000    0.02650614    0.07607090    0.06945478    0.14952521    0.14696472    0.23045444    0.22205514    0.18990268    0.18162809    0.19749621
T9             0.16474993    0.34806578    0.38350165    0.18664101    0.15610598    0.16354596    0.16890638    0.18180528    0.17106089    0.17647932    0.17170971    0.02859859    0.03697820    0.02650614    0.00000000    0.06927208    0.06271718    0.14935140    0.14679752    0.22444628    0.21614413    0.17368172    0.17616253    0.19186008
T4             0.20958855    0.37685732    0.41771965    0.23552090    0.20836867    0.21636401    0.21943926    0.23336658    0.22159265    0.22422172    0.21683308    0.07381240    0.08046697    0.07607090    0.06927208    0.00000000    0.01210979    0.19263138    0.18990268    0.28013760    0.27106783    0.23020311    0.23285697    0.24407058
T8             0.20729687    0.36936823    0.40978381    0.22731637    0.20045840    0.20836867    0.21140708    0.22517973    0.21354268    0.21897345    0.20882809    0.06721656    0.07381240    0.06945478    0.06271718    0.01210979    0.00000000    0.18488588    0.18218673    0.27453698    0.26552813    0.22205514    0.22468082    0.23576902
T15            0.20502620    0.39355591    0.43285137    0.22309836    0.18260411    0.20139583    0.19055513    0.20675892    0.19537513    0.19607334    0.18628979    0.14952521    0.16474993    0.14952521    0.14935140    0.19263138    0.18488588    0.00000000    0.00401617    0.27286280    0.26072484    0.20882809    0.20301396    0.22230121
T21            0.20219641    0.38577359    0.42458517    0.21734103    0.17722022    0.19583140    0.18509748    0.20114749    0.18990268    0.19055513    0.18081675    0.14696472    0.16212187    0.14696472    0.14679752    0.18990268    0.18218673    0.00401617    0.00000000    0.27286280    0.26072484    0.20323267    0.20301396    0.22230121
T19            0.19032854    0.38395626    0.42384959    0.24818864    0.21190165    0.21708221    0.22600221    0.23126861    0.22517973    0.26863087    0.25491998    0.23045444    0.24220671    0.23045444    0.22444628    0.28013760    0.27453698    0.27286280    0.27286280    0.00000000    0.02656630    0.22517973    0.22205514    0.22159265
T12            0.17435859    0.37693771    0.42050302    0.23657453    0.20090845    0.20602251    0.21474739    0.21994425    0.21399558    0.25970035    0.24312647    0.22205514    0.23363655    0.22205514    0.21614413    0.27106783    0.26552813    0.26072484    0.26072484    0.02656630    0.00000000    0.21968687    0.21659368    0.21614413
T5             0.13048367    0.35200604    0.42098641    0.18218673    0.14918589    0.15914810    0.16232128    0.17786887    0.16963274    0.21474739    0.20702321    0.18718888    0.19769950    0.18990268    0.17368172    0.23020311    0.22205514    0.20882809    0.20323267    0.22517973    0.21968687    0.00000000    0.10125122    0.10815997
T10            0.12039393    0.34776896    0.40799494    0.16874669    0.14396009    0.15128019    0.15690704    0.16963274    0.15898112    0.19537513    0.18509748    0.18162809    0.19749621    0.18162809    0.17616253    0.23285697    0.22468082    0.20301396    0.20301396    0.22205514    0.21659368    0.10125122    0.00000000    0.02236560
T3             0.13246857    0.34776896    0.40399446    0.18699709    0.15128019    0.15867285    0.16436280    0.18260411    0.17170971    0.20090845    0.19559866    0.19749621    0.21376428    0.19749621    0.19186008    0.24407058    0.23576902    0.22230121    0.22230121    0.22159265    0.21614413    0.10815997    0.02236560    0.00000000

