24
T5             0.00000000    0.35117923    0.40267259    0.41583916    0.39740586    0.34829503    0.34175008    0.32208747    0.17519056    0.17541799    0.21245426    0.21996216    0.19561282    0.18880315    0.17497188    0.19561282    0.16614569    0.17137499    0.15611150    0.15342849    0.12916726    0.16341347    0.18431427    0.18700674
T11            0.35117923    0.00000000    0.14515302    0.14222483    0.13247669    0.12474526    0.11998498    0.10578083    0.33499887    0.34152847    0.38009654    0.37889101    0.35531706    0.35531706    0.37063801    0.39030452    0.36666760    0.36406976    0.36516320    0.36828743    0.34614152    0.41583916    0.43557889    0.43557889
T16            0.40267259    0.14515302    0.00000000    0.08357302    0.07458233    0.13968978    0.13481818    0.12025437    0.38135783    0.38453948    0.41543406    0.42059738    0.40337345    0.39549268    0.42285653    0.44399221    0.40720600    0.40065804    0.40458240    0.40786453    0.41619889    0.45171823    0.49564599    0.49564599
T7             0.41583916    0.14222483    0.08357302    0.00000000    0.01210985    0.13685899    0.13201564    0.11755527    0.38390108    0.39094446    0.41252536    0.42995643    0.41252536    0.40458240    0.44219603    0.46390763    0.41649340    0.41779995    0.41381300    0.41713899    0.43374626    0.46574409    0.48264565    0.48264565
T18            0.39740586    0.13247669    0.07458233    0.01210985    0.00000000    0.12967698    0.12488034    0.10816399    0.36261905    0.36943551    0.39030452    0.40720600    0.39030452    0.38266646    0.42543779    0.44664208    0.39434451    0.39552528    0.39169195    0.39492759    0.41064804    0.44165498    0.45787806    0.45787806
T20            0.34829503    0.12474526    0.13968978    0.13685899    0.12967698    0.00000000    0.00805171    0.04539309    0.33915110    0.35991946    0.39169195    0.38036628    0.36666760    0.36303052    0.35991946    0.37194667    0.35402349    0.34437666    0.35490248    0.35800221    0.35275002    0.40413800    0.41132484    0.41132484
T13            0.34175008    0.11998498    0.13481818    0.13201564    0.12488034    0.00805171    0.00000000    0.04114675    0.32585573    0.34614411    0.38092015    0.36615501    0.35275002    0.34920372    0.34967787    0.36157368    0.34396769    0.33445538    0.34479881    0.34786054    0.34614411    0.39702588    0.41192397    0.41192397
T4             0.32208747    0.10578083    0.12025437    0.11755527    0.10816399    0.04539309    0.04114675    0.00000000    0.30992091    0.32288109    0.35275002    0.34829503    0.32925653    0.32585573    0.32968292    0.35181603    0.32432290    0.32844164    0.32506411    0.32805321    0.32968292    0.38301939    0.40532021    0.40532021
T14            0.17519056    0.33499887    0.38135783    0.38390108    0.36261905    0.33915110    0.32585573    0.30992091    0.00000000    0.03281056    0.06305315    0.07808619    0.05408314    0.06067988    0.19157101    0.20704228    0.18761248    0.19034207    0.19080649    0.18783258    0.15971120    0.21363848    0.23319475    0.23618741
T15            0.17541799    0.34152847    0.38453948    0.39094446    0.36943551    0.35991946    0.34614411    0.32288109    0.03281056    0.00000000    0.06297234    0.08040304    0.05841406    0.06505480    0.20250355    0.21819737    0.19286059    0.19286059    0.19382006    0.19080649    0.16476156    0.22140116    0.24416808    0.24720633
T22            0.21245426    0.38009654    0.41543406    0.41252536    0.39030452    0.39169195    0.38092015    0.35275002    0.06305315    0.06297234    0.00000000    0.11023716    0.08984512    0.09217810    0.23056310    0.24684821    0.21503687    0.21503687    0.22432341    0.21819737    0.19940226    0.25333913    0.27731510    0.28054054
T10            0.21996216    0.37889101    0.42059738    0.42995643    0.40720600    0.38036628    0.36615501    0.34829503    0.07808619    0.08040304    0.11023716    0.00000000    0.06260031    0.08489305    0.23219757    0.24852833    0.22207022    0.21637720    0.23422872    0.23100674    0.19838038    0.25972604    0.28447748    0.28770252
T8             0.19561282    0.35531706    0.40337345    0.41252536    0.39030452    0.36666760    0.35275002    0.32925653    0.05408314    0.05841406    0.08984512    0.06260031    0.00000000    0.06488031    0.21880418    0.23484176    0.20047095    0.20047095    0.21218189    0.20908852    0.17744019    0.23219757    0.25530498    0.25839021
T23            0.18880315    0.35531706    0.39549268    0.40458240    0.38266646    0.36303052    0.34920372    0.32585573    0.06067988    0.06505480    0.09217810    0.08489305    0.06488031    0.00000000    0.21653534    0.23252009    0.18991412    0.18991412    0.20141294    0.19838038    0.17565413    0.23285249    0.24149796    0.24452700
T6             0.17497188    0.37063801    0.42285653    0.44219603    0.42543779    0.35991946    0.34967787    0.32968292    0.19157101    0.20250355    0.23056310    0.23219757    0.21880418    0.21653534    0.00000000    0.02650635    0.12765239    0.13014308    0.13087495    0.12817054    0.15291702    0.20760139    0.22464885    0.22759718
T12            0.19561282    0.39030452    0.44399221    0.46390763    0.44664208    0.37194667    0.36157368    0.35181603    0.20704228    0.21819737    0.24684821    0.24852833    0.23484176    0.23252009    0.02650635    0.00000000    0.14442542    0.14189045    0.14259174    0.13986266    0.17028277    0.22340523    0.24381929    0.24684821
T3             0.16614569    0.36666760    0.40720600    0.41649340    0.39434451    0.35402349    0.34396769    0.32432290    0.18761248    0.19286059    0.21503687    0.22207022    0.20047095    0.18991412    0.12765239    0.14442542    0.00000000    0.05408314    0.08062121    0.07826706    0.15128616    0.19517283    0.21166576    0.21450432
T17            0.17137499    0.36406976    0.40065804    0.41779995    0.39552528    0.34437666    0.33445538    0.32844164    0.19034207    0.19286059    0.21503687    0.21637720    0.20047095    0.18991412    0.13014308    0.14189045    0.05408314    0.00000000    0.08752304    0.08742705    0.16419109    0.20347539    0.20884332    0.21166576
T1             0.15611150    0.36516320    0.40458240    0.41381300    0.39169195    0.35490248    0.34479881    0.32506411    0.19080649    0.19382006    0.22432341    0.23422872    0.21218189    0.20141294    0.13087495    0.14259174    0.08062121    0.08752304    0.00000000    0.01619086    0.14935989    0.19792496    0.20324610    0.20603683
T0             0.15342849    0.36828743    0.40786453    0.41713899    0.39492759    0.35800221    0.34786054    0.32805321    0.18783258    0.19080649    0.21819737    0.23100674    0.20908852    0.19838038    0.12817054    0.13986266    0.07826706    0.08742705    0.01619086    0.00000000    0.14664572    0.19496675    0.20025889    0.20302625
T2             0.12916726    0.34614152    0.41619889    0.43374626    0.41064804    0.35275002    0.34614411    0.32968292    0.15971120    0.16476156    0.19940226    0.19838038    0.17744019    0.17565413    0.15291702    0.17028277    0.15128616    0.16419109    0.14935989    0.14664572    0.00000000    0.11309328    0.11781264    0.12025437
T9             0.16341347    0.41583916    0.45171823    0.46574409    0.44165498    0.40413800    0.39702588    0.38301939    0.21363848    0.22140116    0.25333913    0.25972604    0.23219757    0.23285249    0.20760139    0.22340523    0.19517283    0.20347539    0.19792496    0.19496675    0.11309328    0.00000000    0.09937464    0.10175803
T21            0.18431427    0.43557889    0.49564599    0.48264565    0.45787806    0.41132484    0.41192397    0.40532021    0.23319475    0.24416808    0.27731510    0.28447748    0.25530498    0.24149796    0.22464885    0.24381929    0.21166576    0.20884332    0.20324610    0.20025889    0.11781264    0.09937464    0.00000000    0.00200404
T19            0.18700674    0.43557889    0.49564599    0.48264565    0.45787806    0.41132484    0.41192397    0.40532021    0.23618741    0.24720633    0.28054054    0.28770252    0.25839021    0.24452700    0.22759718    0.24684821    0.21450432    0.21166576    0.20603683    0.20302625    0.12025437    0.10175803    0.00200404    0.00000000

