24
T12            0.00000000    0.22952764    0.21846361    0.21877083    0.22397373    0.20054028    0.18081090    0.21135662    0.19993958    0.21528728    0.20085422    0.19771041    0.21941381    0.23777878    0.20218898    0.19937528    0.20957946    0.19910684    0.19712580    0.20728859    0.19835662    0.19937528    0.21908757    0.21733045
T0             0.22952764    0.00000000    0.01209721    0.17249337    0.18508991    0.15708772    0.13657308    0.16983024    0.14970303    0.25119253    0.23018238    0.22690325    0.25255155    0.27731356    0.23390404    0.22228913    0.25000008    0.23895102    0.24412662    0.25728408    0.28565868    0.26496391    0.28609239    0.26771193
T22            0.21846361    0.01209721    0.00000000    0.16231619    0.17474356    0.14713596    0.12693790    0.15969508    0.14204123    0.23981481    0.21974954    0.21650127    0.24181538    0.26551162    0.22281164    0.21707122    0.23868349    0.22779937    0.23281456    0.24579666    0.27047047    0.25021875    0.27405628    0.25600089
T16            0.21877083    0.17249337    0.16231619    0.00000000    0.04120436    0.12532225    0.10340326    0.14003036    0.11767200    0.23125662    0.22009472    0.21682840    0.23915628    0.23390404    0.20419302    0.20138738    0.21967534    0.20906223    0.21618357    0.21500753    0.26309951    0.24915038    0.26895602    0.25798060
T7             0.22397373    0.18508991    0.17474356    0.04120436    0.00000000    0.12996904    0.10794757    0.14475936    0.12719570    0.23656140    0.22825520    0.22494693    0.24448438    0.24219284    0.20931612    0.20649465    0.22491266    0.21422567    0.23018238    0.22891209    0.27803980    0.26381343    0.26183166    0.25422898
T13            0.20054028    0.15708772    0.14713596    0.12532225    0.12996904    0.00000000    0.05426404    0.09059860    0.11123815    0.23315573    0.21053820    0.20726751    0.22340530    0.23281456    0.19460770    0.18628379    0.20701458    0.19657741    0.20592748    0.20757193    0.24985239    0.23315573    0.23725658    0.23579678
T8             0.18081090    0.13657308    0.12693790    0.10340326    0.10794757    0.05426404    0.00000000    0.06074646    0.08973895    0.19835662    0.18739844    0.18433959    0.20561535    0.19768964    0.16943162    0.16156858    0.18161917    0.17152673    0.18602720    0.18238345    0.21707122    0.20113868    0.21329643    0.20649465
T23            0.21135662    0.16983024    0.15969508    0.14003036    0.14475936    0.09059860    0.06074646    0.00000000    0.12070635    0.25059531    0.23360921    0.23016185    0.24684175    0.23449511    0.19910684    0.19631686    0.22020068    0.20957946    0.21682840    0.21846361    0.24915038    0.22658951    0.25803158    0.25021875
T5             0.19993958    0.14970303    0.14204123    0.11767200    0.12719570    0.11123815    0.08973895    0.12070635    0.00000000    0.21215368    0.19550110    0.19238838    0.20879813    0.21139630    0.17454305    0.17188714    0.19768964    0.18467504    0.19684707    0.19631686    0.22833593    0.21500753    0.24561801    0.23579678
T19            0.21528728    0.25119253    0.23981481    0.23125662    0.23656140    0.23315573    0.19835662    0.25059531    0.21215368    0.00000000    0.08955857    0.08717924    0.11261948    0.22281164    0.19306419    0.19582314    0.20322261    0.19283875    0.19078340    0.20089927    0.25456253    0.24915038    0.27214868    0.26811601
T9             0.20085422    0.23018238    0.21974954    0.22009472    0.22825520    0.21053820    0.18739844    0.23360921    0.19550110    0.08955857    0.00000000    0.00602726    0.03492907    0.20307329    0.17123261    0.16319938    0.18056940    0.17049289    0.16906135    0.17612980    0.24485221    0.22529057    0.25175561    0.25532605
T3             0.19771041    0.22690325    0.21650127    0.21682840    0.22494693    0.20726751    0.18433959    0.23016185    0.19238838    0.08717924    0.00602726    0.00000000    0.03277601    0.19993958    0.16829263    0.16032386    0.17539757    0.16760021    0.16611172    0.17317770    0.24145684    0.22790270    0.24815515    0.25178607
T2             0.21941381    0.25255155    0.24181538    0.23915628    0.24448438    0.22340530    0.20561535    0.24684175    0.20879813    0.11261948    0.03492907    0.03277601    0.00000000    0.21877083    0.18628379    0.18353981    0.19582314    0.18554070    0.17859118    0.18577950    0.26456984    0.25059531    0.26208838    0.27214868
T1             0.23777878    0.27731356    0.26551162    0.23390404    0.24219284    0.23281456    0.19768964    0.23449511    0.21139630    0.22281164    0.20307329    0.19993958    0.21877083    0.00000000    0.03274861    0.05632950    0.13200568    0.12255440    0.18877872    0.18827700    0.27138763    0.25728408    0.28284794    0.29264549
T20            0.20218898    0.23390404    0.22281164    0.20419302    0.20931612    0.19460770    0.16943162    0.19910684    0.17454305    0.19306419    0.17123261    0.16829263    0.18628379    0.03274861    0.00000000    0.02242084    0.09429932    0.08530496    0.15029939    0.14989361    0.24248969    0.22891209    0.23879697    0.25329302
T18            0.19937528    0.22228913    0.21707122    0.20138738    0.20649465    0.18628379    0.16156858    0.19631686    0.17188714    0.19582314    0.16319938    0.16032386    0.18353981    0.05632950    0.02242084    0.00000000    0.08964510    0.08070439    0.14771219    0.14731986    0.24548054    0.23185013    0.23579678    0.24645962
T4             0.20957946    0.25000008    0.23868349    0.21967534    0.22491266    0.20701458    0.18161917    0.22020068    0.19768964    0.20322261    0.18056940    0.17539757    0.19582314    0.13200568    0.09429932    0.08964510    0.00000000    0.01210037    0.15431482    0.15881621    0.25875441    0.24487913    0.24645962    0.25728408
T10            0.19910684    0.23895102    0.22779937    0.20906223    0.21422567    0.19657741    0.17152673    0.20957946    0.18467504    0.19283875    0.17049289    0.16760021    0.18554070    0.12255440    0.08530496    0.08070439    0.01210037    0.00000000    0.14458207    0.14648270    0.24162992    0.22806268    0.24377895    0.25151674
T21            0.19712580    0.24412662    0.23281456    0.21618357    0.23018238    0.20592748    0.18602720    0.21682840    0.19684707    0.19078340    0.16906135    0.16611172    0.17859118    0.18877872    0.15029939    0.14771219    0.15431482    0.14458207    0.00000000    0.07170210    0.24012305    0.23248323    0.25803158    0.25638641
T11            0.20728859    0.25728408    0.24579666    0.21500753    0.22891209    0.20757193    0.18238345    0.21846361    0.19631686    0.20089927    0.17612980    0.17317770    0.18577950    0.18827700    0.14989361    0.14731986    0.15881621    0.14648270    0.07170210    0.00000000    0.24190624    0.22833593    0.25021875    0.26418634
T6             0.19835662    0.28565868    0.27047047    0.26309951    0.27803980    0.24985239    0.21707122    0.24915038    0.22833593    0.25456253    0.24485221    0.24145684    0.26456984    0.27138763    0.24248969    0.24548054    0.25875441    0.24162992    0.24012305    0.24190624    0.00000000    0.03914713    0.24949626    0.25728408
T15            0.19937528    0.26496391    0.25021875    0.24915038    0.26381343    0.23315573    0.20113868    0.22658951    0.21500753    0.24915038    0.22529057    0.22790270    0.25059531    0.25728408    0.22891209    0.23185013    0.24487913    0.22806268    0.23248323    0.22833593    0.03914713    0.00000000    0.23879697    0.25185133
T17            0.21908757    0.28609239    0.27405628    0.26895602    0.26183166    0.23725658    0.21329643    0.25803158    0.24561801    0.27214868    0.25175561    0.24815515    0.26208838    0.28284794    0.23879697    0.23579678    0.24645962    0.24377895    0.25803158    0.25021875    0.24949626    0.23879697    0.00000000    0.12205575
T14            0.21733045    0.26771193    0.25600089    0.25798060    0.25422898    0.23579678    0.20649465    0.25021875    0.23579678    0.26811601    0.25532605    0.25178607    0.27214868    0.29264549    0.25329302    0.24645962    0.25728408    0.25151674    0.25638641    0.26418634    0.25728408    0.25185133    0.12205575    0.00000000

