24
T6             0.00000000    0.19987714    0.26696677    0.25979437    0.24285034    0.25707859    0.19543483    0.19262350    0.22295647    0.21708576    0.21417611    0.22368723    0.22666644    0.19454812    0.18676696    0.22724502    0.23118738    0.24303290    0.24004504    0.23677814    0.24004504    0.24036077    0.14201503    0.24540161
T12            0.19987714    0.00000000    0.12731590    0.12485176    0.10147053    0.12964642    0.18623132    0.17854149    0.20185413    0.20241181    0.20241181    0.19454812    0.21160967    0.17781865    0.17337576    0.25049810    0.25176328    0.25481510    0.24571509    0.24840743    0.24271828    0.24603876    0.15765841    0.27036072
T9             0.26696677    0.12731590    0.00000000    0.14810052    0.12102714    0.15833636    0.26335537    0.25791511    0.27436021    0.28404962    0.28404962    0.28171488    0.29493423    0.25590055    0.24819336    0.31384194    0.32830321    0.32144469    0.31556431    0.31849852    0.32830321    0.32878658    0.24475711    0.37534129
T21            0.25979437    0.12485176    0.14810052    0.00000000    0.06735618    0.10123638    0.24707065    0.24780906    0.26408421    0.28079886    0.27436021    0.27202532    0.28498702    0.24369244    0.23307117    0.30141746    0.31556431    0.32237611    0.31219299    0.31511579    0.31895858    0.31264197    0.22390087    0.34230981
T22            0.24285034    0.10147053    0.12102714    0.06735618    0.00000000    0.07613892    0.23044031    0.22520742    0.24707065    0.25087980    0.24475711    0.24551689    0.25791511    0.22714837    0.21675179    0.29566992    0.29646922    0.29646922    0.28674900    0.28958387    0.28996807    0.29036356    0.19931718    0.33382406
T3             0.25707859    0.12964642    0.15833636    0.10123638    0.07613892    0.00000000    0.24439220    0.23307117    0.26446457    0.27159326    0.26525680    0.26293271    0.26926926    0.24707065    0.22453500    0.30760194    0.30180972    0.30510311    0.29528747    0.29815639    0.29853793    0.29566992    0.21550968    0.33329161
T11            0.19543483    0.18623132    0.26335537    0.24707065    0.23044031    0.24439220    0.00000000    0.02857271    0.06709228    0.06498270    0.06276496    0.06511851    0.06735618    0.06727981    0.06969227    0.24271828    0.24102229    0.24102229    0.23802539    0.24068653    0.23802539    0.23240399    0.16292494    0.27671722
T10            0.19262350    0.17854149    0.25791511    0.24780906    0.22520742    0.23307117    0.02857271    0.00000000    0.06276496    0.06511851    0.06289084    0.06528178    0.06752956    0.06296406    0.06537366    0.23738182    0.23044031    0.22747891    0.22747891    0.23010098    0.22453500    0.22193116    0.15286321    0.26485544
T23            0.22295647    0.20185413    0.27436021    0.26408421    0.24707065    0.26446457    0.06709228    0.06276496    0.00000000    0.06487456    0.06266666    0.06498270    0.06721035    0.08053067    0.08299022    0.25414320    0.25176328    0.25176328    0.24271828    0.25143147    0.24271828    0.24906285    0.17267091    0.30106921
T1             0.21708576    0.20241181    0.28404962    0.28079886    0.25087980    0.27159326    0.06498270    0.06511851    0.06487456    0.00000000    0.02440572    0.03066933    0.03277480    0.07841225    0.08551014    0.25719498    0.24637260    0.24637260    0.24335763    0.24603876    0.24036077    0.24369244    0.16512680    0.28553524
T19            0.21417611    0.20241181    0.28404962    0.27436021    0.24475711    0.26525680    0.06276496    0.06289084    0.06266666    0.02440572    0.00000000    0.02857271    0.03066933    0.08069598    0.08319458    0.25481510    0.24637260    0.24637260    0.24335763    0.24603876    0.24036077    0.24369244    0.16512680    0.28230562
T20            0.22368723    0.19454812    0.28171488    0.27202532    0.24551689    0.26293271    0.06511851    0.06528178    0.06498270    0.03066933    0.02857271    0.00000000    0.01833282    0.07859545    0.08575365    0.25481510    0.24707065    0.24707065    0.23802539    0.24068653    0.24102229    0.24439220    0.16824766    0.28640649
T4             0.22666644    0.21160967    0.29493423    0.28498702    0.25791511    0.26926926    0.06735618    0.06752956    0.06721035    0.03277480    0.03066933    0.01833282    0.00000000    0.08551014    0.08809094    0.26721260    0.25628297    0.25628297    0.25319325    0.25590055    0.25012255    0.25357631    0.17093048    0.29297217
T2             0.19454812    0.17781865    0.25590055    0.24369244    0.22714837    0.24707065    0.06727981    0.06296406    0.08053067    0.07841225    0.08069598    0.07859545    0.08551014    0.00000000    0.06960393    0.23118738    0.24136803    0.23836208    0.23836208    0.24102229    0.23537414    0.23870867    0.15225108    0.27630743
T15            0.18676696    0.17337576    0.24819336    0.23307117    0.21675179    0.22453500    0.06969227    0.06537366    0.08299022    0.08551014    0.08319458    0.08575365    0.08809094    0.06960393    0.00000000    0.22651623    0.22651623    0.23240399    0.22945143    0.23208509    0.22651623    0.22977134    0.15005876    0.28035706
T0             0.22724502    0.25049810    0.31384194    0.30141746    0.29566992    0.30760194    0.24271828    0.23738182    0.25414320    0.25719498    0.25481510    0.25481510    0.26721260    0.23118738    0.22651623    0.00000000    0.25867570    0.26477909    0.25867570    0.26142269    0.25321349    0.25351294    0.22223009    0.36068850
T7             0.23118738    0.25176328    0.32830321    0.31556431    0.29646922    0.30180972    0.24102229    0.23044031    0.25176328    0.24637260    0.24637260    0.24707065    0.25628297    0.24136803    0.22651623    0.25867570    0.00000000    0.03914508    0.03710443    0.03919234    0.03914508    0.03705528    0.22564078    0.33335102
T17            0.24303290    0.25481510    0.32144469    0.32237611    0.29646922    0.30510311    0.24102229    0.22747891    0.25176328    0.24637260    0.24637260    0.24707065    0.25628297    0.23836208    0.23240399    0.26477909    0.03914508    0.00000000    0.02862860    0.03069851    0.03277480    0.03069851    0.22564078    0.34735716
T14            0.24004504    0.24571509    0.31556431    0.31219299    0.28674900    0.29528747    0.23802539    0.22747891    0.24271828    0.24335763    0.24335763    0.23802539    0.25319325    0.23836208    0.22945143    0.25867570    0.03710443    0.02862860    0.00000000    0.01008416    0.03277480    0.03069851    0.22274821    0.34381858
T16            0.23677814    0.24840743    0.31849852    0.31511579    0.28958387    0.29815639    0.24068653    0.23010098    0.25143147    0.24603876    0.24603876    0.24068653    0.25590055    0.24102229    0.23208509    0.26142269    0.03919234    0.03069851    0.01008416    0.00000000    0.03485754    0.03277480    0.22536847    0.34686276
T13            0.24004504    0.24271828    0.32830321    0.31895858    0.28996807    0.29853793    0.23802539    0.22453500    0.24271828    0.24036077    0.24036077    0.24102229    0.25012255    0.23537414    0.22651623    0.25321349    0.03914508    0.03277480    0.03277480    0.03485754    0.00000000    0.01414116    0.21987231    0.34030493
T8             0.24036077    0.24603876    0.32878658    0.31264197    0.29036356    0.29566992    0.23240399    0.22193116    0.24906285    0.24369244    0.24369244    0.24439220    0.25357631    0.23870867    0.22977134    0.25351294    0.03705528    0.03069851    0.03069851    0.03277480    0.01414116    0.00000000    0.22302186    0.34431324
T5             0.14201503    0.15765841    0.24475711    0.22390087    0.19931718    0.21550968    0.16292494    0.15286321    0.17267091    0.16512680    0.16512680    0.16824766    0.17093048    0.15225108    0.15005876    0.22223009    0.22564078    0.22564078    0.22274821    0.22536847    0.21987231    0.22302186    0.00000000    0.16801012
T18            0.24540161    0.27036072    0.37534129    0.34230981    0.33382406    0.33329161    0.27671722    0.26485544    0.30106921    0.28553524    0.28230562    0.28640649    0.29297217    0.27630743    0.28035706    0.36068850    0.33335102    0.34735716    0.34381858    0.34686276    0.34030493    0.34431324    0.16801012    0.00000000

