24
T3             0.00000000    0.32647687    0.32647687    0.30636806    0.30636806    0.29319507    0.28469567    0.28469567    0.31510061    0.31554891    0.31266214    0.31050150    0.35250016    0.29444664    0.31759929    0.30429502    0.29814338    0.28600066    0.27589670    0.30840404    0.29852475    0.29280053    0.29280053    0.28751766
T17            0.32647687    0.00000000    0.00200402    0.18846728    0.18572578    0.20750187    0.18597146    0.18597146    0.22225549    0.22944342    0.20061517    0.20084326    0.23869967    0.19261734    0.22274109    0.20387580    0.19853983    0.19348557    0.19203336    0.22913339    0.21235655    0.21579894    0.21579894    0.21035301
T0             0.32647687    0.00200402    0.00000000    0.18846728    0.18572578    0.20750187    0.18597146    0.18597146    0.22225549    0.22944342    0.20339474    0.20363062    0.23869967    0.19261734    0.22274109    0.20387580    0.19853983    0.19348557    0.19203336    0.22913339    0.21235655    0.21579894    0.21579894    0.21035301
T23            0.30636806    0.18846728    0.18846728    0.00000000    0.03483223    0.12447246    0.11535613    0.11535613    0.15188088    0.14185089    0.14870772    0.14631446    0.20046673    0.13045167    0.17470044    0.16227622    0.15724421    0.15244344    0.15787226    0.19373623    0.17737577    0.18872054    0.18597146    0.18898266
T13            0.30636806    0.18572578    0.18572578    0.03483223    0.00000000    0.12203851    0.11053512    0.11053512    0.14422409    0.13682355    0.14618141    0.14128723    0.19763974    0.12795052    0.16675946    0.15705148    0.15206015    0.14728612    0.15787226    0.19373623    0.18006553    0.18597146    0.18323745    0.18622597
T19            0.29319507    0.20750187    0.20750187    0.12447246    0.12203851    0.00000000    0.06271186    0.06271186    0.10556353    0.09859715    0.15863670    0.15365495    0.22000445    0.14788214    0.18233762    0.18051835    0.17534908    0.17044503    0.18427785    0.21292316    0.20779211    0.20269782    0.19705983    0.20809158
T2             0.28469567    0.18597146    0.18597146    0.11535613    0.11053512    0.06271186    0.00000000    0.00000000    0.08732464    0.08954889    0.13159819    0.12680240    0.18733180    0.12600220    0.15686710    0.15504223    0.15005534    0.14530345    0.15330828    0.18348444    0.17266650    0.17582474    0.17582474    0.17337104
T9             0.28469567    0.18597146    0.18597146    0.11535613    0.11053512    0.06271186    0.00000000    0.00000000    0.08732464    0.08954889    0.13159819    0.12680240    0.18733180    0.12600220    0.15686710    0.15504223    0.15005534    0.14530345    0.15330828    0.18348444    0.17266650    0.17582474    0.17582474    0.17337104
T8             0.31510061    0.22225549    0.22225549    0.15188088    0.14422409    0.10556353    0.08732464    0.08732464    0.00000000    0.13227852    0.17945234    0.17166465    0.23451304    0.17144049    0.21550265    0.19678336    0.19148484    0.19482867    0.19574162    0.23605027    0.23306258    0.23376841    0.23376841    0.23413588
T4             0.31554891    0.22944342    0.22944342    0.14185089    0.13682355    0.09859715    0.08954889    0.08954889    0.13227852    0.00000000    0.18233762    0.17490797    0.24018388    0.16581361    0.20668673    0.19373623    0.19122393    0.19175466    0.20395803    0.23043184    0.21065144    0.22519917    0.22225549    0.22781073
T10            0.31266214    0.20061517    0.20339474    0.14870772    0.14618141    0.15863670    0.13159819    0.13159819    0.17945234    0.18233762    0.00000000    0.03270383    0.15985658    0.10586995    0.19763985    0.18483180    0.18233762    0.18276987    0.19122393    0.21838672    0.20925249    0.20925249    0.20925249    0.20951359
T11            0.31050150    0.20084326    0.20363062    0.14631446    0.14128723    0.15365495    0.12680240    0.12680240    0.17166465    0.17490797    0.03270383    0.00000000    0.16006451    0.10598715    0.19236817    0.17964790    0.17716979    0.17759051    0.18597146    0.21809155    0.20951359    0.20951359    0.20951359    0.20978406
T1             0.35250016    0.23869967    0.23869967    0.20046673    0.19763974    0.22000445    0.18733180    0.18733180    0.23451304    0.24018388    0.15985658    0.16006451    0.00000000    0.14903649    0.23905597    0.21095914    0.20840025    0.20616923    0.23005155    0.26467312    0.24512223    0.24898150    0.24898150    0.24630610
T5             0.29444664    0.19261734    0.19261734    0.13045167    0.12795052    0.14788214    0.12600220    0.12600220    0.17144049    0.16581361    0.10586995    0.10598715    0.14903649    0.00000000    0.18953341    0.16606066    0.16364058    0.16955633    0.17531241    0.20717989    0.20938126    0.21299889    0.21008091    0.21044437
T15            0.31759929    0.22274109    0.22274109    0.17470044    0.16675946    0.18233762    0.15686710    0.15686710    0.21550265    0.20668673    0.19763985    0.19236817    0.23905597    0.18953341    0.00000000    0.10825738    0.10360541    0.10146903    0.20524040    0.23769011    0.21208736    0.21263516    0.21263516    0.20439398
T18            0.30429502    0.20387580    0.20387580    0.16227622    0.15705148    0.18051835    0.15504223    0.15504223    0.19678336    0.19373623    0.18483180    0.17964790    0.21095914    0.16606066    0.10825738    0.00000000    0.00401105    0.03289480    0.18676137    0.20978406    0.19958647    0.20299929    0.20299929    0.19763974
T21            0.29814338    0.19853983    0.19853983    0.15724421    0.15206015    0.17534908    0.15005534    0.15005534    0.19148484    0.19122393    0.18233762    0.17716979    0.20840025    0.16364058    0.10360541    0.00401105    0.00000000    0.02870981    0.18152871    0.20439398    0.19931115    0.20269782    0.20269782    0.19734530
T12            0.28600066    0.19348557    0.19348557    0.15244344    0.14728612    0.17044503    0.14530345    0.14530345    0.19482867    0.19175466    0.18276987    0.17759051    0.20616923    0.16955633    0.10146903    0.03289480    0.02870981    0.00000000    0.18208588    0.20779211    0.19987086    0.20330983    0.20330983    0.19794313
T22            0.27589670    0.19203336    0.19203336    0.15787226    0.15787226    0.18427785    0.15330828    0.15330828    0.19574162    0.20395803    0.19122393    0.18597146    0.23005155    0.17531241    0.20524040    0.18676137    0.18152871    0.18208588    0.00000000    0.07818985    0.14185089    0.14472731    0.13964874    0.13764642
T20            0.30840404    0.22913339    0.22913339    0.19373623    0.19373623    0.21292316    0.18348444    0.18348444    0.23605027    0.23043184    0.21838672    0.21809155    0.26467312    0.20717989    0.23769011    0.20978406    0.20439398    0.20779211    0.07818985    0.00000000    0.16658170    0.17184766    0.16658170    0.16714076
T7             0.29852475    0.21235655    0.21235655    0.17737577    0.18006553    0.20779211    0.17266650    0.17266650    0.23306258    0.21065144    0.20925249    0.20951359    0.24512223    0.20938126    0.21208736    0.19958647    0.19931115    0.19987086    0.14185089    0.16658170    0.00000000    0.03690692    0.03690692    0.04753662
T14            0.29280053    0.21579894    0.21579894    0.18872054    0.18597146    0.20269782    0.17582474    0.17582474    0.23376841    0.22519917    0.20925249    0.20951359    0.24898150    0.21299889    0.21263516    0.20299929    0.20269782    0.20330983    0.14472731    0.17184766    0.03690692    0.00000000    0.00804439    0.04753662
T6             0.29280053    0.21579894    0.21579894    0.18597146    0.18323745    0.19705983    0.17582474    0.17582474    0.23376841    0.22225549    0.20925249    0.20951359    0.24898150    0.21008091    0.21263516    0.20299929    0.20269782    0.20330983    0.13964874    0.16658170    0.03690692    0.00804439    0.00000000    0.04753662
T16            0.28751766    0.21035301    0.21035301    0.18898266    0.18622597    0.20809158    0.17337104    0.17337104    0.23413588    0.22781073    0.20951359    0.20978406    0.24630610    0.21044437    0.20439398    0.19763974    0.19734530    0.19794313    0.13764642    0.16714076    0.04753662    0.04753662    0.04753662    0.00000000

