24
T7             0.00000000    0.23074800    0.22482793    0.22777919    0.22516793    0.23750011    0.22189401    0.24776186    0.26206650    0.25476965    0.24936144    0.23798479    0.21093240    0.23567058    0.25162628    0.24853816    0.23673908    0.23673908    0.23110561    0.22941400    0.22941400    0.28029665    0.20935244    0.16693190
T15            0.23074800    0.00000000    0.00401611    0.09238822    0.09251542    0.12777045    0.11041590    0.18425684    0.20238157    0.19876675    0.18275238    0.19649447    0.16026595    0.20492497    0.23486325    0.24710298    0.22624482    0.21739071    0.20969689    0.19299245    0.19299245    0.24434765    0.16925771    0.28916306
T18            0.22482793    0.00401611    0.00000000    0.08771448    0.08783072    0.12281874    0.10802883    0.17877527    0.19676128    0.19322449    0.17735970    0.19095217    0.15502868    0.19928885    0.22885408    0.24094562    0.22032468    0.21157400    0.20393049    0.18752605    0.18752605    0.23832049    0.16387936    0.28590373
T16            0.22777919    0.09238822    0.08771448    0.00000000    0.01210020    0.12252544    0.10077639    0.17779688    0.19070973    0.18502475    0.16674597    0.19047625    0.15463281    0.19322449    0.21930001    0.22516793    0.19956352    0.20806582    0.18923220    0.18174091    0.18174091    0.24064548    0.16337577    0.27944819
T6             0.22516793    0.09251542    0.08783072    0.01210020    0.00000000    0.12266823    0.10319988    0.17265031    0.19095217    0.18752605    0.16919407    0.19070973    0.15482662    0.19346555    0.21963220    0.22551742    0.19984723    0.20837376    0.18951133    0.18192541    0.18192541    0.24098025    0.16362343    0.27665999
T1             0.23750011    0.12777045    0.12281874    0.12252544    0.12266823    0.00000000    0.08078488    0.18425684    0.18674016    0.19649447    0.17779688    0.18050052    0.14766273    0.20267326    0.22961827    0.23871432    0.21810318    0.21225235    0.19603758    0.18253234    0.18253234    0.22417652    0.16387936    0.28679424
T9             0.22189401    0.11041590    0.10802883    0.10077639    0.10319988    0.08078488    0.00000000    0.17556515    0.18298123    0.17695747    0.16412742    0.18004876    0.14471610    0.19371563    0.22291635    0.23184963    0.20869085    0.20013996    0.18702035    0.17676953    0.17676953    0.21778050    0.15808296    0.27153589
T4             0.24776186    0.18425684    0.17877527    0.17779688    0.17265031    0.18425684    0.17556515    0.00000000    0.02650482    0.12993467    0.12036118    0.17533217    0.14272611    0.23006166    0.26144913    0.27103998    0.24319706    0.22885408    0.22032468    0.21180470    0.21180470    0.25783871    0.19540385    0.28787804
T19            0.26206650    0.20238157    0.19676128    0.19070973    0.19095217    0.18674016    0.18298123    0.02650482    0.00000000    0.13947600    0.12239040    0.18820392    0.15502868    0.24399379    0.27285979    0.28260652    0.25743832    0.24586267    0.23410114    0.22823543    0.22823543    0.26295943    0.20582426    0.30966163
T5             0.25476965    0.19876675    0.19322449    0.18502475    0.18752605    0.19649447    0.17695747    0.12993467    0.13947600    0.00000000    0.03284771    0.19529626    0.15667913    0.24901941    0.26206650    0.27795007    0.25623316    0.23866607    0.23902149    0.21044940    0.21044940    0.26571035    0.20492497    0.30503945
T17            0.24936144    0.18275238    0.17735970    0.16674597    0.16919407    0.17779688    0.16412742    0.12036118    0.12239040    0.03284771    0.00000000    0.17943702    0.14168815    0.23469024    0.25044843    0.26287825    0.24167963    0.22744001    0.22482793    0.20252658    0.20252658    0.25715004    0.19146384    0.29927342
T0             0.23798479    0.19649447    0.19095217    0.19047625    0.19070973    0.18050052    0.18004876    0.17533217    0.18820392    0.19529626    0.17943702    0.00000000    0.04124032    0.22356337    0.26057492    0.26462566    0.24546902    0.23410114    0.22256614    0.20385427    0.20385427    0.25476965    0.18702035    0.26504905
T10            0.21093240    0.16026595    0.15502868    0.15463281    0.15482662    0.14766273    0.14471610    0.14272611    0.15502868    0.15667913    0.14168815    0.04124032    0.00000000    0.19424270    0.22662270    0.23042036    0.21225235    0.20140068    0.19040131    0.18027026    0.18027026    0.22648012    0.15068159    0.24901941
T20            0.23567058    0.20492497    0.19928885    0.19322449    0.19346555    0.20267326    0.19371563    0.23006166    0.24399379    0.24901941    0.23469024    0.22356337    0.19424270    0.00000000    0.12993467    0.13745548    0.11777716    0.10813642    0.09877095    0.17131181    0.17131181    0.21180470    0.15004256    0.28144337
T12            0.25162628    0.23486325    0.22885408    0.21930001    0.21963220    0.22961827    0.22291635    0.26144913    0.27285979    0.26206650    0.25044843    0.26057492    0.22662270    0.12993467    0.00000000    0.03701173    0.03492651    0.09673447    0.08060579    0.19371563    0.19371563    0.23204723    0.17169102    0.32242902
T11            0.24853816    0.24710298    0.24094562    0.22516793    0.22551742    0.23871432    0.23184963    0.27103998    0.28260652    0.27795007    0.26287825    0.26462566    0.23042036    0.13745548    0.03701173    0.00000000    0.03910343    0.09887104    0.08963096    0.21003927    0.21003927    0.24702563    0.18543356    0.33300078
T2             0.23673908    0.22624482    0.22032468    0.19956352    0.19984723    0.21810318    0.20869085    0.24319706    0.25743832    0.25623316    0.24167963    0.24546902    0.21225235    0.11777716    0.03492651    0.03910343    0.00000000    0.08519362    0.06937768    0.18796903    0.18796903    0.22356337    0.16387936    0.30578667
T14            0.23673908    0.21739071    0.21157400    0.20806582    0.20837376    0.21225235    0.20013996    0.22885408    0.24586267    0.23866607    0.22744001    0.23410114    0.20140068    0.10813642    0.09673447    0.09887104    0.08519362    0.00000000    0.04545246    0.16957123    0.16957123    0.21206382    0.15068159    0.29007501
T3             0.23110561    0.20969689    0.20393049    0.18923220    0.18951133    0.19603758    0.18702035    0.22032468    0.23410114    0.23902149    0.22482793    0.22256614    0.19040131    0.09877095    0.08060579    0.08963096    0.06937768    0.04545246    0.00000000    0.15927053    0.15927053    0.20385427    0.14057132    0.28961352
T21            0.22941400    0.19299245    0.18752605    0.18174091    0.18192541    0.18253234    0.17676953    0.21180470    0.22823543    0.21044940    0.20252658    0.20385427    0.18027026    0.17131181    0.19371563    0.21003927    0.18796903    0.16957123    0.15927053    0.00000000    0.00000000    0.13183830    0.09428287    0.27158879
T23            0.22941400    0.19299245    0.18752605    0.18174091    0.18192541    0.18253234    0.17676953    0.21180470    0.22823543    0.21044940    0.20252658    0.20385427    0.18027026    0.17131181    0.19371563    0.21003927    0.18796903    0.16957123    0.15927053    0.00000000    0.00000000    0.13183830    0.09428287    0.27158879
T13            0.28029665    0.24434765    0.23832049    0.24064548    0.24098025    0.22417652    0.21778050    0.25783871    0.26295943    0.26571035    0.25715004    0.25476965    0.22648012    0.21180470    0.23204723    0.24702563    0.22356337    0.21206382    0.20385427    0.13183830    0.13183830    0.00000000    0.13745548    0.32920181
T22            0.20935244    0.16925771    0.16387936    0.16337577    0.16362343    0.16387936    0.15808296    0.19540385    0.20582426    0.20492497    0.19146384    0.18702035    0.15068159    0.15004256    0.17169102    0.18543356    0.16387936    0.15068159    0.14057132    0.09428287    0.09428287    0.13745548    0.00000000    0.25662467
T8             0.16693190    0.28916306    0.28590373    0.27944819    0.27665999    0.28679424    0.27153589    0.28787804    0.30966163    0.30503945    0.29927342    0.26504905    0.24901941    0.28144337    0.32242902    0.33300078    0.30578667    0.29007501    0.28961352    0.27158879    0.27158879    0.32920181    0.25662467    0.00000000

