24
T19            0.00000000    0.31890165    0.34203280    0.25412168    0.26169662    0.26445261    0.28352368    0.27588137    0.27310245    0.27947744    0.31846288    0.29930484    0.29685490    0.26482949    0.26523027    0.26443919    0.19784439    0.16609622    0.16870144    0.20694096    0.10134642    0.11281832    0.11281832    0.11281832
T20            0.31890165    0.00000000    0.03692330    0.17677906    0.18424996    0.18675819    0.30014741    0.27310245    0.28312564    0.28964644    0.32233865    0.31306718    0.31062941    0.36548805    0.36859194    0.34625456    0.36654561    0.32577861    0.32924244    0.36967316    0.31899590    0.34145107    0.34145107    0.34145107
T4             0.34203280    0.03692330    0.00000000    0.19978992    0.20749809    0.21008660    0.32826494    0.30679831    0.31402267    0.32087921    0.34427131    0.34529733    0.34279872    0.39684958    0.40008199    0.37909264    0.39636157    0.34682113    0.35037105    0.38413971    0.34334331    0.36285109    0.36285109    0.36285109
T15            0.25412168    0.17677906    0.19978992    0.00000000    0.01822288    0.02233509    0.27869296    0.25262668    0.25652478    0.26264557    0.29034501    0.27529757    0.27588376    0.29074048    0.28071050    0.26816075    0.31634648    0.27588376    0.27278551    0.29525872    0.25957579    0.27999352    0.27999352    0.27999352
T8             0.26169662    0.18424996    0.20749809    0.01822288    0.00000000    0.01619036    0.28661461    0.26032957    0.26415909    0.27029853    0.30157727    0.28634524    0.28689555    0.29930484    0.29564061    0.27651444    0.32783453    0.28376828    0.28066048    0.30643651    0.27029853    0.28465050    0.28465050    0.28465050
T18            0.26445261    0.18675819    0.21008660    0.02233509    0.01619036    0.00000000    0.28634524    0.26008863    0.26387639    0.26999697    0.30129333    0.28608749    0.28661461    0.29890080    0.29525872    0.27619355    0.32746436    0.28349712    0.28039898    0.30608224    0.26387639    0.29065903    0.29065903    0.29065903
T7             0.28352368    0.30014741    0.32826494    0.27869296    0.28661461    0.28634524    0.00000000    0.04116995    0.03694640    0.04120211    0.09909672    0.08724301    0.08510642    0.28875514    0.29400075    0.27233661    0.33377047    0.30427824    0.30757064    0.32140866    0.28108556    0.29890080    0.29890080    0.29890080
T16            0.27588137    0.27310245    0.30679831    0.25262668    0.26032957    0.26008863    0.04116995    0.00000000    0.02031428    0.02447256    0.08982669    0.07155610    0.07169413    0.27156495    0.27668895    0.25550491    0.30797235    0.29564061    0.29240158    0.30014741    0.27350147    0.29772137    0.29772137    0.29772137
T6             0.27310245    0.28312564    0.31402267    0.25652478    0.26415909    0.26387639    0.03694640    0.02031428    0.00000000    0.00401612    0.08069391    0.06271130    0.06282328    0.26880883    0.27391120    0.24669483    0.30507156    0.29278436    0.28955579    0.30391132    0.27073385    0.29486815    0.29486815    0.29486815
T5             0.27947744    0.28964644    0.32087921    0.26264557    0.27029853    0.26999697    0.04120211    0.02447256    0.00401612    0.00000000    0.08529266    0.06714657    0.06727839    0.27520443    0.28032724    0.25279714    0.31172231    0.29930484    0.29603395    0.30725906    0.27073385    0.29486815    0.29486815    0.29486815
T2             0.31846288    0.32233865    0.34427131    0.29034501    0.30157727    0.30129333    0.09909672    0.08982669    0.08069391    0.08529266    0.00000000    0.05626596    0.05638955    0.29728245    0.30259731    0.28710573    0.33243666    0.32306417    0.31969402    0.32689069    0.31015730    0.33822240    0.33822240    0.33822240
T13            0.29930484    0.31306718    0.34529733    0.27529757    0.28634524    0.28608749    0.08724301    0.07155610    0.06271130    0.06714657    0.05626596    0.00000000    0.02450753    0.28186871    0.28710573    0.26573434    0.31302125    0.30718074    0.30389919    0.30838586    0.29358397    0.32186762    0.32186762    0.32186762
T1             0.29685490    0.31062941    0.34279872    0.27588376    0.28689555    0.28661461    0.08510642    0.07169413    0.06282328    0.06727839    0.05638955    0.02450753    0.00000000    0.27947744    0.28467953    0.26333134    0.32052705    0.30138746    0.29812731    0.31260709    0.30103578    0.32627362    0.32627362    0.32627362
T10            0.26482949    0.36548805    0.39684958    0.29074048    0.29930484    0.29890080    0.28875514    0.27156495    0.26880883    0.27520443    0.29728245    0.28186871    0.27947744    0.00000000    0.03280809    0.05194739    0.29812731    0.28918343    0.28598591    0.31598880    0.26482949    0.29863319    0.29863319    0.29863319
T3             0.26523027    0.36859194    0.40008199    0.28071050    0.29564061    0.29525872    0.29400075    0.27668895    0.27391120    0.28032724    0.30259731    0.28710573    0.28467953    0.03280809    0.00000000    0.05626596    0.31088489    0.29203019    0.28882240    0.31892224    0.27073385    0.30484488    0.30484488    0.30484488
T23            0.26443919    0.34625456    0.37909264    0.26816075    0.27651444    0.27619355    0.27233661    0.25550491    0.24669483    0.25279714    0.28710573    0.26573434    0.26333134    0.05194739    0.05626596    0.00000000    0.29525872    0.27439618    0.27126873    0.30634917    0.25976837    0.29910606    0.29910606    0.29910606
T11            0.19784439    0.36654561    0.39636157    0.31634648    0.32783453    0.32746436    0.33377047    0.30797235    0.30507156    0.31172231    0.33243666    0.31302125    0.32052705    0.29812731    0.31088489    0.29525872    0.00000000    0.12745814    0.12498815    0.16269221    0.20667879    0.22273215    0.22273215    0.22273215
T17            0.16609622    0.32577861    0.34682113    0.27588376    0.28376828    0.28349712    0.30427824    0.29564061    0.29278436    0.29930484    0.32306417    0.30718074    0.30138746    0.28918343    0.29203019    0.27439618    0.12745814    0.00000000    0.00200402    0.12239511    0.17430648    0.18964338    0.18964338    0.18964338
T14            0.16870144    0.32924244    0.35037105    0.27278551    0.28066048    0.28039898    0.30757064    0.29240158    0.28955579    0.29603395    0.31969402    0.30389919    0.29812731    0.28598591    0.28882240    0.27126873    0.12498815    0.00200402    0.00000000    0.11995532    0.17696727    0.19236210    0.19236210    0.19236210
T9             0.20694096    0.36967316    0.38413971    0.29525872    0.30643651    0.30608224    0.32140866    0.30014741    0.30391132    0.30725906    0.32689069    0.30838586    0.31260709    0.31598880    0.31892224    0.30634917    0.16269221    0.12239511    0.11995532    0.00000000    0.20239688    0.21034396    0.21034396    0.21034396
T12            0.10134642    0.31899590    0.34334331    0.25957579    0.27029853    0.26387639    0.28108556    0.27350147    0.27073385    0.27073385    0.31015730    0.29358397    0.30103578    0.26482949    0.27073385    0.25976837    0.20667879    0.17430648    0.17696727    0.20239688    0.00000000    0.05407748    0.05407748    0.05407748
T22            0.11281832    0.34145107    0.36285109    0.27999352    0.28465050    0.29065903    0.29890080    0.29772137    0.29486815    0.29486815    0.33822240    0.32186762    0.32627362    0.29863319    0.30484488    0.29910606    0.22273215    0.18964338    0.19236210    0.21034396    0.05407748    0.00000000    0.00000000    0.00000000
T0             0.11281832    0.34145107    0.36285109    0.27999352    0.28465050    0.29065903    0.29890080    0.29772137    0.29486815    0.29486815    0.33822240    0.32186762    0.32627362    0.29863319    0.30484488    0.29910606    0.22273215    0.18964338    0.19236210    0.21034396    0.05407748    0.00000000    0.00000000    0.00000000
T21            0.11281832    0.34145107    0.36285109    0.27999352    0.28465050    0.29065903    0.29890080    0.29772137    0.29486815    0.29486815    0.33822240    0.32186762    0.32627362    0.29863319    0.30484488    0.29910606    0.22273215    0.18964338    0.19236210    0.21034396    0.05407748    0.00000000    0.00000000    0.00000000

