24
T21            0.00000000    0.47330537    0.48675878    0.49775547    0.51080555    0.53672786    0.52562995    0.53831774    0.53676129    0.54184424    0.54184424    0.54697991    0.54697991    0.54697991    0.54969009    0.52072348    0.52562995    0.51554654    0.50705992    0.53778349    0.54386412    0.50901841    0.48497461    0.51913541
T9             0.47330537    0.00000000    0.12321823    0.13772633    0.14007935    0.12985219    0.14539629    0.14539629    0.16618981    0.16836870    0.17105695    0.17375987    0.17375987    0.17375987    0.16887819    0.15844958    0.16110203    0.13501847    0.13484912    0.15436703    0.33132212    0.28826748    0.26830823    0.26162240
T0             0.48675878    0.12321823    0.00000000    0.13736662    0.13719889    0.12273382    0.12520127    0.12520127    0.14776897    0.14994878    0.15473773    0.14994878    0.14994878    0.14994878    0.14519247    0.14539629    0.14282642    0.12752282    0.12985219    0.14700886    0.34087175    0.30721525    0.28349812    0.29287811
T2             0.49775547    0.13772633    0.13736662    0.00000000    0.04761593    0.10787519    0.11286351    0.11286351    0.12000709    0.12219794    0.12709580    0.12956301    0.12956301    0.12956301    0.12490518    0.12013893    0.11770190    0.10818187    0.10807194    0.13924903    0.32279428    0.29680677    0.27661896    0.27383803
T6             0.51080555    0.14007935    0.13719889    0.04761593    0.00000000    0.10323549    0.10323549    0.10559694    0.11745813    0.11965890    0.12452059    0.12696945    0.12696945    0.12696945    0.12232004    0.11757609    0.11515697    0.10569342    0.10559694    0.13190380    0.32084660    0.29723243    0.28025711    0.27746636
T4             0.53672786    0.12985219    0.12273382    0.10787519    0.10323549    0.00000000    0.08047731    0.07820759    0.10127140    0.10342471    0.10796970    0.10818187    0.10818187    0.10818187    0.10364438    0.09901948    0.09666339    0.08283609    0.08734953    0.11274961    0.30754240    0.29273953    0.26567211    0.26913442
T8             0.52562995    0.14539629    0.12520127    0.11286351    0.10323549    0.08047731    0.00000000    0.01617951    0.05854098    0.06283734    0.06493715    0.06506142    0.06506142    0.06506142    0.06075521    0.05640297    0.05420345    0.06716114    0.07157247    0.09421994    0.31936337    0.29680677    0.27026187    0.26987517
T20            0.53831774    0.14539629    0.12520127    0.11286351    0.10559694    0.07820759    0.01617951    0.00000000    0.05854098    0.06283734    0.06493715    0.06506142    0.06506142    0.06506142    0.05854098    0.05640297    0.05420345    0.06716114    0.07157247    0.09421994    0.32872793    0.30587257    0.27900407    0.27860856
T22            0.53676129    0.16618981    0.14776897    0.12000709    0.11745813    0.10127140    0.05854098    0.05854098    0.00000000    0.01211008    0.01822028    0.01823327    0.01823327    0.01823327    0.02236651    0.01824930    0.01619124    0.08081395    0.08532200    0.11311455    0.35786639    0.32780560    0.30002916    0.30527963
T15            0.54184424    0.16836870    0.14994878    0.12219794    0.11965890    0.10342471    0.06283734    0.06283734    0.01211008    0.00000000    0.02233162    0.02233619    0.02233619    0.02233619    0.02648659    0.02234815    0.02028157    0.08292199    0.08743892    0.11286351    0.36405538    0.32675561    0.30577450    0.31107093
T23            0.54184424    0.17105695    0.15473773    0.12709580    0.12452059    0.10796970    0.06493715    0.06493715    0.01822028    0.02233162    0.00000000    0.02233619    0.02233619    0.02233619    0.02854401    0.02439717    0.02233067    0.08734953    0.08975648    0.11988312    0.36405538    0.33024710    0.30577450    0.30768647
T16            0.54697991    0.17375987    0.14994878    0.12956301    0.12696945    0.10818187    0.06506142    0.06506142    0.01823327    0.02233619    0.02233619    0.00000000    0.00000000    0.00000000    0.02857491    0.02442338    0.02234815    0.08753564    0.08763966    0.11286351    0.36778289    0.32675561    0.30240125    0.31107093
T17            0.54697991    0.17375987    0.14994878    0.12956301    0.12696945    0.10818187    0.06506142    0.06506142    0.01823327    0.02233619    0.02233619    0.00000000    0.00000000    0.00000000    0.02857491    0.02442338    0.02234815    0.08753564    0.08763966    0.11286351    0.36778289    0.32675561    0.30240125    0.31107093
T3             0.54697991    0.17375987    0.14994878    0.12956301    0.12696945    0.10818187    0.06506142    0.06506142    0.01823327    0.02233619    0.02233619    0.00000000    0.00000000    0.00000000    0.02857491    0.02442338    0.02234815    0.08753564    0.08763966    0.11286351    0.36778289    0.32675561    0.30240125    0.31107093
T1             0.54969009    0.16887819    0.14519247    0.12490518    0.12232004    0.10364438    0.06075521    0.05854098    0.02236651    0.02648659    0.02854401    0.02857491    0.02857491    0.02857491    0.00000000    0.02031595    0.01824930    0.08311550    0.08763966    0.11553976    0.37532315    0.33730481    0.31259073    0.31107093
T14            0.52072348    0.15844958    0.14539629    0.12013893    0.11757609    0.09901948    0.05640297    0.05640297    0.01824930    0.02234815    0.02439717    0.02442338    0.02442338    0.02442338    0.02031595    0.00000000    0.01211008    0.07405899    0.07852304    0.10602878    0.35479142    0.32727443    0.29953424    0.30479646
T12            0.52562995    0.16110203    0.14282642    0.11770190    0.11515697    0.09666339    0.05420345    0.05420345    0.01619124    0.02028157    0.02233067    0.02234815    0.02234815    0.02234815    0.01824930    0.01211008    0.00000000    0.07633416    0.08081395    0.10842471    0.36095433    0.33077840    0.30289615    0.30816950
T10            0.51554654    0.13501847    0.12752282    0.10818187    0.10569342    0.08283609    0.06716114    0.06716114    0.08081395    0.08292199    0.08734953    0.08753564    0.08753564    0.08753564    0.08311550    0.07405899    0.07633416    0.00000000    0.00401109    0.06915788    0.31889334    0.29068729    0.26436277    0.26949935
T5             0.50705992    0.13484912    0.12985219    0.10807194    0.10559694    0.08734953    0.07157247    0.07157247    0.08532200    0.08743892    0.08975648    0.08763966    0.08763966    0.08763966    0.08763966    0.07852304    0.08081395    0.00401109    0.00000000    0.07356943    0.31843553    0.28705363    0.26398535    0.26913442
T13            0.53778349    0.15436703    0.14700886    0.13924903    0.13190380    0.11274961    0.09421994    0.09421994    0.11311455    0.11286351    0.11988312    0.11286351    0.11286351    0.11286351    0.11553976    0.10602878    0.10842471    0.06915788    0.07356943    0.00000000    0.35555360    0.33076349    0.30214386    0.30921097
T19            0.54386412    0.33132212    0.34087175    0.32279428    0.32084660    0.30754240    0.31936337    0.32872793    0.35786639    0.36405538    0.36405538    0.36778289    0.36778289    0.36778289    0.37532315    0.35479142    0.36095433    0.31889334    0.31843553    0.35555360    0.00000000    0.18119867    0.15600817    0.13873277
T18            0.50901841    0.28826748    0.30721525    0.29680677    0.29723243    0.29273953    0.29680677    0.30587257    0.32780560    0.32675561    0.33024710    0.32675561    0.32675561    0.32675561    0.33730481    0.32727443    0.33077840    0.29068729    0.28705363    0.33076349    0.18119867    0.00000000    0.04335000    0.11016109
T7             0.48497461    0.26830823    0.28349812    0.27661896    0.28025711    0.26567211    0.27026187    0.27900407    0.30002916    0.30577450    0.30577450    0.30240125    0.30240125    0.30240125    0.31259073    0.29953424    0.30289615    0.26436277    0.26398535    0.30214386    0.15600817    0.04335000    0.00000000    0.07589262
T11            0.51913541    0.26162240    0.29287811    0.27383803    0.27746636    0.26913442    0.26987517    0.27860856    0.30527963    0.31107093    0.30768647    0.31107093    0.31107093    0.31107093    0.31107093    0.30479646    0.30816950    0.26949935    0.26913442    0.30921097    0.13873277    0.11016109    0.07589262    0.00000000

