24
T5             0.00000000    0.27010432    0.26144872    0.27904034    0.27010432    0.28787823    0.26754976    0.23637302    0.23938658    0.25934035    0.26373103    0.25786010    0.25515570    0.17631546    0.16732949    0.22157211    0.21806558    0.18844775    0.18547082    0.19902333    0.21062538    0.20923006    0.18298131    0.17907384
T0             0.27010432    0.00000000    0.08099220    0.10575513    0.26287806    0.25347184    0.25206059    0.22157211    0.23039992    0.25241186    0.23447710    0.24014637    0.23447710    0.25378937    0.23525838    0.29025414    0.29254673    0.25515570    0.27152268    0.27427777    0.28798244    0.29307399    0.25918711    0.25122340
T3             0.26144872    0.08099220    0.00000000    0.10360008    0.27010432    0.27904034    0.26206644    0.22812777    0.23711449    0.26561349    0.26236363    0.26604350    0.26012239    0.25472454    0.23693608    0.30500324    0.29699295    0.26556049    0.29025414    0.29307399    0.30727480    0.31245584    0.27753720    0.25662453
T17            0.27904034    0.10575513    0.10360008    0.00000000    0.28465056    0.29415547    0.27437130    0.23940673    0.25206059    0.26473510    0.26403410    0.26754976    0.26167618    0.24702563    0.24399382    0.30241720    0.30480876    0.27986699    0.29574614    0.29859850    0.31259391    0.31107558    0.28309470    0.26021936
T12            0.27010432    0.26287806    0.27010432    0.28465056    0.00000000    0.08510426    0.06720769    0.06762275    0.06988551    0.09697493    0.13609598    0.13376485    0.12890905    0.26977509    0.24054093    0.30956726    0.30159932    0.26144872    0.26965238    0.27240767    0.27933602    0.28029655    0.25743806    0.25206059
T4             0.28787823    0.25347184    0.27904034    0.29415547    0.08510426    0.00000000    0.09618956    0.09428292    0.09662522    0.11982969    0.16489464    0.16246823    0.15743158    0.29719617    0.24936155    0.33839723    0.33373778    0.29199364    0.30055254    0.30011486    0.30055254    0.31168861    0.28787823    0.28560928
T11            0.26754976    0.25206059    0.26206644    0.27437130    0.06720769    0.09618956    0.00000000    0.06727695    0.07403464    0.09887110    0.14509126    0.14272606    0.13782359    0.26373103    0.23832051    0.31312319    0.29621831    0.25894949    0.25783888    0.26056789    0.26716078    0.26847236    0.24599698    0.23832913
T2             0.23637302    0.22157211    0.22812777    0.23940673    0.06762275    0.09428292    0.06727695    0.00000000    0.01826990    0.04120165    0.11380691    0.11153316    0.10683906    0.23566343    0.21124845    0.28310021    0.27240767    0.23410091    0.23601690    0.23866602    0.23902138    0.25241186    0.22449741    0.23144091
T19            0.23938658    0.23039992    0.23711449    0.25206059    0.06988551    0.09662522    0.07403464    0.01826990    0.00000000    0.03906932    0.11625847    0.11397872    0.10926679    0.23871387    0.21413991    0.28640272    0.26921088    0.23711449    0.24204405    0.24471139    0.24508512    0.25241186    0.23039992    0.23438338
T6             0.25934035    0.25241186    0.26561349    0.26473510    0.09697493    0.11982969    0.09887110    0.04120165    0.03906932    0.00000000    0.13259647    0.13026482    0.12545277    0.25162602    0.23567056    0.30341763    0.28916302    0.25934035    0.25819873    0.25856894    0.26129632    0.27509087    0.25241186    0.25650356
T13            0.26373103    0.23447710    0.26236363    0.26403410    0.13609598    0.16489464    0.14509126    0.11380691    0.11625847    0.13259647    0.00000000    0.01006765    0.01007279    0.25790111    0.22923110    0.30039677    0.29254673    0.26236363    0.25473333    0.25432106    0.26417298    0.26520296    0.24586240    0.25894949
T21            0.25786010    0.24014637    0.26604350    0.26754976    0.13376485    0.16246823    0.14272606    0.11153316    0.11397872    0.13026482    0.01006765    0.00000000    0.00805151    0.25520703    0.22662235    0.29755356    0.28972721    0.25964970    0.24667929    0.24626590    0.25603066    0.26246707    0.24319676    0.25623308
T22            0.25515570    0.23447710    0.26012239    0.26167618    0.12890905    0.15743158    0.13782359    0.10683906    0.10926679    0.12545277    0.01007279    0.00805151    0.00000000    0.24936634    0.22105415    0.29134051    0.28360504    0.25378937    0.24626590    0.24586240    0.25558815    0.25662453    0.23749981    0.25044835
T9             0.17631546    0.25378937    0.25472454    0.24702563    0.26977509    0.29719617    0.26373103    0.23566343    0.23871387    0.25162602    0.25790111    0.25520703    0.24936634    0.00000000    0.12067307    0.18206422    0.18150841    0.15808287    0.18206422    0.19009570    0.19887946    0.21157381    0.17685834    0.18620598
T20            0.16732949    0.23525838    0.23693608    0.24399382    0.24054093    0.24936155    0.23832051    0.21124845    0.21413991    0.23567056    0.22923110    0.22662235    0.22105415    0.12067307    0.00000000    0.12794094    0.12051331    0.10159130    0.16754097    0.17533221    0.18098714    0.18570705    0.16246823    0.17183360
T1             0.22157211    0.29025414    0.30500324    0.30241720    0.30956726    0.33839723    0.31312319    0.28310021    0.28640272    0.30341763    0.30039677    0.29755356    0.29134051    0.18206422    0.12794094    0.00000000    0.09177687    0.11319454    0.21547692    0.22386522    0.22417653    0.24098031    0.20719727    0.22560748
T16            0.21806558    0.29254673    0.29699295    0.30480876    0.30159932    0.33373778    0.29621831    0.27240767    0.26921088    0.28916302    0.29254673    0.28972721    0.28360504    0.18150841    0.12051331    0.09177687    0.00000000    0.10384489    0.22125979    0.22973301    0.24204405    0.24399382    0.21577243    0.23438338
T15            0.18844775    0.25515570    0.26556049    0.27986699    0.26144872    0.29199364    0.25894949    0.23410091    0.23711449    0.25934035    0.26236363    0.25964970    0.25378937    0.15808287    0.10159130    0.11319454    0.10384489    0.00000000    0.20209897    0.21032772    0.22222522    0.22125979    0.19676128    0.20360993
T23            0.18547082    0.27152268    0.29025414    0.29574614    0.26965238    0.30055254    0.25783888    0.23601690    0.24204405    0.25819873    0.25473333    0.24667929    0.24626590    0.18206422    0.16754097    0.21547692    0.22125979    0.20209897    0.00000000    0.01824796    0.02660380    0.06073885    0.03930488    0.11380691
T14            0.19902333    0.27427777    0.29307399    0.29859850    0.27240767    0.30011486    0.26056789    0.23866602    0.24471139    0.25856894    0.25432106    0.24626590    0.24586240    0.19009570    0.17533221    0.22386522    0.22973301    0.21032772    0.01824796    0.00000000    0.01212494    0.06511572    0.04139554    0.12101544
T18            0.21062538    0.28798244    0.30727480    0.31259391    0.27933602    0.30055254    0.26716078    0.23902138    0.24508512    0.26129632    0.26417298    0.25603066    0.25558815    0.19887946    0.18098714    0.22417653    0.24204405    0.22222522    0.02660380    0.01212494    0.00000000    0.07422450    0.05017593    0.13122605
T8             0.20923006    0.29307399    0.31245584    0.31107558    0.28029655    0.31168861    0.26847236    0.25241186    0.25241186    0.27509087    0.26520296    0.26246707    0.25662453    0.21157381    0.18570705    0.24098031    0.24399382    0.22125979    0.06073885    0.06511572    0.07422450    0.00000000    0.05638843    0.14036882
T7             0.18298131    0.25918711    0.27753720    0.28309470    0.25743806    0.28787823    0.24599698    0.22449741    0.23039992    0.25241186    0.24586240    0.24319676    0.23749981    0.17685834    0.16246823    0.20719727    0.21577243    0.19676128    0.03930488    0.04139554    0.05017593    0.05638843    0.00000000    0.10667767
T10            0.17907384    0.25122340    0.25662453    0.26021936    0.25206059    0.28560928    0.23832913    0.23144091    0.23438338    0.25650356    0.25894949    0.25623308    0.25044835    0.18620598    0.17183360    0.22560748    0.23438338    0.20360993    0.11380691    0.12101544    0.13122605    0.14036882    0.10667767    0.00000000

