24
T20            0.00000000    0.28636200    0.29623912    0.24209121    0.26474541    0.28916966    0.28245480    0.27195784    0.27789574    0.25318281    0.25318281    0.29861855    0.29032056    0.28992566    0.23941599    0.27059896    0.24837695    0.26297197    0.22779114    0.22158271    0.23304242    0.15984771    0.17989989    0.12978430
T17            0.28636200    0.00000000    0.02249953    0.08795599    0.16533478    0.17511362    0.17222979    0.18179028    0.18702883    0.15483136    0.15483136    0.16338221    0.22257805    0.21931101    0.15524425    0.16733465    0.14529572    0.15524425    0.29929012    0.30879540    0.30837014    0.30678284    0.33486273    0.27789574
T1             0.29623912    0.02249953    0.00000000    0.09501670    0.17606396    0.18595917    0.18298764    0.19572634    0.19823997    0.16533478    0.16533478    0.17414045    0.23449129    0.23111852    0.16580331    0.17803494    0.15568996    0.16580331    0.31937670    0.32922443    0.32872962    0.31692727    0.33842510    0.28748790
T18            0.24209121    0.08795599    0.09501670    0.00000000    0.15153981    0.16902253    0.16106020    0.16998830    0.17511362    0.13171283    0.13171283    0.15503369    0.18797541    0.18503049    0.13696595    0.15364757    0.13446516    0.14675627    0.26998480    0.27898835    0.27867989    0.24641041    0.27717678    0.22352285
T21            0.26474541    0.16533478    0.17606396    0.15153981    0.00000000    0.08502298    0.07812846    0.07403570    0.08308547    0.05616896    0.05616896    0.17243865    0.20106693    0.19530225    0.14630775    0.16350016    0.13903929    0.14630775    0.29232693    0.29520780    0.29494391    0.26308162    0.30099235    0.25390879
T9             0.28916966    0.17511362    0.18595917    0.16902253    0.08502298    0.00000000    0.01824801    0.09016950    0.09004765    0.06931786    0.06931786    0.19650222    0.24268921    0.23941599    0.18212396    0.18658038    0.16136245    0.16624340    0.30185734    0.30476858    0.30447422    0.28919014    0.32942246    0.28013500
T22            0.28245480    0.17222979    0.18298764    0.16106020    0.07812846    0.01824801    0.00000000    0.08308547    0.08298697    0.06262630    0.06262630    0.18253810    0.22824425    0.22508190    0.17394817    0.17845670    0.15862882    0.16609173    0.30156126    0.30447422    0.30419196    0.28273843    0.32223970    0.27683644
T14            0.27195784    0.18179028    0.19572634    0.16998830    0.07403570    0.09016950    0.08308547    0.00000000    0.02447248    0.06519462    0.06519462    0.18347235    0.21492245    0.21181240    0.16187987    0.17677411    0.15704314    0.16449870    0.29703910    0.29992229    0.29958907    0.28433126    0.32480750    0.27220584
T13            0.27789574    0.18702883    0.19823997    0.17511362    0.08308547    0.09004765    0.08298697    0.02447248    0.00000000    0.06735400    0.06735400    0.19425082    0.22038866    0.21724719    0.16693657    0.17925534    0.15945731    0.16693657    0.31556767    0.31851873    0.31815720    0.28091981    0.32434898    0.27809663
T4             0.25318281    0.15483136    0.16533478    0.13171283    0.05616896    0.06931786    0.06262630    0.06519462    0.06735400    0.00000000    0.00000000    0.15668306    0.19235618    0.18944905    0.13878655    0.14343310    0.12203392    0.12425582    0.27730639    0.27706570    0.27683644    0.25962756    0.29451494    0.24804063
T19            0.25318281    0.15483136    0.16533478    0.13171283    0.05616896    0.06931786    0.06262630    0.06519462    0.06735400    0.00000000    0.00000000    0.15668306    0.19235618    0.18944905    0.13878655    0.14343310    0.12203392    0.12425582    0.27730639    0.27706570    0.27683644    0.25962756    0.29451494    0.24804063
T23            0.29861855    0.16338221    0.17414045    0.15503369    0.17243865    0.19650222    0.18253810    0.18347235    0.19425082    0.15668306    0.15668306    0.00000000    0.19510950    0.19201957    0.13548508    0.14914392    0.12513485    0.13728687    0.31756340    0.32731860    0.32687281    0.31170624    0.32432564    0.29888608
T11            0.29032056    0.22257805    0.23449129    0.18797541    0.20106693    0.24268921    0.22824425    0.21492245    0.22038866    0.19235618    0.19235618    0.19510950    0.00000000    0.01006765    0.09697700    0.18212396    0.16449870    0.17202956    0.32601821    0.33585739    0.33542602    0.32687281    0.34580939    0.30388376
T16            0.28992566    0.21931101    0.23111852    0.18503049    0.19530225    0.23941599    0.22508190    0.21181240    0.21724719    0.18944905    0.18944905    0.19201957    0.01006765    0.00000000    0.09449946    0.18193023    0.16431086    0.17183800    0.31967685    0.32942246    0.32900211    0.32390265    0.34527736    0.30351643
T3             0.23941599    0.15524425    0.16580331    0.13696595    0.14630775    0.18212396    0.17394817    0.16187987    0.16693657    0.13878655    0.13878655    0.13548508    0.09697700    0.09449946    0.00000000    0.13171283    0.11522664    0.11983162    0.29165607    0.30099235    0.30062396    0.27650180    0.30344667    0.26444105
T0             0.27059896    0.16733465    0.17803494    0.15364757    0.16350016    0.18658038    0.17845670    0.17677411    0.17925534    0.14343310    0.14343310    0.14914392    0.18212396    0.18193023    0.13171283    0.00000000    0.05867369    0.06968980    0.30216538    0.30572392    0.29958907    0.28064679    0.30062396    0.26007691
T6             0.24837695    0.14529572    0.15568996    0.13446516    0.13903929    0.16136245    0.15862882    0.15704314    0.15945731    0.12203392    0.12203392    0.12513485    0.16449870    0.16431086    0.11522664    0.05867369    0.00000000    0.01415457    0.28845888    0.29451494    0.28845888    0.26110608    0.28709226    0.24346762
T10            0.26297197    0.15524425    0.16580331    0.14675627    0.14630775    0.16624340    0.16609173    0.16449870    0.16693657    0.12425582    0.12425582    0.13728687    0.17202956    0.17183800    0.11983162    0.06968980    0.01415457    0.00000000    0.29738531    0.30351643    0.29738531    0.27587101    0.29929012    0.25234855
T5             0.22779114    0.29929012    0.31937670    0.26998480    0.29232693    0.30185734    0.30156126    0.29703910    0.31556767    0.27730639    0.27730639    0.31756340    0.32601821    0.31967685    0.29165607    0.30216538    0.28845888    0.29738531    0.00000000    0.02238902    0.01620803    0.24238514    0.24400630    0.21181240
T7             0.22158271    0.30879540    0.32922443    0.27898835    0.29520780    0.30476858    0.30447422    0.29992229    0.31851873    0.27706570    0.27706570    0.32731860    0.33585739    0.32942246    0.30099235    0.30572392    0.29451494    0.30351643    0.02238902    0.00000000    0.01414107    0.23913088    0.24668510    0.20641920
T15            0.23304242    0.30837014    0.32872962    0.27867989    0.29494391    0.30447422    0.30419196    0.29958907    0.31815720    0.27683644    0.27683644    0.32687281    0.33542602    0.32900211    0.30062396    0.29958907    0.28845888    0.29738531    0.01620803    0.01414107    0.00000000    0.25076830    0.25242482    0.21181240
T8             0.15984771    0.30678284    0.31692727    0.24641041    0.26308162    0.28919014    0.28273843    0.28433126    0.28091981    0.25962756    0.25962756    0.31170624    0.32687281    0.32390265    0.27650180    0.28064679    0.26110608    0.27587101    0.24238514    0.23913088    0.25076830    0.00000000    0.14017865    0.11730184
T12            0.17989989    0.33486273    0.33842510    0.27717678    0.30099235    0.32942246    0.32223970    0.32480750    0.32434898    0.29451494    0.29451494    0.32432564    0.34580939    0.34527736    0.30344667    0.30062396    0.28709226    0.29929012    0.24400630    0.24668510    0.25242482    0.14017865    0.00000000    0.12036400
T2             0.12978430    0.27789574    0.28748790    0.22352285    0.25390879    0.28013500    0.27683644    0.27220584    0.27809663    0.24804063    0.24804063    0.29888608    0.30388376    0.30351643    0.26444105    0.26007691    0.24346762    0.25234855    0.21181240    0.20641920    0.21181240    0.11730184    0.12036400    0.00000000

