24
T4             0.00000000    0.43211647    0.42804682    0.43621956    0.43963815    0.43621956    0.44873511    0.44873511    0.45297767    0.45071241    0.43963815    0.47545759    0.47545759    0.47338211    0.45074634    0.49967404    0.44035665    0.45769802    0.45419693    0.48195053    0.48195053    0.46121582    0.45145105    0.43841884
T18            0.43211647    0.00000000    0.02653158    0.03073355    0.04988088    0.04139583    0.13026727    0.13026727    0.13493844    0.13477252    0.14529408    0.14883983    0.14883983    0.15445039    0.14116075    0.22941652    0.18845267    0.18005306    0.19256024    0.22561394    0.22272232    0.19299732    0.18074414    0.18923757
T20            0.42804682    0.02653158    0.00000000    0.01826995    0.03705450    0.02870935    0.11821755    0.11821755    0.12036315    0.12021861    0.13295750    0.13903893    0.13903893    0.14454339    0.13148089    0.22698958    0.18347011    0.17511198    0.19299732    0.21465285    0.21181060    0.18253670    0.17043266    0.17878012
T23            0.43621956    0.03073355    0.01826995    0.00000000    0.03492667    0.02660394    0.11821755    0.11821755    0.12282082    0.12267024    0.13295750    0.13654449    0.13654449    0.14200453    0.12902933    0.22986447    0.18621104    0.18322357    0.19575331    0.21751138    0.21465285    0.18524782    0.17311472    0.17878012
T10            0.43963815    0.04988088    0.03705450    0.03492667    0.00000000    0.03492667    0.14529408    0.14529408    0.15004578    0.14984890    0.15546108    0.15635609    0.15635609    0.16206807    0.14856975    0.24370815    0.20210482    0.19956930    0.21233853    0.24001371    0.23704473    0.20667007    0.19146914    0.19732776
T15            0.43621956    0.04139583    0.02870935    0.02660394    0.03492667    0.00000000    0.13314849    0.13314849    0.13782646    0.13763833    0.14830926    0.14914320    0.14914320    0.15482993    0.14140931    0.23275601    0.19173846    0.19424820    0.20693199    0.22911202    0.22618649    0.19071464    0.18398938    0.18702581
T11            0.44873511    0.13026727    0.11821755    0.11821755    0.14529408    0.13314849    0.00000000    0.00000000    0.01210951    0.01210021    0.02037292    0.13964118    0.13964118    0.14529408    0.13227179    0.24747038    0.20298035    0.19424820    0.20411377    0.24098862    0.23501500    0.21033410    0.18951685    0.18980492
T0             0.44873511    0.13026727    0.11821755    0.11821755    0.14529408    0.13314849    0.00000000    0.00000000    0.01210951    0.01210021    0.02037292    0.13964118    0.13964118    0.14529408    0.13227179    0.24747038    0.20298035    0.19424820    0.20411377    0.24098862    0.23501500    0.21033410    0.18951685    0.18980492
T9             0.45297767    0.13493844    0.12036315    0.12282082    0.15004578    0.13782646    0.01210951    0.01210951    0.00000000    0.01210021    0.02447243    0.14437594    0.14437594    0.15004578    0.13696521    0.25289276    0.20807229    0.20210482    0.21261662    0.24633820    0.24032868    0.21548339    0.19452529    0.20044795
T6             0.45071241    0.13477252    0.12021861    0.12267024    0.14984890    0.13763833    0.01210021    0.01210021    0.01210021    0.00000000    0.02444379    0.14421664    0.14421664    0.14984890    0.13681692    0.25261500    0.20777337    0.20183118    0.21465285    0.24600517    0.23409330    0.21519709    0.19424820    0.20014605
T7             0.43963815    0.14529408    0.13295750    0.13295750    0.15546108    0.14830926    0.02037292    0.02037292    0.02447243    0.02444379    0.00000000    0.15482993    0.15482993    0.16072632    0.14727733    0.26538372    0.21705579    0.21672260    0.22679782    0.25895951    0.25278268    0.22450491    0.20614897    0.20647619
T13            0.47545759    0.14883983    0.13903893    0.13654449    0.15635609    0.14914320    0.13964118    0.13964118    0.14437594    0.14421664    0.15482993    0.00000000    0.00000000    0.02238898    0.06714581    0.26333163    0.22824227    0.21984736    0.22482829    0.24691940    0.24153249    0.22482829    0.20923565    0.21004550
T14            0.47545759    0.14883983    0.13903893    0.13654449    0.15635609    0.14914320    0.13964118    0.13964118    0.14437594    0.14421664    0.15482993    0.00000000    0.00000000    0.02238898    0.06714581    0.26333163    0.22824227    0.21984736    0.22482829    0.24691940    0.24153249    0.22482829    0.20923565    0.21004550
T5             0.47338211    0.15445039    0.14454339    0.14200453    0.16206807    0.15482993    0.14529408    0.14529408    0.15004578    0.14984890    0.16072632    0.02238898    0.02238898    0.00000000    0.06960125    0.27028479    0.22911202    0.22881232    0.23380588    0.25620384    0.25076604    0.23380588    0.21233853    0.22190138
T21            0.45074634    0.14116075    0.13148089    0.12902933    0.14856975    0.14140931    0.13227179    0.13227179    0.13696521    0.13681692    0.14727733    0.06714581    0.06714581    0.06960125    0.00000000    0.24912225    0.21132049    0.21390784    0.22172758    0.25261500    0.24665948    0.21888539    0.20617418    0.20131137
T19            0.49967404    0.22941652    0.22698958    0.22986447    0.24370815    0.23275601    0.24747038    0.24747038    0.25289276    0.25261500    0.26538372    0.26333163    0.26333163    0.27028479    0.24912225    0.00000000    0.16323678    0.22435364    0.22941652    0.26168363    0.26110508    0.22458603    0.21132049    0.22534227
T17            0.44035665    0.18845267    0.18347011    0.18621104    0.20210482    0.19173846    0.20298035    0.20298035    0.20807229    0.20777337    0.21705579    0.22824227    0.22824227    0.22911202    0.21132049    0.16323678    0.00000000    0.17468901    0.18481945    0.21181060    0.20617418    0.17449057    0.15723433    0.16799351
T3             0.45769802    0.18005306    0.17511198    0.18322357    0.19956930    0.19424820    0.19424820    0.19424820    0.20210482    0.20183118    0.21672260    0.21984736    0.21984736    0.22881232    0.21390784    0.22435364    0.17468901    0.00000000    0.04753601    0.11306191    0.10825306    0.09205090    0.07195223    0.14217361
T22            0.45419693    0.19256024    0.19299732    0.19575331    0.21233853    0.20693199    0.20411377    0.20411377    0.21261662    0.21465285    0.22679782    0.22482829    0.22482829    0.23380588    0.22172758    0.22941652    0.18481945    0.04753601    0.00000000    0.11995265    0.11510886    0.09877213    0.07849704    0.15410408
T2             0.48195053    0.22561394    0.21465285    0.21751138    0.24001371    0.22911202    0.24098862    0.24098862    0.24633820    0.24600517    0.25895951    0.24691940    0.24691940    0.25620384    0.25261500    0.26168363    0.21181060    0.11306191    0.11995265    0.00000000    0.01209711    0.11270448    0.09673571    0.18253670
T16            0.48195053    0.22272232    0.21181060    0.21465285    0.23704473    0.22618649    0.23501500    0.23501500    0.24032868    0.23409330    0.25278268    0.24153249    0.24153249    0.25076604    0.24665948    0.26110508    0.20617418    0.10825306    0.11510886    0.01209711    0.00000000    0.10793017    0.09205090    0.17715823
T1             0.46121582    0.19299732    0.18253670    0.18524782    0.20667007    0.19071464    0.21033410    0.21033410    0.21548339    0.21519709    0.22450491    0.22482829    0.22482829    0.23380588    0.21888539    0.22458603    0.17449057    0.09205090    0.09877213    0.11270448    0.10793017    0.00000000    0.04765408    0.15187222
T8             0.45145105    0.18074414    0.17043266    0.17311472    0.19146914    0.18398938    0.18951685    0.18951685    0.19452529    0.19424820    0.20614897    0.20923565    0.20923565    0.21233853    0.20617418    0.21132049    0.15723433    0.07195223    0.07849704    0.09673571    0.09205090    0.04765408    0.00000000    0.13763833
T12            0.43841884    0.18923757    0.17878012    0.17878012    0.19732776    0.18702581    0.18980492    0.18980492    0.20044795    0.20014605    0.20647619    0.21004550    0.21004550    0.22190138    0.20131137    0.22534227    0.16799351    0.14217361    0.15410408    0.18253670    0.17715823    0.15187222    0.13763833    0.00000000

