24
T17            0.00000000    0.29241024    0.29526774    0.29972862    0.28919204    0.28247681    0.28353161    0.28635622    0.29931335    0.38058733    0.37317095    0.37480710    0.34284035    0.42215874    0.42215874    0.39134109    0.40823196    0.40394122    0.40823196    0.30188551    0.31096064    0.08039309    0.07813025    0.07813025
T4             0.29241024    0.00000000    0.00401105    0.03694657    0.03902133    0.06282364    0.06960262    0.06952133    0.08069445    0.23077263    0.22191639    0.23941338    0.21383647    0.38549836    0.38549836    0.36173247    0.39185528    0.38097336    0.38415242    0.23706147    0.24538752    0.30680642    0.30346982    0.30346982
T11            0.29526774    0.00401105    0.00000000    0.03904232    0.04325358    0.06720944    0.07403692    0.07395235    0.08519657    0.23639898    0.22746351    0.23904773    0.21932202    0.38992179    0.38992179    0.36597186    0.39643980    0.38545198    0.38864666    0.23972588    0.24808104    0.30970531    0.30635754    0.30635754
T23            0.29972862    0.03694657    0.03904232    0.00000000    0.04765470    0.07403692    0.07869573    0.07859373    0.08993476    0.24283084    0.23375998    0.25705744    0.23375998    0.39055216    0.39055216    0.38161535    0.40911254    0.39785854    0.40110040    0.25280220    0.26132699    0.31452580    0.31112086    0.31112086
T8             0.28919204    0.03902133    0.04325358    0.04765470    0.00000000    0.05403097    0.05846438    0.05840794    0.06937957    0.21609836    0.20749653    0.24170630    0.21321458    0.38290839    0.38290839    0.35809181    0.38415242    0.37718049    0.38034512    0.23410958    0.23943091    0.30015538    0.29686281    0.29686281
T10            0.28247681    0.06282364    0.06720944    0.07403692    0.05403097    0.00000000    0.05852762    0.06067223    0.06498190    0.20778636    0.19930630    0.23077263    0.20494364    0.38230723    0.38230723    0.35863689    0.39643980    0.38545198    0.38864666    0.22562899    0.23382209    0.28994747    0.29318660    0.29318660
T18            0.28353161    0.06960262    0.07403692    0.07869573    0.05846438    0.05852762    0.00000000    0.00200301    0.03492701    0.21673704    0.21383647    0.24549736    0.21673704    0.38034512    0.38034512    0.36286256    0.38294059    0.36839298    0.37529651    0.23471437    0.24301814    0.28791540    0.28468669    0.28468669
T22            0.28635622    0.06952133    0.07395235    0.07859373    0.05840794    0.06067223    0.00200301    0.00000000    0.03701228    0.21932202    0.21641301    0.24817379    0.21932202    0.38352346    0.38352346    0.36597186    0.38612256    0.37151793    0.37844914    0.23736767    0.24570034    0.29074801    0.28750885    0.28750885
T15            0.29931335    0.08069445    0.08519657    0.08993476    0.06937957    0.06498190    0.03492701    0.03701228    0.00000000    0.22224809    0.22224809    0.26376482    0.22519141    0.39119666    0.39119666    0.37341624    0.39391580    0.38294059    0.38612256    0.24938912    0.25786822    0.31063734    0.30726692    0.30726692
T19            0.38058733    0.23077263    0.23639898    0.24283084    0.21609836    0.20778636    0.21673704    0.21932202    0.22224809    0.00000000    0.01010155    0.16900086    0.15069205    0.44385727    0.44385727    0.40744857    0.46152759    0.43924786    0.44851762    0.29817880    0.29729011    0.37341624    0.36968017    0.36968017
T5             0.37317095    0.22191639    0.22746351    0.23375998    0.20749653    0.19930630    0.21383647    0.21641301    0.22224809    0.01010155    0.00000000    0.16363596    0.14293637    0.43149258    0.43149258    0.39575915    0.44851762    0.42683143    0.43583821    0.28833309    0.28750885    0.36597186    0.36229090    0.36229090
T14            0.37480710    0.23941338    0.23904773    0.25705744    0.24170630    0.23077263    0.24549736    0.24817379    0.26376482    0.16900086    0.16363596    0.00000000    0.11208158    0.46710663    0.47146169    0.42949010    0.46770583    0.44534606    0.45463940    0.32628269    0.33223323    0.36286256    0.36286256    0.36286256
T20            0.34284035    0.21383647    0.21932202    0.23375998    0.21321458    0.20494364    0.21673704    0.21932202    0.22519141    0.15069205    0.14293637    0.11208158    0.00000000    0.42341642    0.43149258    0.37424799    0.41140669    0.39133454    0.39192274    0.27475841    0.28035435    0.34888355    0.34530803    0.34530803
T16            0.42215874    0.38549836    0.38992179    0.39055216    0.38290839    0.38230723    0.38034512    0.38352346    0.39119666    0.44385727    0.43149258    0.46710663    0.42341642    0.00000000    0.00401612    0.10803349    0.14438189    0.13668197    0.13184533    0.37482275    0.38488694    0.43357024    0.42953232    0.42953232
T21            0.42215874    0.38549836    0.38992179    0.39055216    0.38290839    0.38230723    0.38034512    0.38352346    0.39119666    0.44385727    0.43149258    0.47146169    0.43149258    0.00401612    0.00000000    0.10803349    0.14438189    0.13668197    0.13184533    0.37482275    0.38488694    0.43357024    0.42953232    0.42953232
T7             0.39134109    0.36173247    0.36597186    0.38161535    0.35809181    0.35863689    0.36286256    0.36597186    0.37341624    0.40744857    0.39575915    0.42949010    0.37424799    0.10803349    0.10803349    0.00000000    0.10134726    0.09186383    0.09195490    0.34543084    0.35509830    0.40596771    0.40214622    0.40214622
T6             0.40823196    0.39185528    0.39643980    0.40911254    0.38415242    0.39643980    0.38294059    0.38612256    0.39391580    0.46152759    0.44851762    0.46770583    0.41140669    0.14438189    0.14438189    0.10134726    0.00000000    0.02454878    0.02459627    0.38171999    0.39192274    0.44322743    0.43915669    0.43915669
T13            0.40394122    0.38097336    0.38545198    0.39785854    0.37718049    0.38545198    0.36839298    0.37151793    0.38294059    0.43924786    0.42683143    0.44534606    0.39133454    0.13668197    0.13668197    0.09186383    0.02454878    0.00000000    0.01212501    0.36636792    0.37633385    0.43053929    0.42658156    0.42658156
T3             0.40823196    0.38415242    0.38864666    0.40110040    0.38034512    0.38864666    0.37529651    0.37844914    0.38612256    0.44851762    0.43583821    0.45463940    0.39192274    0.13184533    0.13184533    0.09195490    0.02459627    0.01212501    0.00000000    0.37424799    0.38433727    0.43511888    0.43111348    0.43111348
T12            0.30188551    0.23706147    0.23972588    0.25280220    0.23410958    0.22562899    0.23471437    0.23736767    0.24938912    0.29817880    0.28833309    0.32628269    0.27475841    0.37482275    0.37482275    0.34543084    0.38171999    0.36636792    0.37424799    0.00000000    0.01007283    0.30284396    0.29961547    0.29961547
T2             0.31096064    0.24538752    0.24808104    0.26132699    0.23943091    0.23382209    0.24301814    0.24570034    0.25786822    0.29729011    0.28750885    0.33223323    0.28035435    0.38488694    0.38488694    0.35509830    0.39192274    0.37633385    0.38433727    0.01007283    0.00000000    0.31194173    0.30867097    0.30867097
T0             0.08039309    0.30680642    0.30970531    0.31452580    0.30015538    0.28994747    0.28791540    0.29074801    0.31063734    0.37341624    0.36597186    0.36286256    0.34888355    0.43357024    0.43357024    0.40596771    0.44322743    0.43053929    0.43511888    0.30284396    0.31194173    0.00000000    0.00200402    0.00200402
T9             0.07813025    0.30346982    0.30635754    0.31112086    0.29686281    0.29318660    0.28468669    0.28750885    0.30726692    0.36968017    0.36229090    0.36286256    0.34530803    0.42953232    0.42953232    0.40214622    0.43915669    0.42658156    0.43111348    0.29961547    0.30867097    0.00200402    0.00000000    0.00000000
T1             0.07813025    0.30346982    0.30635754    0.31112086    0.29686281    0.29318660    0.28468669    0.28750885    0.30726692    0.36968017    0.36229090    0.36286256    0.34530803    0.42953232    0.42953232    0.40214622    0.43915669    0.42658156    0.43111348    0.29961547    0.30867097    0.00200402    0.00000000    0.00000000

