24
T1             0.00000000    0.37334713    0.33517288    0.35134862    0.35549278    0.35913193    0.35549278    0.38742726    0.38424377    0.25106663    0.23734193    0.24901814    0.23039899    0.24331491    0.24836461    0.19598715    0.18820321    0.23533288    0.21381466    0.19397396    0.15703819    0.18820321    0.19095145    0.12745238
T16            0.37334713    0.00000000    0.10384469    0.13461182    0.13728293    0.12760737    0.12760737    0.13567777    0.14057097    0.30965962    0.30631303    0.31790433    0.32188507    0.29968639    0.30587620    0.35503896    0.34537485    0.42267046    0.39369610    0.36735303    0.35662047    0.38283615    0.38664161    0.33567903
T15            0.33517288    0.10384469    0.00000000    0.04545242    0.04765375    0.03914404    0.03914404    0.10411914    0.10637680    0.25045650    0.24805318    0.25748779    0.25783734    0.25955189    0.25016698    0.30280204    0.29702403    0.37048748    0.34726893    0.30640429    0.28952538    0.32092354    0.32432708    0.29314653
T9             0.35134862    0.13461182    0.04545242    0.00000000    0.00602719    0.02866544    0.02866544    0.13277143    0.13510934    0.28278069    0.28031826    0.29030274    0.28105622    0.28031826    0.28313206    0.33079743    0.32481123    0.39508012    0.37103231    0.32519451    0.30463552    0.35339337    0.35698018    0.30174600
T23            0.35549278    0.13728293    0.04765375    0.00602719    0.00000000    0.03082349    0.03082349    0.13548046    0.13782330    0.28631849    0.28386818    0.29396751    0.28464865    0.28386818    0.28669120    0.33458189    0.32857493    0.39954669    0.37531112    0.32898213    0.30835066    0.35749843    0.36112432    0.30545098
T5             0.35913193    0.12760737    0.03914404    0.02866544    0.03082349    0.00000000    0.01214653    0.12794069    0.12528817    0.27436918    0.27194264    0.28183818    0.27903862    0.27825524    0.27472364    0.33117845    0.32519451    0.38804239    0.36423201    0.31887472    0.31168603    0.35389868    0.35749843    0.30545098
T13            0.35549278    0.12760737    0.03914404    0.02866544    0.03082349    0.01214653    0.00000000    0.12545251    0.12281846    0.27751548    0.27508896    0.28505546    0.28224559    0.28144171    0.27787989    0.33458189    0.32857493    0.39954669    0.37531112    0.32898213    0.31168603    0.35389868    0.35749843    0.30877527
T11            0.38742726    0.13567777    0.10411914    0.13277143    0.13548046    0.12794069    0.12545251    0.00000000    0.00602719    0.30480695    0.29813594    0.30291021    0.30680834    0.30480695    0.29768640    0.35698018    0.35083019    0.42004026    0.39635951    0.35857432    0.35533815    0.39062451    0.39454972    0.34862738
T17            0.38424377    0.14057097    0.10637680    0.13510934    0.13782330    0.12528817    0.12281846    0.00602719    0.00000000    0.30193226    0.29528343    0.30004690    0.30393345    0.30193226    0.29483356    0.35389868    0.34777460    0.42485146    0.40101711    0.35549278    0.35227995    0.38742726    0.39133712    0.34559514
T12            0.25106663    0.30965962    0.25045650    0.28278069    0.28631849    0.27436918    0.27751548    0.30480695    0.30193226    0.00000000    0.05398974    0.06519366    0.10328842    0.13183793    0.13394207    0.20684282    0.20440394    0.28244049    0.25346993    0.24208029    0.20272350    0.23009571    0.23299542    0.21131385
T19            0.23734193    0.30631303    0.24805318    0.28031826    0.28386818    0.27194264    0.27508896    0.29813594    0.29528343    0.05398974    0.00000000    0.06107872    0.10825133    0.13431987    0.13394207    0.19146386    0.19687091    0.27681955    0.24267740    0.24208029    0.19762066    0.22770378    0.23060351    0.20616779
T22            0.24901814    0.31790433    0.25748779    0.29030274    0.29396751    0.28183818    0.28505546    0.30291021    0.30004690    0.06519366    0.06107872    0.00000000    0.11806153    0.15568367    0.15243006    0.20490628    0.20490628    0.28031826    0.25511878    0.24836461    0.21750406    0.24567279    0.24868627    0.22647909
T0             0.23039899    0.32188507    0.25783734    0.28105622    0.28464865    0.27903862    0.28224559    0.30680834    0.30393345    0.10328842    0.10825133    0.11806153    0.00000000    0.12811896    0.13009553    0.20037642    0.20641096    0.26715924    0.24776068    0.23938565    0.19676054    0.22125880    0.22125880    0.20267249
T3             0.24331491    0.29968639    0.25955189    0.28031826    0.28386818    0.27825524    0.28144171    0.30480695    0.30193226    0.13183793    0.13431987    0.15568367    0.12811896    0.00000000    0.04362494    0.20272350    0.20593397    0.28068173    0.26403257    0.23673997    0.20360880    0.22533457    0.22823431    0.20948942
T6             0.24836461    0.30587620    0.25016698    0.28313206    0.28669120    0.27472364    0.27787989    0.29768640    0.29483356    0.13394207    0.13394207    0.15243006    0.13009553    0.04362494    0.00000000    0.20766962    0.21367196    0.28595698    0.27230885    0.24476561    0.21131385    0.24208029    0.24505781    0.22010461
T10            0.19598715    0.35503896    0.30280204    0.33079743    0.33458189    0.33117845    0.33458189    0.35698018    0.35389868    0.20684282    0.19146386    0.20490628    0.20037642    0.20272350    0.20766962    0.00000000    0.03722064    0.22037880    0.20897782    0.18692819    0.15138184    0.17222397    0.17489148    0.16937773
T8             0.18820321    0.34537485    0.29702403    0.32481123    0.32857493    0.32519451    0.32857493    0.35083019    0.34777460    0.20440394    0.19687091    0.20490628    0.20641096    0.20593397    0.21367196    0.03722064    0.00000000    0.20948942    0.20105908    0.19003553    0.15169816    0.17489148    0.17757331    0.16449346
T7             0.23533288    0.42267046    0.37048748    0.39508012    0.39954669    0.38804239    0.39954669    0.42004026    0.42485146    0.28244049    0.27681955    0.28031826    0.26715924    0.28068173    0.28595698    0.22037880    0.20948942    0.00000000    0.08060566    0.11021183    0.15123619    0.16349643    0.16608777    0.21032686
T20            0.21381466    0.39369610    0.34726893    0.37103231    0.37531112    0.36423201    0.37531112    0.39635951    0.40101711    0.25346993    0.24267740    0.25511878    0.24776068    0.26403257    0.27230885    0.20897782    0.20105908    0.08060566    0.00000000    0.09662500    0.12484160    0.14391963    0.14644549    0.18951067
T21            0.19397396    0.36735303    0.30640429    0.32519451    0.32898213    0.31887472    0.32898213    0.35857432    0.35549278    0.24208029    0.24208029    0.24836461    0.23938565    0.23673997    0.24476561    0.18692819    0.19003553    0.11021183    0.09662500    0.00000000    0.11250276    0.12902706    0.13147852    0.17851714
T4             0.15703819    0.35662047    0.28952538    0.30463552    0.30835066    0.31168603    0.31168603    0.35533815    0.35227995    0.20272350    0.19762066    0.21750406    0.19676054    0.20360880    0.21131385    0.15138184    0.15169816    0.15123619    0.12484160    0.11250276    0.00000000    0.08023990    0.08249747    0.14529056
T2             0.18820321    0.38283615    0.32092354    0.35339337    0.35749843    0.35389868    0.35389868    0.39062451    0.38742726    0.23009571    0.22770378    0.24567279    0.22125880    0.22533457    0.24208029    0.17222397    0.17489148    0.16349643    0.14391963    0.12902706    0.08023990    0.00000000    0.00602414    0.17020082
T18            0.19095145    0.38664161    0.32432708    0.35698018    0.36112432    0.35749843    0.35749843    0.39454972    0.39133712    0.23299542    0.23060351    0.24868627    0.22125880    0.22823431    0.24505781    0.17489148    0.17757331    0.16608777    0.14644549    0.13147852    0.08249747    0.00602414    0.00000000    0.17287549
T14            0.12745238    0.33567903    0.29314653    0.30174600    0.30545098    0.30545098    0.30877527    0.34862738    0.34559514    0.21131385    0.20616779    0.22647909    0.20267249    0.20948942    0.22010461    0.16937773    0.16449346    0.21032686    0.18951067    0.17851714    0.14529056    0.17020082    0.17287549    0.00000000

