24
T23            0.00000000    0.27883227    0.33237745    0.28769565    0.33864672    0.33125772    0.27559502    0.27883227    0.31253840    0.29352471    0.36333619    0.29334418    0.30914162    0.30625575    0.29382676    0.36144508    0.36144508    0.37964351    0.34115915    0.34115915    0.33764916    0.33814169    0.18424385    0.21060956
T12            0.27883227    0.00000000    0.09921223    0.06497914    0.14470936    0.13821581    0.18345362    0.18619384    0.23378240    0.22270097    0.25781660    0.20746277    0.21259536    0.21002443    0.21637455    0.26675828    0.26603446    0.27901343    0.25617638    0.25617638    0.25315453    0.25953304    0.18097559    0.21749041
T6             0.33237745    0.09921223    0.00000000    0.08308180    0.19508547    0.19135309    0.22846566    0.23145148    0.27901343    0.26713606    0.32828911    0.27007474    0.27883227    0.27605644    0.28027999    0.32184691    0.32080068    0.34495716    0.30628323    0.30628323    0.30295994    0.31008756    0.21703011    0.25545823
T8             0.28769565    0.06497914    0.08308180    0.00000000    0.15242265    0.14592917    0.17850622    0.18123151    0.22616294    0.21517565    0.27427433    0.21737184    0.22846566    0.22585594    0.22660098    0.26833261    0.26517714    0.28958217    0.25509814    0.25509814    0.25136861    0.25781660    0.16312651    0.19321295
T1             0.33864672    0.14470936    0.19508547    0.15242265    0.00000000    0.03272622    0.26918278    0.27237861    0.29924454    0.28705029    0.31786839    0.28676309    0.31255577    0.30965829    0.29382676    0.34683980    0.33864672    0.35715850    0.32385066    0.32385066    0.32385066    0.32429537    0.22971468    0.26328467
T18            0.33125772    0.13821581    0.19135309    0.14592917    0.03272622    0.00000000    0.25915841    0.26233397    0.28221948    0.27028157    0.32114684    0.27652842    0.30209994    0.29924702    0.28688292    0.33593753    0.32774767    0.35223288    0.30628323    0.30628323    0.30628323    0.30673078    0.21928218    0.25238996
T22            0.27559502    0.18345362    0.22846566    0.17850622    0.26918278    0.25915841    0.00000000    0.00603631    0.11777296    0.11777296    0.20042622    0.13608829    0.15113837    0.15351977    0.14145084    0.20073641    0.20295845    0.20835746    0.19396182    0.19396182    0.19119122    0.19702321    0.15523037    0.20154800
T10            0.27883227    0.18619384    0.23145148    0.18123151    0.27237861    0.26233397    0.00603631    0.00000000    0.12512682    0.12021224    0.20326774    0.13864622    0.15376347    0.15615178    0.14404192    0.20358603    0.20580806    0.20549971    0.19674787    0.19674787    0.19396182    0.19983276    0.15784858    0.20154800
T11            0.31253840    0.23378240    0.27901343    0.22616294    0.29924454    0.28221948    0.11777296    0.12512682    0.00000000    0.02857210    0.22587249    0.15742327    0.18370833    0.18619384    0.16336550    0.22908755    0.23732501    0.24899901    0.22795022    0.22795022    0.22505946    0.23113594    0.19024114    0.22720039
T21            0.29352471    0.22270097    0.26713606    0.21517565    0.28705029    0.27028157    0.11777296    0.12021224    0.02857210    0.00000000    0.21154202    0.13727726    0.16267346    0.16509837    0.14291952    0.21804981    0.22616294    0.23764032    0.21130228    0.21130228    0.20569898    0.21437543    0.17982647    0.21909256
T19            0.36333619    0.25781660    0.32828911    0.27427433    0.31786839    0.32114684    0.20042622    0.20326774    0.22587249    0.21154202    0.00000000    0.11011900    0.12435230    0.12668406    0.12225910    0.27663263    0.29196292    0.30477463    0.27823157    0.27823157    0.26568846    0.27544158    0.25582858    0.29312067
T3             0.29334418    0.20746277    0.27007474    0.21737184    0.28676309    0.27652842    0.13608829    0.13864622    0.15742327    0.13727726    0.11011900    0.00000000    0.03073308    0.03280740    0.03077489    0.21155650    0.21961379    0.23108490    0.20181188    0.20181188    0.19069827    0.19927535    0.17876333    0.21804981
T13            0.30914162    0.21259536    0.27883227    0.22846566    0.31255577    0.30209994    0.15113837    0.15376347    0.18370833    0.16267346    0.12435230    0.03073308    0.00000000    0.01414101    0.04565653    0.23145148    0.23973938    0.24239606    0.21546129    0.21546129    0.20974578    0.21864713    0.19760078    0.23796553
T14            0.30625575    0.21002443    0.27605644    0.22585594    0.30965829    0.29924702    0.15351977    0.15615178    0.18619384    0.16509837    0.12668406    0.03280740    0.01414101    0.00000000    0.04776483    0.22810798    0.23635218    0.23900037    0.21231793    0.21231793    0.20665104    0.21546129    0.19508547    0.23531484
T0             0.29382676    0.21637455    0.28027999    0.22660098    0.29382676    0.28688292    0.14145084    0.14404192    0.16336550    0.14291952    0.12225910    0.03077489    0.04565653    0.04776483    0.00000000    0.22066473    0.22883287    0.24051749    0.21060956    0.21060956    0.19927535    0.20236701    0.17902902    0.21546129
T2             0.36144508    0.26675828    0.32184691    0.26833261    0.34683980    0.33593753    0.20073641    0.20358603    0.22908755    0.21804981    0.27663263    0.21155650    0.23145148    0.22810798    0.22066473    0.00000000    0.03924421    0.04565653    0.05638738    0.06081242    0.05418947    0.05867158    0.24468944    0.28784993
T9             0.36144508    0.26603446    0.32080068    0.26517714    0.33864672    0.32774767    0.20295845    0.20580806    0.23732501    0.22616294    0.29196292    0.21961379    0.23973938    0.23635218    0.22883287    0.03924421    0.00000000    0.04338584    0.05638738    0.06081242    0.05626415    0.06073766    0.24468944    0.29109764
T20            0.37964351    0.27901343    0.34495716    0.28958217    0.35715850    0.35223288    0.20835746    0.20549971    0.24899901    0.23764032    0.30477463    0.23108490    0.24239606    0.23900037    0.24051749    0.04565653    0.04338584    0.00000000    0.06504333    0.06951788    0.06282099    0.06735165    0.25892537    0.29721970
T16            0.34115915    0.25617638    0.30628323    0.25509814    0.32385066    0.30628323    0.19396182    0.19674787    0.22795022    0.21130228    0.27823157    0.20181188    0.21546129    0.21231793    0.21060956    0.05638738    0.05638738    0.06504333    0.00000000    0.00401610    0.01823218    0.02238874    0.23142394    0.27367299
T17            0.34115915    0.25617638    0.30628323    0.25509814    0.32385066    0.30628323    0.19396182    0.19674787    0.22795022    0.21130228    0.27823157    0.20181188    0.21546129    0.21231793    0.21060956    0.06081242    0.06081242    0.06951788    0.00401610    0.00000000    0.02236449    0.02656422    0.23142394    0.27367299
T4             0.33764916    0.25315453    0.30295994    0.25136861    0.32385066    0.30628323    0.19119122    0.19396182    0.22505946    0.20569898    0.26568846    0.19069827    0.20974578    0.20665104    0.19927535    0.05418947    0.05626415    0.06282099    0.01823218    0.02236449    0.00000000    0.00805149    0.22849933    0.27056663
T5             0.33814169    0.25953304    0.31008756    0.25781660    0.32429537    0.30673078    0.19702321    0.19983276    0.23113594    0.21437543    0.27544158    0.19927535    0.21864713    0.21546129    0.20236701    0.05867158    0.06073766    0.06735165    0.02238874    0.02656422    0.00805149    0.00000000    0.22878857    0.27088889
T15            0.18424385    0.18097559    0.21703011    0.16312651    0.22971468    0.21928218    0.15523037    0.15784858    0.19024114    0.17982647    0.25582858    0.17876333    0.19760078    0.19508547    0.17902902    0.24468944    0.24468944    0.25892537    0.23142394    0.23142394    0.22849933    0.22878857    0.00000000    0.06276173
T7             0.21060956    0.21749041    0.25545823    0.19321295    0.26328467    0.25238996    0.20154800    0.20154800    0.22720039    0.21909256    0.29312067    0.21804981    0.23796553    0.23531484    0.21546129    0.28784993    0.29109764    0.29721970    0.27367299    0.27367299    0.27056663    0.27088889    0.06276173    0.00000000

