24
T21            0.00000000    0.43686169    0.38150743    0.36958237    0.45368113    0.47378864    0.44865475    0.44596710    0.44596710    0.40078897    0.40078897    0.37156191    0.38024059    0.39689567    0.43493413    0.36627854    0.37623964    0.37415228    0.38801205    0.36528506    0.38633784    0.39009918    0.13653919    0.15153215
T20            0.43686169    0.00000000    0.10112243    0.08954398    0.26294484    0.25618271    0.24447388    0.25044582    0.25044582    0.29235518    0.29235518    0.29394956    0.30053123    0.28913857    0.31924293    0.29521190    0.31083223    0.29559263    0.31547065    0.27554886    0.28745240    0.28745240    0.41142749    0.42143413
T19            0.38150743    0.10112243    0.00000000    0.02866523    0.21446154    0.21380396    0.19702770    0.19983743    0.19983743    0.23301717    0.23301717    0.23073437    0.24278714    0.23004888    0.24867426    0.23865220    0.25006087    0.23301717    0.25660793    0.22036956    0.23142944    0.23142944    0.35295327    0.36958237
T14            0.36958237    0.08954398    0.02866523    0.00000000    0.19983743    0.19927973    0.18297394    0.18569936    0.18569936    0.22385372    0.22385372    0.22156037    0.23336394    0.22094590    0.24534913    0.22940203    0.24063240    0.22385372    0.24701106    0.21154635    0.22244307    0.22244307    0.34167712    0.35080533
T7             0.45368113    0.26294484    0.21446154    0.19983743    0.00000000    0.05213221    0.07858970    0.07630638    0.07630638    0.27862555    0.27862555    0.29572413    0.31256811    0.29481441    0.31502417    0.29526367    0.30097980    0.28914240    0.30815413    0.26952475    0.28066683    0.28066683    0.41265429    0.42669821
T9             0.47378864    0.25618271    0.21380396    0.19927973    0.05213221    0.00000000    0.08298427    0.08298427    0.08298427    0.28423684    0.28423684    0.30143975    0.31839800    0.30053123    0.31752396    0.30097980    0.30674138    0.29481441    0.31396052    0.28142572    0.28630351    0.28630351    0.42334126    0.43345828
T23            0.44865475    0.24447388    0.19702770    0.18297394    0.07858970    0.08298427    0.00000000    0.03277399    0.03277399    0.24504717    0.24504717    0.25782381    0.27345557    0.25408631    0.27026208    0.25818325    0.26990198    0.26478586    0.27664148    0.24598356    0.26228224    0.25015675    0.40405231    0.41791667
T17            0.44596710    0.25044582    0.19983743    0.18569936    0.07630638    0.08298427    0.03277399    0.00000000    0.00000000    0.26020456    0.26020456    0.26714405    0.27984784    0.26329201    0.28276683    0.27623348    0.28182163    0.27664148    0.29197285    0.25747474    0.26845715    0.26228224    0.39754006    0.41128513
T18            0.44596710    0.25044582    0.19983743    0.18569936    0.07630638    0.08298427    0.03277399    0.00000000    0.00000000    0.26020456    0.26020456    0.26714405    0.27984784    0.26329201    0.28276683    0.27623348    0.28182163    0.27664148    0.29197285    0.25747474    0.26845715    0.26228224    0.39754006    0.41128513
T16            0.40078897    0.29235518    0.23301717    0.22385372    0.27862555    0.28423684    0.24504717    0.26020456    0.26020456    0.00000000    0.00000000    0.11363933    0.13314112    0.11305760    0.15926561    0.18646016    0.19145520    0.18950209    0.20012981    0.17778996    0.18321129    0.18594417    0.37271760    0.39366186
T10            0.40078897    0.29235518    0.23301717    0.22385372    0.27862555    0.28423684    0.24504717    0.26020456    0.26020456    0.00000000    0.00000000    0.11363933    0.13314112    0.11305760    0.15926561    0.18646016    0.19145520    0.18950209    0.20012981    0.17778996    0.18321129    0.18594417    0.37271760    0.39366186
T11            0.37156191    0.29394956    0.23073437    0.22156037    0.29572413    0.30143975    0.25782381    0.26714405    0.26714405    0.11363933    0.11363933    0.00000000    0.01826981    0.09897655    0.14930006    0.18701116    0.19479581    0.19008599    0.19853924    0.17019483    0.18594417    0.18594417    0.35185354    0.37213299
T12            0.38024059    0.30053123    0.24278714    0.23336394    0.31256811    0.31839800    0.27345557    0.27984784    0.27984784    0.13314112    0.13314112    0.01826981    0.00000000    0.11791267    0.16976671    0.20043119    0.20836270    0.19790788    0.21223968    0.18321129    0.19927973    0.19927973    0.36766788    0.38853449
T15            0.39689567    0.28913857    0.23004888    0.22094590    0.29481441    0.30053123    0.25408631    0.26329201    0.26329201    0.11305760    0.11305760    0.09897655    0.11791267    0.00000000    0.09867669    0.18646016    0.19423368    0.19228833    0.20012981    0.17242683    0.18274538    0.18274538    0.36530621    0.39366186
T13            0.43493413    0.31924293    0.24867426    0.24534913    0.31502417    0.31752396    0.27026208    0.28276683    0.28276683    0.15926561    0.15926561    0.14930006    0.16976671    0.09867669    0.00000000    0.20975047    0.22065295    0.21576155    0.22385372    0.19528908    0.20872875    0.20314078    0.39366186    0.41527160
T22            0.36627854    0.29521190    0.23865220    0.22940203    0.29526367    0.30097980    0.25818325    0.27623348    0.27623348    0.18646016    0.18646016    0.18701116    0.20043119    0.18646016    0.20975047    0.00000000    0.01823220    0.01417411    0.02442131    0.05213221    0.06081284    0.05859538    0.35387372    0.37046037
T1             0.37623964    0.31083223    0.25006087    0.24063240    0.30097980    0.30674138    0.26990198    0.28182163    0.28182163    0.19145520    0.19145520    0.19479581    0.20836270    0.19423368    0.22065295    0.01823220    0.00000000    0.01619024    0.03064601    0.06081284    0.06959951    0.06735213    0.36367459    0.38048920
T0             0.37415228    0.29559263    0.23301717    0.22385372    0.28914240    0.29481441    0.26478586    0.27664148    0.27664148    0.18950209    0.18950209    0.19008599    0.19790788    0.19228833    0.21576155    0.01417411    0.01619024    0.00000000    0.02653134    0.05662290    0.06536906    0.06312671    0.35439129    0.37100436
T3             0.38801205    0.31547065    0.25660793    0.24701106    0.30815413    0.31396052    0.27664148    0.29197285    0.29197285    0.20012981    0.20012981    0.19853924    0.21223968    0.20012981    0.22385372    0.02442131    0.03064601    0.02653134    0.00000000    0.06536906    0.07403344    0.07177081    0.37902863    0.39626562
T2             0.36528506    0.27554886    0.22036956    0.21154635    0.26952475    0.28142572    0.24598356    0.25747474    0.25747474    0.17778996    0.17778996    0.17019483    0.18321129    0.17242683    0.19528908    0.05213221    0.06081284    0.05662290    0.06536906    0.00000000    0.05182012    0.05182012    0.34932999    0.36577504
T5             0.38633784    0.28745240    0.23142944    0.22244307    0.28066683    0.28630351    0.26228224    0.26845715    0.26845715    0.18321129    0.18321129    0.18594417    0.19927973    0.18274538    0.20872875    0.06081284    0.06959951    0.06536906    0.07403344    0.05182012    0.00000000    0.02236454    0.36265361    0.37941515
T6             0.39009918    0.28745240    0.23142944    0.22244307    0.28066683    0.28630351    0.25015675    0.26228224    0.26228224    0.18594417    0.18594417    0.18594417    0.19927973    0.18274538    0.20314078    0.05859538    0.06735213    0.06312671    0.07177081    0.05182012    0.02236454    0.00000000    0.36627854    0.38313450
T8             0.13653919    0.41142749    0.35295327    0.34167712    0.41265429    0.42334126    0.40405231    0.39754006    0.39754006    0.37271760    0.37271760    0.35185354    0.36766788    0.36530621    0.39366186    0.35387372    0.36367459    0.35439129    0.37902863    0.34932999    0.36265361    0.36627854    0.00000000    0.02859682
T4             0.15153215    0.42143413    0.36958237    0.35080533    0.42669821    0.43345828    0.41791667    0.41128513    0.41128513    0.39366186    0.39366186    0.37213299    0.38853449    0.39366186    0.41527160    0.37046037    0.38048920    0.37100436    0.39626562    0.36577504    0.37941515    0.38313450    0.02859682    0.00000000

