24
T23            0.00000000    0.34997322    0.31900616    0.29610223    0.28924560    0.29246591    0.32018119    0.28358481    0.29246591    0.30267032    0.29979281    0.38177066    0.39353664    0.38922109    0.38922109    0.40992350    0.38177066    0.35782003    0.36233342    0.38448565    0.37751090    0.34955708    0.34380824    0.34201530
T2             0.34997322    0.00000000    0.16513955    0.14711618    0.13683324    0.13683324    0.16415420    0.13213601    0.13463138    0.15006961    0.16209306    0.29210053    0.31511615    0.29692673    0.28077111    0.30764123    0.30353854    0.28434756    0.26374628    0.29692673    0.27996544    0.26962557    0.26449850    0.25903339
T10            0.31900616    0.16513955    0.00000000    0.05885158    0.09216482    0.09216482    0.11054155    0.08079223    0.10639097    0.11874172    0.13531398    0.25091280    0.28551888    0.27120933    0.25631633    0.28234404    0.25942652    0.23838965    0.22784606    0.26489042    0.25171253    0.23573915    0.23081733    0.23154612
T0             0.29610223    0.14711618    0.05885158    0.00000000    0.06938215    0.06938215    0.08732839    0.05840975    0.08299316    0.09475290    0.11079216    0.21783380    0.25400377    0.24372031    0.22653984    0.25145890    0.23242952    0.20953915    0.19933591    0.23475335    0.22195615    0.20981045    0.20497590    0.19989728
T9             0.28924560    0.13683324    0.09216482    0.06938215    0.00000000    0.00401614    0.06504883    0.04757032    0.07606518    0.08994066    0.09898892    0.22276859    0.24978919    0.23976362    0.21703162    0.23918090    0.22857237    0.21443734    0.19578941    0.22512571    0.21812034    0.20621288    0.20415461    0.20469291
T19            0.29246591    0.13683324    0.09216482    0.06938215    0.00401614    0.00000000    0.06504883    0.04757032    0.07606518    0.08994066    0.09898892    0.22276859    0.24978919    0.23976362    0.21703162    0.23918090    0.22857237    0.21443734    0.19578941    0.22512571    0.21812034    0.20621288    0.20415461    0.20469291
T16            0.32018119    0.16415420    0.11054155    0.08732839    0.06504883    0.06504883    0.00000000    0.07150051    0.10814800    0.11307400    0.12979931    0.24843381    0.27594423    0.26545005    0.24482900    0.26420589    0.25689304    0.23623628    0.21989185    0.25626339    0.24007014    0.22775729    0.21989185    0.22916498
T5             0.28358481    0.13213601    0.08079223    0.05840975    0.04757032    0.04757032    0.07150051    0.00000000    0.06944985    0.07631437    0.09429192    0.20110322    0.22423743    0.21469653    0.19555757    0.21938885    0.20389936    0.19028961    0.17225641    0.20621288    0.19375903    0.19007296    0.18528036    0.18574655
T4             0.29246591    0.13463138    0.10639097    0.08299316    0.07606518    0.07606518    0.10814800    0.06944985    0.00000000    0.04545428    0.06922112    0.20953915    0.23012723    0.22566203    0.20621288    0.23623628    0.21755681    0.20086512    0.18800771    0.21418772    0.20160716    0.18464805    0.17987003    0.18574655
T14            0.30267032    0.15006961    0.11874172    0.09475290    0.08994066    0.08994066    0.11307400    0.07631437    0.04545428    0.00000000    0.07825945    0.21841642    0.23946180    0.22947598    0.20415461    0.24007014    0.22131843    0.20724706    0.19428892    0.21783380    0.20812038    0.19578941    0.19099382    0.19708521
T17            0.29979281    0.16209306    0.13531398    0.11079216    0.09898892    0.09898892    0.12979931    0.09429192    0.06922112    0.07825945    0.00000000    0.24875729    0.26449850    0.26029531    0.23385676    0.26205128    0.24574133    0.23709910    0.21496526    0.24512286    0.22392434    0.20902475    0.20415461    0.21038113
T22            0.38177066    0.29210053    0.25091280    0.21783380    0.22276859    0.22276859    0.24843381    0.20110322    0.20953915    0.21841642    0.24875729    0.00000000    0.07216610    0.08061225    0.06721203    0.09195991    0.08502868    0.07841473    0.06296589    0.08520119    0.07205859    0.14129629    0.13669231    0.13199153
T13            0.39353664    0.31511615    0.28551888    0.25400377    0.24978919    0.24978919    0.27594423    0.22423743    0.23012723    0.23946180    0.26449850    0.07216610    0.00000000    0.09227819    0.07631437    0.10599344    0.09674472    0.08540247    0.07433742    0.08994066    0.07445016    0.15155894    0.14186169    0.14219334
T12            0.38922109    0.29692673    0.27120933    0.24372031    0.23976362    0.23976362    0.26545005    0.21469653    0.22566203    0.22947598    0.26029531    0.08061225    0.09227819    0.00000000    0.08273952    0.10548130    0.09626951    0.08495327    0.07614119    0.08963877    0.07622426    0.14355820    0.13892381    0.12926207
T8             0.38922109    0.28077111    0.25631633    0.22653984    0.21703162    0.21703162    0.24482900    0.19555757    0.20621288    0.20415461    0.23385676    0.06721203    0.07631437    0.08273952    0.00000000    0.05617121    0.06944985    0.06714935    0.05413317    0.07593448    0.06067456    0.12670143    0.12436942    0.11972909
T21            0.40992350    0.30764123    0.28234404    0.25145890    0.23918090    0.23918090    0.26420589    0.21938885    0.23623628    0.24007014    0.26205128    0.09195991    0.10599344    0.10548130    0.05617121    0.00000000    0.08717425    0.08940252    0.07825945    0.09845262    0.08732839    0.14334570    0.14095881    0.14117550
T18            0.38177066    0.30353854    0.25942652    0.23242952    0.22857237    0.22857237    0.25689304    0.20389936    0.21755681    0.22131843    0.24574133    0.08502868    0.09674472    0.09626951    0.06944985    0.08717425    0.00000000    0.07587984    0.06938215    0.09163813    0.07833353    0.13631823    0.13395811    0.12926207
T3             0.35782003    0.28434756    0.23838965    0.20953915    0.21443734    0.21443734    0.23623628    0.19028961    0.20086512    0.20724706    0.23709910    0.07841473    0.08540247    0.08495327    0.06714935    0.08940252    0.07587984    0.00000000    0.04549582    0.07374332    0.06074299    0.11711935    0.11481274    0.10803984
T7             0.36233342    0.26374628    0.22784606    0.19933591    0.19578941    0.19578941    0.21989185    0.17225641    0.18800771    0.19428892    0.21496526    0.06296589    0.07433742    0.07614119    0.05413317    0.07825945    0.06938215    0.04549582    0.00000000    0.06504883    0.05001861    0.10776116    0.10329830    0.09878028
T11            0.38448565    0.29692673    0.26489042    0.23475335    0.22512571    0.22512571    0.25626339    0.20621288    0.21418772    0.21783380    0.24512286    0.08520119    0.08994066    0.08963877    0.07593448    0.09845262    0.09163813    0.07374332    0.06504883    0.00000000    0.04541939    0.14106300    0.13643477    0.13172653
T15            0.37751090    0.27996544    0.25171253    0.22195615    0.21812034    0.21812034    0.24007014    0.19375903    0.20160716    0.20812038    0.22392434    0.07205859    0.07445016    0.07622426    0.06067456    0.08732839    0.07833353    0.06074299    0.05001861    0.04541939    0.00000000    0.12204533    0.11753668    0.11294665
T1             0.34955708    0.26962557    0.23573915    0.20981045    0.20621288    0.20621288    0.22775729    0.19007296    0.18464805    0.19578941    0.20902475    0.14129629    0.15155894    0.14355820    0.12670143    0.14334570    0.13631823    0.11711935    0.10776116    0.14106300    0.12204533    0.00000000    0.01006771    0.03910490
T20            0.34380824    0.26449850    0.23081733    0.20497590    0.20415461    0.20415461    0.21989185    0.18528036    0.17987003    0.19099382    0.20415461    0.13669231    0.14186169    0.13892381    0.12436942    0.14095881    0.13395811    0.11481274    0.10329830    0.13643477    0.11753668    0.01006771    0.00000000    0.03497258
T6             0.34201530    0.25903339    0.23154612    0.19989728    0.20469291    0.20469291    0.22916498    0.18574655    0.18574655    0.19708521    0.21038113    0.13199153    0.14219334    0.12926207    0.11972909    0.14117550    0.12926207    0.10803984    0.09878028    0.13172653    0.11294665    0.03910490    0.03497258    0.00000000

