24
T18            0.00000000    0.18056146    0.19404673    0.18378679    0.17858066    0.17562420    0.30605808    0.26691915    0.22688967    0.25761388    0.31280290    0.24578582    0.23809384    0.23153903    0.22075446    0.19305873    0.24578582    0.24342826    0.24342826    0.22336347    0.09382794    0.11524707    0.09440234    0.09217067
T15            0.18056146    0.00000000    0.03492872    0.08823948    0.08369791    0.08124194    0.27640165    0.21759123    0.21269552    0.24880295    0.31333608    0.26000535    0.27005996    0.26069635    0.23448482    0.20957097    0.25455037    0.27005996    0.27005996    0.25218171    0.18365301    0.20300173    0.18989146    0.18737842
T14            0.19404673    0.03492872    0.00000000    0.09518155    0.09295974    0.09045012    0.28002468    0.22075446    0.22396106    0.25150560    0.31624797    0.26584053    0.27600127    0.26343756    0.23714035    0.21786832    0.26034556    0.27919237    0.27919237    0.26105771    0.19693450    0.22254010    0.20066547    0.19812070
T8             0.18378679    0.08823948    0.09518155    0.00000000    0.03289643    0.03073520    0.28370042    0.22104957    0.21907245    0.26181201    0.30413712    0.28282516    0.28370042    0.26769169    0.25327335    0.22396106    0.24913687    0.28696487    0.28696487    0.26850679    0.18663287    0.22627489    0.19859066    0.19883949
T12            0.17858066    0.08369791    0.09295974    0.03289643    0.00000000    0.01008429    0.28415451    0.22721166    0.20275551    0.25057510    0.29222061    0.26809393    0.27212160    0.25327335    0.24751136    0.22427437    0.24342826    0.27445613    0.27445613    0.25947716    0.17615597    0.22075446    0.19605806    0.19353456
T9             0.17562420    0.08124194    0.09045012    0.03073520    0.01008429    0.00000000    0.27488946    0.22166866    0.20529898    0.24714590    0.28839257    0.27085252    0.27488946    0.25598180    0.25020020    0.22688967    0.24611053    0.27723503    0.27723503    0.26220491    0.17339160    0.21759123    0.19305873    0.19054139
T21            0.30605808    0.27640165    0.28002468    0.28370042    0.28415451    0.27488946    0.00000000    0.13805818    0.39740772    0.43015379    0.49476118    0.41567053    0.41708473    0.40509246    0.39015934    0.37244413    0.39466665    0.43773698    0.43773698    0.40509246    0.31944707    0.34347899    0.34652563    0.34700881
T22            0.26691915    0.21759123    0.22075446    0.22104957    0.22721166    0.22166866    0.13805818    0.00000000    0.31862213    0.35212987    0.42009480    0.36504334    0.35159481    0.35159481    0.32157010    0.31479797    0.36365764    0.36618080    0.36618080    0.34445898    0.29364519    0.31316624    0.28825487    0.28859464
T11            0.22688967    0.21269552    0.22396106    0.21907245    0.20275551    0.20529898    0.39740772    0.31862213    0.00000000    0.06938545    0.12873666    0.18304317    0.18903183    0.17538983    0.16231040    0.14203763    0.18530495    0.18080186    0.18627336    0.17858066    0.22663649    0.25904852    0.24248144    0.23980586
T6             0.25761388    0.24880295    0.25150560    0.26181201    0.25057510    0.24714590    0.43015379    0.35212987    0.06938545    0.00000000    0.11893714    0.22046899    0.22688967    0.21241591    0.19031564    0.17188420    0.20674220    0.21527719    0.21527719    0.20727824    0.26674612    0.29430794    0.27765952    0.27486561
T19            0.31280290    0.31333608    0.31624797    0.30413712    0.29222061    0.28839257    0.49476118    0.42009480    0.12873666    0.11893714    0.00000000    0.27302092    0.28710863    0.27072973    0.25217636    0.23762189    0.26344638    0.27072973    0.27072973    0.25573337    0.29577311    0.34245736    0.32299047    0.32004343
T17            0.24578582    0.26000535    0.26584053    0.28282516    0.26809393    0.27085252    0.41567053    0.36504334    0.18304317    0.22046899    0.27302092    0.00000000    0.04128863    0.03277591    0.13173884    0.11235327    0.15852598    0.16924293    0.17188420    0.15913984    0.24853589    0.27569276    0.26179548    0.25904852
T1             0.23809384    0.27005996    0.27600127    0.28370042    0.27212160    0.27488946    0.41708473    0.35159481    0.18903183    0.22688967    0.28710863    0.04128863    0.00000000    0.03710617    0.13421598    0.11732217    0.15881575    0.17227755    0.17227755    0.15949803    0.24063132    0.26149931    0.25389722    0.25118311
T4             0.23153903    0.26069635    0.26343756    0.26769169    0.25327335    0.25598180    0.40509246    0.35159481    0.17538983    0.21241591    0.27072973    0.03277591    0.03710617    0.00000000    0.12682123    0.11014060    0.14608156    0.16435340    0.16435340    0.15173838    0.23442487    0.25792269    0.24728846    0.24458973
T23            0.22075446    0.23448482    0.23714035    0.25327335    0.24751136    0.25020020    0.39015934    0.32157010    0.16231040    0.19031564    0.25217636    0.13173884    0.13421598    0.12682123    0.00000000    0.06932479    0.11032992    0.10815611    0.10815611    0.10124755    0.22928761    0.24086456    0.23043785    0.22779540
T13            0.19305873    0.20957097    0.21786832    0.22396106    0.22427437    0.22688967    0.37244413    0.31479797    0.14203763    0.17188420    0.23762189    0.11235327    0.11732217    0.11014060    0.06932479    0.00000000    0.08511630    0.10124755    0.10124755    0.08973767    0.20721403    0.22684815    0.19748543    0.20003527
T7             0.24578582    0.25455037    0.26034556    0.24913687    0.24342826    0.24611053    0.39466665    0.36365764    0.18530495    0.20674220    0.26344638    0.15852598    0.15881575    0.14608156    0.11032992    0.08511630    0.00000000    0.14187584    0.14187584    0.12966484    0.24269704    0.27260114    0.25572489    0.25299631
T16            0.24342826    0.27005996    0.27919237    0.28696487    0.27445613    0.27723503    0.43773698    0.36618080    0.18080186    0.21527719    0.27072973    0.16924293    0.17227755    0.16435340    0.10815611    0.10124755    0.14187584    0.00000000    0.00401615    0.04343975    0.25492409    0.27319269    0.24487328    0.24218624
T3             0.24342826    0.27005996    0.27919237    0.28696487    0.27445613    0.27723503    0.43773698    0.36618080    0.18627336    0.21527719    0.27072973    0.17188420    0.17227755    0.16435340    0.10815611    0.10124755    0.14187584    0.00401615    0.00000000    0.04343975    0.25492409    0.27319269    0.24487328    0.24218624
T10            0.22336347    0.25218171    0.26105771    0.26850679    0.25947716    0.26220491    0.40509246    0.34445898    0.17858066    0.20727824    0.25573337    0.15913984    0.15949803    0.15173838    0.10124755    0.08973767    0.12966484    0.04343975    0.04343975    0.00000000    0.23482623    0.24650489    0.22779540    0.22516284
T20            0.09382794    0.18365301    0.19693450    0.18663287    0.17615597    0.17339160    0.31944707    0.29364519    0.22663649    0.26674612    0.29577311    0.24853589    0.24063132    0.23442487    0.22928761    0.20721403    0.24269704    0.25492409    0.25492409    0.23482623    0.00000000    0.09152809    0.10975971    0.10746052
T0             0.11524707    0.20300173    0.22254010    0.22627489    0.22075446    0.21759123    0.34347899    0.31316624    0.25904852    0.29430794    0.34245736    0.27569276    0.26149931    0.25792269    0.24086456    0.22684815    0.27260114    0.27319269    0.27319269    0.24650489    0.09152809    0.00000000    0.14119003    0.13881499
T5             0.09440234    0.18989146    0.20066547    0.19859066    0.19605806    0.19305873    0.34652563    0.28825487    0.24248144    0.27765952    0.32299047    0.26179548    0.25389722    0.24728846    0.23043785    0.19748543    0.25572489    0.24487328    0.24487328    0.22779540    0.10975971    0.14119003    0.00000000    0.00200302
T2             0.09217067    0.18737842    0.19812070    0.19883949    0.19353456    0.19054139    0.34700881    0.28859464    0.23980586    0.27486561    0.32004343    0.25904852    0.25118311    0.24458973    0.22779540    0.20003527    0.25299631    0.24218624    0.24218624    0.22516284    0.10746052    0.13881499    0.00200302    0.00000000

