24
T23            0.00000000    0.22523704    0.24784505    0.25131095    0.25131095    0.24822967    0.23310267    0.25520441    0.24442694    0.23984161    0.22558787    0.28642368    0.25757368    0.25520441    0.24306703    0.25214224    0.31411870    0.30830845    0.30542068    0.29634029    0.28084578    0.33389140    0.28516400    0.18599625
T14            0.22523704    0.00000000    0.06960654    0.08784079    0.08089328    0.07859881    0.10794200    0.12926600    0.11512252    0.08973329    0.08069950    0.25627604    0.23211606    0.24105589    0.22101930    0.22980176    0.29210843    0.28972847    0.28364503    0.26845750    0.27483680    0.30205914    0.26804584    0.21325366
T20            0.24784505    0.06960654    0.00000000    0.09910534    0.09674575    0.09439729    0.13173040    0.14872342    0.13173040    0.11079349    0.10838840    0.27036490    0.21655499    0.22513535    0.21419624    0.22277676    0.30688839    0.30446198    0.28840527    0.27955197    0.28277237    0.31804608    0.27997235    0.23909848
T0             0.25131095    0.08784079    0.09910534    0.00000000    0.03284910    0.03073460    0.13683654    0.16660126    0.14408717    0.12500180    0.11549820    0.29210882    0.25828551    0.27635225    0.26138578    0.27080399    0.31411870    0.31512348    0.30205914    0.28972847    0.29302342    0.35308420    0.30830845    0.24784505
T17            0.25131095    0.08089328    0.09674575    0.03284910    0.00000000    0.01010168    0.13434128    0.16660126    0.14156671    0.11766261    0.11066470    0.28889910    0.25520441    0.27635225    0.25520441    0.26450545    0.32341850    0.32444713    0.31461519    0.29872011    0.29872011    0.34576920    0.31170431    0.25091681
T19            0.24822967    0.07859881    0.09439729    0.03073460    0.01010168    0.00000000    0.12938791    0.16398839    0.13408090    0.12009702    0.11307559    0.28889910    0.25828551    0.27955197    0.25828551    0.26764477    0.32688507    0.32793807    0.31804608    0.30205914    0.30205914    0.34576920    0.30830845    0.24784505
T6             0.23310267    0.10794200    0.13173040    0.13683654    0.13434128    0.12938791    0.00000000    0.14106921    0.13161041    0.11282919    0.10587762    0.29938876    0.25996583    0.26614695    0.24844323    0.25757368    0.32688507    0.32444713    0.31461519    0.29872011    0.29872011    0.33283804    0.30067219    0.24640772
T18            0.25520441    0.12926600    0.14872342    0.16660126    0.16660126    0.16398839    0.14106921    0.00000000    0.04962240    0.09178624    0.08503015    0.30361686    0.26238131    0.26856230    0.25083556    0.25690379    0.32588078    0.32341850    0.32392678    0.30782346    0.31120775    0.34594611    0.30311066    0.24513329
T22            0.24442694    0.11512252    0.13173040    0.14408717    0.14156671    0.13408090    0.13161041    0.04962240    0.00000000    0.08290245    0.07169849    0.28006546    0.24844323    0.25146816    0.23710741    0.24306703    0.30158535    0.29919408    0.30642546    0.29066620    0.29732232    0.32098049    0.29256032    0.23445219
T1             0.23984161    0.08973329    0.11079349    0.12500180    0.11766261    0.12009702    0.11282919    0.09178624    0.08290245    0.00000000    0.02236519    0.28397276    0.23415411    0.24007831    0.22305040    0.22887093    0.29256032    0.28690766    0.28084578    0.26571038    0.27527959    0.31856626    0.28040362    0.22750888
T9             0.22558787    0.08069950    0.10838840    0.11549820    0.11066470    0.11307559    0.10587762    0.08503015    0.07169849    0.02236519    0.00000000    0.26890899    0.22305040    0.22887093    0.21211958    0.21784001    0.28040362    0.27483680    0.27527959    0.26024735    0.26339675    0.29919408    0.26529821    0.20782355
T7             0.28642368    0.25627604    0.27036490    0.29210882    0.28889910    0.28889910    0.29938876    0.30361686    0.28006546    0.28397276    0.26890899    0.00000000    0.22947252    0.23815201    0.22134095    0.22992099    0.25296241    0.25658463    0.25757368    0.24306703    0.24306703    0.28397276    0.24513329    0.31057357
T12            0.25757368    0.23211606    0.21655499    0.25828551    0.25520441    0.25828551    0.25996583    0.26238131    0.24844323    0.23415411    0.22305040    0.22947252    0.00000000    0.02236519    0.01827034    0.02660488    0.25083556    0.24543654    0.24575004    0.23150759    0.22858029    0.26926649    0.22829951    0.27133615
T10            0.25520441    0.24105589    0.22513535    0.27635225    0.27635225    0.27955197    0.26614695    0.26856230    0.25146816    0.24007831    0.22887093    0.23815201    0.02236519    0.00000000    0.02862903    0.03710520    0.25690379    0.24844323    0.24876586    0.23445219    0.23150759    0.26614695    0.23121821    0.27446540
T16            0.24306703    0.22101930    0.21419624    0.26138578    0.25520441    0.25828551    0.24844323    0.25083556    0.23710741    0.22305040    0.21211958    0.22134095    0.01827034    0.02862903    0.00000000    0.00806490    0.24244788    0.23710741    0.23741430    0.22333378    0.22044040    0.25451157    0.22016543    0.26270872
T4             0.25214224    0.22980176    0.22277676    0.27080399    0.26450545    0.26764477    0.25757368    0.25690379    0.24306703    0.22887093    0.21784001    0.22992099    0.02660488    0.03710520    0.00806490    0.00000000    0.24244788    0.23710741    0.23741430    0.22333378    0.22044040    0.26687453    0.23180689    0.27203830
T2             0.31411870    0.29210843    0.30688839    0.31411870    0.32341850    0.32688507    0.32688507    0.32588078    0.30158535    0.29256032    0.28040362    0.25296241    0.25083556    0.25690379    0.24244788    0.24244788    0.00000000    0.01617501    0.06051142    0.04969378    0.05395978    0.21160938    0.18801255    0.31517499
T15            0.30830845    0.28972847    0.30446198    0.31512348    0.32444713    0.32793807    0.32444713    0.32341850    0.29919408    0.28690766    0.27483680    0.25658463    0.24543654    0.24844323    0.23710741    0.23710741    0.01617501    0.00000000    0.05185870    0.04545474    0.04969378    0.20646406    0.18031059    0.31270014
T13            0.30542068    0.28364503    0.28840527    0.30205914    0.31461519    0.31804608    0.31461519    0.32392678    0.30642546    0.28084578    0.27527959    0.25757368    0.24575004    0.24876586    0.23741430    0.23741430    0.06051142    0.05185870    0.00000000    0.01827034    0.04765641    0.22392963    0.18874615    0.31072291
T8             0.29634029    0.26845750    0.27955197    0.28972847    0.29872011    0.30205914    0.29872011    0.30782346    0.29066620    0.26571038    0.26024735    0.24306703    0.23150759    0.23445219    0.22333378    0.22333378    0.04969378    0.04545474    0.01827034    0.00000000    0.03701333    0.21583277    0.17830985    0.30158535
T3             0.28084578    0.27483680    0.28277237    0.29302342    0.29872011    0.30205914    0.29872011    0.31120775    0.29732232    0.27527959    0.26339675    0.24306703    0.22858029    0.23150759    0.22044040    0.22044040    0.05395978    0.04969378    0.04765641    0.03701333    0.00000000    0.21009572    0.16757615    0.29736649
T21            0.33389140    0.30205914    0.31804608    0.35308420    0.34576920    0.34576920    0.33283804    0.34594611    0.32098049    0.31856626    0.29919408    0.28397276    0.26926649    0.26614695    0.25451157    0.26687453    0.21160938    0.20646406    0.22392963    0.21583277    0.21009572    0.00000000    0.12779111    0.35622599
T5             0.28516400    0.26804584    0.27997235    0.30830845    0.31170431    0.30830845    0.30067219    0.30311066    0.29256032    0.28040362    0.26529821    0.24513329    0.22829951    0.23121821    0.22016543    0.23180689    0.18801255    0.18031059    0.18874615    0.17830985    0.16757615    0.12779111    0.00000000    0.31608429
T11            0.18599625    0.21325366    0.23909848    0.24784505    0.25091681    0.24784505    0.24640772    0.24513329    0.23445219    0.22750888    0.20782355    0.31057357    0.27133615    0.27446540    0.26270872    0.27203830    0.31517499    0.31270014    0.31072291    0.30158535    0.29736649    0.35622599    0.31608429    0.00000000

