24
T9             0.00000000    0.28436764    0.29572800    0.29392327    0.29713368    0.30227587    0.29737905    0.30516581    0.30147637    0.31139591    0.31057755    0.48694249    0.40392642    0.23445779    0.28116721    0.28571199    0.30024480    0.30356243    0.28221090    0.24753874    0.24428487    0.23865090    0.24428487    0.24402162
T11            0.28436764    0.00000000    0.10135652    0.09402485    0.09635148    0.09429387    0.09196173    0.08741804    0.08503012    0.09878229    0.09643922    0.32493694    0.28758877    0.16941407    0.24373550    0.24275753    0.26651369    0.26340308    0.25083893    0.21939920    0.21070162    0.21372684    0.21679372    0.21329448
T17            0.29572800    0.10135652    0.00000000    0.03904313    0.04117115    0.08983468    0.09196173    0.08741804    0.08503012    0.09643922    0.09410713    0.32151702    0.29248606    0.18736070    0.25451821    0.25355330    0.27134040    0.26822993    0.26117682    0.22418141    0.22113139    0.22418141    0.22727414    0.21812349
T7             0.29392327    0.09402485    0.03904313    0.00000000    0.00200403    0.08482549    0.08255195    0.07808118    0.07579295    0.08482549    0.08699918    0.30689095    0.27565075    0.17877945    0.24455847    0.24376875    0.26976913    0.26670665    0.25738634    0.22356943    0.21499699    0.21794551    0.22093546    0.21208938
T16            0.29713368    0.09635148    0.04117115    0.00200403    0.00000000    0.08710945    0.08482549    0.08033927    0.07803578    0.08710945    0.08928310    0.30361725    0.27876101    0.18143430    0.24753874    0.24672242    0.27285056    0.26976913    0.26038428    0.22640538    0.21777751    0.22074953    0.22376339    0.21484678
T15            0.30227587    0.09429387    0.08983468    0.08482549    0.08710945    0.00000000    0.01823257    0.03705629    0.03488993    0.05846719    0.05626874    0.32316586    0.28926508    0.16872441    0.24245182    0.24159593    0.26513877    0.26206667    0.24672242    0.21893461    0.20753151    0.21049818    0.21632589    0.21012039
T2             0.29737905    0.09196173    0.09196173    0.08255195    0.08482549    0.01823257    0.00000000    0.03492820    0.03277541    0.06067538    0.05846719    0.32656229    0.29899118    0.16905179    0.24008402    0.23919369    0.26271355    0.25964138    0.24725621    0.21939920    0.21070162    0.21091470    0.21679372    0.20771750
T8             0.30516581    0.08741804    0.08741804    0.07808118    0.08033927    0.03705629    0.03492820    0.00000000    0.01008424    0.05853076    0.05632744    0.30036491    0.28642891    0.17415155    0.23681446    0.23598082    0.26856722    0.26546640    0.24698409    0.21916202    0.21049818    0.21070162    0.21091470    0.20753151
T4             0.30147637    0.08503012    0.08503012    0.07579295    0.07803578    0.03488993    0.03277541    0.01008424    0.00000000    0.05626874    0.05407996    0.30325967    0.28288494    0.17134443    0.23359005    0.23572319    0.26513877    0.26206667    0.24376875    0.21610656    0.20753151    0.20771750    0.20791312    0.20460527
T19            0.31139591    0.09878229    0.09643922    0.08482549    0.08710945    0.05846719    0.06067538    0.05853076    0.05626874    0.00000000    0.02233104    0.32572755    0.28855029    0.18427829    0.25386449    0.24996430    0.28006906    0.27691933    0.25763057    0.23234481    0.22640538    0.22660747    0.22681965    0.22338554
T21            0.31057755    0.09643922    0.09410713    0.08699918    0.08928310    0.05626874    0.05846719    0.05632744    0.05407996    0.02233104    0.00000000    0.32235420    0.27595117    0.17928820    0.23948035    0.23572319    0.27691933    0.27378939    0.25215533    0.22704188    0.22113139    0.22133728    0.22155309    0.21290102
T20            0.48694249    0.32493694    0.32151702    0.30689095    0.30361725    0.32316586    0.32656229    0.30036491    0.30325967    0.32572755    0.32235420    0.00000000    0.19681797    0.37237231    0.43040282    0.43100291    0.43652017    0.43247669    0.45948628    0.40450486    0.40392642    0.40336293    0.39627363    0.39573952
T12            0.40392642    0.28758877    0.29248606    0.27565075    0.27876101    0.28926508    0.29899118    0.28642891    0.28288494    0.28855029    0.27595117    0.19681797    0.00000000    0.34542954    0.38815457    0.38885361    0.46026713    0.45597979    0.41422544    0.36025832    0.36336789    0.36285942    0.35615741    0.37277741
T23            0.23445779    0.16941407    0.18736070    0.17877945    0.18143430    0.16872441    0.16905179    0.17415155    0.17134443    0.18427829    0.17928820    0.37237231    0.34542954    0.00000000    0.09674692    0.09878229    0.12009814    0.11766350    0.15447839    0.10350175    0.10086249    0.10094628    0.10557067    0.09613309
T1             0.28116721    0.24373550    0.25451821    0.24455847    0.24753874    0.24245182    0.24008402    0.23681446    0.23359005    0.25386449    0.23948035    0.43040282    0.38815457    0.09674692    0.00000000    0.04338880    0.14456821    0.14712133    0.21497632    0.15896073    0.15622996    0.15638131    0.16138877    0.15608712
T14            0.28571199    0.24275753    0.25355330    0.24376875    0.24672242    0.24159593    0.23919369    0.23598082    0.23572319    0.24996430    0.23572319    0.43100291    0.38885361    0.09878229    0.04338880    0.00000000    0.13905867    0.14156673    0.21704217    0.16367102    0.16094604    0.16108498    0.16611810    0.16081578
T5             0.30024480    0.26651369    0.27134040    0.26976913    0.27285056    0.26513877    0.26271355    0.26856722    0.26513877    0.28006906    0.27691933    0.43652017    0.46026713    0.12009814    0.14456821    0.13905867    0.00000000    0.00401615    0.23742053    0.19029778    0.17928820    0.18215925    0.18736070    0.17645474
T13            0.30356243    0.26340308    0.26822993    0.26670665    0.26976913    0.26206667    0.25964138    0.26546640    0.26206667    0.27691933    0.27378939    0.43247669    0.45597979    0.11766350    0.14712133    0.14156673    0.00401615    0.00000000    0.23445779    0.18757014    0.17662617    0.17947569    0.18465530    0.17381391
T10            0.28221090    0.25083893    0.26117682    0.25738634    0.26038428    0.24672242    0.24725621    0.24698409    0.24376875    0.25763057    0.25215533    0.45948628    0.41422544    0.15447839    0.21497632    0.21704217    0.23742053    0.23445779    0.00000000    0.12547612    0.12038114    0.12053421    0.12531077    0.11321208
T0             0.24753874    0.21939920    0.22418141    0.22356943    0.22640538    0.21893461    0.21939920    0.21916202    0.21610656    0.23234481    0.22704188    0.40450486    0.36025832    0.10350175    0.15896073    0.16367102    0.19029778    0.18757014    0.12547612    0.00000000    0.02447325    0.02450835    0.02866681    0.04343894
T18            0.24428487    0.21070162    0.22113139    0.21499699    0.21777751    0.20753151    0.21070162    0.21049818    0.20753151    0.22640538    0.22113139    0.40392642    0.36336789    0.10086249    0.15622996    0.16094604    0.17928820    0.17662617    0.12038114    0.02447325    0.00000000    0.02031470    0.02444446    0.03697716
T6             0.23865090    0.21372684    0.22418141    0.21794551    0.22074953    0.21049818    0.21091470    0.21070162    0.20771750    0.22660747    0.22133728    0.40336293    0.36285942    0.10094628    0.15638131    0.16108498    0.18215925    0.17947569    0.12053421    0.02450835    0.02031470    0.00000000    0.01623238    0.03701347
T3             0.24428487    0.21679372    0.22727414    0.22093546    0.22376339    0.21632589    0.21679372    0.21091470    0.20791312    0.22681965    0.22155309    0.39627363    0.35615741    0.10557067    0.16138877    0.16611810    0.18736070    0.18465530    0.12531077    0.02866681    0.02444446    0.01623238    0.00000000    0.03910521
T22            0.24402162    0.21329448    0.21812349    0.21208938    0.21484678    0.21012039    0.20771750    0.20753151    0.20460527    0.22338554    0.21290102    0.39573952    0.37277741    0.09613309    0.15608712    0.16081578    0.17645474    0.17381391    0.11321208    0.04343894    0.03697716    0.03701347    0.03910521    0.00000000

