24
T6             0.00000000    0.35132700    0.33674758    0.33914881    0.31316304    0.32098420    0.28889730    0.32445118    0.34705490    0.30979001    0.35437729    0.33944658    0.28516561    0.27835707    0.28757976    0.29001765    0.30983827    0.35860062    0.31363650    0.31855971    0.31902057    0.19436836    0.16338957    0.17365918
T13            0.35132700    0.00000000    0.01833314    0.04355846    0.06744211    0.06762950    0.14219596    0.16150845    0.19708957    0.17560562    0.22151054    0.24555576    0.17936296    0.18517853    0.19326827    0.19264753    0.18736050    0.32342134    0.27635411    0.28516561    0.27518773    0.25520560    0.24479456    0.25983739
T2             0.33674758    0.01833314    0.00000000    0.03710530    0.05853037    0.05867760    0.13213854    0.15094418    0.18874720    0.16757674    0.20687009    0.22751090    0.16317312    0.16876635    0.17662787    0.17609954    0.19577369    0.30979001    0.26375584    0.26926688    0.26270817    0.23710741    0.22980322    0.24140367
T21            0.33914881    0.04355846    0.03710530    0.00000000    0.05185851    0.05194962    0.12448259    0.14020054    0.17472178    0.15930057    0.21197472    0.21524974    0.15746345    0.15767323    0.16536516    0.17023869    0.18956184    0.32588269    0.27874512    0.28115941    0.27446469    0.24543622    0.23805934    0.24979701
T18            0.31316304    0.06744211    0.05853037    0.05185851    0.00000000    0.02857312    0.12417634    0.14987451    0.17415070    0.15367050    0.20303192    0.22595228    0.17001915    0.16229513    0.17001915    0.17226067    0.18599716    0.31431273    0.26822529    0.27067567    0.26421927    0.23624580    0.22887122    0.24039472
T7             0.32098420    0.06762950    0.05867760    0.05194962    0.02857312    0.00000000    0.11731502    0.15027794    0.16922723    0.14886191    0.20303192    0.22072559    0.16250201    0.15746345    0.16514282    0.16736432    0.18103099    0.30847478    0.26890888    0.27761393    0.27099998    0.22802767    0.22595228    0.23741472
T9             0.28889730    0.14219596    0.13213854    0.12448259    0.12417634    0.11731502    0.00000000    0.14202627    0.17472178    0.14647013    0.19934078    0.20903156    0.15670792    0.15948365    0.16716046    0.16677851    0.17761305    0.31057170    0.26421927    0.26421927    0.25788610    0.24083289    0.21893414    0.23015827
T11            0.32445118    0.16150845    0.15094418    0.14020054    0.14987451    0.15027794    0.14202627    0.00000000    0.20243673    0.17537163    0.21817590    0.22196165    0.16826510    0.17390770    0.18182960    0.18128850    0.20399292    0.34649545    0.30355110    0.30023416    0.29001765    0.25723349    0.24072100    0.24710797
T14            0.34705490    0.19708957    0.18874720    0.17472178    0.17415070    0.16922723    0.17472178    0.20243673    0.00000000    0.03907089    0.15987512    0.24782787    0.19075509    0.19376382    0.20187813    0.20416038    0.21872773    0.33042088    0.28889730    0.27626031    0.26976867    0.28253875    0.25931807    0.27133522
T22            0.30979001    0.17560562    0.16757674    0.15930057    0.15367050    0.14886191    0.14647013    0.17537163    0.03907089    0.00000000    0.12718494    0.22488124    0.16696517    0.16716046    0.17492968    0.17987491    0.19376382    0.29858991    0.25597608    0.24996257    0.24376874    0.24647163    0.22440494    0.23572194
T4             0.35437729    0.22151054    0.20687009    0.21197472    0.20303192    0.20303192    0.19934078    0.21817590    0.15987512    0.12718494    0.00000000    0.24909955    0.19178290    0.19485860    0.20303192    0.20527282    0.22372105    0.33583519    0.29366579    0.29041379    0.28359745    0.28235438    0.25904139    0.26804839
T15            0.33944658    0.24555576    0.22751090    0.21524974    0.22595228    0.22072559    0.20903156    0.22196165    0.24782787    0.22488124    0.24909955    0.00000000    0.09845494    0.09157828    0.09845494    0.10298968    0.17472178    0.34771495    0.31530909    0.30291280    0.29936009    0.25190889    0.24376874    0.24996257
T16            0.28516561    0.17936296    0.16317312    0.15746345    0.17001915    0.16250201    0.15670792    0.16826510    0.19075509    0.16696517    0.19178290    0.09845494    0.00000000    0.03697711    0.04334516    0.04757077    0.11321052    0.30847478    0.26513464    0.25597608    0.24725408    0.20257245    0.19259891    0.20064301
T10            0.27835707    0.18517853    0.16876635    0.15767323    0.16229513    0.15746345    0.15948365    0.17390770    0.19376382    0.16716046    0.19485860    0.09157828    0.03697711    0.00000000    0.00602724    0.04753801    0.12037936    0.29898362    0.25627458    0.24428318    0.23523881    0.20791331    0.19512808    0.20598490
T1             0.28757976    0.19326827    0.17662787    0.16536516    0.17001915    0.16514282    0.16716046    0.18182960    0.20187813    0.17492968    0.20303192    0.09845494    0.04334516    0.00602724    0.00000000    0.05399275    0.12268676    0.30847478    0.26513464    0.25296025    0.24376874    0.21329470    0.20042387    0.21136751
T17            0.29001765    0.19264753    0.17609954    0.17023869    0.17226067    0.16736432    0.16677851    0.18128850    0.20416038    0.17987491    0.20527282    0.10298968    0.04757077    0.04753801    0.05399275    0.00000000    0.11294850    0.31767419    0.27378554    0.26758509    0.25815102    0.20771837    0.19492421    0.20575959
T23            0.30983827    0.18736050    0.19577369    0.18956184    0.18599716    0.18103099    0.17761305    0.20399292    0.21872773    0.19376382    0.22372105    0.17472178    0.11321052    0.12037936    0.12268676    0.11294850    0.00000000    0.31902057    0.27798000    0.27482074    0.26513464    0.24007850    0.22163828    0.23243636
T8             0.35860062    0.32342134    0.30979001    0.32588269    0.31431273    0.30847478    0.31057170    0.34649545    0.33042088    0.29858991    0.33583519    0.34771495    0.30847478    0.29898362    0.30847478    0.31767419    0.31902057    0.00000000    0.05626856    0.10804183    0.10557071    0.27658206    0.25354942    0.26546138
T0             0.31363650    0.27635411    0.26375584    0.27874512    0.26822529    0.26890888    0.26421927    0.30355110    0.28889730    0.25597608    0.29366579    0.31530909    0.26513464    0.25627458    0.26513464    0.27378554    0.27798000    0.05626856    0.00000000    0.06479643    0.06696999    0.23839398    0.21655342    0.22776626
T3             0.31855971    0.28516561    0.26926688    0.28115941    0.27067567    0.27761393    0.26421927    0.30023416    0.27626031    0.24996257    0.29041379    0.30291280    0.25597608    0.24428318    0.25296025    0.26758509    0.27482074    0.10804183    0.06479643    0.00000000    0.03271328    0.23891476    0.21419532    0.22539710
T5             0.31902057    0.27518773    0.26270817    0.27446469    0.26421927    0.27099998    0.25788610    0.29001765    0.26976867    0.24376874    0.28359745    0.29936009    0.24725408    0.23523881    0.24376874    0.25815102    0.26513464    0.10557071    0.06696999    0.03271328    0.00000000    0.23624580    0.21160870    0.22277631
T19            0.19436836    0.25520560    0.23710741    0.24543622    0.23624580    0.22802767    0.24083289    0.25723349    0.28253875    0.24647163    0.28235438    0.25190889    0.20257245    0.20791331    0.21329470    0.20771837    0.24007850    0.27658206    0.23839398    0.23891476    0.23624580    0.00000000    0.03697711    0.04549613
T20            0.16338957    0.24479456    0.22980322    0.23805934    0.22887122    0.22595228    0.21893414    0.24072100    0.25931807    0.22440494    0.25904139    0.24376874    0.19259891    0.19512808    0.20042387    0.19492421    0.22163828    0.25354942    0.21655342    0.21419532    0.21160870    0.03697711    0.00000000    0.01210034
T12            0.17365918    0.25983739    0.24140367    0.24979701    0.24039472    0.23741472    0.23015827    0.24710797    0.27133522    0.23572194    0.26804839    0.24996257    0.20064301    0.20598490    0.21136751    0.20575959    0.23243636    0.26546138    0.22776626    0.22539710    0.22277631    0.04549613    0.01210034    0.00000000

