24
T6             0.00000000    0.29261703    0.32807985    0.28661312    0.26543316    0.26387512    0.24651323    0.24617608    0.26938831    0.22926079    0.23750846    0.13282683    0.12799267    0.15230309    0.10601259    0.19213178    0.13498969    0.15230309    0.15971659    0.14477706    0.13231872    0.12749872    0.14991280    0.12025737
T17            0.29261703    0.00000000    0.16356018    0.11296779    0.14189518    0.14383549    0.14936508    0.25225248    0.27569566    0.20505580    0.21246411    0.30327071    0.29953920    0.33853471    0.29055661    0.37145909    0.31072392    0.32716491    0.33754649    0.32079018    0.30123030    0.30490367    0.32168250    0.29300434
T0             0.32807985    0.16356018    0.00000000    0.12450329    0.16097945    0.16072647    0.16833508    0.27016526    0.29152439    0.22734611    0.22976023    0.31033029    0.30741332    0.35635594    0.29187703    0.38359913    0.31954402    0.32672617    0.34312881    0.33314899    0.29948548    0.30630172    0.31620021    0.30666021
T18            0.28661312    0.11296779    0.12450329    0.00000000    0.10149361    0.10578363    0.12286344    0.20732596    0.23286295    0.18631432    0.18855413    0.28100164    0.27732972    0.30752481    0.27178158    0.36567881    0.29796856    0.31189459    0.32224262    0.30560359    0.27887963    0.27928204    0.29556888    0.27969546
T2             0.26543316    0.14189518    0.16097945    0.10149361    0.00000000    0.06499073    0.10867821    0.19408992    0.21687135    0.17615755    0.18331988    0.24758604    0.24417989    0.28898993    0.24796403    0.32170516    0.27014293    0.27371043    0.29226851    0.27330675    0.25496377    0.25225248    0.26777681    0.24955146
T7             0.26387512    0.14383549    0.16072647    0.10578363    0.06499073    0.00000000    0.10816682    0.19863102    0.22371224    0.16720475    0.17971852    0.24990823    0.24651323    0.29138988    0.24651323    0.31967592    0.26867707    0.28168239    0.29709174    0.28129178    0.25668650    0.25396162    0.26626441    0.25428516
T8             0.24651323    0.14936508    0.16833508    0.12286344    0.10867821    0.10816682    0.00000000    0.20222489    0.23057259    0.18631432    0.19357453    0.26584919    0.26228912    0.29511291    0.23849840    0.33765430    0.27291392    0.28855581    0.29842420    0.29556888    0.25916485    0.26113439    0.27053645    0.26150874
T22            0.24617608    0.25225248    0.27016526    0.20732596    0.19408992    0.19863102    0.20222489    0.00000000    0.11024080    0.14426909    0.15868656    0.25840412    0.25496377    0.27773872    0.24886885    0.33252955    0.26557281    0.27773872    0.27773872    0.26867707    0.24822763    0.24854305    0.26938831    0.24522634
T19            0.26938831    0.27569566    0.29152439    0.23286295    0.21687135    0.22371224    0.23057259    0.11024080    0.00000000    0.17519698    0.18470334    0.25840412    0.25496377    0.28410633    0.26113439    0.34671926    0.28129178    0.29055661    0.29055661    0.28129178    0.25428516    0.26007493    0.27569566    0.26351223
T13            0.22926079    0.20505580    0.22734611    0.18631432    0.17615755    0.16720475    0.18631432    0.14426909    0.17519698    0.00000000    0.04120568    0.23286295    0.22957400    0.27330675    0.22371224    0.31773066    0.24886885    0.25768540    0.26699914    0.25190696    0.22838047    0.22575050    0.23750846    0.22080709
T12            0.23750846    0.21246411    0.22976023    0.18855413    0.18331988    0.17971852    0.19357453    0.15868656    0.18470334    0.04120568    0.00000000    0.24116001    0.23782839    0.27887963    0.23189687    0.32117975    0.25190696    0.26938831    0.26938831    0.26041746    0.23660922    0.23395087    0.25190696    0.23424180
T1             0.13282683    0.30327071    0.31033029    0.28100164    0.24758604    0.24990823    0.26584919    0.25840412    0.25840412    0.23286295    0.24116001    0.00000000    0.00401108    0.06520656    0.04566441    0.12836115    0.06961487    0.07860968    0.08762769    0.07642259    0.06297302    0.05639784    0.07871271    0.06953275
T3             0.12799267    0.29953920    0.30741332    0.27732972    0.24417989    0.24651323    0.26228912    0.25496377    0.25496377    0.22957400    0.23782839    0.00401108    0.00000000    0.06082518    0.04140167    0.12355008    0.06520656    0.07414297    0.08310446    0.07196804    0.05860658    0.05207241    0.07424247    0.06512768
T10            0.15230309    0.33853471    0.35635594    0.30752481    0.28898993    0.29138988    0.29511291    0.27773872    0.28410633    0.27330675    0.27887963    0.06520656    0.06082518    0.00000000    0.07414297    0.14515667    0.09207297    0.10853899    0.10828328    0.10627178    0.08984672    0.08531096    0.10867821    0.09900550
T16            0.10601259    0.29055661    0.29187703    0.27178158    0.24796403    0.24651323    0.23849840    0.24886885    0.26113439    0.22371224    0.23189687    0.04566441    0.04140167    0.07414297    0.00000000    0.11368500    0.05633206    0.06512768    0.06945762    0.06297302    0.04982995    0.04339151    0.06520656    0.05847198
T21            0.19213178    0.37145909    0.38359913    0.36567881    0.32170516    0.31967592    0.33765430    0.33252955    0.34671926    0.31773066    0.32117975    0.12836115    0.12355008    0.14515667    0.11368500    0.00000000    0.08112892    0.12567590    0.13534921    0.13301206    0.12533562    0.11810350    0.13301206    0.13498969
T9             0.13498969    0.31072392    0.31954402    0.29796856    0.27014293    0.26867707    0.27291392    0.26557281    0.28129178    0.24886885    0.25190696    0.06961487    0.06520656    0.09207297    0.05633206    0.08112892    0.00000000    0.06715611    0.07375124    0.06945762    0.07163301    0.06499073    0.08752461    0.07826871
T20            0.15230309    0.32716491    0.32672617    0.31189459    0.27371043    0.28168239    0.28855581    0.27773872    0.29055661    0.25768540    0.26938831    0.07860968    0.07414297    0.10853899    0.06512768    0.12567590    0.06715611    0.00000000    0.03272857    0.02650653    0.08291271    0.07388667    0.09676096    0.09197356
T11            0.15971659    0.33754649    0.34312881    0.32224262    0.29226851    0.29709174    0.29842420    0.27773872    0.29055661    0.26699914    0.26938831    0.08762769    0.08310446    0.10828328    0.06945762    0.13534921    0.07375124    0.03272857    0.00000000    0.04339151    0.09197356    0.08054295    0.10387695    0.09645171
T15            0.14477706    0.32079018    0.33314899    0.30560359    0.27330675    0.28129178    0.29556888    0.26867707    0.28129178    0.25190696    0.26041746    0.07642259    0.07196804    0.10627178    0.06297302    0.13301206    0.06945762    0.02650653    0.04339151    0.00000000    0.08070967    0.07170622    0.09452374    0.08512290
T4             0.13231872    0.30123030    0.29948548    0.27887963    0.25496377    0.25668650    0.25916485    0.24822763    0.25428516    0.22838047    0.23660922    0.06297302    0.05860658    0.08984672    0.04982995    0.12533562    0.07163301    0.08291271    0.09197356    0.08070967    0.00000000    0.02650653    0.06745017    0.07607415
T23            0.12749872    0.30490367    0.30630172    0.27928204    0.25225248    0.25396162    0.26113439    0.24854305    0.26007493    0.22575050    0.23395087    0.05639784    0.05207241    0.08531096    0.04339151    0.11810350    0.06499073    0.07388667    0.08054295    0.07170622    0.02650653    0.00000000    0.06082518    0.06938952
T14            0.14991280    0.32168250    0.31620021    0.29556888    0.26777681    0.26626441    0.27053645    0.26938831    0.27569566    0.23750846    0.25190696    0.07871271    0.07424247    0.10867821    0.06520656    0.13301206    0.08752461    0.09676096    0.10387695    0.09452374    0.06745017    0.06082518    0.00000000    0.09207297
T5             0.12025737    0.29300434    0.30666021    0.27969546    0.24955146    0.25428516    0.26150874    0.24522634    0.26351223    0.22080709    0.23424180    0.06953275    0.06512768    0.09900550    0.05847198    0.13498969    0.07826871    0.09197356    0.09645171    0.08512290    0.07607415    0.06938952    0.09207297    0.00000000

