24
T6             0.00000000    0.46081392    0.45379127    0.44267201    0.45307847    0.24609418    0.25297569    0.28644671    0.21874549    0.25018486    0.25559176    0.22950117    0.22426204    0.17226953    0.17740722    0.18507551    0.18507551    0.17392090    0.13748634    0.12996108    0.12069828    0.13766769    0.13280192    0.13047147
T12            0.46081392    0.00000000    0.02236531    0.09644103    0.10577043    0.48093772    0.53120182    0.53120182    0.46863877    0.47732757    0.47732757    0.47811765    0.47655525    0.45940116    0.46718734    0.48016388    0.47434488    0.55352903    0.49555787    0.49109719    0.46790434    0.49635637    0.48982011    0.49348766
T10            0.45379127    0.02236531    0.00000000    0.10373543    0.11321483    0.48253919    0.54253994    0.54253994    0.47015988    0.47892547    0.47892547    0.47975104    0.47811765    0.46939062    0.47732757    0.49065183    0.48456565    0.55066254    0.49717353    0.49267236    0.46939062    0.49800934    0.49150184    0.49517368
T13            0.44267201    0.09644103    0.10373543    0.00000000    0.02447338    0.46660200    0.51004597    0.51294780    0.43512413    0.44475259    0.44475259    0.43581542    0.43444884    0.43038762    0.44197879    0.45452083    0.44889813    0.52522908    0.48535911    0.45953733    0.43724594    0.45603020    0.45841983    0.46193260
T3             0.45307847    0.10577043    0.11321483    0.02447338    0.00000000    0.48617068    0.53087255    0.53382570    0.45379127    0.46363460    0.46363460    0.45452083    0.45307847    0.44475259    0.45658033    0.46939062    0.46363460    0.53677652    0.49348766    0.46583428    0.44338153    0.46229503    0.46464475    0.46818914
T19            0.24609418    0.48093772    0.48253919    0.46660200    0.48617068    0.00000000    0.09377194    0.10761780    0.19053144    0.21757814    0.22279049    0.19260821    0.18988036    0.14381212    0.15126667    0.16383065    0.16123765    0.25965582    0.23599230    0.22441554    0.20277978    0.22752697    0.21917176    0.21940908
T20            0.25297569    0.53120182    0.54253994    0.51004597    0.53087255    0.09377194    0.00000000    0.04757114    0.23068188    0.25692275    0.26239944    0.23573452    0.23282357    0.18128202    0.18378743    0.19692020    0.19420739    0.28222757    0.25192027    0.25542518    0.23282357    0.25570346    0.24699659    0.24726885
T11            0.28644671    0.53120182    0.54253994    0.51294780    0.53382570    0.10761780    0.04757114    0.00000000    0.23892904    0.26548152    0.27101984    0.24403374    0.24108843    0.19437468    0.19692020    0.20478211    0.20753993    0.31392744    0.28822745    0.27316793    0.24997716    0.27660162    0.26760287    0.26791864
T7             0.21874549    0.46863877    0.47015988    0.43512413    0.45379127    0.19053144    0.23068188    0.23892904    0.00000000    0.03914642    0.04334560    0.02650574    0.02442213    0.14276151    0.14512707    0.14770026    0.15506886    0.26218822    0.22626125    0.20623129    0.18507551    0.20929680    0.20112112    0.20136892
T14            0.25018486    0.47732757    0.47892547    0.44475259    0.46363460    0.21757814    0.25692275    0.26548152    0.03914642    0.00000000    0.00401208    0.04124274    0.03910551    0.16584661    0.16827651    0.17637260    0.17857346    0.30596104    0.26728164    0.23095269    0.21471709    0.24009657    0.23152416    0.23182477
T9             0.25559176    0.47732757    0.47892547    0.44475259    0.46363460    0.22279049    0.26239944    0.27101984    0.04334560    0.00401208    0.00000000    0.04545506    0.04330865    0.17071482    0.17047755    0.18130162    0.18352211    0.31174763    0.27281060    0.23626023    0.21991298    0.24545408    0.23682642    0.23712463
T8             0.22950117    0.47811765    0.47975104    0.43581542    0.45452083    0.19260821    0.23573452    0.24403374    0.02650574    0.04124274    0.04545506    0.00000000    0.01007291    0.14988235    0.15227218    0.16009268    0.16230372    0.27360275    0.23712463    0.21680341    0.19535109    0.21991298    0.21162087    0.21187239
T21            0.22426204    0.47655525    0.47811765    0.43444884    0.45307847    0.18988036    0.23282357    0.24108843    0.02442213    0.03910551    0.04330865    0.01007291    0.00000000    0.14474931    0.14712593    0.15486539    0.15707655    0.27443799    0.23775114    0.21162087    0.19030532    0.21471709    0.20647624    0.20673058
T15            0.17226953    0.45940116    0.46939062    0.43038762    0.44475259    0.14381212    0.18128202    0.19437468    0.14276151    0.16584661    0.17071482    0.14988235    0.14474931    0.00000000    0.01829884    0.02866701    0.02656578    0.20955918    0.18216601    0.16139393    0.14157069    0.16678577    0.15913241    0.15930757
T23            0.17740722    0.46718734    0.47732757    0.44197879    0.45658033    0.15126667    0.18378743    0.19692020    0.14512707    0.16827651    0.17047755    0.15227218    0.14712593    0.01829884    0.00000000    0.01415485    0.01210970    0.21498631    0.18736786    0.16905749    0.14901522    0.17453077    0.16678577    0.16697302
T1             0.18507551    0.48016388    0.49065183    0.45452083    0.46939062    0.16383065    0.19692020    0.20478211    0.14770026    0.17637260    0.18130162    0.16009268    0.15486539    0.02866701    0.01415485    0.00000000    0.02236531    0.22017951    0.19240194    0.17929462    0.15896576    0.18486436    0.17700209    0.17720025
T5             0.18507551    0.47434488    0.48456565    0.44889813    0.46363460    0.16123765    0.19420739    0.20753993    0.15506886    0.17857346    0.18352211    0.16230372    0.15707655    0.02656578    0.01210970    0.02236531    0.00000000    0.21731025    0.18428501    0.17663237    0.15638615    0.17681279    0.16905749    0.16923437
T16            0.17392090    0.55352903    0.55066254    0.52522908    0.53677652    0.25965582    0.28222757    0.31392744    0.26218822    0.30596104    0.31174763    0.27360275    0.27443799    0.20955918    0.21498631    0.22017951    0.21731025    0.00000000    0.08551745    0.17024884    0.16053558    0.17047755    0.16272705    0.16030996
T0             0.13748634    0.49555787    0.49717353    0.48535911    0.49348766    0.23599230    0.25192027    0.28822745    0.22626125    0.26728164    0.27281060    0.23712463    0.23775114    0.18216601    0.18736786    0.19240194    0.18428501    0.08551745    0.00000000    0.12939113    0.11766631    0.12705685    0.11984901    0.11754233
T18            0.12996108    0.49109719    0.49267236    0.45953733    0.46583428    0.22441554    0.25542518    0.27316793    0.20623129    0.23095269    0.23626023    0.21680341    0.21162087    0.16139393    0.16905749    0.17929462    0.17663237    0.17024884    0.12939113    0.00000000    0.02236531    0.03697742    0.03067000    0.02859810
T2             0.12069828    0.46790434    0.46939062    0.43724594    0.44338153    0.20277978    0.23282357    0.24997716    0.18507551    0.21471709    0.21991298    0.19535109    0.19030532    0.14157069    0.14901522    0.15896576    0.15638615    0.16053558    0.11766631    0.02236531    0.00000000    0.02447338    0.01827052    0.01623246
T22            0.13766769    0.49635637    0.49800934    0.45603020    0.46229503    0.22752697    0.25570346    0.27660162    0.20929680    0.24009657    0.24545408    0.21991298    0.21471709    0.16678577    0.17453077    0.18486436    0.17681279    0.17047755    0.12705685    0.03697742    0.02447338    0.00000000    0.01006774    0.00804443
T17            0.13280192    0.48982011    0.49150184    0.45841983    0.46464475    0.21917176    0.24699659    0.26760287    0.20112112    0.23152416    0.23682642    0.21162087    0.20647624    0.15913241    0.16678577    0.17700209    0.16905749    0.16272705    0.11984901    0.03067000    0.01827052    0.01006774    0.00000000    0.00200301
T4             0.13047147    0.49348766    0.49517368    0.46193260    0.46818914    0.21940908    0.24726885    0.26791864    0.20136892    0.23182477    0.23712463    0.21187239    0.20673058    0.15930757    0.16697302    0.17720025    0.16923437    0.16030996    0.11754233    0.02859810    0.01623246    0.00804443    0.00200301    0.00000000

