24
T4             0.00000000    0.33936583    0.34899623    0.28516730    0.33635880    0.29124171    0.21711692    0.21356341    0.18351035    0.18849412    0.21266942    0.23710855    0.21525066    0.21266942    0.22718079    0.21266942    0.23977353    0.23211801    0.20442544    0.14749317    0.13261946    0.14492707    0.11563937    0.12333791
T9             0.33936583    0.00000000    0.02648522    0.33483273    0.37609825    0.33088234    0.36916971    0.35309391    0.32498642    0.32498642    0.35126081    0.35875529    0.34346569    0.34762969    0.36231568    0.34762969    0.39200588    0.38308975    0.31316513    0.31902275    0.31656120    0.33635880    0.33635880    0.34100470
T13            0.34899623    0.02648522    0.00000000    0.33387791    0.37122231    0.33341932    0.37543734    0.35922888    0.32393246    0.33091512    0.35860341    0.36609736    0.34459661    0.34881221    0.36360758    0.35126081    0.39983831    0.38696047    0.32342357    0.31811308    0.31562676    0.32837106    0.34595137    0.35067540
T21            0.28516730    0.33483273    0.33387791    0.00000000    0.15207697    0.10103752    0.29398961    0.29634609    0.23839774    0.23839774    0.28928091    0.29652351    0.28320773    0.28691298    0.30695245    0.28691298    0.31363858    0.30881118    0.26725742    0.26412772    0.25556937    0.26177054    0.26963716    0.27997657
T18            0.33635880    0.37609825    0.37122231    0.15207697    0.00000000    0.10815003    0.33091512    0.33336415    0.27874674    0.27874674    0.31562676    0.33341932    0.30268579    0.30644165    0.31998057    0.30644165    0.34186416    0.33336415    0.28963461    0.28642453    0.28718460    0.29939081    0.30268579    0.31025401
T2             0.29124171    0.33088234    0.33341932    0.10103752    0.10815003    0.00000000    0.28691298    0.28928091    0.23150873    0.23741586    0.26963716    0.28006576    0.27001667    0.27357641    0.29302888    0.27040690    0.30735455    0.29919969    0.26065681    0.24543744    0.24306860    0.25451317    0.26546284    0.27874674
T3             0.21711692    0.36916971    0.37543734    0.29398961    0.33091512    0.28691298    0.00000000    0.04120348    0.09698752    0.10625245    0.20273055    0.22102120    0.20243752    0.19990245    0.20843535    0.20273055    0.23540868    0.22489895    0.19178360    0.17856156    0.16559647    0.17908759    0.20469894    0.20812599
T23            0.21356341    0.35309391    0.35922888    0.29634609    0.33336415    0.28928091    0.04120348    0.00000000    0.08299416    0.08973343    0.19151321    0.20671824    0.19125176    0.18874789    0.19990245    0.19151321    0.22654760    0.21325602    0.18078284    0.17761366    0.16472408    0.17807019    0.20187893    0.20527364
T0             0.18351035    0.32498642    0.32393246    0.23839774    0.27874674    0.23150873    0.09698752    0.08299416    0.00000000    0.02034099    0.15987560    0.17719220    0.16492946    0.16250251    0.17315084    0.16250251    0.18778647    0.17514689    0.14968551    0.15189738    0.13949963    0.15706939    0.16492946    0.16802769
T10            0.18849412    0.32498642    0.33091512    0.23839774    0.27874674    0.23741586    0.10625245    0.08973343    0.02034099    0.00000000    0.16472408    0.18215822    0.16757728    0.16514333    0.17584886    0.16514333    0.19052133    0.17783756    0.15189738    0.15156318    0.13919746    0.15670839    0.16980877    0.17291550
T1             0.21266942    0.35126081    0.35860341    0.28928091    0.31562676    0.26963716    0.20273055    0.19151321    0.15987560    0.16472408    0.00000000    0.04549616    0.04761029    0.04549616    0.05860066    0.04549616    0.08053416    0.06952523    0.07631512    0.18008915    0.16716099    0.18008915    0.18236136    0.19099928
T6             0.23710855    0.35875529    0.36609736    0.29652351    0.33341932    0.28006576    0.22102120    0.20671824    0.17719220    0.18215822    0.04549616    0.00000000    0.06704607    0.06487676    0.07833460    0.06266870    0.10086296    0.08955424    0.09419655    0.19787869    0.19007958    0.20342435    0.20021487    0.20903243
T22            0.21525066    0.34346569    0.34459661    0.28320773    0.30268579    0.27001667    0.20243752    0.19125176    0.16492946    0.16757728    0.04761029    0.06704607    0.00000000    0.01008422    0.02245720    0.02238956    0.05626862    0.04559902    0.07169858    0.18801338    0.17493027    0.18801338    0.19303828    0.20187893
T12            0.21266942    0.34762969    0.34881221    0.28691298    0.30644165    0.27357641    0.19990245    0.18874789    0.16250251    0.16514333    0.04549616    0.06487676    0.01008422    0.00000000    0.01214685    0.02034099    0.05413362    0.04349532    0.06952523    0.18551436    0.17247068    0.18551436    0.18778647    0.19654525
T5             0.22718079    0.36231568    0.36360758    0.30695245    0.31998057    0.29302888    0.20843535    0.19990245    0.17315084    0.17584886    0.05860066    0.07833460    0.02245720    0.01214685    0.00000000    0.03294868    0.06296639    0.05221245    0.08319881    0.19934155    0.18599783    0.19934155    0.20442544    0.21356341
T17            0.21266942    0.34762969    0.35126081    0.28691298    0.30644165    0.27040690    0.20273055    0.19151321    0.16250251    0.16514333    0.04549616    0.06266870    0.02238956    0.02034099    0.03294868    0.00000000    0.04554428    0.03502380    0.06952523    0.18551436    0.17247068    0.18551436    0.18506653    0.19376455
T15            0.23977353    0.39200588    0.39983831    0.31363858    0.34186416    0.30735455    0.23540868    0.22654760    0.18778647    0.19052133    0.08053416    0.10086296    0.05626862    0.05413362    0.06296639    0.04554428    0.00000000    0.01823259    0.10350127    0.21729763    0.20366064    0.21729763    0.20366064    0.21497273
T14            0.23211801    0.38308975    0.38696047    0.30881118    0.33336415    0.29919969    0.22489895    0.21325602    0.17514689    0.17783756    0.06952523    0.08955424    0.04559902    0.04349532    0.05221245    0.03502380    0.01823259    0.00000000    0.09216601    0.20416121    0.19075580    0.20416121    0.20698117    0.21614135
T11            0.20442544    0.31316513    0.32342357    0.26725742    0.28963461    0.26065681    0.19178360    0.18078284    0.14968551    0.15189738    0.07631512    0.09419655    0.07169858    0.06952523    0.08319881    0.06952523    0.10350127    0.09216601    0.00000000    0.16960645    0.16209722    0.17493027    0.17452322    0.18302419
T7             0.14749317    0.31902275    0.31811308    0.26412772    0.28642453    0.24543744    0.17856156    0.17761366    0.15189738    0.15156318    0.18008915    0.19787869    0.18801338    0.18551436    0.19934155    0.18551436    0.21729763    0.20416121    0.16960645    0.00000000    0.01620833    0.03284918    0.12228038    0.12747289
T8             0.13261946    0.31656120    0.31562676    0.25556937    0.28718460    0.24306860    0.16559647    0.16472408    0.13949963    0.13919746    0.16716099    0.19007958    0.17493027    0.17247068    0.18599783    0.17247068    0.20366064    0.19075580    0.16209722    0.01620833    0.00000000    0.01620833    0.10804204    0.11307593
T20            0.14492707    0.33635880    0.32837106    0.26177054    0.29939081    0.25451317    0.17908759    0.17807019    0.15706939    0.15670839    0.18008915    0.20342435    0.18801338    0.18551436    0.19934155    0.18551436    0.21729763    0.20416121    0.17493027    0.03284918    0.01620833    0.00000000    0.12472678    0.12995590
T19            0.11563937    0.33635880    0.34595137    0.26963716    0.30268579    0.26546284    0.20469894    0.20187893    0.16492946    0.16980877    0.18236136    0.20021487    0.19303828    0.18778647    0.20442544    0.18506653    0.20366064    0.20698117    0.17452322    0.12228038    0.10804204    0.12472678    0.00000000    0.01823259
T16            0.12333791    0.34100470    0.35067540    0.27997657    0.31025401    0.27874674    0.20812599    0.20527364    0.16802769    0.17291550    0.19099928    0.20903243    0.20187893    0.19654525    0.21356341    0.19376455    0.21497273    0.21614135    0.18302419    0.12747289    0.11307593    0.12995590    0.01823259    0.00000000

