24
T5             0.00000000    0.19210505    0.17098259    0.29090995    0.28286404    0.26458394    0.26458394    0.18578638    0.18804705    0.16252943    0.19380267    0.18329737    0.18578638    0.18057584    0.26209985    0.22600237    0.21271533    0.20446746    0.20702346    0.16344563    0.21909658    0.20787275    0.13263772    0.17294665
T14            0.19210505    0.00000000    0.08511868    0.28897439    0.28086087    0.26586758    0.26586758    0.22107125    0.21474748    0.18329737    0.22723668    0.21619242    0.21878007    0.21909658    0.31274817    0.27843641    0.27685033    0.26458394    0.23450699    0.18106720    0.21817568    0.20702346    0.16212199    0.20139599
T18            0.17098259    0.08511868    0.00000000    0.27733169    0.26621787    0.24549412    0.24549412    0.19685446    0.19860596    0.17004830    0.21073516    0.19994691    0.20248226    0.20277683    0.30410934    0.24850325    0.24379106    0.23811966    0.21448715    0.15990126    0.19355015    0.18282635    0.14204541    0.17786911
T11            0.29090995    0.28897439    0.27733169    0.00000000    0.04982843    0.05828362    0.05828362    0.29182390    0.29113202    0.25220620    0.29720798    0.28510843    0.27852522    0.28510843    0.40073881    0.36610391    0.35728078    0.34705644    0.30524468    0.26488146    0.31175340    0.30556599    0.25301580    0.30117310
T4             0.28286404    0.28086087    0.26621787    0.04982843    0.00000000    0.04327930    0.04327930    0.27418979    0.27665067    0.23844099    0.28261044    0.27074131    0.26427828    0.27074131    0.38395869    0.35011542    0.34147587    0.33146563    0.29366825    0.24788438    0.30988931    0.29720798    0.23576861    0.27945874
T2             0.26458394    0.26586758    0.24549412    0.05828362    0.04327930    0.00000000    0.00000000    0.25633415    0.25877130    0.22159218    0.26457442    0.25301580    0.25273529    0.25301580    0.36377484    0.33352603    0.32503557    0.31527715    0.27852522    0.23657445    0.29755731    0.28510843    0.22181856    0.26764831
T10            0.26458394    0.26586758    0.24549412    0.05828362    0.04327930    0.00000000    0.00000000    0.25633415    0.25877130    0.22159218    0.26457442    0.25301580    0.25273529    0.25301580    0.36377484    0.33352603    0.32503557    0.31527715    0.27852522    0.23657445    0.29755731    0.28510843    0.22181856    0.26764831
T20            0.18578638    0.22107125    0.19685446    0.29182390    0.27418979    0.25633415    0.25633415    0.00000000    0.05408223    0.07833969    0.12024827    0.11080585    0.11308795    0.11322346    0.25352598    0.19307241    0.18578638    0.18057584    0.23657445    0.19079099    0.22255703    0.21423644    0.16418205    0.19559865
T9             0.18804705    0.21474748    0.19860596    0.29113202    0.27665067    0.25877130    0.25877130    0.05408223    0.00000000    0.09196858    0.13481033    0.12516708    0.12748842    0.12764484    0.24643426    0.19537504    0.18804705    0.18554780    0.23310637    0.18759974    0.22731595    0.21614368    0.16157472    0.19559865
T23            0.16252943    0.18329737    0.17004830    0.25220620    0.23844099    0.22159218    0.22159218    0.07833969    0.09196858    0.00000000    0.07632104    0.06744707    0.06961170    0.06970060    0.21273472    0.16436280    0.15728691    0.15228794    0.20650408    0.16475008    0.20602239    0.19516067    0.14172872    0.18011970
T13            0.19380267    0.22723668    0.21073516    0.29720798    0.28261044    0.26457442    0.26457442    0.12024827    0.13481033    0.07632104    0.00000000    0.01620862    0.01824864    0.01827077    0.24070228    0.19836537    0.19103580    0.18578638    0.26108800    0.21014317    0.25563891    0.24613594    0.17990491    0.20139599
T12            0.18329737    0.21619242    0.19994691    0.28510843    0.27074131    0.25301580    0.25301580    0.11080585    0.12516708    0.06744707    0.01620862    0.00000000    0.01008435    0.01010190    0.23541705    0.19055523    0.18329737    0.17810298    0.24950904    0.19938303    0.24111995    0.23186153    0.16963280    0.19079099
T1             0.18578638    0.21878007    0.20248226    0.27852522    0.26427828    0.25273529    0.25273529    0.11308795    0.12748842    0.06961170    0.01824864    0.01008435    0.00000000    0.01212537    0.23582629    0.19307241    0.18578638    0.18057584    0.24916348    0.20192067    0.24681870    0.23747142    0.17208704    0.19330672
T17            0.18057584    0.21909658    0.20277683    0.28510843    0.27074131    0.25301580    0.25301580    0.11322346    0.12764484    0.06970060    0.01827077    0.01010190    0.01212537    0.00000000    0.22937915    0.19330672    0.18603387    0.18081713    0.25256453    0.20219686    0.24111995    0.23186153    0.17228890    0.19355015
T16            0.26209985    0.31274817    0.30410934    0.40073881    0.38395869    0.36377484    0.36377484    0.25352598    0.24643426    0.21273472    0.24070228    0.23541705    0.23582629    0.22937915    0.00000000    0.18655551    0.17940298    0.16880135    0.33215127    0.29726144    0.35520987    0.34112757    0.25622146    0.28664176
T7             0.22600237    0.27843641    0.24850325    0.36610391    0.35011542    0.33352603    0.33352603    0.19307241    0.19537504    0.16436280    0.19836537    0.19055523    0.19307241    0.19330672    0.18655551    0.00000000    0.02029491    0.03274889    0.27665067    0.23126866    0.27665067    0.26764831    0.20625851    0.24580990
T3             0.21271533    0.27685033    0.24379106    0.35728078    0.34147587    0.32503557    0.32503557    0.18578638    0.18804705    0.15728691    0.19103580    0.18329737    0.18578638    0.18603387    0.17940298    0.02029491    0.00000000    0.02447382    0.27489514    0.22953830    0.27489514    0.26586758    0.19330672    0.23217285
T0             0.20446746    0.26458394    0.23811966    0.34705644    0.33146563    0.31527715    0.31527715    0.18057584    0.18554780    0.15228794    0.18578638    0.17810298    0.18057584    0.18081713    0.16880135    0.03274889    0.02447382    0.00000000    0.25970030    0.21529687    0.25970030    0.25089342    0.18531817    0.21788785
T6             0.20702346    0.23450699    0.21448715    0.30524468    0.29366825    0.27852522    0.27852522    0.23657445    0.23310637    0.20650408    0.26108800    0.24950904    0.24916348    0.25256453    0.33215127    0.27665067    0.27489514    0.25970030    0.00000000    0.06922522    0.17417587    0.16645371    0.16157472    0.19242447
T19            0.16344563    0.18106720    0.15990126    0.26488146    0.24788438    0.23657445    0.23657445    0.19079099    0.18759974    0.16475008    0.21014317    0.19938303    0.20192067    0.20219686    0.29726144    0.23126866    0.22953830    0.21529687    0.06922522    0.00000000    0.13215463    0.12242120    0.11080585    0.14204541
T15            0.21909658    0.21817568    0.19355015    0.31175340    0.30988931    0.29755731    0.29755731    0.22255703    0.22731595    0.20602239    0.25563891    0.24111995    0.24681870    0.24111995    0.35520987    0.27665067    0.27489514    0.25970030    0.17417587    0.13215463    0.00000000    0.00805167    0.16983623    0.20446746
T21            0.20787275    0.20702346    0.18282635    0.30556599    0.29720798    0.28510843    0.28510843    0.21423644    0.21614368    0.19516067    0.24613594    0.23186153    0.23747142    0.23186153    0.34112757    0.26764831    0.26586758    0.25089342    0.16645371    0.12242120    0.00805167    0.00000000    0.15950771    0.19355015
T8             0.13263772    0.16212199    0.14204541    0.25301580    0.23576861    0.22181856    0.22181856    0.16418205    0.16157472    0.14172872    0.17990491    0.16963280    0.17208704    0.17228890    0.25622146    0.20625851    0.19330672    0.18531817    0.16157472    0.11080585    0.16983623    0.15950771    0.00000000    0.04973286
T22            0.17294665    0.20139599    0.17786911    0.30117310    0.27945874    0.26764831    0.26764831    0.19559865    0.19559865    0.18011970    0.20139599    0.19079099    0.19330672    0.19355015    0.28664176    0.24580990    0.23217285    0.21788785    0.19242447    0.14204541    0.20446746    0.19355015    0.04973286    0.00000000

