24
T17            0.00000000    0.29893505    0.30421081    0.30710031    0.24570660    0.26272996    0.25728498    0.26042068    0.25416896    0.28806238    0.23887576    0.30379121    0.16946503    0.16946503    0.17457844    0.17211538    0.19036338    0.20886176    0.21948182    0.16438831    0.16457883    0.19519450    0.19541027    0.17477996
T21            0.29893505    0.00000000    0.09441486    0.09179893    0.20664400    0.23695882    0.22348152    0.22945217    0.21758184    0.23066022    0.20029226    0.24799502    0.31998108    0.31998108    0.31957626    0.31998108    0.32551691    0.33410447    0.32515041    0.31046920    0.31777959    0.34622225    0.33962634    0.31662434
T23            0.30421081    0.09441486    0.00000000    0.03271425    0.23207204    0.26357632    0.24961375    0.25586605    0.23207204    0.26720133    0.22241402    0.26232254    0.32214903    0.32214903    0.31843632    0.31880385    0.34139677    0.33274852    0.35794494    0.31583881    0.32315978    0.33759099    0.33110743    0.31623092
T6             0.30710031    0.09179893    0.03271425    0.00000000    0.23095258    0.26232254    0.24838449    0.25457784    0.22501815    0.26272996    0.22143281    0.26116360    0.31843632    0.31843632    0.31478076    0.31512470    0.34098594    0.33232201    0.34669438    0.31538374    0.32266888    0.33711401    0.33064227    0.31584982
T0             0.24570660    0.20664400    0.23207204    0.23095258    0.00000000    0.03489203    0.02450993    0.02871308    0.03937936    0.07241847    0.03497570    0.15891444    0.25095465    0.25095465    0.25670915    0.25703283    0.25609373    0.26665538    0.26629199    0.24118602    0.23852450    0.28211843    0.27294554    0.26010006
T1             0.26272996    0.23695882    0.26357632    0.26232254    0.03489203    0.00000000    0.02439359    0.02854363    0.05420013    0.08785952    0.05408471    0.18715762    0.28057229    0.28057229    0.28979967    0.29018941    0.28338852    0.30043037    0.29427224    0.26741444    0.27097541    0.31000141    0.30043037    0.28696295
T9             0.25728498    0.22348152    0.24961375    0.24838449    0.02450993    0.02439359    0.00000000    0.00804450    0.04356371    0.07676177    0.04344277    0.17238596    0.27182812    0.27182812    0.28094206    0.28132303    0.28021374    0.29142706    0.29100313    0.25880994    0.26232254    0.29515330    0.28577020    0.27813783
T22            0.26042068    0.22945217    0.25586605    0.25457784    0.02871308    0.02854363    0.00804450    0.00000000    0.04791409    0.08138550    0.04777403    0.18002962    0.28132303    0.28132303    0.28493139    0.28534520    0.28658374    0.29800888    0.29756304    0.26192566    0.26546796    0.30421081    0.29470706    0.28452880
T3             0.25416896    0.21758184    0.23207204    0.22501815    0.03937936    0.05420013    0.04356371    0.04791409    0.00000000    0.06090975    0.02857428    0.16910481    0.25944436    0.25944436    0.26526669    0.26559762    0.27080945    0.26905469    0.28775541    0.25263656    0.25300415    0.28775541    0.28171516    0.26318637
T5             0.28806238    0.23066022    0.26720133    0.26272996    0.07241847    0.08785952    0.07676177    0.08138550    0.06090975    0.00000000    0.05853724    0.19871610    0.29629471    0.29629471    0.30245435    0.30287588    0.30824915    0.30664400    0.32071528    0.29276691    0.29323615    0.33010958    0.32366289    0.31630596
T11            0.23887576    0.20029226    0.22241402    0.22143281    0.03497570    0.05408471    0.04344277    0.04777403    0.02857428    0.05853724    0.00000000    0.15315567    0.25035519    0.25035519    0.25609373    0.25639611    0.26158005    0.26593939    0.27182812    0.24051550    0.24084570    0.27813783    0.27218966    0.24794325
T2             0.30379121    0.24799502    0.26232254    0.26116360    0.15891444    0.18715762    0.17238596    0.18002962    0.16910481    0.19871610    0.15315567    0.00000000    0.29476597    0.29476597    0.29763894    0.29800256    0.30668822    0.29513068    0.34318830    0.30087579    0.28816860    0.33962634    0.33309352    0.31538374
T13            0.16946503    0.31998108    0.32214903    0.31843632    0.25095465    0.28057229    0.27182812    0.28132303    0.25944436    0.29629471    0.25035519    0.29476597    0.00000000    0.00000000    0.02866875    0.02871308    0.06090975    0.11110226    0.18148501    0.16073029    0.16601543    0.19697098    0.19171722    0.17328716
T18            0.16946503    0.31998108    0.32214903    0.31843632    0.25095465    0.28057229    0.27182812    0.28132303    0.25944436    0.29629471    0.25035519    0.29476597    0.00000000    0.00000000    0.02866875    0.02871308    0.06090975    0.11110226    0.18148501    0.16073029    0.16601543    0.19697098    0.19171722    0.17328716
T4             0.17457844    0.31957626    0.31843632    0.31478076    0.25670915    0.28979967    0.28094206    0.28493139    0.26526669    0.30245435    0.25609373    0.29763894    0.02866875    0.02866875    0.00000000    0.00805175    0.05860818    0.11095667    0.18936057    0.16061635    0.16073029    0.20226390    0.19697098    0.17577438
T10            0.17211538    0.31998108    0.31880385    0.31512470    0.25703283    0.29018941    0.28132303    0.28534520    0.26559762    0.30287588    0.25639611    0.29800256    0.02871308    0.02871308    0.00805175    0.00000000    0.06090975    0.11110226    0.18684223    0.15817574    0.16342752    0.19970091    0.19442487    0.17328716
T7             0.19036338    0.32551691    0.34139677    0.34098594    0.25609373    0.28338852    0.28021374    0.28658374    0.27080945    0.30824915    0.26158005    0.30668822    0.06090975    0.06090975    0.05860818    0.06090975    0.00000000    0.12534262    0.20818923    0.17590214    0.17603903    0.22141461    0.21597046    0.18606144
T14            0.20886176    0.33410447    0.33274852    0.33232201    0.26665538    0.30043037    0.29142706    0.29800888    0.26905469    0.30664400    0.26593939    0.29513068    0.11110226    0.11110226    0.11095667    0.11110226    0.12534262    0.00000000    0.22468232    0.18993463    0.19563532    0.22760469    0.22209843    0.19479094
T20            0.21948182    0.32515041    0.35794494    0.34669438    0.26629199    0.29427224    0.29100313    0.29756304    0.28775541    0.32071528    0.27182812    0.34318830    0.18148501    0.18148501    0.18936057    0.18684223    0.20818923    0.22468232    0.00000000    0.21144792    0.21169210    0.23958585    0.23396997    0.21121339
T19            0.16438831    0.31046920    0.31583881    0.31538374    0.24118602    0.26741444    0.25880994    0.26192566    0.25263656    0.29276691    0.24051550    0.30087579    0.16073029    0.16073029    0.16061635    0.15817574    0.17590214    0.18993463    0.21144792    0.00000000    0.02656722    0.06283353    0.05847313    0.13377371
T12            0.16457883    0.31777959    0.32315978    0.32266888    0.23852450    0.27097541    0.26232254    0.26546796    0.25300415    0.29323615    0.24084570    0.28816860    0.16601543    0.16601543    0.16073029    0.16342752    0.17603903    0.19563532    0.21169210    0.02656722    0.00000000    0.06512939    0.06075105    0.13883377
T15            0.19519450    0.34622225    0.33759099    0.33711401    0.28211843    0.31000141    0.29515330    0.30421081    0.28775541    0.33010958    0.27813783    0.33962634    0.19697098    0.19697098    0.20226390    0.19970091    0.22141461    0.22760469    0.23958585    0.06283353    0.06512939    0.00000000    0.00804344    0.17355608
T16            0.19541027    0.33962634    0.33110743    0.33064227    0.27294554    0.30043037    0.28577020    0.29470706    0.28171516    0.32366289    0.27218966    0.33309352    0.19171722    0.19171722    0.19697098    0.19442487    0.21597046    0.22209843    0.23396997    0.05847313    0.06075105    0.00804344    0.00000000    0.16847381
T8             0.17477996    0.31662434    0.31623092    0.31584982    0.26010006    0.28696295    0.27813783    0.28452880    0.26318637    0.31630596    0.24794325    0.31538374    0.17328716    0.17328716    0.17577438    0.17328716    0.18606144    0.19479094    0.21121339    0.13377371    0.13883377    0.17355608    0.16847381    0.00000000

