24
T14            0.00000000    0.20785443    0.24254611    0.24640478    0.23122234    0.24751559    0.23649216    0.23950993    0.29926301    0.29593267    0.21397972    0.21397972    0.22253940    0.20905627    0.19800456    0.19769947    0.21715134    0.21071612    0.23878331    0.23051096    0.15866486    0.17434816    0.20306197    0.15813579
T9             0.20785443    0.00000000    0.08520629    0.08309719    0.11308320    0.12927302    0.12228778    0.12719365    0.27283307    0.26968198    0.20773779    0.20773779    0.22180242    0.21397972    0.21012527    0.21269727    0.22427724    0.22951689    0.23714100    0.23184055    0.26674121    0.30811649    0.32054723    0.27045458
T21            0.24254611    0.08520629    0.00000000    0.07186821    0.12010507    0.15127282    0.14409726    0.14917819    0.31615178    0.31370379    0.24405044    0.24405044    0.25904666    0.24786225    0.24109585    0.24376676    0.25908797    0.25524787    0.26380023    0.26380023    0.30076921    0.31730882    0.34052637    0.29217038
T8             0.24640478    0.08309719    0.07186821    0.00000000    0.12317398    0.14395331    0.14187584    0.14695689    0.31468984    0.30549232    0.23334748    0.23334748    0.24578672    0.24011344    0.23280227    0.23544443    0.25057968    0.25290278    0.26069820    0.25524787    0.28930771    0.30985332    0.34166086    0.28979244
T19            0.23122234    0.11308320    0.12010507    0.12317398    0.00000000    0.13200355    0.12501105    0.12996587    0.31918066    0.31572312    0.22228390    0.22228390    0.23448583    0.23124886    0.21648934    0.21907586    0.23086179    0.23914166    0.24376676    0.24447024    0.28610626    0.30896124    0.31468984    0.26809872
T1             0.24751559    0.12927302    0.15127282    0.14395331    0.13200355    0.00000000    0.02647145    0.05195106    0.30741722    0.31079254    0.22490777    0.22490777    0.24786225    0.23922200    0.22657939    0.22920510    0.25020412    0.24343018    0.26968198    0.26417205    0.29396611    0.33394394    0.34468194    0.29262445
T20            0.23649216    0.12228778    0.14409726    0.14187584    0.12501105    0.02647145    0.00000000    0.04560038    0.30549232    0.30887928    0.21706535    0.21706535    0.23980615    0.23124886    0.22754709    0.23016984    0.24216857    0.24447024    0.26455447    0.25908797    0.28541114    0.32843821    0.34284551    0.29073454
T15            0.23950993    0.12719365    0.14917819    0.14695689    0.12996587    0.05195106    0.04560038    0.00000000    0.30887928    0.30887928    0.22228390    0.22228390    0.23980615    0.23124886    0.22167180    0.22427724    0.24521399    0.23247184    0.25833078    0.25908797    0.27598864    0.31231362    0.32856861    0.27767401
T2             0.29926301    0.27283307    0.31615178    0.31468984    0.31918066    0.30741722    0.30549232    0.30887928    0.00000000    0.03073528    0.13786274    0.13786274    0.13532853    0.13299163    0.26220963    0.26494746    0.28090716    0.28002960    0.29786849    0.29217038    0.35218561    0.36990140    0.38958083    0.35440897
T4             0.29593267    0.26968198    0.31370379    0.30549232    0.31572312    0.31079254    0.30887928    0.30887928    0.03073528    0.00000000    0.13532853    0.13532853    0.13532853    0.13047659    0.25908797    0.26181602    0.27767401    0.27681742    0.30118758    0.28564078    0.35574096    0.36618648    0.39742051    0.35076180
T22            0.21397972    0.20773779    0.24405044    0.23334748    0.22228390    0.22490777    0.21706535    0.22228390    0.13786274    0.13532853    0.00000000    0.00401616    0.02648547    0.02442228    0.18717702    0.18969145    0.21473033    0.21139143    0.23043601    0.22228390    0.27108566    0.28760452    0.30232346    0.26860389
T16            0.21397972    0.20773779    0.24405044    0.23334748    0.22228390    0.22490777    0.21706535    0.22228390    0.13786274    0.13532853    0.00401616    0.00000000    0.02648547    0.02442228    0.18179436    0.18429427    0.20905627    0.20578146    0.22466368    0.21657760    0.27108566    0.28760452    0.29903747    0.26550202
T6             0.22253940    0.22180242    0.25904666    0.24578672    0.23448583    0.24786225    0.23980615    0.23980615    0.13532853    0.13532853    0.02648547    0.02648547    0.00000000    0.02650592    0.19812018    0.20066464    0.21527865    0.21759180    0.23922200    0.23389659    0.28333878    0.30041005    0.32157170    0.28364519
T13            0.20905627    0.21397972    0.24786225    0.24011344    0.23124886    0.23922200    0.23124886    0.23124886    0.13299163    0.13047659    0.02442228    0.02442228    0.02650592    0.00000000    0.19009837    0.19261853    0.21214641    0.21447052    0.23361701    0.22542565    0.26874552    0.29110299    0.31187402    0.27450877
T0             0.19800456    0.21012527    0.24109585    0.23280227    0.21648934    0.22657939    0.22754709    0.22167180    0.26220963    0.25908797    0.18717702    0.18179436    0.19812018    0.19009837    0.00000000    0.00200302    0.04338969    0.04330913    0.08053723    0.07388166    0.26274858    0.26655072    0.28791383    0.23914166
T18            0.19769947    0.21269727    0.24376676    0.23544443    0.21907586    0.22920510    0.23016984    0.22427724    0.26494746    0.26181602    0.18969145    0.18429427    0.20066464    0.19261853    0.00200302    0.00000000    0.04549721    0.04542064    0.08274395    0.07606901    0.26241937    0.26619042    0.29073454    0.23878331
T10            0.21715134    0.22427724    0.25908797    0.25057968    0.23086179    0.25020412    0.24216857    0.24521399    0.28090716    0.27767401    0.21473033    0.20905627    0.21527865    0.21214641    0.04338969    0.04549721    0.00000000    0.04982753    0.09429807    0.08751706    0.28521938    0.28846282    0.32496880    0.27302903
T3             0.21071612    0.22951689    0.25524787    0.25290278    0.23914166    0.24343018    0.24447024    0.23247184    0.28002960    0.27681742    0.21139143    0.20578146    0.21759180    0.21447052    0.04330913    0.04542064    0.04982753    0.00000000    0.09644349    0.08964419    0.28292528    0.28364519    0.29217038    0.25253821
T12            0.23878331    0.23714100    0.26380023    0.26069820    0.24376676    0.26968198    0.26455447    0.25833078    0.29786849    0.30118758    0.23043601    0.22466368    0.23922200    0.23361701    0.08053723    0.08274395    0.09429807    0.09644349    0.00000000    0.03690812    0.28162092    0.29825853    0.32748606    0.27600423
T23            0.23051096    0.23184055    0.26380023    0.25524787    0.24447024    0.26417205    0.25908797    0.25908797    0.29217038    0.28564078    0.22228390    0.21657760    0.23389659    0.22542565    0.07388166    0.07606901    0.08751706    0.08964419    0.03690812    0.00000000    0.27662366    0.30232346    0.32506247    0.27045458
T5             0.15866486    0.26674121    0.30076921    0.28930771    0.28610626    0.29396611    0.28541114    0.27598864    0.35218561    0.35574096    0.27108566    0.27108566    0.28333878    0.26874552    0.26274858    0.26241937    0.28521938    0.28292528    0.28162092    0.27662366    0.00000000    0.14860066    0.21759180    0.18010759
T11            0.17434816    0.30811649    0.31730882    0.30985332    0.30896124    0.33394394    0.32843821    0.31231362    0.36990140    0.36618648    0.28760452    0.28760452    0.30041005    0.29110299    0.26655072    0.26619042    0.28846282    0.28364519    0.29825853    0.30232346    0.14860066    0.00000000    0.25327763    0.20785443
T17            0.20306197    0.32054723    0.34052637    0.34166086    0.31468984    0.34468194    0.34284551    0.32856861    0.38958083    0.39742051    0.30232346    0.29903747    0.32157170    0.31187402    0.28791383    0.29073454    0.32496880    0.29217038    0.32748606    0.32506247    0.21759180    0.25327763    0.00000000    0.06979418
T7             0.15813579    0.27045458    0.29217038    0.28979244    0.26809872    0.29262445    0.29073454    0.27767401    0.35440897    0.35076180    0.26860389    0.26550202    0.28364519    0.27450877    0.23914166    0.23878331    0.27302903    0.25253821    0.27600423    0.27045458    0.18010759    0.20785443    0.06979418    0.00000000

