24
T6             0.00000000    0.21652393    0.21137797    0.22939548    0.22342904    0.22380195    0.21531058    0.21943707    0.19900606    0.19615929    0.26439049    0.18630046    0.16297846    0.16563506    0.16321181    0.17640570    0.17395352    0.25993810    0.17835490    0.17099121    0.30946978    0.30946978    0.13534168    0.14793069
T10            0.21652393    0.00000000    0.01209734    0.16103985    0.15575463    0.15599176    0.16212957    0.16830592    0.18683998    0.18961512    0.26624427    0.23631245    0.21762366    0.21762366    0.20933862    0.24047092    0.24079912    0.33001478    0.24852180    0.23748826    0.37981747    0.37981747    0.25565866    0.27091094
T2             0.21137797    0.01209734    0.00000000    0.15097968    0.14577727    0.14600309    0.15729404    0.16345355    0.18187980    0.18463962    0.26078042    0.22809043    0.21191496    0.21191496    0.20371061    0.23515389    0.23548409    0.32653111    0.24314442    0.23218893    0.37456011    0.37717478    0.25024990    0.26540360
T16            0.22939548    0.16103985    0.15097968    0.00000000    0.00806506    0.01417486    0.11596260    0.10414985    0.18834303    0.18554425    0.24337781    0.24380891    0.23318240    0.23617427    0.23055031    0.25140983    0.25181686    0.32569281    0.25024990    0.23918426    0.37140788    0.36771809    0.27033102    0.28947890
T15            0.22342904    0.15575463    0.14577727    0.00806506    0.00000000    0.01008438    0.11109137    0.09937211    0.17724120    0.17450404    0.23728368    0.24079912    0.22725212    0.23020842    0.22463757    0.24525947    0.24564732    0.31872473    0.24415638    0.23318240    0.36405548    0.36041965    0.26078042    0.27957983
T3             0.22380195    0.15599176    0.14600309    0.01417486    0.01008438    0.00000000    0.10881999    0.09713272    0.18523399    0.18245868    0.24604520    0.24113740    0.22758515    0.23055031    0.22497149    0.24564732    0.24604520    0.31926066    0.24451398    0.23353326    0.36459303    0.36094379    0.26439049    0.28335743
T14            0.21531058    0.16212957    0.15729404    0.11596260    0.11109137    0.10881999    0.00000000    0.08964913    0.17765319    0.17496813    0.25529407    0.24462670    0.22519473    0.23631245    0.23073160    0.24520670    0.24551221    0.33248655    0.25394021    0.24282746    0.37611431    0.37611431    0.26660043    0.27566754
T18            0.21943707    0.16830592    0.16345355    0.10414985    0.09937211    0.09713272    0.08964913    0.00000000    0.18133574    0.17860630    0.25993810    0.25122584    0.21476112    0.22573341    0.22022582    0.23748826    0.23780744    0.33001478    0.25154972    0.24347158    0.37243853    0.37611431    0.26815200    0.28376753
T13            0.19900606    0.18683998    0.18187980    0.18834303    0.17724120    0.18523399    0.17765319    0.18133574    0.00000000    0.00200403    0.06961305    0.23882508    0.21652393    0.21943707    0.21105851    0.23126335    0.23163446    0.29982016    0.23318240    0.21362777    0.36094379    0.36203236    0.23426440    0.24913000
T5             0.19615929    0.18961512    0.18463962    0.18554425    0.17450404    0.18245868    0.17496813    0.17860630    0.00200403    0.00000000    0.06736455    0.23582423    0.21943707    0.22236737    0.21394631    0.22828030    0.22864239    0.30318640    0.23617427    0.21074838    0.35732114    0.35838297    0.23126335    0.24604520
T12            0.26439049    0.26624427    0.26078042    0.24337781    0.23728368    0.24604520    0.25529407    0.25993810    0.06961305    0.06736455    0.00000000    0.30219741    0.28332255    0.28657856    0.27174980    0.29315528    0.29363296    0.36381787    0.29933134    0.27451840    0.42381870    0.42515327    0.30657560    0.31980850
T17            0.18630046    0.23631245    0.22809043    0.24380891    0.24079912    0.24113740    0.24462670    0.25122584    0.23882508    0.23582423    0.30219741    0.00000000    0.08964913    0.09430368    0.08512071    0.10589076    0.11080932    0.31768864    0.22924154    0.19356112    0.31696296    0.31696296    0.22139175    0.23582423
T8             0.16297846    0.21762366    0.21191496    0.23318240    0.22725212    0.22758515    0.22519473    0.21476112    0.21652393    0.21943707    0.28332255    0.08964913    0.00000000    0.02439364    0.01822342    0.05182556    0.05622011    0.28703430    0.20166566    0.17541252    0.30859932    0.30859932    0.19633600    0.21015623
T11            0.16563506    0.21762366    0.21191496    0.23617427    0.23020842    0.23055031    0.23631245    0.22573341    0.21943707    0.22236737    0.28657856    0.09430368    0.02439364    0.00000000    0.02027273    0.05617494    0.06061762    0.28940058    0.19886739    0.17272739    0.30527866    0.30527866    0.19407534    0.20788557
T0             0.16321181    0.20933862    0.20371061    0.23055031    0.22463757    0.22497149    0.23073160    0.22022582    0.21105851    0.21394631    0.27174980    0.08512071    0.01822342    0.02027273    0.00000000    0.04969591    0.05408304    0.28985605    0.19912646    0.17295536    0.30569676    0.30569676    0.19659638    0.21044761
T20            0.17640570    0.24047092    0.23515389    0.25140983    0.24525947    0.24564732    0.24520670    0.23748826    0.23126335    0.22828030    0.29315528    0.10589076    0.05182556    0.05617494    0.04969591    0.00000000    0.01212541    0.29933134    0.21301895    0.17541252    0.30527866    0.30859932    0.21331865    0.22758515
T21            0.17395352    0.24079912    0.23548409    0.25181686    0.24564732    0.24604520    0.24551221    0.23780744    0.23163446    0.22864239    0.29363296    0.11080932    0.05622011    0.06061762    0.05408304    0.01212541    0.00000000    0.30657560    0.21911093    0.18381373    0.31576007    0.31916028    0.21074838    0.22497149
T7             0.25993810    0.33001478    0.32653111    0.32569281    0.31872473    0.31926066    0.33248655    0.33001478    0.29982016    0.30318640    0.36381787    0.31768864    0.28703430    0.28940058    0.28985605    0.29933134    0.30657560    0.00000000    0.14752224    0.19686588    0.32287735    0.32032834    0.27327779    0.29223366
T9             0.17835490    0.24852180    0.24314442    0.25024990    0.24415638    0.24451398    0.25394021    0.25154972    0.23318240    0.23617427    0.29933134    0.22924154    0.20166566    0.19886739    0.19912646    0.21301895    0.21911093    0.14752224    0.00000000    0.11296369    0.25822616    0.25879173    0.20115946    0.21503106
T22            0.17099121    0.23748826    0.23218893    0.23918426    0.23318240    0.23353326    0.24282746    0.24347158    0.21362777    0.21074838    0.27451840    0.19356112    0.17541252    0.17272739    0.17295536    0.17541252    0.18381373    0.19686588    0.11296369    0.00000000    0.23287298    0.23338271    0.20759307    0.21879432
T4             0.30946978    0.37981747    0.37456011    0.37140788    0.36405548    0.36459303    0.37611431    0.37243853    0.36094379    0.35732114    0.42381870    0.31696296    0.30859932    0.30527866    0.30569676    0.30527866    0.31576007    0.32287735    0.25822616    0.23287298    0.00000000    0.01413413    0.34667001    0.35949800
T19            0.30946978    0.37981747    0.37717478    0.36771809    0.36041965    0.36094379    0.37611431    0.37611431    0.36203236    0.35838297    0.42515327    0.31696296    0.30859932    0.30527866    0.30569676    0.30859932    0.31916028    0.32032834    0.25879173    0.23338271    0.01413413    0.00000000    0.34667001    0.35949800
T23            0.13534168    0.25565866    0.25024990    0.27033102    0.26078042    0.26439049    0.26660043    0.26815200    0.23426440    0.23126335    0.30657560    0.22139175    0.19633600    0.19407534    0.19659638    0.21331865    0.21074838    0.27327779    0.20115946    0.20759307    0.34667001    0.34667001    0.00000000    0.02859881
T1             0.14793069    0.27091094    0.26540360    0.28947890    0.27957983    0.28335743    0.27566754    0.28376753    0.24913000    0.24604520    0.31980850    0.23582423    0.21015623    0.20788557    0.21044761    0.22758515    0.22497149    0.29223366    0.21503106    0.21879432    0.35949800    0.35949800    0.02859881    0.00000000

