24
T13            0.00000000    0.36938292    0.40876135    0.37058131    0.37194206    0.35835463    0.38194616    0.39223490    0.36314654    0.36938292    0.34503188    0.39897891    0.40298062    0.25293666    0.26146842    0.22660501    0.22077952    0.22630102    0.23217806    0.26037896    0.26312093    0.25764749    0.26347255    0.25023783
T15            0.36938292    0.00000000    0.11755165    0.09196921    0.10330913    0.08261278    0.12816318    0.14410556    0.12011140    0.11551264    0.08503616    0.21969021    0.21789216    0.33297542    0.34609450    0.31327953    0.30654844    0.30610644    0.30610644    0.34098745    0.33700580    0.34969099    0.34555677    0.33950350
T7             0.40876135    0.11755165    0.00000000    0.05002237    0.05853403    0.06051378    0.13515504    0.14935321    0.11537874    0.12024956    0.09187728    0.22756224    0.23451186    0.37136998    0.37136998    0.33572338    0.32863190    0.33514901    0.33160338    0.37058131    0.35166085    0.36870661    0.36434287    0.36935233
T1             0.37058131    0.09196921    0.05002237    0.00000000    0.03285053    0.04120485    0.11858449    0.13716150    0.10374355    0.10853247    0.07623109    0.22544788    0.22368373    0.34115384    0.35569974    0.31525762    0.30170206    0.31474532    0.31133344    0.33846640    0.33100078    0.34361181    0.33597082    0.33703302
T16            0.37194206    0.10330913    0.05853403    0.03285053    0.00000000    0.04966435    0.12781087    0.14664003    0.11284080    0.11767603    0.08503616    0.22159484    0.21969021    0.34252384    0.35696297    0.32010299    0.31327953    0.31961470    0.31620307    0.34706675    0.33700580    0.35219875    0.34807753    0.34555677
T0             0.35835463    0.08261278    0.06051378    0.04120485    0.04966435    0.00000000    0.09923969    0.11743505    0.08964744    0.08964744    0.05836317    0.19222906    0.19860933    0.33649566    0.34720845    0.29990726    0.29010889    0.29948748    0.29621075    0.33053836    0.32326604    0.34252384    0.33846640    0.32897987
T6             0.38194616    0.12816318    0.13515504    0.11858449    0.12781087    0.09923969    0.00000000    0.12071055    0.09060107    0.09267434    0.06099467    0.24379703    0.24220177    0.34361181    0.35815713    0.31667956    0.30990260    0.32304989    0.31961470    0.34555677    0.35219875    0.36559252    0.36124347    0.35877386
T12            0.39223490    0.14410556    0.14935321    0.13716150    0.14664003    0.11743505    0.12071055    0.00000000    0.04542127    0.04542127    0.07156436    0.28444942    0.28287269    0.37687338    0.38832500    0.33796684    0.33447161    0.34098745    0.33053836    0.37883854    0.37452800    0.38322003    0.37883854    0.37626630
T14            0.36314654    0.12011140    0.11537874    0.10374355    0.11284080    0.08964744    0.09060107    0.04542127    0.00000000    0.00804446    0.04549806    0.25221572    0.25061448    0.34720845    0.35815713    0.30654844    0.30990260    0.31620307    0.30610644    0.34555677    0.34050089    0.35331368    0.34914023    0.34664507
T19            0.36938292    0.11551264    0.12024956    0.10853247    0.11767603    0.08964744    0.09267434    0.04542127    0.00804446    0.00000000    0.04549806    0.25221572    0.25061448    0.34361181    0.35448072    0.30654844    0.30990260    0.31620307    0.30610644    0.33846640    0.33353510    0.34609450    0.34199895    0.33950350
T18            0.34503188    0.08503616    0.09187728    0.07623109    0.08503616    0.05836317    0.06099467    0.07156436    0.04549806    0.04549806    0.00000000    0.20932936    0.20474671    0.32010299    0.33051702    0.28767322    0.28124639    0.28727357    0.27769525    0.31867436    0.31149177    0.32702139    0.32304989    0.31716801
T4             0.39897891    0.21969021    0.22756224    0.22544788    0.22159484    0.19222906    0.24379703    0.28444942    0.25221572    0.25221572    0.20932936    0.00000000    0.03285053    0.39804476    0.40050034    0.34114408    0.33392344    0.33690921    0.34415601    0.38011564    0.37183396    0.39404270    0.38932430    0.37906475
T9             0.40298062    0.21789216    0.23451186    0.22368373    0.21969021    0.19860933    0.24220177    0.28287269    0.25061448    0.25061448    0.20474671    0.03285053    0.00000000    0.38613392    0.38468247    0.33752065    0.33035207    0.33332504    0.34051941    0.37628347    0.36807431    0.39804476    0.39327854    0.37520248
T3             0.25293666    0.33297542    0.37136998    0.34115384    0.34252384    0.33649566    0.34361181    0.37687338    0.34720845    0.34361181    0.32010299    0.39804476    0.38613392    0.00000000    0.04791102    0.18683388    0.18407428    0.18932678    0.19772211    0.19380636    0.19632834    0.20192472    0.19885939    0.18380762
T11            0.26146842    0.34609450    0.37136998    0.35569974    0.35696297    0.34720845    0.35815713    0.38832500    0.35815713    0.35448072    0.33051702    0.40050034    0.38468247    0.04791102    0.00000000    0.18905357    0.18629406    0.19155644    0.19995150    0.20447147    0.20702743    0.20986543    0.20676279    0.18878928
T17            0.22660501    0.31327953    0.33572338    0.31525762    0.32010299    0.29990726    0.31667956    0.33796684    0.30654844    0.30654844    0.28767322    0.34114408    0.33752065    0.18683388    0.18905357    0.00000000    0.03073579    0.03492941    0.03705770    0.15932559    0.16699302    0.16436486    0.16157647    0.14458818
T23            0.22077952    0.30654844    0.32863190    0.30170206    0.31327953    0.29010889    0.30990260    0.33447161    0.30990260    0.30990260    0.28124639    0.33392344    0.33035207    0.18407428    0.18629406    0.03073579    0.00000000    0.02447389    0.02656641    0.15673166    0.16175051    0.16175051    0.15898262    0.13951900
T21            0.22630102    0.30610644    0.33514901    0.31474532    0.31961470    0.29948748    0.32304989    0.34098745    0.31620307    0.31620307    0.28727357    0.33690921    0.33332504    0.18932678    0.19155644    0.03492941    0.02447389    0.00000000    0.01010192    0.16175051    0.16680513    0.16680513    0.16401163    0.14441908
T20            0.23217806    0.30610644    0.33160338    0.31133344    0.31620307    0.29621075    0.31961470    0.33053836    0.30610644    0.30610644    0.27769525    0.34415601    0.34051941    0.19772211    0.19995150    0.03705770    0.02656641    0.01010192    0.00000000    0.16436486    0.16944022    0.16944022    0.16662590    0.14696660
T2             0.26037896    0.34098745    0.37058131    0.33846640    0.34706675    0.33053836    0.34555677    0.37883854    0.34555677    0.33846640    0.31867436    0.38011564    0.37628347    0.19380636    0.20447147    0.15932559    0.15673166    0.16175051    0.16436486    0.00000000    0.08282419    0.08070624    0.07834012    0.05639609
T5             0.26312093    0.33700580    0.35166085    0.33100078    0.33700580    0.32326604    0.35219875    0.37452800    0.34050089    0.33353510    0.31149177    0.37183396    0.36807431    0.19632834    0.20702743    0.16699302    0.16175051    0.16680513    0.16944022    0.08282419    0.00000000    0.07381270    0.07150537    0.05413647
T10            0.25764749    0.34969099    0.36870661    0.34361181    0.35219875    0.34252384    0.36559252    0.38322003    0.35331368    0.34609450    0.32702139    0.39404270    0.39804476    0.20192472    0.20986543    0.16436486    0.16175051    0.16680513    0.16944022    0.08070624    0.07381270    0.00000000    0.00602727    0.04771177
T8             0.26347255    0.34555677    0.36434287    0.33597082    0.34807753    0.33846640    0.36124347    0.37883854    0.34914023    0.34199895    0.32304989    0.38932430    0.39327854    0.19885939    0.20676279    0.16157647    0.15898262    0.16401163    0.16662590    0.07834012    0.07150537    0.00602727    0.00000000    0.04549806
T22            0.25023783    0.33950350    0.36935233    0.33703302    0.34555677    0.32897987    0.35877386    0.37626630    0.34664507    0.33950350    0.31716801    0.37906475    0.37520248    0.18380762    0.18878928    0.14458818    0.13951900    0.14441908    0.14696660    0.05639609    0.05413647    0.04771177    0.04549806    0.00000000

