24
T23            0.00000000    0.32107102    0.33100610    0.34301191    0.34604452    0.34356114    0.33453756    0.32107102    0.28652721    0.33644801    0.33644801    0.31323946    0.33567159    0.32562414    0.28283923    0.32159438    0.31573670    0.25677364    0.23989611    0.25097370    0.25989575    0.27961630    0.23349961    0.23349961
T16            0.32107102    0.00000000    0.05426364    0.22460693    0.22722093    0.22789581    0.22528351    0.21974267    0.18877487    0.22542977    0.23777384    0.23545074    0.22984455    0.21329130    0.20530725    0.21528337    0.20445526    0.20592134    0.17638656    0.20728458    0.20756744    0.22890818    0.19937121    0.19937121
T21            0.33100610    0.05426364    0.00000000    0.23017624    0.23579046    0.23349961    0.23086886    0.22528351    0.19964833    0.23684744    0.24043668    0.23810268    0.23844150    0.22167767    0.21649529    0.22658483    0.20984842    0.21424563    0.19268123    0.21270204    0.21299196    0.25561906    0.20473001    0.20473001
T7             0.34301191    0.22460693    0.23017624    0.00000000    0.01006776    0.00805165    0.05860327    0.05206979    0.19812323    0.22378876    0.22994715    0.22420777    0.23070091    0.22570383    0.20066761    0.21682001    0.21163710    0.22628139    0.19329614    0.23480103    0.23745500    0.25057289    0.20881598    0.20881598
T19            0.34604452    0.22722093    0.23579046    0.01006776    0.00000000    0.01007295    0.06074608    0.05419617    0.20066761    0.22643117    0.23260232    0.22684642    0.23335134    0.22833312    0.20322127    0.21942587    0.21422378    0.22890818    0.19582071    0.23745500    0.24011892    0.25328903    0.20858157    0.20858157
T14            0.34356114    0.22789581    0.23349961    0.00805165    0.01007295    0.00000000    0.05868056    0.05213909    0.19835439    0.22399325    0.23018835    0.22443230    0.23097222    0.22598771    0.20089725    0.21706906    0.21188907    0.22366429    0.19353937    0.23512092    0.23777384    0.25087563    0.20905990    0.20905990
T4             0.33453756    0.22528351    0.23086886    0.05860327    0.06074608    0.05868056    0.00000000    0.02238995    0.19306201    0.22994715    0.23335134    0.22754483    0.22254327    0.21759615    0.20113619    0.21732778    0.21447430    0.22396884    0.19102520    0.22890818    0.22336943    0.25118880    0.20418979    0.20418979
T11            0.32107102    0.21974267    0.22528351    0.05206979    0.05419617    0.05213909    0.02238995    0.00000000    0.19054502    0.22730200    0.22779765    0.22204144    0.21706906    0.21215057    0.19859480    0.21473443    0.21188907    0.21270204    0.18304775    0.22628139    0.22658483    0.24547690    0.19835439    0.19835439
T6             0.28652721    0.18877487    0.19964833    0.19812323    0.20066761    0.19835439    0.19306201    0.19054502    0.00000000    0.07374699    0.07162875    0.07841954    0.07641680    0.06090381    0.08343819    0.10400133    0.09950422    0.16804988    0.13514767    0.16474241    0.16231393    0.19102520    0.13684754    0.14187749
T2             0.33644801    0.22542977    0.23684744    0.22378876    0.22643117    0.22399325    0.22994715    0.22730200    0.07374699    0.00000000    0.05627043    0.07369011    0.10104290    0.09429880    0.11767123    0.14425105    0.13951204    0.20931329    0.17721158    0.19474974    0.19768877    0.22730200    0.17367353    0.17895646
T1             0.33644801    0.23777384    0.24043668    0.22994715    0.23260232    0.23018835    0.23335134    0.22779765    0.07162875    0.05627043    0.00000000    0.07606939    0.10124849    0.08751777    0.11794282    0.13951204    0.12981293    0.21270204    0.18033404    0.20624671    0.20649210    0.23070091    0.17135963    0.17664269
T22            0.31323946    0.23545074    0.23810268    0.22420777    0.22684642    0.22443230    0.22754483    0.22204144    0.07841954    0.07369011    0.07606939    0.00000000    0.10654921    0.09950422    0.12532055    0.15228127    0.14750954    0.20701106    0.18033404    0.19329614    0.20138443    0.23419113    0.18238178    0.18780903
T15            0.33567159    0.22984455    0.23844150    0.23070091    0.23335134    0.23097222    0.22254327    0.21706906    0.07641680    0.10104290    0.10124849    0.10654921    0.00000000    0.04349694    0.12335089    0.13749391    0.13280931    0.21360004    0.17833603    0.20756744    0.21013009    0.23745500    0.17721158    0.18259487
T5             0.32562414    0.21329130    0.22167767    0.22570383    0.22833312    0.22598771    0.21759615    0.21215057    0.06090381    0.09429880    0.08751777    0.09950422    0.04349694    0.00000000    0.11401053    0.13047878    0.12584095    0.20022991    0.16561859    0.20218461    0.20246975    0.22952262    0.16982809    0.17516824
T17            0.28283923    0.20530725    0.21649529    0.20066761    0.20322127    0.20089725    0.20113619    0.19859480    0.08343819    0.11767123    0.11794282    0.12532055    0.12335089    0.11401053    0.00000000    0.05632925    0.05646720    0.17048960    0.13749391    0.16231393    0.16252173    0.18259487    0.13920841    0.14425105
T18            0.32159438    0.21528337    0.22658483    0.21682001    0.21942587    0.21706906    0.21732778    0.21473443    0.10400133    0.14425105    0.13951204    0.15228127    0.13749391    0.13047878    0.05632925    0.00000000    0.01617915    0.18602362    0.16231393    0.18803703    0.18827402    0.20905990    0.17188591    0.17721158
T0             0.31573670    0.20445526    0.20984842    0.21163710    0.21422378    0.21188907    0.21447430    0.21188907    0.09950422    0.13951204    0.12981293    0.14750954    0.13280931    0.12584095    0.05646720    0.01617915    0.00000000    0.17293781    0.14970108    0.17809363    0.17785997    0.20113619    0.15914123    0.16435541
T10            0.25677364    0.20592134    0.21424563    0.22628139    0.22890818    0.22366429    0.22396884    0.21270204    0.16804988    0.20931329    0.21270204    0.20701106    0.21360004    0.20022991    0.17048960    0.18602362    0.17293781    0.00000000    0.04982776    0.16368689    0.16127464    0.17587329    0.12335089    0.12335089
T12            0.23989611    0.17638656    0.19268123    0.19329614    0.19582071    0.19353937    0.19102520    0.18304775    0.13514767    0.17721158    0.18033404    0.18033404    0.17833603    0.16561859    0.13749391    0.16231393    0.14970108    0.04982776    0.00000000    0.13338675    0.13106042    0.15551115    0.10174912    0.10174912
T9             0.25097370    0.20728458    0.21270204    0.23480103    0.23745500    0.23512092    0.22890818    0.22628139    0.16474241    0.19474974    0.20624671    0.19329614    0.20756744    0.20218461    0.16231393    0.18803703    0.17809363    0.16368689    0.13338675    0.00000000    0.02234734    0.09228564    0.09923576    0.09923576
T3             0.25989575    0.20756744    0.21299196    0.23745500    0.24011892    0.23777384    0.22336943    0.22658483    0.16231393    0.19768877    0.20649210    0.20138443    0.21013009    0.20246975    0.16252173    0.18827402    0.17785997    0.16127464    0.13106042    0.02234734    0.00000000    0.09476126    0.09936632    0.09936632
T13            0.27961630    0.22890818    0.25561906    0.25057289    0.25328903    0.25087563    0.25118880    0.24547690    0.19102520    0.22730200    0.23070091    0.23419113    0.23745500    0.22952262    0.18259487    0.20905990    0.20113619    0.17587329    0.15551115    0.09228564    0.09476126    0.00000000    0.11780316    0.11780316
T20            0.23349961    0.19937121    0.20473001    0.20881598    0.20858157    0.20905990    0.20418979    0.19835439    0.13684754    0.17367353    0.17135963    0.18238178    0.17721158    0.16982809    0.13920841    0.17188591    0.15914123    0.12335089    0.10174912    0.09923576    0.09936632    0.11780316    0.00000000    0.00401616
T8             0.23349961    0.19937121    0.20473001    0.20881598    0.20858157    0.20905990    0.20418979    0.19835439    0.14187749    0.17895646    0.17664269    0.18780903    0.18259487    0.17516824    0.14425105    0.17721158    0.16435541    0.12335089    0.10174912    0.09923576    0.09936632    0.11780316    0.00401616    0.00000000

