24
T17            0.00000000    0.28150279    0.28431469    0.24513475    0.25397251    0.26063332    0.35424134    0.24551967    0.28002247    0.22564296    0.23177831    0.23707739    0.22564296    0.24707334    0.20241361    0.25900282    0.24102483    0.19607226    0.21096822    0.22001473    0.18485770    0.18209302    0.20363834    0.18926089
T6             0.28150279    0.00000000    0.01414117    0.15525777    0.17045073    0.17558862    0.26886983    0.16778225    0.19490527    0.15911328    0.15928767    0.16414513    0.15395579    0.16734951    0.29854183    0.36017446    0.34638658    0.28835990    0.28249689    0.28601616    0.27236551    0.26922728    0.28471166    0.32238070
T4             0.28431469    0.01414117    0.00000000    0.15724887    0.17781999    0.18300562    0.28355407    0.16979310    0.20255220    0.16121978    0.16137534    0.16625697    0.15607569    0.16939763    0.29816029    0.35966797    0.34591801    0.28794132    0.28216693    0.28566485    0.27199819    0.26886983    0.28431469    0.31850298
T1             0.24513475    0.15525777    0.15724887    0.00000000    0.10412802    0.10668738    0.22715064    0.08319488    0.12925718    0.08510889    0.07833151    0.08732596    0.08281466    0.09227454    0.24004752    0.27477988    0.26576096    0.23044268    0.24303544    0.25553128    0.22453723    0.22161052    0.23606164    0.27353216
T21            0.25397251    0.17045073    0.17781999    0.10412802    0.00000000    0.02447281    0.17512998    0.11822629    0.14606038    0.10825948    0.10103242    0.11271093    0.11042368    0.12037169    0.27672062    0.31264627    0.29647306    0.26379168    0.27036394    0.27479537    0.25437598    0.24513475    0.26652696    0.29344999
T3             0.26063332    0.17558862    0.18300562    0.10668738    0.02447281    0.00000000    0.18623283    0.12085233    0.15125090    0.11320377    0.10349578    0.11765557    0.11535853    0.12546494    0.28036061    0.32092321    0.30441097    0.27063296    0.27714124    0.28171860    0.26106668    0.25791827    0.26379168    0.29962956
T0             0.35424134    0.26886983    0.28355407    0.22715064    0.17512998    0.18623283    0.00000000    0.21580812    0.26390041    0.22855247    0.21676746    0.23355860    0.23091019    0.23442291    0.37059413    0.40621720    0.40293908    0.38232435    0.38676503    0.38235362    0.36720253    0.36349264    0.37407798    0.38997141
T14            0.24551967    0.16778225    0.16979310    0.08319488    0.11822629    0.12085233    0.21580812    0.00000000    0.11260687    0.06944819    0.06282463    0.07825762    0.07606335    0.08539935    0.25481791    0.29606767    0.28675258    0.23606164    0.24571769    0.24906553    0.23307358    0.23010332    0.23871120    0.28272878
T5             0.28002247    0.19490527    0.20255220    0.12925718    0.14606038    0.15125090    0.26390041    0.11260687    0.00000000    0.07136609    0.06918071    0.08699662    0.08250128    0.09178186    0.28437296    0.32380693    0.32082762    0.27164170    0.28816408    0.30142144    0.26852314    0.26542395    0.27757244    0.29675047
T23            0.22564296    0.15911328    0.16121978    0.08510889    0.10825948    0.11320377    0.22855247    0.06944819    0.07136609    0.00000000    0.02647094    0.03904255    0.03902151    0.04765530    0.22701605    0.27561141    0.27281144    0.22651845    0.23329048    0.24540420    0.21781492    0.21494718    0.22621689    0.25624030
T13            0.23177831    0.15928767    0.16137534    0.07833151    0.10103242    0.10349578    0.21676746    0.06282463    0.06918071    0.02647094    0.00000000    0.04114487    0.03692369    0.04338767    0.23303240    0.27342357    0.26447741    0.22390304    0.23064065    0.24272081    0.21522469    0.21236514    0.22651845    0.26267135
T12            0.23707739    0.16414513    0.16625697    0.08732596    0.11271093    0.11765557    0.23355860    0.07825762    0.08699662    0.03904255    0.04114487    0.00000000    0.00805157    0.04977403    0.24722269    0.29421306    0.28499617    0.23208741    0.24183785    0.25414599    0.22621689    0.22330734    0.23770107    0.27442437
T2             0.22564296    0.15395579    0.15607569    0.08281466    0.11042368    0.11535853    0.23091019    0.07606335    0.08250128    0.03902151    0.03692369    0.00805157    0.00000000    0.04549513    0.23569376    0.28184825    0.27281144    0.22069926    0.23038106    0.24241632    0.21494718    0.21209582    0.22621689    0.26542395
T16            0.24707334    0.16734951    0.16939763    0.09227454    0.12037169    0.12546494    0.23442291    0.08539935    0.09178186    0.04765530    0.04338767    0.04977403    0.04549513    0.00000000    0.25111270    0.29206178    0.28283808    0.23906771    0.24873268    0.25590344    0.23010332    0.23010332    0.24475980    0.27552362
T22            0.20241361    0.29854183    0.29816029    0.24004752    0.27672062    0.28036061    0.37059413    0.25481791    0.28437296    0.22701605    0.23303240    0.24722269    0.23569376    0.25111270    0.00000000    0.12994673    0.12022683    0.12298848    0.13433194    0.14710771    0.12514311    0.12267891    0.13965235    0.25708162
T19            0.25900282    0.36017446    0.35966797    0.27477988    0.31264627    0.32092321    0.40621720    0.29606767    0.32380693    0.27561141    0.27342357    0.29421306    0.28184825    0.29206178    0.12994673    0.00000000    0.01212507    0.18101264    0.19027655    0.20952190    0.18324393    0.18052459    0.19073580    0.28553885
T15            0.24102483    0.34638658    0.34591801    0.26576096    0.29647306    0.30441097    0.40293908    0.28675258    0.32082762    0.27281144    0.26447741    0.28499617    0.27281144    0.28283808    0.12022683    0.01212507    0.00000000    0.17045073    0.18504821    0.20413815    0.17267219    0.17000375    0.18277612    0.27313252
T10            0.19607226    0.28835990    0.28794132    0.23044268    0.26379168    0.27063296    0.38232435    0.23606164    0.27164170    0.22651845    0.22390304    0.23208741    0.22069926    0.23906771    0.12298848    0.18101264    0.17045073    0.00000000    0.10360734    0.11334600    0.09265717    0.09030332    0.10173468    0.24673412
T18            0.21096822    0.28249689    0.28216693    0.24303544    0.27036394    0.27714124    0.38676503    0.24571769    0.28816408    0.23329048    0.23064065    0.24183785    0.23038106    0.24873268    0.13433194    0.19027655    0.18504821    0.10360734    0.00000000    0.02442175    0.06282463    0.06504733    0.06932012    0.24781183
T7             0.22001473    0.28601616    0.28566485    0.25553128    0.27479537    0.28171860    0.38235362    0.24906553    0.30142144    0.24540420    0.24272081    0.25414599    0.24241632    0.25590344    0.14710771    0.20952190    0.20413815    0.11334600    0.02442175    0.00000000    0.06735637    0.06960413    0.07387613    0.25979744
T8             0.18485770    0.27236551    0.27199819    0.22453723    0.25437598    0.26106668    0.36720253    0.23307358    0.26852314    0.21781492    0.21522469    0.22621689    0.21494718    0.23010332    0.12514311    0.18324393    0.17267219    0.09265717    0.06282463    0.06735637    0.00000000    0.00603638    0.05867564    0.22853064
T20            0.18209302    0.26922728    0.26886983    0.22161052    0.24513475    0.25791827    0.36349264    0.23010332    0.26542395    0.21494718    0.21236514    0.22330734    0.21209582    0.23010332    0.12267891    0.18052459    0.17000375    0.09030332    0.06504733    0.06960413    0.00603638    0.00000000    0.06089840    0.22556029
T9             0.20363834    0.28471166    0.28431469    0.23606164    0.26652696    0.26379168    0.37407798    0.23871120    0.27757244    0.22621689    0.22651845    0.23770107    0.22621689    0.24475980    0.13965235    0.19073580    0.18277612    0.10173468    0.06932012    0.07387613    0.05867564    0.06089840    0.00000000    0.24551967
T11            0.18926089    0.32238070    0.31850298    0.27353216    0.29344999    0.29962956    0.38997141    0.28272878    0.29675047    0.25624030    0.26267135    0.27442437    0.26542395    0.27552362    0.25708162    0.28553885    0.27313252    0.24673412    0.24781183    0.25979744    0.22853064    0.22556029    0.24551967    0.00000000

