24
T20            0.00000000    0.18552589    0.20189336    0.18850666    0.16737427    0.22465317    0.22515040    0.22252808    0.22279293    0.22252808    0.23682915    0.22515040    0.28931345    0.19935591    0.22426314    0.25216699    0.25759825    0.18988262    0.19282564    0.15156976    0.10866200    0.12747825    0.13551385    0.09253101
T22            0.18552589    0.00000000    0.04771006    0.09910904    0.09463112    0.23360457    0.23417282    0.23152642    0.22306755    0.22279293    0.22306755    0.20320940    0.30862550    0.19682753    0.22165777    0.24409675    0.24946677    0.22753049    0.23068504    0.20417519    0.18626583    0.19883048    0.24982133    0.20137050
T23            0.20189336    0.04771006    0.00000000    0.11335783    0.09949981    0.24515255    0.24577154    0.24308863    0.22859821    0.22831641    0.23152642    0.21420998    0.31041406    0.20784212    0.22720016    0.27487254    0.28043939    0.24188674    0.24515255    0.22103850    0.19430815    0.20983240    0.27124824    0.21814419
T7             0.18850666    0.09910904    0.11335783    0.00000000    0.07228344    0.23388369    0.23447195    0.23182674    0.22626307    0.22597020    0.21814419    0.20904603    0.28788713    0.19430815    0.21906190    0.25056109    0.25056109    0.22831641    0.23152642    0.19328348    0.18327480    0.20137050    0.25403822    0.20499728
T5             0.16737427    0.09463112    0.09949981    0.07228344    0.00000000    0.21138155    0.21187452    0.20929872    0.20956085    0.20929872    0.20673230    0.19557607    0.28227866    0.19207755    0.21680126    0.24825909    0.25364347    0.20880282    0.21471916    0.18009966    0.15448433    0.18529705    0.23576788    0.18552589
T21            0.22465317    0.23360457    0.24515255    0.23388369    0.21138155    0.00000000    0.04327855    0.04117162    0.04973168    0.04969414    0.18411286    0.17614760    0.22279293    0.16367840    0.18428760    0.28009029    0.27941425    0.26248216    0.26570738    0.24084908    0.23549126    0.25298001    0.29901517    0.24378562
T14            0.22515040    0.23417282    0.24577154    0.23447195    0.21187452    0.04327855    0.00000000    0.00200302    0.03907128    0.03904357    0.18144359    0.17878856    0.23510008    0.16399547    0.17929680    0.28081099    0.28009029    0.26292932    0.26619505    0.24134726    0.23307651    0.24515255    0.30560731    0.24727295
T10            0.22252808    0.23152642    0.24308863    0.23182674    0.20929872    0.04117162    0.00200302    0.00000000    0.03697750    0.03694775    0.17894897    0.17630097    0.23245703    0.16156039    0.17948416    0.27800760    0.27728491    0.26316951    0.26645553    0.24161186    0.23042454    0.24485847    0.30271745    0.24457471
T11            0.22279293    0.22306755    0.22859821    0.22626307    0.20956085    0.04973168    0.03907128    0.03697750    0.00000000    0.00401107    0.18178772    0.17119522    0.23278694    0.16173364    0.18237149    0.27521515    0.27449053    0.26342074    0.26672706    0.24784804    0.23068504    0.25357053    0.30314621    0.24485847
T12            0.22252808    0.22279293    0.22831641    0.22597020    0.20929872    0.04969414    0.03904357    0.03694775    0.00401107    0.00000000    0.18161113    0.17104683    0.23245703    0.16156039    0.18216793    0.27484736    0.27414468    0.26316951    0.26645553    0.24755530    0.23042454    0.25327000    0.30271745    0.24457471
T8             0.23682915    0.22306755    0.23152642    0.21814419    0.20673230    0.18411286    0.18144359    0.17894897    0.18178772    0.18161113    0.00000000    0.02653259    0.21358101    0.14220312    0.15707745    0.28721272    0.28645097    0.27008192    0.27348604    0.24188674    0.23360457    0.25965931    0.29740216    0.24846461
T15            0.22515040    0.20320940    0.21420998    0.20904603    0.19557607    0.17614760    0.17878856    0.17630097    0.17119522    0.17104683    0.02653259    0.00000000    0.21070330    0.13464001    0.15968414    0.27764073    0.28009029    0.26092126    0.26730313    0.24188674    0.22778253    0.25599664    0.28761047    0.23949548
T16            0.28931345    0.30862550    0.31041406    0.28788713    0.28227866    0.22279293    0.23510008    0.23245703    0.23278694    0.23245703    0.21358101    0.21070330    0.00000000    0.15572879    0.17096078    0.33263585    0.33150567    0.32939230    0.33340710    0.31225909    0.30647184    0.32449557    0.35750043    0.30647184
T13            0.19935591    0.19682753    0.20784212    0.19430815    0.19207755    0.16367840    0.16399547    0.16156039    0.16173364    0.16156039    0.14220312    0.13464001    0.15572879    0.00000000    0.04761089    0.25868528    0.25795014    0.25055383    0.24784804    0.22364598    0.22426314    0.24643146    0.27167135    0.22426314
T0             0.22426314    0.22165777    0.22720016    0.21906190    0.21680126    0.18428760    0.17929680    0.17948416    0.18237149    0.18216793    0.15707745    0.15968414    0.17096078    0.04761089    0.00000000    0.26690254    0.26617244    0.26792299    0.27136012    0.24341455    0.25018611    0.26453478    0.29638190    0.25018611
T4             0.25216699    0.24409675    0.27487254    0.25056109    0.24825909    0.28009029    0.28081099    0.27800760    0.27521515    0.27484736    0.28721272    0.27764073    0.33263585    0.25868528    0.26690254    0.00000000    0.01210970    0.28438889    0.28801944    0.26574347    0.27124824    0.29829615    0.31125107    0.26415298
T9             0.25759825    0.24946677    0.28043939    0.25056109    0.25364347    0.27941425    0.28009029    0.27728491    0.27449053    0.27414468    0.28645097    0.28009029    0.33150567    0.25795014    0.26617244    0.01210970    0.00000000    0.28362542    0.28721272    0.26492714    0.27043405    0.29740216    0.31708472    0.26966271
T19            0.18988262    0.22753049    0.24188674    0.22831641    0.20880282    0.26248216    0.26292932    0.26316951    0.26342074    0.26316951    0.27008192    0.26092126    0.32939230    0.25055383    0.26792299    0.28438889    0.28362542    0.00000000    0.01413296    0.10321392    0.19282564    0.21680625    0.22753049    0.18662365
T3             0.19282564    0.23068504    0.24515255    0.23152642    0.21471916    0.26570738    0.26619505    0.26645553    0.26672706    0.26645553    0.27348604    0.26730313    0.33340710    0.24784804    0.27136012    0.28801944    0.28721272    0.01413296    0.00000000    0.10804522    0.19076793    0.21991548    0.22778253    0.18949470
T1             0.15156976    0.20417519    0.22103850    0.19328348    0.18009966    0.24084908    0.24134726    0.24161186    0.24784804    0.24755530    0.24188674    0.24188674    0.31225909    0.22364598    0.24341455    0.26574347    0.26492714    0.10321392    0.10804522    0.00000000    0.15689238    0.18237149    0.19811129    0.15623657
T17            0.10866200    0.18626583    0.19430815    0.18327480    0.15448433    0.23549126    0.23307651    0.23042454    0.23068504    0.23042454    0.23360457    0.22778253    0.30647184    0.22426314    0.25018611    0.27124824    0.27043405    0.19282564    0.19076793    0.15689238    0.00000000    0.06505078    0.16295165    0.12284347
T2             0.12747825    0.19883048    0.20983240    0.20137050    0.18529705    0.25298001    0.24515255    0.24485847    0.25357053    0.25327000    0.25965931    0.25599664    0.32449557    0.24643146    0.26453478    0.29829615    0.29740216    0.21680625    0.21991548    0.18237149    0.06505078    0.00000000    0.18876092    0.14712665
T6             0.13551385    0.24982133    0.27124824    0.25403822    0.23576788    0.29901517    0.30560731    0.30271745    0.30314621    0.30271745    0.29740216    0.28761047    0.35750043    0.27167135    0.29638190    0.31125107    0.31708472    0.22753049    0.22778253    0.19811129    0.16295165    0.18876092    0.00000000    0.06753429
T18            0.09253101    0.20137050    0.21814419    0.20499728    0.18552589    0.24378562    0.24727295    0.24457471    0.24485847    0.24457471    0.24846461    0.23949548    0.30647184    0.22426314    0.25018611    0.26415298    0.26966271    0.18662365    0.18949470    0.15623657    0.12284347    0.14712665    0.06753429    0.00000000

