24
T20            0.00000000    0.23245274    0.22425951    0.21445443    0.26581551    0.24214756    0.26300313    0.30359088    0.26218485    0.25216129    0.15353681    0.13396348    0.13656545    0.13683982    0.13434413    0.14130239    0.11721599    0.14917064    0.14662394    0.14424241    0.15638439    0.14647352    0.15747097    0.15747097
T9             0.23245274    0.00000000    0.03497318    0.08290394    0.13199769    0.11646305    0.14385307    0.30738250    0.27637778    0.25759169    0.25902259    0.25356244    0.23067815    0.23712113    0.23416686    0.23892490    0.23123001    0.26377530    0.25452845    0.26727771    0.27280627    0.26103588    0.26807275    0.26807275
T10            0.22425951    0.03497318    0.00000000    0.07833564    0.13448717    0.11400402    0.14126635    0.31516368    0.27401120    0.26452931    0.25054571    0.24276657    0.22252198    0.22888469    0.22596499    0.23067815    0.22306230    0.25216129    0.24911669    0.25251545    0.26414702    0.25251545    0.26573945    0.26573945
T6             0.21445443    0.08290394    0.07833564    0.00000000    0.11973364    0.11123055    0.13825885    0.32345495    0.28196816    0.28196816    0.24699188    0.24456653    0.22682562    0.23306872    0.23016625    0.23548253    0.22728061    0.24485078    0.24187903    0.25116079    0.25419599    0.24576528    0.26032245    0.26032245
T17            0.26581551    0.13199769    0.13448717    0.11973364    0.00000000    0.16272583    0.18104197    0.39413164    0.35496229    0.34406348    0.27176264    0.28789184    0.28442423    0.29141139    0.28822103    0.28442423    0.28190099    0.31769802    0.30438126    0.32153358    0.31141077    0.30148965    0.33535897    0.33535897
T1             0.24214756    0.11646305    0.11400402    0.11123055    0.16272583    0.00000000    0.07000446    0.34341165    0.30021613    0.29686410    0.26272386    0.25419599    0.25452845    0.25830690    0.25522461    0.25998157    0.24009304    0.27083047    0.26140839    0.28087832    0.28976169    0.26891018    0.29736276    0.29736276
T7             0.26300313    0.14385307    0.14126635    0.13825885    0.18104197    0.07000446    0.00000000    0.38354553    0.34102415    0.32669944    0.28720400    0.27205701    0.27876715    0.28280068    0.27957887    0.28438069    0.26377530    0.27003667    0.26689614    0.28000112    0.29543562    0.27124340    0.32024670    0.32024670
T13            0.30359088    0.30738250    0.31516368    0.32345495    0.39413164    0.34341165    0.38354553    0.00000000    0.14857906    0.13571188    0.36857534    0.35991694    0.32448825    0.33263000    0.32908738    0.32345495    0.32556978    0.33024217    0.32669944    0.33802567    0.35378048    0.34769476    0.34040176    0.34040176
T14            0.26218485    0.27637778    0.27401120    0.28196816    0.35496229    0.30021613    0.34102415    0.14857906    0.00000000    0.06709494    0.31952396    0.30115436    0.26928578    0.27003667    0.26689614    0.27483901    0.27957887    0.29590051    0.29259310    0.28976169    0.32852815    0.30545786    0.30308072    0.30308072
T15            0.25216129    0.25759169    0.26452931    0.28196816    0.34406348    0.29686410    0.32669944    0.13571188    0.06709494    0.00000000    0.30518007    0.29043605    0.26547674    0.26616502    0.26306370    0.26483152    0.26928578    0.28843258    0.27876715    0.28886447    0.31808584    0.29783607    0.29543562    0.29543562
T12            0.15353681    0.25902259    0.25054571    0.24699188    0.27176264    0.26272386    0.28720400    0.36857534    0.31952396    0.30518007    0.00000000    0.07819432    0.11731666    0.11754143    0.11512441    0.12194535    0.09157832    0.18465982    0.17134792    0.17988209    0.20043061    0.18446659    0.19304593    0.19304593
T11            0.13396348    0.25356244    0.24276657    0.24456653    0.28789184    0.25419599    0.27205701    0.35991694    0.30115436    0.29043605    0.07819432    0.00000000    0.11054592    0.11079708    0.10839163    0.11512441    0.08725005    0.17206631    0.15638439    0.16473055    0.18529357    0.17187357    0.18303280    0.18303280
T5             0.13656545    0.23067815    0.22252198    0.22682562    0.28442423    0.25452845    0.27876715    0.32448825    0.26928578    0.26547674    0.11731666    0.11054592    0.00000000    0.02440600    0.02233541    0.05846767    0.08079491    0.16697129    0.15913073    0.15448201    0.17967659    0.17206631    0.16981551    0.16981551
T2             0.13683982    0.23712113    0.22888469    0.23306872    0.29141139    0.25830690    0.28280068    0.33263000    0.27003667    0.26616502    0.11754143    0.11079708    0.02440600    0.00000000    0.00602417    0.05860175    0.07892989    0.17002715    0.16210323    0.16009147    0.18280220    0.17247792    0.17561543    0.17561543
T18            0.13434413    0.23416686    0.22596499    0.23016625    0.28822103    0.25522461    0.27957887    0.32908738    0.26689614    0.26306370    0.11512441    0.10839163    0.02233541    0.00602417    0.00000000    0.05639345    0.07870362    0.16737181    0.15948970    0.15747097    0.18009645    0.16981551    0.17292418    0.17292418
T4             0.14130239    0.23892490    0.23067815    0.23548253    0.28442423    0.25998157    0.28438069    0.32345495    0.27483901    0.26483152    0.12194535    0.11512441    0.05846767    0.05860175    0.05639345    0.00000000    0.08520391    0.17452879    0.16139204    0.16981551    0.18465982    0.17699999    0.16678394    0.16678394
T21            0.11721599    0.23123001    0.22306230    0.22728061    0.28190099    0.24009304    0.26377530    0.32556978    0.27957887    0.26928578    0.09157832    0.08725005    0.08079491    0.07892989    0.07870362    0.08520391    0.00000000    0.14917064    0.14156930    0.14457145    0.16678394    0.15671289    0.15968188    0.15968188
T0             0.14917064    0.26377530    0.25216129    0.24485078    0.31769802    0.27083047    0.27003667    0.33024217    0.29590051    0.28843258    0.18465982    0.17206631    0.16697129    0.17002715    0.16737181    0.17452879    0.14917064    0.00000000    0.03497318    0.03930823    0.08741912    0.07387987    0.14317372    0.14317372
T23            0.14662394    0.25452845    0.24911669    0.24187903    0.30438126    0.26140839    0.26689614    0.32669944    0.29259310    0.27876715    0.17134792    0.15638439    0.15913073    0.16210323    0.15948970    0.16139204    0.14156930    0.03497318    0.00000000    0.03289623    0.08281920    0.07162672    0.13551316    0.13551316
T22            0.14424241    0.26727771    0.25251545    0.25116079    0.32153358    0.28087832    0.28000112    0.33802567    0.28976169    0.28886447    0.17988209    0.16473055    0.15448201    0.16009147    0.15747097    0.16981551    0.14457145    0.03930823    0.03289623    0.00000000    0.08751454    0.07622651    0.14081892    0.14081892
T8             0.15638439    0.27280627    0.26414702    0.25419599    0.31141077    0.28976169    0.29543562    0.35378048    0.32852815    0.31808584    0.20043061    0.18529357    0.17967659    0.18280220    0.18009645    0.18465982    0.16678394    0.08741912    0.08281920    0.08751454    0.00000000    0.04765693    0.15506775    0.15506775
T16            0.14647352    0.26103588    0.25251545    0.24576528    0.30148965    0.26891018    0.27124340    0.34769476    0.30545786    0.29783607    0.18446659    0.17187357    0.17206631    0.17247792    0.16981551    0.17699999    0.15671289    0.07387987    0.07162672    0.07622651    0.04765693    0.00000000    0.14769935    0.14769935
T3             0.15747097    0.26807275    0.26573945    0.26032245    0.33535897    0.29736276    0.32024670    0.34040176    0.30308072    0.29543562    0.19304593    0.18303280    0.16981551    0.17561543    0.17292418    0.16678394    0.15968188    0.14317372    0.13551316    0.14081892    0.15506775    0.14769935    0.00000000    0.00000000
T19            0.15747097    0.26807275    0.26573945    0.26032245    0.33535897    0.29736276    0.32024670    0.34040176    0.30308072    0.29543562    0.19304593    0.18303280    0.16981551    0.17561543    0.17292418    0.16678394    0.15968188    0.14317372    0.13551316    0.14081892    0.15506775    0.14769935    0.00000000    0.00000000

