24
T20            0.00000000    0.32372948    0.45431186    0.45519258    0.39915972    0.39593044    0.39593044    0.39841791    0.37515172    0.36888963    0.41124123    0.39685500    0.36584213    0.35101368    0.32637553    0.33023239    0.16488224    0.16488224    0.16467820    0.13492756    0.12238441    0.14470666    0.12512481    0.16623010
T2             0.32372948    0.00000000    0.16845651    0.16602838    0.10909292    0.11169907    0.10925987    0.11136068    0.09962040    0.08808002    0.13916760    0.12266159    0.14436462    0.11608101    0.26502007    0.26226713    0.31837001    0.31837001    0.32477526    0.31415917    0.29765169    0.31651758    0.27558303    0.31007406
T1             0.45431186    0.16845651    0.00000000    0.01829783    0.18868323    0.20011907    0.19730183    0.19395669    0.18894413    0.17309564    0.21625412    0.20871952    0.26712621    0.22810008    0.38916062    0.38595663    0.45261536    0.45261536    0.46049639    0.43977651    0.41701871    0.44161968    0.40316089    0.44143148
T8             0.45519258    0.16602838    0.01829783    0.00000000    0.18894413    0.19759489    0.19478556    0.19144597    0.18921383    0.17333793    0.21932220    0.21178577    0.26751428    0.22845753    0.38216782    0.37899208    0.46686441    0.46686441    0.47494838    0.43637847    0.43053304    0.44695220    0.40798273    0.44653151
T22            0.39915972    0.10909292    0.18868323    0.18894413    0.00000000    0.04798116    0.04579769    0.04349165    0.07630499    0.06519171    0.11933618    0.10774807    0.19069366    0.16070866    0.34164797    0.33863076    0.38707494    0.38707494    0.39423376    0.39340435    0.37059055    0.40150418    0.35918016    0.41376051
T5             0.39593044    0.11169907    0.20011907    0.19759489    0.04798116    0.00000000    0.00200401    0.02034014    0.08794985    0.07661520    0.12668252    0.11499300    0.19647634    0.16360856    0.32817529    0.32520685    0.38389918    0.38389918    0.39102866    0.38622128    0.36748310    0.38226753    0.35987634    0.41866954
T19            0.39593044    0.10925987    0.19730183    0.19478556    0.04579769    0.00200401    0.00000000    0.01826972    0.08561872    0.07432677    0.12424929    0.11259479    0.19369825    0.16094872    0.32473819    0.32178152    0.38389918    0.38389918    0.39102866    0.38622128    0.36748310    0.38226753    0.35987634    0.41866954
T6             0.39841791    0.11136068    0.19395669    0.19144597    0.04349165    0.02034014    0.01826972    0.00000000    0.07849350    0.07185577    0.12166039    0.11003537    0.19597103    0.16312260    0.32383726    0.32087963    0.38632620    0.38632620    0.39346752    0.38622128    0.36986386    0.38073696    0.36225712    0.42118199
T18            0.37515172    0.09962040    0.18894413    0.18921383    0.07630499    0.08794985    0.08561872    0.07849350    0.00000000    0.03073295    0.10989355    0.09844226    0.19093552    0.15830295    0.32225052    0.31590415    0.38099267    0.38099267    0.38416195    0.38465966    0.36604602    0.38465966    0.35105977    0.39841791
T12            0.36888963    0.08808002    0.17309564    0.17333793    0.06519171    0.07661520    0.07432677    0.07185577    0.03073295    0.00000000    0.10064503    0.08932996    0.16976017    0.14312505    0.30541077    0.30252296    0.37854180    0.37854180    0.38559112    0.37445265    0.35611594    0.37445265    0.33772694    0.38664945
T11            0.41124123    0.13916760    0.21625412    0.21932220    0.11933618    0.12668252    0.12424929    0.12166039    0.10989355    0.10064503    0.00000000    0.01413793    0.21932220    0.19275443    0.35326541    0.35719821    0.41591857    0.41591857    0.42329330    0.40745366    0.38464590    0.40346847    0.37703929    0.42593891
T14            0.39685500    0.12266159    0.20871952    0.21178577    0.10774807    0.11499300    0.11259479    0.11003537    0.09844226    0.08932996    0.01413793    0.00000000    0.20615129    0.18003480    0.33756250    0.34141453    0.39882841    0.39882841    0.40603259    0.39054156    0.36825366    0.39054156    0.35834155    0.40603259
T16            0.36584213    0.14436462    0.26712621    0.26751428    0.19069366    0.19647634    0.19369825    0.19597103    0.19093552    0.16976017    0.21932220    0.20615129    0.00000000    0.05176962    0.30928521    0.30636939    0.34572458    0.34572458    0.35598899    0.35466418    0.33017050    0.34626698    0.32078546    0.36216480
T7             0.35101368    0.11608101    0.22810008    0.22845753    0.16070866    0.16360856    0.16094872    0.16312260    0.15830295    0.14312505    0.19275443    0.18003480    0.05176962    0.00000000    0.28628504    0.28346132    0.31734833    0.31734833    0.32720244    0.32237144    0.30912687    0.31785329    0.29665389    0.34519483
T4             0.32637553    0.26502007    0.38916062    0.38216782    0.34164797    0.32817529    0.32473819    0.32383726    0.32225052    0.30541077    0.35326541    0.33756250    0.30928521    0.28628504    0.00000000    0.02028036    0.36471593    0.36471593    0.35692470    0.33163620    0.32428165    0.31041123    0.30749852    0.35059125
T9             0.33023239    0.26226713    0.38595663    0.37899208    0.33863076    0.32520685    0.32178152    0.32087963    0.31590415    0.30252296    0.35719821    0.34141453    0.30636939    0.28346132    0.02028036    0.00000000    0.36896329    0.36896329    0.36106547    0.33562600    0.32817529    0.31414430    0.31122134    0.35453831
T10            0.16488224    0.31837001    0.45261536    0.46686441    0.38707494    0.38389918    0.38389918    0.38632620    0.38099267    0.37854180    0.41591857    0.39882841    0.34572458    0.31734833    0.36471593    0.36896329    0.00000000    0.00000000    0.01008402    0.07176963    0.07832525    0.13547120    0.12066583    0.16976017
T21            0.16488224    0.31837001    0.45261536    0.46686441    0.38707494    0.38389918    0.38389918    0.38632620    0.38099267    0.37854180    0.41591857    0.39882841    0.34572458    0.31734833    0.36471593    0.36896329    0.00000000    0.00000000    0.01008402    0.07176963    0.07832525    0.13547120    0.12066583    0.16976017
T17            0.16467820    0.32477526    0.46049639    0.47494838    0.39423376    0.39102866    0.39102866    0.39346752    0.38416195    0.38559112    0.42329330    0.40603259    0.35598899    0.32720244    0.35692470    0.36106547    0.01008402    0.01008402    0.00000000    0.07394784    0.08510141    0.13781399    0.12296962    0.16955917
T23            0.13492756    0.31415917    0.43977651    0.43637847    0.39340435    0.38622128    0.38622128    0.38622128    0.38465966    0.37445265    0.40745366    0.39054156    0.35466418    0.32237144    0.33163620    0.33562600    0.07176963    0.07176963    0.07394784    0.00000000    0.05632202    0.09947664    0.09251087    0.14183278
T13            0.12238441    0.29765169    0.41701871    0.43053304    0.37059055    0.36748310    0.36748310    0.36986386    0.36604602    0.35611594    0.38464590    0.36825366    0.33017050    0.30912687    0.32428165    0.32817529    0.07832525    0.07832525    0.08510141    0.05632202    0.00000000    0.09226417    0.07849350    0.12924108
T15            0.14470666    0.31651758    0.44161968    0.44695220    0.40150418    0.38226753    0.38226753    0.38073696    0.38465966    0.37445265    0.40346847    0.39054156    0.34626698    0.31785329    0.31041123    0.31414430    0.13547120    0.13547120    0.13781399    0.09947664    0.09226417    0.00000000    0.10172123    0.13183177
T0             0.12512481    0.27558303    0.40316089    0.40798273    0.35918016    0.35987634    0.35987634    0.36225712    0.35105977    0.33772694    0.37703929    0.35834155    0.32078546    0.29665389    0.30749852    0.31122134    0.12066583    0.12066583    0.12296962    0.09251087    0.07849350    0.10172123    0.00000000    0.07139926
T3             0.16623010    0.31007406    0.44143148    0.44653151    0.41376051    0.41866954    0.41866954    0.42118199    0.39841791    0.38664945    0.42593891    0.40603259    0.36216480    0.34519483    0.35059125    0.35453831    0.16976017    0.16976017    0.16955917    0.14183278    0.12924108    0.13183177    0.07139926    0.00000000

