24
T8             0.00000000    0.28467984    0.28186893    0.32678069    0.29074083    0.28147200    0.31172301    0.30591215    0.32733738    0.29972085    0.31987695    0.31062939    0.30881173    0.34529768    0.33572393    0.32733738    0.32779529    0.34477849    0.34124117    0.38351061    0.37971800    0.36227944    0.15205598    0.16713585
T17            0.28467984    0.00000000    0.01008411    0.23339858    0.22224443    0.21383310    0.24437011    0.24206682    0.24635153    0.22518767    0.26738992    0.23868753    0.21985735    0.26369036    0.25514377    0.26095149    0.26132146    0.26718703    0.25786269    0.29578029    0.29910574    0.27391108    0.28227684    0.29074083
T15            0.28186893    0.01008411    0.00000000    0.22484725    0.21383310    0.20553154    0.23569134    0.23339858    0.24066639    0.21673360    0.25832046    0.22712958    0.21156998    0.26095149    0.24635153    0.25208336    0.25243513    0.25822305    0.24904161    0.29202608    0.29531861    0.27033427    0.27310257    0.28147200
T20            0.32678069    0.23339858    0.22484725    0.00000000    0.10134647    0.09438962    0.23112675    0.22887546    0.25206506    0.22329641    0.24446421    0.21609479    0.20977570    0.24473440    0.23042024    0.23305094    0.23339858    0.23008148    0.22712958    0.29958977    0.29625318    0.28728881    0.30725911    0.30924858
T12            0.29074083    0.22224443    0.21383310    0.10134647    0.00000000    0.00602721    0.19986226    0.19763084    0.21383310    0.19231242    0.21518851    0.18846036    0.17716462    0.22388330    0.21005516    0.22127765    0.22159041    0.22419504    0.22127765    0.24778554    0.24473440    0.24473440    0.27947746    0.29033482
T18            0.28147200    0.21383310    0.20553154    0.09438962    0.00602721    0.00000000    0.19174679    0.18952525    0.20553154    0.18427007    0.20682318    0.18051206    0.17469527    0.21549354    0.20184004    0.21578946    0.21609479    0.21868151    0.21578946    0.24206682    0.23904340    0.23904340    0.27668890    0.28750177
T0             0.31172301    0.24437011    0.23569134    0.23112675    0.19986226    0.19174679    0.00000000    0.01415459    0.11511143    0.08281245    0.12332224    0.18596456    0.17737033    0.21549354    0.20184004    0.20494042    0.20523140    0.21351743    0.21064202    0.26523007    0.26209268    0.24134671    0.32037202    0.33172921
T22            0.30591215    0.24206682    0.23339858    0.22887546    0.19763084    0.18952525    0.01415459    0.00000000    0.11293769    0.08069395    0.12120408    0.17828044    0.16978257    0.20977570    0.19625022    0.19930321    0.19957820    0.20778308    0.20494042    0.25665023    0.25355176    0.23305094    0.31451781    0.32577889
T2             0.32733738    0.24635153    0.24066639    0.25206506    0.21383310    0.20553154    0.11511143    0.11293769    0.00000000    0.06720907    0.12067848    0.18897513    0.20465861    0.22975240    0.21578946    0.23603818    0.23639480    0.23305094    0.23008148    0.27433138    0.27114391    0.25625821    0.32678069    0.34529768
T19            0.29972085    0.22518767    0.21673360    0.22329641    0.19231242    0.18427007    0.08281245    0.08069395    0.06720907    0.00000000    0.09978138    0.17581820    0.18897513    0.21005516    0.19650831    0.21094936    0.21415806    0.21383310    0.21094936    0.24549291    0.24244174    0.23112675    0.32192867    0.33324980
T3             0.31987695    0.26738992    0.25832046    0.24446421    0.21518851    0.20682318    0.12332224    0.12120408    0.12067848    0.09978138    0.00000000    0.21518851    0.22034442    0.23713734    0.22293632    0.24056515    0.24404006    0.24362572    0.24056515    0.27936892    0.27611911    0.26420234    0.33602978    0.34750146
T21            0.31062939    0.23868753    0.22712958    0.21609479    0.18846036    0.18051206    0.18596456    0.17828044    0.18897513    0.17581820    0.21518851    0.00000000    0.10134647    0.16413613    0.15154371    0.14914763    0.15187693    0.15686292    0.14914763    0.19323728    0.19048858    0.18276385    0.30149698    0.30924858
T23            0.30881173    0.21985735    0.21156998    0.20977570    0.17716462    0.17469527    0.17737033    0.16978257    0.20465861    0.18897513    0.22034442    0.10134647    0.00000000    0.16121175    0.14870485    0.14379181    0.14645273    0.14884412    0.14379181    0.19878051    0.20157539    0.18276385    0.29728268    0.30838662
T4             0.34529768    0.26369036    0.26095149    0.24473440    0.22388330    0.21549354    0.21549354    0.20977570    0.22975240    0.21005516    0.23713734    0.16413613    0.16121175    0.00000000    0.01413384    0.13148414    0.13406589    0.13891232    0.13148414    0.21156998    0.20875150    0.20362363    0.33677474    0.34582959
T13            0.33572393    0.25514377    0.24635153    0.23042024    0.21005516    0.20184004    0.20184004    0.19625022    0.21578946    0.19650831    0.22293632    0.15154371    0.14870485    0.01413384    0.00000000    0.11951665    0.12203660    0.12680035    0.11951665    0.20875150    0.20594885    0.20083660    0.32729976    0.33624314
T14            0.32733738    0.26095149    0.25208336    0.23305094    0.22127765    0.21578946    0.20494042    0.19930321    0.23603818    0.21094936    0.24056515    0.14914763    0.14379181    0.13148414    0.11951665    0.00000000    0.00804336    0.02660412    0.02034054    0.20060882    0.19784496    0.18462546    0.32331688    0.33222375
T9             0.32779529    0.26132146    0.25243513    0.23339858    0.22159041    0.21609479    0.20523140    0.19957820    0.23639480    0.21415806    0.24404006    0.15187693    0.14645273    0.13406589    0.12203660    0.00804336    0.00000000    0.03077567    0.02447256    0.20362363    0.20083660    0.18753770    0.32382387    0.33273062
T7             0.34477849    0.26718703    0.25822305    0.23008148    0.22419504    0.21868151    0.21351743    0.20778308    0.23305094    0.21383310    0.24362572    0.15686292    0.14884412    0.13891232    0.12680035    0.02660412    0.03077567    0.00000000    0.01010154    0.21466249    0.21181992    0.19829435    0.33378127    0.34279880
T5             0.34124117    0.25786269    0.24904161    0.22712958    0.22127765    0.21578946    0.21064202    0.20494042    0.23008148    0.21094936    0.24056515    0.14914763    0.14379181    0.13148414    0.11951665    0.02034054    0.02447256    0.01010154    0.00000000    0.20618289    0.20338807    0.19004818    0.33026871    0.33924883
T16            0.38351061    0.29578029    0.29202608    0.29958977    0.24778554    0.24206682    0.26523007    0.25665023    0.27433138    0.24549291    0.27936892    0.19323728    0.19878051    0.21156998    0.20875150    0.20060882    0.20362363    0.21466249    0.20618289    0.00000000    0.00200402    0.05653998    0.37976055    0.39184216
T10            0.37971800    0.29910574    0.29531861    0.29625318    0.24473440    0.23904340    0.26209268    0.25355176    0.27114391    0.24244174    0.27611911    0.19048858    0.20157539    0.20875150    0.20594885    0.19784496    0.20083660    0.21181992    0.20338807    0.00200402    0.00000000    0.05433211    0.37593874    0.38797607
T6             0.36227944    0.27391108    0.27033427    0.28728881    0.24473440    0.23904340    0.24134671    0.23305094    0.25625821    0.23112675    0.26420234    0.18276385    0.18276385    0.20362363    0.20083660    0.18462546    0.18753770    0.19829435    0.19004818    0.05653998    0.05433211    0.00000000    0.35846380    0.37401759
T1             0.15205598    0.28227684    0.27310257    0.30725911    0.27947746    0.27668890    0.32037202    0.31451781    0.32678069    0.32192867    0.33602978    0.30149698    0.29728268    0.33677474    0.32729976    0.32331688    0.32382387    0.33378127    0.33026871    0.37976055    0.37593874    0.35846380    0.00000000    0.03274737
T11            0.16713585    0.29074083    0.28147200    0.30924858    0.29033482    0.28750177    0.33172921    0.32577889    0.34529768    0.33324980    0.34750146    0.30924858    0.30838662    0.34582959    0.33624314    0.33222375    0.33273062    0.34279880    0.33924883    0.39184216    0.38797607    0.37401759    0.03274737    0.00000000

