24
T15            0.00000000    0.30147452    0.29575826    0.29200518    0.31060576    0.29484705    0.29641921    0.31170099    0.29601500    0.29601500    0.34424450    0.31007608    0.41935839    0.28106824    0.34375131    0.34679487    0.34023972    0.30755122    0.30344027    0.26606621    0.27586375    0.31213686    0.29928521    0.29031562
T2             0.30147452    0.00000000    0.04776595    0.05425773    0.06511623    0.04994484    0.14430300    0.15353271    0.13888454    0.13421923    0.17225924    0.15091392    0.24054950    0.10944332    0.16604712    0.16362714    0.16604712    0.25392793    0.24936327    0.25157846    0.26161269    0.27333289    0.28361758    0.29026747
T20            0.29575826    0.04776595    0.00000000    0.01414108    0.04549404    0.03073353    0.13654803    0.14313896    0.13122869    0.12660225    0.16414743    0.14313896    0.23224377    0.10010304    0.15068468    0.15306862    0.15068468    0.25559801    0.25111561    0.23476303    0.24453972    0.26237440    0.27580287    0.27909496
T1             0.29200518    0.05425773    0.01414108    0.00000000    0.04977276    0.03492666    0.13888454    0.14550146    0.13355338    0.13398958    0.16388316    0.14550146    0.23487113    0.09993724    0.15046351    0.15284875    0.15046351    0.26058447    0.25604076    0.23651136    0.24623991    0.27380592    0.27428945    0.28413340
T13            0.31060576    0.06511623    0.04549404    0.04977276    0.00000000    0.01823229    0.15641645    0.16580055    0.15091392    0.14617254    0.17658710    0.16313993    0.24895002    0.11398064    0.16290880    0.16533249    0.16290880    0.27287036    0.26830605    0.25066265    0.26061636    0.27241836    0.27609850    0.27934765
T6             0.29484705    0.04994484    0.03073353    0.03492666    0.01823229    0.00000000    0.13911966    0.14830879    0.13376762    0.12912835    0.16683675    0.14571719    0.22923895    0.09770433    0.14550146    0.14787193    0.14550146    0.25247091    0.24798845    0.23084377    0.24047747    0.26145900    0.26830605    0.27153425
T3             0.29641921    0.14430300    0.13654803    0.13888454    0.15641645    0.13911966    0.00000000    0.03069802    0.01212496    0.04133753    0.06743674    0.07162070    0.25123232    0.12101751    0.15984596    0.16226552    0.15984596    0.24098790    0.22744692    0.21811005    0.22741444    0.25045690    0.27934765    0.27841238
T11            0.31170099    0.15353271    0.14313896    0.14550146    0.16580055    0.14830879    0.03069802    0.00000000    0.01823229    0.05189811    0.07832832    0.08260185    0.26481232    0.13259871    0.17511169    0.17757791    0.17511169    0.26367438    0.24972189    0.24015474    0.24978646    0.26717015    0.30006135    0.29908302
T7             0.29601500    0.13888454    0.13122869    0.13355338    0.15091392    0.13376762    0.01212496    0.01823229    0.00000000    0.03701190    0.06288877    0.06487288    0.24471957    0.11592707    0.15743473    0.15984596    0.15743473    0.24065303    0.22711724    0.21774904    0.22701758    0.25008433    0.27887468    0.27796078
T4             0.29601500    0.13421923    0.12660225    0.13398958    0.14617254    0.12912835    0.04133753    0.05189811    0.03701190    0.00000000    0.04982347    0.06944562    0.24547735    0.12368846    0.16533249    0.16776456    0.16533249    0.24972189    0.23602446    0.23567205    0.24532405    0.25624202    0.28311247    0.28213441
T18            0.34424450    0.17225924    0.16414743    0.16388316    0.17658710    0.16683675    0.06743674    0.07832832    0.06288877    0.04982347    0.00000000    0.09642978    0.28726741    0.14787193    0.19095683    0.19347032    0.19095683    0.28830641    0.27389266    0.27705510    0.28745832    0.30530490    0.31714184    0.31604726
T0             0.31007608    0.15091392    0.14313896    0.14550146    0.16313993    0.14571719    0.07162070    0.08260185    0.06487288    0.06944562    0.09642978    0.00000000    0.25548949    0.13511202    0.17736364    0.17984007    0.17736364    0.26679157    0.25278182    0.23638075    0.24587114    0.26955051    0.30006135    0.29908302
T16            0.41935839    0.24054950    0.23224377    0.23487113    0.24895002    0.22923895    0.25123232    0.26481232    0.24471957    0.24547735    0.28726741    0.25548949    0.00000000    0.15723409    0.20923539    0.21181038    0.21206954    0.34526906    0.34029559    0.33360823    0.34509212    0.37147067    0.38357209    0.36963547
T10            0.28106824    0.10944332    0.10010304    0.09993724    0.11398064    0.09770433    0.12101751    0.13259871    0.11592707    0.12368846    0.14787193    0.13511202    0.15723409    0.00000000    0.07818803    0.08039135    0.07818803    0.23867367    0.23111297    0.20647527    0.21553744    0.24509348    0.25474276    0.24547735
T22            0.34375131    0.16604712    0.15068468    0.15046351    0.16290880    0.14550146    0.15984596    0.17511169    0.15743473    0.16533249    0.19095683    0.17736364    0.20923539    0.07818803    0.00000000    0.00200301    0.00804437    0.29770013    0.28962503    0.25353572    0.26330932    0.28830641    0.30194661    0.29861076
T23            0.34679487    0.16362714    0.15306862    0.15284875    0.16533249    0.14787193    0.16226552    0.17757791    0.15984596    0.16776456    0.19347032    0.17984007    0.21181038    0.08039135    0.00200301    0.00000000    0.01006766    0.30056451    0.29245549    0.25624202    0.26604447    0.29113803    0.30482154    0.30147452
T17            0.34023972    0.16604712    0.15068468    0.15046351    0.16290880    0.14550146    0.15984596    0.17511169    0.15743473    0.16533249    0.19095683    0.17736364    0.21206954    0.07818803    0.00804437    0.01006766    0.00000000    0.29770013    0.28962503    0.25353572    0.26330932    0.28506794    0.30194661    0.29861076
T8             0.30755122    0.25392793    0.25559801    0.26058447    0.27287036    0.25247091    0.24098790    0.26367438    0.24065303    0.24972189    0.28830641    0.26679157    0.34526906    0.23867367    0.29770013    0.30056451    0.29770013    0.00000000    0.03488860    0.20267875    0.20583003    0.24015474    0.24739694    0.24739694
T14            0.30344027    0.24936327    0.25111561    0.25604076    0.26830605    0.24798845    0.22744692    0.24972189    0.22711724    0.23602446    0.27389266    0.25278182    0.34029559    0.23111297    0.28962503    0.29245549    0.28962503    0.03488860    0.00000000    0.19540917    0.19855603    0.23185726    0.24587114    0.24281113
T19            0.26606621    0.25157846    0.23476303    0.23651136    0.25066265    0.23084377    0.21811005    0.24015474    0.21774904    0.23567205    0.27705510    0.23638075    0.33360823    0.20647527    0.25353572    0.25624202    0.25353572    0.20267875    0.19540917    0.00000000    0.01008409    0.16693536    0.19985253    0.20267875
T9             0.27586375    0.26161269    0.24453972    0.24623991    0.26061636    0.24047747    0.22741444    0.24978646    0.22701758    0.24532405    0.28745832    0.24587114    0.34509212    0.21553744    0.26330932    0.26604447    0.26330932    0.20583003    0.19855603    0.01008409    0.00000000    0.17511169    0.20583003    0.20869682
T21            0.31213686    0.27333289    0.26237440    0.27380592    0.27241836    0.26145900    0.25045690    0.26717015    0.25008433    0.25624202    0.30530490    0.26955051    0.37147067    0.24509348    0.28830641    0.29113803    0.28506794    0.24015474    0.23185726    0.16693536    0.17511169    0.00000000    0.21751107    0.21465259
T5             0.29928521    0.28361758    0.27580287    0.27428945    0.27609850    0.26830605    0.27934765    0.30006135    0.27887468    0.28311247    0.31714184    0.30006135    0.38357209    0.25474276    0.30194661    0.30482154    0.30194661    0.24739694    0.24587114    0.19985253    0.20583003    0.21751107    0.00000000    0.04541801
T12            0.29031562    0.29026747    0.27909496    0.28413340    0.27934765    0.27153425    0.27841238    0.29908302    0.27796078    0.28213441    0.31604726    0.29908302    0.36963547    0.24547735    0.29861076    0.30147452    0.29861076    0.24739694    0.24281113    0.20267875    0.20869682    0.21465259    0.04541801    0.00000000

