24
T20            0.00000000    0.26647942    0.26612046    0.26027979    0.24514794    0.23907986    0.22818296    0.21754629    0.21066940    0.20810121    0.20255653    0.18426508    0.16432857    0.17413937    0.23477434    0.22091784    0.16904029    0.15850315    0.16904029    0.19218291    0.14344441    0.11271247    0.11053905    0.11053905
T21            0.26647942    0.00000000    0.04124169    0.03914540    0.20332812    0.19484488    0.19176966    0.18029925    0.16340403    0.33683906    0.32651343    0.29817331    0.27515914    0.28715154    0.35073921    0.33508263    0.30553767    0.29855551    0.30223260    0.31679779    0.26787216    0.23413352    0.22593342    0.22593342
T5             0.26612046    0.04124169    0.00000000    0.01212512    0.20525756    0.19960229    0.19375026    0.18505334    0.17338345    0.33985868    0.32949739    0.30432623    0.28112948    0.28998558    0.33655721    0.33207287    0.30843815    0.30143506    0.30843815    0.31053404    0.27375664    0.23678916    0.22856078    0.22856078
T13            0.26027979    0.03914540    0.01212512    0.00000000    0.19988724    0.19427963    0.18848064    0.17986312    0.16825501    0.33683906    0.32651343    0.29817331    0.27515914    0.28394212    0.34378414    0.32826984    0.30223260    0.29530436    0.30223260    0.31014380    0.26787216    0.23413352    0.22593342    0.22593342
T23            0.24514794    0.20332812    0.20525756    0.19988724    0.00000000    0.02450799    0.08551202    0.07162400    0.09044179    0.32844630    0.32146549    0.29299468    0.26698744    0.28127306    0.34894625    0.32288454    0.29395506    0.28037721    0.25629957    0.25994010    0.24942010    0.22297056    0.22074034    0.22074034
T16            0.23907986    0.19484488    0.19960229    0.19427963    0.02450799    0.00000000    0.08089131    0.06714853    0.09044179    0.32146549    0.31458109    0.28642742    0.26064935    0.28127306    0.34894625    0.32288454    0.29395506    0.27395787    0.25629957    0.26612046    0.24942010    0.21709876    0.20906488    0.20906488
T4             0.22818296    0.19176966    0.19375026    0.18848064    0.08551202    0.08089131    0.00000000    0.06487509    0.08563040    0.31853199    0.31167120    0.28598557    0.26022566    0.27119045    0.33430319    0.31558641    0.30014658    0.28642742    0.27395787    0.28880615    0.25826211    0.21097772    0.20873722    0.20873722
T11            0.21754629    0.18029925    0.18505334    0.17986312    0.07162400    0.06714853    0.06487509    0.00000000    0.06944888    0.28998558    0.28356674    0.25754936    0.23209710    0.24942010    0.31639733    0.29817331    0.27952476    0.26027979    0.24541364    0.25655869    0.23356633    0.19627162    0.19401045    0.19401045
T12            0.21066940    0.16340403    0.17338345    0.16825501    0.09044179    0.09044179    0.08563040    0.06944888    0.00000000    0.28274470    0.27632549    0.25283577    0.22522098    0.23872283    0.30553767    0.28754844    0.26698744    0.24782500    0.23907986    0.26174366    0.21840501    0.18127671    0.17907545    0.17907545
T7             0.20810121    0.33683906    0.33985868    0.33683906    0.32844630    0.32146549    0.31853199    0.28998558    0.28274470    0.00000000    0.00806488    0.11260823    0.09910214    0.12240251    0.27282017    0.27282017    0.25081090    0.24105348    0.23545364    0.26143422    0.21869856    0.18714606    0.18484278    0.18484278
T14            0.20255653    0.32651343    0.32949739    0.32651343    0.32146549    0.31458109    0.31167120    0.28356674    0.27632549    0.00806488    0.00000000    0.10784437    0.09439428    0.11753394    0.26973980    0.27591969    0.24481633    0.23521698    0.23545364    0.25538538    0.21307585    0.18176571    0.17946235    0.17946235
T6             0.18426508    0.29817331    0.30432623    0.29817331    0.29299468    0.28642742    0.28598557    0.25754936    0.25283577    0.11260823    0.10784437    0.00000000    0.05403183    0.09402165    0.25760519    0.25213049    0.20789649    0.19673382    0.21914246    0.22416199    0.18643740    0.15879285    0.15653108    0.15653108
T0             0.16432857    0.27515914    0.28112948    0.27515914    0.26698744    0.26064935    0.26022566    0.23209710    0.22522098    0.09910214    0.09439428    0.05403183    0.00000000    0.08099892    0.24510986    0.23975089    0.19554946    0.18444862    0.20389020    0.20596904    0.17432103    0.13697831    0.13478607    0.13478607
T18            0.17413937    0.28715154    0.28998558    0.28394212    0.28127306    0.28127306    0.27119045    0.24942010    0.23872283    0.12240251    0.11753394    0.09402165    0.08099892    0.00000000    0.23812668    0.23279074    0.21468641    0.19765170    0.21988151    0.22199404    0.19511381    0.15669901    0.15446768    0.15446768
T15            0.23477434    0.35073921    0.33655721    0.34378414    0.34894625    0.34894625    0.33430319    0.31639733    0.30553767    0.27282017    0.26973980    0.25760519    0.24510986    0.23812668    0.00000000    0.08273827    0.28284951    0.26696042    0.29422419    0.31197517    0.26011689    0.22725335    0.22486203    0.22486203
T2             0.22091784    0.33508263    0.33207287    0.32826984    0.32288454    0.32288454    0.31558641    0.29817331    0.28754844    0.27282017    0.27591969    0.25213049    0.23975089    0.23279074    0.08273827    0.00000000    0.26419192    0.25486251    0.27591969    0.29069865    0.24869421    0.21630709    0.21393839    0.21393839
T3             0.16904029    0.30553767    0.30843815    0.30223260    0.29395506    0.29395506    0.30014658    0.27952476    0.26698744    0.25081090    0.24481633    0.20789649    0.19554946    0.21468641    0.28284951    0.26419192    0.00000000    0.02447294    0.17491864    0.18965994    0.15395878    0.15171735    0.14949592    0.14949592
T1             0.15850315    0.29855551    0.30143506    0.29530436    0.28037721    0.27395787    0.28642742    0.26027979    0.24782500    0.24105348    0.23521698    0.19673382    0.18444862    0.19765170    0.26696042    0.25486251    0.02447294    0.00000000    0.16414875    0.17876778    0.14117206    0.14393554    0.14170402    0.14170402
T19            0.16904029    0.30223260    0.30843815    0.30223260    0.25629957    0.25629957    0.27395787    0.24541364    0.23907986    0.23545364    0.23545364    0.21914246    0.20389020    0.21988151    0.29422419    0.27591969    0.17491864    0.16414875    0.00000000    0.11349847    0.07186308    0.15171735    0.14949592    0.14949592
T22            0.19218291    0.31679779    0.31053404    0.31014380    0.25994010    0.26612046    0.28880615    0.25655869    0.26174366    0.26143422    0.25538538    0.22416199    0.20596904    0.22199404    0.31197517    0.29069865    0.18965994    0.17876778    0.11349847    0.00000000    0.08510989    0.17167367    0.16940176    0.16940176
T10            0.14344441    0.26787216    0.27375664    0.26787216    0.24942010    0.24942010    0.25826211    0.23356633    0.21840501    0.21869856    0.21307585    0.18643740    0.17432103    0.19511381    0.26011689    0.24869421    0.15395878    0.14117206    0.07186308    0.08510989    0.00000000    0.13160295    0.12938122    0.12938122
T17            0.11271247    0.23413352    0.23678916    0.23413352    0.22297056    0.21709876    0.21097772    0.19627162    0.18127671    0.18714606    0.18176571    0.15879285    0.13697831    0.15669901    0.22725335    0.21630709    0.15171735    0.14393554    0.15171735    0.17167367    0.13160295    0.00000000    0.01007286    0.01007286
T9             0.11053905    0.22593342    0.22856078    0.22593342    0.22074034    0.20906488    0.20873722    0.19401045    0.17907545    0.18484278    0.17946235    0.15653108    0.13478607    0.15446768    0.22486203    0.21393839    0.14949592    0.14170402    0.14949592    0.16940176    0.12938122    0.01007286    0.00000000    0.00000000
T8             0.11053905    0.22593342    0.22856078    0.22593342    0.22074034    0.20906488    0.20873722    0.19401045    0.17907545    0.18484278    0.17946235    0.15653108    0.13478607    0.15446768    0.22486203    0.21393839    0.14949592    0.14170402    0.14949592    0.16940176    0.12938122    0.01007286    0.00000000    0.00000000

