24
T18            0.00000000    0.36836829    0.35485182    0.35651382    0.31744260    0.31744260    0.35177949    0.39750297    0.32266209    0.32908430    0.32218372    0.25880516    0.26587969    0.23431426    0.25770792    0.28413270    0.23958276    0.20507212    0.21398545    0.21883191    0.17007712    0.17007712    0.17274892    0.17252848
T3             0.36836829    0.00000000    0.02444549    0.10816995    0.09179857    0.09179857    0.12026207    0.15692966    0.11552431    0.12026207    0.11781997    0.40481808    0.39443599    0.38275510    0.43346429    0.39876460    0.35367289    0.37782566    0.39750297    0.38535217    0.35740970    0.35740970    0.36103575    0.36050833
T10            0.35485182    0.02444549    0.00000000    0.08512483    0.08047166    0.08047166    0.10841121    0.15212135    0.10137512    0.10601615    0.10363260    0.38685278    0.37673009    0.36524295    0.41858408    0.38477804    0.33715798    0.36414758    0.37957425    0.37150710    0.34060611    0.34060611    0.34412939    0.34364056
T1             0.35651382    0.10816995    0.08512483    0.00000000    0.08743095    0.08743095    0.11826460    0.16013765    0.10388093    0.10854323    0.10614234    0.34486493    0.34927304    0.34159725    0.37782566    0.39277170    0.34098084    0.34412939    0.36269873    0.35485182    0.34926072    0.34926072    0.34567352    0.35232020
T16            0.31744260    0.09179857    0.08047166    0.08743095    0.00000000    0.00000000    0.05886137    0.13032384    0.06736781    0.07178823    0.06953431    0.34792770    0.33491626    0.32039286    0.36988451    0.35597997    0.31382019    0.30960276    0.33710765    0.32632999    0.30668385    0.30668385    0.30997365    0.30960276
T13            0.31744260    0.09179857    0.08047166    0.08743095    0.00000000    0.00000000    0.05886137    0.13032384    0.06736781    0.07178823    0.06953431    0.34792770    0.33491626    0.32039286    0.36988451    0.35597997    0.31382019    0.30960276    0.33710765    0.32632999    0.30668385    0.30668385    0.30997365    0.30960276
T12            0.35177949    0.12026207    0.10841121    0.11826460    0.05886137    0.05886137    0.00000000    0.15841299    0.09490877    0.09951893    0.09714089    0.38364473    0.37727085    0.35485182    0.41525494    0.39173582    0.35058272    0.33274294    0.35793720    0.34668781    0.33664373    0.33664373    0.34012982    0.33966641
T23            0.39750297    0.15692966    0.15212135    0.16013765    0.13032384    0.13032384    0.15841299    0.00000000    0.10430947    0.10898456    0.10656601    0.42329670    0.41263985    0.39686033    0.44447124    0.41809061    0.39007508    0.37150710    0.39103903    0.37897738    0.36727281    0.36727281    0.36362026    0.36674562
T2             0.32266209    0.11552431    0.10137512    0.10388093    0.06736781    0.06736781    0.09490877    0.10430947    0.00000000    0.00401108    0.00200302    0.36050833    0.35073742    0.33608215    0.38336650    0.36937132    0.32591470    0.33157845    0.35344093    0.34211206    0.30824390    0.30824390    0.30493185    0.31115896
T19            0.32908430    0.12026207    0.10601615    0.10854323    0.07178823    0.07178823    0.09951893    0.10898456    0.00401108    0.00000000    0.00602420    0.35999440    0.35023610    0.34263966    0.39039789    0.37620341    0.33231666    0.33457516    0.35651382    0.34514589    0.31115896    0.31115896    0.30783590    0.31408592
T22            0.32218372    0.11781997    0.10363260    0.10614234    0.06953431    0.06953431    0.09714089    0.10656601    0.00200302    0.00602420    0.00000000    0.35999440    0.35023610    0.33556721    0.38275510    0.36887200    0.32551198    0.33110102    0.35287402    0.34159725    0.30783590    0.30783590    0.30453494    0.31075178
T21            0.25880516    0.40481808    0.38685278    0.34486493    0.34792770    0.34792770    0.38364473    0.42329670    0.36050833    0.35999440    0.35999440    0.00000000    0.03073670    0.07170774    0.12488846    0.34225198    0.29728310    0.29999097    0.30132637    0.30999509    0.26740953    0.26427447    0.26740953    0.26702486
T7             0.26587969    0.39443599    0.37673009    0.34927304    0.33491626    0.33491626    0.37727085    0.41263985    0.35073742    0.35023610    0.35023610    0.03073670    0.00000000    0.07414514    0.13517249    0.34316470    0.29799815    0.30420441    0.30564344    0.31434524    0.27138628    0.26821098    0.27138628    0.27097001
T20            0.23431426    0.38275510    0.36524295    0.34159725    0.32039286    0.32039286    0.35485182    0.39686033    0.33608215    0.34263966    0.33556721    0.07170774    0.07414514    0.00000000    0.10841121    0.29837332    0.25307036    0.26465985    0.26587969    0.27415542    0.23658233    0.23357950    0.23658233    0.23622058
T15            0.25770792    0.43346429    0.41858408    0.37782566    0.36988451    0.36988451    0.41525494    0.44447124    0.38336650    0.39039789    0.38275510    0.12488846    0.13517249    0.10841121    0.00000000    0.36050833    0.30088164    0.30619369    0.30999509    0.31971421    0.27333474    0.27016978    0.27333474    0.27294069
T9             0.28413270    0.39876460    0.38477804    0.39277170    0.35597997    0.35597997    0.39173582    0.41809061    0.36937132    0.37620341    0.36887200    0.34225198    0.34316470    0.29837332    0.36050833    0.00000000    0.07600599    0.28739015    0.28769902    0.30016894    0.27327759    0.27327759    0.27639230    0.27607767
T17            0.23958276    0.35367289    0.33715798    0.34098084    0.31382019    0.31382019    0.35058272    0.39007508    0.32591470    0.33231666    0.32551198    0.29728310    0.29799815    0.25307036    0.30088164    0.07600599    0.00000000    0.25251643    0.24386313    0.26157692    0.23848707    0.23848707    0.24142686    0.24116995
T6             0.20507212    0.37782566    0.36414758    0.34412939    0.30960276    0.30960276    0.33274294    0.37150710    0.33157845    0.33457516    0.33110102    0.29999097    0.30420441    0.26465985    0.30619369    0.28739015    0.25251643    0.00000000    0.03481555    0.03480326    0.17704866    0.17704866    0.17972742    0.17952928
T5             0.21398545    0.39750297    0.37957425    0.36269873    0.33710765    0.33710765    0.35793720    0.39103903    0.35344093    0.35651382    0.35287402    0.30132637    0.30564344    0.26587969    0.30999509    0.28769902    0.24386313    0.03481555    0.00000000    0.02859928    0.18263517    0.18263517    0.18535061    0.18512869
T4             0.21883191    0.38535217    0.37150710    0.35485182    0.32632999    0.32632999    0.34668781    0.37897738    0.34211206    0.34514589    0.34159725    0.30999509    0.31434524    0.27415542    0.31971421    0.30016894    0.26157692    0.03480326    0.02859928    0.00000000    0.18512869    0.18512869    0.18785153    0.18763114
T8             0.17007712    0.35740970    0.34060611    0.34926072    0.30668385    0.30668385    0.33664373    0.36727281    0.30824390    0.31115896    0.30783590    0.26740953    0.27138628    0.23658233    0.27333474    0.27327759    0.23848707    0.17704866    0.18263517    0.18512869    0.00000000    0.00401620    0.00401620    0.00401108
T0             0.17007712    0.35740970    0.34060611    0.34926072    0.30668385    0.30668385    0.33664373    0.36727281    0.30824390    0.31115896    0.30783590    0.26427447    0.26821098    0.23357950    0.27016978    0.27327759    0.23848707    0.17704866    0.18263517    0.18512869    0.00401620    0.00000000    0.00401620    0.00401108
T11            0.17274892    0.36103575    0.34412939    0.34567352    0.30997365    0.30997365    0.34012982    0.36362026    0.30493185    0.30783590    0.30453494    0.26740953    0.27138628    0.23658233    0.27333474    0.27639230    0.24142686    0.17972742    0.18535061    0.18785153    0.00401620    0.00401620    0.00000000    0.00401108
T14            0.17252848    0.36050833    0.34364056    0.35232020    0.30960276    0.30960276    0.33966641    0.36674562    0.31115896    0.31408592    0.31075178    0.26702486    0.27097001    0.23622058    0.27294069    0.27607767    0.24116995    0.17952928    0.18512869    0.18763114    0.00401108    0.00401108    0.00401108    0.00000000

