24
T21            0.00000000    0.41936557    0.39957880    0.45795668    0.46940961    0.42641929    0.41564974    0.42900869    0.43057381    0.42824924    0.44261332    0.42606333    0.22450602    0.23712467    0.22450602    0.23448715    0.22711916    0.23040911    0.23638282    0.22517671    0.24703603    0.22387356    0.15205183    0.13667742
T16            0.41936557    0.00000000    0.01626199    0.12513437    0.13477302    0.13026762    0.12993738    0.13493889    0.13277466    0.10598321    0.11065206    0.11740999    0.33675085    0.34865188    0.33675085    0.34444374    0.35536365    0.36100187    0.36855719    0.34987903    0.36587756    0.36964084    0.39696179    0.38110530
T1             0.39957880    0.01626199    0.00000000    0.12513437    0.13477302    0.13026762    0.12993738    0.13493889    0.13277466    0.10598321    0.11065206    0.12226553    0.32972715    0.34142475    0.32972715    0.33729427    0.34805724    0.35355918    0.36100187    0.33899860    0.35843504    0.36214243    0.38545539    0.36998346
T10            0.45795668    0.12513437    0.12513437    0.00000000    0.02660394    0.16049435    0.15483053    0.16005439    0.15786176    0.13243187    0.14235124    0.14709583    0.37147611    0.38427421    0.36772702    0.36587756    0.35722923    0.38181251    0.38963401    0.38570794    0.40105017    0.41311304    0.42824924    0.40739966
T14            0.46940961    0.13477302    0.13477302    0.02660394    0.00000000    0.16799411    0.16226649    0.16754553    0.16533348    0.13964173    0.14966077    0.15445112    0.38157130    0.39458183    0.37398768    0.36461661    0.38222645    0.40004152    0.38816960    0.39605276    0.41159636    0.42385657    0.43918863    0.42606333
T23            0.42641929    0.13026762    0.13026762    0.16049435    0.16799411    0.00000000    0.03483197    0.03694626    0.03914431    0.07613625    0.08308519    0.13932457    0.37085068    0.38357791    0.38222645    0.37905982    0.37147611    0.38889489    0.40081412    0.38110394    0.40033293    0.38607671    0.40614999    0.41747318
T3             0.41564974    0.12993738    0.12993738    0.15483053    0.16226649    0.03483197    0.00000000    0.03270484    0.03694626    0.07373952    0.08273443    0.13903975    0.36090926    0.36587756    0.37211494    0.36898964    0.35782566    0.38253466    0.39435993    0.37098301    0.38995689    0.37590676    0.40219304    0.41343627
T6             0.42900869    0.13493889    0.13493889    0.16005439    0.16754553    0.03694626    0.03270484    0.00000000    0.01826996    0.07373952    0.08273443    0.14154671    0.36340832    0.37211494    0.37461387    0.37147611    0.36400588    0.38498422    0.39680935    0.36964084    0.38860086    0.37840565    0.41272815    0.41603939
T9             0.43057381    0.13277466    0.13277466    0.15786176    0.16533348    0.03914431    0.03694626    0.01826996    0.00000000    0.07162089    0.07832854    0.13681760    0.36835170    0.37725359    0.37972760    0.37657343    0.36898964    0.39038697    0.40240196    0.37480394    0.39780892    0.38357791    0.41415924    0.42564627
T2             0.42824924    0.10598321    0.10598321    0.13243187    0.13964173    0.07613625    0.07373952    0.07373952    0.07162089    0.00000000    0.02859709    0.11730234    0.34331837    0.35292576    0.35536365    0.35843504    0.35110183    0.37937492    0.38327040    0.37167396    0.38289532    0.38676051    0.40943174    0.40873964
T15            0.44261332    0.11065206    0.11065206    0.14235124    0.14966077    0.08308519    0.08273443    0.08273443    0.07832854    0.02859709    0.00000000    0.12471112    0.36340832    0.37343271    0.36835170    0.37147611    0.36400588    0.39283644    0.39680935    0.38498422    0.39248100    0.39639153    0.42341879    0.42270683
T20            0.42606333    0.11740999    0.12226553    0.14709583    0.15445112    0.13932457    0.13903975    0.14154671    0.13681760    0.11730234    0.12471112    0.00000000    0.34679977    0.35859977    0.36115012    0.34729266    0.36536125    0.37461387    0.37461387    0.35244876    0.37850177    0.38226484    0.40879188    0.40818801
T17            0.22450602    0.33675085    0.32972715    0.37147611    0.38157130    0.37085068    0.36090926    0.36340832    0.36835170    0.34331837    0.36340832    0.34679977    0.00000000    0.02444381    0.05626550    0.06073943    0.10598321    0.10134465    0.10134465    0.09449913    0.12529101    0.11065206    0.20777434    0.19398095
T8             0.23712467    0.34865188    0.34142475    0.38427421    0.39458183    0.38357791    0.36587756    0.37211494    0.37725359    0.35292576    0.37343271    0.35859977    0.02444381    0.00000000    0.06527928    0.06988641    0.11592755    0.11121105    0.11121105    0.10426943    0.13822666    0.12067551    0.21414803    0.20298111
T22            0.22450602    0.33675085    0.32972715    0.36772702    0.37398768    0.38222645    0.37211494    0.37461387    0.37972760    0.35536365    0.36835170    0.36115012    0.05626550    0.06527928    0.00000000    0.05632385    0.10837611    0.10134465    0.10134465    0.10159300    0.12777312    0.11306227    0.20210579    0.19071570
T0             0.23448715    0.34444374    0.33729427    0.36587756    0.36461661    0.37905982    0.36898964    0.37147611    0.37657343    0.35843504    0.37147611    0.34729266    0.06073943    0.06988641    0.05632385    0.00000000    0.11577218    0.11106004    0.11106004    0.10652559    0.13548388    0.12297943    0.20522274    0.19650087
T19            0.22711916    0.35536365    0.34805724    0.35722923    0.38222645    0.37147611    0.35782566    0.36400588    0.36898964    0.35110183    0.36400588    0.36536125    0.10598321    0.11592755    0.10837611    0.11577218    0.00000000    0.08069282    0.08993264    0.09461748    0.12513437    0.11053115    0.21898538    0.20156783
T12            0.23040911    0.36100187    0.35355918    0.38181251    0.40004152    0.38889489    0.38253466    0.38498422    0.39038697    0.37937492    0.39283644    0.37461387    0.10134465    0.11121105    0.10134465    0.11106004    0.08069282    0.00000000    0.04139585    0.09004720    0.11821783    0.09662666    0.21125630    0.20183224
T7             0.23638282    0.36855719    0.36100187    0.38963401    0.38816960    0.40081412    0.39435993    0.39680935    0.40240196    0.38327040    0.39680935    0.37461387    0.10134465    0.11121105    0.10134465    0.11106004    0.08993264    0.04139585    0.00000000    0.09474307    0.12067551    0.10610765    0.22517671    0.20748472
T11            0.22517671    0.34987903    0.33899860    0.38570794    0.39605276    0.38110394    0.37098301    0.36964084    0.37480394    0.37167396    0.38498422    0.35244876    0.09449913    0.10426943    0.10159300    0.10652559    0.09461748    0.09004720    0.09474307    0.00000000    0.08078592    0.07621892    0.21125630    0.19398095
T18            0.24703603    0.36587756    0.35843504    0.40105017    0.41159636    0.40033293    0.38995689    0.38860086    0.39780892    0.38289532    0.39248100    0.37850177    0.12529101    0.13822666    0.12777312    0.13548388    0.12513437    0.11821783    0.12067551    0.08078592    0.00000000    0.05875687    0.23040911    0.22067167
T5             0.22387356    0.36964084    0.36214243    0.41311304    0.42385657    0.38607671    0.37590676    0.37840565    0.38357791    0.38676051    0.39639153    0.38226484    0.11065206    0.12067551    0.11306227    0.12297943    0.11053115    0.09662666    0.10610765    0.07621892    0.05875687    0.00000000    0.20720434    0.20411500
T4             0.15205183    0.39696179    0.38545539    0.42824924    0.43918863    0.40614999    0.40219304    0.41272815    0.41415924    0.40943174    0.42341879    0.40879188    0.20777434    0.21414803    0.20210579    0.20522274    0.21898538    0.21125630    0.22517671    0.21125630    0.23040911    0.20720434    0.00000000    0.08954660
T13            0.13667742    0.38110530    0.36998346    0.40739966    0.42606333    0.41747318    0.41343627    0.41603939    0.42564627    0.40873964    0.42270683    0.40818801    0.19398095    0.20298111    0.19071570    0.19650087    0.20156783    0.20183224    0.20748472    0.19398095    0.22067167    0.20411500    0.08954660    0.00000000

