24
T10            0.00000000    0.30152164    0.30487027    0.32305831    0.32840581    0.33847779    0.30199507    0.29865761    0.26921645    0.28149091    0.31855611    0.31893047    0.34895677    0.35655196    0.24302673    0.25413635    0.23769280    0.20951553    0.19049641    0.18213594    0.18798900    0.18504325    0.15570078    0.12731430
T20            0.30152164    0.00000000    0.01420021    0.11365132    0.13589662    0.14855245    0.10894780    0.10653135    0.19807280    0.21182937    0.25186700    0.25460059    0.27589856    0.28248455    0.22247904    0.22510055    0.38174203    0.34430011    0.32098580    0.31717936    0.31466834    0.31090649    0.31214356    0.26885898
T8             0.30487027    0.01420021    0.00000000    0.11609738    0.13844906    0.15116503    0.11137602    0.10894780    0.20084476    0.21467241    0.25186700    0.25460059    0.27589856    0.28248455    0.22247904    0.23090225    0.37799098    0.34077427    0.31760335    0.31717936    0.31131992    0.30759147    0.30199507    0.26575035
T13            0.32305831    0.11365132    0.11609738    0.00000000    0.09043851    0.10459446    0.10202632    0.10202632    0.20643533    0.21467241    0.27933683    0.28215453    0.29814658    0.30509292    0.24003902    0.23973331    0.38674151    0.35979010    0.33127298    0.33426686    0.33175612    0.32782029    0.34266244    0.31454534
T1             0.32840581    0.13589662    0.13844906    0.09043851    0.00000000    0.11416814    0.13145539    0.12892235    0.21753174    0.22591757    0.27279975    0.27559941    0.30102681    0.30799383    0.23973331    0.24240756    0.40159527    0.37030493    0.34126920    0.34077427    0.34177678    0.33775574    0.35668953    0.31404921
T5             0.33847779    0.14855245    0.15116503    0.10459446    0.11416814    0.00000000    0.13633137    0.13123942    0.23177044    0.24035478    0.28815111    0.29100140    0.31050496    0.32439134    0.25209877    0.25175664    0.40623219    0.35979010    0.34177678    0.34126920    0.34229701    0.33825088    0.36726608    0.32385253
T9             0.30199507    0.10894780    0.11137602    0.10202632    0.13145539    0.13633137    0.00000000    0.01415464    0.20668856    0.21494045    0.25263903    0.25536759    0.27373470    0.27720625    0.23207955    0.23769280    0.39255932    0.35058017    0.32927047    0.32189307    0.32284870    0.31894755    0.31610408    0.28921794
T17            0.29865761    0.10653135    0.10894780    0.10202632    0.12892235    0.13123942    0.01415464    0.00000000    0.20108225    0.20925429    0.25211374    0.25484556    0.27310037    0.27966809    0.22913585    0.23177044    0.38482410    0.34337531    0.32236485    0.31510496    0.31601398    0.31218241    0.31266299    0.28595681
T12            0.26921645    0.19807280    0.20084476    0.20643533    0.21753174    0.23177044    0.20668856    0.20108225    0.00000000    0.02650515    0.14870827    0.14884783    0.16734554    0.17289436    0.19257466    0.19785228    0.34380541    0.30179974    0.28957475    0.28920181    0.28354187    0.28001049    0.30439702    0.26575035
T2             0.28149091    0.21182937    0.21467241    0.21467241    0.22591757    0.24035478    0.21494045    0.20925429    0.02650515    0.00000000    0.15365553    0.15379971    0.16714194    0.17266796    0.20619145    0.20316955    0.35865810    0.30883394    0.29319878    0.29605435    0.29035452    0.28036400    0.31065506    0.27163058
T19            0.31855611    0.25186700    0.25186700    0.27933683    0.27279975    0.28815111    0.25263903    0.25211374    0.14870827    0.15365553    0.00000000    0.00401105    0.08266655    0.09195584    0.25784202    0.26665929    0.41762946    0.37028097    0.33280204    0.33921384    0.33314454    0.32945400    0.35346955    0.29929958
T22            0.31893047    0.25460059    0.25460059    0.28215453    0.27559941    0.29100140    0.25536759    0.25484556    0.14884783    0.15379971    0.00401105    0.00000000    0.07818998    0.08741266    0.25510124    0.26085658    0.41822089    0.37073085    0.33314454    0.33956630    0.33349993    0.32978519    0.36015406    0.30542683
T11            0.34895677    0.27589856    0.27589856    0.29814658    0.30102681    0.31050496    0.27373470    0.27310037    0.16734554    0.16714194    0.08266655    0.07818998    0.00000000    0.02866604    0.27589856    0.28183578    0.42344080    0.38271770    0.34763097    0.34721530    0.34110673    0.33727344    0.38493255    0.31524125
T16            0.35655196    0.28248455    0.28248455    0.30509292    0.30799383    0.32439134    0.27720625    0.27966809    0.17289436    0.17266796    0.09195584    0.08741266    0.02866604    0.00000000    0.28248455    0.28848996    0.42813381    0.38700115    0.35157301    0.35113183    0.34500082    0.34110673    0.39703479    0.33246049
T18            0.24302673    0.22247904    0.22247904    0.24003902    0.23973331    0.25209877    0.23207955    0.22913585    0.19257466    0.20619145    0.25784202    0.25510124    0.27589856    0.28248455    0.00000000    0.08053002    0.30550779    0.25959062    0.25653904    0.25320652    0.25079212    0.24749474    0.27201777    0.23870290
T0             0.25413635    0.22510055    0.23090225    0.23973331    0.24240756    0.25175664    0.23769280    0.23177044    0.19785228    0.20316955    0.26665929    0.26085658    0.28183578    0.28848996    0.08053002    0.00000000    0.31343032    0.26113046    0.24965149    0.24643157    0.24398137    0.24079474    0.28595681    0.24671030
T4             0.23769280    0.38174203    0.37799098    0.38674151    0.40159527    0.40623219    0.39255932    0.38482410    0.34380541    0.35865810    0.41762946    0.41822089    0.42344080    0.42813381    0.30550779    0.31343032    0.00000000    0.06282408    0.14201303    0.13933160    0.13712952    0.13447172    0.28927504    0.25318670
T6             0.20951553    0.34430011    0.34077427    0.35979010    0.37030493    0.35979010    0.35058017    0.34337531    0.30179974    0.30883394    0.37028097    0.37073085    0.38271770    0.38700115    0.25959062    0.26113046    0.06282408    0.00000000    0.10349428    0.10103096    0.09887613    0.09643313    0.25436648    0.21550497
T14            0.19049641    0.32098580    0.31760335    0.33127298    0.34126920    0.34177678    0.32927047    0.32236485    0.28957475    0.29319878    0.33280204    0.33314454    0.34763097    0.35157301    0.25653904    0.24965149    0.14201303    0.10349428    0.00000000    0.02656498    0.02454902    0.02450773    0.22781391    0.19073057
T7             0.18213594    0.31717936    0.31717936    0.33426686    0.34077427    0.34126920    0.32189307    0.31510496    0.28920181    0.29605435    0.33921384    0.33956630    0.34721530    0.35113183    0.25320652    0.24643157    0.13933160    0.10103096    0.02656498    0.00000000    0.02241985    0.02238922    0.22160343    0.18504325
T21            0.18798900    0.31466834    0.31131992    0.33175612    0.34177678    0.34229701    0.32284870    0.31601398    0.28354187    0.29035452    0.33314454    0.33349993    0.34110673    0.34500082    0.25079212    0.24398137    0.13712952    0.09887613    0.02454902    0.02241985    0.00000000    0.01623209    0.22520239    0.18822457
T23            0.18504325    0.31090649    0.30759147    0.32782029    0.33775574    0.33825088    0.31894755    0.31218241    0.28001049    0.28036400    0.32945400    0.32978519    0.33727344    0.34110673    0.24749474    0.24079474    0.13447172    0.09643313    0.02450773    0.02238922    0.01623209    0.00000000    0.22192625    0.18526242
T3             0.15570078    0.31214356    0.30199507    0.34266244    0.35668953    0.36726608    0.31610408    0.31266299    0.30439702    0.31065506    0.35346955    0.36015406    0.38493255    0.39703479    0.27201777    0.28595681    0.28927504    0.25436648    0.22781391    0.22160343    0.22520239    0.22192625    0.00000000    0.09005102
T15            0.12731430    0.26885898    0.26575035    0.31454534    0.31404921    0.32385253    0.28921794    0.28595681    0.26575035    0.27163058    0.29929958    0.30542683    0.31524125    0.33246049    0.23870290    0.24671030    0.25318670    0.21550497    0.19073057    0.18504325    0.18822457    0.18526242    0.09005102    0.00000000

