24
T22            0.00000000    0.17069005    0.27591891    0.15411851    0.16903869    0.15547951    0.16535273    0.15155293    0.14915676    0.14676885    0.20255466    0.18214320    0.20085377    0.16137704    0.15879157    0.22537456    0.21967753    0.13949088    0.18899342    0.19652701    0.20723313    0.20723313    0.20496155    0.12227380
T0             0.17069005    0.00000000    0.21036609    0.11122024    0.12037302    0.11208934    0.12683607    0.14038681    0.13803731    0.14038681    0.18755253    0.15705813    0.17245698    0.15526027    0.15265435    0.21066489    0.19544122    0.19013155    0.22446502    0.24366109    0.25522134    0.25522134    0.24285994    0.17444028
T18            0.27591891    0.21036609    0.00000000    0.18755253    0.20364154    0.18873098    0.19905615    0.21727573    0.21417513    0.21781905    0.26786745    0.24212646    0.26267691    0.22275424    0.21987811    0.28471907    0.30442028    0.28190787    0.34511878    0.36534534    0.37917288    0.37917288    0.37158252    0.28081107
T23            0.15411851    0.11122024    0.18755253    0.00000000    0.04982507    0.09488290    0.10879777    0.11983964    0.12215395    0.11523426    0.15594329    0.14142060    0.15380472    0.12951038    0.12704616    0.18777030    0.18873098    0.16471164    0.21066489    0.23307918    0.24137643    0.24137643    0.23241149    0.17069005
T7             0.16903869    0.12037302    0.20364154    0.04982507    0.00000000    0.10385387    0.11792684    0.13655504    0.13891937    0.13185061    0.15802696    0.15098534    0.16610675    0.14142060    0.13891937    0.19279742    0.20159437    0.18527019    0.22161547    0.25900967    0.26761310    0.26761310    0.24907111    0.18598150
T14            0.15547951    0.11208934    0.18873098    0.09488290    0.10385387    0.00000000    0.07674224    0.11106878    0.11334725    0.10895080    0.15928961    0.14000442    0.15766198    0.12813436    0.12563919    0.17583407    0.17416254    0.17717486    0.21890431    0.25117540    0.26291213    0.26291213    0.23491888    0.16714248
T11            0.16535273    0.12683607    0.19905615    0.10879777    0.11792684    0.07674224    0.00000000    0.13278719    0.13512531    0.12315644    0.17986078    0.15484649    0.17290145    0.13261132    0.13010994    0.20555409    0.20111240    0.18181380    0.22148543    0.23755619    0.24900233    0.24900233    0.23679228    0.16632539
T3             0.15155293    0.14038681    0.21727573    0.11983964    0.13655504    0.11106878    0.13278719    0.00000000    0.00602722    0.03277492    0.16080611    0.14393445    0.15894908    0.11490448    0.11251122    0.18505089    0.17245698    0.17000633    0.22227109    0.23606748    0.24440092    0.24440092    0.23837017    0.16535273
T21            0.14915676    0.13803731    0.21417513    0.12215395    0.13891937    0.11334725    0.13512531    0.00602722    0.00000000    0.03485766    0.16325048    0.14631953    0.16137704    0.11720906    0.11481006    0.18755253    0.17267490    0.16228350    0.21967753    0.23944041    0.24781842    0.24781842    0.23571978    0.16292886
T2             0.14676885    0.14038681    0.21781905    0.11523426    0.13185061    0.10895080    0.12315644    0.03277492    0.03485766    0.00000000    0.15339745    0.13918886    0.15411851    0.11511660    0.11271177    0.17738414    0.17022569    0.16778499    0.21418339    0.23981688    0.24820302    0.24820302    0.23606748    0.16582230
T10            0.20255466    0.18755253    0.26786745    0.15594329    0.15802696    0.15928961    0.17986078    0.16080611    0.16325048    0.15339745    0.00000000    0.08240108    0.09838799    0.16325048    0.16068505    0.23569745    0.21089449    0.23064454    0.26267691    0.29976380    0.31220594    0.31220594    0.29894235    0.22331165
T13            0.18214320    0.15705813    0.24212646    0.14142060    0.15098534    0.14000442    0.15484649    0.14393445    0.14631953    0.13918886    0.08240108    0.00000000    0.02857279    0.14129185    0.13879689    0.21158897    0.19855046    0.20669836    0.24672505    0.26722257    0.27910761    0.27910761    0.26027428    0.19679478
T15            0.20085377    0.17245698    0.26267691    0.15380472    0.16610675    0.15766198    0.17290145    0.15894908    0.16137704    0.15411851    0.09838799    0.02857279    0.00000000    0.15879157    0.15621942    0.22537456    0.21551601    0.22331165    0.25517549    0.28641881    0.30108222    0.30108222    0.27515288    0.21902014
T16            0.16137704    0.15526027    0.22275424    0.12951038    0.14142060    0.12813436    0.13261132    0.11490448    0.11720906    0.11511660    0.16325048    0.14129185    0.15879157    0.00000000    0.00602416    0.14185607    0.14949417    0.18549841    0.23606748    0.24173241    0.25320268    0.25320268    0.25013165    0.16735195
T20            0.15879157    0.15265435    0.21987811    0.12704616    0.13891937    0.12563919    0.13010994    0.11251122    0.11481006    0.11271177    0.16068505    0.13879689    0.15621942    0.00602416    0.00000000    0.13933582    0.14949417    0.18277895    0.23307918    0.24404574    0.25553759    0.25553759    0.25246661    0.16471164
T9             0.22537456    0.21066489    0.28471907    0.18777030    0.19279742    0.17583407    0.20555409    0.18505089    0.18755253    0.17738414    0.23569745    0.21158897    0.22537456    0.14185607    0.13933582    0.00000000    0.19626830    0.24336554    0.28273678    0.32493202    0.33551323    0.33551323    0.32387926    0.23907379
T1             0.21967753    0.19544122    0.30442028    0.18873098    0.20159437    0.17416254    0.20111240    0.17245698    0.17267490    0.17022569    0.21089449    0.19855046    0.21551601    0.14949417    0.14949417    0.19626830    0.00000000    0.24552652    0.30335216    0.31779618    0.33073371    0.33073371    0.31667419    0.24674180
T19            0.13949088    0.19013155    0.28190787    0.16471164    0.18527019    0.17717486    0.18181380    0.17000633    0.16228350    0.16778499    0.23064454    0.20669836    0.22331165    0.18549841    0.18277895    0.24336554    0.24552652    0.00000000    0.10865219    0.13278719    0.14768193    0.14768193    0.13244332    0.09419269
T6             0.18899342    0.22446502    0.34511878    0.21066489    0.22161547    0.21890431    0.22148543    0.22227109    0.21967753    0.21418339    0.26267691    0.24672505    0.25517549    0.23606748    0.23307918    0.28273678    0.30335216    0.10865219    0.00000000    0.14058994    0.15570696    0.15570696    0.14530995    0.13747129
T4             0.19652701    0.24366109    0.36534534    0.23307918    0.25900967    0.25117540    0.23755619    0.23606748    0.23944041    0.23981688    0.29976380    0.26722257    0.28641881    0.24173241    0.24404574    0.32493202    0.31779618    0.13278719    0.14058994    0.00000000    0.01823245    0.01823245    0.06289134    0.14967524
T12            0.20723313    0.25522134    0.37917288    0.24137643    0.26761310    0.26291213    0.24900233    0.24440092    0.24781842    0.24820302    0.31220594    0.27910761    0.30108222    0.25320268    0.25553759    0.33551323    0.33073371    0.14768193    0.15570696    0.01823245    0.00000000    0.00000000    0.07622253    0.15966397
T8             0.20723313    0.25522134    0.37917288    0.24137643    0.26761310    0.26291213    0.24900233    0.24440092    0.24781842    0.24820302    0.31220594    0.27910761    0.30108222    0.25320268    0.25553759    0.33551323    0.33073371    0.14768193    0.15570696    0.01823245    0.00000000    0.00000000    0.07622253    0.15966397
T5             0.20496155    0.24285994    0.37158252    0.23241149    0.24907111    0.23491888    0.23679228    0.23837017    0.23571978    0.23606748    0.29894235    0.26027428    0.27515288    0.25013165    0.25246661    0.32387926    0.31667419    0.13244332    0.14530995    0.06289134    0.07622253    0.07622253    0.00000000    0.14676885
T17            0.12227380    0.17444028    0.28081107    0.17069005    0.18598150    0.16714248    0.16632539    0.16535273    0.16292886    0.16582230    0.22331165    0.19679478    0.21902014    0.16735195    0.16471164    0.23907379    0.24674180    0.09419269    0.13747129    0.14967524    0.15966397    0.15966397    0.14676885    0.00000000

