24
T5             0.00000000    0.32719982    0.43495789    0.41320985    0.39054900    0.37085727    0.37085727    0.35330503    0.22275868    0.22856180    0.25352589    0.27758603    0.24723109    0.23064862    0.17549628    0.19643198    0.17204964    0.16959602    0.15864373    0.15864373    0.12903847    0.16921700    0.17225055    0.17225055
T11            0.32719982    0.00000000    0.13433453    0.12499674    0.10349744    0.10653593    0.10653593    0.08281563    0.35330503    0.34221096    0.37952651    0.37181659    0.35000045    0.33313025    0.34816954    0.36164041    0.35705860    0.35026433    0.36230854    0.36230854    0.34332193    0.38124918    0.37637927    0.37637927
T16            0.43495789    0.13433453    0.00000000    0.11984059    0.09859973    0.16535635    0.16535635    0.14932333    0.44638826    0.43336307    0.46278575    0.48102586    0.45928247    0.41817563    0.45033436    0.46166707    0.47136436    0.45426854    0.47598760    0.47598760    0.44344506    0.49662099    0.47538321    0.47538321
T7             0.41320985    0.12499674    0.11984059    0.00000000    0.02450802    0.16099213    0.16099213    0.14491991    0.43711771    0.41336726    0.44449071    0.46025331    0.45676283    0.41735296    0.44265664    0.45832814    0.46399358    0.45593004    0.45941244    0.46399358    0.41650923    0.47743978    0.46326502    0.46326502
T18            0.39054900    0.10349744    0.09859973    0.02450802    0.00000000    0.13804025    0.13804025    0.12268186    0.40920660    0.39454150    0.42909589    0.44014932    0.42821407    0.39054900    0.41486621    0.42985515    0.43470798    0.42701307    0.43036612    0.43470798    0.38979221    0.44792607    0.43427855    0.43427855
T20            0.37085727    0.10653593    0.16535635    0.16099213    0.13804025    0.00000000    0.00200402    0.05639147    0.36774796    0.37160309    0.41076374    0.41320985    0.38979221    0.35433380    0.39299561    0.40749621    0.39945754    0.38815031    0.39538176    0.39538176    0.37494743    0.40829129    0.43277597    0.43277597
T13            0.37085727    0.10653593    0.16535635    0.16099213    0.13804025    0.00200402    0.00000000    0.05859955    0.36774796    0.37160309    0.41076374    0.41320985    0.38979221    0.35433380    0.39299561    0.40749621    0.39945754    0.38815031    0.39538176    0.39538176    0.37494743    0.40829129    0.43277597    0.43277597
T4             0.35330503    0.08281563    0.14932333    0.14491991    0.12268186    0.05639147    0.05859955    0.00000000    0.36392241    0.36774796    0.40257922    0.41320985    0.38586141    0.35063608    0.38124918    0.39546659    0.39302829    0.38019370    0.38335066    0.38335066    0.37012465    0.41577756    0.42367500    0.42367500
T14            0.22275868    0.35330503    0.44638826    0.43711771    0.40920660    0.36774796    0.36774796    0.36392241    0.00000000    0.03924662    0.06067387    0.08772211    0.06282523    0.04988292    0.24370773    0.26685092    0.22488131    0.21354753    0.23308661    0.23308661    0.23064862    0.27038027    0.25790223    0.25790223
T15            0.22856180    0.34221096    0.43336307    0.41336726    0.39454150    0.37160309    0.37160309    0.36774796    0.03924662    0.00000000    0.06067387    0.09239701    0.06061230    0.05206684    0.24370773    0.26685092    0.22783459    0.21354753    0.22716254    0.22422670    0.22537888    0.26410221    0.25790223    0.25790223
T22            0.25352589    0.37952651    0.46278575    0.44449071    0.42909589    0.41076374    0.41076374    0.40257922    0.06067387    0.06067387    0.00000000    0.10826149    0.08495200    0.07614010    0.26302211    0.28676743    0.24673253    0.23209852    0.25212126    0.24605330    0.24966872    0.29690787    0.28075477    0.28075477
T10            0.27758603    0.37181659    0.48102586    0.46025331    0.44014932    0.41320985    0.41320985    0.41320985    0.08772211    0.09239701    0.10826149    0.00000000    0.07614010    0.07614010    0.28113122    0.29244830    0.26136398    0.25554575    0.27632776    0.27632776    0.27343414    0.31700893    0.28715334    0.28715334
T8             0.24723109    0.35000045    0.45928247    0.45676283    0.42821407    0.38979221    0.38979221    0.38586141    0.06282523    0.06061230    0.08495200    0.07614010    0.00000000    0.05399160    0.24751310    0.27064815    0.23739514    0.22014817    0.24037472    0.24037472    0.24940913    0.29649015    0.28038940    0.28038940
T23            0.23064862    0.33313025    0.41817563    0.41735296    0.39054900    0.35433380    0.35433380    0.35063608    0.04988292    0.05206684    0.07614010    0.07614010    0.05399160    0.00000000    0.24572893    0.26888302    0.23572714    0.21552151    0.24103762    0.24103762    0.22989802    0.26612198    0.25687960    0.25687960
T6             0.17549628    0.34816954    0.45033436    0.44265664    0.41486621    0.39299561    0.39299561    0.38124918    0.24370773    0.24370773    0.26302211    0.28113122    0.24751310    0.24572893    0.00000000    0.02440576    0.15086497    0.14095536    0.14858245    0.14858245    0.18587519    0.23812677    0.23862776    0.23862776
T12            0.19643198    0.36164041    0.46166707    0.45832814    0.42985515    0.40749621    0.40749621    0.39546659    0.26685092    0.26685092    0.28676743    0.29244830    0.27064815    0.26888302    0.02440576    0.00000000    0.17612735    0.16582969    0.16856342    0.16856342    0.20993022    0.26448696    0.25293609    0.25293609
T3             0.17204964    0.35705860    0.47136436    0.46399358    0.43470798    0.39945754    0.39945754    0.39302829    0.22488131    0.22783459    0.24673253    0.26136398    0.23739514    0.23572714    0.15086497    0.17612735    0.00000000    0.04977438    0.10826149    0.10826149    0.19258551    0.23148889    0.22915408    0.22915408
T17            0.16959602    0.35026433    0.45426854    0.45593004    0.42701307    0.38815031    0.38815031    0.38019370    0.21354753    0.21354753    0.23209852    0.25554575    0.22014817    0.21552151    0.14095536    0.16582969    0.04977438    0.00000000    0.10360923    0.10360923    0.18464154    0.22885304    0.22070890    0.22070890
T1             0.15864373    0.36230854    0.47598760    0.45941244    0.43036612    0.39538176    0.39538176    0.38335066    0.23308661    0.22716254    0.25212126    0.27632776    0.24037472    0.24103762    0.14858245    0.16856342    0.10826149    0.10360923    0.00000000    0.00806489    0.17413958    0.21135127    0.22042372    0.22042372
T0             0.15864373    0.36230854    0.47598760    0.46399358    0.43470798    0.39538176    0.39538176    0.38335066    0.23308661    0.22422670    0.24605330    0.27632776    0.24037472    0.24103762    0.14858245    0.16856342    0.10826149    0.10360923    0.00806489    0.00000000    0.17679403    0.21417874    0.22331689    0.22331689
T2             0.12903847    0.34332193    0.44344506    0.41650923    0.38979221    0.37494743    0.37494743    0.37012465    0.23064862    0.22537888    0.24966872    0.27343414    0.24940913    0.22989802    0.18587519    0.20993022    0.19258551    0.18464154    0.17413958    0.17679403    0.00000000    0.12459506    0.12731939    0.12731939
T9             0.16921700    0.38124918    0.49662099    0.47743978    0.44792607    0.40829129    0.40829129    0.41577756    0.27038027    0.26410221    0.29690787    0.31700893    0.29649015    0.26612198    0.23812677    0.26448696    0.23148889    0.22885304    0.21135127    0.21417874    0.12459506    0.00000000    0.09475100    0.09475100
T21            0.17225055    0.37637927    0.47538321    0.46326502    0.43427855    0.43277597    0.43277597    0.42367500    0.25790223    0.25790223    0.28075477    0.28715334    0.28038940    0.25687960    0.23862776    0.25293609    0.22915408    0.22070890    0.22042372    0.22331689    0.12731939    0.09475100    0.00000000    0.00000000
T19            0.17225055    0.37637927    0.47538321    0.46326502    0.43427855    0.43277597    0.43277597    0.42367500    0.25790223    0.25790223    0.28075477    0.28715334    0.28038940    0.25687960    0.23862776    0.25293609    0.22915408    0.22070890    0.22042372    0.22331689    0.12731939    0.09475100    0.00000000    0.00000000

