24
T20            0.00000000    0.46948425    0.48744530    0.49843423    0.50307179    0.50585160    0.48564698    0.48564698    0.50228516    0.50775284    0.49568517    0.50402854    0.29973536    0.33081166    0.32283628    0.32333009    0.27798682    0.26649917    0.27659570    0.22925500    0.25292340    0.22887775    0.29594585    0.23042498
T13            0.46948425    0.00000000    0.04338728    0.04334406    0.05846469    0.05835894    0.04988162    0.04988162    0.09948608    0.10398319    0.09711014    0.10412400    0.34429255    0.38932172    0.33174661    0.35361757    0.32038430    0.31503423    0.44191775    0.40293766    0.41209530    0.39056046    0.43701338    0.35964601
T23            0.48744530    0.04338728    0.00000000    0.03485754    0.05621514    0.05613270    0.04765488    0.04765488    0.10339063    0.10793535    0.10339063    0.10803508    0.33849592    0.38611018    0.32946620    0.34836001    0.32235453    0.31355180    0.43833216    0.40746023    0.42475151    0.39517092    0.43359294    0.37533245
T17            0.49843423    0.04334406    0.03485754    0.00000000    0.05393236    0.05390061    0.04539112    0.04539112    0.10565921    0.10547867    0.10329459    0.10793535    0.35466494    0.39963795    0.34895895    0.36119780    0.33726806    0.33174661    0.46990481    0.42950331    0.44732744    0.40885728    0.46204964    0.37952858
T3             0.50307179    0.05846469    0.05621514    0.05393236    0.00000000    0.01617899    0.03289450    0.03289450    0.12227103    0.12447434    0.11983725    0.12459159    0.35203092    0.39056046    0.35346549    0.35501819    0.32781416    0.32235453    0.45706526    0.42543284    0.43901716    0.40496156    0.45778824    0.38491049
T16            0.50585160    0.05835894    0.05613270    0.05390061    0.01617899    0.00000000    0.03280822    0.03280822    0.12204059    0.12426365    0.11961864    0.12436502    0.36178937    0.39701839    0.35605817    0.36485136    0.34076795    0.33523433    0.46558816    0.43360725    0.44732744    0.41278364    0.46914378    0.39511654
T10            0.48564698    0.04988162    0.04765488    0.04539112    0.03289450    0.03280822    0.00000000    0.00000000    0.11535601    0.11995828    0.11053538    0.11282102    0.36689998    0.40691114    0.35396996    0.37028514    0.34584613    0.34033804    0.46634774    0.42612964    0.44387333    0.40556398    0.46558816    0.38914663
T5             0.48564698    0.04988162    0.04765488    0.04539112    0.03289450    0.03280822    0.00000000    0.00000000    0.11535601    0.11995828    0.11053538    0.11282102    0.36689998    0.40691114    0.35396996    0.37028514    0.34584613    0.34033804    0.46634774    0.42612964    0.44387333    0.40556398    0.46558816    0.38914663
T18            0.50228516    0.09948608    0.10339063    0.10565921    0.12227103    0.12204059    0.11535601    0.11535601    0.00000000    0.06960274    0.06752797    0.06969079    0.35915543    0.39442620    0.34285405    0.36743041    0.34176581    0.33625785    0.48477460    0.44346431    0.46165560    0.42612964    0.48744530    0.40885728
T15            0.50775284    0.10398319    0.10793535    0.10547867    0.12447434    0.12426365    0.11995828    0.11995828    0.06960274    0.00000000    0.04776662    0.04988162    0.38379388    0.43169061    0.36325982    0.37742471    0.36968724    0.36404975    0.50121411    0.46332029    0.47930623    0.44535857    0.49936930    0.42343531
T9             0.49568517    0.09711014    0.10339063    0.10329459    0.11983725    0.11961864    0.11053538    0.11053538    0.06752797    0.04776662    0.00000000    0.00602721    0.37742471    0.42086317    0.35705337    0.37111086    0.37089647    0.36528312    0.46005819    0.44346431    0.45896574    0.42612964    0.46955757    0.40109601
T14            0.50402854    0.10412400    0.10803508    0.10793535    0.12459159    0.12436502    0.11282102    0.11282102    0.06969079    0.04988162    0.00602721    0.00000000    0.37688078    0.42013820    0.35297414    0.37426093    0.37028514    0.36465984    0.46791835    0.45117021    0.46685313    0.43360725    0.47755389    0.40825455
T4             0.29973536    0.34429255    0.33849592    0.35466494    0.35203092    0.36178937    0.36689998    0.36689998    0.35915543    0.38379388    0.37742471    0.37688078    0.00000000    0.08495106    0.07579239    0.10547867    0.18572370    0.17289014    0.28353972    0.23943711    0.26609405    0.24270940    0.30179781    0.23811853
T19            0.33081166    0.38932172    0.38611018    0.39963795    0.39056046    0.39701839    0.40691114    0.40691114    0.39442620    0.43169061    0.42086317    0.42013820    0.08495106    0.00000000    0.10611107    0.13948571    0.21416100    0.21812430    0.32488370    0.28313393    0.30871920    0.28357373    0.33523433    0.26921160
T0             0.32283628    0.33174661    0.32946620    0.34895895    0.35346549    0.35605817    0.35396996    0.35396996    0.34285405    0.36325982    0.35705337    0.35297414    0.07579239    0.10611107    0.00000000    0.11511430    0.20045984    0.18732477    0.30681157    0.25787236    0.27272519    0.26444773    0.31131705    0.25020379
T6             0.32333009    0.35361757    0.34836001    0.36119780    0.35501819    0.36485136    0.37028514    0.37028514    0.36743041    0.37742471    0.37111086    0.37426093    0.10547867    0.13948571    0.11511430    0.00000000    0.20808595    0.19482274    0.31647417    0.26995541    0.29487879    0.26406892    0.31174031    0.25350661
T2             0.27798682    0.32038430    0.32235453    0.33726806    0.32781416    0.34076795    0.34584613    0.34584613    0.34176581    0.36968724    0.37089647    0.37028514    0.18572370    0.21416100    0.20045984    0.20808595    0.00000000    0.02656478    0.23768727    0.21321587    0.22713513    0.20269224    0.25787236    0.19278921
T12            0.26649917    0.31503423    0.31355180    0.33174661    0.32235453    0.33523433    0.34033804    0.34033804    0.33625785    0.36404975    0.36528312    0.36465984    0.17289014    0.21812430    0.18732477    0.19482274    0.02656478    0.00000000    0.23271905    0.20553482    0.21932236    0.20015828    0.25898200    0.19072787
T11            0.27659570    0.44191775    0.43833216    0.46990481    0.45706526    0.46558816    0.46634774    0.46634774    0.48477460    0.50121411    0.46005819    0.46791835    0.28353972    0.32488370    0.30681157    0.31647417    0.23768727    0.23271905    0.00000000    0.05638983    0.06735516    0.07387535    0.22098091    0.18051619
T7             0.22925500    0.40293766    0.40746023    0.42950331    0.42543284    0.43360725    0.42612964    0.42612964    0.44346431    0.46332029    0.44346431    0.45117021    0.23943711    0.28313393    0.25787236    0.26995541    0.21321587    0.20553482    0.05638983    0.00000000    0.03073381    0.03697635    0.18596853    0.13477881
T22            0.25292340    0.41209530    0.42475151    0.44732744    0.43901716    0.44732744    0.44387333    0.44387333    0.46165560    0.47930623    0.45896574    0.46685313    0.26609405    0.30871920    0.27272519    0.29487879    0.22713513    0.21932236    0.06735516    0.03073381    0.00000000    0.04760898    0.20494489    0.14966789
T8             0.22887775    0.39056046    0.39517092    0.40885728    0.40496156    0.41278364    0.40556398    0.40556398    0.42612964    0.44535857    0.42612964    0.43360725    0.24270940    0.28357373    0.26444773    0.26406892    0.20269224    0.20015828    0.07387535    0.03697635    0.04760898    0.00000000    0.18075490    0.12008709
T21            0.29594585    0.43701338    0.43359294    0.46204964    0.45778824    0.46914378    0.46558816    0.46558816    0.48744530    0.49936930    0.46955757    0.47755389    0.30179781    0.33523433    0.31131705    0.31174031    0.25787236    0.25898200    0.22098091    0.18596853    0.20494489    0.18075490    0.00000000    0.13462114
T1             0.23042498    0.35964601    0.37533245    0.37952858    0.38491049    0.39511654    0.38914663    0.38914663    0.40885728    0.42343531    0.40109601    0.40825455    0.23811853    0.26921160    0.25020379    0.25350661    0.19278921    0.19072787    0.18051619    0.13477881    0.14966789    0.12008709    0.13462114    0.00000000

