24
T3             0.00000000    0.31890803    0.31890803    0.31214538    0.32528093    0.33123118    0.32576356    0.32576356    0.33923208    0.35245601    0.30837304    0.30837304    0.36401479    0.29316688    0.38374214    0.33820633    0.34122429    0.34073041    0.28427218    0.30547312    0.30923490    0.30344887    0.30301108    0.30724553
T17            0.31890803    0.00000000    0.00401611    0.18525031    0.19599597    0.20106812    0.19347352    0.19347352    0.21520069    0.22038999    0.20106812    0.19372385    0.22484014    0.19121169    0.25651633    0.20493461    0.20522555    0.19650302    0.18027715    0.19852748    0.18424597    0.17925663    0.17907911    0.18212514
T0             0.31890803    0.00401611    0.00000000    0.19071737    0.20156983    0.20667323    0.19903189    0.19903189    0.22096768    0.22619043    0.20667323    0.19929776    0.23076112    0.19677011    0.26263656    0.21063585    0.21094313    0.20210823    0.18571448    0.20411692    0.18963908    0.18462081    0.18442889    0.18753292
T23            0.31214538    0.18525031    0.19071737    0.00000000    0.02855410    0.11535211    0.10372100    0.10372100    0.13009956    0.15004768    0.13197739    0.12484496    0.15546329    0.11306284    0.20617707    0.14898874    0.14659927    0.13867348    0.17449260    0.18212514    0.18390728    0.17363147    0.17611138    0.18174683
T13            0.32528093    0.19599597    0.20156983    0.02855410    0.00000000    0.12498617    0.11562513    0.11562513    0.14253763    0.16291154    0.14692280    0.13964263    0.16580360    0.13009956    0.21492369    0.15910140    0.15668386    0.14857088    0.18503155    0.20060331    0.19450890    0.18675413    0.18658212    0.19235764
T19            0.33123118    0.20106812    0.20667323    0.11535211    0.12498617    0.00000000    0.07162102    0.07162102    0.09898050    0.10825387    0.14437739    0.14217515    0.16049618    0.13260038    0.21207316    0.18027715    0.18275933    0.17449260    0.18775016    0.18157111    0.19450890    0.18407209    0.18927137    0.18732467
T2             0.32576356    0.19347352    0.19903189    0.10372100    0.11562513    0.07162102    0.00000000    0.00000000    0.09438846    0.10837666    0.13477389    0.13511380    0.15068734    0.12562865    0.20438028    0.16490044    0.16733532    0.15927549    0.18571448    0.18212514    0.18157111    0.17131692    0.17642556    0.16919945
T9             0.32576356    0.19347352    0.19903189    0.10372100    0.11562513    0.07162102    0.00000000    0.00000000    0.09438846    0.10837666    0.13477389    0.13511380    0.15068734    0.12562865    0.20438028    0.16490044    0.16733532    0.15927549    0.18571448    0.18212514    0.18157111    0.17131692    0.17642556    0.16919945
T8             0.33923208    0.21520069    0.22096768    0.13009956    0.14253763    0.09898050    0.09438846    0.09438846    0.00000000    0.12101925    0.15984825    0.15243568    0.17932441    0.14787431    0.22011553    0.19071737    0.19323221    0.17944306    0.21004909    0.20898747    0.20550317    0.19488779    0.20017562    0.19828900
T4             0.35245601    0.22038999    0.22619043    0.15004768    0.16291154    0.10825387    0.10837666    0.10837666    0.12101925    0.00000000    0.16206999    0.16247399    0.19541377    0.15004768    0.25513465    0.21837062    0.22096768    0.21207316    0.22096768    0.21985069    0.22011553    0.21439815    0.21985069    0.21807586
T10            0.30837304    0.20106812    0.20667323    0.13197739    0.14692280    0.14437739    0.13477389    0.13477389    0.15984825    0.16206999    0.00000000    0.04334344    0.13728729    0.08972543    0.22534576    0.17449260    0.17696344    0.17148220    0.19599597    0.20617707    0.20550317    0.19762873    0.19742714    0.19509109
T11            0.30837304    0.19372385    0.19929776    0.12484496    0.13964263    0.14217515    0.13511380    0.13511380    0.15243568    0.16247399    0.04334344    0.00000000    0.13511380    0.08760703    0.22299896    0.17223061    0.17469115    0.16396184    0.18821148    0.19828900    0.20038481    0.19530359    0.19509109    0.19277673
T1             0.36401479    0.22484014    0.23076112    0.15546329    0.16580360    0.16049618    0.15068734    0.15068734    0.17932441    0.19541377    0.13728729    0.13511380    0.00000000    0.13568277    0.25858437    0.19985671    0.20239112    0.20210823    0.22190577    0.22357426    0.23145187    0.23501947    0.22881628    0.23237739
T5             0.29316688    0.19121169    0.19677011    0.11306284    0.13009956    0.13260038    0.12562865    0.12562865    0.14787431    0.15004768    0.08972543    0.08760703    0.13568277    0.00000000    0.20720664    0.17020777    0.17265677    0.16713210    0.18347294    0.18027715    0.18193152    0.17696344    0.17677531    0.17984248
T15            0.38374214    0.25651633    0.26263656    0.20617707    0.21492369    0.21207316    0.20438028    0.20438028    0.22011553    0.25513465    0.22534576    0.22299896    0.25858437    0.20720664    0.00000000    0.14692280    0.14675693    0.14659927    0.25858437    0.27667800    0.25261887    0.24719357    0.24692310    0.24806703
T18            0.33820633    0.20493461    0.21063585    0.14898874    0.15910140    0.18027715    0.16490044    0.16490044    0.19071737    0.21837062    0.17449260    0.17223061    0.19985671    0.17020777    0.14692280    0.00000000    0.00401105    0.02450743    0.21931168    0.22974505    0.20594303    0.20642048    0.20617707    0.20667323
T21            0.34122429    0.20522555    0.21094313    0.14659927    0.15668386    0.18275933    0.16733532    0.16733532    0.19323221    0.22096768    0.17696344    0.17469115    0.20239112    0.17265677    0.14675693    0.00401105    0.00000000    0.02447248    0.21898856    0.23237739    0.20851302    0.20617707    0.20594303    0.20923882
T12            0.34073041    0.19650302    0.20210823    0.13867348    0.14857088    0.17449260    0.15927549    0.15927549    0.17944306    0.21207316    0.17148220    0.16396184    0.20210823    0.16713210    0.14659927    0.02450743    0.02447248    0.00000000    0.20777709    0.21807586    0.19762873    0.19805969    0.19783959    0.19828900
T22            0.28427218    0.18027715    0.18571448    0.17449260    0.18503155    0.18775016    0.18571448    0.18571448    0.21004909    0.22096768    0.19599597    0.18821148    0.22190577    0.18347294    0.25858437    0.21931168    0.21898856    0.20777709    0.00000000    0.06960164    0.16268859    0.15524460    0.14985071    0.16072875
T20            0.30547312    0.19852748    0.20411692    0.18212514    0.20060331    0.18157111    0.18212514    0.18212514    0.20898747    0.21985069    0.20617707    0.19828900    0.22357426    0.18027715    0.27667800    0.22974505    0.23237739    0.21807586    0.06960164    0.00000000    0.17243938    0.17020777    0.16469571    0.17043512
T7             0.30923490    0.18424597    0.18963908    0.18390728    0.19450890    0.19450890    0.18157111    0.18157111    0.20550317    0.22011553    0.20550317    0.20038481    0.23145187    0.18193152    0.25261887    0.20594303    0.20851302    0.19762873    0.16268859    0.17243938    0.00000000    0.03277437    0.03485707    0.03492677
T14            0.30344887    0.17925663    0.18462081    0.17363147    0.18675413    0.18407209    0.17131692    0.17131692    0.19488779    0.21439815    0.19762873    0.19530359    0.23501947    0.17696344    0.24719357    0.20642048    0.20617707    0.19805969    0.15524460    0.17020777    0.03277437    0.00000000    0.00602720    0.03077554
T6             0.30301108    0.17907911    0.18442889    0.17611138    0.18658212    0.18927137    0.17642556    0.17642556    0.20017562    0.21985069    0.19742714    0.19509109    0.22881628    0.17677531    0.24692310    0.20617707    0.20594303    0.19783959    0.14985071    0.16469571    0.03485707    0.00602720    0.00000000    0.03284796
T16            0.30724553    0.18212514    0.18753292    0.18174683    0.19235764    0.18732467    0.16919945    0.16919945    0.19828900    0.21807586    0.19509109    0.19277673    0.23237739    0.17984248    0.24806703    0.20667323    0.20923882    0.19828900    0.16072875    0.17043512    0.03492677    0.03077554    0.03284796    0.00000000

