24
T21            0.00000000    0.38820745    0.39141670    0.39141670    0.33563130    0.33207567    0.28198039    0.24309167    0.24678099    0.21297769    0.21555770    0.21011634    0.24026386    0.21906603    0.22753644    0.26219529    0.18958075    0.20083352    0.19459033    0.20755385    0.22568906    0.21758225    0.21240801    0.20021641
T4             0.38820745    0.00000000    0.00200301    0.02650579    0.38887032    0.39922364    0.38608288    0.34818485    0.35262916    0.32544480    0.33537683    0.32890139    0.35994945    0.34106218    0.34768934    0.37676570    0.33043334    0.33749396    0.32841534    0.32497076    0.34090586    0.34443576    0.33838392    0.35937368
T23            0.39141670    0.00200301    0.00000000    0.02857330    0.39208055    0.40247757    0.38930322    0.35125821    0.35571372    0.32841534    0.33838392    0.33188392    0.36304688    0.34408240    0.35073515    0.37993114    0.33341576    0.34050140    0.33139812    0.32794163    0.34393831    0.34748072    0.34140353    0.36247074
T15            0.39141670    0.02650579    0.02857330    0.00000000    0.39345086    0.40388400    0.40069933    0.36192265    0.36653298    0.33188392    0.34191393    0.33537683    0.36674737    0.34768934    0.35438167    0.38373029    0.34408240    0.35132260    0.34191393    0.33139812    0.34748072    0.35104851    0.34494605    0.38118367
T14            0.33563130    0.38887032    0.39208055    0.39345086    0.00000000    0.02236535    0.33588739    0.32642955    0.32746308    0.28695400    0.28977466    0.28368955    0.31733923    0.31097004    0.31733923    0.33921251    0.27211255    0.27211255    0.27361023    0.27206832    0.28929024    0.29655840    0.27485058    0.29784984
T2             0.33207567    0.39922364    0.40247757    0.40388400    0.02236535    0.00000000    0.33588739    0.32991040    0.32746308    0.29024000    0.29307150    0.28695400    0.31733923    0.31442721    0.32083274    0.34645315    0.27211255    0.27855727    0.28001316    0.27521894    0.28682961    0.30315150    0.27801116    0.30116847
T6             0.28198039    0.38608288    0.38930322    0.40069933    0.33588739    0.33588739    0.00000000    0.09899400    0.09686713    0.22515145    0.22778335    0.22227384    0.24457554    0.24545926    0.24815327    0.27728729    0.20834512    0.20834512    0.21310477    0.23307685    0.24061406    0.24457554    0.25117032    0.23360587
T12            0.24309167    0.34818485    0.35125821    0.36192265    0.32642955    0.32991040    0.09899400    0.00000000    0.02242055    0.19789069    0.20043651    0.19514012    0.21138238    0.21731421    0.21705581    0.24485981    0.17911820    0.18447155    0.18378943    0.21114982    0.21852182    0.22465330    0.21941276    0.20278268
T1             0.24678099    0.35262916    0.35571372    0.36653298    0.32746308    0.32746308    0.09686713    0.02242055    0.00000000    0.20112454    0.20367500    0.19834318    0.21758225    0.22074602    0.22335448    0.24246935    0.18216858    0.18758024    0.18679607    0.21162450    0.21611913    0.22515145    0.22568906    0.20880385
T13            0.21297769    0.32544480    0.32841534    0.33188392    0.28695400    0.29024000    0.22515145    0.19789069    0.20112454    0.00000000    0.00602725    0.00200403    0.05399327    0.05195055    0.06067642    0.07599884    0.13514195    0.14021004    0.14457442    0.16717128    0.17948465    0.18529856    0.17762576    0.18507833
T18            0.21555770    0.33537683    0.33838392    0.34191393    0.28977466    0.29307150    0.22778335    0.20043651    0.20367500    0.00602725    0.00000000    0.00401107    0.05613425    0.05190144    0.06282788    0.07593692    0.13748811    0.14256908    0.14695266    0.16434791    0.17663458    0.18779895    0.18010115    0.18758024
T5             0.21011634    0.32890139    0.33188392    0.33537683    0.28368955    0.28695400    0.22227384    0.19514012    0.19834318    0.00200403    0.00401107    0.00000000    0.05182352    0.04977600    0.05846814    0.07374568    0.13262712    0.13766955    0.14203403    0.16453690    0.17681512    0.18258532    0.17494171    0.18237249
T20            0.24026386    0.35994945    0.36304688    0.36674737    0.31733923    0.31733923    0.24457554    0.21138238    0.21758225    0.05399327    0.05613425    0.05182352    0.00000000    0.07860186    0.08540660    0.10148087    0.17292848    0.17832590    0.18010115    0.19710845    0.20930055    0.21844389    0.20755385    0.21758225
T8             0.21906603    0.34106218    0.34408240    0.34768934    0.31097004    0.31442721    0.24545926    0.21731421    0.22074602    0.05195055    0.05190144    0.04977600    0.07860186    0.00000000    0.02656586    0.08290488    0.15768494    0.16295401    0.16737583    0.17857670    0.19101413    0.19431127    0.18653335    0.20417737
T22            0.22753644    0.34768934    0.35073515    0.35438167    0.31733923    0.32083274    0.24815327    0.21705581    0.22335448    0.06067642    0.06282788    0.05846814    0.08540660    0.02656586    0.00000000    0.09440088    0.16537811    0.17071776    0.16981966    0.18104671    0.19352815    0.19683052    0.19459033    0.19557727
T7             0.26219529    0.37676570    0.37993114    0.38373029    0.33921251    0.34645315    0.27728729    0.24485981    0.24246935    0.07599884    0.07593692    0.07374568    0.10148087    0.08290488    0.09440088    0.00000000    0.17538513    0.17538513    0.18529856    0.21555770    0.22860040    0.23279116    0.22459043    0.23712956
T11            0.18958075    0.33043334    0.33341576    0.34408240    0.27211255    0.27211255    0.20834512    0.17911820    0.18216858    0.13514195    0.13748811    0.13262712    0.17292848    0.15768494    0.16537811    0.17538513    0.00000000    0.00806497    0.01617909    0.11985005    0.13150121    0.13920326    0.13448973    0.16210700
T0             0.20083352    0.33749396    0.34050140    0.35132260    0.27211255    0.27855727    0.20834512    0.18447155    0.18758024    0.14021004    0.14256908    0.13766955    0.17832590    0.16295401    0.17071776    0.17538513    0.00806497    0.00000000    0.02029471    0.12473164    0.13644312    0.14424537    0.13950654    0.16737583
T16            0.19459033    0.32841534    0.33139812    0.34191393    0.27361023    0.28001316    0.21310477    0.18378943    0.18679607    0.14457442    0.14695266    0.14203403    0.18010115    0.16737583    0.16981966    0.18529856    0.01617909    0.02029471    0.00000000    0.12205203    0.13375295    0.13396603    0.13421170    0.16660923
T10            0.20755385    0.32497076    0.32794163    0.33139812    0.27206832    0.27521894    0.23307685    0.21114982    0.21162450    0.16717128    0.16434791    0.16453690    0.19710845    0.17857670    0.18104671    0.21555770    0.11985005    0.12473164    0.12205203    0.00000000    0.02439639    0.06989573    0.06558378    0.18716996
T17            0.22568906    0.34090586    0.34393831    0.34748072    0.28929024    0.28682961    0.24061406    0.21852182    0.21611913    0.17948465    0.17663458    0.17681512    0.20930055    0.19101413    0.19352815    0.22860040    0.13150121    0.13644312    0.13375295    0.02439639    0.00000000    0.08540660    0.08100457    0.19983276
T19            0.21758225    0.34443576    0.34748072    0.35104851    0.29655840    0.30315150    0.24457554    0.22465330    0.22515145    0.18529856    0.18779895    0.18258532    0.21844389    0.19431127    0.19683052    0.23279116    0.13920326    0.14424537    0.13396603    0.06989573    0.08540660    0.00000000    0.01827055    0.21138238
T9             0.21240801    0.33838392    0.34140353    0.34494605    0.27485058    0.27801116    0.25117032    0.21941276    0.22568906    0.17762576    0.18010115    0.17494171    0.20755385    0.18653335    0.19459033    0.22459043    0.13448973    0.13950654    0.13421170    0.06558378    0.08100457    0.01827055    0.00000000    0.20065653
T3             0.20021641    0.35937368    0.36247074    0.38118367    0.29784984    0.30116847    0.23360587    0.20278268    0.20880385    0.18507833    0.18758024    0.18237249    0.21758225    0.20417737    0.19557727    0.23712956    0.16210700    0.16737583    0.16660923    0.18716996    0.19983276    0.21138238    0.20065653    0.00000000

