24
T7             0.00000000    0.23236507    0.23236507    0.25082826    0.25044645    0.24836863    0.24434631    0.27070484    0.25662201    0.31447684    0.30817554    0.27944756    0.24064593    0.28465172    0.32327628    0.32970745    0.31888712    0.29397049    0.28106061    0.24204173    0.24204173    0.25548052    0.23039810    0.19289492
T15            0.23236507    0.00000000    0.00200401    0.09487362    0.09474106    0.12203400    0.10610584    0.17802827    0.16555755    0.22157108    0.21607622    0.17489304    0.15463317    0.20492421    0.22356404    0.22618055    0.21778167    0.21835978    0.20130718    0.17090664    0.17090664    0.19480347    0.15263327    0.29813654
T18            0.23236507    0.00200401    0.00000000    0.09251477    0.09238777    0.11961232    0.10371884    0.17533211    0.16290433    0.21866306    0.21319337    0.17222570    0.15204860    0.20776606    0.22066449    0.22327256    0.21491539    0.21547694    0.19852083    0.16822493    0.16822493    0.19200928    0.15004198    0.29813654
T16            0.25082826    0.09487362    0.09251477    0.00000000    0.01212492    0.12484265    0.11319450    0.17605539    0.17440641    0.23447322    0.22587255    0.18923063    0.15523807    0.21671302    0.23204780    0.23174033    0.22851770    0.22973243    0.20666579    0.17115873    0.17115873    0.19451814    0.15024651    0.30193148
T6             0.25044645    0.09474106    0.09238777    0.01212492    0.00000000    0.12963674    0.11548221    0.18124210    0.17413009    0.23409762    0.22551419    0.18620516    0.15502820    0.21638994    0.22880674    0.22851770    0.22533894    0.22648052    0.20361198    0.17090664    0.17090664    0.19703591    0.14489939    0.30480674
T1             0.24836863    0.12203400    0.11961232    0.12484265    0.12963674    0.00000000    0.08488040    0.15848971    0.14630750    0.20898128    0.20082565    0.19215959    0.16364544    0.21984409    0.22196050    0.22458538    0.21065727    0.22245615    0.20828661    0.17489304    0.17489304    0.18461746    0.15927195    0.30055275
T9             0.24434631    0.10610584    0.10371884    0.11319450    0.11548221    0.08488040    0.00000000    0.15170003    0.14471622    0.20492421    0.19676064    0.18253383    0.15427128    0.21866306    0.22648052    0.22910556    0.22010794    0.20692694    0.19574994    0.16026513    0.16026513    0.17779714    0.15004198    0.29007137
T4             0.27070484    0.17802827    0.17533211    0.17605539    0.18124210    0.15848971    0.15170003    0.00000000    0.02236466    0.11319450    0.10610584    0.18253383    0.15909852    0.25933821    0.27625119    0.27585432    0.27231230    0.27944756    0.26366642    0.20238046    0.20238046    0.22679017    0.19146309    0.35166962
T19            0.25662201    0.16555755    0.16290433    0.17440641    0.17413009    0.14630750    0.14471622    0.02236466    0.00000000    0.09697456    0.09004552    0.15945382    0.13183984    0.23938392    0.25894806    0.25856824    0.25512057    0.25277254    0.23765972    0.18950926    0.18950926    0.21638994    0.18425472    0.33597649
T5             0.31447684    0.22157108    0.21866306    0.23447322    0.23409762    0.20898128    0.20492421    0.11319450    0.09697456    0.00000000    0.02447230    0.21131853    0.19277196    0.30146051    0.33075423    0.32673843    0.32970745    0.31447684    0.31012138    0.25082826    0.25082826    0.27707729    0.23302892    0.40978205
T17            0.30817554    0.21607622    0.21319337    0.22587255    0.22551419    0.20082565    0.19676064    0.10610584    0.09004552    0.02447230    0.00000000    0.22010794    0.19574994    0.29199233    0.32083651    0.31690474    0.31983796    0.30480674    0.30055275    0.24204173    0.24204173    0.26794761    0.22743840    0.39454481
T0             0.27944756    0.17489304    0.17222570    0.18923063    0.18620516    0.19215959    0.18253383    0.18253383    0.15945382    0.21131853    0.22010794    0.00000000    0.05653839    0.26092738    0.26917616    0.26882070    0.26847598    0.26366642    0.24536450    0.19902353    0.19902353    0.24032188    0.19876761    0.31983796
T10            0.24064593    0.15463317    0.15204860    0.15523807    0.15502820    0.16364544    0.15427128    0.15909852    0.13183984    0.19277196    0.19574994    0.05653839    0.00000000    0.23144269    0.24237832    0.24506294    0.23591877    0.23408849    0.21674001    0.17265043    0.17265043    0.20385593    0.16977350    0.29315156
T20            0.28465172    0.20492421    0.20776606    0.21671302    0.21638994    0.21984409    0.21866306    0.25933821    0.23938392    0.30146051    0.29199233    0.26092738    0.23144269    0.00000000    0.16674794    0.16919640    0.16379819    0.15379105    0.13890884    0.18923063    0.18923063    0.21835978    0.19120334    0.36832261
T12            0.32327628    0.22356404    0.22066449    0.23204780    0.22880674    0.22196050    0.22648052    0.27625119    0.25894806    0.33075423    0.32083651    0.26917616    0.24237832    0.16674794    0.00000000    0.02028057    0.02233514    0.09662552    0.08060615    0.21319337    0.21319337    0.24097996    0.20156176    0.38037436
T11            0.32970745    0.22618055    0.22327256    0.23174033    0.22851770    0.22458538    0.22910556    0.27585432    0.25856824    0.32673843    0.31690474    0.26882070    0.24506294    0.16919640    0.02028057    0.00000000    0.02647080    0.09652384    0.07840858    0.21866306    0.21866306    0.23765972    0.20410916    0.38742235
T2             0.31888712    0.21778167    0.21491539    0.22851770    0.22533894    0.21065727    0.22010794    0.27231230    0.25512057    0.32970745    0.31983796    0.26847598    0.23591877    0.16379819    0.02233514    0.02647080    0.00000000    0.09177779    0.07818817    0.20976071    0.20976071    0.23734458    0.19828321    0.36769946
T14            0.29397049    0.21835978    0.21547694    0.22973243    0.22648052    0.22245615    0.20692694    0.27944756    0.25277254    0.31447684    0.30480674    0.26366642    0.23408849    0.15379105    0.09662552    0.09652384    0.09177779    0.00000000    0.05189807    0.19120334    0.19120334    0.21806597    0.17736100    0.35289545
T3             0.28106061    0.20130718    0.19852083    0.20666579    0.20361198    0.20828661    0.19574994    0.26366642    0.23765972    0.31012138    0.30055275    0.24536450    0.21674001    0.13890884    0.08060615    0.07840858    0.07818817    0.05189807    0.00000000    0.18298162    0.18298162    0.20106180    0.15635568    0.34197892
T21            0.24204173    0.17090664    0.16822493    0.17115873    0.17090664    0.17489304    0.16026513    0.20238046    0.18950926    0.25082826    0.24204173    0.19902353    0.17265043    0.18923063    0.21319337    0.21866306    0.20976071    0.19120334    0.18298162    0.00000000    0.00000000    0.12083957    0.11348515    0.31711979
T23            0.24204173    0.17090664    0.16822493    0.17115873    0.17090664    0.17489304    0.16026513    0.20238046    0.18950926    0.25082826    0.24204173    0.19902353    0.17265043    0.18923063    0.21319337    0.21866306    0.20976071    0.19120334    0.18298162    0.00000000    0.00000000    0.12083957    0.11348515    0.31711979
T13            0.25548052    0.19480347    0.19200928    0.19451814    0.19703591    0.18461746    0.17779714    0.22679017    0.21638994    0.27707729    0.26794761    0.24032188    0.20385593    0.21835978    0.24097996    0.23765972    0.23734458    0.21806597    0.20106180    0.12083957    0.12083957    0.00000000    0.13745525    0.30769344
T22            0.23039810    0.15263327    0.15004198    0.15024651    0.14489939    0.15927195    0.15004198    0.19146309    0.18425472    0.23302892    0.22743840    0.19876761    0.16977350    0.19120334    0.20156176    0.20410916    0.19828321    0.17736100    0.15635568    0.11348515    0.11348515    0.13745525    0.00000000    0.29054298
T8             0.19289492    0.29813654    0.29813654    0.30193148    0.30480674    0.30055275    0.29007137    0.35166962    0.33597649    0.40978205    0.39454481    0.31983796    0.29315156    0.36832261    0.38037436    0.38742235    0.36769946    0.35289545    0.34197892    0.31711979    0.31711979    0.30769344    0.29054298    0.00000000

