24
T13            0.00000000    0.33081005    0.28124822    0.32841275    0.32335161    0.34641454    0.29402816    0.31309888    0.31602081    0.33906723    0.30824769    0.32335161    0.32040649    0.34451179    0.33791551    0.34697282    0.37784564    0.23240192    0.25753261    0.25210295    0.24940351    0.25210295    0.27950293    0.27950293
T22            0.33081005    0.00000000    0.10803529    0.17737912    0.17678737    0.18965281    0.21392880    0.21913281    0.22460864    0.23973724    0.22826754    0.23769649    0.23504429    0.26211578    0.25628036    0.26134329    0.36289515    0.22013585    0.25142910    0.24004289    0.23737970    0.23707289    0.24975672    0.24975672
T4             0.28124822    0.10803529    0.00000000    0.11381679    0.11334497    0.12514189    0.14949056    0.15428431    0.15928570    0.18649340    0.16248565    0.18400872    0.18153271    0.20938692    0.20110380    0.20585571    0.28779232    0.15810116    0.18126699    0.17633856    0.18209010    0.18180709    0.19292735    0.19292735
T15            0.32841275    0.17737912    0.11381679    0.00000000    0.04325365    0.06700205    0.19601235    0.20669138    0.21494349    0.23605695    0.21006888    0.23043821    0.22781702    0.24551444    0.24284793    0.24780662    0.30874383    0.19987559    0.20779715    0.19706439    0.22555587    0.22816676    0.23715783    0.23715783
T8             0.32335161    0.17678737    0.11334497    0.04325365    0.00000000    0.06036872    0.19257725    0.20317245    0.21134118    0.23208305    0.20363502    0.22359633    0.22098949    0.24438986    0.24172142    0.24671422    0.31747325    0.19626177    0.20978897    0.19904935    0.21933488    0.22192923    0.23078719    0.23078719
T11            0.34641454    0.18965281    0.12514189    0.06700205    0.06036872    0.00000000    0.21134118    0.22222832    0.23063643    0.24906049    0.22563892    0.24940351    0.24671422    0.26485267    0.26525399    0.27352590    0.32040649    0.21580431    0.22330335    0.21236154    0.25049363    0.25319072    0.25628036    0.25628036
T3             0.29402816    0.21392880    0.14949056    0.19601235    0.19257725    0.21134118    0.00000000    0.02450776    0.02866608    0.06296391    0.04334413    0.11042276    0.10814315    0.13494784    0.12761827    0.12964583    0.28511298    0.16137333    0.18754712    0.17717307    0.18733851    0.18985068    0.18175929    0.18175929
T18            0.31309888    0.21913281    0.15428431    0.20669138    0.20317245    0.22222832    0.02450776    0.00000000    0.00805156    0.07403815    0.05407823    0.12717563    0.12485121    0.15244605    0.14491364    0.14185297    0.29161414    0.17413331    0.19854408    0.18799130    0.20339907    0.20595993    0.19764381    0.19764381
T6             0.31602081    0.22460864    0.15928570    0.21494349    0.21134118    0.23063643    0.02866608    0.00805156    0.00000000    0.08078907    0.06061151    0.13447290    0.13212833    0.16006741    0.15244605    0.14931786    0.30106561    0.18194429    0.20669138    0.19601235    0.20876307    0.21134118    0.20573490    0.20573490
T7             0.33906723    0.23973724    0.18649340    0.23605695    0.23208305    0.24906049    0.06296391    0.07403815    0.08078907    0.00000000    0.02665013    0.14967149    0.14728851    0.17879849    0.16557815    0.17289617    0.34509491    0.19324796    0.23570957    0.22747689    0.23240192    0.23504429    0.22913928    0.22913928
T21            0.30824769    0.22826754    0.16248565    0.21006888    0.20363502    0.22563892    0.04334413    0.05407823    0.06061151    0.02665013    0.00000000    0.12964583    0.12731533    0.16028375    0.14747915    0.15464804    0.31405573    0.16921065    0.21550792    0.20750680    0.21236154    0.21494349    0.20363502    0.20363502
T16            0.32335161    0.23769649    0.18400872    0.23043821    0.22359633    0.24940351    0.11042276    0.12717563    0.13447290    0.14967149    0.12964583    0.00000000    0.00602722    0.09922213    0.08993664    0.09428810    0.30061507    0.17450478    0.21494349    0.20695389    0.20951840    0.21209225    0.19807549    0.19807549
T14            0.32040649    0.23504429    0.18153271    0.22781702    0.22098949    0.24671422    0.10814315    0.12485121    0.13212833    0.14728851    0.12731533    0.00602722    0.00000000    0.09698142    0.08771969    0.09205494    0.30776312    0.16676231    0.21236154    0.20439865    0.20695389    0.20951840    0.19554083    0.19554083
T20            0.34451179    0.26211578    0.20938692    0.24551444    0.24438986    0.26485267    0.13494784    0.15244605    0.16006741    0.17879849    0.16028375    0.09922213    0.09698142    0.00000000    0.03087903    0.03497188    0.32437935    0.19626177    0.22651429    0.21550792    0.23870644    0.24136576    0.23835988    0.24136576
T19            0.33791551    0.25628036    0.20110380    0.24284793    0.24172142    0.26525399    0.12761827    0.14491364    0.15244605    0.16557815    0.14747915    0.08993664    0.08771969    0.03087903    0.00000000    0.02031440    0.32143413    0.18006901    0.21809689    0.20722571    0.23009891    0.23273060    0.22389896    0.22682550
T5             0.34697282    0.26134329    0.20585571    0.24780662    0.24671422    0.27352590    0.12964583    0.14185297    0.14931786    0.17289617    0.15464804    0.09428810    0.09205494    0.03497188    0.02031440    0.00000000    0.32681656    0.18754712    0.22883890    0.21781113    0.23273060    0.23537201    0.23177399    0.23472645
T2             0.37784564    0.36289515    0.28779232    0.30874383    0.31747325    0.32040649    0.28511298    0.29161414    0.30106561    0.34509491    0.31405573    0.30061507    0.30776312    0.32437935    0.32143413    0.32681656    0.00000000    0.22944942    0.27892436    0.26926628    0.26408152    0.26683023    0.27159028    0.26841208
T23            0.23240192    0.22013585    0.15810116    0.19987559    0.19626177    0.21580431    0.16137333    0.17413331    0.18194429    0.19324796    0.16921065    0.17450478    0.16676231    0.19626177    0.18006901    0.18754712    0.22944942    0.00000000    0.14472960    0.13494784    0.13228038    0.13462325    0.13746800    0.13746800
T9             0.25753261    0.25142910    0.18126699    0.20779715    0.20978897    0.22330335    0.18754712    0.19854408    0.20669138    0.23570957    0.21550792    0.21494349    0.21236154    0.22651429    0.21809689    0.22883890    0.27892436    0.14472960    0.00000000    0.00804439    0.16534776    0.16777998    0.17266981    0.17535252
T1             0.25210295    0.24004289    0.17633856    0.19706439    0.19904935    0.21236154    0.17717307    0.18799130    0.19601235    0.22747689    0.20750680    0.20695389    0.20439865    0.21550792    0.20722571    0.21781113    0.26926628    0.13494784    0.00804439    0.00000000    0.15525580    0.15765748    0.16248565    0.16512579
T12            0.24940351    0.23737970    0.18209010    0.22555587    0.21933488    0.25049363    0.18733851    0.20339907    0.20876307    0.23240192    0.21236154    0.20951840    0.20695389    0.23870644    0.23009891    0.23273060    0.26408152    0.13228038    0.16534776    0.15525580    0.00000000    0.00200301    0.15484237    0.15484237
T0             0.25210295    0.23707289    0.18180709    0.22816676    0.22192923    0.25319072    0.18985068    0.20595993    0.21134118    0.23504429    0.21494349    0.21209225    0.20951840    0.24136576    0.23273060    0.23537201    0.26683023    0.13462325    0.16777998    0.15765748    0.00200301    0.00000000    0.15724692    0.15724692
T10            0.27950293    0.24975672    0.19292735    0.23715783    0.23078719    0.25628036    0.18175929    0.19764381    0.20573490    0.22913928    0.20363502    0.19807549    0.19554083    0.23835988    0.22389896    0.23177399    0.27159028    0.13746800    0.17266981    0.16248565    0.15484237    0.15724692    0.00000000    0.00401612
T17            0.27950293    0.24975672    0.19292735    0.23715783    0.23078719    0.25628036    0.18175929    0.19764381    0.20573490    0.22913928    0.20363502    0.19807549    0.19554083    0.24136576    0.22682550    0.23472645    0.26841208    0.13746800    0.17535252    0.16512579    0.15484237    0.15724692    0.00401612    0.00000000

