24
T19            0.00000000    0.32649519    0.34257916    0.28029820    0.28505962    0.29621997    0.27070782    0.24546968    0.22777997    0.22449847    0.28224948    0.28184237    0.27625358    0.30055514    0.30011768    0.29071297    0.22256665    0.16441568    0.16711208    0.21447420    0.11791605    0.12266869    0.12266869    0.12281910
T20            0.32649519    0.00000000    0.02234669    0.18797035    0.19529824    0.19322593    0.32574264    0.28634518    0.28029820    0.28309650    0.32971109    0.33620312    0.33022918    0.36770577    0.34883092    0.36398531    0.41308352    0.32537562    0.33242311    0.37523089    0.35050024    0.35108219    0.35108219    0.35167686
T4             0.34257916    0.02234669    0.00000000    0.19551948    0.20017088    0.20082504    0.33468584    0.29483762    0.28872580    0.29155697    0.33869039    0.34525691    0.33920856    0.36961984    0.35083792    0.36591323    0.42462645    0.33185643    0.33897928    0.37459182    0.35970901    0.36029236    0.36029236    0.36088878
T15            0.28029820    0.18797035    0.19551948    0.00000000    0.02439275    0.02650486    0.27788472    0.25314644    0.24738997    0.25007739    0.31257490    0.30631824    0.29725282    0.32822999    0.32093039    0.33169251    0.34830003    0.26678450    0.27307723    0.32230394    0.29641106    0.29682626    0.29682626    0.29071297
T8             0.28505962    0.19529824    0.20017088    0.02439275    0.00000000    0.02234669    0.28278680    0.25477191    0.25206250    0.25477191    0.31085687    0.30464215    0.29887403    0.34022956    0.33283698    0.34022956    0.36424045    0.27788472    0.28425766    0.32137617    0.30794440    0.31505000    0.31505000    0.30878114
T18            0.29621997    0.19322593    0.20082504    0.02650486    0.02234669    0.00000000    0.28387328    0.25895100    0.25623446    0.25895100    0.31549677    0.30921711    0.30343095    0.32871147    0.32822999    0.33920856    0.36223393    0.28547714    0.29199572    0.31843049    0.31257490    0.31303392    0.31303392    0.30676634
T7             0.27070782    0.32574264    0.33468584    0.27788472    0.28278680    0.28387328    0.00000000    0.05840679    0.04541793    0.04753598    0.13890769    0.12936960    0.12691210    0.27625358    0.27509351    0.25139108    0.35913873    0.27945026    0.28266753    0.33269189    0.29969166    0.28872580    0.28872580    0.28916494
T16            0.24546968    0.28634518    0.29483762    0.25314644    0.25477191    0.25895100    0.05840679    0.00000000    0.01623185    0.01826990    0.10112479    0.09418687    0.08972417    0.24241934    0.24064726    0.21866496    0.32378585    0.25702726    0.26015397    0.29199572    0.26716273    0.26520442    0.26520442    0.26561478
T6             0.22777997    0.28029820    0.28872580    0.24738997    0.25206250    0.25623446    0.04541793    0.01623185    0.00000000    0.00602720    0.09186094    0.08502239    0.08060608    0.23074873    0.23500884    0.21319527    0.31059518    0.24508615    0.24814583    0.28916494    0.26129815    0.25314644    0.25314644    0.25352814
T5             0.22449847    0.28309650    0.29155697    0.25007739    0.25477191    0.25895100    0.04753598    0.01826990    0.00602720    0.00000000    0.09409784    0.08724133    0.08281066    0.23337853    0.23766081    0.21577356    0.30343095    0.24776289    0.25083195    0.29199572    0.26403608    0.25585341    0.25585341    0.25623446
T2             0.28224948    0.32971109    0.33869039    0.31257490    0.31085687    0.31549677    0.13890769    0.10112479    0.09186094    0.09409784    0.00000000    0.05824972    0.04749089    0.28547714    0.29641106    0.26954349    0.35390680    0.29439928    0.29112938    0.32433390    0.28953108    0.28747489    0.28747489    0.28788075
T13            0.28184237    0.33620312    0.34525691    0.30631824    0.30464215    0.30921711    0.12936960    0.09418687    0.08502239    0.08724133    0.05824972    0.00000000    0.02862805    0.27546938    0.27997162    0.25378338    0.35340194    0.28425766    0.28747489    0.32730379    0.29237682    0.28708016    0.28708016    0.28747489
T1             0.27625358    0.33022918    0.33920856    0.29725282    0.29887403    0.30343095    0.12691210    0.08972417    0.08060608    0.08281066    0.04749089    0.02862805    0.00000000    0.28266753    0.29030777    0.25443204    0.34727670    0.28505962    0.28829773    0.32137617    0.28669660    0.28144621    0.28144621    0.28184237
T10            0.30055514    0.36770577    0.36961984    0.32822999    0.34022956    0.32871147    0.27625358    0.24241934    0.23074873    0.23337853    0.28547714    0.27546938    0.28266753    0.00000000    0.04133731    0.06546859    0.36683104    0.29725282    0.30055514    0.32388866    0.30794440    0.32183402    0.32183402    0.32230394
T3             0.30011768    0.34883092    0.35083792    0.32093039    0.33283698    0.32822999    0.27509351    0.24064726    0.23500884    0.23766081    0.29641106    0.27997162    0.29030777    0.04133731    0.00000000    0.06951951    0.38108593    0.29682626    0.30011768    0.32685911    0.30754368    0.31461513    0.31461513    0.31505000
T23            0.29071297    0.36398531    0.36591323    0.33169251    0.34022956    0.33920856    0.25139108    0.21866496    0.21319527    0.21577356    0.26954349    0.25378338    0.25443204    0.06546859    0.06951951    0.00000000    0.35599261    0.28106103    0.28425766    0.31378119    0.28915964    0.30175230    0.30175230    0.30215461
T11            0.22256665    0.41308352    0.42462645    0.34830003    0.36424045    0.36223393    0.35913873    0.32378585    0.31059518    0.30343095    0.35390680    0.35340194    0.34727670    0.36683104    0.38108593    0.35599261    0.00000000    0.13242953    0.13493640    0.18620671    0.24902152    0.25172165    0.25172165    0.25206250
T17            0.16441568    0.32537562    0.33185643    0.26678450    0.27788472    0.28547714    0.27945026    0.25702726    0.24508615    0.24776289    0.29439928    0.28425766    0.28505962    0.29725282    0.29682626    0.28106103    0.13242953    0.00000000    0.00603633    0.12036156    0.17685855    0.18150887    0.18150887    0.18178237
T14            0.16711208    0.33242311    0.33897928    0.27307723    0.28425766    0.29199572    0.28266753    0.26015397    0.24814583    0.25083195    0.29112938    0.28747489    0.28829773    0.30055514    0.30011768    0.28425766    0.13493640    0.00603633    0.00000000    0.12281910    0.17959931    0.18425714    0.18425714    0.18453823
T9             0.21447420    0.37523089    0.37459182    0.32230394    0.32137617    0.31843049    0.33269189    0.29199572    0.28916494    0.29199572    0.32433390    0.32730379    0.32137617    0.32388866    0.32685911    0.31378119    0.18620671    0.12036156    0.12281910    0.00000000    0.23236670    0.22618123    0.22618123    0.22648169
T12            0.11791605    0.35050024    0.35970901    0.29641106    0.30794440    0.31257490    0.29969166    0.26716273    0.26129815    0.26403608    0.28953108    0.29237682    0.28669660    0.30794440    0.30754368    0.28915964    0.24902152    0.17685855    0.17959931    0.23236670    0.00000000    0.06282225    0.06282225    0.06720787
T22            0.12266869    0.35108219    0.36029236    0.29682626    0.31505000    0.31303392    0.28872580    0.26520442    0.25314644    0.25585341    0.28747489    0.28708016    0.28144621    0.32183402    0.31461513    0.30175230    0.25172165    0.18150887    0.18425714    0.22618123    0.06282225    0.00000000    0.00000000    0.00401105
T0             0.12266869    0.35108219    0.36029236    0.29682626    0.31505000    0.31303392    0.28872580    0.26520442    0.25314644    0.25585341    0.28747489    0.28708016    0.28144621    0.32183402    0.31461513    0.30175230    0.25172165    0.18150887    0.18425714    0.22618123    0.06282225    0.00000000    0.00000000    0.00401105
T21            0.12281910    0.35167686    0.36088878    0.29071297    0.30878114    0.30676634    0.28916494    0.26561478    0.25352814    0.25623446    0.28788075    0.28747489    0.28184237    0.32230394    0.31505000    0.30215461    0.25206250    0.18178237    0.18453823    0.22648169    0.06720787    0.00401105    0.00401105    0.00000000

