24
T5             0.00000000    0.23869640    0.24589783    0.28594753    0.25280676    0.25356217    0.24334545    0.23008964    0.21610198    0.27336723    0.21610198    0.21095655    0.20269544    0.18704013    0.17117720    0.24897766    0.20668449    0.20132508    0.17312596    0.17582299    0.17607368    0.19203121    0.19011713    0.19399382
T0             0.23869640    0.00000000    0.06271168    0.10071166    0.23327775    0.26025179    0.23887203    0.22563077    0.21752728    0.25551459    0.20721853    0.20721853    0.21035053    0.24368004    0.23768702    0.28792021    0.25263405    0.22700428    0.25010910    0.25010910    0.24368004    0.25898532    0.25395515    0.26250516
T3             0.24589783    0.06271168    0.00000000    0.10329284    0.24839509    0.26995584    0.25413028    0.24602641    0.23768702    0.29012242    0.20978168    0.20466462    0.20778967    0.24171104    0.24474402    0.28920831    0.24808296    0.23011923    0.24511866    0.24511866    0.23869640    0.25706370    0.25519495    0.26695011
T17            0.28594753    0.10071166    0.10329284    0.00000000    0.29489932    0.31465883    0.29204111    0.27652382    0.26784504    0.30882448    0.25991288    0.25446082    0.25787192    0.29444170    0.28469116    0.32142314    0.29385636    0.26916599    0.27629115    0.27629115    0.26957722    0.28228861    0.29342643    0.28270793
T12            0.25280676    0.23327775    0.24839509    0.29489932    0.00000000    0.07606208    0.08760909    0.10349336    0.09195512    0.13783379    0.13654974    0.12937547    0.12704143    0.24270651    0.23737040    0.31647544    0.27000543    0.22922169    0.27550455    0.27550455    0.27272484    0.27272484    0.26995584    0.27791885
T4             0.25356217    0.26025179    0.26995584    0.31465883    0.07606208    0.00000000    0.09227246    0.11065567    0.09898298    0.14551035    0.13904448    0.13184553    0.12950540    0.25551459    0.24705762    0.33490009    0.27685605    0.24423881    0.27712094    0.27712094    0.27434356    0.27434356    0.27157682    0.27868222
T11            0.24334545    0.23887203    0.25413028    0.29204111    0.08760909    0.09227246    0.00000000    0.10338935    0.09186391    0.13511896    0.13419362    0.12458957    0.12471527    0.23411163    0.22591268    0.30016047    0.25810174    0.22130256    0.26334094    0.26334094    0.26299248    0.26369997    0.25480174    0.25653318
T2             0.23008964    0.22563077    0.24602641    0.27652382    0.10349336    0.11065567    0.10338935    0.00000000    0.01007283    0.05450006    0.12471527    0.11765241    0.11535546    0.23801357    0.23207401    0.29249053    0.25048594    0.22197644    0.25209222    0.25515300    0.25244437    0.25244437    0.25280676    0.26060121
T19            0.21610198    0.21752728    0.23768702    0.26784504    0.09195512    0.09898298    0.09186391    0.01007283    0.00000000    0.04370227    0.11765241    0.11065567    0.10837971    0.22976022    0.22098128    0.28684015    0.24508656    0.21675652    0.24067453    0.24368004    0.24101007    0.24101007    0.24742155    0.24905009
T6             0.27336723    0.25551459    0.29012242    0.30882448    0.13783379    0.14551035    0.13511896    0.05450006    0.04370227    0.00000000    0.16027934    0.15809669    0.15569771    0.27938338    0.27521704    0.33365978    0.29773469    0.27311344    0.29342643    0.29012242    0.29391105    0.29391105    0.29440676    0.30246878
T13            0.21610198    0.20721853    0.20978168    0.25991288    0.13654974    0.13904448    0.13419362    0.12471527    0.11765241    0.16027934    0.00000000    0.01413384    0.01619039    0.20778967    0.21868869    0.28033969    0.23620386    0.21110309    0.24817957    0.24817957    0.24779554    0.25395515    0.24897766    0.24905009
T21            0.21095655    0.20721853    0.20466462    0.25446082    0.12937547    0.13184553    0.12458957    0.11765241    0.11065567    0.15809669    0.01413384    0.00000000    0.01008413    0.20839769    0.21352462    0.26839903    0.22509626    0.20039439    0.24283689    0.24283689    0.24245171    0.24857361    0.24057583    0.24670377
T22            0.20269544    0.21035053    0.20778967    0.25787192    0.12704143    0.12950540    0.12471527    0.11535546    0.10837971    0.15569771    0.01619039    0.01008413    0.00000000    0.20584798    0.21095655    0.27521704    0.22535862    0.19510018    0.24018033    0.24018033    0.23979461    0.24589783    0.23792947    0.24402468
T9             0.18704013    0.24368004    0.24171104    0.29444170    0.24270651    0.25551459    0.23411163    0.23801357    0.22976022    0.27938338    0.20778967    0.20839769    0.20584798    0.00000000    0.15765325    0.24018033    0.19806942    0.18233595    0.18427583    0.18152677    0.17853469    0.19512183    0.18762789    0.19930896
T20            0.17117720    0.23768702    0.24474402    0.28469116    0.23737040    0.24705762    0.22591268    0.23207401    0.22098128    0.27521704    0.21868869    0.21352462    0.21095655    0.15765325    0.00000000    0.18208384    0.14155175    0.14201115    0.19986857    0.19986857    0.20240310    0.20523799    0.20616665    0.20494672
T1             0.24897766    0.28792021    0.28920831    0.32142314    0.31647544    0.33490009    0.30016047    0.29249053    0.28684015    0.33365978    0.28033969    0.26839903    0.27521704    0.24018033    0.18208384    0.00000000    0.11535546    0.12315093    0.26925271    0.27566975    0.27844627    0.28169654    0.26695011    0.30010081
T16            0.20668449    0.25263405    0.24808296    0.29385636    0.27000543    0.27685605    0.25810174    0.25048594    0.24508656    0.29773469    0.23620386    0.22509626    0.22535862    0.19806942    0.14155175    0.11535546    0.00000000    0.10071166    0.25175033    0.25175033    0.25141874    0.25446082    0.24334545    0.25653318
T15            0.20132508    0.22700428    0.23011923    0.26916599    0.22922169    0.24423881    0.22130256    0.22197644    0.21675652    0.27311344    0.21110309    0.20039439    0.19510018    0.18233595    0.14201115    0.12315093    0.10071166    0.00000000    0.22301201    0.22012810    0.21986294    0.22563077    0.22068730    0.22197644
T23            0.17312596    0.25010910    0.24511866    0.27629115    0.27550455    0.27712094    0.26334094    0.25209222    0.24067453    0.29342643    0.24817957    0.24283689    0.24018033    0.18427583    0.19986857    0.26925271    0.25175033    0.22301201    0.00000000    0.01620811    0.01824810    0.04124106    0.05654056    0.14728496
T14            0.17582299    0.25010910    0.24511866    0.27629115    0.27550455    0.27712094    0.26334094    0.25515300    0.24368004    0.29012242    0.24817957    0.24283689    0.24018033    0.18152677    0.19986857    0.27566975    0.25175033    0.22012810    0.01620811    0.00000000    0.01008413    0.04124106    0.05654056    0.14728496
T18            0.17607368    0.24368004    0.23869640    0.26957722    0.27272484    0.27434356    0.26299248    0.25244437    0.24101007    0.29391105    0.24779554    0.24245171    0.23979461    0.17853469    0.20240310    0.27844627    0.25141874    0.21986294    0.01824810    0.01008413    0.00000000    0.03694652    0.05867475    0.14966787
T8             0.19203121    0.25898532    0.25706370    0.28228861    0.27272484    0.27434356    0.26369997    0.25244437    0.24101007    0.29391105    0.25395515    0.24857361    0.24589783    0.19512183    0.20523799    0.28169654    0.25446082    0.22563077    0.04124106    0.04124106    0.03694652    0.00000000    0.06537270    0.15483842
T7             0.19011713    0.25395515    0.25519495    0.29342643    0.26995584    0.27157682    0.25480174    0.25280676    0.24742155    0.29440676    0.24897766    0.24057583    0.23792947    0.18762789    0.20616665    0.26695011    0.24334545    0.22068730    0.05654056    0.05654056    0.05867475    0.06537270    0.00000000    0.15809669
T10            0.19399382    0.26250516    0.26695011    0.28270793    0.27791885    0.27868222    0.25653318    0.26060121    0.24905009    0.30246878    0.24905009    0.24670377    0.24402468    0.19930896    0.20494672    0.30010081    0.25653318    0.22197644    0.14728496    0.14728496    0.14966787    0.15483842    0.15809669    0.00000000

