24
T17            0.00000000    0.27235160    0.26921380    0.27720420    0.28353945    0.27309932    0.32098250    0.31466515    0.31011340    0.39833645    0.38292674    0.34028837    0.34889883    0.49031265    0.49031265    0.40618491    0.43018840    0.41473759    0.41874425    0.31113441    0.29819081    0.07833051    0.07825667    0.07606242
T4             0.27235160    0.00000000    0.00806483    0.03497173    0.04355684    0.05413162    0.10173261    0.09711177    0.09462109    0.21035316    0.19904514    0.20466712    0.17512438    0.38354269    0.39121752    0.32142972    0.34544090    0.32438780    0.32781651    0.24245526    0.23078072    0.29160447    0.29117557    0.28834362
T11            0.26921380    0.00806483    0.00000000    0.03497173    0.04355684    0.04977363    0.09698036    0.09239320    0.08993578    0.20466712    0.19348581    0.20466712    0.16978794    0.38354269    0.39121752    0.32142972    0.34544090    0.32438780    0.32781651    0.23640738    0.22485843    0.28834362    0.28792536    0.28510394
T23            0.27720420    0.03497173    0.03497173    0.00000000    0.04128647    0.05185689    0.09909863    0.09450254    0.09673939    0.20413056    0.19854015    0.20694944    0.17203967    0.36743261    0.36743261    0.31382849    0.33766484    0.31676509    0.32012448    0.24171456    0.23009282    0.29973875    0.29932288    0.29645654
T8             0.28353945    0.04355684    0.04355684    0.04128647    0.00000000    0.06061119    0.10385084    0.09922106    0.10146907    0.21550289    0.20413056    0.22420555    0.18548918    0.39901225    0.39901225    0.32828726    0.34805774    0.33034057    0.33379295    0.25395906    0.24207996    0.30636867    0.30593080    0.30304269
T10            0.27309932    0.05413162    0.04977363    0.05185689    0.06061119    0.00000000    0.09662989    0.09205412    0.09215990    0.21521610    0.20387616    0.20387616    0.18254961    0.38060220    0.38060220    0.31931521    0.34335981    0.32227697    0.32564765    0.23835346    0.22681981    0.29527563    0.29814444    0.29527563
T18            0.32098250    0.10173261    0.09698036    0.09909863    0.10385084    0.09662989    0.00000000    0.00401105    0.05626652    0.25627262    0.24402829    0.25627262    0.22128776    0.41541862    0.41541862    0.36015001    0.37532415    0.35705453    0.36066942    0.26292137    0.25395906    0.34889883    0.34836623    0.34532267
T22            0.31466515    0.09711177    0.09239320    0.09450254    0.09922106    0.09205412    0.00401105    0.00000000    0.05194787    0.25048621    0.23835346    0.25048621    0.21579912    0.40813316    0.40813316    0.35346563    0.36851971    0.35039612    0.35397218    0.26334376    0.25436221    0.34229177    0.34177195    0.33875362
T15            0.31011340    0.09462109    0.08993578    0.09673939    0.10146907    0.09215990    0.05626652    0.05194787    0.00000000    0.25011289    0.23801700    0.24706131    0.21263541    0.42614044    0.42614044    0.36275292    0.37900553    0.36431070    0.36797876    0.28123831    0.27201310    0.32350666    0.32308446    0.32012448
T19            0.39833645    0.21035316    0.20466712    0.20413056    0.21550289    0.21521610    0.25627262    0.25048621    0.25011289    0.00000000    0.01214667    0.18237728    0.15833223    0.42812724    0.42812724    0.36951649    0.39614985    0.37634716    0.37634716    0.31083076    0.30794326    0.42238193    0.42162408    0.41829301
T5             0.38292674    0.19904514    0.19348581    0.19854015    0.20413056    0.20387616    0.24402829    0.23835346    0.23801700    0.01214667    0.00000000    0.17144044    0.14788215    0.43219915    0.43219915    0.36951649    0.39614985    0.37634716    0.37634716    0.29725370    0.29441213    0.40622354    0.40553099    0.40226441
T14            0.34028837    0.20466712    0.20466712    0.20694944    0.22420555    0.20387616    0.25627262    0.25048621    0.24706131    0.18237728    0.17144044    0.00000000    0.10624402    0.44348435    0.44348435    0.37056797    0.38966945    0.36743261    0.37111417    0.31194906    0.30906056    0.36911149    0.36853839    0.36541621
T20            0.34889883    0.17512438    0.16978794    0.17203967    0.18548918    0.18254961    0.22128776    0.21579912    0.21263541    0.15833223    0.14788215    0.10624402    0.00000000    0.43850848    0.43850848    0.36743261    0.39669570    0.37426314    0.37798587    0.30113182    0.29491896    0.37091148    0.37029805    0.36717459
T16            0.49031265    0.38354269    0.38354269    0.36743261    0.39901225    0.38060220    0.41541862    0.40813316    0.42614044    0.42812724    0.43219915    0.44348435    0.43850848    0.00000000    0.00806483    0.13729341    0.14141618    0.12994368    0.12746125    0.37914755    0.38354269    0.53877763    0.53757769    0.53371371
T21            0.49031265    0.39121752    0.39121752    0.36743261    0.39901225    0.38060220    0.41541862    0.40813316    0.42614044    0.42812724    0.43219915    0.44348435    0.43850848    0.00806483    0.00000000    0.13729341    0.14141618    0.12994368    0.12746125    0.38673478    0.39121752    0.53877763    0.53757769    0.53371371
T7             0.40618491    0.32142972    0.32142972    0.31382849    0.32828726    0.31931521    0.36015001    0.35346563    0.36275292    0.36951649    0.36951649    0.37056797    0.36743261    0.13729341    0.13729341    0.00000000    0.08250032    0.07162251    0.06937990    0.34532267    0.34229177    0.44270025    0.43775797    0.43850848
T6             0.43018840    0.34544090    0.34544090    0.33766484    0.34805774    0.34335981    0.37532415    0.36851971    0.37900553    0.39614985    0.39614985    0.38966945    0.39669570    0.14141618    0.14141618    0.08250032    0.00000000    0.02647085    0.02439605    0.37371691    0.37056797    0.46793003    0.46713297    0.46359273
T13            0.41473759    0.32438780    0.32438780    0.31676509    0.33034057    0.32227697    0.35705453    0.35039612    0.36431070    0.37634716    0.37634716    0.36743261    0.37426314    0.12994368    0.12994368    0.07162251    0.02647085    0.00000000    0.00200402    0.35921164    0.35612900    0.45633020    0.45549109    0.45201140
T3             0.41874425    0.32781651    0.32781651    0.32012448    0.33379295    0.32564765    0.36066942    0.35397218    0.36797876    0.37634716    0.37634716    0.37111417    0.37798587    0.12746125    0.12746125    0.06937990    0.02439605    0.00200402    0.00000000    0.36287980    0.35978376    0.46068672    0.45982863    0.45633020
T12            0.31113441    0.24245526    0.23640738    0.24171456    0.25395906    0.23835346    0.26292137    0.26334376    0.28123831    0.31083076    0.29725370    0.31194906    0.30113182    0.37914755    0.38673478    0.34532267    0.37371691    0.35921164    0.36287980    0.00000000    0.01212504    0.33905242    0.33847072    0.33547603
T2             0.29819081    0.23078072    0.22485843    0.23009282    0.24207996    0.22681981    0.25395906    0.25436221    0.27201310    0.30794326    0.29441213    0.30906056    0.29491896    0.38354269    0.39121752    0.34229177    0.37056797    0.35612900    0.35978376    0.01212504    0.00000000    0.32895516    0.32839926    0.32544171
T0             0.07833051    0.29160447    0.28834362    0.29973875    0.30636867    0.29527563    0.34889883    0.34229177    0.32350666    0.42238193    0.40622354    0.36911149    0.37091148    0.53877763    0.53877763    0.44270025    0.46793003    0.45633020    0.46068672    0.33905242    0.32895516    0.00000000    0.00401105    0.00200402
T9             0.07825667    0.29117557    0.28792536    0.29932288    0.30593080    0.29814444    0.34836623    0.34177195    0.32308446    0.42162408    0.40553099    0.36853839    0.37029805    0.53757769    0.53757769    0.43775797    0.46713297    0.45549109    0.45982863    0.33847072    0.32839926    0.00401105    0.00000000    0.00200301
T1             0.07606242    0.28834362    0.28510394    0.29645654    0.30304269    0.29527563    0.34532267    0.33875362    0.32012448    0.41829301    0.40226441    0.36541621    0.36717459    0.53371371    0.53371371    0.43850848    0.46359273    0.45201140    0.45633020    0.33547603    0.32544171    0.00200402    0.00200301    0.00000000

