24
T1             0.00000000    0.31476834    0.33645798    0.35719030    0.35103622    0.34392684    0.36445505    0.30478083    0.30478083    0.22950078    0.24341217    0.27638137    0.23347503    0.25596505    0.22426162    0.20623109    0.21680323    0.24341217    0.24276995    0.23841714    0.18032123    0.19304807    0.20065321    0.11271989
T16            0.31476834    0.00000000    0.11536908    0.14187018    0.13714749    0.12996096    0.14988217    0.09196337    0.09196337    0.25872906    0.27316772    0.29750030    0.25660176    0.28760685    0.24545377    0.32449881    0.32496027    0.34697200    0.34697200    0.33691754    0.29901041    0.32658518    0.33557696    0.28399756
T15            0.33645798    0.11536908    0.00000000    0.05607827    0.05179465    0.04753824    0.06492809    0.09402650    0.09402650    0.28008554    0.30149569    0.33045362    0.26858245    0.31859272    0.26581976    0.35103622    0.35410674    0.37182735    0.35359729    0.36500425    0.31859272    0.33645798    0.34555933    0.31228341
T9             0.35719030    0.14187018    0.05607827    0.00000000    0.00401208    0.02854289    0.04542012    0.12228369    0.12228369    0.29250426    0.32109003    0.35103622    0.28720876    0.33994037    0.28438521    0.35052659    0.35359729    0.37871928    0.36028702    0.37931044    0.32496027    0.35359729    0.36288824    0.33587537
T23            0.35103622    0.13714749    0.05179465    0.00401208    0.00000000    0.02440605    0.04120379    0.11766624    0.11766624    0.28682192    0.31520702    0.34493386    0.28157272    0.33393845    0.27877120    0.34797863    0.35103622    0.37240405    0.35410674    0.37299440    0.31905498    0.34746884    0.35668105    0.32989849
T5             0.34392684    0.12996096    0.04753824    0.02854289    0.02440605    0.00000000    0.02857325    0.11307955    0.11307955    0.29004347    0.31184418    0.33787468    0.28157272    0.33639807    0.28197221    0.34442394    0.34746884    0.36500425    0.35410674    0.36556690    0.31565768    0.34040986    0.34954651    0.32641804
T13            0.36445505    0.14988217    0.06492809    0.04542012    0.04120379    0.02857325    0.00000000    0.13245675    0.13245675    0.30560269    0.32793109    0.35824856    0.30026477    0.35320487    0.30070595    0.36869041    0.37182735    0.38628755    0.35771281    0.36445505    0.33536516    0.36080943    0.37017927    0.34295996
T11            0.30478083    0.09196337    0.09402650    0.12228369    0.11766624    0.11307955    0.13245675    0.00000000    0.00000000    0.25933604    0.27380497    0.30808779    0.25182084    0.29328600    0.25148753    0.32109003    0.32404963    0.34654041    0.34295996    0.34710146    0.29411333    0.31141686    0.32022721    0.28478401
T17            0.30478083    0.09196337    0.09402650    0.12228369    0.11766624    0.11307955    0.13245675    0.00000000    0.00000000    0.25933604    0.27380497    0.30808779    0.25182084    0.29328600    0.25148753    0.32109003    0.32404963    0.34654041    0.34295996    0.34710146    0.29411333    0.31141686    0.32022721    0.28478401
T12            0.22950078    0.25872906    0.28008554    0.29250426    0.28682192    0.29004347    0.30560269    0.25933604    0.25933604    0.00000000    0.02866700    0.04994893    0.09253094    0.14988217    0.11335751    0.21011183    0.21785533    0.25487473    0.25116458    0.25596505    0.21555297    0.21445722    0.22226980    0.19935464
T19            0.24341217    0.27316772    0.30149569    0.32109003    0.31520702    0.31184418    0.32793109    0.27380497    0.27380497    0.02866700    0.00000000    0.05441716    0.10639643    0.15968311    0.12023871    0.22364401    0.23743253    0.27559064    0.26858245    0.27360215    0.23509806    0.23388064    0.24188297    0.21843896
T22            0.27638137    0.29750030    0.33045362    0.35103622    0.34493386    0.33787468    0.35824856    0.30808779    0.30808779    0.04994893    0.05441716    0.00000000    0.12796915    0.18850544    0.14988217    0.25559125    0.26377891    0.29696854    0.29614250    0.29923355    0.25831009    0.26306773    0.27135589    0.24107783
T0             0.23347503    0.25660176    0.26858245    0.28720876    0.28157272    0.28157272    0.30026477    0.25182084    0.25182084    0.09253094    0.10639643    0.12796915    0.00000000    0.14790774    0.10896128    0.21389747    0.22165642    0.24142510    0.24074058    0.24558096    0.21357994    0.21240366    0.22017925    0.19963126
T3             0.25596505    0.28760685    0.31859272    0.33994037    0.33393845    0.33639807    0.35320487    0.29328600    0.29328600    0.14988217    0.15968311    0.18850544    0.14790774    0.00000000    0.05626935    0.24041337    0.24846151    0.28886828    0.27521161    0.27083362    0.24519440    0.24308599    0.24814777    0.22103672
T6             0.22426162    0.24545377    0.26581976    0.28438521    0.27877120    0.28197221    0.30070595    0.25148753    0.25148753    0.11335751    0.12023871    0.14988217    0.10896128    0.05626935    0.00000000    0.19882882    0.21213317    0.24642913    0.23095245    0.24142510    0.20245199    0.20367136    0.21137872    0.18377874
T10            0.20623109    0.32449881    0.35103622    0.35052659    0.34797863    0.34442394    0.36869041    0.32109003    0.32109003    0.21011183    0.22364401    0.25559125    0.21389747    0.24041337    0.19882882    0.00000000    0.02650573    0.23841714    0.22596780    0.22982209    0.18779581    0.19513712    0.20002173    0.18576240
T8             0.21680323    0.32496027    0.35410674    0.35359729    0.35103622    0.34746884    0.37182735    0.32404963    0.32404963    0.21785533    0.23743253    0.26377891    0.22165642    0.24846151    0.21213317    0.02650573    0.00000000    0.24107783    0.22859560    0.22888750    0.19535093    0.20277967    0.21050686    0.19882882
T7             0.24341217    0.34697200    0.37182735    0.37871928    0.37240405    0.36500425    0.38628755    0.34654041    0.34654041    0.25487473    0.27559064    0.29696854    0.24142510    0.28886828    0.24642913    0.23841714    0.24107783    0.00000000    0.07622677    0.09699086    0.14020790    0.14969225    0.15430478    0.23477878
T20            0.24276995    0.34697200    0.35359729    0.36028702    0.35410674    0.35410674    0.35771281    0.34295996    0.34295996    0.25116458    0.26858245    0.29614250    0.24074058    0.27521161    0.23095245    0.22596780    0.22859560    0.07622677    0.00000000    0.09440006    0.13479816    0.14171631    0.14886663    0.21498603
T21            0.23841714    0.33691754    0.36500425    0.37931044    0.37299440    0.36556690    0.36445505    0.34710146    0.34710146    0.25596505    0.27360215    0.29923355    0.24558096    0.27083362    0.24142510    0.22982209    0.22888750    0.09699086    0.09440006    0.00000000    0.13825917    0.14002007    0.14457248    0.21585067
T4             0.18032123    0.29901041    0.31859272    0.32496027    0.31905498    0.31565768    0.33536516    0.29411333    0.29411333    0.21555297    0.23509806    0.25831009    0.21357994    0.24519440    0.20245199    0.18779581    0.19535093    0.14020790    0.13479816    0.13825917    0.00000000    0.08503149    0.09171059    0.16678564
T2             0.19304807    0.32658518    0.33645798    0.35359729    0.34746884    0.34040986    0.36080943    0.31141686    0.31141686    0.21445722    0.23388064    0.26306773    0.21240366    0.24308599    0.20367136    0.19513712    0.20277967    0.14969225    0.14171631    0.14002007    0.08503149    0.00000000    0.00602724    0.18197107
T18            0.20065321    0.33557696    0.34555933    0.36288824    0.35668105    0.34954651    0.37017927    0.32022721    0.32022721    0.22226980    0.24188297    0.27135589    0.22017925    0.24814777    0.21137872    0.20002173    0.21050686    0.15430478    0.14886663    0.14457248    0.09171059    0.00602724    0.00000000    0.18949185
T14            0.11271989    0.28399756    0.31228341    0.33587537    0.32989849    0.32641804    0.34295996    0.28478401    0.28478401    0.19935464    0.21843896    0.24107783    0.19963126    0.22103672    0.18377874    0.18576240    0.19882882    0.23477878    0.21498603    0.21585067    0.16678564    0.18197107    0.18949185    0.00000000

