24
T5             0.00000000    0.26293707    0.27983785    0.27191999    0.28221866    0.28221866    0.28784912    0.29480349    0.29196201    0.31374539    0.32638781    0.22354649    0.24265978    0.26951620    0.25712863    0.22646256    0.20921607    0.27506545    0.21546083    0.21864663    0.18397136    0.18370796    0.18097524    0.19550619
T16            0.26293707    0.00000000    0.04123983    0.08494521    0.13727709    0.14489240    0.14453399    0.14183497    0.13947005    0.20129289    0.20691196    0.26603381    0.27056605    0.29272717    0.31751258    0.27544086    0.24474914    0.30500936    0.26364152    0.26090314    0.31457830    0.31082157    0.32341724    0.35019214
T4             0.27983785    0.04123983    0.00000000    0.08946504    0.14726704    0.15502019    0.15462501    0.15703083    0.15462501    0.20384115    0.21231750    0.27901265    0.29234578    0.30962781    0.33864557    0.28221866    0.25104813    0.31794632    0.27028082    0.26752364    0.33316560    0.32916267    0.34932587    0.36576016
T19            0.27191999    0.08494521    0.08946504    0.00000000    0.12066774    0.12811291    0.12776469    0.13009005    0.12776469    0.18868775    0.19145068    0.24630878    0.25680058    0.27470087    0.30295906    0.25545756    0.22849887    0.29480349    0.24397242    0.24130374    0.32772015    0.32384973    0.33416261    0.35764906
T9             0.28221866    0.13727709    0.14726704    0.12066774    0.00000000    0.05894136    0.05653739    0.07403282    0.07185642    0.16711762    0.17467572    0.24095966    0.26054477    0.26364152    0.29152383    0.23796496    0.22325488    0.28181207    0.22384771    0.22124242    0.34628310    0.34218037    0.35657502    0.38047240
T20            0.28221866    0.14489240    0.15502019    0.12811291    0.05894136    0.00000000    0.03284730    0.08550202    0.08329937    0.19145068    0.19927495    0.23202886    0.25136803    0.26054477    0.28181207    0.22616246    0.21179084    0.26914986    0.22094012    0.21834327    0.34628310    0.34218037    0.34932587    0.36576016
T12            0.28784912    0.14453399    0.15462501    0.12776469    0.05653739    0.03284730    0.00000000    0.08760282    0.08539137    0.18274166    0.19046490    0.24630878    0.26603381    0.27544086    0.29068092    0.23732448    0.22270055    0.28422745    0.22908705    0.22646256    0.34166291    0.33764808    0.34469282    0.36840574
T14            0.29480349    0.14183497    0.15703083    0.13009005    0.07403282    0.08550202    0.08760282    0.00000000    0.01212487    0.18025962    0.18795775    0.25042474    0.27663182    0.28631228    0.31444146    0.24969133    0.23763977    0.28221866    0.24432562    0.24165774    0.34825278    0.34418808    0.35490649    0.37888332
T23            0.29196201    0.13947005    0.15462501    0.12776469    0.07185642    0.08329937    0.08539137    0.01212487    0.00000000    0.17242349    0.18003852    0.25389380    0.27385453    0.27705032    0.31153262    0.24700345    0.23498810    0.27861631    0.24165774    0.23899973    0.33814058    0.34115804    0.34825278    0.37570768
T1             0.31374539    0.20129289    0.20384115    0.18868775    0.16711762    0.19145068    0.18274166    0.18025962    0.17242349    0.00000000    0.03284730    0.28744377    0.30500936    0.31501262    0.31751258    0.29311988    0.26844925    0.34066576    0.26535252    0.26568784    0.37785464    0.37359210    0.39624624    0.39655948
T13            0.32638781    0.20691196    0.21231750    0.19145068    0.17467572    0.19927495    0.19046490    0.18795775    0.18003852    0.03284730    0.00000000    0.29637813    0.31415588    0.30500936    0.32341724    0.30212076    0.28029527    0.34321675    0.27400431    0.27434715    0.39179799    0.38742234    0.40275530    0.41082042
T10            0.22354649    0.26603381    0.27901265    0.24630878    0.24095966    0.23202886    0.24630878    0.25042474    0.25389380    0.28744377    0.29637813    0.00000000    0.06089388    0.06536845    0.07650567    0.13276533    0.11547775    0.17778631    0.11333186    0.11592028    0.27400431    0.27367239    0.27434715    0.30602654
T8             0.24265978    0.27056605    0.29234578    0.25680058    0.26054477    0.25136803    0.26603381    0.27663182    0.27385453    0.30500936    0.31415588    0.06089388    0.00000000    0.07849422    0.08060392    0.15222745    0.12949355    0.19069794    0.13226393    0.13492977    0.29447580    0.29412973    0.29483337    0.32740191
T15            0.26951620    0.29272717    0.30962781    0.27470087    0.26364152    0.26054477    0.27544086    0.28631228    0.27705032    0.31501262    0.30500936    0.06536845    0.07849422    0.00000000    0.09215260    0.16753141    0.15703083    0.22354649    0.15481848    0.15763154    0.32089199    0.32726376    0.33070128    0.36214880
T6             0.25712863    0.31751258    0.33864557    0.30295906    0.29152383    0.28181207    0.29068092    0.31444146    0.31153262    0.31751258    0.32341724    0.07650567    0.08060392    0.09215260    0.00000000    0.17242349    0.15152987    0.21722458    0.14674637    0.14946965    0.30674427    0.30637947    0.29734600    0.34022035
T11            0.22646256    0.27544086    0.28221866    0.25545756    0.23796496    0.22616246    0.23732448    0.24969133    0.24700345    0.29311988    0.30212076    0.13276533    0.15222745    0.16753141    0.17242349    0.00000000    0.06735161    0.12021211    0.09215260    0.09461284    0.26989319    0.26951620    0.26400952    0.31082157
T3             0.20921607    0.24474914    0.25104813    0.22849887    0.22325488    0.21179084    0.22270055    0.23763977    0.23498810    0.26844925    0.28029527    0.11547775    0.12949355    0.15703083    0.15152987    0.06735161    0.00000000    0.09652059    0.07169098    0.07403282    0.27156528    0.27122137    0.26568784    0.30022779
T0             0.27506545    0.30500936    0.31794632    0.29480349    0.28181207    0.26914986    0.28422745    0.28221866    0.27861631    0.34066576    0.34321675    0.17778631    0.19069794    0.22354649    0.21722458    0.12021211    0.09652059    0.00000000    0.12977608    0.12744748    0.34878294    0.34825278    0.32818878    0.37675353
T17            0.21546083    0.26364152    0.27028082    0.24397242    0.22384771    0.22094012    0.22908705    0.24432562    0.24165774    0.26535252    0.27400431    0.11333186    0.13226393    0.15481848    0.14674637    0.09215260    0.07169098    0.12977608    0.00000000    0.00602718    0.28181207    0.28141641    0.28221866    0.32089199
T7             0.21864663    0.26090314    0.26752364    0.24130374    0.22124242    0.21834327    0.22646256    0.24165774    0.23899973    0.26568784    0.27434715    0.11592028    0.13492977    0.15763154    0.14946965    0.09461284    0.07403282    0.12744748    0.00602718    0.00000000    0.27901265    0.27861631    0.27941984    0.32475125
T21            0.18397136    0.31457830    0.33316560    0.32772015    0.34628310    0.34628310    0.34166291    0.34825278    0.33814058    0.37785464    0.39179799    0.27400431    0.29447580    0.32089199    0.30674427    0.26989319    0.27156528    0.34878294    0.28181207    0.27901265    0.00000000    0.00401105    0.04123983    0.13009005
T2             0.18370796    0.31082157    0.32916267    0.32384973    0.34218037    0.34218037    0.33764808    0.34418808    0.34115804    0.37359210    0.38742234    0.27367239    0.29412973    0.32726376    0.30637947    0.26951620    0.27122137    0.34825278    0.28141641    0.27861631    0.00401105    0.00000000    0.04120120    0.12992915
T18            0.18097524    0.32341724    0.34932587    0.33416261    0.35657502    0.34932587    0.34469282    0.35490649    0.34825278    0.39624624    0.40275530    0.27434715    0.29483337    0.33070128    0.29734600    0.26400952    0.26568784    0.32818878    0.28221866    0.27941984    0.04123983    0.04120120    0.00000000    0.12281360
T22            0.19550619    0.35019214    0.36576016    0.35764906    0.38047240    0.36576016    0.36840574    0.37888332    0.37570768    0.39655948    0.41082042    0.30602654    0.32740191    0.36214880    0.34022035    0.31082157    0.30022779    0.37675353    0.32089199    0.32475125    0.13009005    0.12992915    0.12281360    0.00000000

