24
T20            0.00000000    0.31627251    0.28376009    0.27217933    0.28797283    0.26623873    0.28285301    0.28797283    0.31106383    0.25450902    0.22107996    0.31475489    0.34838615    0.30506530    0.32031027    0.31694483    0.30407795    0.32209381    0.24525454    0.26307558    0.29837824    0.30605558    0.30894380    0.30817461
T13            0.31627251    0.00000000    0.14437127    0.13476546    0.14752614    0.11895020    0.13382213    0.13149827    0.12875201    0.10780002    0.18933028    0.25800618    0.27884036    0.24987679    0.26765637    0.27386283    0.26182473    0.25970964    0.22342631    0.23543189    0.28236357    0.28999691    0.28386439    0.27451923
T3             0.28376009    0.14437127    0.00000000    0.01824869    0.03710734    0.08984296    0.10867254    0.10640716    0.10867254    0.07893675    0.17743232    0.25059823    0.28767947    0.24550289    0.27571958    0.26955205    0.26677012    0.28014776    0.22202818    0.23388973    0.24614601    0.25294231    0.24113089    0.24147977
T15            0.27217933    0.13476546    0.01824869    0.00000000    0.02245820    0.07632212    0.09476599    0.09253957    0.09713215    0.06558843    0.17272394    0.24251136    0.29134663    0.24346400    0.27665965    0.26734997    0.26765637    0.27490659    0.21137466    0.22306250    0.23514728    0.24183868    0.23020323    0.23054560
T0             0.28797283    0.14752614    0.03710734    0.02245820    0.00000000    0.08773433    0.10655538    0.09950963    0.10897330    0.07688044    0.18604034    0.24221424    0.29092464    0.24313627    0.28898496    0.27633509    0.27665965    0.28727942    0.22270819    0.23464132    0.24683006    0.25370514    0.23581865    0.24525454
T16            0.26623873    0.11895020    0.08984296    0.07632212    0.08773433    0.00000000    0.03492951    0.03285064    0.05221673    0.05200837    0.15383595    0.23870377    0.27107698    0.23072209    0.25744188    0.25445987    0.24876790    0.25547117    0.19079681    0.20192799    0.22021847    0.22368756    0.22107996    0.21502468
T17            0.28285301    0.13382213    0.10867254    0.09476599    0.10655538    0.03492951    0.00000000    0.01414141    0.06548223    0.06970164    0.16699465    0.25090187    0.29051396    0.24281871    0.26983490    0.26677012    0.26096237    0.26797372    0.19939045    0.21074425    0.22049596    0.22107996    0.21848191    0.21244203
T12            0.28797283    0.13149827    0.10640716    0.09253957    0.09950963    0.03285064    0.01414141    0.00000000    0.06333469    0.06753882    0.16680655    0.24759783    0.28689063    0.23953773    0.26096237    0.26346009    0.25768753    0.26458196    0.20192799    0.21331412    0.22601028    0.22660906    0.21818394    0.21789557
T8             0.31106383    0.12875201    0.10867254    0.09713215    0.10897330    0.05221673    0.06548223    0.06333469    0.00000000    0.07881972    0.18805253    0.27806918    0.31282245    0.26972366    0.29756725    0.29434360    0.28828904    0.28935011    0.21301397    0.22463276    0.25565128    0.25952633    0.25680904    0.24718739
T10            0.25450902    0.10780002    0.07893675    0.06558843    0.07688044    0.05200837    0.06970164    0.06753882    0.07881972    0.00000000    0.14971123    0.22282976    0.26384021    0.20933217    0.24112865    0.23819907    0.23262128    0.23924953    0.17588906    0.18683740    0.20703058    0.21331412    0.20788140    0.20249057
T21            0.22107996    0.18933028    0.17743232    0.17272394    0.18604034    0.15383595    0.16699465    0.16680655    0.18805253    0.14971123    0.00000000    0.12916452    0.15898366    0.12217362    0.14566769    0.13840913    0.12871086    0.14131675    0.14714382    0.16275100    0.18782390    0.19380932    0.19355633    0.18107383
T14            0.31475489    0.25800618    0.25059823    0.24251136    0.24221424    0.23870377    0.25090187    0.24759783    0.27806918    0.22282976    0.12916452    0.00000000    0.06271738    0.04771195    0.16060023    0.15048880    0.14807398    0.15369046    0.22863839    0.24046330    0.25361685    0.26038370    0.25697615    0.25493134
T5             0.34838615    0.27884036    0.28767947    0.29134663    0.29092464    0.27107698    0.29051396    0.28689063    0.31282245    0.26384021    0.15898366    0.06271738    0.00000000    0.07206668    0.17837582    0.17601839    0.17092159    0.17702535    0.24917407    0.25913063    0.27419972    0.28445536    0.28087278    0.27326891
T6             0.30506530    0.24987679    0.24550289    0.24346400    0.24313627    0.23072209    0.24281871    0.23953773    0.26972366    0.20933217    0.12217362    0.04771195    0.07206668    0.00000000    0.15584600    0.14346698    0.14108192    0.14425929    0.21272327    0.22724689    0.24550289    0.25222070    0.24883814    0.24683006
T7             0.32031027    0.26765637    0.27571958    0.27665965    0.28898496    0.25744188    0.26983490    0.26096237    0.29756725    0.24112865    0.14566769    0.16060023    0.17837582    0.15584600    0.00000000    0.06487971    0.05396109    0.08290955    0.23773568    0.25547117    0.28196459    0.28898496    0.28228652    0.28406578
T11            0.31694483    0.27386283    0.26955205    0.26734997    0.27633509    0.25445987    0.26677012    0.26346009    0.29434360    0.23819907    0.13840913    0.15048880    0.17601839    0.14346698    0.06487971    0.00000000    0.01824869    0.08080075    0.23819907    0.25002242    0.25794406    0.26458196    0.26123898    0.26213382
T9             0.30407795    0.26182473    0.26677012    0.26765637    0.27665965    0.24876790    0.26096237    0.25768753    0.28828904    0.23262128    0.12871086    0.14807398    0.17092159    0.14108192    0.05396109    0.01824869    0.00000000    0.06953052    0.23262128    0.24434031    0.26123898    0.26797372    0.26458196    0.26553778
T4             0.32209381    0.25970964    0.28014776    0.27490659    0.28727942    0.25547117    0.26797372    0.26458196    0.28935011    0.23924953    0.14131675    0.15369046    0.17702535    0.14425929    0.08290955    0.08080075    0.06953052    0.00000000    0.24221424    0.25425313    0.27141501    0.27844926    0.27490659    0.26972366
T23            0.24525454    0.22342631    0.22202818    0.21137466    0.22270819    0.19079681    0.19939045    0.20192799    0.21301397    0.17588906    0.14714382    0.22863839    0.24917407    0.21272327    0.23773568    0.23819907    0.23262128    0.24221424    0.00000000    0.01620868    0.20703058    0.21331412    0.21301397    0.19129638
T18            0.26307558    0.23543189    0.23388973    0.22306250    0.23464132    0.20192799    0.21074425    0.21331412    0.22463276    0.18683740    0.16275100    0.24046330    0.25913063    0.22724689    0.25547117    0.25002242    0.24434031    0.25425313    0.01620868    0.00000000    0.21559425    0.22496714    0.22463276    0.20249057
T1             0.29837824    0.28236357    0.24614601    0.23514728    0.24683006    0.22021847    0.22049596    0.22601028    0.25565128    0.20703058    0.18782390    0.25361685    0.27419972    0.24550289    0.28196459    0.25794406    0.26123898    0.27141501    0.20703058    0.21559425    0.00000000    0.01620868    0.02234748    0.05399474
T22            0.30605558    0.28999691    0.25294231    0.24183868    0.25370514    0.22368756    0.22107996    0.22660906    0.25952633    0.21331412    0.19380932    0.26038370    0.28445536    0.25222070    0.28898496    0.26458196    0.26797372    0.27844926    0.21331412    0.22496714    0.01620868    0.00000000    0.02239019    0.05408254
T19            0.30894380    0.28386439    0.24113089    0.23020323    0.23581865    0.22107996    0.21848191    0.21818394    0.25680904    0.20788140    0.19355633    0.25697615    0.28087278    0.24883814    0.28228652    0.26123898    0.26458196    0.27490659    0.21301397    0.22463276    0.02234748    0.02239019    0.00000000    0.05186052
T2             0.30817461    0.27451923    0.24147977    0.23054560    0.24525454    0.21502468    0.21244203    0.21789557    0.24718739    0.20249057    0.18107383    0.25493134    0.27326891    0.24683006    0.28406578    0.26213382    0.26553778    0.26972366    0.19129638    0.20249057    0.05399474    0.05408254    0.05186052    0.00000000

