24
T21            0.00000000    0.29885845    0.29599185    0.29484986    0.32821031    0.29808743    0.29771923    0.29199196    0.27346130    0.30144678    0.27623936    0.27306346    0.17183016    0.16468640    0.16468640    0.16712277    0.17924779    0.18049567    0.18321375    0.20975379    0.28031027    0.28031027    0.27787119    0.27824595
T3             0.29885845    0.00000000    0.00805150    0.07832694    0.11064854    0.11091263    0.10864011    0.09461455    0.15667636    0.26440201    0.23114550    0.23702978    0.28424325    0.27863162    0.27863162    0.28143196    0.29274374    0.25287828    0.24988330    0.28914543    0.40098256    0.40098256    0.41266343    0.40935704
T20            0.29599185    0.00805150    0.00000000    0.06937723    0.10597995    0.10146194    0.09921400    0.08539275    0.14659297    0.25855814    0.22560083    0.23143361    0.27193426    0.26640422    0.26640422    0.26916390    0.28031027    0.24125683    0.23832339    0.27681259    0.40156996    0.40156996    0.40544833    0.40217202
T11            0.29484986    0.07832694    0.06937723    0.00000000    0.08502132    0.08982288    0.08993010    0.07403382    0.13418462    0.24970373    0.21723337    0.22009954    0.27787119    0.26365512    0.26365512    0.26640422    0.25892266    0.25045094    0.25346400    0.28348612    0.40734411    0.40734411    0.40734411    0.40015715
T5             0.32821031    0.11064854    0.10597995    0.08502132    0.00000000    0.12528600    0.13043861    0.11592293    0.18049567    0.28914881    0.26990762    0.27306346    0.31547864    0.30386209    0.30386209    0.30674880    0.29199196    0.28951661    0.29274374    0.31459765    0.44103030    0.44103030    0.45102503    0.43911972
T4             0.29808743    0.11091263    0.10146194    0.08982288    0.12528600    0.00000000    0.03904167    0.05632294    0.15444418    0.26205473    0.22009954    0.23468237    0.27471539    0.26055798    0.26055798    0.26020989    0.27123532    0.25346400    0.25649534    0.29313664    0.39067036    0.39067036    0.39447490    0.38369101
T9             0.29771923    0.10864011    0.09921400    0.08993010    0.13043861    0.03904167    0.00000000    0.05638794    0.15944963    0.27110297    0.22560083    0.23797608    0.28067316    0.26640422    0.26640422    0.26604745    0.27401850    0.25316591    0.25618808    0.28385914    0.39772147    0.39772147    0.40156996    0.39067036
T8             0.29199196    0.09461455    0.08539275    0.07403382    0.11592293    0.05632294    0.05638794    0.00000000    0.14947375    0.25932865    0.22617225    0.24398426    0.27824595    0.26091653    0.26091653    0.26365512    0.27157939    0.25377251    0.25681309    0.29354086    0.39506180    0.39506180    0.39891031    0.38802476
T15            0.27346130    0.15667636    0.14659297    0.13418462    0.18049567    0.15444418    0.15944963    0.14947375    0.00000000    0.23870141    0.18922586    0.21259539    0.24470100    0.23109544    0.23109544    0.23372441    0.24737828    0.23005281    0.23302119    0.25932865    0.36706838    0.36706838    0.36706838    0.35660167
T12            0.30144678    0.26440201    0.25855814    0.24970373    0.28914881    0.26205473    0.27110297    0.25932865    0.23870141    0.00000000    0.09947999    0.14549464    0.28117339    0.27008972    0.27008972    0.27284482    0.27985383    0.27749553    0.28072275    0.31601378    0.42378741    0.42378741    0.43212725    0.42458735
T13            0.27623936    0.23114550    0.22560083    0.21723337    0.26990762    0.22009954    0.22560083    0.22617225    0.18922586    0.09947999    0.00000000    0.10134163    0.26205473    0.25430893    0.25430893    0.25701405    0.25476034    0.25622183    0.25932865    0.29336140    0.39452219    0.39452219    0.40246436    0.39524928
T0             0.27306346    0.23702978    0.23143361    0.22009954    0.27306346    0.23468237    0.23797608    0.24398426    0.21259539    0.14549464    0.10134163    0.00000000    0.26834667    0.26371746    0.26371746    0.26645219    0.26402332    0.25932865    0.25622183    0.28117339    0.38535301    0.38535301    0.40751415    0.39242520
T6             0.17183016    0.28424325    0.27193426    0.27787119    0.31547864    0.27471539    0.28067316    0.27824595    0.24470100    0.28117339    0.26205473    0.26834667    0.00000000    0.04355514    0.04355514    0.04133699    0.08954461    0.13226714    0.13476758    0.16206115    0.30479284    0.30479284    0.29905464    0.29620245
T14            0.16468640    0.27863162    0.26640422    0.26365512    0.30386209    0.26055798    0.26640422    0.26091653    0.23109544    0.27008972    0.25430893    0.26371746    0.04355514    0.00000000    0.00000000    0.01008405    0.08069094    0.12793815    0.13043861    0.15502483    0.30003134    0.30003134    0.28771240    0.28819529
T23            0.16468640    0.27863162    0.26640422    0.26365512    0.30386209    0.26055798    0.26640422    0.26091653    0.23109544    0.27008972    0.25430893    0.26371746    0.04355514    0.00000000    0.00000000    0.01008405    0.08069094    0.12793815    0.13043861    0.15502483    0.30003134    0.30003134    0.28771240    0.28819529
T2             0.16712277    0.28143196    0.26916390    0.26640422    0.30674880    0.26020989    0.26604745    0.26365512    0.23372441    0.27284482    0.25701405    0.26645219    0.04133699    0.01008405    0.01008405    0.00000000    0.07832694    0.12528600    0.12776782    0.15223181    0.29620245    0.29620245    0.28163479    0.28443220
T19            0.17924779    0.29274374    0.28031027    0.25892266    0.29199196    0.27123532    0.27401850    0.27157939    0.24737828    0.27985383    0.25476034    0.26402332    0.08954461    0.08069094    0.08069094    0.07832694    0.00000000    0.13963594    0.14216806    0.16187226    0.31933994    0.31933994    0.30767903    0.30386209
T7             0.18049567    0.25287828    0.24125683    0.25045094    0.28951661    0.25346400    0.25316591    0.25377251    0.23005281    0.27749553    0.25622183    0.25932865    0.13226714    0.12793815    0.12793815    0.12528600    0.13963594    0.00000000    0.00200401    0.09515940    0.29858318    0.29858318    0.28308103    0.29005954
T10            0.18321375    0.24988330    0.23832339    0.25346400    0.29274374    0.25649534    0.25618808    0.25681309    0.23302119    0.28072275    0.25932865    0.25622183    0.13476758    0.13043861    0.13043861    0.12776782    0.14216806    0.00200401    0.00000000    0.09278938    0.30191808    0.30191808    0.28632922    0.29336140
T18            0.20975379    0.28914543    0.27681259    0.28348612    0.31459765    0.29313664    0.28385914    0.29354086    0.25932865    0.31601378    0.29336140    0.28117339    0.16206115    0.15502483    0.15502483    0.15223181    0.16187226    0.09515940    0.09278938    0.00000000    0.33725405    0.33725405    0.32776916    0.31446208
T17            0.28031027    0.40098256    0.40156996    0.40734411    0.44103030    0.39067036    0.39772147    0.39506180    0.36706838    0.42378741    0.39452219    0.38535301    0.30479284    0.30003134    0.30003134    0.29620245    0.31933994    0.29858318    0.30191808    0.33725405    0.00000000    0.00200401    0.05418997    0.06296071
T22            0.28031027    0.40098256    0.40156996    0.40734411    0.44103030    0.39067036    0.39772147    0.39506180    0.36706838    0.42378741    0.39452219    0.38535301    0.30479284    0.30003134    0.30003134    0.29620245    0.31933994    0.29858318    0.30191808    0.33725405    0.00200401    0.00000000    0.05200164    0.06073830
T16            0.27787119    0.41266343    0.40544833    0.40734411    0.45102503    0.39447490    0.40156996    0.39891031    0.36706838    0.43212725    0.40246436    0.40751415    0.29905464    0.28771240    0.28771240    0.28163479    0.30767903    0.28308103    0.28632922    0.32776916    0.05418997    0.05200164    0.00000000    0.04349229
T1             0.27824595    0.40935704    0.40217202    0.40015715    0.43911972    0.38369101    0.39067036    0.38802476    0.35660167    0.42458735    0.39524928    0.39242520    0.29620245    0.28819529    0.28819529    0.28443220    0.30386209    0.29005954    0.29336140    0.31446208    0.06296071    0.06073830    0.04349229    0.00000000

