24
T23            0.00000000    0.42419496    0.39851365    0.37642800    0.37858208    0.37223902    0.39519020    0.38128447    0.36634224    0.37186821    0.38355592    0.43844619    0.42150819    0.42354080    0.39353719    0.42419496    0.43502715    0.42564857    0.39570736    0.41684629    0.41954784    0.41270535    0.41994297    0.40278086
T2             0.42419496    0.00000000    0.18650917    0.17855465    0.16007868    0.15526656    0.16715576    0.16757167    0.16513778    0.18301761    0.17806373    0.37606052    0.37183278    0.36475796    0.34042007    0.35677707    0.35550054    0.34592571    0.31995867    0.34878352    0.35741113    0.34236046    0.35620436    0.32635886
T10            0.39851365    0.18650917    0.00000000    0.09698553    0.09216436    0.08772302    0.10349941    0.10135371    0.13478934    0.14932733    0.14237006    0.31995867    0.30780778    0.29978958    0.30065701    0.31606727    0.32738770    0.30845821    0.28395873    0.30492026    0.30829283    0.30845821    0.32148835    0.30309493
T0             0.37642800    0.17855465    0.09698553    0.00000000    0.08299286    0.07859787    0.09419506    0.08511132    0.12499927    0.14186147    0.13244790    0.30110795    0.29585188    0.29122409    0.27594034    0.28515040    0.30157036    0.30309493    0.27239306    0.27995953    0.28319013    0.28358377    0.29610036    0.28153239
T9             0.37858208    0.16007868    0.09216436    0.08299286    0.00000000    0.00401209    0.04966261    0.06055839    0.10339531    0.12705054    0.11054145    0.29080579    0.28556981    0.28114548    0.26613476    0.28716834    0.27517437    0.28640902    0.25657287    0.27000164    0.27316056    0.27377352    0.28286742    0.26854956
T19            0.37223902    0.15526656    0.08772302    0.07859787    0.00401209    0.00000000    0.04541958    0.05626808    0.09888080    0.12240547    0.10599305    0.28515040    0.27995953    0.27555192    0.26064325    0.28153239    0.27277141    0.28076964    0.25113565    0.26449397    0.26763305    0.26821349    0.27724614    0.26303483
T16            0.39519020    0.16715576    0.10349941    0.09419506    0.04966261    0.04541958    0.00000000    0.07368714    0.10556918    0.12681064    0.11512018    0.30888440    0.30353393    0.29570620    0.28358377    0.29857490    0.29039876    0.30184761    0.27377352    0.28756485    0.29080579    0.28502583    0.29746460    0.28286742
T5             0.38128447    0.16757167    0.10135371    0.08511132    0.06055839    0.05626808    0.07368714    0.00000000    0.11032181    0.12681064    0.11753680    0.29493733    0.29209438    0.29080579    0.27555192    0.29039876    0.29449698    0.29610036    0.26578686    0.27633962    0.28275922    0.28321999    0.28924548    0.27796654
T4             0.36634224    0.16513778    0.13478934    0.12499927    0.10339531    0.09888080    0.10556918    0.11032181    0.00000000    0.04128736    0.05626808    0.30598385    0.30065701    0.28961858    0.27760083    0.29246537    0.29978958    0.30145514    0.26544968    0.28716834    0.28797254    0.28219600    0.29459282    0.28321999
T14            0.37186821    0.18301761    0.14932733    0.14186147    0.12705054    0.12240547    0.12681064    0.12681064    0.04128736    0.00000000    0.07833356    0.32194834    0.32586268    0.32104051    0.30514195    0.31723259    0.32148835    0.32400004    0.28924548    0.31179667    0.31268341    0.30978832    0.32273187    0.29782306
T17            0.38355592    0.17806373    0.14237006    0.13244790    0.11054145    0.10599305    0.11512018    0.11753680    0.05626808    0.07833356    0.00000000    0.30932238    0.29735159    0.30266753    0.28716834    0.29896823    0.30642235    0.30145514    0.26925409    0.29365025    0.29449698    0.30145514    0.31429588    0.29610036
T22            0.43844619    0.37606052    0.31995867    0.30110795    0.29080579    0.28515040    0.30888440    0.29493733    0.30598385    0.32194834    0.30932238    0.00000000    0.06537545    0.07186387    0.05419352    0.07859787    0.06519839    0.07825966    0.05194921    0.07413222    0.07433662    0.15670404    0.16433406    0.14950012
T13            0.42150819    0.37183278    0.30780778    0.29585188    0.28556981    0.27995953    0.30353393    0.29209438    0.30065701    0.32586268    0.29735159    0.06537545    0.00000000    0.07216525    0.05885094    0.08823224    0.07456873    0.07850269    0.04994741    0.06989169    0.07011659    0.15207257    0.15967076    0.15006785
T12            0.42354080    0.36475796    0.29978958    0.29122409    0.28114548    0.27555192    0.29570620    0.29080579    0.28961858    0.32104051    0.30266753    0.07186387    0.07216525    0.00000000    0.05859995    0.08111442    0.07423095    0.08281696    0.05632659    0.07870010    0.07433662    0.14677466    0.15429442    0.14219243
T8             0.39353719    0.34042007    0.30065701    0.27594034    0.26613476    0.26064325    0.28358377    0.27555192    0.27760083    0.30514195    0.28716834    0.05419352    0.05885094    0.05859995    0.00000000    0.04760992    0.04770883    0.06051068    0.03910490    0.06081786    0.06098841    0.14170820    0.14916281    0.13463093
T21            0.42419496    0.35677707    0.31606727    0.28515040    0.28716834    0.28153239    0.29857490    0.29039876    0.29246537    0.31723259    0.29896823    0.07859787    0.08823224    0.08111442    0.04760992    0.00000000    0.07186387    0.08963881    0.06735792    0.09017709    0.09044277    0.16696065    0.17205514    0.15967076
T18            0.43502715    0.35550054    0.32738770    0.30157036    0.27517437    0.27277141    0.29039876    0.29449698    0.29978958    0.32148835    0.30642235    0.06519839    0.07456873    0.07423095    0.04770883    0.07186387    0.00000000    0.07622401    0.05419352    0.06969421    0.07444923    0.15688017    0.16452221    0.14968115
T3             0.42564857    0.34592571    0.30845821    0.30309493    0.28640902    0.28076964    0.30184761    0.29610036    0.30145514    0.32400004    0.30145514    0.07825966    0.07850269    0.08281696    0.06051068    0.08963881    0.07622401    0.00000000    0.04111427    0.07614111    0.07631396    0.16366740    0.17134019    0.15637708
T7             0.39570736    0.31995867    0.28395873    0.27239306    0.25657287    0.25113565    0.27377352    0.26578686    0.26544968    0.28924548    0.26925409    0.05194921    0.04994741    0.05632659    0.03910490    0.06735792    0.05419352    0.04111427    0.00000000    0.04988322    0.05001822    0.13905539    0.14646696    0.13199153
T11            0.41684629    0.34878352    0.30492026    0.27995953    0.27000164    0.26449397    0.28756485    0.27633962    0.28716834    0.31179667    0.29365025    0.07413222    0.06989169    0.07870010    0.06081786    0.09017709    0.06969421    0.07614111    0.04988322    0.00000000    0.05009563    0.15485281    0.16249720    0.14987041
T15            0.41954784    0.35741113    0.30829283    0.28319013    0.27316056    0.26763305    0.29080579    0.28275922    0.28797254    0.31268341    0.29449698    0.07433662    0.07011659    0.07433662    0.06098841    0.09044277    0.07444923    0.07631396    0.05001822    0.05009563    0.00000000    0.14968115    0.15725763    0.14768760
T1             0.41270535    0.34236046    0.30845821    0.28358377    0.27377352    0.26821349    0.28502583    0.28321999    0.28219600    0.30978832    0.30145514    0.15670404    0.15207257    0.14677466    0.14170820    0.16696065    0.15688017    0.16366740    0.13905539    0.15485281    0.14968115    0.00000000    0.01617381    0.03271316
T20            0.41994297    0.35620436    0.32148835    0.29610036    0.28286742    0.27724614    0.29746460    0.28924548    0.29459282    0.32273187    0.31429588    0.16433406    0.15967076    0.15429442    0.14916281    0.17205514    0.16452221    0.17134019    0.14646696    0.16249720    0.15725763    0.01617381    0.00000000    0.04114544
T6             0.40278086    0.32635886    0.30309493    0.28153239    0.26854956    0.26303483    0.28286742    0.27796654    0.28321999    0.29782306    0.29610036    0.14950012    0.15006785    0.14219243    0.13463093    0.15967076    0.14968115    0.15637708    0.13199153    0.14987041    0.14768760    0.03271316    0.04114544    0.00000000

