24
T18            0.00000000    0.15908890    0.16673737    0.15926241    0.17410756    0.16918544    0.29883892    0.25104662    0.21204829    0.28115318    0.25474579    0.21517383    0.20664953    0.18593883    0.18843439    0.17714413    0.22354497    0.22908547    0.22908547    0.21575423    0.10623336    0.10328583    0.08740630    0.09418381
T15            0.15908890    0.00000000    0.02238872    0.06282087    0.07144385    0.06708882    0.23008170    0.18423079    0.19298015    0.23531236    0.22559008    0.16936927    0.16936927    0.15703016    0.15169138    0.14378005    0.18751487    0.19321164    0.19321164    0.16448499    0.17242265    0.17146872    0.16119675    0.16608149
T14            0.16673737    0.02238872    0.00000000    0.07849404    0.08723885    0.08280831    0.24744350    0.19761024    0.19550536    0.25005067    0.23998558    0.18252123    0.18296908    0.16997231    0.15926241    0.15123059    0.19550536    0.21031033    0.21031033    0.18072686    0.17488157    0.17164215    0.16135151    0.16884375
T8             0.15926241    0.06282087    0.07849404    0.00000000    0.02442126    0.02031399    0.23910358    0.19528446    0.19370166    0.23936188    0.21489776    0.18569427    0.18569427    0.16245831    0.14708472    0.14420757    0.18819116    0.20519836    0.20519836    0.17801645    0.17532066    0.17428797    0.16656046    0.17146872
T12            0.17410756    0.07144385    0.08723885    0.02442126    0.00000000    0.00401206    0.24960304    0.20527857    0.20639764    0.25274791    0.22794876    0.19550536    0.19550536    0.17201509    0.15650464    0.15363848    0.19803967    0.20947484    0.20947484    0.18773137    0.18773137    0.18943461    0.18155667    0.18656749
T9             0.16918544    0.06708882    0.08280831    0.02031399    0.00401206    0.00000000    0.24419582    0.20015701    0.20129180    0.24736352    0.22269942    0.19046399    0.19046399    0.16711689    0.15426236    0.14883107    0.19298015    0.20435584    0.20435584    0.18274075    0.18274075    0.18441304    0.17658174    0.18155667
T21            0.29883892    0.23008170    0.24744350    0.23910358    0.24960304    0.24419582    0.00000000    0.10792576    0.31042020    0.36054813    0.33797631    0.31415354    0.31667910    0.29770083    0.28275677    0.26660530    0.31708859    0.33813709    0.33813709    0.31165329    0.31008329    0.30383962    0.31081938    0.31081938
T22            0.25104662    0.18423079    0.19761024    0.19528446    0.20527857    0.20015701    0.10792576    0.00000000    0.28310720    0.34165924    0.30965751    0.27088683    0.27088683    0.25617460    0.23616189    0.22696941    0.28704728    0.29393646    0.29393646    0.26293528    0.25817298    0.25286552    0.24716371    0.24716371
T11            0.21204829    0.19298015    0.19550536    0.19370166    0.20639764    0.20129180    0.31042020    0.28310720    0.00000000    0.13781574    0.12238570    0.17286459    0.17555313    0.15003370    0.13711265    0.13931538    0.18619219    0.20490837    0.20490837    0.17825622    0.22677057    0.22531922    0.22559008    0.23142205
T6             0.28115318    0.23531236    0.25005067    0.23936188    0.25274791    0.24736352    0.36054813    0.34165924    0.13781574    0.00000000    0.12829781    0.21348146    0.21348146    0.19199540    0.18122981    0.18345206    0.23072504    0.24851040    0.24851040    0.21411990    0.29481968    0.28350060    0.28306150    0.28221595
T19            0.25474579    0.22559008    0.23998558    0.21489776    0.22794876    0.22269942    0.33797631    0.30965751    0.12238570    0.12829781    0.00000000    0.20974403    0.19850586    0.18025868    0.15926241    0.15892384    0.20664953    0.23234443    0.23234443    0.20519836    0.26752107    0.24744350    0.26603190    0.27156348
T17            0.21517383    0.16936927    0.18252123    0.18569427    0.19550536    0.19046399    0.31415354    0.27088683    0.17286459    0.21348146    0.20974403    0.00000000    0.06527676    0.05213172    0.12760167    0.11994647    0.15703016    0.18122981    0.18122981    0.15242161    0.22415672    0.22559008    0.22587068    0.22821826
T1             0.20664953    0.16936927    0.18296908    0.18569427    0.19550536    0.19046399    0.31667910    0.27088683    0.17555313    0.21348146    0.19850586    0.06527676    0.00000000    0.04343553    0.12760167    0.11994647    0.16225276    0.17089574    0.17089574    0.14252506    0.21834167    0.22269942    0.22297162    0.22531922
T4             0.18593883    0.15703016    0.16997231    0.16245831    0.17201509    0.16711689    0.29770083    0.25617460    0.15003370    0.19199540    0.18025868    0.05213172    0.04343553    0.00000000    0.10597762    0.09867568    0.13946957    0.15763062    0.15763062    0.12992865    0.19674609    0.19321164    0.19622265    0.19850586
T23            0.18843439    0.15169138    0.15926241    0.14708472    0.15650464    0.15426236    0.28275677    0.23616189    0.13711265    0.18122981    0.15926241    0.12760167    0.12760167    0.10597762    0.00000000    0.04334257    0.08771145    0.11625231    0.11625231    0.09278704    0.19422756    0.19298015    0.19321164    0.19826819
T13            0.17714413    0.14378005    0.15123059    0.14420757    0.15363848    0.14883107    0.26660530    0.22696941    0.13931538    0.18345206    0.15892384    0.11994647    0.11994647    0.09867568    0.04334257    0.00000000    0.06720631    0.10411471    0.10411471    0.08550171    0.18868649    0.18210871    0.18191576    0.18423079
T7             0.22354497    0.18751487    0.19550536    0.18819116    0.19803967    0.19298015    0.31708859    0.28704728    0.18619219    0.23072504    0.20664953    0.15703016    0.16225276    0.13946957    0.08771145    0.06720631    0.00000000    0.14785978    0.14785978    0.12083423    0.22971229    0.22243689    0.22559008    0.22559008
T16            0.22908547    0.19321164    0.21031033    0.20519836    0.20947484    0.20435584    0.33813709    0.29393646    0.20490837    0.24851040    0.23234443    0.18122981    0.17089574    0.15763062    0.11625231    0.10411471    0.14785978    0.00000000    0.00000000    0.05418934    0.25349986    0.25238719    0.23701767    0.24235543
T3             0.22908547    0.19321164    0.21031033    0.20519836    0.20947484    0.20435584    0.33813709    0.29393646    0.20490837    0.24851040    0.23234443    0.18122981    0.17089574    0.15763062    0.11625231    0.10411471    0.14785978    0.00000000    0.00000000    0.05418934    0.25349986    0.25238719    0.23701767    0.24235543
T10            0.21575423    0.16448499    0.18072686    0.17801645    0.18773137    0.18274075    0.31165329    0.26293528    0.17825622    0.21411990    0.20519836    0.15242161    0.14252506    0.12992865    0.09278704    0.08550171    0.12083423    0.05418934    0.05418934    0.00000000    0.23671433    0.22971229    0.22064591    0.22587068
T20            0.10623336    0.17242265    0.17488157    0.17532066    0.18773137    0.18274075    0.31008329    0.25817298    0.22677057    0.29481968    0.26752107    0.22415672    0.21834167    0.19674609    0.19422756    0.18868649    0.22971229    0.25349986    0.25349986    0.23671433    0.00000000    0.06926283    0.12007523    0.12716114
T0             0.10328583    0.17146872    0.17164215    0.17428797    0.18943461    0.18441304    0.30383962    0.25286552    0.22531922    0.28350060    0.24744350    0.22559008    0.22269942    0.19321164    0.19298015    0.18210871    0.22243689    0.25238719    0.25238719    0.22971229    0.06926283    0.00000000    0.10555593    0.11250000
T5             0.08740630    0.16119675    0.16135151    0.16656046    0.18155667    0.17658174    0.31081938    0.24716371    0.22559008    0.28306150    0.26603190    0.22587068    0.22297162    0.19622265    0.19321164    0.18191576    0.22559008    0.23701767    0.23701767    0.22064591    0.12007523    0.10555593    0.00000000    0.00804847
T2             0.09418381    0.16608149    0.16884375    0.17146872    0.18656749    0.18155667    0.31081938    0.24716371    0.23142205    0.28221595    0.27156348    0.22821826    0.22531922    0.19850586    0.19826819    0.18423079    0.22559008    0.24235543    0.24235543    0.22587068    0.12716114    0.11250000    0.00804847    0.00000000

