24
T23            0.00000000    0.27335596    0.28705478    0.29700656    0.30504497    0.29347748    0.29558842    0.31668747    0.31668747    0.28525096    0.30422476    0.26689036    0.29448116    0.30501527    0.28877495    0.29198106    0.29352944    0.29394480    0.27786115    0.26845374    0.27435185    0.31300233    0.27749744    0.19850929
T14            0.27335596    0.00000000    0.06519250    0.06270954    0.07359013    0.06487167    0.10547003    0.12435307    0.11710584    0.11499502    0.12703117    0.27192466    0.27823578    0.27266646    0.28462764    0.28785450    0.27823578    0.27862132    0.25986362    0.25747129    0.26328842    0.29571857    0.26328842    0.29030196
T20            0.28705478    0.06519250    0.00000000    0.07380100    0.08481759    0.07599005    0.11489335    0.13405682    0.12668486    0.11729744    0.12936510    0.27544572    0.28423262    0.28181722    0.28423262    0.29394480    0.27862132    0.27901772    0.26020112    0.25782021    0.26294141    0.29383176    0.25747129    0.31416215
T0             0.29700656    0.06270954    0.07380100    0.00000000    0.02647051    0.01824787    0.11933811    0.14104333    0.13363497    0.13147586    0.13878076    0.27647210    0.27895980    0.26718139    0.28525096    0.28842650    0.28593885    0.28629964    0.26748327    0.25891428    0.26535689    0.31687521    0.27714467    0.30213535
T17            0.30504497    0.07359013    0.08481759    0.02647051    0.00000000    0.00804847    0.12861818    0.14803661    0.14060997    0.13837553    0.14572158    0.28744937    0.29316608    0.28117798    0.29955778    0.30278455    0.29700656    0.29735146    0.27835643    0.26966912    0.27615235    0.32475811    0.27865252    0.32275834
T19            0.29347748    0.06487167    0.07599005    0.01824787    0.00804847    0.00000000    0.11926407    0.14093998    0.13354990    0.13137238    0.13866710    0.27615235    0.28177838    0.26995865    0.28808941    0.29127506    0.28877495    0.28913471    0.27025914    0.26165929    0.26811947    0.31300233    0.26748327    0.31090029
T6             0.29558842    0.10547003    0.11489335    0.11933811    0.12861818    0.11926407    0.00000000    0.13641473    0.12174219    0.12668486    0.14140292    0.27823578    0.27057053    0.26503219    0.27680289    0.27994846    0.29028163    0.28423262    0.26535689    0.26603827    0.27192466    0.30477989    0.26569225    0.31963538
T18            0.31668747    0.12435307    0.13405682    0.14104333    0.14803661    0.14093998    0.13641473    0.00000000    0.03488818    0.09204771    0.10610280    0.30963410    0.31795283    0.31209709    0.32227061    0.32570834    0.30628843    0.30673603    0.29273259    0.29679851    0.30628843    0.34136544    0.29638377    0.33719116
T22            0.31668747    0.11710584    0.12668486    0.13363497    0.14060997    0.13354990    0.12174219    0.03488818    0.00000000    0.08052554    0.09897607    0.30296501    0.30133441    0.30212658    0.30461417    0.30791560    0.29638377    0.29679851    0.28311396    0.28705478    0.29638377    0.33072232    0.28030018    0.32705234
T1             0.28525096    0.11499502    0.11729744    0.13147586    0.13837553    0.13137238    0.12668486    0.09204771    0.08052554    0.00000000    0.03705391    0.29679851    0.28558928    0.29273259    0.29198106    0.29520788    0.29437141    0.29722460    0.28347575    0.28423262    0.28384865    0.33126408    0.28384865    0.32144490
T9             0.30422476    0.12703117    0.12936510    0.13878076    0.14572158    0.13866710    0.14140292    0.10610280    0.09897607    0.03705391    0.00000000    0.31980767    0.31546530    0.30963410    0.32227061    0.32570834    0.31056343    0.31347257    0.30254003    0.30340151    0.29966355    0.34496414    0.29966355    0.33455935
T7             0.26689036    0.27192466    0.27544572    0.27647210    0.28744937    0.27615235    0.27823578    0.30963410    0.30296501    0.29679851    0.31980767    0.00000000    0.20359954    0.21834631    0.20921875    0.21205224    0.22187876    0.22220956    0.20491258    0.19423140    0.19901232    0.22585885    0.19450790    0.28177838
T12            0.29448116    0.27823578    0.28423262    0.27895980    0.29316608    0.28177838    0.27057053    0.31795283    0.30133441    0.28558928    0.31546530    0.20359954    0.00000000    0.03073313    0.03066862    0.03277395    0.21961648    0.21412503    0.19648357    0.19983494    0.20236922    0.22811089    0.19119316    0.31668747
T10            0.30501527    0.27266646    0.28181722    0.26718139    0.28117798    0.26995865    0.26503219    0.31209709    0.30212658    0.29273259    0.30963410    0.21834631    0.03073313    0.00000000    0.03284737    0.03497059    0.22030785    0.21480081    0.19702532    0.19479330    0.20805242    0.23484365    0.19730965    0.32772712
T16            0.28877495    0.28462764    0.28423262    0.28525096    0.29955778    0.28808941    0.27680289    0.32227061    0.30461417    0.29198106    0.32227061    0.20921875    0.03066862    0.03284737    0.00000000    0.01010142    0.22846862    0.22289946    0.20208708    0.20550203    0.21318076    0.23408275    0.20236922    0.32089860
T4             0.29198106    0.28785450    0.29394480    0.28842650    0.30278455    0.29127506    0.27994846    0.32570834    0.30791560    0.29520788    0.32570834    0.21205224    0.03277395    0.03497059    0.01010142    0.00000000    0.23145453    0.22585885    0.20491258    0.20835986    0.21606330    0.23709567    0.20520274    0.31416215
T2             0.29352944    0.27823578    0.27862132    0.28593885    0.29700656    0.28877495    0.29028163    0.30628843    0.29638377    0.29437141    0.31056343    0.22187876    0.21961648    0.22030785    0.22846862    0.23145453    0.00000000    0.00401105    0.05425645    0.05220732    0.07185673    0.16628858    0.12776572    0.33465025
T15            0.29394480    0.27862132    0.27901772    0.28629964    0.29735146    0.28913471    0.28423262    0.30673603    0.29679851    0.29722460    0.31347257    0.22220956    0.21412503    0.21480081    0.22289946    0.22585885    0.00401105    0.00000000    0.04994372    0.04790295    0.06743481    0.16655131    0.12793599    0.33514303
T13            0.27786115    0.25986362    0.26020112    0.26748327    0.27835643    0.27025914    0.26535689    0.29273259    0.28311396    0.28347575    0.30254003    0.20491258    0.19648357    0.19702532    0.20208708    0.20491258    0.05425645    0.04994372    0.00000000    0.02660353    0.05412946    0.15328543    0.11077530    0.30542803
T8             0.26845374    0.25747129    0.25782021    0.25891428    0.26966912    0.26165929    0.26603827    0.29679851    0.28705478    0.28423262    0.30340151    0.19423140    0.19983494    0.19479330    0.20550203    0.20835986    0.05220732    0.04790295    0.02660353    0.00000000    0.04770580    0.14334595    0.10863859    0.30212658
T3             0.27435185    0.26328842    0.26294141    0.26535689    0.27615235    0.26811947    0.27192466    0.30628843    0.29638377    0.28384865    0.29966355    0.19901232    0.20236922    0.20805242    0.21318076    0.21606330    0.07185673    0.06743481    0.05412946    0.04770580    0.00000000    0.16095417    0.12035722    0.31751902
T21            0.31300233    0.29571857    0.29383176    0.31687521    0.32475811    0.31300233    0.30477989    0.34136544    0.33072232    0.33126408    0.34496414    0.22585885    0.22811089    0.23484365    0.23408275    0.23709567    0.16628858    0.16655131    0.15328543    0.14334595    0.16095417    0.00000000    0.10233606    0.35294578
T5             0.27749744    0.26328842    0.25747129    0.27714467    0.27865252    0.26748327    0.26569225    0.29638377    0.28030018    0.28384865    0.29966355    0.19450790    0.19119316    0.19730965    0.20236922    0.20520274    0.12776572    0.12793599    0.11077530    0.10863859    0.12035722    0.10233606    0.00000000    0.30501527
T11            0.19850929    0.29030196    0.31416215    0.30213535    0.32275834    0.31090029    0.31963538    0.33719116    0.32705234    0.32144490    0.33455935    0.28177838    0.31668747    0.32772712    0.32089860    0.31416215    0.33465025    0.33514303    0.30542803    0.30212658    0.31751902    0.35294578    0.30501527    0.00000000

