24
T6             0.00000000    0.31298093    0.35186580    0.28668383    0.31796809    0.31336760    0.31796809    0.26331999    0.24804814    0.23437670    0.23268503    0.17779282    0.17779282    0.20719151    0.19648922    0.23173248    0.19675567    0.21670749    0.23302205    0.23446713    0.20719151    0.19876195    0.21835336    0.19551391
T17            0.31298093    0.00000000    0.17222130    0.12007841    0.14437107    0.15153438    0.14437107    0.26283277    0.24505311    0.24330853    0.23499980    0.34168867    0.34168867    0.35748553    0.36588997    0.39304816    0.36647369    0.37394101    0.38662363    0.38535554    0.38221948    0.37472427    0.39045748    0.36006302
T0             0.35186580    0.17222130    0.00000000    0.11397621    0.15545343    0.16489109    0.16026203    0.29199364    0.27664860    0.27055268    0.24852719    0.39131206    0.39131206    0.39242783    0.42045494    0.45617402    0.42289330    0.40246700    0.42794298    0.42289330    0.42300561    0.41483619    0.43213035    0.42714097
T18            0.28668383    0.12007841    0.11397621    0.00000000    0.10186712    0.10837282    0.10397675    0.23911640    0.21576576    0.19539672    0.18701415    0.32943213    0.32943213    0.34860867    0.34860867    0.36519362    0.33954896    0.35415731    0.35165359    0.36162487    0.34383496    0.33781073    0.36273084    0.35471120
T2             0.31796809    0.14437107    0.15545343    0.10186712    0.00000000    0.08740794    0.10112339    0.24988460    0.22617314    0.21929217    0.19984094    0.34383496    0.34383496    0.36336478    0.36336478    0.37647900    0.36894128    0.38421956    0.39703699    0.39203757    0.37709117    0.36959586    0.37394101    0.36221136
T7             0.31336760    0.15153438    0.16489109    0.10837282    0.08740794    0.00000000    0.09851499    0.25456789    0.23114648    0.23532613    0.21547060    0.35296540    0.35296540    0.36901173    0.37273141    0.38600968    0.37080432    0.38217558    0.39497869    0.38990281    0.38405958    0.37904310    0.38725156    0.36421863
T8             0.31796809    0.14437107    0.16026203    0.10397675    0.10112339    0.09851499    0.00000000    0.25834393    0.23733627    0.22743193    0.20209312    0.35838988    0.35838988    0.37456605    0.36707070    0.39175697    0.37271726    0.39203757    0.40497920    0.39997988    0.39242783    0.38470065    0.39311275    0.37332946
T22            0.26331999    0.26283277    0.29199364    0.23911640    0.24988460    0.25456789    0.25834393    0.00000000    0.09381480    0.17676707    0.16395489    0.31459951    0.31459951    0.34021118    0.32301914    0.36629259    0.33119341    0.33816570    0.35240916    0.33466739    0.33928946    0.32558357    0.34232157    0.32558357
T19            0.24804814    0.24505311    0.27664860    0.21576576    0.22617314    0.23114648    0.23733627    0.09381480    0.00000000    0.14984270    0.13745286    0.29243037    0.29243037    0.31738456    0.29723803    0.34273669    0.30191957    0.31893656    0.33183570    0.32590905    0.31301735    0.30964874    0.31934173    0.30297891
T13            0.23437670    0.24330853    0.27055268    0.19539672    0.21929217    0.23532613    0.22743193    0.17676707    0.14984270    0.00000000    0.04994408    0.27793691    0.27793691    0.30240219    0.28915018    0.32724126    0.29053274    0.31419774    0.32241064    0.32824159    0.29812447    0.29812447    0.31446371    0.29812447
T12            0.23268503    0.23499980    0.24852719    0.18701415    0.19984094    0.21547060    0.20209312    0.16395489    0.13745286    0.04994408    0.00000000    0.27239469    0.27239469    0.29668662    0.28028416    0.32481424    0.28819656    0.30841155    0.31655589    0.32235747    0.29905609    0.29905609    0.30865696    0.29905609
T1             0.17779282    0.34168867    0.39131206    0.32943213    0.34383496    0.35296540    0.35838988    0.31459951    0.29243037    0.27793691    0.27239469    0.00000000    0.00000000    0.03284752    0.03497077    0.07422357    0.04145985    0.06580311    0.08110519    0.07265335    0.05653809    0.05433040    0.06762187    0.07640341
T3             0.17779282    0.34168867    0.39131206    0.32943213    0.34383496    0.35296540    0.35838988    0.31459951    0.29243037    0.27793691    0.27239469    0.00000000    0.00000000    0.03284752    0.03497077    0.07422357    0.04145985    0.06580311    0.08110519    0.07265335    0.05653809    0.05433040    0.06762187    0.07640341
T10            0.20719151    0.35748553    0.39242783    0.34860867    0.36336478    0.36901173    0.37456605    0.34021118    0.31738456    0.30240219    0.29668662    0.03284752    0.03284752    0.00000000    0.05638798    0.09697349    0.06312703    0.08368017    0.09934349    0.09072353    0.06959991    0.07185747    0.08550355    0.09474009
T16            0.19648922    0.36588997    0.42045494    0.34860867    0.36336478    0.37273141    0.36707070    0.32301914    0.29723803    0.28915018    0.28028416    0.03497077    0.03497077    0.05638798    0.00000000    0.08993022    0.05645969    0.07673474    0.08993022    0.08368017    0.06735251    0.06511518    0.07403391    0.08750256
T21            0.23173248    0.39304816    0.45617402    0.36519362    0.37647900    0.38600968    0.39175697    0.36629259    0.34273669    0.32724126    0.32481424    0.07422357    0.07422357    0.09697349    0.08993022    0.00000000    0.04765356    0.09474009    0.11064875    0.10186712    0.09673331    0.09438560    0.10371742    0.12021499
T9             0.19675567    0.36647369    0.42289330    0.33954896    0.36894128    0.37080432    0.37271726    0.33119341    0.30191957    0.29053274    0.28819656    0.04145985    0.04145985    0.06312703    0.05645969    0.04765356    0.00000000    0.05653809    0.07169197    0.06322030    0.06073836    0.05852579    0.06959991    0.08993022
T20            0.21670749    0.37394101    0.40246700    0.35415731    0.38421956    0.38217558    0.39203757    0.33816570    0.31893656    0.31419774    0.30841155    0.06580311    0.06580311    0.08368017    0.07673474    0.09474009    0.05653809    0.00000000    0.02857224    0.02450712    0.08110519    0.07880076    0.08795263    0.11136513
T11            0.23302205    0.38662363    0.42794298    0.35165359    0.39703699    0.39497869    0.40497920    0.35240916    0.33183570    0.32241064    0.31655589    0.08110519    0.08110519    0.09934349    0.08993022    0.11064875    0.07169197    0.02857224    0.00000000    0.04549361    0.09673331    0.09438560    0.10610439    0.12266637
T15            0.23446713    0.38535554    0.42289330    0.36162487    0.39203757    0.38990281    0.39997988    0.33466739    0.32590905    0.32824159    0.32235747    0.07265335    0.07265335    0.09072353    0.08368017    0.10186712    0.06322030    0.02450712    0.04549361    0.00000000    0.08808293    0.08574617    0.09264813    0.11625598
T4             0.20719151    0.38221948    0.42300561    0.34383496    0.37709117    0.38405958    0.39242783    0.33928946    0.31301735    0.29812447    0.29905609    0.05653809    0.05653809    0.06959991    0.06735251    0.09673331    0.06073836    0.08110519    0.09673331    0.08808293    0.00000000    0.01826984    0.05632299    0.09428198
T23            0.19876195    0.37472427    0.41483619    0.33781073    0.36959586    0.37904310    0.38470065    0.32558357    0.30964874    0.29812447    0.29905609    0.05433040    0.05433040    0.07185747    0.06511518    0.09438560    0.05852579    0.07880076    0.09438560    0.08574617    0.01826984    0.00000000    0.05412985    0.09195070
T14            0.21835336    0.39045748    0.43213035    0.36273084    0.37394101    0.38725156    0.39311275    0.34232157    0.31934173    0.31446371    0.30865696    0.06762187    0.06762187    0.08550355    0.07403391    0.10371742    0.06959991    0.08795263    0.10610439    0.09264813    0.05632299    0.05412985    0.00000000    0.10359886
T5             0.19551391    0.36006302    0.42714097    0.35471120    0.36221136    0.36421863    0.37332946    0.32558357    0.30297891    0.29812447    0.29905609    0.07640341    0.07640341    0.09474009    0.08750256    0.12021499    0.08993022    0.11136513    0.12266637    0.11625598    0.09428198    0.09195070    0.10359886    0.00000000

