24
T6             0.00000000    0.60493304    0.59809813    0.60628060    0.59939088    0.26477361    0.30775910    0.33735329    0.19830361    0.22437363    0.23037468    0.19764222    0.20317079    0.24509367    0.24539691    0.24809031    0.24778831    0.19217426    0.13904653    0.12008802    0.12717500    0.12731470    0.12471699    0.12239862
T12            0.60493304    0.00000000    0.02656498    0.13549336    0.13278325    0.54636164    0.56773423    0.61918346    0.48386468    0.50407762    0.51252924    0.48749077    0.48749077    0.50780081    0.54137343    0.53540612    0.53855237    0.61434338    0.58073804    0.53082395    0.56163273    0.54746013    0.54636164    0.54746013
T10            0.59809813    0.02656498    0.00000000    0.13569117    0.13296681    0.52770218    0.54812245    0.59777268    0.47576183    0.49573240    0.49479641    0.47935003    0.47935003    0.49941543    0.53256879    0.52670126    0.52976349    0.60229934    0.56918736    0.52489678    0.55536124    0.54137343    0.54032056    0.54137343
T13            0.60628060    0.13549336    0.13569117    0.00000000    0.02238923    0.56000511    0.56629254    0.60063705    0.49131729    0.51184582    0.51080627    0.49497455    0.49497455    0.50134890    0.52976349    0.53361343    0.53686798    0.59617164    0.56113412    0.53686798    0.56803303    0.54354069    0.54244679    0.54354069
T3             0.59939088    0.13278325    0.13296681    0.02238923    0.00000000    0.55366953    0.57032726    0.60486168    0.48117986    0.51080627    0.50505707    0.49398745    0.49398745    0.49573240    0.53361343    0.52770218    0.53082395    0.60344177    0.56810482    0.53361343    0.56448573    0.55029713    0.54921499    0.55029713
T19            0.26477361    0.54636164    0.52770218    0.56000511    0.55366953    0.00000000    0.09170433    0.11260540    0.16978970    0.20039885    0.19785344    0.16397104    0.16920951    0.20018929    0.20039885    0.20295354    0.20317079    0.33163649    0.26171272    0.22248048    0.23012507    0.24451792    0.24129323    0.24398335
T20            0.30775910    0.56773423    0.54812245    0.56629254    0.57032726    0.09170433    0.00000000    0.04565883    0.19734837    0.22330133    0.22069337    0.19097455    0.19651872    0.23177180    0.22621070    0.22883677    0.22621070    0.37112319    0.30682477    0.25552318    0.26334964    0.27869223    0.27513700    0.27792846
T11            0.33735329    0.61918346    0.59777268    0.60063705    0.60486168    0.11260540    0.04565883    0.00000000    0.21353079    0.24302827    0.24035623    0.20695217    0.21263842    0.24940096    0.24368772    0.24636779    0.24368772    0.38814169    0.32927327    0.28595866    0.29402454    0.31018462    0.30637502    0.30927422
T7             0.19830361    0.48386468    0.47576183    0.49131729    0.48117986    0.16978970    0.19734837    0.21353079    0.00000000    0.03904237    0.04334406    0.02031439    0.02031439    0.13712997    0.13227970    0.13965007    0.14236047    0.25896723    0.19785344    0.17021949    0.18277216    0.18526330    0.18776331    0.19027226
T14            0.22437363    0.50407762    0.49573240    0.51184582    0.51080627    0.20039885    0.22330133    0.24302827    0.03904237    0.00000000    0.01619041    0.03902132    0.03902132    0.15894441    0.16170910    0.16939427    0.17224176    0.28466885    0.22965592    0.19531726    0.20830498    0.20809108    0.20788672    0.20809108
T9             0.23037468    0.51252924    0.49479641    0.51080627    0.50505707    0.19785344    0.22069337    0.24035623    0.04334406    0.01619041    0.00000000    0.04330726    0.04330726    0.16432149    0.16714264    0.17491005    0.17781622    0.29707449    0.23568705    0.20108333    0.21416627    0.21392694    0.21369720    0.21629596
T8             0.19764222    0.48749077    0.47935003    0.49497455    0.49398745    0.16397104    0.19097455    0.20695217    0.02031439    0.03902132    0.04330726    0.00000000    0.00401612    0.14422540    0.13933212    0.14676470    0.14948969    0.26113276    0.19998910    0.17224176    0.18483398    0.18463274    0.18444049    0.18694702
T21            0.20317079    0.48749077    0.47935003    0.49497455    0.49398745    0.16920951    0.19651872    0.21263842    0.02031439    0.03902132    0.04330726    0.00401612    0.00000000    0.14422540    0.13933212    0.14676470    0.14948969    0.26723580    0.20551759    0.17759268    0.19027226    0.19005621    0.18984923    0.19237043
T15            0.24509367    0.50780081    0.49941543    0.50134890    0.49573240    0.20018929    0.23177180    0.24940096    0.13712997    0.15894441    0.16432149    0.14422540    0.14422540    0.00000000    0.03692353    0.03902132    0.03692353    0.29067821    0.24155689    0.20439697    0.21753299    0.22591891    0.22274439    0.22536456
T23            0.24539691    0.54137343    0.53256879    0.52976349    0.53361343    0.20039885    0.22621070    0.24368772    0.13227970    0.16170910    0.16714264    0.13933212    0.13933212    0.03692353    0.00000000    0.01008415    0.02029436    0.30645866    0.24721529    0.21494163    0.22536456    0.23677379    0.23355205    0.23621026
T1             0.24809031    0.53540612    0.52670126    0.53361343    0.52770218    0.20295354    0.22883677    0.24636779    0.13965007    0.16939427    0.17491005    0.14676470    0.14676470    0.03902132    0.01008415    0.00000000    0.02234686    0.30610388    0.24992300    0.21753299    0.22799449    0.23943932    0.23621026    0.23887852
T5             0.24778831    0.53855237    0.52976349    0.53686798    0.53082395    0.20317079    0.22621070    0.24368772    0.14236047    0.17224176    0.17781622    0.14948969    0.14948969    0.03692353    0.02029436    0.02234686    0.00000000    0.30319786    0.24424547    0.21209044    0.22248048    0.23383016    0.22773344    0.23328393
T16            0.19217426    0.61434338    0.60229934    0.59617164    0.60344177    0.33163649    0.37112319    0.38814169    0.25896723    0.28466885    0.29707449    0.26113276    0.26723580    0.29067821    0.30645866    0.30610388    0.30319786    0.00000000    0.08947080    0.15395303    0.16432149    0.17204130    0.16920951    0.16714264
T0             0.13904653    0.58073804    0.56918736    0.56113412    0.56810482    0.26171272    0.30682477    0.32927327    0.19785344    0.22965592    0.23568705    0.19998910    0.20551759    0.24155689    0.24721529    0.24992300    0.24424547    0.08947080    0.00000000    0.10112971    0.10803484    0.11511417    0.11260540    0.11270947
T18            0.12008802    0.53082395    0.52489678    0.53686798    0.53361343    0.22248048    0.25552318    0.28595866    0.17021949    0.19531726    0.20108333    0.17224176    0.17759268    0.20439697    0.21494163    0.21753299    0.21209044    0.15395303    0.10112971    0.00000000    0.01823239    0.02442168    0.02233517    0.02439605
T2             0.12717500    0.56163273    0.55536124    0.56803303    0.56448573    0.23012507    0.26334964    0.29402454    0.18277216    0.20830498    0.21416627    0.18483398    0.19027226    0.21753299    0.22536456    0.22799449    0.22248048    0.16432149    0.10803484    0.01823239    0.00000000    0.02238923    0.02029436    0.02234686
T22            0.12731470    0.54746013    0.54137343    0.54354069    0.55029713    0.24451792    0.27869223    0.31018462    0.18526330    0.20809108    0.21392694    0.18463274    0.19005621    0.22591891    0.23677379    0.23943932    0.23383016    0.17204130    0.11511417    0.02442168    0.02238923    0.00000000    0.00602722    0.00804439
T17            0.12471699    0.54636164    0.54032056    0.54244679    0.54921499    0.24129323    0.27513700    0.30637502    0.18776331    0.20788672    0.21369720    0.18444049    0.18984923    0.22274439    0.23355205    0.23621026    0.22773344    0.16920951    0.11260540    0.02233517    0.02029436    0.00602722    0.00000000    0.00602722
T4             0.12239862    0.54746013    0.54137343    0.54354069    0.55029713    0.24398335    0.27792846    0.30927422    0.19027226    0.20809108    0.21629596    0.18694702    0.19237043    0.22536456    0.23621026    0.23887852    0.23328393    0.16714264    0.11270947    0.02439605    0.02234686    0.00804439    0.00602722    0.00000000

