24
T4             0.00000000    0.42464027    0.42196807    0.30917449    0.40158219    0.31983307    0.22386274    0.21233010    0.20182352    0.19598598    0.25783535    0.27707570    0.22743768    0.24298928    0.24632661    0.23302798    0.23438030    0.23204457    0.21413815    0.17243167    0.16449262    0.16674445    0.14084625    0.14104524
T9             0.42464027    0.00000000    0.02034036    0.36397554    0.44855389    0.36166472    0.40802327    0.39757049    0.38026882    0.38344595    0.41199509    0.41268825    0.37458159    0.39177329    0.40284498    0.37274381    0.39111538    0.38471643    0.36960937    0.35494438    0.34169799    0.35134463    0.38957734    0.37943634
T13            0.42196807    0.02034036    0.00000000    0.35779641    0.44164161    0.35548885    0.39369119    0.38344595    0.36648670    0.36960858    0.38984179    0.39047154    0.35354764    0.37020714    0.38089640    0.35548885    0.36960858    0.36337807    0.34862417    0.34169799    0.32870209    0.33817441    0.37574358    0.36579461
T21            0.30917449    0.36397554    0.35779641    0.00000000    0.18963038    0.13242823    0.28633967    0.27750581    0.26920798    0.26646302    0.29385713    0.30106770    0.25873239    0.27794662    0.28164687    0.26690487    0.26561048    0.26329665    0.25425015    0.25702351    0.24167697    0.25314211    0.25442613    0.26366173
T18            0.40158219    0.44855389    0.44164161    0.18963038    0.00000000    0.13446127    0.35956529    0.35241739    0.36007027    0.34982783    0.38283148    0.39369119    0.34936478    0.37102766    0.37530655    0.35494438    0.34629185    0.34021771    0.34802967    0.32983000    0.31298332    0.32897802    0.34674382    0.35458175
T2             0.31983307    0.36166472    0.35548885    0.13242823    0.13446127    0.00000000    0.28143925    0.27584985    0.26366173    0.26092333    0.28398224    0.29337360    0.25473089    0.27070261    0.27750581    0.25973867    0.25856570    0.25314211    0.25558592    0.25547769    0.24031774    0.25476634    0.28031556    0.27787738
T3             0.22386274    0.40802327    0.39369119    0.28633967    0.35956529    0.28143925    0.00000000    0.02660379    0.07840807    0.08060546    0.22066112    0.23566801    0.18896029    0.20666214    0.20975796    0.19928699    0.19851732    0.19623479    0.18178084    0.18896029    0.17533073    0.18844602    0.20948808    0.20155911
T23            0.21233010    0.39757049    0.38344595    0.27750581    0.35241739    0.27584985    0.02660379    0.00000000    0.07630743    0.07394987    0.21547461    0.23039764    0.18950984    0.20719513    0.21319219    0.19984548    0.19902134    0.19675951    0.17685733    0.17580538    0.16246698    0.17533073    0.20155911    0.19371383
T0             0.20182352    0.38026882    0.36648670    0.26920798    0.36007027    0.26366173    0.07840807    0.07630743    0.00000000    0.01619027    0.20155911    0.21319219    0.17335193    0.19070791    0.19649264    0.18346375    0.18275070    0.17779537    0.15831557    0.16798817    0.15743044    0.17020003    0.18796723    0.18026867
T10            0.19598598    0.38344595    0.36960858    0.26646302    0.34982783    0.26092333    0.08060546    0.07394987    0.01619027    0.00000000    0.20130385    0.21289548    0.17310905    0.19047437    0.19623479    0.18321730    0.18253060    0.17757237    0.15808195    0.16775967    0.15722979    0.16775967    0.18774121    0.17735808
T1             0.25783535    0.41199509    0.38984179    0.29385713    0.38283148    0.28398224    0.22066112    0.21547461    0.20155911    0.20130385    0.00000000    0.06937741    0.05859604    0.07599082    0.07832726    0.06727672    0.07380180    0.06720742    0.07832726    0.17802705    0.16468873    0.17757237    0.23438030    0.22037729
T6             0.27707570    0.41268825    0.39047154    0.30106770    0.39369119    0.29337360    0.23566801    0.23039764    0.21319219    0.21289548    0.06937741    0.00000000    0.06762262    0.08519327    0.08528987    0.07640411    0.07177166    0.06519356    0.08993100    0.20551356    0.19146218    0.19928699    0.25894639    0.24434488
T22            0.22743768    0.37458159    0.35354764    0.25873239    0.34936478    0.25473089    0.18896029    0.18950984    0.17335193    0.17310905    0.05859604    0.06762262    0.00000000    0.01618192    0.01821961    0.02447232    0.03277412    0.02653146    0.04559619    0.15284470    0.13998693    0.15242946    0.20492305    0.19146218
T12            0.24298928    0.39177329    0.37020714    0.27794662    0.37102766    0.27070261    0.20666214    0.20719513    0.19070791    0.19047437    0.07599082    0.08519327    0.01618192    0.00000000    0.01008407    0.04114385    0.04963640    0.04325268    0.06050715    0.16977127    0.15667780    0.16937678    0.21835766    0.20464152
T5             0.24632661    0.40284498    0.38089640    0.28164687    0.37530655    0.27750581    0.20975796    0.21319219    0.19649264    0.19623479    0.07832726    0.08528987    0.01821961    0.01008407    0.00000000    0.04330628    0.05182026    0.04541762    0.06498001    0.17533073    0.16206329    0.17489055    0.22449517    0.21062344
T17            0.23302798    0.37274381    0.35548885    0.26690487    0.35494438    0.25973867    0.19928699    0.19984548    0.18346375    0.18321730    0.06727672    0.07640411    0.02447232    0.04114385    0.04330628    0.00000000    0.03492646    0.02866542    0.05852607    0.16532774    0.15223410    0.16226093    0.21547461    0.20182352
T15            0.23438030    0.39111538    0.36960858    0.26561048    0.34629185    0.25856570    0.19851732    0.19902134    0.18275070    0.18253060    0.07380180    0.07177166    0.03277412    0.04963640    0.05182026    0.03492646    0.00000000    0.00602414    0.06276250    0.17264890    0.15945158    0.16956973    0.21464430    0.20385210
T14            0.23204457    0.38471643    0.36337807    0.26329665    0.34021771    0.25314211    0.19623479    0.19675951    0.17779537    0.17757237    0.06720742    0.06519356    0.02653146    0.04325268    0.04541762    0.02866542    0.00602414    0.00000000    0.05846285    0.16775967    0.15463165    0.16468873    0.21233010    0.20155911
T11            0.21413815    0.36960937    0.34862417    0.25425015    0.34802967    0.25558592    0.18178084    0.17685733    0.15831557    0.15808195    0.07832726    0.08993100    0.04559619    0.06050715    0.06498001    0.05852607    0.06276250    0.05846285    0.00000000    0.15114711    0.14335235    0.15591799    0.19480390    0.18425544
T7             0.17243167    0.35494438    0.34169799    0.25702351    0.32983000    0.25547769    0.18896029    0.17580538    0.16798817    0.16775967    0.17802705    0.20551356    0.15284470    0.16977127    0.17533073    0.16532774    0.17264890    0.16775967    0.15114711    0.00000000    0.01415452    0.02029414    0.14421291    0.13696185
T8             0.16449262    0.34169799    0.32870209    0.24167697    0.31298332    0.24031774    0.17533073    0.16246698    0.15743044    0.15722979    0.16468873    0.19146218    0.13998693    0.15667780    0.16206329    0.15223410    0.15945158    0.15463165    0.14335235    0.01415452    0.00000000    0.01007278    0.13917390    0.13197315
T20            0.16674445    0.35134463    0.33817441    0.25314211    0.32897802    0.25476634    0.18844602    0.17533073    0.17020003    0.16775967    0.17757237    0.19928699    0.15242946    0.16937678    0.17489055    0.16226093    0.16956973    0.16468873    0.15591799    0.02029414    0.01007278    0.00000000    0.14140574    0.13917390
T19            0.14084625    0.38957734    0.37574358    0.25442613    0.34674382    0.28031556    0.20948808    0.20155911    0.18796723    0.18774121    0.23438030    0.25894639    0.20492305    0.21835766    0.22449517    0.21547461    0.21464430    0.21233010    0.19480390    0.14421291    0.13917390    0.14140574    0.00000000    0.02653146
T16            0.14104524    0.37943634    0.36579461    0.26366173    0.35458175    0.27787738    0.20155911    0.19371383    0.18026867    0.17735808    0.22037729    0.24434488    0.19146218    0.20464152    0.21062344    0.20182352    0.20385210    0.20155911    0.18425544    0.13696185    0.13197315    0.13917390    0.02653146    0.00000000

