24
T5             0.00000000    0.20691118    0.17675973    0.25203758    0.23701780    0.23113406    0.23113406    0.17182391    0.19002464    0.16135082    0.22849759    0.22008924    0.22008924    0.22878699    0.24834467    0.18943336    0.18943336    0.19195761    0.20104635    0.14140093    0.17714394    0.17447685    0.14821909    0.17889545
T14            0.20691118    0.00000000    0.08771171    0.24969059    0.22878699    0.22354565    0.22354565    0.17532127    0.19321180    0.17041789    0.22810737    0.21669707    0.21669707    0.22254648    0.25350213    0.23004179    0.22415799    0.22155383    0.23484016    0.16628690    0.19508512    0.19790263    0.18003781    0.20718190
T18            0.17675973    0.08771171    0.00000000    0.23763881    0.22008924    0.21489805    0.21489805    0.16245886    0.18545886    0.14983783    0.21637383    0.20519976    0.20519976    0.21091535    0.23467075    0.20129204    0.20409371    0.19875306    0.19702257    0.14016712    0.16775077    0.17041789    0.16673706    0.19046405
T11            0.25203758    0.24969059    0.23763881    0.00000000    0.03488808    0.05638733    0.05638733    0.20921502    0.21982502    0.20691118    0.25238844    0.24062462    0.24062462    0.24969059    0.30718770    0.25136656    0.25746573    0.24866588    0.28221758    0.22036306    0.24534094    0.24235516    0.21886472    0.23856453
T4             0.23701780    0.22878699    0.22008924    0.03488808    0.00000000    0.04120114    0.04120114    0.19803926    0.20849088    0.19298006    0.24329499    0.23172021    0.23172021    0.24062462    0.30051877    0.23643660    0.24235516    0.23378037    0.26019533    0.20615471    0.23643660    0.23350340    0.20765777    0.22984159
T2             0.23113406    0.22354565    0.21489805    0.05638733    0.04120114    0.00000000    0.00000000    0.19298006    0.20336088    0.18252122    0.22908613    0.21776398    0.21776398    0.22646176    0.27861493    0.22531880    0.23113406    0.22269919    0.26090204    0.20104635    0.23113406    0.22821797    0.19976641    0.21603933
T10            0.23113406    0.22354565    0.21489805    0.05638733    0.04120114    0.00000000    0.00000000    0.19298006    0.20336088    0.18252122    0.22908613    0.21776398    0.21776398    0.22646176    0.27861493    0.22531880    0.23113406    0.22269919    0.26090204    0.20104635    0.23113406    0.22821797    0.19976641    0.21603933
T20            0.17182391    0.17532127    0.16245886    0.20921502    0.19803926    0.19298006    0.19298006    0.00000000    0.04123979    0.05200112    0.12331047    0.11363766    0.11363766    0.12598551    0.17801716    0.13998078    0.14252567    0.13476392    0.20104635    0.13418079    0.16655993    0.16394859    0.14115275    0.16119584
T9             0.19002464    0.19321180    0.18545886    0.21982502    0.20849088    0.20336088    0.20336088    0.04123979    0.00000000    0.06492163    0.13242297    0.12266311    0.12266311    0.13510310    0.18773132    0.16225311    0.15963491    0.15684662    0.22531880    0.14856078    0.17624956    0.17361761    0.16078240    0.17641076
T23            0.16135082    0.17041789    0.14983783    0.20691118    0.19298006    0.18252122    0.18252122    0.05200112    0.06492163    0.00000000    0.09934142    0.09004292    0.09004292    0.10186493    0.15722240    0.12992889    0.12992889    0.12266311    0.20154690    0.12949302    0.15650423    0.15393318    0.13147397    0.15378118
T13            0.22849759    0.22810737    0.21637383    0.25238844    0.24329499    0.22908613    0.22908613    0.12331047    0.13242297    0.09934142    0.00000000    0.00805149    0.00805149    0.01829790    0.22742037    0.18868741    0.19422870    0.18619322    0.24362837    0.19622318    0.21748889    0.21463115    0.19803926    0.21437373
T12            0.22008924    0.21669707    0.20519976    0.24062462    0.23172021    0.21776398    0.21776398    0.11363766    0.12266311    0.09004292    0.00805149    0.00000000    0.00000000    0.01010142    0.21605992    0.17801716    0.18345298    0.17555396    0.24095894    0.18545886    0.20639756    0.20359590    0.18730679    0.20896424
T1             0.22008924    0.21669707    0.20519976    0.24062462    0.23172021    0.21776398    0.21776398    0.11363766    0.12266311    0.09004292    0.00805149    0.00000000    0.00000000    0.01010142    0.21605992    0.17801716    0.18345298    0.17555396    0.24095894    0.18545886    0.20639756    0.20359590    0.18730679    0.20896424
T17            0.22878699    0.22254648    0.21091535    0.24969059    0.24062462    0.22646176    0.22646176    0.12598551    0.13510310    0.10186493    0.01829790    0.01010142    0.01010142    0.00000000    0.21895913    0.18619322    0.19171921    0.18370779    0.24397175    0.18819160    0.21489805    0.21204845    0.19550511    0.21748889
T16            0.24834467    0.25350213    0.23467075    0.30718770    0.30051877    0.27861493    0.27861493    0.17801716    0.18773132    0.15722240    0.22742037    0.21605992    0.21605992    0.21895913    0.00000000    0.15283684    0.14549040    0.14271851    0.27822923    0.20615471    0.24297165    0.23998586    0.20896424    0.23436407
T7             0.18943336    0.23004179    0.20129204    0.25136656    0.23643660    0.22531880    0.22531880    0.13998078    0.16225311    0.12992889    0.18868741    0.17801716    0.17801716    0.18619322    0.15283684    0.00000000    0.02241926    0.01619020    0.22505737    0.15605375    0.18710800    0.18441214    0.16839493    0.19467544
T3             0.18943336    0.22415799    0.20409371    0.25746573    0.24235516    0.23113406    0.23113406    0.14252567    0.15963491    0.12992889    0.19422870    0.18345298    0.18345298    0.19171921    0.14549040    0.02241926    0.00000000    0.01824785    0.22794815    0.15350241    0.18441214    0.18173075    0.16580392    0.18925447
T0             0.19195761    0.22155383    0.19875306    0.24866588    0.23378037    0.22269919    0.22269919    0.13476392    0.15684662    0.12266311    0.18619322    0.17555396    0.17555396    0.18370779    0.14271851    0.01619020    0.01824785    0.00000000    0.21957043    0.14604160    0.17924081    0.17658083    0.16078240    0.18673752
T6             0.20104635    0.23484016    0.19702257    0.28221758    0.26019533    0.26090204    0.26090204    0.20104635    0.22531880    0.20154690    0.24362837    0.24095894    0.24095894    0.24397175    0.27822923    0.22505737    0.22794815    0.21957043    0.00000000    0.08750092    0.15742275    0.15481818    0.17182391    0.19850599
T19            0.14140093    0.16628690    0.14016712    0.22036306    0.20615471    0.20104635    0.20104635    0.13418079    0.14856078    0.12949302    0.19622318    0.18545886    0.18545886    0.18819160    0.20615471    0.15605375    0.15350241    0.14604160    0.08750092    0.00000000    0.08280821    0.08052495    0.09844241    0.12690625
T15            0.17714394    0.19508512    0.16775077    0.24534094    0.23643660    0.23113406    0.23113406    0.16655993    0.17624956    0.15650423    0.21748889    0.20639756    0.20639756    0.21489805    0.24297165    0.18710800    0.18441214    0.17924081    0.15742275    0.08280821    0.00000000    0.00200401    0.12883563    0.16119584
T21            0.17447685    0.19790263    0.17041789    0.24235516    0.23350340    0.22821797    0.22821797    0.16394859    0.17361761    0.15393318    0.21463115    0.20359590    0.20359590    0.21204845    0.23998586    0.18441214    0.18173075    0.17658083    0.15481818    0.08052495    0.00200401    0.00000000    0.12640822    0.15861818
T8             0.14821909    0.18003781    0.16673706    0.21886472    0.20765777    0.19976641    0.19976641    0.14115275    0.16078240    0.13147397    0.19803926    0.18730679    0.18730679    0.19550511    0.20896424    0.16839493    0.16580392    0.16078240    0.17182391    0.09844241    0.12883563    0.12640822    0.00000000    0.05407575
T22            0.17889545    0.20718190    0.19046405    0.23856453    0.22984159    0.21603933    0.21603933    0.16119584    0.17641076    0.15378118    0.21437373    0.20896424    0.20896424    0.21748889    0.23436407    0.19467544    0.18925447    0.18673752    0.19850599    0.12690625    0.16119584    0.15861818    0.05407575    0.00000000

