24
T17            0.00000000    0.26558119    0.27191401    0.25440312    0.20921260    0.22505474    0.21489543    0.21748624    0.20490689    0.20409133    0.21776126    0.22505474    0.20921260    0.20921260    0.21437127    0.22093648    0.19507003    0.18795503    0.23909982    0.17942521    0.18751273    0.19674471    0.19118821    0.17410534
T21            0.26558119    0.00000000    0.10878194    0.09042832    0.18424120    0.21091243    0.19759771    0.20295519    0.19418370    0.20459158    0.20105242    0.22621974    0.30838216    0.30838216    0.31764073    0.32882042    0.29765875    0.29250368    0.34917729    0.30155405    0.29715393    0.30951728    0.29586038    0.28817150
T23            0.27191401    0.10878194    0.00000000    0.02859667    0.20490689    0.23234225    0.21864319    0.22415486    0.21514626    0.21411884    0.21348005    0.25042027    0.32827997    0.32827997    0.33777609    0.34676245    0.32079185    0.29524599    0.35182833    0.31203076    0.30765242    0.31999866    0.30624795    0.29764939
T6             0.25440312    0.09042832    0.02859667    0.00000000    0.18619105    0.21287840    0.19954630    0.20490689    0.19601832    0.19508249    0.20012182    0.22810382    0.31707724    0.31707724    0.32644167    0.34136128    0.30965032    0.28440928    0.33315707    0.29099010    0.28675624    0.29870168    0.28536375    0.28349805
T0             0.20921260    0.18424120    0.20490689    0.18619105    0.00000000    0.04760701    0.02862770    0.03069756    0.05206301    0.06978147    0.04756772    0.13695573    0.26203576    0.26203576    0.27067366    0.28161226    0.24630415    0.21545739    0.28383696    0.24062114    0.24362476    0.24505770    0.23899571    0.21545739
T1             0.22505474    0.21091243    0.23234225    0.21287840    0.04760701    0.00000000    0.03069756    0.03488802    0.07605769    0.09438320    0.07373686    0.16168499    0.27344065    0.27344065    0.28221261    0.29333704    0.25746187    0.23141920    0.29806275    0.25712330    0.25712330    0.26164610    0.25545269    0.22849469
T9             0.21489543    0.19759771    0.21864319    0.19954630    0.02862770    0.03069756    0.00000000    0.00401104    0.05632215    0.07412379    0.05407561    0.14453243    0.26126682    0.26126682    0.26988762    0.28070064    0.24866232    0.21776126    0.27679150    0.24296824    0.24296824    0.24129951    0.24129951    0.21776126
T22            0.21748624    0.20295519    0.22415486    0.20490689    0.03069756    0.03488802    0.00401104    0.00000000    0.06066937    0.07858855    0.05621236    0.14946796    0.26712994    0.26712994    0.26951052    0.28026097    0.25440312    0.21748624    0.28275138    0.24866232    0.24866232    0.24699899    0.24699899    0.22325101
T3             0.20490689    0.19418370    0.21514626    0.19601832    0.05206301    0.07605769    0.05632215    0.06066937    0.00000000    0.05884456    0.04987951    0.13528333    0.26097364    0.26097364    0.26961766    0.28077750    0.24201752    0.21122811    0.29240502    0.24239132    0.24544079    0.24707196    0.23483612    0.21637077
T5             0.20409133    0.20459158    0.21411884    0.19508249    0.06978147    0.09438320    0.07412379    0.07858855    0.05884456    0.00000000    0.06752400    0.15522848    0.27237258    0.27237258    0.28115108    0.28916938    0.25311661    0.21895605    0.29435906    0.23829588    0.24129951    0.23973478    0.23973478    0.21833976
T11            0.21776126    0.20105242    0.21348005    0.20012182    0.04756772    0.07373686    0.05407561    0.05621236    0.04987951    0.06752400    0.00000000    0.13695573    0.26600148    0.26600148    0.27469772    0.28585718    0.25238453    0.21833976    0.30007615    0.24362476    0.24664654    0.24811649    0.24201752    0.21895605
T2             0.22505474    0.22621974    0.25042027    0.22810382    0.13695573    0.16168499    0.14453243    0.14946796    0.13528333    0.15522848    0.13695573    0.00000000    0.27983207    0.27983207    0.28868681    0.29902942    0.26053946    0.24396804    0.31979294    0.26089793    0.26712994    0.26326679    0.25699562    0.24699899
T13            0.20921260    0.30838216    0.32827997    0.31707724    0.26203576    0.27344065    0.26126682    0.26712994    0.26097364    0.27237258    0.26600148    0.27983207    0.00000000    0.00401609    0.01210943    0.02037260    0.04545177    0.08962808    0.21412343    0.21833976    0.21895605    0.22846153    0.22549355    0.18251941
T18            0.20921260    0.30838216    0.32827997    0.31707724    0.26203576    0.27344065    0.26126682    0.26712994    0.26097364    0.27237258    0.26600148    0.27983207    0.00401609    0.00000000    0.01210943    0.02037260    0.04545177    0.08962808    0.21412343    0.21833976    0.21895605    0.22846153    0.22549355    0.18251941
T4             0.21437127    0.31764073    0.33777609    0.32644167    0.27067366    0.28221261    0.26988762    0.26951052    0.26961766    0.28115108    0.27469772    0.28868681    0.01210943    0.01210943    0.00000000    0.01619019    0.05185489    0.09409426    0.21932307    0.22645870    0.22123885    0.23671297    0.23370932    0.18751273
T10            0.22093648    0.32882042    0.34676245    0.34136128    0.28161226    0.29333704    0.28070064    0.28026097    0.28077750    0.28916938    0.28585718    0.29902942    0.02037260    0.02037260    0.01619019    0.00000000    0.06288677    0.10359595    0.23406423    0.23864088    0.23335301    0.24623665    0.24316845    0.19875080
T7             0.19507003    0.29765875    0.32079185    0.30965032    0.24630415    0.25746187    0.24866232    0.25440312    0.24201752    0.25311661    0.25238453    0.26053946    0.04545177    0.04545177    0.05185489    0.06288677    0.00000000    0.08266133    0.19448932    0.20104414    0.20154455    0.21348005    0.20774830    0.16378561
T14            0.18795503    0.29250368    0.29524599    0.28440928    0.21545739    0.23141920    0.21776126    0.21748624    0.21122811    0.21895605    0.21833976    0.24396804    0.08962808    0.08962808    0.09409426    0.10359595    0.08266133    0.00000000    0.18460193    0.18025718    0.18296760    0.19228089    0.18672435    0.16467931
T20            0.23909982    0.34917729    0.35182833    0.33315707    0.28383696    0.29806275    0.27679150    0.28275138    0.29240502    0.29435906    0.30007615    0.31979294    0.21412343    0.21412343    0.21932307    0.23406423    0.19448932    0.18460193    0.00000000    0.23141920    0.23085291    0.24095536    0.23202479    0.20251224
T19            0.17942521    0.30155405    0.31203076    0.29099010    0.24062114    0.25712330    0.24296824    0.24866232    0.24239132    0.23829588    0.24362476    0.26089793    0.21833976    0.21833976    0.22645870    0.23864088    0.20104414    0.18025718    0.23141920    0.00000000    0.03483140    0.04559539    0.04128487    0.15393202
T12            0.18751273    0.29715393    0.30765242    0.28675624    0.24362476    0.25712330    0.24296824    0.24866232    0.24544079    0.24129951    0.24664654    0.26712994    0.21895605    0.21895605    0.22123885    0.23335301    0.20154455    0.18296760    0.23085291    0.03483140    0.00000000    0.04128487    0.03701122    0.15393202
T15            0.19674471    0.30951728    0.31999866    0.29870168    0.24505770    0.26164610    0.24129951    0.24699899    0.24707196    0.23973478    0.24811649    0.26326679    0.22846153    0.22846153    0.23671297    0.24623665    0.21348005    0.19228089    0.24095536    0.04559539    0.04128487    0.00000000    0.01214642    0.15983227
T16            0.19118821    0.29586038    0.30624795    0.28536375    0.23899571    0.25545269    0.24129951    0.24699899    0.23483612    0.23973478    0.24201752    0.25699562    0.22549355    0.22549355    0.23370932    0.24316845    0.20774830    0.18672435    0.23202479    0.04128487    0.03701122    0.01214642    0.00000000    0.15983227
T8             0.17410534    0.28817150    0.29764939    0.28349805    0.21545739    0.22849469    0.21776126    0.22325101    0.21637077    0.21833976    0.21895605    0.24699899    0.18251941    0.18251941    0.18751273    0.19875080    0.16378561    0.16467931    0.20251224    0.15393202    0.15393202    0.15983227    0.15983227    0.00000000

