24
T15            0.00000000    0.43530660    0.44904078    0.40058858    0.35934510    0.36867527    0.36244192    0.46190563    0.40634895    0.40183903    0.40183903    0.40306977    0.39473370    0.43766092    0.43267984    0.42704967    0.42297198    0.39980521    0.42034484    0.41630014    0.31318667    0.32839276    0.38713801    0.43442721
T16            0.43530660    0.00000000    0.03907103    0.26217986    0.23509217    0.22596258    0.23244938    0.26482950    0.25794038    0.26377150    0.26377150    0.26452479    0.27520366    0.27999566    0.27082543    0.27637298    0.27957380    0.24877913    0.27957380    0.25452531    0.27359386    0.31123718    0.34441108    0.36390502
T4             0.44904078    0.03907103    0.00000000    0.26140412    0.23742668    0.23416448    0.24073441    0.26729093    0.26031922    0.26928221    0.26928221    0.27003238    0.28079876    0.28560591    0.27637298    0.28196360    0.28518505    0.25419317    0.28518505    0.26857510    0.27916286    0.31027574    0.34695918    0.36287439
T11            0.40058858    0.26217986    0.26140412    0.00000000    0.04134012    0.07850511    0.08061430    0.18850171    0.14493176    0.15246621    0.15246621    0.15288404    0.15190128    0.17446560    0.17691517    0.16609128    0.16342166    0.14790530    0.17418706    0.16560350    0.18986223    0.22005871    0.23978335    0.28079876
T2             0.35934510    0.23509217    0.23742668    0.04134012    0.00000000    0.05621715    0.06271465    0.17247636    0.13496324    0.13229438    0.13229438    0.13262345    0.13434357    0.15860340    0.16100842    0.15310525    0.15049849    0.13279984    0.16367092    0.15007788    0.16560350    0.19179282    0.22252028    0.25932935
T12            0.36867527    0.22596258    0.23416448    0.07850511    0.05621715    0.00000000    0.06709491    0.17226641    0.13983826    0.13214174    0.13214174    0.13245496    0.13420872    0.16318074    0.16076628    0.14812101    0.14553453    0.13012145    0.16342166    0.14730681    0.17071133    0.19709990    0.23387518    0.26514640
T19            0.36244192    0.23244938    0.24073441    0.08061430    0.06271465    0.06709491    0.00000000    0.17226641    0.13479633    0.13214174    0.13214174    0.13245496    0.13420872    0.15527773    0.15288404    0.14769768    0.14512461    0.12763196    0.15812498    0.14474701    0.17340250    0.19430306    0.23387518    0.26823776
T22            0.46190563    0.26482950    0.26729093    0.18850171    0.17247636    0.17226641    0.17226641    0.00000000    0.06061408    0.09164042    0.09164042    0.09178674    0.09839208    0.14968997    0.14474701    0.13966656    0.13714563    0.11996974    0.14730681    0.13683918    0.24107153    0.25558413    0.28255099    0.31863877
T20            0.40634895    0.25794038    0.26031922    0.14493176    0.13496324    0.13983826    0.13479633    0.06061408    0.00000000    0.04117132    0.04117132    0.04124257    0.04751192    0.10399556    0.09936097    0.09462998    0.09228124    0.07622620    0.09936097    0.09439919    0.19403325    0.21326680    0.22488855    0.26422818
T10            0.40183903    0.26377150    0.26928221    0.15246621    0.13229438    0.13214174    0.13214174    0.09164042    0.04117132    0.00000000    0.00000000    0.01210968    0.03271318    0.09674789    0.09923067    0.09216773    0.08983551    0.07387967    0.10160741    0.09196258    0.19377246    0.21296812    0.23625457    0.27316052
T23            0.40183903    0.26377150    0.26928221    0.15246621    0.13229438    0.13214174    0.13214174    0.09164042    0.04117132    0.00000000    0.00000000    0.01210968    0.03271318    0.09674789    0.09923067    0.09216773    0.08983551    0.07387967    0.10160741    0.09196258    0.19377246    0.21296812    0.23625457    0.27316052
T5             0.40306977    0.26452479    0.27003238    0.15288404    0.13262345    0.13245496    0.13245496    0.09178674    0.04124257    0.01210968    0.01210968    0.00000000    0.03481429    0.09698986    0.09949860    0.09240199    0.09005875    0.07404269    0.10188678    0.08983551    0.18875606    0.21357486    0.23682051    0.27379754
T17            0.39473370    0.27520366    0.28079876    0.15190128    0.13434357    0.13420872    0.13420872    0.09839208    0.04751192    0.03271318    0.03271318    0.03481429    0.00000000    0.10826755    0.10599718    0.09888400    0.09653534    0.08046270    0.10839100    0.09869001    0.19030160    0.21785044    0.23548162    0.27228821
T1             0.43766092    0.27999566    0.28560591    0.17446560    0.15860340    0.16318074    0.15527773    0.14968997    0.10399556    0.09674789    0.09674789    0.09698986    0.10826755    0.00000000    0.01824840    0.05413411    0.04977558    0.07186614    0.09964353    0.08994352    0.22857830    0.24290691    0.27400590    0.29654045
T13            0.43267984    0.27082543    0.27637298    0.17691517    0.16100842    0.16076628    0.15288404    0.14474701    0.09936097    0.09923067    0.09923067    0.09949860    0.10599718    0.01824840    0.00000000    0.05200587    0.04982660    0.06969651    0.09740753    0.08772648    0.22596768    0.24637667    0.27530637    0.29368476
T6             0.42704967    0.27637298    0.28196360    0.16609128    0.15310525    0.14812101    0.14769768    0.13966656    0.09462998    0.09216773    0.09216773    0.09240199    0.09888400    0.05413411    0.05200587    0.00000000    0.01007291    0.05853111    0.08563520    0.07622620    0.22005871    0.22821754    0.26178675    0.29043187
T21            0.42297198    0.27957380    0.28518505    0.16342166    0.15049849    0.14553453    0.14512461    0.13714563    0.09228124    0.08983551    0.08983551    0.09005875    0.09653534    0.04977558    0.04982660    0.01007291    0.00000000    0.06074426    0.08796751    0.07850511    0.21713031    0.22525436    0.25867578    0.28720009
T18            0.39980521    0.24877913    0.25419317    0.14790530    0.13279984    0.13012145    0.12763196    0.11996974    0.07622620    0.07387967    0.07387967    0.07404269    0.08046270    0.07186614    0.06969651    0.05853111    0.06074426    0.00000000    0.03910536    0.03271318    0.20020723    0.21971482    0.24981248    0.27169556
T9             0.42034484    0.27957380    0.28518505    0.17418706    0.16367092    0.16342166    0.15812498    0.14730681    0.09936097    0.10160741    0.10160741    0.10188678    0.10839100    0.09964353    0.09740753    0.08563520    0.08796751    0.03910536    0.00000000    0.04982660    0.22373802    0.24721924    0.26978314    0.28560591
T0             0.41630014    0.25452531    0.26857510    0.16560350    0.15007788    0.14730681    0.14474701    0.13683918    0.09439919    0.09196258    0.09196258    0.08983551    0.09869001    0.08994352    0.08772648    0.07622620    0.07850511    0.03271318    0.04982660    0.00000000    0.21421903    0.22525436    0.26491728    0.28720009
T3             0.31318667    0.27359386    0.27916286    0.18986223    0.16560350    0.17071133    0.17340250    0.24107153    0.19403325    0.19377246    0.19377246    0.18875606    0.19030160    0.22857830    0.22596768    0.22005871    0.21713031    0.20020723    0.22373802    0.21421903    0.00000000    0.09899216    0.14662326    0.17151372
T8             0.32839276    0.31123718    0.31027574    0.22005871    0.19179282    0.19709990    0.19430306    0.25558413    0.21326680    0.21296812    0.21296812    0.21357486    0.21785044    0.24290691    0.24637667    0.22821754    0.22525436    0.21971482    0.24721924    0.22525436    0.09899216    0.00000000    0.16434301    0.20599151
T14            0.38713801    0.34441108    0.34695918    0.23978335    0.22252028    0.23387518    0.23387518    0.28255099    0.22488855    0.23625457    0.23625457    0.23682051    0.23548162    0.27400590    0.27530637    0.26178675    0.25867578    0.24981248    0.26978314    0.26491728    0.14662326    0.16434301    0.00000000    0.05836085
T7             0.43442721    0.36390502    0.36287439    0.28079876    0.25932935    0.26514640    0.26823776    0.31863877    0.26422818    0.27316052    0.27316052    0.27379754    0.27228821    0.29654045    0.29368476    0.29043187    0.28720009    0.27169556    0.28560591    0.28720009    0.17151372    0.20599151    0.05836085    0.00000000

