24
T21            0.00000000    0.40601037    0.40601037    0.41720881    0.44089182    0.46335429    0.44224656    0.43131519    0.40208079    0.40931511    0.42551645    0.42793138    0.42887743    0.47905865    0.47015542    0.43269607    0.41191872    0.31345402    0.32225099    0.35489073    0.36417261    0.34467800    0.33812637    0.34216585
T1             0.40601037    0.00000000    0.01415444    0.10172146    0.14765228    0.12035471    0.11305477    0.10802434    0.12251911    0.12238430    0.12977417    0.15096240    0.13460452    0.27505628    0.27384557    0.27227651    0.24564724    0.20154288    0.20639361    0.22558522    0.23297479    0.22008470    0.23085092    0.22531419
T7             0.40601037    0.01415444    0.00000000    0.09226429    0.13744685    0.11064495    0.10348446    0.09858955    0.11280937    0.11269809    0.11994509    0.14093624    0.12470242    0.26259228    0.26126381    0.25985123    0.23377535    0.19320825    0.19803578    0.21696308    0.22432784    0.21436955    0.22217893    0.21671678
T16            0.41720881    0.10172146    0.09226429    0.00000000    0.09934034    0.07613300    0.06937586    0.07373671    0.09204626    0.10610087    0.11333044    0.12668196    0.10836917    0.27384557    0.26326331    0.25780801    0.23171490    0.18569137    0.19597105    0.21775933    0.22505290    0.20947089    0.21436955    0.20896026
T12            0.44089182    0.14765228    0.13744685    0.09934034    0.00000000    0.05432944    0.05213155    0.11041113    0.13963013    0.14233876    0.15262293    0.17393254    0.15203804    0.31590463    0.29809405    0.29636738    0.26878543    0.23202251    0.23466523    0.26018869    0.26534391    0.25136044    0.25344412    0.24177398
T3             0.46335429    0.12035471    0.11064495    0.07613300    0.05432944    0.00000000    0.01010140    0.08487668    0.11521918    0.12483547    0.13226195    0.15605193    0.13211054    0.27748318    0.26674905    0.26534391    0.23909772    0.21231221    0.22064161    0.24265272    0.25014261    0.23406209    0.23032426    0.22480140
T11            0.44224656    0.11305477    0.10348446    0.06937586    0.05213155    0.01010140    0.00000000    0.08033101    0.11280937    0.11751773    0.12483547    0.14843694    0.12470242    0.26810619    0.25745914    0.25014261    0.22455970    0.19826444    0.20639361    0.22794350    0.23539007    0.21956618    0.22170216    0.21625303
T15            0.43131519    0.10802434    0.09858955    0.07373671    0.11041113    0.08487668    0.08033101    0.00000000    0.10311496    0.10319605    0.11030559    0.13340080    0.11960507    0.26195119    0.25136044    0.23589068    0.22743367    0.18961844    0.19995331    0.22170216    0.22918202    0.21908627    0.22126456    0.21582795
T4             0.40208079    0.12251911    0.11280937    0.09204626    0.13963013    0.11521918    0.11280937    0.10311496    0.00000000    0.08088199    0.08318626    0.09633806    0.08308097    0.24773107    0.23746978    0.24129688    0.20774635    0.16531598    0.18072426    0.20154288    0.20871900    0.19954452    0.20383626    0.19023656
T6             0.40931511    0.12238430    0.11269809    0.10610087    0.14233876    0.12483547    0.11751773    0.10319605    0.08088199    0.00000000    0.01419983    0.09642511    0.07879873    0.26284275    0.25869772    0.25079914    0.23370666    0.18452026    0.19478640    0.21317253    0.22035837    0.20490502    0.20408965    0.19597105
T23            0.42551645    0.12977417    0.11994509    0.11333044    0.15262293    0.13226195    0.12483547    0.11030559    0.08318626    0.01419983    0.00000000    0.09876716    0.08110301    0.25970731    0.25555240    0.25079914    0.23671021    0.19287821    0.20326244    0.22186978    0.22908086    0.21347794    0.21258964    0.20435226
T0             0.42793138    0.15096240    0.14093624    0.12668196    0.17393254    0.15605193    0.14843694    0.13340080    0.09633806    0.09642511    0.09876716    0.00000000    0.09867464    0.29392868    0.28957113    0.26950746    0.26363319    0.21833770    0.22908086    0.23938185    0.24688739    0.23671699    0.24177398    0.23909772
T2             0.42887743    0.13460452    0.12470242    0.10836917    0.15203804    0.13211054    0.12470242    0.11960507    0.08308097    0.07879873    0.08110301    0.09867464    0.00000000    0.25930687    0.25200483    0.24735865    0.23335043    0.18700236    0.19730259    0.22514217    0.23233990    0.21379264    0.21864106    0.21605483
T9             0.47905865    0.27505628    0.26259228    0.27384557    0.31590463    0.27748318    0.26810619    0.26195119    0.24773107    0.26284275    0.25970731    0.29392868    0.25930687    0.00000000    0.06060804    0.17286221    0.14508132    0.25659142    0.26164300    0.28114715    0.28957113    0.26874301    0.26126381    0.25853681
T22            0.47015542    0.27384557    0.26126381    0.26326331    0.29809405    0.26674905    0.25745914    0.25136044    0.23746978    0.25869772    0.25555240    0.28957113    0.25200483    0.06060804    0.00000000    0.15066990    0.12367800    0.24623348    0.26053894    0.27929379    0.29098576    0.27328120    0.24699625    0.25349484
T10            0.43269607    0.27227651    0.25985123    0.25780801    0.29636738    0.26534391    0.25014261    0.23589068    0.24129688    0.25079914    0.25079914    0.26950746    0.24735865    0.17286221    0.15066990    0.00000000    0.06295954    0.23266703    0.24129688    0.25853681    0.26988446    0.25582012    0.25780801    0.24899103
T17            0.41191872    0.24564724    0.23377535    0.23171490    0.26878543    0.23909772    0.22455970    0.22743367    0.20774635    0.23370666    0.23671021    0.26363319    0.23335043    0.14508132    0.12367800    0.06295954    0.00000000    0.21030676    0.21864106    0.24129688    0.24933242    0.23564373    0.23171490    0.22324899
T5             0.31345402    0.20154288    0.19320825    0.18569137    0.23202251    0.21231221    0.19826444    0.18961844    0.16531598    0.18452026    0.19287821    0.21833770    0.18700236    0.25659142    0.24623348    0.23266703    0.21030676    0.00000000    0.01414098    0.10328468    0.11011741    0.10813175    0.10328468    0.10102219
T18            0.32225099    0.20639361    0.19803578    0.19597105    0.23466523    0.22064161    0.20639361    0.19995331    0.18072426    0.19478640    0.20326244    0.22908086    0.19730259    0.26164300    0.26053894    0.24129688    0.21864106    0.01414098    0.00000000    0.11249851    0.11941744    0.11499270    0.11249851    0.11020768
T8             0.35489073    0.22558522    0.21696308    0.21775933    0.26018869    0.24265272    0.22794350    0.22170216    0.20154288    0.21317253    0.22186978    0.23938185    0.22514217    0.28114715    0.27929379    0.25853681    0.24129688    0.10328468    0.11249851    0.00000000    0.02439566    0.03919049    0.06959841    0.06968639
T13            0.36417261    0.23297479    0.22432784    0.22505290    0.26534391    0.25014261    0.23539007    0.22918202    0.20871900    0.22035837    0.22908086    0.24688739    0.23233990    0.28957113    0.29098576    0.26988446    0.24933242    0.11011741    0.11941744    0.02439566    0.00000000    0.04334239    0.07387045    0.07394784
T20            0.34467800    0.22008470    0.21436955    0.20947089    0.25136044    0.23406209    0.21956618    0.21908627    0.19954452    0.20490502    0.21347794    0.23671699    0.21379264    0.26874301    0.27328120    0.25582012    0.23564373    0.10813175    0.11499270    0.03919049    0.04334239    0.00000000    0.07194895    0.07204892
T19            0.33812637    0.23085092    0.22217893    0.21436955    0.25344412    0.23032426    0.22170216    0.22126456    0.20383626    0.20408965    0.21258964    0.24177398    0.21864106    0.26126381    0.24699625    0.25780801    0.23171490    0.10328468    0.11249851    0.06959841    0.07387045    0.07194895    0.00000000    0.03064582
T14            0.34216585    0.22531419    0.21671678    0.20896026    0.24177398    0.22480140    0.21625303    0.21582795    0.19023656    0.19597105    0.20435226    0.23909772    0.21605483    0.25853681    0.25349484    0.24899103    0.22324899    0.10102219    0.11020768    0.06968639    0.07394784    0.07204892    0.03064582    0.00000000

