24
T14            0.00000000    0.21205201    0.21517819    0.22616566    0.19850908    0.23968600    0.23142649    0.22850171    0.26676239    0.25441210    0.20746551    0.20463192    0.21002710    0.20463192    0.19741088    0.19741088    0.20313820    0.18925691    0.20747621    0.22106746    0.16608212    0.14616732    0.19399597    0.16044843
T9             0.21205201    0.00000000    0.07613393    0.08972187    0.11821162    0.15409529    0.14168327    0.13917033    0.29153015    0.27544575    0.21318137    0.21031527    0.23038445    0.19901250    0.21749263    0.21749263    0.22587495    0.21412926    0.21303298    0.23008403    0.29352934    0.24206656    0.32181298    0.28744641
T21            0.21517819    0.07613393    0.00000000    0.03701139    0.10122741    0.14378069    0.13405623    0.13405623    0.28142148    0.27823564    0.21002710    0.20718546    0.22709572    0.20435989    0.22822200    0.22822200    0.22850171    0.21437725    0.22411325    0.24393750    0.29312493    0.25137164    0.32556521    0.28146971
T8             0.22616566    0.08972187    0.03701139    0.00000000    0.11534613    0.15619713    0.14378069    0.14378069    0.29437195    0.29110273    0.21232030    0.20947867    0.22939942    0.20665311    0.23939155    0.23939155    0.23968600    0.22532268    0.23227224    0.24689688    0.29884598    0.26294095    0.33237071    0.29093672
T19            0.19850908    0.11821162    0.10122741    0.11534613    0.00000000    0.13170646    0.11971272    0.11971272    0.24834958    0.25137164    0.20805324    0.20520347    0.21928584    0.19675042    0.21749263    0.21749263    0.21776782    0.21179314    0.21344263    0.22769201    0.25953578    0.23085983    0.30602932    0.26938765
T1             0.23968600    0.15409529    0.14378069    0.15619713    0.13170646    0.00000000    0.02653131    0.04343575    0.30918688    0.31254394    0.24397690    0.24096391    0.25583301    0.23499191    0.25015271    0.25015271    0.25044193    0.24419863    0.24299650    0.26330685    0.32980718    0.28593749    0.35953759    0.31811791
T20            0.23142649    0.14168327    0.13405623    0.14378069    0.11971272    0.02653131    0.00000000    0.03284740    0.29028138    0.29352934    0.22677606    0.22385126    0.23830435    0.21805251    0.23298332    0.23298332    0.23324043    0.22720147    0.22614938    0.24592120    0.31375003    0.27335414    0.33927018    0.29923402
T15            0.22850171    0.13917033    0.13405623    0.14378069    0.11971272    0.04343575    0.03284740    0.00000000    0.30008929    0.30008929    0.23565464    0.23267755    0.24737089    0.22385126    0.23298332    0.23298332    0.23324043    0.22720147    0.22899093    0.24886313    0.31042652    0.27025720    0.33839864    0.29862841
T2             0.26676239    0.29153015    0.28142148    0.29437195    0.24834958    0.30918688    0.29028138    0.30008929    0.00000000    0.03284740    0.18345585    0.18073044    0.18594254    0.17532381    0.22325789    0.22325789    0.22646603    0.21749263    0.24534569    0.25376356    0.32967617    0.27122495    0.34061305    0.31187532
T4             0.25441210    0.27544575    0.27823564    0.29110273    0.25137164    0.31254394    0.29352934    0.30008929    0.03284740    0.00000000    0.16997507    0.16732202    0.17242531    0.16205781    0.22325789    0.22325789    0.22354977    0.21463475    0.24235975    0.25074151    0.32180110    0.25648607    0.33378439    0.29573957
T22            0.20746551    0.21318137    0.21002710    0.21232030    0.20805324    0.24397690    0.22677606    0.23565464    0.18345585    0.16997507    0.00000000    0.00200401    0.03502148    0.03507871    0.17286783    0.17286783    0.17579793    0.16753335    0.18523440    0.19298292    0.28631914    0.23796899    0.31082634    0.26136345
T16            0.20463192    0.21031527    0.20718546    0.20947867    0.20520347    0.24096391    0.22385126    0.23267755    0.18073044    0.16732202    0.00200401    0.00000000    0.03289372    0.03294641    0.17019347    0.17019347    0.17579793    0.16488732    0.18523440    0.19024260    0.28307114    0.23499191    0.30751383    0.25833227
T6             0.21002710    0.23038445    0.22709572    0.22939942    0.21928584    0.25583301    0.23830435    0.24737089    0.18594254    0.17242531    0.03502148    0.03289372    0.00000000    0.04145967    0.18073044    0.18073044    0.19200023    0.18073044    0.19875624    0.20384344    0.28027330    0.24363339    0.31375003    0.25559523
T13            0.20463192    0.19901250    0.20435989    0.20665311    0.19675042    0.23499191    0.21805251    0.22385126    0.17532381    0.16205781    0.03507871    0.03294641    0.04145967    0.00000000    0.16225523    0.16225523    0.16775315    0.15703228    0.17982782    0.19024260    0.27663780    0.23499191    0.30172366    0.26441313
T0             0.19741088    0.21749263    0.22822200    0.23939155    0.21749263    0.25015271    0.23298332    0.23298332    0.22325789    0.22325789    0.17286783    0.17019347    0.18073044    0.16225523    0.00000000    0.00000000    0.03910307    0.03483152    0.08038916    0.08723913    0.25617861    0.20785476    0.30312420    0.25754135
T18            0.19741088    0.21749263    0.22822200    0.23939155    0.21749263    0.25015271    0.23298332    0.23298332    0.22325789    0.22325789    0.17286783    0.17019347    0.18073044    0.16225523    0.00000000    0.00000000    0.03910307    0.03483152    0.08038916    0.08723913    0.25617861    0.20785476    0.30312420    0.25754135
T10            0.20313820    0.22587495    0.22850171    0.23968600    0.21776782    0.25044193    0.23324043    0.23324043    0.22646603    0.22354977    0.17579793    0.17579793    0.19200023    0.16775315    0.03910307    0.03910307    0.00000000    0.02859677    0.08078317    0.09194945    0.26569162    0.21932903    0.30674790    0.26080717
T3             0.18925691    0.21412926    0.21437725    0.22532268    0.21179314    0.24419863    0.22720147    0.22720147    0.21749263    0.21463475    0.16753335    0.16488732    0.18073044    0.15703228    0.03483152    0.03483152    0.02859677    0.00000000    0.07825249    0.08723913    0.25015271    0.20508408    0.29667032    0.25158735
T12            0.20747621    0.21303298    0.22411325    0.23227224    0.21344263    0.24299650    0.22614938    0.22899093    0.24534569    0.24235975    0.18523440    0.18523440    0.19875624    0.17982782    0.08038916    0.08038916    0.08078317    0.07825249    0.00000000    0.03701139    0.27615032    0.21249131    0.30602932    0.26029398
T23            0.22106746    0.23008403    0.24393750    0.24689688    0.22769201    0.26330685    0.24592120    0.24886313    0.25376356    0.25074151    0.19298292    0.19024260    0.20384344    0.19024260    0.08723913    0.08723913    0.09194945    0.08723913    0.03701139    0.00000000    0.29447915    0.22899093    0.32937556    0.28177590
T5             0.16608212    0.29352934    0.29312493    0.29884598    0.25953578    0.32980718    0.31375003    0.31042652    0.32967617    0.32180110    0.28631914    0.28307114    0.28027330    0.27663780    0.25617861    0.25617861    0.26569162    0.25015271    0.27615032    0.29447915    0.00000000    0.13211344    0.20232869    0.18173307
T11            0.14616732    0.24206656    0.25137164    0.26294095    0.23085983    0.28593749    0.27335414    0.27025720    0.27122495    0.25648607    0.23796899    0.23499191    0.24363339    0.23499191    0.20785476    0.20785476    0.21932903    0.20508408    0.21249131    0.22899093    0.13211344    0.00000000    0.19254646    0.15876824
T17            0.19399597    0.32181298    0.32556521    0.33237071    0.30602932    0.35953759    0.33927018    0.33839864    0.34061305    0.33378439    0.31082634    0.30751383    0.31375003    0.30172366    0.30312420    0.30312420    0.30674790    0.29667032    0.30602932    0.32937556    0.20232869    0.19254646    0.00000000    0.06735193
T7             0.16044843    0.28744641    0.28146971    0.29093672    0.26938765    0.31811791    0.29923402    0.29862841    0.31187532    0.29573957    0.26136345    0.25833227    0.25559523    0.26441313    0.25754135    0.25754135    0.26080717    0.25158735    0.26029398    0.28177590    0.18173307    0.15876824    0.06735193    0.00000000

