24
T6             0.00000000    0.19781738    0.19781738    0.20947221    0.20383748    0.21231358    0.23113063    0.20947221    0.22645813    0.22676793    0.24630348    0.22743507    0.16448330    0.18545654    0.17487974    0.17694560    0.18772908    0.22193700    0.12702878    0.15926072    0.23272936    0.22480278    0.15084273    0.15325644
T10            0.19781738    0.00000000    0.00401609    0.13902968    0.13183195    0.13931407    0.16151283    0.13902968    0.18691634    0.18710602    0.20826592    0.23297626    0.17942496    0.20359329    0.18772908    0.20036229    0.20313276    0.29678486    0.18025684    0.21489496    0.28775028    0.28557636    0.24688903    0.24909254
T2             0.19781738    0.00401609    0.00000000    0.13902968    0.13183195    0.13931407    0.16151283    0.13902968    0.18691634    0.18710602    0.20826592    0.23007724    0.17675796    0.20080737    0.18501132    0.19760708    0.20036229    0.29678486    0.18025684    0.21489496    0.28775028    0.28557636    0.24688903    0.24909254
T16            0.20947221    0.13902968    0.13902968    0.00000000    0.00602413    0.01210943    0.09633829    0.08045295    0.18691634    0.18710602    0.21106745    0.23783037    0.18251910    0.20690825    0.19875039    0.20359329    0.20639484    0.28628682    0.18251910    0.21259105    0.30057423    0.29196761    0.26502123    0.27024752
T15            0.20383748    0.13183195    0.13183195    0.00602413    0.00000000    0.00603631    0.08954250    0.07380020    0.17923903    0.17942496    0.20591868    0.22961021    0.17487974    0.19900646    0.19093683    0.19573292    0.19850342    0.28065073    0.17487974    0.20462538    0.29160884    0.28310141    0.25890377    0.26411131
T3             0.21231358    0.13931407    0.13931407    0.01210943    0.00603631    0.00000000    0.09418318    0.08060337    0.18730473    0.18751242    0.21437086    0.23830745    0.18296725    0.20745871    0.19927161    0.20409091    0.20690825    0.28383616    0.18296725    0.21317402    0.30132006    0.29271922    0.26502123    0.27024752
T14            0.23113063    0.16151283    0.16151283    0.09633829    0.08954250    0.09418318    0.00000000    0.07161824    0.20270954    0.20569465    0.23615765    0.27614019    0.20947221    0.23498333    0.22645813    0.22615798    0.23202420    0.30459952    0.19826557    0.22325050    0.30601701    0.29733726    0.28275070    0.28491087
T18            0.20947221    0.13902968    0.13902968    0.08045295    0.07380020    0.08060337    0.07161824    0.00000000    0.19233713    0.19528167    0.21956753    0.25558670    0.19069479    0.21259105    0.20717886    0.21204549    0.21489496    0.29271922    0.18522950    0.21545687    0.29028810    0.27863994    0.25952622    0.25860840
T13            0.22645813    0.18691634    0.18691634    0.18691634    0.17923903    0.18730473    0.20270954    0.19233713    0.00000000    0.00805149    0.04554091    0.24802975    0.21287787    0.23266880    0.23003776    0.23796009    0.23796009    0.30295075    0.19369968    0.21517120    0.30750032    0.29883282    0.27155849    0.26994696
T5             0.22676793    0.18710602    0.18710602    0.18710602    0.17942496    0.18751242    0.20569465    0.19528167    0.00805149    0.00000000    0.04559536    0.24834061    0.21317402    0.23300569    0.23037551    0.23829520    0.23829520    0.30338724    0.19395830    0.21259105    0.30132006    0.29271922    0.27191327    0.26411131
T12            0.24630348    0.20826592    0.20826592    0.21106745    0.20591868    0.21437086    0.23615765    0.21956753    0.04554091    0.04559536    0.00000000    0.26914333    0.23530955    0.25582229    0.25311580    0.26751746    0.26751746    0.31931013    0.21833921    0.23466693    0.34368489    0.33463256    0.29519414    0.29412112
T17            0.22743507    0.23297626    0.23007724    0.23783037    0.22961021    0.23830745    0.27614019    0.25558670    0.24802975    0.24834061    0.26914333    0.00000000    0.10586022    0.12251954    0.11534428    0.11982436    0.12716006    0.27993617    0.19254157    0.20826592    0.32142784    0.31257596    0.27303398    0.27583142
T8             0.16448330    0.17942496    0.17675796    0.18251910    0.17487974    0.18296725    0.20947221    0.19069479    0.21287787    0.21317402    0.23530955    0.10586022    0.00000000    0.01826974    0.01212486    0.03284722    0.03924407    0.21982201    0.12497676    0.14946774    0.24715874    0.23909934    0.20569465    0.20826592
T11            0.18545654    0.20359329    0.20080737    0.20690825    0.19900646    0.20745871    0.23498333    0.21259105    0.23266880    0.23300569    0.25582229    0.12251954    0.01826974    0.00000000    0.02656416    0.04776464    0.05432954    0.23967774    0.14726525    0.17263777    0.27399723    0.26568137    0.21982201    0.22531564
T0             0.17487974    0.18772908    0.18501132    0.19875039    0.19093683    0.19927161    0.22645813    0.20717886    0.23003776    0.23037551    0.25311580    0.11534428    0.01212486    0.02656416    0.00000000    0.03919054    0.04565635    0.23701409    0.13980104    0.16488323    0.26259432    0.25440246    0.21106745    0.21365607
T20            0.17694560    0.20036229    0.19760708    0.20359329    0.19573292    0.20409091    0.22615798    0.21204549    0.23796009    0.23829520    0.26751746    0.11982436    0.03284722    0.04776464    0.03919054    0.00000000    0.01415444    0.23032571    0.13431357    0.15908708    0.25206040    0.23806381    0.21886212    0.22432916
T21            0.18772908    0.20313276    0.20036229    0.20639484    0.19850342    0.20690825    0.23202420    0.21489496    0.23796009    0.23829520    0.26751746    0.12716006    0.03924407    0.05432954    0.04565635    0.01415444    0.00000000    0.24205845    0.14436512    0.16429604    0.26411131    0.25587290    0.23323317    0.23297626
T7             0.22193700    0.29678486    0.29678486    0.28628682    0.28065073    0.28383616    0.30459952    0.29271922    0.30295075    0.30338724    0.31931013    0.27993617    0.21982201    0.23967774    0.23701409    0.23032571    0.24205845    0.00000000    0.12483590    0.16936729    0.26382954    0.25558670    0.25258315    0.26382954
T9             0.12702878    0.18025684    0.18025684    0.18251910    0.17487974    0.18296725    0.19826557    0.18522950    0.19369968    0.19395830    0.21833921    0.19254157    0.12497676    0.14726525    0.13980104    0.13431357    0.14436512    0.12483590    0.00000000    0.08078219    0.17114535    0.16378543    0.17130144    0.17347082
T22            0.15926072    0.21489496    0.21489496    0.21259105    0.20462538    0.21317402    0.22325050    0.21545687    0.21517120    0.21259105    0.23466693    0.20826592    0.14946774    0.17263777    0.16488323    0.15908708    0.16429604    0.16936729    0.08078219    0.00000000    0.17609578    0.17130144    0.20569465    0.20784952
T4             0.23272936    0.28775028    0.28775028    0.30057423    0.29160884    0.30132006    0.30601701    0.29028810    0.30750032    0.30132006    0.34368489    0.32142784    0.24715874    0.27399723    0.26259432    0.25206040    0.26411131    0.26382954    0.17114535    0.17609578    0.00000000    0.01210015    0.28009972    0.28247961
T19            0.22480278    0.28557636    0.28557636    0.29196761    0.28310141    0.29271922    0.29733726    0.27863994    0.29883282    0.29271922    0.33463256    0.31257596    0.23909934    0.26568137    0.25440246    0.23806381    0.25587290    0.25558670    0.16378543    0.17130144    0.01210015    0.00000000    0.26558716    0.27095156
T23            0.15084273    0.24688903    0.24688903    0.26502123    0.25890377    0.26502123    0.28275070    0.25952622    0.27155849    0.27191327    0.29519414    0.27303398    0.20569465    0.21982201    0.21106745    0.21886212    0.23323317    0.25258315    0.17130144    0.20569465    0.28009972    0.26558716    0.00000000    0.03900591
T1             0.15325644    0.24909254    0.24909254    0.27024752    0.26411131    0.27024752    0.28491087    0.25860840    0.26994696    0.26411131    0.29412112    0.27583142    0.20826592    0.22531564    0.21365607    0.22432916    0.23297626    0.26382954    0.17347082    0.20784952    0.28247961    0.27095156    0.03900591    0.00000000

