24
T13            0.00000000    0.29924953    0.30712537    0.31042696    0.31375052    0.31187551    0.31416150    0.31123858    0.31082685    0.31416150    0.30133347    0.32227164    0.32522798    0.32430113    0.30673727    0.21749291    0.23172494    0.22587527    0.22559424    0.24363386    0.24565833    0.22879155    0.23407191    0.22850202
T15            0.29924953    0.00000000    0.11561875    0.10597865    0.12050946    0.12716229    0.13567274    0.10837129    0.10824871    0.10610297    0.11837295    0.20155049    0.21318177    0.34470146    0.32570959    0.25441252    0.26328871    0.25713278    0.25680436    0.29352994    0.26603838    0.24803881    0.25345515    0.25441252
T7             0.30712537    0.11561875    0.00000000    0.03701140    0.04559571    0.06727584    0.12760346    0.11522136    0.11994744    0.11777371    0.10586179    0.23059153    0.23672689    0.36264604    0.34674642    0.27994756    0.28913390    0.28276217    0.28242229    0.32385594    0.28311321    0.27647068    0.27647068    0.28311321
T1             0.31042696    0.10597865    0.03701140    0.00000000    0.02857210    0.06282115    0.11534620    0.10802613    0.11030741    0.10813365    0.10586179    0.22194355    0.23378488    0.36264604    0.34322370    0.26441335    0.27335440    0.26717955    0.26688816    0.30058693    0.26995659    0.26108009    0.26660766    0.26748179
T16            0.31375052    0.12050946    0.04559571    0.02857210    0.00000000    0.06951817    0.12760346    0.11522136    0.11751994    0.11534620    0.11064709    0.23059153    0.23672689    0.36366758    0.34419615    0.27435137    0.28347537    0.27714399    0.27680184    0.31709633    0.27927658    0.27025744    0.27584150    0.27680184
T0             0.31187551    0.12716229    0.06727584    0.06282115    0.06951817    0.00000000    0.13711435    0.13170650    0.13158678    0.12936474    0.12214024    0.24744731    0.25376390    0.37838780    0.35856947    0.27217883    0.28117490    0.27498099    0.27471650    0.31516619    0.28714329    0.26886293    0.27446324    0.26911982
T6             0.31416150    0.13567274    0.12760346    0.11534620    0.12760346    0.13711435    0.00000000    0.06951817    0.06944391    0.06288732    0.06743495    0.24030539    0.24363386    0.37527455    0.35545972    0.28423297    0.29924953    0.28705494    0.28347537    0.33564969    0.29638406    0.28705494    0.29273233    0.29394567
T12            0.31123858    0.10837129    0.11522136    0.10802613    0.11522136    0.13170650    0.06951817    0.00000000    0.02650466    0.02447218    0.05407596    0.23172494    0.23732830    0.34932301    0.33025182    0.27435137    0.29558794    0.28029965    0.27994756    0.31795280    0.28950534    0.27714399    0.28276217    0.28384864
T14            0.31082685    0.10824871    0.11994744    0.11030741    0.11751994    0.13158678    0.06944391    0.02650466    0.00000000    0.00602414    0.05621272    0.22325821    0.22879155    0.35336247    0.33416999    0.27470550    0.29273233    0.28066278    0.28029965    0.32180183    0.28347537    0.27435137    0.27994756    0.27470550
T19            0.31416150    0.10610297    0.11777371    0.10813365    0.11534620    0.12936474    0.06288732    0.02447218    0.00602414    0.00000000    0.05412946    0.22036725    0.22587527    0.35694839    0.33765587    0.27786118    0.29598030    0.28384864    0.28347537    0.32522798    0.28667141    0.27749711    0.28311321    0.27786118
T18            0.30133347    0.11837295    0.10586179    0.10586179    0.11064709    0.12214024    0.06743495    0.05407596    0.05621272    0.05412946    0.00000000    0.23764392    0.24096439    0.35854089    0.34521945    0.27507048    0.28988803    0.27786118    0.27749711    0.31546592    0.28384864    0.27156963    0.27714399    0.27507048
T4             0.32227164    0.20155049    0.23059153    0.22194355    0.23059153    0.24744731    0.24030539    0.23172494    0.22325821    0.22036725    0.23764392    0.00000000    0.04554123    0.38980645    0.36587072    0.30097607    0.31300357    0.30052732    0.30673727    0.32917135    0.32239754    0.30719683    0.31300357    0.31104777
T9             0.32522798    0.21318177    0.23672689    0.23378488    0.23672689    0.25376390    0.24363386    0.23732830    0.22879155    0.22587527    0.24096439    0.04554123    0.00000000    0.37902185    0.35545972    0.30478209    0.31347422    0.29766345    0.30385094    0.32620329    0.31256483    0.29766345    0.30340256    0.30143619
T3             0.32430113    0.34470146    0.36264604    0.36264604    0.36366758    0.37838780    0.37527455    0.34932301    0.35336247    0.35694839    0.35854089    0.38980645    0.37902185    0.00000000    0.05189719    0.23600122    0.24096439    0.23267802    0.22939983    0.25005849    0.23900520    0.22155855    0.23267802    0.22124644
T11            0.30673727    0.32570959    0.34674642    0.34322370    0.34419615    0.35856947    0.35545972    0.33025182    0.33416999    0.33765587    0.34521945    0.36587072    0.35545972    0.05189719    0.00000000    0.22255164    0.22742546    0.21928631    0.21606443    0.23565514    0.22776433    0.21348747    0.21865073    0.21031564
T17            0.21749291    0.25441252    0.27994756    0.26441335    0.27435137    0.27217883    0.28423297    0.27435137    0.27470550    0.27786118    0.27507048    0.30097607    0.30478209    0.23600122    0.22255164    0.00000000    0.02442128    0.01210017    0.01209706    0.13259182    0.10586179    0.10623473    0.10597865    0.10134045
T23            0.23172494    0.26328871    0.28913390    0.27335440    0.28347537    0.28117490    0.29924953    0.29558794    0.29273233    0.29598030    0.28988803    0.31300357    0.31347422    0.24096439    0.22742546    0.02442128    0.00000000    0.02029407    0.02028038    0.14216573    0.11510417    0.11547867    0.11522136    0.10813365
T21            0.22587527    0.25713278    0.28276217    0.26717955    0.27714399    0.27498099    0.28705494    0.28029965    0.28066278    0.28384864    0.27786118    0.30052732    0.29766345    0.23267802    0.21928631    0.01210017    0.02029407    0.00000000    0.00401105    0.12993036    0.10338248    0.10371604    0.10348621    0.09886871
T20            0.22559424    0.25680436    0.28242229    0.26688816    0.27680184    0.27471650    0.28347537    0.27994756    0.28029965    0.28347537    0.27749711    0.30673727    0.30385094    0.22939983    0.21606443    0.01209706    0.02028038    0.00401105    0.00000000    0.12977714    0.10328624    0.10359741    0.10338248    0.09876869
T2             0.24363386    0.29352994    0.32385594    0.30058693    0.31709633    0.31516619    0.33564969    0.31795280    0.32180183    0.32522798    0.31546592    0.32917135    0.32620329    0.25005849    0.23565514    0.13259182    0.14216573    0.12993036    0.12977714    0.00000000    0.08528836    0.07640276    0.07621656    0.07403324
T5             0.24565833    0.26603838    0.28311321    0.26995659    0.27927658    0.28714329    0.29638406    0.28950534    0.28347537    0.28667141    0.28384864    0.32239754    0.31256483    0.23900520    0.22776433    0.10586179    0.11510417    0.10338248    0.10328624    0.08528836    0.00000000    0.04123992    0.04116915    0.04549332
T10            0.22879155    0.24803881    0.27647068    0.26108009    0.27025744    0.26886293    0.28705494    0.27714399    0.27435137    0.27749711    0.27156963    0.30719683    0.29766345    0.22155855    0.21348747    0.10623473    0.11547867    0.10371604    0.10359741    0.07640276    0.04123992    0.00000000    0.01209706    0.03705395
T8             0.23407191    0.25345515    0.27647068    0.26660766    0.27584150    0.27446324    0.29273233    0.28276217    0.27994756    0.28311321    0.27714399    0.31300357    0.30340256    0.23267802    0.21865073    0.10597865    0.11522136    0.10348621    0.10338248    0.07621656    0.04116915    0.01209706    0.00000000    0.03697533
T22            0.22850202    0.25441252    0.28311321    0.26748179    0.27680184    0.26911982    0.29394567    0.28384864    0.27470550    0.27786118    0.27507048    0.31104777    0.30143619    0.22124644    0.21031564    0.10134045    0.10813365    0.09886871    0.09876869    0.07403324    0.04549332    0.03705395    0.03697533    0.00000000

