24
T20            0.00000000    0.17557107    0.18099368    0.18232612    0.18732293    0.21751279    0.20667141    0.21234014    0.22011336    0.22011336    0.27160075    0.24903043    0.31538198    0.26837457    0.27155160    0.24169157    0.24065605    0.15463691    0.16511265    0.12993759    0.10575657    0.09461778    0.12902907    0.09612523
T22            0.17557107    0.00000000    0.01626203    0.09428421    0.09409837    0.21724650    0.20923690    0.21492174    0.21414742    0.21414742    0.24153307    0.22561528    0.27946341    0.21698978    0.22797293    0.24133646    0.23439243    0.18005405    0.18821008    0.14930786    0.18253761    0.17533779    0.24776256    0.20851079
T23            0.18099368    0.01626203    0.00000000    0.09898011    0.09877225    0.22299678    0.21492174    0.22067207    0.21984842    0.21984842    0.24747127    0.23144953    0.28592014    0.22272352    0.23380713    0.24740117    0.24033080    0.18547657    0.19372242    0.15964793    0.18797488    0.18074569    0.25379041    0.21414742
T7             0.18232612    0.09428421    0.09898011    0.00000000    0.06931780    0.20594092    0.19805781    0.20361606    0.20293710    0.20293710    0.22128862    0.21934751    0.29009327    0.22911402    0.23205694    0.24065605    0.22852388    0.16674998    0.17468980    0.15187287    0.17148061    0.16957574    0.24370799    0.21605921
T5             0.18732293    0.09409837    0.09877225    0.06931780    0.00000000    0.20550084    0.20272950    0.20828765    0.20767532    0.20767532    0.24594144    0.23809112    0.30056954    0.23618723    0.23913007    0.25207193    0.23971033    0.17736472    0.18547657    0.16187949    0.18174502    0.17715893    0.25209076    0.21285760
T21            0.21751279    0.21724650    0.22299678    0.20594092    0.20550084    0.00000000    0.02450742    0.02450742    0.03280792    0.03280792    0.20617506    0.19048209    0.26374751    0.21125829    0.21705892    0.29105050    0.28075404    0.21234014    0.22387446    0.19929631    0.19530173    0.20465130    0.29398519    0.24568417
T14            0.20667141    0.20923690    0.21492174    0.19805781    0.20272950    0.02450742    0.00000000    0.00401611    0.03289435    0.03289435    0.20667141    0.19929631    0.26784041    0.21482786    0.21775367    0.27888172    0.26879572    0.20720499    0.21867317    0.19425017    0.19025729    0.19957133    0.28185448    0.23439243
T10            0.21234014    0.21492174    0.22067207    0.20361606    0.20828765    0.02450742    0.00401611    0.00000000    0.03715917    0.03715917    0.21234014    0.20493314    0.27429748    0.22069674    0.22365726    0.28214178    0.27198292    0.21290615    0.22450759    0.19985540    0.19025729    0.19957133    0.28831115    0.24033080
T11            0.22011336    0.21414742    0.21984842    0.20293710    0.20767532    0.03280792    0.03289435    0.03715917    0.00000000    0.00401611    0.21156170    0.20411521    0.26016822    0.21382523    0.22257711    0.28727412    0.27709505    0.22067207    0.23237535    0.20748568    0.20898545    0.21578133    0.30013115    0.25139906
T12            0.22011336    0.21414742    0.21984842    0.20293710    0.20767532    0.03280792    0.03289435    0.03715917    0.00401611    0.00000000    0.21156170    0.20411521    0.25393304    0.20807474    0.21672551    0.29388050    0.28355185    0.22067207    0.23237535    0.20748568    0.20898545    0.21578133    0.30013115    0.25139906
T8             0.27160075    0.24153307    0.24747127    0.22128862    0.24594144    0.20617506    0.20667141    0.21234014    0.21156170    0.21156170    0.00000000    0.04756867    0.28727412    0.24740117    0.24435960    0.32280269    0.30216596    0.25444054    0.26679520    0.22881406    0.25348095    0.26093922    0.36009957    0.30716362
T15            0.24903043    0.22561528    0.23144953    0.21934751    0.23809112    0.19048209    0.19929631    0.20493314    0.20411521    0.20411521    0.04756867    0.00000000    0.26966949    0.22483849    0.23075944    0.31792766    0.30056954    0.24065605    0.25278579    0.22067207    0.24568417    0.25008843    0.33122630    0.28350931
T16            0.31538198    0.27946341    0.28592014    0.29009327    0.30056954    0.26374751    0.26784041    0.27429748    0.26016822    0.25393304    0.28727412    0.26966949    0.00000000    0.15524383    0.16049540    0.38086673    0.36477314    0.28075404    0.29388050    0.28262587    0.29105050    0.29646684    0.35300886    0.31692551
T13            0.26837457    0.21698978    0.22272352    0.22911402    0.23618723    0.21125829    0.21482786    0.22069674    0.21382523    0.20807474    0.24740117    0.22483849    0.15524383    0.00000000    0.03483186    0.31897697    0.30482791    0.25896301    0.26837457    0.24205660    0.25624663    0.26737733    0.31692551    0.29246149
T0             0.27155160    0.22797293    0.23380713    0.23205694    0.23913007    0.21705892    0.21775367    0.22365726    0.22257711    0.21672551    0.24435960    0.23075944    0.16049540    0.03483186    0.00000000    0.32357329    0.30919998    0.25586485    0.26837457    0.23903342    0.24703759    0.26102304    0.31692551    0.29576458
T4             0.24169157    0.24133646    0.24740117    0.24065605    0.25207193    0.29105050    0.27888172    0.28214178    0.28727412    0.29388050    0.32280269    0.31792766    0.38086673    0.31897697    0.32357329    0.00000000    0.01619032    0.25624663    0.26879572    0.23041101    0.25896301    0.24895570    0.30879388    0.27827041
T9             0.24065605    0.23439243    0.24033080    0.22852388    0.23971033    0.28075404    0.26879572    0.27198292    0.27709505    0.28355185    0.30216596    0.30056954    0.36477314    0.30482791    0.30919998    0.01619032    0.00000000    0.24972561    0.26208052    0.22712056    0.25242375    0.24243151    0.30836866    0.27473773
T19            0.15463691    0.18005405    0.18547657    0.16674998    0.17736472    0.21234014    0.20720499    0.21290615    0.22067207    0.22067207    0.25444054    0.24065605    0.28075404    0.25896301    0.25586485    0.25624663    0.24972561    0.00000000    0.00806480    0.08562430    0.13197659    0.13009897    0.20338041    0.17449117
T3             0.16511265    0.18821008    0.19372242    0.17468980    0.18547657    0.22387446    0.21867317    0.22450759    0.23237535    0.23237535    0.26679520    0.25278579    0.29388050    0.26837457    0.26837457    0.26879572    0.26208052    0.00806480    0.00000000    0.09501652    0.14200515    0.14017831    0.21465413    0.18524884
T1             0.12993759    0.14930786    0.15964793    0.15187287    0.16187949    0.19929631    0.19425017    0.19985540    0.20748568    0.20748568    0.22881406    0.22067207    0.28262587    0.24205660    0.23903342    0.23041101    0.22712056    0.08562430    0.09501652    0.00000000    0.11053101    0.11106049    0.19323062    0.14914361
T17            0.10575657    0.18253761    0.18797488    0.17148061    0.18174502    0.19530173    0.19025729    0.19025729    0.20898545    0.20898545    0.25348095    0.24568417    0.29105050    0.25624663    0.24703759    0.25896301    0.25242375    0.13197659    0.14200515    0.11053101    0.00000000    0.03483186    0.15364729    0.11710937
T2             0.09461778    0.17533779    0.18074569    0.16957574    0.17715893    0.20465130    0.19957133    0.19957133    0.21578133    0.21578133    0.26093922    0.25008843    0.29646684    0.26737733    0.26102304    0.24895570    0.24243151    0.13009897    0.14017831    0.11106049    0.03483186    0.00000000    0.15170204    0.11270458
T6             0.12902907    0.24776256    0.25379041    0.24370799    0.25209076    0.29398519    0.28185448    0.28831115    0.30013115    0.30013115    0.36009957    0.33122630    0.35300886    0.31692551    0.31692551    0.30879388    0.30836866    0.20338041    0.21465413    0.19323062    0.15364729    0.15170204    0.00000000    0.06537123
T18            0.09612523    0.20851079    0.21414742    0.21605921    0.21285760    0.24568417    0.23439243    0.24033080    0.25139906    0.25139906    0.30716362    0.28350931    0.31692551    0.29246149    0.29576458    0.27827041    0.27473773    0.17449117    0.18524884    0.14914361    0.11710937    0.11270458    0.06537123    0.00000000

