24
T20            0.00000000    0.21154872    0.20390593    0.21736354    0.24276931    0.22324708    0.24296356    0.30583119    0.25745657    0.27190818    0.16411564    0.15425928    0.15481482    0.14946627    0.14183194    0.15203718    0.13445419    0.14658591    0.14199256    0.13431248    0.14436378    0.14233797    0.16868174    0.16868174
T9             0.21154872    0.00000000    0.03274666    0.08749993    0.10824629    0.14139872    0.15619278    0.30764398    0.27149524    0.29616947    0.30154472    0.27558145    0.27374944    0.27977245    0.26686611    0.27977245    0.25782166    0.23746714    0.25242369    0.24276931    0.24276931    0.24091066    0.27661943    0.27661943
T10            0.20390593    0.03274666    0.00000000    0.07650477    0.09697012    0.12962836    0.14420485    0.30236632    0.25782166    0.27651449    0.28739300    0.26185958    0.26649093    0.27247254    0.25960765    0.27247254    0.25061366    0.23181806    0.24664319    0.23708257    0.23483058    0.23300331    0.27066722    0.27066722
T6             0.21736354    0.08749993    0.07650477    0.00000000    0.10158609    0.12729814    0.14913063    0.31102304    0.27558145    0.30728289    0.29249477    0.26686611    0.28234329    0.28847613    0.27522760    0.28623437    0.27147705    0.24811075    0.25469612    0.24201216    0.24276931    0.23786137    0.27581484    0.27581484
T17            0.24276931    0.10824629    0.09697012    0.10158609    0.00000000    0.16186350    0.17447309    0.31252151    0.29665183    0.31202161    0.32464959    0.29430476    0.30263238    0.30893389    0.29532470    0.30893389    0.29923028    0.27469070    0.27513078    0.26202964    0.26599479    0.26413200    0.31007084    0.31007084
T1             0.22324708    0.14139872    0.12962836    0.12729814    0.16186350    0.00000000    0.07812560    0.33322111    0.27900010    0.30812601    0.28911798    0.27581484    0.29002794    0.28956746    0.28305152    0.29616947    0.28349068    0.25344181    0.25984869    0.24743491    0.24802569    0.24596700    0.28145486    0.28145486
T7             0.24296356    0.15619278    0.14420485    0.14913063    0.17447309    0.07812560    0.00000000    0.35284305    0.29066728    0.32719929    0.32719929    0.31734533    0.32586629    0.33235738    0.31836738    0.33235738    0.31889601    0.28028268    0.29026265    0.27712760    0.27155352    0.26950458    0.31256978    0.31256978
T13            0.30583119    0.30764398    0.30236632    0.31102304    0.31252151    0.33322111    0.35284305    0.00000000    0.15963148    0.17487770    0.38169592    0.36708495    0.37298035    0.37226499    0.36089783    0.37998930    0.36534453    0.36824989    0.37019806    0.35833815    0.35959225    0.35410517    0.38400078    0.38400078
T14            0.25745657    0.27149524    0.25782166    0.27558145    0.29665183    0.27900010    0.29066728    0.15963148    0.00000000    0.07613280    0.30861954    0.28586005    0.29381131    0.28349068    0.27703783    0.29332891    0.28720929    0.29392519    0.29523820    0.28179927    0.28586005    0.27746693    0.30499428    0.30499428
T15            0.27190818    0.29616947    0.27651449    0.30728289    0.31202161    0.30812601    0.32719929    0.17487770    0.07613280    0.00000000    0.31734533    0.31442510    0.31016893    0.30285986    0.29285756    0.30964101    0.29332891    0.31252151    0.31393166    0.28703628    0.30764398    0.29332891    0.33511709    0.33511709
T12            0.16411564    0.30154472    0.28739300    0.29249477    0.32464959    0.28911798    0.32719929    0.38169592    0.30861954    0.31734533    0.00000000    0.05831299    0.11332992    0.11561568    0.10836874    0.11077273    0.10133824    0.16411564    0.15425928    0.15152638    0.16224952    0.15762771    0.19995202    0.19995202
T11            0.15425928    0.27558145    0.26185958    0.26686611    0.29430476    0.27581484    0.31734533    0.36708495    0.28586005    0.31442510    0.05831299    0.00000000    0.09697012    0.09921065    0.09215134    0.09215134    0.08528676    0.15168838    0.14199256    0.13931286    0.14946627    0.14488920    0.18155182    0.18155182
T5             0.15481482    0.27374944    0.26649093    0.28234329    0.30263238    0.29002794    0.32586629    0.37298035    0.29381131    0.31016893    0.11332992    0.09697012    0.00000000    0.02656411    0.02447202    0.03502113    0.05653689    0.14708206    0.13744611    0.13476149    0.14745352    0.14035832    0.19850079    0.19850079
T2             0.14946627    0.27977245    0.27247254    0.28847613    0.30893389    0.28956746    0.33235738    0.37226499    0.28349068    0.30285986    0.11561568    0.09921065    0.02656411    0.00000000    0.02236442    0.03710257    0.05867101    0.14436378    0.13476149    0.13210992    0.14470598    0.13762589    0.18772679    0.18772679
T18            0.14183194    0.26686611    0.25960765    0.27522760    0.29532470    0.28305152    0.31836738    0.36089783    0.27703783    0.29285756    0.10836874    0.09215134    0.02447202    0.02236442    0.00000000    0.02862763    0.05206278    0.13680642    0.12729814    0.12470189    0.13711032    0.13008749    0.17961771    0.17961771
T4             0.15203718    0.27977245    0.27247254    0.28623437    0.30893389    0.29616947    0.33235738    0.37998930    0.29332891    0.30964101    0.11077273    0.09215134    0.03502113    0.03710257    0.02862763    0.00000000    0.05206278    0.14436378    0.13476149    0.13210992    0.13711032    0.13258768    0.19550029    0.19550029
T21            0.13445419    0.25782166    0.25061366    0.27147705    0.29923028    0.28349068    0.31889601    0.36534453    0.28720929    0.29332891    0.10133824    0.08528676    0.05653689    0.05867101    0.05206278    0.05206278    0.00000000    0.13946712    0.12992661    0.12729814    0.13727424    0.13528172    0.18479989    0.18479989
T0             0.14658591    0.23746714    0.23181806    0.24811075    0.27469070    0.25344181    0.28028268    0.36824989    0.29392519    0.31252151    0.16411564    0.15168838    0.14708206    0.14436378    0.13680642    0.14436378    0.13946712    0.00000000    0.03910278    0.03483134    0.06487081    0.06727490    0.12902108    0.12902108
T23            0.14199256    0.25242369    0.24664319    0.25469612    0.27513078    0.25984869    0.29026265    0.37019806    0.29523820    0.31393166    0.15425928    0.14199256    0.13744611    0.13476149    0.12729814    0.13476149    0.12992661    0.03910278    0.00000000    0.03069749    0.06282038    0.06978102    0.12912661    0.12912661
T22            0.13431248    0.24276931    0.23708257    0.24201216    0.26202964    0.24743491    0.27712760    0.35833815    0.28179927    0.28703628    0.15152638    0.13931286    0.13476149    0.13210992    0.12470189    0.13210992    0.12729814    0.03483134    0.03069749    0.00000000    0.05189671    0.05867101    0.11710294    0.11710294
T8             0.14436378    0.24276931    0.23483058    0.24276931    0.26599479    0.24802569    0.27155352    0.35959225    0.28586005    0.30764398    0.16224952    0.14946627    0.14745352    0.14470598    0.13711032    0.13711032    0.13727424    0.06487081    0.06282038    0.05189671    0.00000000    0.03492592    0.12457668    0.12457668
T16            0.14233797    0.24091066    0.23300331    0.23786137    0.26413200    0.24596700    0.26950458    0.35410517    0.27746693    0.29332891    0.15762771    0.14488920    0.14035832    0.13762589    0.13008749    0.13258768    0.13528172    0.06727490    0.06978102    0.05867101    0.03492592    0.00000000    0.13210992    0.13210992
T3             0.16868174    0.27661943    0.27066722    0.27581484    0.31007084    0.28145486    0.31256978    0.38400078    0.30499428    0.33511709    0.19995202    0.18155182    0.19850079    0.18772679    0.17961771    0.19550029    0.18479989    0.12902108    0.12912661    0.11710294    0.12457668    0.13210992    0.00000000    0.00000000
T19            0.16868174    0.27661943    0.27066722    0.27581484    0.31007084    0.28145486    0.31256978    0.38400078    0.30499428    0.33511709    0.19995202    0.18155182    0.19850079    0.18772679    0.17961771    0.19550029    0.18479989    0.12902108    0.12912661    0.11710294    0.12457668    0.13210992    0.00000000    0.00000000

