24
T10            0.00000000    0.28441799    0.26054622    0.29952155    0.27427594    0.27470571    0.28115954    0.28350652    0.28395683    0.28631489    0.26752566    0.35591413    0.26752566    0.27068121    0.25971768    0.26204287    0.23004380    0.25741394    0.23038167    0.24934133    0.24631020    0.24432741    0.24716503    0.25315458
T14            0.28441799    0.00000000    0.09004320    0.20612667    0.16797997    0.16821654    0.16821654    0.17310043    0.18424473    0.17604617    0.17089802    0.25783543    0.17850691    0.17310043    0.16603338    0.17089802    0.23974088    0.24506399    0.23335865    0.25545930    0.24631020    0.24432741    0.23764106    0.23467295
T3             0.26054622    0.09004320    0.00000000    0.19648212    0.16976407    0.16997384    0.16997384    0.18297084    0.18320816    0.17509838    0.17264098    0.25700261    0.17488295    0.15650526    0.16245985    0.16245985    0.23172237    0.23058963    0.23142441    0.24565558    0.23672456    0.23467295    0.24474976    0.24178169
T9             0.29952155    0.20612667    0.19648212    0.00000000    0.07155339    0.06937644    0.07161873    0.07825233    0.14549114    0.13242363    0.15262629    0.26142266    0.15523089    0.15262629    0.13762938    0.14234157    0.26477905    0.26713718    0.25275198    0.25817687    0.25509907    0.25621052    0.25104910    0.25104910
T16            0.27427594    0.16797997    0.16976407    0.07155339    0.00000000    0.01824786    0.02031402    0.02650464    0.10850074    0.10348581    0.12050864    0.21091699    0.13476461    0.12238621    0.11319057    0.11777310    0.23142441    0.23968386    0.22878910    0.22822016    0.22532094    0.23142441    0.23033115    0.23033115
T12            0.27470571    0.16821654    0.16997384    0.06937644    0.01824786    0.00000000    0.01826978    0.02444354    0.10863821    0.10359694    0.12776517    0.21412364    0.13744948    0.12497838    0.11333224    0.11791141    0.23172237    0.24297405    0.22908822    0.22849974    0.22559209    0.23172237    0.22769043    0.23058963
T0             0.28115954    0.16821654    0.16997384    0.07161873    0.02031402    0.01826978    0.00000000    0.01617876    0.11348142    0.10837073    0.13062015    0.22362564    0.14036209    0.12528345    0.11608340    0.12066822    0.23764106    0.24297405    0.23498945    0.23436631    0.23142441    0.23764106    0.23350575    0.23643899
T4             0.28350652    0.17310043    0.18297084    0.07825233    0.02650464    0.02444354    0.01617876    0.00000000    0.12050864    0.11052581    0.13998150    0.23108628    0.14470965    0.13460690    0.12528345    0.12992953    0.23998821    0.24834723    0.23732562    0.23672456    0.23378268    0.23998821    0.23589791    0.23883114
T21            0.28395683    0.18424473    0.18320816    0.14549114    0.10850074    0.10863821    0.11348142    0.12050864    0.00000000    0.06959907    0.13762938    0.22846708    0.15262629    0.15003519    0.12793548    0.13762938    0.24631020    0.25854661    0.24062691    0.24899978    0.24597783    0.25005483    0.26639189    0.25408020
T5             0.28631489    0.17604617    0.17509838    0.13242363    0.10348581    0.10359694    0.10837073    0.11052581    0.06959907    0.00000000    0.13762938    0.23445682    0.14745747    0.13980313    0.11805736    0.12266368    0.25854661    0.26713718    0.24665267    0.25509907    0.25204012    0.25545930    0.24866841    0.24803628
T22            0.26752566    0.17089802    0.17264098    0.15262629    0.12050864    0.12776517    0.13062015    0.13998150    0.13762938    0.13762938    0.00000000    0.19102346    0.08308192    0.07621629    0.08539159    0.08750121    0.24363070    0.24899978    0.22908822    0.24934133    0.24631020    0.23531577    0.22769043    0.21909241
T1             0.35591413    0.25783543    0.25700261    0.26142266    0.21091699    0.21412364    0.22362564    0.23108628    0.22846708    0.23445682    0.19102346    0.00000000    0.18541987    0.17439776    0.19319703    0.19821520    0.33071829    0.35103515    0.33479521    0.34684213    0.34325641    0.33778840    0.34023885    0.32867215
T7             0.26752566    0.17850691    0.17488295    0.15523089    0.13476461    0.13744948    0.14036209    0.14470965    0.15262629    0.14745747    0.08308192    0.18541987    0.00000000    0.04343566    0.09449494    0.09428038    0.22878910    0.24297405    0.22036503    0.24504151    0.24206459    0.23172237    0.22148462    0.21024605
T13            0.27068121    0.17310043    0.15650526    0.15262629    0.12238621    0.12497838    0.12528345    0.13460690    0.15003519    0.13980313    0.07621629    0.17439776    0.04343566    0.00000000    0.08289251    0.09194918    0.22878910    0.24597783    0.22616353    0.24803628    0.24504151    0.23467295    0.23058963    0.22194201
T6             0.25971768    0.16603338    0.16245985    0.13762938    0.11319057    0.11333224    0.11608340    0.12528345    0.12793548    0.11805736    0.08539159    0.19319703    0.09449494    0.08289251    0.00000000    0.03277390    0.22646378    0.22646378    0.21231844    0.23142441    0.22849974    0.22064839    0.21672289    0.21388944
T17            0.26204287    0.17089802    0.16245985    0.14234157    0.11777310    0.11791141    0.12066822    0.12992953    0.13762938    0.12266368    0.08750121    0.19821520    0.09428038    0.09194918    0.03277390    0.00000000    0.22009124    0.22009124    0.20615649    0.22270126    0.21982706    0.21205027    0.21909241    0.21344151
T23            0.23004380    0.23974088    0.23172237    0.26477905    0.23142441    0.23172237    0.23764106    0.23998821    0.24631020    0.25854661    0.24363070    0.33071829    0.22878910    0.22878910    0.22646378    0.22009124    0.00000000    0.06944372    0.04770573    0.09438402    0.09673166    0.08078288    0.18108506    0.17061201
T2             0.25741394    0.24506399    0.23058963    0.26713718    0.23968386    0.24297405    0.24297405    0.24834723    0.25854661    0.26713718    0.24899978    0.35103515    0.24297405    0.24597783    0.22646378    0.22009124    0.06944372    0.00000000    0.03910302    0.11052581    0.11292991    0.09428038    0.19721809    0.19178233
T11            0.23038167    0.23335865    0.23142441    0.25275198    0.22878910    0.22908822    0.23498945    0.23732562    0.24062691    0.24665267    0.22908822    0.33479521    0.22036503    0.22616353    0.21231844    0.20615649    0.04770573    0.03910302    0.00000000    0.09215280    0.09449494    0.08088291    0.18656754    0.17595545
T15            0.24934133    0.25545930    0.24565558    0.25817687    0.22822016    0.22849974    0.23436631    0.23672456    0.24899978    0.25509907    0.24934133    0.34684213    0.24504151    0.24803628    0.23142441    0.22270126    0.09438402    0.11052581    0.09215280    0.00000000    0.00603631    0.05412934    0.19669862    0.18863268
T20            0.24631020    0.24631020    0.23672456    0.25509907    0.22532094    0.22559209    0.23142441    0.23378268    0.24597783    0.25204012    0.24631020    0.34325641    0.24206459    0.24504151    0.22849974    0.21982706    0.09673166    0.11292991    0.09449494    0.00603631    0.00000000    0.05194582    0.19399548    0.18597270
T8             0.24432741    0.24432741    0.23467295    0.25621052    0.23142441    0.23172237    0.23764106    0.23998821    0.25005483    0.25545930    0.23531577    0.33778840    0.23172237    0.23467295    0.22064839    0.21205027    0.08078288    0.09428038    0.08088291    0.05412934    0.05194582    0.00000000    0.18908647    0.17844615
T18            0.24716503    0.23764106    0.24474976    0.25104910    0.23033115    0.22769043    0.23350575    0.23589791    0.26639189    0.24866841    0.22769043    0.34023885    0.22148462    0.23058963    0.21672289    0.21909241    0.18108506    0.19721809    0.18656754    0.19669862    0.19399548    0.18908647    0.00000000    0.03272619
T19            0.25315458    0.23467295    0.24178169    0.25104910    0.23033115    0.23058963    0.23643899    0.23883114    0.25408020    0.24803628    0.21909241    0.32867215    0.21024605    0.22194201    0.21388944    0.21344151    0.17061201    0.19178233    0.17595545    0.18863268    0.18597270    0.17844615    0.03272619    0.00000000

