24
T8             0.00000000    0.24149005    0.23854886    0.28026887    0.28521958    0.27612319    0.30210116    0.30565574    0.33412445    0.29952378    0.31844256    0.31959481    0.28910151    0.33533615    0.32215896    0.32222638    0.32175767    0.31454408    0.30914685    0.34669704    0.34317588    0.31664748    0.18358248    0.18876484
T17            0.24149005    0.00000000    0.01007273    0.20153380    0.19874049    0.19068576    0.20035352    0.21177613    0.26017372    0.23111781    0.23111781    0.22906898    0.18592795    0.21488349    0.20614225    0.20946129    0.21203447    0.20382740    0.20408050    0.23897851    0.23597549    0.21544467    0.25013030    0.25529714
T15            0.23854886    0.01007273    0.00000000    0.20153380    0.19874049    0.19068576    0.20035352    0.21177613    0.26017372    0.23111781    0.23111781    0.22906898    0.18592795    0.21488349    0.20614225    0.21230221    0.21203447    0.20382740    0.20408050    0.23897851    0.23597549    0.21544467    0.25013030    0.25529714
T20            0.28026887    0.20153380    0.20153380    0.00000000    0.10371173    0.09672839    0.20014518    0.20035352    0.21907724    0.19194825    0.20250370    0.21257932    0.15721446    0.21177613    0.19802791    0.19344060    0.19320025    0.19802791    0.19596269    0.19045298    0.18772072    0.18729692    0.27804293    0.28398089
T12            0.28521958    0.19874049    0.19874049    0.10371173    0.00000000    0.00602717    0.19160406    0.19177155    0.23006585    0.19702418    0.19940517    0.21774884    0.16955308    0.21981070    0.20590915    0.20127936    0.20103409    0.20590915    0.20382740    0.21515937    0.21230221    0.20103409    0.27139125    0.27115916
T18            0.27612319    0.19068576    0.19068576    0.09672839    0.00602717    0.00000000    0.18907612    0.18924553    0.22742379    0.19448159    0.19685129    0.20946129    0.16185906    0.21152721    0.19780870    0.19320025    0.19296890    0.19780870    0.19572373    0.20689742    0.20408050    0.19296890    0.26257081    0.26235483
T0             0.30210116    0.20035352    0.20035352    0.20014518    0.19160406    0.18907612    0.00000000    0.02238856    0.13509686    0.09393674    0.11064241    0.21000861    0.16487630    0.20127936    0.18772072    0.18230060    0.18209887    0.17923221    0.17981574    0.21544467    0.21257932    0.19296890    0.31881445    0.30210116
T22            0.30565574    0.21177613    0.21177613    0.20035352    0.19177155    0.18924553    0.02238856    0.00000000    0.13025280    0.09401088    0.10597430    0.20744717    0.16245012    0.19596269    0.18251117    0.17181555    0.17163350    0.17146015    0.16936075    0.21000861    0.20716768    0.19320025    0.32177592    0.30501019
T2             0.33412445    0.26017372    0.26017372    0.21907724    0.23006585    0.22742379    0.13509686    0.13025280    0.00000000    0.10359334    0.14488517    0.24295272    0.19621070    0.24395109    0.22937732    0.22707314    0.22675414    0.23170293    0.22969533    0.25236670    0.24931790    0.23730526    0.35451027    0.34975357
T19            0.29952378    0.23111781    0.23111781    0.19194825    0.19702418    0.19448159    0.09393674    0.09401088    0.10359334    0.00000000    0.10328282    0.21981070    0.15408687    0.20590915    0.19232917    0.19506143    0.19485895    0.19466566    0.19253333    0.20590915    0.20312362    0.19485895    0.31412168    0.29200623
T3             0.31844256    0.23111781    0.23111781    0.20250370    0.19940517    0.19685129    0.11064241    0.10597430    0.14488517    0.10328282    0.00000000    0.23496878    0.17508738    0.20973030    0.19596269    0.20153380    0.20127936    0.20382740    0.20179737    0.20638468    0.20358354    0.19253333    0.32474969    0.31444599
T21            0.31959481    0.22906898    0.22906898    0.21257932    0.21774884    0.20946129    0.21000861    0.20744717    0.24295272    0.21981070    0.23496878    0.00000000    0.13527798    0.19981777    0.19170606    0.18121913    0.17824612    0.18071657    0.17875111    0.19143766    0.18867521    0.18047828    0.31919855    0.30891309
T23            0.28910151    0.18592795    0.18592795    0.15721446    0.16955308    0.16185906    0.16487630    0.16245012    0.19621070    0.15408687    0.17508738    0.13527798    0.00000000    0.14744928    0.13997416    0.13025280    0.12759670    0.12992354    0.12792908    0.15351017    0.15089236    0.13762212    0.27301758    0.26354427
T4             0.33533615    0.21488349    0.21488349    0.21177613    0.21981070    0.21152721    0.20127936    0.19596269    0.24395109    0.20590915    0.20973030    0.19981777    0.14744928    0.00000000    0.02234640    0.10102035    0.10092987    0.10792246    0.09876534    0.18395888    0.18121913    0.16467237    0.31959481    0.31513127
T13            0.32215896    0.20614225    0.20614225    0.19802791    0.20590915    0.19780870    0.18772072    0.18251117    0.22937732    0.19232917    0.19596269    0.19170606    0.13997416    0.02234640    0.00000000    0.09177221    0.09169606    0.09858794    0.08954087    0.17603371    0.17333099    0.15702272    0.30532699    0.29859982
T14            0.32222638    0.20946129    0.21230221    0.19344060    0.20127936    0.19320025    0.18230060    0.17181555    0.22707314    0.19506143    0.20153380    0.18121913    0.13025280    0.10102035    0.09177221    0.00000000    0.00401104    0.02440517    0.01824775    0.17333099    0.17064280    0.15481030    0.32000321    0.30962765
T9             0.32175767    0.21203447    0.21203447    0.19320025    0.20103409    0.19296890    0.18209887    0.17163350    0.22675414    0.19485895    0.20127936    0.17824612    0.12759670    0.10092987    0.09169606    0.00401104    0.00000000    0.02439560    0.01823209    0.17308885    0.17040787    0.15461704    0.31959481    0.30926440
T7             0.31454408    0.20382740    0.20382740    0.19802791    0.20590915    0.19780870    0.17923221    0.17146015    0.23170293    0.19466566    0.20382740    0.18071657    0.12992354    0.10792246    0.09858794    0.02440517    0.02439560    0.00000000    0.01413267    0.17554340    0.17285522    0.15962689    0.31000283    0.29985531
T5             0.30914685    0.20408050    0.20408050    0.19596269    0.20382740    0.19572373    0.17981574    0.16936075    0.22969533    0.19253333    0.20179737    0.17875111    0.12792908    0.09876534    0.08954087    0.01824775    0.01823209    0.01413267    0.00000000    0.17358162    0.17088618    0.15762277    0.31371218    0.30344533
T16            0.34669704    0.23897851    0.23897851    0.19045298    0.21515937    0.20689742    0.21544467    0.21000861    0.25236670    0.20590915    0.20638468    0.19143766    0.15351017    0.18395888    0.17603371    0.17333099    0.17308885    0.17554340    0.17358162    0.00000000    0.00200401    0.04776400    0.34621872    0.33191146
T10            0.34317588    0.23597549    0.23597549    0.18772072    0.21230221    0.20408050    0.21257932    0.20716768    0.24931790    0.20312362    0.20358354    0.18867521    0.15089236    0.18121913    0.17333099    0.17064280    0.17040787    0.17285522    0.17088618    0.00200401    0.00000000    0.04559479    0.34270991    0.32851006
T6             0.31664748    0.21544467    0.21544467    0.18729692    0.20103409    0.19296890    0.19296890    0.19320025    0.23730526    0.19485895    0.19253333    0.18047828    0.13762212    0.16467237    0.15702272    0.15481030    0.15461704    0.15962689    0.15762277    0.04776400    0.04559479    0.00000000    0.32635171    0.31513127
T1             0.18358248    0.25013030    0.25013030    0.27804293    0.27139125    0.26257081    0.31881445    0.32177592    0.35451027    0.31412168    0.32474969    0.31919855    0.27301758    0.31959481    0.30532699    0.32000321    0.31959481    0.31000283    0.31371218    0.34621872    0.34270991    0.32635171    0.00000000    0.03900571
T11            0.18876484    0.25529714    0.25529714    0.28398089    0.27115916    0.26235483    0.30210116    0.30501019    0.34975357    0.29200623    0.31444599    0.30891309    0.26354427    0.31513127    0.29859982    0.30962765    0.30926440    0.29985531    0.30344533    0.33191146    0.32851006    0.31513127    0.03900571    0.00000000

