24
T15            0.00000000    0.33626904    0.32343872    0.32005845    0.31849253    0.31223969    0.33799844    0.35858852    0.33238738    0.31591599    0.33799844    0.32145558    0.42396286    0.31670091    0.32741884    0.32443099    0.32145558    0.29485009    0.29236331    0.29395987    0.28464153    0.31125349    0.32558078    0.32640927
T2             0.33626904    0.00000000    0.06304077    0.06081336    0.05626470    0.05194629    0.13681267    0.15667659    0.12977962    0.12716452    0.14630268    0.13197231    0.23831443    0.14216883    0.15892850    0.15650938    0.15409866    0.24566761    0.24632315    0.22972738    0.22417120    0.25106121    0.28809886    0.26749173
T20            0.32343872    0.06304077    0.00000000    0.01007278    0.04334292    0.03910328    0.14437113    0.16187274    0.13476825    0.13211605    0.15393808    0.13947402    0.23831443    0.14471397    0.16151980    0.15909398    0.15667659    0.25106121    0.25476269    0.22972738    0.22417120    0.24868094    0.29701627    0.27305409
T1             0.32005845    0.06081336    0.01007278    0.00000000    0.04120146    0.03697550    0.14183891    0.15926791    0.13226771    0.12963415    0.15137996    0.13696091    0.23235948    0.14216883    0.15892850    0.15650938    0.15409866    0.24804790    0.25171256    0.22972738    0.22417120    0.24566761    0.29380962    0.26996634
T13            0.31849253    0.05626470    0.04334292    0.04120146    0.00000000    0.01210018    0.13405847    0.15123430    0.12458160    0.12203050    0.14353870    0.13170869    0.23765297    0.13931947    0.15605832    0.15364210    0.15123430    0.24745589    0.25106121    0.23143498    0.22588305    0.23673518    0.29575049    0.27192168
T6             0.31223969    0.05194629    0.03910328    0.03697550    0.01210018    0.00000000    0.12679375    0.14630268    0.11982808    0.11729867    0.13866832    0.12936690    0.23204152    0.13446038    0.15109703    0.14869569    0.14630268    0.24179195    0.24535504    0.22588305    0.22037467    0.23114644    0.28658123    0.26306577
T3             0.33799844    0.13681267    0.14437113    0.14183891    0.13405847    0.12679375    0.00000000    0.03481304    0.00804333    0.03690630    0.05389751    0.06704096    0.22647469    0.14913813    0.16608546    0.16363887    0.16120091    0.25233291    0.25287769    0.23673518    0.23114644    0.24394544    0.29575049    0.26584021
T11            0.35858852    0.15667659    0.16187274    0.15926791    0.15123430    0.14630268    0.03481304    0.00000000    0.02648444    0.05613030    0.06691742    0.09177590    0.25171256    0.16937536    0.18674430    0.18423635    0.18173740    0.26108908    0.26166740    0.25377341    0.24804790    0.26780507    0.31416645    0.28346466
T7             0.33238738    0.12977962    0.13476825    0.13226771    0.12458160    0.11982808    0.00804333    0.02648444    0.00000000    0.02855390    0.04535344    0.06276232    0.22385985    0.13947402    0.15620021    0.15378589    0.15137996    0.24420684    0.24179195    0.22588305    0.22037467    0.23590731    0.28401771    0.25456338
T4             0.31591599    0.12716452    0.13211605    0.12963415    0.12203050    0.11729867    0.03690630    0.05613030    0.02855390    0.00000000    0.03277407    0.06050701    0.22940842    0.13681267    0.14869569    0.14630268    0.14391793    0.23807814    0.23857652    0.21697779    0.21155029    0.22744891    0.27807812    0.24300343
T18            0.33799844    0.14630268    0.15393808    0.15137996    0.14353870    0.13866832    0.05389751    0.06691742    0.04535344    0.03277407    0.00000000    0.08254495    0.24835930    0.15877150    0.17100475    0.16854073    0.16608546    0.25730712    0.26081602    0.24447853    0.23884096    0.24935558    0.29575049    0.26584021
T0             0.32145558    0.13197231    0.13947402    0.13696091    0.13170869    0.12936690    0.06704096    0.09177590    0.06276232    0.06050701    0.08254495    0.00000000    0.23797876    0.14421189    0.16105430    0.15862300    0.15620021    0.24076075    0.24420684    0.22822988    0.22271054    0.24125587    0.28295757    0.25961307
T16            0.42396286    0.23831443    0.23831443    0.23235948    0.23765297    0.23204152    0.22647469    0.25171256    0.22385985    0.22940842    0.24835930    0.23797876    0.00000000    0.16872226    0.18321538    0.18073610    0.17556196    0.36006307    0.35031363    0.34384042    0.33726128    0.34776368    0.38482513    0.36844363
T10            0.31670091    0.14216883    0.14471397    0.14216883    0.13931947    0.13446038    0.14913813    0.16937536    0.13947402    0.13681267    0.15877150    0.14421189    0.16872226    0.00000000    0.06714484    0.06497982    0.06727649    0.24151881    0.24804790    0.24097406    0.23532808    0.24804790    0.28809886    0.26749173
T22            0.32741884    0.15892850    0.16151980    0.15892850    0.15605832    0.15109703    0.16608546    0.18674430    0.15620021    0.14869569    0.17100475    0.16105430    0.18321538    0.06714484    0.00000000    0.00200301    0.01209707    0.26412984    0.25560424    0.24298604    0.23733710    0.24030686    0.30829043    0.28090112
T23            0.32443099    0.15650938    0.15909398    0.15650938    0.15364210    0.14869569    0.16363887    0.18423635    0.15378589    0.14630268    0.16854073    0.15862300    0.18073610    0.06497982    0.00200301    0.00000000    0.01006764    0.26689757    0.25834134    0.24031452    0.23468439    0.23762065    0.30537056    0.27807812
T17            0.32145558    0.15409866    0.15667659    0.15409866    0.15123430    0.14630268    0.16120091    0.18173740    0.15137996    0.14391793    0.16608546    0.15620021    0.17556196    0.06727649    0.01209707    0.01006764    0.00000000    0.25806672    0.24961381    0.23468439    0.22909916    0.22675703    0.30246265    0.27526635
T8             0.29485009    0.24566761    0.25106121    0.24804790    0.24745589    0.24179195    0.25233291    0.26108908    0.24420684    0.23807814    0.25730712    0.24076075    0.36006307    0.24151881    0.26412984    0.26689757    0.25806672    0.00000000    0.02646298    0.16395412    0.16151980    0.19761738    0.23165826    0.20989635
T14            0.29236331    0.24632315    0.25476269    0.25171256    0.25106121    0.24535504    0.25287769    0.26166740    0.24179195    0.23857652    0.26081602    0.24420684    0.35031363    0.24804790    0.25560424    0.25834134    0.24961381    0.02646298    0.00000000    0.15393808    0.15153395    0.17907002    0.22107332    0.19959315
T19            0.29395987    0.22972738    0.22972738    0.22972738    0.23143498    0.22588305    0.23673518    0.25377341    0.22588305    0.21697779    0.24447853    0.22822988    0.34384042    0.24097406    0.24298604    0.24031452    0.23468439    0.16395412    0.15393808    0.00000000    0.00602719    0.13878224    0.19959315    0.17874207
T9             0.28464153    0.22417120    0.22417120    0.22417120    0.22588305    0.22037467    0.23114644    0.24804790    0.22037467    0.21155029    0.23884096    0.22271054    0.33726128    0.23532808    0.23733710    0.23468439    0.22909916    0.16151980    0.15153395    0.00602719    0.00000000    0.13147709    0.19161947    0.17100475
T21            0.31125349    0.25106121    0.24868094    0.24566761    0.23673518    0.23114644    0.24394544    0.26780507    0.23590731    0.22744891    0.24935558    0.24125587    0.34776368    0.24804790    0.24030686    0.23762065    0.22675703    0.19761738    0.17907002    0.13878224    0.13147709    0.00000000    0.22880836    0.21266723
T5             0.32558078    0.28809886    0.29701627    0.29380962    0.29575049    0.28658123    0.29575049    0.31416645    0.28401771    0.27807812    0.29575049    0.28295757    0.38482513    0.28809886    0.30829043    0.30537056    0.30246265    0.23165826    0.22107332    0.19959315    0.19161947    0.22880836    0.00000000    0.04982293
T12            0.32640927    0.26749173    0.27305409    0.26996634    0.27192168    0.26306577    0.26584021    0.28346466    0.25456338    0.24300343    0.26584021    0.25961307    0.36844363    0.26749173    0.28090112    0.27807812    0.27526635    0.20989635    0.19959315    0.17874207    0.17100475    0.21266723    0.04982293    0.00000000

