24
T4             0.00000000    0.41754329    0.35784647    0.37911535    0.37860893    0.43527369    0.35876242    0.34794662    0.34955119    0.35206079    0.34650646    0.40433252    0.32954384    0.46003030    0.46003030    0.44554961    0.44874047    0.38884751    0.39392908    0.34292704    0.36131054    0.36185887    0.34595892    0.36669429
T23            0.41754329    0.00000000    0.13846618    0.14081315    0.14060166    0.31619283    0.23682597    0.21904733    0.22299518    0.21131673    0.21454657    0.27164822    0.21678675    0.30516148    0.30516148    0.29733832    0.29269321    0.24213267    0.23910695    0.24289602    0.25672452    0.25092663    0.25031780    0.24636503
T22            0.35784647    0.13846618    0.00000000    0.02245730    0.02242031    0.28559258    0.19327267    0.19100122    0.19681599    0.18849622    0.18875036    0.24339687    0.18551591    0.28041484    0.28041484    0.27318067    0.25594694    0.22917578    0.23212091    0.20111124    0.22858288    0.22305299    0.21614494    0.21842634
T7             0.37911535    0.14081315    0.02245730    0.00000000    0.00805161    0.29826848    0.20981944    0.20470157    0.21068988    0.20215643    0.20244070    0.25829230    0.20470157    0.27677175    0.27677175    0.26964078    0.25250141    0.23181085    0.23476468    0.20928598    0.22830119    0.22277847    0.21873209    0.22102399
T12            0.37860893    0.14060166    0.02242031    0.00805161    0.00000000    0.29781606    0.21239232    0.20442766    0.21039040    0.20188133    0.20215643    0.25793014    0.20442766    0.28278207    0.28278207    0.27557092    0.25829230    0.23151065    0.23445573    0.20903338    0.22802937    0.22251369    0.21842634    0.22072889
T14            0.43527369    0.31619283    0.28559258    0.29826848    0.29781606    0.00000000    0.23476468    0.22595520    0.23575099    0.23575099    0.23013851    0.26305055    0.21161031    0.30355826    0.30355826    0.29939419    0.29124664    0.27241120    0.27557092    0.23122035    0.25690642    0.25114929    0.22277847    0.24944804
T0             0.35876242    0.23682597    0.19327267    0.20981944    0.21239232    0.23476468    0.00000000    0.09429359    0.08784208    0.07859960    0.07870203    0.12995676    0.10826597    0.23345939    0.23345939    0.23277056    0.21937204    0.18528715    0.18801475    0.17537407    0.19628830    0.19100122    0.18651970    0.18651970
T1             0.34794662    0.21904733    0.19100122    0.20470157    0.20442766    0.22595520    0.09429359    0.00000000    0.08761556    0.08299449    0.08309339    0.13496045    0.11766309    0.22980785    0.22980785    0.22333723    0.21873209    0.17719284    0.17987636    0.16736619    0.18257441    0.17739953    0.16757893    0.17831390
T8             0.34955119    0.22299518    0.19681599    0.21068988    0.21039040    0.23575099    0.08784208    0.08761556    0.00000000    0.02444444    0.02447321    0.06938302    0.10174165    0.24904095    0.24904095    0.24517687    0.23155818    0.18600010    0.18875036    0.17339738    0.18875036    0.18351277    0.17365017    0.18183374
T9             0.35206079    0.21131673    0.18849622    0.20215643    0.20188133    0.23575099    0.07859960    0.08299449    0.02444444    0.00000000    0.01619057    0.06061364    0.09698831    0.24595901    0.24595901    0.24213267    0.22856865    0.17783925    0.18054471    0.16802995    0.18875036    0.18351277    0.17909092    0.18183374
T5             0.34650646    0.21454657    0.18875036    0.20244070    0.20215643    0.23013851    0.07870203    0.08309339    0.02447321    0.01619057    0.00000000    0.05617176    0.09712016    0.24023893    0.24023893    0.23645783    0.21712174    0.17537407    0.17807222    0.16294373    0.18351277    0.17831390    0.17391148    0.17663187
T20            0.40433252    0.27164822    0.24339687    0.25829230    0.25793014    0.26305055    0.12995676    0.13496045    0.06938302    0.06061364    0.05617176    0.00000000    0.14987635    0.28646668    0.28646668    0.27358158    0.26805545    0.22305299    0.22887442    0.20416301    0.22887442    0.22333723    0.21010024    0.21296094
T19            0.32954384    0.21678675    0.18551591    0.20470157    0.20442766    0.21161031    0.10826597    0.11766309    0.10174165    0.09698831    0.09712016    0.14987635    0.00000000    0.24250938    0.24250938    0.24480079    0.23118875    0.18575356    0.18849622    0.15726378    0.17269045    0.16757893    0.16317611    0.17882327
T16            0.46003030    0.30516148    0.28041484    0.27677175    0.28278207    0.30355826    0.23345939    0.22980785    0.24904095    0.24595901    0.24023893    0.28646668    0.24250938    0.00000000    0.00401614    0.03694738    0.05009670    0.11321150    0.12053345    0.17339738    0.18103417    0.17315315    0.17418131    0.17095191
T2             0.46003030    0.30516148    0.28041484    0.27677175    0.28278207    0.30355826    0.23345939    0.22980785    0.24904095    0.24595901    0.24023893    0.28646668    0.24250938    0.00401614    0.00000000    0.03694738    0.05009670    0.11321150    0.12053345    0.17339738    0.18103417    0.17315315    0.17418131    0.17095191
T17            0.44554961    0.29733832    0.27318067    0.26964078    0.27557092    0.29939419    0.23277056    0.22333723    0.24517687    0.24213267    0.23645783    0.27358158    0.24480079    0.03694738    0.03694738    0.00000000    0.04994822    0.11512242    0.12240843    0.15746552    0.17024106    0.16250413    0.16341684    0.16030269
T6             0.44874047    0.29269321    0.25594694    0.25250141    0.25829230    0.29124664    0.21937204    0.21873209    0.23155818    0.22856865    0.21712174    0.26805545    0.23118875    0.05009670    0.05009670    0.04994822    0.00000000    0.11079457    0.11808083    0.15789394    0.16802995    0.16030269    0.16125383    0.15812059
T3             0.38884751    0.24213267    0.22917578    0.23181085    0.23151065    0.27241120    0.18528715    0.17719284    0.18600010    0.17783925    0.17537407    0.22305299    0.18575356    0.11321150    0.11321150    0.11512242    0.11079457    0.00000000    0.01413394    0.12009767    0.13714297    0.13229188    0.12796462    0.12515251
T18            0.39392908    0.23910695    0.23212091    0.23476468    0.23445573    0.27557092    0.18801475    0.17987636    0.18875036    0.18054471    0.17807222    0.22887442    0.18849622    0.12053345    0.12053345    0.12240843    0.11808083    0.01413394    0.00000000    0.12747364    0.14474388    0.13983531    0.13550832    0.13262069
T11            0.34292704    0.24289602    0.20111124    0.20928598    0.20903338    0.23122035    0.17537407    0.16736619    0.17339738    0.16802995    0.16294373    0.20416301    0.15726378    0.17339738    0.17339738    0.15746552    0.15789394    0.12009767    0.12747364    0.00000000    0.08503000    0.08281815    0.07631552    0.08089419
T13            0.36131054    0.25672452    0.22858288    0.22830119    0.22802937    0.25690642    0.19628830    0.18257441    0.18875036    0.18875036    0.18351277    0.22887442    0.17269045    0.18103417    0.18103417    0.17024106    0.16802995    0.13714297    0.14474388    0.08503000    0.00000000    0.00602724    0.03064701    0.05621680
T15            0.36185887    0.25092663    0.22305299    0.22277847    0.22251369    0.25114929    0.19100122    0.17739953    0.18351277    0.18351277    0.17831390    0.22333723    0.16757893    0.17315315    0.17315315    0.16250413    0.16030269    0.13229188    0.13983531    0.08281815    0.00602724    0.00000000    0.02648517    0.05190071
T10            0.34595892    0.25031780    0.21614494    0.21873209    0.21842634    0.22277847    0.18651970    0.16757893    0.17365017    0.17909092    0.17391148    0.21010024    0.16317611    0.17418131    0.17418131    0.16341684    0.16125383    0.12796462    0.13550832    0.07631552    0.03064701    0.02648517    0.00000000    0.04128781
T21            0.36669429    0.24636503    0.21842634    0.22102399    0.22072889    0.24944804    0.18651970    0.17831390    0.18183374    0.18183374    0.17663187    0.21296094    0.17882327    0.17095191    0.17095191    0.16030269    0.15812059    0.12515251    0.13262069    0.08089419    0.05621680    0.05190071    0.04128781    0.00000000

