24
T8             0.00000000    0.34800429    0.35505065    0.32560043    0.35599255    0.33499863    0.34727510    0.39955343    0.38603165    0.37275156    0.36649293    0.37893750    0.35648336    0.31006995    0.31593491    0.27944765    0.30299206    0.29969001    0.29813676    0.28244788    0.30877970    0.27752013    0.30299206    0.28953062
T3             0.34800429    0.00000000    0.00603633    0.07205126    0.10159107    0.08099191    0.23236508    0.31888651    0.28547448    0.24738746    0.25662265    0.26198429    0.23674343    0.22038100    0.22851712    0.24421818    0.27474462    0.27168537    0.25924006    0.25781767    0.28149720    0.26691226    0.28211973    0.26941332
T12            0.35505065    0.00603633    0.00000000    0.07891726    0.10637661    0.08795358    0.23831992    0.32573982    0.28547448    0.25352524    0.26287570    0.26814076    0.24268048    0.22618025    0.23438446    0.25017283    0.28091993    0.27782273    0.26537764    0.26386229    0.28778925    0.27306864    0.28845170    0.27556966
T13            0.32560043    0.07205126    0.07891726    0.00000000    0.06527837    0.05433076    0.20182550    0.29071113    0.25548056    0.23074608    0.23975919    0.24567568    0.22679022    0.19876739    0.20385551    0.23010144    0.25412456    0.25117372    0.23300098    0.24936904    0.26720309    0.24691715    0.26781738    0.25534143
T9             0.35599255    0.10159107    0.10637661    0.06527837    0.00000000    0.08308399    0.21547690    0.29969001    0.27030673    0.24204234    0.25122102    0.25347487    0.24331677    0.21233310    0.21464830    0.24775667    0.27528344    0.27220531    0.25682396    0.26386229    0.27898360    0.26443608    0.28278725    0.26998097
T23            0.33499863    0.08099191    0.08795358    0.05433076    0.08308399    0.00000000    0.20692673    0.28349950    0.25783939    0.22417600    0.23601560    0.25347487    0.23438446    0.19277136    0.20898066    0.22676869    0.25666399    0.25371318    0.24718663    0.24594354    0.26110308    0.24640941    0.27337853    0.26083084
T6             0.34727510    0.23236508    0.23831992    0.20182550    0.21547690    0.20692673    0.00000000    0.17642331    0.15668032    0.12498329    0.13242907    0.20617077    0.19047737    0.16449486    0.17202588    0.24536373    0.28211973    0.27898360    0.25749048    0.25534143    0.27649512    0.25288958    0.27337853    0.26691226
T11            0.39955343    0.31888651    0.32573982    0.29071113    0.29969001    0.28349950    0.17642331    0.00000000    0.06504468    0.14406433    0.14691905    0.25482257    0.25955642    0.21131763    0.23087612    0.29969001    0.33328008    0.32984175    0.31888651    0.30933096    0.31378132    0.30098311    0.32049632    0.32262734
T0             0.38603165    0.28547448    0.28547448    0.25548056    0.27030673    0.25783939    0.15668032    0.06504468    0.00000000    0.13009571    0.13547997    0.24237749    0.23469098    0.18844770    0.20747720    0.28068614    0.31338286    0.31006995    0.30011557    0.29164804    0.30425267    0.28596329    0.29848228    0.30061623
T22            0.37275156    0.24738746    0.25352524    0.23074608    0.24204234    0.22417600    0.12498329    0.14406433    0.13009571    0.00000000    0.02027321    0.22851712    0.21003923    0.16712711    0.18275308    0.25749048    0.28915965    0.28596329    0.27625120    0.26571293    0.28747328    0.25410195    0.27788379    0.28387234
T18            0.36649293    0.25662265    0.26287570    0.23975919    0.25122102    0.23601560    0.13242907    0.14691905    0.13547997    0.02027321    0.00000000    0.23734418    0.21866325    0.17510814    0.19095242    0.26678276    0.29315070    0.28991287    0.28590260    0.27124769    0.29315070    0.26571293    0.28991287    0.29600632
T19            0.37893750    0.26198429    0.26814076    0.24567568    0.25347487    0.25347487    0.20617077    0.25482257    0.24237749    0.22851712    0.23734418    0.00000000    0.04765386    0.11702611    0.12649889    0.27556966    0.30539177    0.30216453    0.29450750    0.29548591    0.30799734    0.29289382    0.31124555    0.29810527
T1             0.35648336    0.23674343    0.24268048    0.22679022    0.24331677    0.23438446    0.19047737    0.25955642    0.23469098    0.21003923    0.21866325    0.04765386    0.00000000    0.10093635    0.10547337    0.24989444    0.29064108    0.28747516    0.26505304    0.27220531    0.29382719    0.26663234    0.29703376    0.28403645
T10            0.31006995    0.22038100    0.22618025    0.19876739    0.21233310    0.19277136    0.16449486    0.21131763    0.18844770    0.16712711    0.17510814    0.11702611    0.10093635    0.00000000    0.03073338    0.22745856    0.26333193    0.26031878    0.24506198    0.23742179    0.25482257    0.24077361    0.25835462    0.25161076
T15            0.31593491    0.22851712    0.23438446    0.20385551    0.21464830    0.20898066    0.17202588    0.23087612    0.20747720    0.18275308    0.19095242    0.12649889    0.10547337    0.03073338    0.00000000    0.23566228    0.27193975    0.26888983    0.25046164    0.24281000    0.25732370    0.24323769    0.26083084    0.25412456
T21            0.27944765    0.24421818    0.25017283    0.23010144    0.24775667    0.22676869    0.24536373    0.29969001    0.28068614    0.25749048    0.26678276    0.27556966    0.24989444    0.22745856    0.23566228    0.00000000    0.03690683    0.03690683    0.04776556    0.11250454    0.13242907    0.10864178    0.12745290    0.11752399
T4             0.30299206    0.27474462    0.28091993    0.25412456    0.27528344    0.25666399    0.28211973    0.33328008    0.31338286    0.28915965    0.29315070    0.30539177    0.29064108    0.26333193    0.27193975    0.03690683    0.00000000    0.00401610    0.08045578    0.14324062    0.16395894    0.13917621    0.15620513    0.14844782
T14            0.29969001    0.27168537    0.27782273    0.25117372    0.27220531    0.25371318    0.27898360    0.32984175    0.31006995    0.28596329    0.28991287    0.30216453    0.28747516    0.26031878    0.26888983    0.03690683    0.00401610    0.00000000    0.08045578    0.14324062    0.16395894    0.13917621    0.15620513    0.14844782
T7             0.29813676    0.25924006    0.26537764    0.23300098    0.25682396    0.24718663    0.25749048    0.31888651    0.30011557    0.27625120    0.28590260    0.29450750    0.26505304    0.24506198    0.25046164    0.04776556    0.08045578    0.08045578    0.00000000    0.12924849    0.14766213    0.12545237    0.13963888    0.13446300
T20            0.28244788    0.25781767    0.26386229    0.24936904    0.26386229    0.24594354    0.25534143    0.30933096    0.29164804    0.26571293    0.27124769    0.29548591    0.27220531    0.23742179    0.24281000    0.11250454    0.14324062    0.14324062    0.12924849    0.00000000    0.07599170    0.05616903    0.08254689    0.07352952
T2             0.30877970    0.28149720    0.28778925    0.26720309    0.27898360    0.26110308    0.27649512    0.31378132    0.30425267    0.28747328    0.29315070    0.30799734    0.29382719    0.25482257    0.25732370    0.13242907    0.16395894    0.16395894    0.14766213    0.07599170    0.00000000    0.07650764    0.10134315    0.09652370
T16            0.27752013    0.26691226    0.27306864    0.24691715    0.26443608    0.24640941    0.25288958    0.30098311    0.28596329    0.25410195    0.26571293    0.29289382    0.26663234    0.24077361    0.24323769    0.10864178    0.13917621    0.13917621    0.12545237    0.05616903    0.07650764    0.00000000    0.07840854    0.07380252
T5             0.30299206    0.28211973    0.28845170    0.26781738    0.28278725    0.27337853    0.27337853    0.32049632    0.29848228    0.27788379    0.28991287    0.31124555    0.29703376    0.25835462    0.26083084    0.12745290    0.15620513    0.15620513    0.13963888    0.08254689    0.10134315    0.07840854    0.00000000    0.01824796
T17            0.28953062    0.26941332    0.27556966    0.25534143    0.26998097    0.26083084    0.26691226    0.32262734    0.30061623    0.28387234    0.29600632    0.29810527    0.28403645    0.25161076    0.25412456    0.11752399    0.14844782    0.14844782    0.13446300    0.07352952    0.09652370    0.07380252    0.01824796    0.00000000

