24
T21            0.00000000    0.49668479    0.47934835    0.55206011    0.55845948    0.49206570    0.50707014    0.50037105    0.50134705    0.49113277    0.48657701    0.47589849    0.25175800    0.24940070    0.29013416    0.23835735    0.25824109    0.26292682    0.28359033    0.24905768    0.26020135    0.27671069    0.14728760    0.15787416
T16            0.49668479    0.00000000    0.01623209    0.17607788    0.16824539    0.14510490    0.15005698    0.17068339    0.16292282    0.16006633    0.14967054    0.13227965    0.38867962    0.37344446    0.39188816    0.36906358    0.35811466    0.38164716    0.38418285    0.37030766    0.37092146    0.39902376    0.45231271    0.43221054
T1             0.47934835    0.01623209    0.00000000    0.16292282    0.15525480    0.13260749    0.13746721    0.16292282    0.15005698    0.14728760    0.13712991    0.12008798    0.37405892    0.35922021    0.37720985    0.35482185    0.34430281    0.37092146    0.37344446    0.35613760    0.36407403    0.39188816    0.44045634    0.42074473
T10            0.55206011    0.17607788    0.16292282    0.00000000    0.02037323    0.17068339    0.17582705    0.20300257    0.18100856    0.19175743    0.18898531    0.17312984    0.43230808    0.41574505    0.43148454    0.40338286    0.40296770    0.42893674    0.43148454    0.42316917    0.42558064    0.46337916    0.49573052    0.47400554
T14            0.55845948    0.16824539    0.15525480    0.02037323    0.00000000    0.16824539    0.17337334    0.20047000    0.17853892    0.19483168    0.19203624    0.16534661    0.43739325    0.42062120    0.43653621    0.40821611    0.40766532    0.44256705    0.44510154    0.41574505    0.41809911    0.45547416    0.49668479    0.47315418
T23            0.49206570    0.14510490    0.13260749    0.17068339    0.16824539    0.00000000    0.04124124    0.05852822    0.04972960    0.10173342    0.09462173    0.11294058    0.39003960    0.38230420    0.40113867    0.36285159    0.36658439    0.37913707    0.38548501    0.37532846    0.37980676    0.40296770    0.46689122    0.45736849
T3             0.50707014    0.15005698    0.13746721    0.17582705    0.17337334    0.04124124    0.00000000    0.06752921    0.05632516    0.11121737    0.09685685    0.12227099    0.40513007    0.39717896    0.40439479    0.37733418    0.38100388    0.39395275    0.40041934    0.38615690    0.39862896    0.41425013    0.47934835    0.47400554
T6             0.50037105    0.17068339    0.16292282    0.20300257    0.20047000    0.05852822    0.06752921    0.00000000    0.03502285    0.13063802    0.12315296    0.14948961    0.40664410    0.39862896    0.42476164    0.38506988    0.38867962    0.39789685    0.39789685    0.39003960    0.39074057    0.41425013    0.47487421    0.46521488
T9             0.50134705    0.16292282    0.15005698    0.18100856    0.17853892    0.04972960    0.05632516    0.03502285    0.00000000    0.12052249    0.11320224    0.13447214    0.38230420    0.37468692    0.40113867    0.36285159    0.36658439    0.37532846    0.38164716    0.38164716    0.37980676    0.39902376    0.47845965    0.46168767
T2             0.49113277    0.16006633    0.14728760    0.19175743    0.19483168    0.10173342    0.11121737    0.13063802    0.12052249    0.00000000    0.02444404    0.14218290    0.39325044    0.40367400    0.41906290    0.38754231    0.38355261    0.39647532    0.40296770    0.38867962    0.40513007    0.42239568    0.50037105    0.44808510
T15            0.48657701    0.14967054    0.13712991    0.18898531    0.19203624    0.09462173    0.09685685    0.12315296    0.11320224    0.02444404    0.00000000    0.13212760    0.38548501    0.39188816    0.39902376    0.37598352    0.37225622    0.39256224    0.39902376    0.38482699    0.39325044    0.42089419    0.48657701    0.44389301
T20            0.47589849    0.13227965    0.12008798    0.17312984    0.16534661    0.11294058    0.12227099    0.14948961    0.13447214    0.14218290    0.13212760    0.00000000    0.35557849    0.35449940    0.36854690    0.35001112    0.35397944    0.36970728    0.37225622    0.36486496    0.35922021    0.38552486    0.44591623    0.43425415
T17            0.25175800    0.38867962    0.37405892    0.43230808    0.43739325    0.39003960    0.40513007    0.40664410    0.38230420    0.39325044    0.38548501    0.35557849    0.00000000    0.03277473    0.08783592    0.05413178    0.08020695    0.10103123    0.11511413    0.08254860    0.10851159    0.13212760    0.22274417    0.22013368
T8             0.24940070    0.37344446    0.35922021    0.41574505    0.42062120    0.38230420    0.39717896    0.39862896    0.37468692    0.40367400    0.39188816    0.35449940    0.03277473    0.00000000    0.08529451    0.04760892    0.08020695    0.09868310    0.11031627    0.08482182    0.10134897    0.12964513    0.21467346    0.20925527
T22            0.29013416    0.39188816    0.37720985    0.43148454    0.43653621    0.40113867    0.40439479    0.42476164    0.40113867    0.41906290    0.39902376    0.36854690    0.08783592    0.08529451    0.00000000    0.07186146    0.10312349    0.11765393    0.13432980    0.10565873    0.12546303    0.14967054    0.25824109    0.24940070
T0             0.23835735    0.36906358    0.35482185    0.40338286    0.40821611    0.36285159    0.37733418    0.38506988    0.36285159    0.38754231    0.37598352    0.35001112    0.05413178    0.04760892    0.07186146    0.00000000    0.07136545    0.08963518    0.10565873    0.07593234    0.09935158    0.12267712    0.20132984    0.20439682
T19            0.25824109    0.35811466    0.34430281    0.40296770    0.40766532    0.36658439    0.38100388    0.38867962    0.36658439    0.38355261    0.37225622    0.35397944    0.08020695    0.08020695    0.10312349    0.07136545    0.00000000    0.06304380    0.07849986    0.06914780    0.08993632    0.11535696    0.23177158    0.22913693
T12            0.26292682    0.38164716    0.37092146    0.42893674    0.44256705    0.37913707    0.39395275    0.39789685    0.37532846    0.39647532    0.39256224    0.36970728    0.10103123    0.09868310    0.11765393    0.08963518    0.06304380    0.00000000    0.02236489    0.08502562    0.10684778    0.12795177    0.23605450    0.23341484
T7             0.28359033    0.38418285    0.37344446    0.43148454    0.44510154    0.38548501    0.40041934    0.39789685    0.38164716    0.40296770    0.39902376    0.37225622    0.11511413    0.11031627    0.13432980    0.10565873    0.07849986    0.02236489    0.00000000    0.10094026    0.12332695    0.13982107    0.25589503    0.25318785
T11            0.24905768    0.37030766    0.35613760    0.42316917    0.41574505    0.37532846    0.38615690    0.39003960    0.38164716    0.38867962    0.38482699    0.36486496    0.08254860    0.08482182    0.10565873    0.07593234    0.06914780    0.08502562    0.10094026    0.00000000    0.06969191    0.09205459    0.20925527    0.21753280
T18            0.26020135    0.37092146    0.36407403    0.42558064    0.41809911    0.37980676    0.39862896    0.39074057    0.37980676    0.40513007    0.39325044    0.35922021    0.10851159    0.10134897    0.12546303    0.09935158    0.08993632    0.10684778    0.12332695    0.06969191    0.00000000    0.07186146    0.23641169    0.24284537
T5             0.27671069    0.39902376    0.39188816    0.46337916    0.45547416    0.40296770    0.41425013    0.41425013    0.39902376    0.42239568    0.42089419    0.38552486    0.13212760    0.12964513    0.14967054    0.12267712    0.11535696    0.12795177    0.13982107    0.09205459    0.07186146    0.00000000    0.25011730    0.26211269
T4             0.14728760    0.45231271    0.44045634    0.49573052    0.49668479    0.46689122    0.47934835    0.47487421    0.47845965    0.50037105    0.48657701    0.44591623    0.22274417    0.21467346    0.25824109    0.20132984    0.23177158    0.23605450    0.25589503    0.20925527    0.23641169    0.25011730    0.00000000    0.08761001
T13            0.15787416    0.43221054    0.42074473    0.47400554    0.47315418    0.45736849    0.47400554    0.46521488    0.46168767    0.44808510    0.44389301    0.43425415    0.22013368    0.20925527    0.24940070    0.20439682    0.22913693    0.23341484    0.25318785    0.21753280    0.24284537    0.26211269    0.08761001    0.00000000

