24
T10            0.00000000    0.32229639    0.32525338    0.40017577    0.36960914    0.33973002    0.31302664    0.31983326    0.34384649    0.31690039    0.33120381    0.32775358    0.34888860    0.33975492    0.26641204    0.21777907    0.23566745    0.23146822    0.16753972    0.17090604    0.16026438    0.16268112    0.15667898    0.13461178
T20            0.32229639    0.00000000    0.01210021    0.13947562    0.11319397    0.10637622    0.08539350    0.08539350    0.27585056    0.26403099    0.26403099    0.26092402    0.28990842    0.27996722    0.28464740    0.23468836    0.33975492    0.33768379    0.26198016    0.27546412    0.26847095    0.27508851    0.32092382    0.28990842
T8             0.32525338    0.01210021    0.00000000    0.14184072    0.11305986    0.10864134    0.08760503    0.08760503    0.28183663    0.26677943    0.26677943    0.26366277    0.29275332    0.28278245    0.28746920    0.23734142    0.33673585    0.33817659    0.26167553    0.27508851    0.26813660    0.27472375    0.31797760    0.29275332
T13            0.40017577    0.13947562    0.14184072    0.00000000    0.09685059    0.12297605    0.13947562    0.13947562    0.34119463    0.32822248    0.32573477    0.32229639    0.35647609    0.34888860    0.35082951    0.28952598    0.42207494    0.42532633    0.33583826    0.34422528    0.34677660    0.35441595    0.37679835    0.36007541
T1             0.36960914    0.11319397    0.11305986    0.09685059    0.00000000    0.09487357    0.09652320    0.09652320    0.32083269    0.30817218    0.29483086    0.29155047    0.31842356    0.31126259    0.33619427    0.26953844    0.40219088    0.39757146    0.30545078    0.31935141    0.31504336    0.32229639    0.34629744    0.32092382
T5             0.33973002    0.10637622    0.10864134    0.12297605    0.09487357    0.00000000    0.09921502    0.10397773    0.31106995    0.29859318    0.28547089    0.28224348    0.30877476    0.29847719    0.30433212    0.26206234    0.36370086    0.35912882    0.29600165    0.29813293    0.29724635    0.30433212    0.33467803    0.29968550
T9             0.31302664    0.08539350    0.08760503    0.13947562    0.09652320    0.09921502    0.00000000    0.00806476    0.27986254    0.26167249    0.26794506    0.26479893    0.29070703    0.28386810    0.29198894    0.24971056    0.35749776    0.35297748    0.28386810    0.29243856    0.28505363    0.29198894    0.32870362    0.29724635
T17            0.31983326    0.08539350    0.08760503    0.13947562    0.09652320    0.10397773    0.00806476    0.00000000    0.27986254    0.26794506    0.26794506    0.26479893    0.29070703    0.28386810    0.29198894    0.24971056    0.35389841    0.34936504    0.28068192    0.28915815    0.28183663    0.28871928    0.32870362    0.29724635
T12            0.34384649    0.27585056    0.28183663    0.34119463    0.32083269    0.31106995    0.27986254    0.27986254    0.00000000    0.05449767    0.16441283    0.16441283    0.19039771    0.18177937    0.31126259    0.26813660    0.42746226    0.43132999    0.33973002    0.35840263    0.34384649    0.34802704    0.38026905    0.33672447
T2             0.31690039    0.26403099    0.26677943    0.32822248    0.30817218    0.29859318    0.26167249    0.26794506    0.05449767    0.00000000    0.14640648    0.14380837    0.16629560    0.15329131    0.28278245    0.24505860    0.39433626    0.38991809    0.31058758    0.31789991    0.31106995    0.31497890    0.34577855    0.32032702
T19            0.33120381    0.26403099    0.26677943    0.32573477    0.29483086    0.28547089    0.26794506    0.26794506    0.16441283    0.14640648    0.00000000    0.00200401    0.07840824    0.06487261    0.31126259    0.26570913    0.39832713    0.40148065    0.32478412    0.34274801    0.32870362    0.32573477    0.36423136    0.32092382
T22            0.32775358    0.26092402    0.26366277    0.32229639    0.29155047    0.28224348    0.26479893    0.26479893    0.16441283    0.14380837    0.00200401    0.00000000    0.07613526    0.06266494    0.30793863    0.26262140    0.39449304    0.39757146    0.32136926    0.33919972    0.32525338    0.32229639    0.36059269    0.32092382
T11            0.34888860    0.28990842    0.29275332    0.35647609    0.31842356    0.30877476    0.29070703    0.29070703    0.19039771    0.16629560    0.07840824    0.07613526    0.00000000    0.03904185    0.34583118    0.28844646    0.44165030    0.44524095    0.35290252    0.36789673    0.36059269    0.36477522    0.39392054    0.35598503
T16            0.33975492    0.27996722    0.28278245    0.34888860    0.31126259    0.29847719    0.28386810    0.28386810    0.18177937    0.15329131    0.06487261    0.06266494    0.03904185    0.00000000    0.31887873    0.27306368    0.41934210    0.42266655    0.33327370    0.35494652    0.33720354    0.34473032    0.37679835    0.33628075
T18            0.26641204    0.28464740    0.28746920    0.35082951    0.33619427    0.30433212    0.29198894    0.29198894    0.31126259    0.28278245    0.31126259    0.30793863    0.34583118    0.31887873    0.00000000    0.07880135    0.30061049    0.28707475    0.23645487    0.24567260    0.23379813    0.24536050    0.28031904    0.25409853
T0             0.21777907    0.23468836    0.23734142    0.28952598    0.26953844    0.26206234    0.24971056    0.24971056    0.26813660    0.24505860    0.26570913    0.26262140    0.28844646    0.27306368    0.07880135    0.00000000    0.26504890    0.24901724    0.19828059    0.20692471    0.19574754    0.20666329    0.22219942    0.20922898
T4             0.23566745    0.33975492    0.33673585    0.42207494    0.40219088    0.36370086    0.35749776    0.35389841    0.42746226    0.39433626    0.39832713    0.39449304    0.44165030    0.41934210    0.30061049    0.26504890    0.00000000    0.06714539    0.14127936    0.13917508    0.13917508    0.14154371    0.23703592    0.22617780
T6             0.23146822    0.33768379    0.33817659    0.42532633    0.39757146    0.35912882    0.35297748    0.34936504    0.43132999    0.38991809    0.40148065    0.39757146    0.44524095    0.42266655    0.28707475    0.24901724    0.06714539    0.00000000    0.11510736    0.11791511    0.11305986    0.11534919    0.21866128    0.20806300
T14            0.16753972    0.26198016    0.26167553    0.33583826    0.30545078    0.29600165    0.28386810    0.28068192    0.33973002    0.31058758    0.32478412    0.32136926    0.35290252    0.33327370    0.23645487    0.19828059    0.14127936    0.11510736    0.00000000    0.02439594    0.02027214    0.02646322    0.15945233    0.13947562
T7             0.17090604    0.27546412    0.27508851    0.34422528    0.31935141    0.29813293    0.29243856    0.28915815    0.35840263    0.31789991    0.34274801    0.33919972    0.36789673    0.35494652    0.24567260    0.20692471    0.13917508    0.11791511    0.02439594    0.00000000    0.01620795    0.02238888    0.16268112    0.14766134
T21            0.16026438    0.26847095    0.26813660    0.34677660    0.31504336    0.29724635    0.28505363    0.28183663    0.34384649    0.31106995    0.32870362    0.32525338    0.36059269    0.33720354    0.23379813    0.19574754    0.13917508    0.11305986    0.02027214    0.01620795    0.00000000    0.01414106    0.15743038    0.13745455
T23            0.16268112    0.27508851    0.27472375    0.35441595    0.32229639    0.30433212    0.29198894    0.28871928    0.34802704    0.31497890    0.32573477    0.32229639    0.36477522    0.34473032    0.24536050    0.20666329    0.14154371    0.11534919    0.02646322    0.02238888    0.01414106    0.00000000    0.16246700    0.14234701
T3             0.15667898    0.32092382    0.31797760    0.37679835    0.34629744    0.33467803    0.32870362    0.32870362    0.38026905    0.34577855    0.36423136    0.36059269    0.39392054    0.37679835    0.28031904    0.22219942    0.23703592    0.21866128    0.15945233    0.16268112    0.15743038    0.16246700    0.00000000    0.07599133
T15            0.13461178    0.28990842    0.29275332    0.36007541    0.32092382    0.29968550    0.29724635    0.29724635    0.33672447    0.32032702    0.32092382    0.32092382    0.35598503    0.33628075    0.25409853    0.20922898    0.22617780    0.20806300    0.13947562    0.14766134    0.13745455    0.14234701    0.07599133    0.00000000

