24
T1             0.00000000    0.22879921    0.25205171    0.24097105    0.24433686    0.27985294    0.27110170    0.26753759    0.47380754    0.48130249    0.36317395    0.34934618    0.18922489    0.18397719    0.15204536    0.18073412    0.16187318    0.20337184    0.15964050    0.15909526    0.15393978    0.14727117    0.14437138    0.13728074
T16            0.22879921    0.00000000    0.01826981    0.03919089    0.03284746    0.15223192    0.15262968    0.15242671    0.50474513    0.54293299    0.41130110    0.40800673    0.26329894    0.26365602    0.25681559    0.26295241    0.25892682    0.28560455    0.23911838    0.26719580    0.25807458    0.26753759    0.25748126    0.24868048
T3             0.25205171    0.01826981    0.00000000    0.05206363    0.04559585    0.16489082    0.16798410    0.16775622    0.53617247    0.57112076    0.43835697    0.43494969    0.28786638    0.28828241    0.27787339    0.28424496    0.27996242    0.29772471    0.24745964    0.28595350    0.27648663    0.28677734    0.27623932    0.26714964
T11            0.24097105    0.03919089    0.05206363    0.00000000    0.03502149    0.16290018    0.16871826    0.16846514    0.53657790    0.57704572    0.43388036    0.43049883    0.26990806    0.27346092    0.26329894    0.27267712    0.26536896    0.29809213    0.24535604    0.27058437    0.26137911    0.27428751    0.27029531    0.26128552
T14            0.24433686    0.03284746    0.04559585    0.03502149    0.00000000    0.15523432    0.15567843    0.15545228    0.52566839    0.55507016    0.42073720    0.41740828    0.27985294    0.28028142    0.26677226    0.27623932    0.26881033    0.28951986    0.24267276    0.27402226    0.26473139    0.27471680    0.26440177    0.25547044
T22            0.27985294    0.15223192    0.16489082    0.16290018    0.15523432    0.00000000    0.04994394    0.04338619    0.53316920    0.58868498    0.46225902    0.45267115    0.31738174    0.32133634    0.30010224    0.31593797    0.30544297    0.35081857    0.28746147    0.31753607    0.30753220    0.31205595    0.30767815    0.29812232
T2             0.27110170    0.15262968    0.16798410    0.16871826    0.15567843    0.04994394    0.00000000    0.02866523    0.51315276    0.56707563    0.44660087    0.43727739    0.32186497    0.32240547    0.29767407    0.31348595    0.29967724    0.34827912    0.28504504    0.31841439    0.30834326    0.31310043    0.30191648    0.29905271
T8             0.26753759    0.15242671    0.16775622    0.16846514    0.15545228    0.04338619    0.02866523    0.00000000    0.51508640    0.56890568    0.43309073    0.42408121    0.31788663    0.31840330    0.29482077    0.31057623    0.30010224    0.34776232    0.28786638    0.32136034    0.31125528    0.30576683    0.30144583    0.29197868
T9             0.47380754    0.50474513    0.53617247    0.53657790    0.52566839    0.53316920    0.51315276    0.51508640    0.00000000    0.09673325    0.18174068    0.17659013    0.50384363    0.48824083    0.53827554    0.54828400    0.54005701    0.56379946    0.53029314    0.53704290    0.53704290    0.50939961    0.51222676    0.53230808
T6             0.48130249    0.54293299    0.57112076    0.57704572    0.55507016    0.58868498    0.56707563    0.56890568    0.09673325    0.00000000    0.18657758    0.18140008    0.54293132    0.52650232    0.55580093    0.56596178    0.55772184    0.57899432    0.53996969    0.55478140    0.55478140    0.52178200    0.53421182    0.53220837
T15            0.36317395    0.41130110    0.43835697    0.43388036    0.42073720    0.46225902    0.44660087    0.43309073    0.18174068    0.18657758    0.00000000    0.02647074    0.40426634    0.39448084    0.40734643    0.42600360    0.41996178    0.45837415    0.42799835    0.42366945    0.42366945    0.39448084    0.40874578    0.40936227
T23            0.34934618    0.40800673    0.43494969    0.43049883    0.41740828    0.45267115    0.43727739    0.42408121    0.17659013    0.18140008    0.02647074    0.00000000    0.39335255    0.39011981    0.39891469    0.41727166    0.40874578    0.43845582    0.41266935    0.42030196    0.42030196    0.38745830    0.40157613    0.40607007
T10            0.18922489    0.26329894    0.28786638    0.26990806    0.27985294    0.31738174    0.32186497    0.31788663    0.50384363    0.54293132    0.40426634    0.39335255    0.00000000    0.02439602    0.20491773    0.22743015    0.21032026    0.25442226    0.20747056    0.19742007    0.19742007    0.20491773    0.19598356    0.19070546
T13            0.18397719    0.26365602    0.28828241    0.27346092    0.28028142    0.32133634    0.32240547    0.31840330    0.48824083    0.52650232    0.39448084    0.39011981    0.02439602    0.00000000    0.19955648    0.22188444    0.20491773    0.25171165    0.20491773    0.19804956    0.19255390    0.19172595    0.18026620    0.17779254
T17            0.15204536    0.25681559    0.27787339    0.26329894    0.26677226    0.30010224    0.29767407    0.29482077    0.53827554    0.55580093    0.40734643    0.39891469    0.20491773    0.19955648    0.00000000    0.03284746    0.02232987    0.14323976    0.10304617    0.15801580    0.14796403    0.14406214    0.14127912    0.12658924
T12            0.18073412    0.26295241    0.28424496    0.27267712    0.27623932    0.31593797    0.31348595    0.31057623    0.54828400    0.56596178    0.42600360    0.41727166    0.22743015    0.22188444    0.03284746    0.00000000    0.04545246    0.16323639    0.12435642    0.17583160    0.17062247    0.16430449    0.16135840    0.14869837
T5             0.16187318    0.25892682    0.27996242    0.26536896    0.26881033    0.30544297    0.29967724    0.30010224    0.54005701    0.55772184    0.41996178    0.40874578    0.21032026    0.20491773    0.02232987    0.04545246    0.00000000    0.14796403    0.10520348    0.16281782    0.15274077    0.14869837    0.14343311    0.13363987
T20            0.20337184    0.28560455    0.29772471    0.29809213    0.28951986    0.35081857    0.34827912    0.34776232    0.56379946    0.57899432    0.45837415    0.43845582    0.25442226    0.25171165    0.14323976    0.16323639    0.14796403    0.00000000    0.06931738    0.20974323    0.20426277    0.19234991    0.18926623    0.17610817
T0             0.15964050    0.23911838    0.24745964    0.24535604    0.24267276    0.28746147    0.28504504    0.28786638    0.53029314    0.53996969    0.42799835    0.41266935    0.20747056    0.20491773    0.10304617    0.12435642    0.10520348    0.06931738    0.00000000    0.16067194    0.15558218    0.14930254    0.14644542    0.13406049
T21            0.15909526    0.26719580    0.28595350    0.27058437    0.27402226    0.31753607    0.31841439    0.32136034    0.53704290    0.55478140    0.42366945    0.42030196    0.19742007    0.19804956    0.15801580    0.17583160    0.16281782    0.20974323    0.16067194    0.00000000    0.01010143    0.11281372    0.11499760    0.10792886
T18            0.15393978    0.25807458    0.27648663    0.26137911    0.26473139    0.30753220    0.30834326    0.31125528    0.53704290    0.55478140    0.42366945    0.42030196    0.19742007    0.19255390    0.14796403    0.17062247    0.15274077    0.20426277    0.15558218    0.01010143    0.00000000    0.10565295    0.10783686    0.10085262
T4             0.14727117    0.26753759    0.28677734    0.27428751    0.27471680    0.31205595    0.31310043    0.30576683    0.50939961    0.52178200    0.39448084    0.38745830    0.20491773    0.19172595    0.14406214    0.16430449    0.14869837    0.19234991    0.14930254    0.11281372    0.10565295    0.00000000    0.01826981    0.02866523
T7             0.14437138    0.25748126    0.27623932    0.27029531    0.26440177    0.30767815    0.30191648    0.30144583    0.51222676    0.53421182    0.40874578    0.40157613    0.19598356    0.18026620    0.14127912    0.16135840    0.14343311    0.18926623    0.14644542    0.11499760    0.10783686    0.01826981    0.00000000    0.02650480
T19            0.13728074    0.24868048    0.26714964    0.26128552    0.25547044    0.29812232    0.29905271    0.29197868    0.53230808    0.53220837    0.40936227    0.40607007    0.19070546    0.17779254    0.12658924    0.14869837    0.13363987    0.17610817    0.13406049    0.10792886    0.10085262    0.02866523    0.02650480    0.00000000

