24
T22            0.00000000    0.44760543    0.44065103    0.39062965    0.21897805    0.22648155    0.22356485    0.23637389    0.21997411    0.16754164    0.17042905    0.18232261    0.18524455    0.18425712    0.17904162    0.18791304    0.21547806    0.24331791    0.21778206    0.21778206    0.14930532    0.14659629    0.09934518    0.09685125
T5             0.44760543    0.00000000    0.20156234    0.12760807    0.44925258    0.44602280    0.44602280    0.49784562    0.46766561    0.43159569    0.43652692    0.42465726    0.42940775    0.43313201    0.43555304    0.44838800    0.47918694    0.49738629    0.48641327    0.47918694    0.43424069    0.43764618    0.41413122    0.41083225
T8             0.44065103    0.20156234    0.00000000    0.13242949    0.42638854    0.42485925    0.42485925    0.48486378    0.46156154    0.39758326    0.40216755    0.42267972    0.43159569    0.43392348    0.43895430    0.43639114    0.46674040    0.48190366    0.47385258    0.46236888    0.45188340    0.45106576    0.41231807    0.41716871
T1             0.39062965    0.12760807    0.13242949    0.00000000    0.38424831    0.38154792    0.38154792    0.43047879    0.40078414    0.35355656    0.35780489    0.35135545    0.35913825    0.36088837    0.37274355    0.38178611    0.39434808    0.41864376    0.40083275    0.39434808    0.37335364    0.37650337    0.35967013    0.35659716
T13            0.21897805    0.44925258    0.42638854    0.38424831    0.00000000    0.02440550    0.02233505    0.19703775    0.17877561    0.20492583    0.20238230    0.21464854    0.22356485    0.21639241    0.21381611    0.22327614    0.27562598    0.30291315    0.28118923    0.28118923    0.22910632    0.24064710    0.19201151    0.19452019
T19            0.22648155    0.44602280    0.42485925    0.38154792    0.02440550    0.00000000    0.00401611    0.19876801    0.17779776    0.20666586    0.20410949    0.21650157    0.22533795    0.22095822    0.21836111    0.22777989    0.28029802    0.29860028    0.28590545    0.28590545    0.22507643    0.23352401    0.19371662    0.19623780
T3             0.22356485    0.44602280    0.42485925    0.38154792    0.02233505    0.00401611    0.00000000    0.19598923    0.17510872    0.20385582    0.20130733    0.21367569    0.22245497    0.21806684    0.21547806    0.22482867    0.27708072    0.29860028    0.28266731    0.28266731    0.22796775    0.23645778    0.19095320    0.19346672
T20            0.23637389    0.49784562    0.48486378    0.43047879    0.19703775    0.19876801    0.19598923    0.00000000    0.06752608    0.23373517    0.23711514    0.22010756    0.22327288    0.24132619    0.25391989    0.24546961    0.30055524    0.32188858    0.30393590    0.30291315    0.26520426    0.26480433    0.23147316    0.22516850
T12            0.21997411    0.46766561    0.46156154    0.40078414    0.17877561    0.17779776    0.17510872    0.06752608    0.00000000    0.21157433    0.21481708    0.21032866    0.20492583    0.20747850    0.21930067    0.21124907    0.28492101    0.29574777    0.28821257    0.28725691    0.23533528    0.24399515    0.20360283    0.19761602
T9             0.16754164    0.43159569    0.39758326    0.35355656    0.20492583    0.20666586    0.20385582    0.23373517    0.21157433    0.00000000    0.00602720    0.12470936    0.12730611    0.16026637    0.16532943    0.16096305    0.17826940    0.19623780    0.18321968    0.18321968    0.17183478    0.17165237    0.14808351    0.14529120
T21            0.17042905    0.43652692    0.40216755    0.35780489    0.20238230    0.20410949    0.20130733    0.23711514    0.21481708    0.00602720    0.00000000    0.12730611    0.12993514    0.16313667    0.16822663    0.16387935    0.18124396    0.19928978    0.18620665    0.18620665    0.17736089    0.17715556    0.15091077    0.14808351
T2             0.18232261    0.42465726    0.42267972    0.35135545    0.21464854    0.21650157    0.21367569    0.22010756    0.21032866    0.12470936    0.12730611    0.00000000    0.01414107    0.16430762    0.16937961    0.17020206    0.17165237    0.19488316    0.17429864    0.17695900    0.17610879    0.18657882    0.15945380    0.15410223
T23            0.18524455    0.42940775    0.43159569    0.35913825    0.22356485    0.22533795    0.22245497    0.22327288    0.20492583    0.12730611    0.12993514    0.01414107    0.00000000    0.16712738    0.17222566    0.17311090    0.17715556    0.19783421    0.17983736    0.18212047    0.17626105    0.18944665    0.15964440    0.15685568
T0             0.18425712    0.43313201    0.43392348    0.36088837    0.21639241    0.22095822    0.21806684    0.24132619    0.20747850    0.16026637    0.16313667    0.16430762    0.16712738    0.00000000    0.04554179    0.04146024    0.13947672    0.15909783    0.14930532    0.14675366    0.18570792    0.19095320    0.17959933    0.17386457
T4             0.17904162    0.43555304    0.43895430    0.37274355    0.21381611    0.21836111    0.21547806    0.25391989    0.21930067    0.16532943    0.16822663    0.16937961    0.17222566    0.04554179    0.00000000    0.02862804    0.15204883    0.17202589    0.16206550    0.15685568    0.18275350    0.19346672    0.17440941    0.16337595
T11            0.18791304    0.44838800    0.43639114    0.38178611    0.22327614    0.22777989    0.22482867    0.24546961    0.21124907    0.16096305    0.16387935    0.17020206    0.17311090    0.04146024    0.02862804    0.00000000    0.15284595    0.17287672    0.16290571    0.15243100    0.19146456    0.19956429    0.17498797    0.16387935
T7             0.21547806    0.47918694    0.46674040    0.39434808    0.27562598    0.28029802    0.27708072    0.30055524    0.28492101    0.17826940    0.18124396    0.17165237    0.17715556    0.13947672    0.15204883    0.15284595    0.00000000    0.02028051    0.00804437    0.01823227    0.22560926    0.21673846    0.20551592    0.20521630
T18            0.24331791    0.49738629    0.48190366    0.41864376    0.30291315    0.29860028    0.29860028    0.32188858    0.29574777    0.19623780    0.19928978    0.19488316    0.19783421    0.15909783    0.17202589    0.17287672    0.02028051    0.00000000    0.02855408    0.03904187    0.24299436    0.23674352    0.23303141    0.23269411
T17            0.21778206    0.48641327    0.47385258    0.40083275    0.28118923    0.28590545    0.28266731    0.30393590    0.28821257    0.18321968    0.18620665    0.17429864    0.17983736    0.14930532    0.16206550    0.16290571    0.00804437    0.02855408    0.00000000    0.02648457    0.22796775    0.21910823    0.20776789    0.20747850
T16            0.21778206    0.47918694    0.46236888    0.39434808    0.28118923    0.28590545    0.28266731    0.30291315    0.28725691    0.18321968    0.18620665    0.17695900    0.18212047    0.14675366    0.15685568    0.15243100    0.01823227    0.03904187    0.02648457    0.00000000    0.23144265    0.22482470    0.21062621    0.21032866
T14            0.14930532    0.43424069    0.45188340    0.37335364    0.22910632    0.22507643    0.22796775    0.26520426    0.23533528    0.17183478    0.17736089    0.17610879    0.17626105    0.18570792    0.18275350    0.19146456    0.22560926    0.24299436    0.22796775    0.23144265    0.00000000    0.03910349    0.14036908    0.13763592
T6             0.14659629    0.43764618    0.45106576    0.37650337    0.24064710    0.23352401    0.23645778    0.26480433    0.24399515    0.17165237    0.17715556    0.18657882    0.18944665    0.19095320    0.19346672    0.19956429    0.21673846    0.23674352    0.21910823    0.22482470    0.03910349    0.00000000    0.14272638    0.13998819
T10            0.09934518    0.41413122    0.41231807    0.35967013    0.19201151    0.19371662    0.19095320    0.23147316    0.20360283    0.14808351    0.15091077    0.15945380    0.15964440    0.17959933    0.17440941    0.17498797    0.20551592    0.23303141    0.20776789    0.21062621    0.14036908    0.14272638    0.00000000    0.02238892
T15            0.09685125    0.41083225    0.41716871    0.35659716    0.19452019    0.19623780    0.19346672    0.22516850    0.19761602    0.14529120    0.14808351    0.15410223    0.15685568    0.17386457    0.16337595    0.16387935    0.20521630    0.23269411    0.20747850    0.21032866    0.13763592    0.13998819    0.02238892    0.00000000

