24
T15            0.00000000    0.28364627    0.30985360    0.31241471    0.31316151    0.28540967    0.31649155    0.31689439    0.27283612    0.27640943    0.27322774    0.29414387    0.21447085    0.21447085    0.25935560    0.28481225    0.22019422    0.22890463    0.25631039    0.24189933    0.25056780    0.24679666    0.25833402    0.28481225
T10            0.28364627    0.00000000    0.04120419    0.03690788    0.03483330    0.04120419    0.14041163    0.14061584    0.15358567    0.15647395    0.15647395    0.16879096    0.23418718    0.23418718    0.29173213    0.28241194    0.21328880    0.21041866    0.29414387    0.23184231    0.29129986    0.27812511    0.27812511    0.29309639
T14            0.30985360    0.04120419    0.00000000    0.03480229    0.03272767    0.06259868    0.16474066    0.16494709    0.17341767    0.17638520    0.17367130    0.18903684    0.25572033    0.25572033    0.31480045    0.29944654    0.22890463    0.22598418    0.31144776    0.24786227    0.31437262    0.30073886    0.30742243    0.31615601
T13            0.31241471    0.03690788    0.03480229    0.00000000    0.01007294    0.06037652    0.15913927    0.15931485    0.16759588    0.17048806    0.16781791    0.17539279    0.24972179    0.24972179    0.31395683    0.30441504    0.23361689    0.23069661    0.31649155    0.25271202    0.31689439    0.29657930    0.30650455    0.31524031
T20            0.31316151    0.03483330    0.03272767    0.01007294    0.00000000    0.05823063    0.15431179    0.15449069    0.16804846    0.17097212    0.16828750    0.17587172    0.25027530    0.25027530    0.31144776    0.30521555    0.23418718    0.23124957    0.31730942    0.25328369    0.31773659    0.30406943    0.30742243    0.31615601
T3             0.28540967    0.04120419    0.06259868    0.06037652    0.05823063    0.00000000    0.14220903    0.14238769    0.16273656    0.16561728    0.16561728    0.17809183    0.25027530    0.25027530    0.29986577    0.29291676    0.22308078    0.22019422    0.31144776    0.23361689    0.30274385    0.28846703    0.28200039    0.31711953
T7             0.31649155    0.14041163    0.16474066    0.15913927    0.15431179    0.14220903    0.00000000    0.01008431    0.17562793    0.17858556    0.17858556    0.18851788    0.26179207    0.26179207    0.30811751    0.29944654    0.23184231    0.22890463    0.30480940    0.25631039    0.30274385    0.28441243    0.29743044    0.30940474
T17            0.31689439    0.14061584    0.16494709    0.15931485    0.15449069    0.14238769    0.01008431    0.00000000    0.17587172    0.17884545    0.17884545    0.18877290    0.26210045    0.26210045    0.30853475    0.29331439    0.22627803    0.22336609    0.29864285    0.25056780    0.29986577    0.28159989    0.29457567    0.29986577
T9             0.27283612    0.15358567    0.17341767    0.16759588    0.16804846    0.16273656    0.17562793    0.17587172    0.00000000    0.00602726    0.01008431    0.03910591    0.19329360    0.19329360    0.22920711    0.26143646    0.19209175    0.18930967    0.26417535    0.21759284    0.25833402    0.24255129    0.23649673    0.25366763
T22            0.27640943    0.15647395    0.17638520    0.17048806    0.17097212    0.16561728    0.17858556    0.17884545    0.00602726    0.00000000    0.01214706    0.04128883    0.19353698    0.19353698    0.23247462    0.26495195    0.18959137    0.18681701    0.26143646    0.22075763    0.26182018    0.24600387    0.23989346    0.25717591
T4             0.27322774    0.15647395    0.17367130    0.16781791    0.16828750    0.16561728    0.17858556    0.17884545    0.01008431    0.01214706    0.00000000    0.04128883    0.19077821    0.19077821    0.23247462    0.26182018    0.18959137    0.18681701    0.26455837    0.21500100    0.25561515    0.23989346    0.23385717    0.25097052
T16            0.29414387    0.16879096    0.18903684    0.17539279    0.17587172    0.17809183    0.18851788    0.18877290    0.03910591    0.04128883    0.04128883    0.00000000    0.20700830    0.20700830    0.25833402    0.26968470    0.20530507    0.20246758    0.26931390    0.22542588    0.27919949    0.26303414    0.25989234    0.26182018
T18            0.21447085    0.23418718    0.25572033    0.24972179    0.25027530    0.25027530    0.26179207    0.26210045    0.19329360    0.19353698    0.19077821    0.20700830    0.00000000    0.00000000    0.08964417    0.25056780    0.17494859    0.17763301    0.24547248    0.19221379    0.21422015    0.20190623    0.22135960    0.23511751
T2             0.21447085    0.23418718    0.25572033    0.24972179    0.25027530    0.25027530    0.26179207    0.26210045    0.19329360    0.19353698    0.19077821    0.20700830    0.00000000    0.00000000    0.08964417    0.25056780    0.17494859    0.17763301    0.24547248    0.19221379    0.21422015    0.20190623    0.22135960    0.23511751
T5             0.25935560    0.29173213    0.31480045    0.31395683    0.31144776    0.29986577    0.30811751    0.30853475    0.22920711    0.23247462    0.23247462    0.25833402    0.08964417    0.08964417    0.00000000    0.28327999    0.21041866    0.21328880    0.27561672    0.21681619    0.26034844    0.24751982    0.26221438    0.28652267
T8             0.28481225    0.28241194    0.29944654    0.30441504    0.30521555    0.29291676    0.29944654    0.29331439    0.26143646    0.26495195    0.26182018    0.26968470    0.25056780    0.25056780    0.28327999    0.00000000    0.11754598    0.11754598    0.16644400    0.14096926    0.24547248    0.22336609    0.23215353    0.24310550
T23            0.22019422    0.21328880    0.22890463    0.23361689    0.23418718    0.22308078    0.23184231    0.22627803    0.19209175    0.18959137    0.18959137    0.20530507    0.17494859    0.17494859    0.21041866    0.11754598    0.00000000    0.00804444    0.10330488    0.09411092    0.18010838    0.15769155    0.16561728    0.17833435
T6             0.22890463    0.21041866    0.22598418    0.23069661    0.23124957    0.22019422    0.22890463    0.22336609    0.18930967    0.18681701    0.18681701    0.20246758    0.17763301    0.17763301    0.21328880    0.11754598    0.00804444    0.00000000    0.10804741    0.09644332    0.18281466    0.16031946    0.16828750    0.18105557
T1             0.25631039    0.29414387    0.31144776    0.31649155    0.31730942    0.31144776    0.30480940    0.29864285    0.26417535    0.26143646    0.26455837    0.26931390    0.24547248    0.24547248    0.27561672    0.16644400    0.10330488    0.10804741    0.00000000    0.14356980    0.23627564    0.22075763    0.23184231    0.22689499
T11            0.24189933    0.23184231    0.24786227    0.25271202    0.25328369    0.23361689    0.25631039    0.25056780    0.21759284    0.22075763    0.21500100    0.22542588    0.19221379    0.19221379    0.21681619    0.14096926    0.09411092    0.09644332    0.14356980    0.00000000    0.18161604    0.16173952    0.16962281    0.18780653
T12            0.25056780    0.29129986    0.31437262    0.31689439    0.31773659    0.30274385    0.30274385    0.29986577    0.25833402    0.26182018    0.25561515    0.27919949    0.21422015    0.21422015    0.26034844    0.24547248    0.18010838    0.18281466    0.23627564    0.18161604    0.00000000    0.03697775    0.13670461    0.18487386
T0             0.24679666    0.27812511    0.30073886    0.29657930    0.30406943    0.28846703    0.28441243    0.28159989    0.24255129    0.24600387    0.23989346    0.26303414    0.20190623    0.20190623    0.24751982    0.22336609    0.15769155    0.16031946    0.22075763    0.16173952    0.03697775    0.00000000    0.12038911    0.16759588
T21            0.25833402    0.27812511    0.30742243    0.30650455    0.30742243    0.28200039    0.29743044    0.29457567    0.23649673    0.23989346    0.23385717    0.25989234    0.22135960    0.22135960    0.26221438    0.23215353    0.16561728    0.16828750    0.23184231    0.16962281    0.13670461    0.12038911    0.00000000    0.17562793
T19            0.28481225    0.29309639    0.31615601    0.31524031    0.31615601    0.31711953    0.30940474    0.29986577    0.25366763    0.25717591    0.25097052    0.26182018    0.23511751    0.23511751    0.28652267    0.24310550    0.17833435    0.18105557    0.22689499    0.18780653    0.18487386    0.16759588    0.17562793    0.00000000

