24
T22            0.00000000    0.26329717    0.28786497    0.29723579    0.29288828    0.31841171    0.31417512    0.29313640    0.29274368    0.35777748    0.35531445    0.36830004    0.31933909    0.32276532    0.29354043    0.28385898    0.18819870    0.18274778    0.12716440    0.12716440    0.06271006    0.10186676    0.08069092    0.07630672
T3             0.26329717    0.00000000    0.05846263    0.10792804    0.09215410    0.29236231    0.27961816    0.26812883    0.26780542    0.30098587    0.31105775    0.32672056    0.28504392    0.29154013    0.24364036    0.24063638    0.34371929    0.33672295    0.27928870    0.27928870    0.26846302    0.31788695    0.27787102    0.27229956
T12            0.28786497    0.05846263    0.00000000    0.13696058    0.12067036    0.31459753    0.30462636    0.28385898    0.27715467    0.32240701    0.32942821    0.33837395    0.30720713    0.32081960    0.26834556    0.26518977    0.36421565    0.35696552    0.30423704    0.30423704    0.29639502    0.35225613    0.29967504    0.29395575
T1             0.29723579    0.10792804    0.13696058    0.00000000    0.08740782    0.35194538    0.33800105    0.31630327    0.31591779    0.33515753    0.33618024    0.35603087    0.32091207    0.32774110    0.30098587    0.30098587    0.39242936    0.38482041    0.32301752    0.32301752    0.30502739    0.36028729    0.30919918    0.30341321
T14            0.29288828    0.09215410    0.12067036    0.08740782    0.00000000    0.34371929    0.32982324    0.30834000    0.30792802    0.32723800    0.33425911    0.35047416    0.30630040    0.31301481    0.27706500    0.27386884    0.37393681    0.36646985    0.30586443    0.30919918    0.30053750    0.35110403    0.31155149    0.30576777
T15            0.31841171    0.29236231    0.31459753    0.35194538    0.34371929    0.00000000    0.06735240    0.05662302    0.05433030    0.26091602    0.26793614    0.26677107    0.22822923    0.23407894    0.34981910    0.34628386    0.44507563    0.43687359    0.35812540    0.36169851    0.34187885    0.38861040    0.35241032    0.34887510
T5             0.31417512    0.27961816    0.30462636    0.33800105    0.32982324    0.06735240    0.00000000    0.03280757    0.03066874    0.26166413    0.27195148    0.27706500    0.23702968    0.24298397    0.33582582    0.33238789    0.46043087    0.45202180    0.35723806    0.36078577    0.34449736    0.38369106    0.35597073    0.35955670
T4             0.29313640    0.26812883    0.28385898    0.31630327    0.30834000    0.05662302    0.03280757    0.00000000    0.01008405    0.25351466    0.26056016    0.26559969    0.22094920    0.22678191    0.31753224    0.31417512    0.42667580    0.41870275    0.32817358    0.33156481    0.32260953    0.36788056    0.33371658    0.33719040
T19            0.29274368    0.26780542    0.27715467    0.31591779    0.30792802    0.05433030    0.03066874    0.01008405    0.00000000    0.25006479    0.25701286    0.26205379    0.21490760    0.22065640    0.31711052    0.31376466    0.43411040    0.42604079    0.33457494    0.33800105    0.32221383    0.36733694    0.33326118    0.33672295
T0             0.35777748    0.30098587    0.32240701    0.33515753    0.32723800    0.26091602    0.26166413    0.25351466    0.25006479    0.00000000    0.02653138    0.02442137    0.10319936    0.11270191    0.31255633    0.30919918    0.47913680    0.47024084    0.40867981    0.41266639    0.38087706    0.41712789    0.40171668    0.38883138
T10            0.35531445    0.31105775    0.32942821    0.33618024    0.33425911    0.26793614    0.27195148    0.26056016    0.25701286    0.02653138    0.00000000    0.02859688    0.11270191    0.12238871    0.31933909    0.31255633    0.46316319    0.45449860    0.40608896    0.41007557    0.37835172    0.40647971    0.39921684    0.39277096
T9             0.36830004    0.32672056    0.33837395    0.35603087    0.35047416    0.26677107    0.27706500    0.26559969    0.26205379    0.02442137    0.02859688    0.00000000    0.11259834    0.12226171    0.31796598    0.31459753    0.48274085    0.47380514    0.42001213    0.42407984    0.39175225    0.42458358    0.41304344    0.40399240
T23            0.31933909    0.28504392    0.30720713    0.32091207    0.30630040    0.22822923    0.23702968    0.22094920    0.21490760    0.10319936    0.11270191    0.11259834    0.00000000    0.00806475    0.29885840    0.29236231    0.45799129    0.44943799    0.35646153    0.36733694    0.33418446    0.37206162    0.34934985    0.34686216
T7             0.32276532    0.29154013    0.32081960    0.32774110    0.31301481    0.23407894    0.24298397    0.22678191    0.22065640    0.11270191    0.12238871    0.12226171    0.00806475    0.00000000    0.30544008    0.29885840    0.46232348    0.45369633    0.36006043    0.37101533    0.33767040    0.37585173    0.35296183    0.35047416
T18            0.29354043    0.24364036    0.26834556    0.30098587    0.27706500    0.34981910    0.33582582    0.31753224    0.31711052    0.31255633    0.31933909    0.31796598    0.29885840    0.30544008    0.00000000    0.01823224    0.37678195    0.36942514    0.32343776    0.32343776    0.29485032    0.34523361    0.31459753    0.30213841
T21            0.28385898    0.24063638    0.26518977    0.30098587    0.27386884    0.34628386    0.33238789    0.31417512    0.31376466    0.30919918    0.31255633    0.31459753    0.29236231    0.29885840    0.01823224    0.00000000    0.36942514    0.36217510    0.32005795    0.32005795    0.28526192    0.34523361    0.30792802    0.30213841
T8             0.18819870    0.34371929    0.36421565    0.39242936    0.37393681    0.44507563    0.46043087    0.42667580    0.43411040    0.47913680    0.46316319    0.48274085    0.45799129    0.46232348    0.37678195    0.36942514    0.00000000    0.00401610    0.10359866    0.10359866    0.18481149    0.21232586    0.18982655    0.18211549
T20            0.18274778    0.33672295    0.35696552    0.38482041    0.36646985    0.43687359    0.45202180    0.41870275    0.42604079    0.47024084    0.45449860    0.47380514    0.44943799    0.45369633    0.36942514    0.36217510    0.00401610    0.00000000    0.09886994    0.09886994    0.17943395    0.20665857    0.18441994    0.17676674
T6             0.12716440    0.27928870    0.30423704    0.32301752    0.30586443    0.35812540    0.35723806    0.32817358    0.33457494    0.40867981    0.40608896    0.42001213    0.35646153    0.36006043    0.32343776    0.32005795    0.10359866    0.09886994    0.00000000    0.00804436    0.13147822    0.16206108    0.12679448    0.12435514
T16            0.12716440    0.27928870    0.30423704    0.32301752    0.30919918    0.36169851    0.36078577    0.33156481    0.33800105    0.41266639    0.41007557    0.42407984    0.36733694    0.37101533    0.32343776    0.32005795    0.10359866    0.09886994    0.00804436    0.00000000    0.13147822    0.16997845    0.12679448    0.12435514
T13            0.06271006    0.26846302    0.29639502    0.30502739    0.30053750    0.34187885    0.34449736    0.32260953    0.32221383    0.38087706    0.37835172    0.39175225    0.33418446    0.33767040    0.29485032    0.28526192    0.18481149    0.17943395    0.13147822    0.13147822    0.00000000    0.11562007    0.08487895    0.08045475
T2             0.10186676    0.31788695    0.35225613    0.36028729    0.35110403    0.38861040    0.38369106    0.36788056    0.36733694    0.41712789    0.40647971    0.42458358    0.37206162    0.37585173    0.34523361    0.34523361    0.21232586    0.20665857    0.16206108    0.16997845    0.11562007    0.00000000    0.11805946    0.12083753
T17            0.08069092    0.27787102    0.29967504    0.30919918    0.31155149    0.35241032    0.35597073    0.33371658    0.33326118    0.40171668    0.39921684    0.41304344    0.34934985    0.35296183    0.31459753    0.30792802    0.18982655    0.18441994    0.12679448    0.12679448    0.08487895    0.11805946    0.00000000    0.02029414
T11            0.07630672    0.27229956    0.29395575    0.30341321    0.30576777    0.34887510    0.35955670    0.33719040    0.33672295    0.38883138    0.39277096    0.40399240    0.34686216    0.35047416    0.30213841    0.30213841    0.18211549    0.17676674    0.12435514    0.12435514    0.08045475    0.12083753    0.02029414    0.00000000

