24
T5             0.00000000    0.33536861    0.33194325    0.23967963    0.24265626    0.32384361    0.27861081    0.27228050    0.29027069    0.29067500    0.28704428    0.26411586    0.27303863    0.29093091    0.27861081    0.25073527    0.26534875    0.29197146    0.26534875    0.25232105    0.26411586    0.25729755    0.28460069    0.27806517
T13            0.33536861    0.00000000    0.01415444    0.26203485    0.25891903    0.33813254    0.28221252    0.26951116    0.31545196    0.28461671    0.28422211    0.24689292    0.27400050    0.28876576    0.27265637    0.27900680    0.29027069    0.30627562    0.28461671    0.28029094    0.28383857    0.29806603    0.30094574    0.28592964
T10            0.33194325    0.01415444    0.00000000    0.25582252    0.25274507    0.33813254    0.28221252    0.26951116    0.31208426    0.28141099    0.28102664    0.25890723    0.27400050    0.28876576    0.26638562    0.27900680    0.29027069    0.30627562    0.28461671    0.28029094    0.28383857    0.29806603    0.30094574    0.28592964
T19            0.23967963    0.26203485    0.25582252    0.00000000    0.03284720    0.18645265    0.12119025    0.12829690    0.16554605    0.14570345    0.14548829    0.12266234    0.12251993    0.13946894    0.13587348    0.18097250    0.19093739    0.20745900    0.18868494    0.16655978    0.18501254    0.19528342    0.20615381    0.20080895
T7             0.24265626    0.25891903    0.25274507    0.03284720    0.00000000    0.18097250    0.12579669    0.12829690    0.16554605    0.14570345    0.14548829    0.12266234    0.12251993    0.13445598    0.13842474    0.18370507    0.19370015    0.20180850    0.18593736    0.17410688    0.19275664    0.20313487    0.21412514    0.20872217
T4             0.32384361    0.33813254    0.33813254    0.18645265    0.18097250    0.00000000    0.12690636    0.16245722    0.18501254    0.16731841    0.16711594    0.13903081    0.14140116    0.15619584    0.13963109    0.23701573    0.25679686    0.26259681    0.25136415    0.23806800    0.24663399    0.25832797    0.26107589    0.26135872
T23            0.27861081    0.28221252    0.28221252    0.12119025    0.12579669    0.12690636    0.00000000    0.10667188    0.13008878    0.11120311    0.11105250    0.10112096    0.10575145    0.12225835    0.11363638    0.20180850    0.22064406    0.24095520    0.21833967    0.19781934    0.20592071    0.21648402    0.22480553    0.22218278
T15            0.27228050    0.26951116    0.26951116    0.12829690    0.12829690    0.16245722    0.10667188    0.00000000    0.09673083    0.06511406    0.06295966    0.09921135    0.10384037    0.11547687    0.10700131    0.21030839    0.22354302    0.24095520    0.22415451    0.20291890    0.21388720    0.23032864    0.22768775    0.23032864
T22            0.29027069    0.31545196    0.31208426    0.16554605    0.16554605    0.18501254    0.13008878    0.09673083    0.00000000    0.06951753    0.06944341    0.12483641    0.12225835    0.13695617    0.13333517    0.22908344    0.24630444    0.25274507    0.24396773    0.23008054    0.23856467    0.24075081    0.24638547    0.24368374
T16            0.29067500    0.28461671    0.28141099    0.14570345    0.14570345    0.16731841    0.11120311    0.06511406    0.06951753    0.00000000    0.01210017    0.10371454    0.10122632    0.11547687    0.11642902    0.22415451    0.24362481    0.25853945    0.24432063    0.21648402    0.22480553    0.23856467    0.24124419    0.23856467
T3             0.28704428    0.28422211    0.28102664    0.14548829    0.14548829    0.16711594    0.11105250    0.06295966    0.06944341    0.01210017    0.00000000    0.10359613    0.10112096    0.11534464    0.11625154    0.22384397    0.24329192    0.25817019    0.24396773    0.21909049    0.22743809    0.24124419    0.24393394    0.24124419
T21            0.26411586    0.24689292    0.25890723    0.12266234    0.12266234    0.13903081    0.10112096    0.09921135    0.12483641    0.10371454    0.10359613    0.00000000    0.08266183    0.09859053    0.09004223    0.19528342    0.21388720    0.23377903    0.21153941    0.19130739    0.19925506    0.20972862    0.22068846    0.21526940
T8             0.27303863    0.27400050    0.27400050    0.12251993    0.12251993    0.14140116    0.10575145    0.10384037    0.12225835    0.10122632    0.10112096    0.08266183    0.00000000    0.04760712    0.07858846    0.19002410    0.20849061    0.22821663    0.20615381    0.18877502    0.19941644    0.21266161    0.21806300    0.21266161
T0             0.29093091    0.28876576    0.28876576    0.13946894    0.13445598    0.15619584    0.12225835    0.11547687    0.13695617    0.11547687    0.11534464    0.09859053    0.04760712    0.00000000    0.08982088    0.20872217    0.23058669    0.25407533    0.23113249    0.20455333    0.22106608    0.23472168    0.24321445    0.23472168
T18            0.27861081    0.27265637    0.26638562    0.13587348    0.13842474    0.13963109    0.11363638    0.10700131    0.13333517    0.11642902    0.11625154    0.09004223    0.07858846    0.08982088    0.00000000    0.21379377    0.23300561    0.25080081    0.23072234    0.20058208    0.20872217    0.21932528    0.22193984    0.21365882
T9             0.25073527    0.27900680    0.27900680    0.18097250    0.18370507    0.23701573    0.20180850    0.21030839    0.22908344    0.22415451    0.22384397    0.19528342    0.19002410    0.20872217    0.21379377    0.00000000    0.06081206    0.08298307    0.05875442    0.07176988    0.07621579    0.08972100    0.09194866    0.08954296
T12            0.26534875    0.29027069    0.29027069    0.19093739    0.19370015    0.25679686    0.22064406    0.22354302    0.24630444    0.24362481    0.24329192    0.21388720    0.20849061    0.23058669    0.23300561    0.06081206    0.00000000    0.05621254    0.02862768    0.08740607    0.09662183    0.10813254    0.11281026    0.11030663
T17            0.29197146    0.30627562    0.30627562    0.20745900    0.20180850    0.26259681    0.24095520    0.24095520    0.25274507    0.25853945    0.25817019    0.23377903    0.22821663    0.25407533    0.25080081    0.08298307    0.05621254    0.00000000    0.04760712    0.10802526    0.11751872    0.13183284    0.13666858    0.13405530
T6             0.26534875    0.28461671    0.28461671    0.18868494    0.18593736    0.25136415    0.21833967    0.22415451    0.24396773    0.24432063    0.24396773    0.21153941    0.20615381    0.23113249    0.23072234    0.05875442    0.02862768    0.04760712    0.00000000    0.08528733    0.09449406    0.10597723    0.11064560    0.10813254
T14            0.25232105    0.28029094    0.28029094    0.16655978    0.17410688    0.23806800    0.19781934    0.20291890    0.23008054    0.21648402    0.21909049    0.19130739    0.18877502    0.20455333    0.20058208    0.07176988    0.08740607    0.10802526    0.08528733    0.00000000    0.03289346    0.06511406    0.06060830    0.06276157
T11            0.26411586    0.28383857    0.28383857    0.18501254    0.19275664    0.24663399    0.20592071    0.21388720    0.23856467    0.22480553    0.22743809    0.19925506    0.19941644    0.22106608    0.20872217    0.07621579    0.09662183    0.11751872    0.09449406    0.03289346    0.00000000    0.06951753    0.06497894    0.06714401
T20            0.25729755    0.29806603    0.29806603    0.19528342    0.20313487    0.25832797    0.21648402    0.23032864    0.24075081    0.23856467    0.24124419    0.20972862    0.21266161    0.23472168    0.21932528    0.08972100    0.10813254    0.13183284    0.10597723    0.06511406    0.06951753    0.00000000    0.06073736    0.06288680
T2             0.28460069    0.30094574    0.30094574    0.20615381    0.21412514    0.26107589    0.22480553    0.22768775    0.24638547    0.24124419    0.24393394    0.22068846    0.21806300    0.24321445    0.22193984    0.09194866    0.11281026    0.13666858    0.11064560    0.06060830    0.06497894    0.06073736    0.00000000    0.04116913
T1             0.27806517    0.28592964    0.28592964    0.20080895    0.20872217    0.26135872    0.22218278    0.23032864    0.24368374    0.23856467    0.24124419    0.21526940    0.21266161    0.23472168    0.21365882    0.08954296    0.11030663    0.13405530    0.10813254    0.06276157    0.06714401    0.06288680    0.04116913    0.00000000

