24
T17            0.00000000    0.27670378    0.28314093    0.18526194    0.23941964    0.22485658    0.27589686    0.19986958    0.26370444    0.22359107    0.20876104    0.20668777    0.20387703    0.22329877    0.20046462    0.21416631    0.19148412    0.20466664    0.18051830    0.19148412    0.17781409    0.17804585    0.16291996    0.21932726
T6             0.27670378    0.00000000    0.01007284    0.17068023    0.19857364    0.18762743    0.22780872    0.17905959    0.24474561    0.20553921    0.19097212    0.19175352    0.19175352    0.22330524    0.35921060    0.33524054    0.32828821    0.37719740    0.33626599    0.35057018    0.34229110    0.34639844    0.32039239    0.39577021
T4             0.28314093    0.01007284    0.00000000    0.17607419    0.20429218    0.19042263    0.23677140    0.18455760    0.25086713    0.20553921    0.19651571    0.19734378    0.19734378    0.22926259    0.36657315    0.34229110    0.33524054    0.38481271    0.34336683    0.35787903    0.34944272    0.35362783    0.32732084    0.40365625
T1             0.18526194    0.17068023    0.17607419    0.00000000    0.11838457    0.11121577    0.16227642    0.09462082    0.15504177    0.12036890    0.10329436    0.10360568    0.10123532    0.12022437    0.26266110    0.26025707    0.24509261    0.25623222    0.23973303    0.25175481    0.23915356    0.24240775    0.21726513    0.30681757
T21            0.23941964    0.19857364    0.20429218    0.11838457    0.00000000    0.04349369    0.16248253    0.13356124    0.20330752    0.16097770    0.15005483    0.15069443    0.14809571    0.17415020    0.31064854    0.30486281    0.28834282    0.30681757    0.27311738    0.27949280    0.27868713    0.28229266    0.25860678    0.38823451
T3             0.22485658    0.18762743    0.19042263    0.11121577    0.04349369    0.00000000    0.14966918    0.11381429    0.19231899    0.14037978    0.12994367    0.13045096    0.12794992    0.15307860    0.30774990    0.30198716    0.28552157    0.31064854    0.27351609    0.27991198    0.28229266    0.28595073    0.25588903    0.36969881
T0             0.27589686    0.22780872    0.23677140    0.16227642    0.16248253    0.14966918    0.00000000    0.16028005    0.25627064    0.20779114    0.18548944    0.18572583    0.18846717    0.21900419    0.35195511    0.35556967    0.34480361    0.37224743    0.34229110    0.34585410    0.34126592    0.34532248    0.30926849    0.41423231
T14            0.19986958    0.17905959    0.18455760    0.09462082    0.13356124    0.11381429    0.16028005    0.00000000    0.14491102    0.09205425    0.07813122    0.08289802    0.08060918    0.10851067    0.26609683    0.27949280    0.26370444    0.29117515    0.25823623    0.26759049    0.25446577    0.25787608    0.22913387    0.34449297
T5             0.26370444    0.24474561    0.25086713    0.15504177    0.20330752    0.19231899    0.25627064    0.14491102    0.00000000    0.10218195    0.09450242    0.10173214    0.10412527    0.12332484    0.35978178    0.36346303    0.34532248    0.37404597    0.33224651    0.33927231    0.33474649    0.33875337    0.31648083    0.41396813
T23            0.22359107    0.20553921    0.20553921    0.12036890    0.16097770    0.14037978    0.20779114    0.09205425    0.10218195    0.00000000    0.05200342    0.06537262    0.06312999    0.08342557    0.30681757    0.31355882    0.29687345    0.31894378    0.29117515    0.29773913    0.28712363    0.29075818    0.26995996    0.37978880
T13            0.20876104    0.19097212    0.19651571    0.10329436    0.15005483    0.12994367    0.18548944    0.07813122    0.09450242    0.05200342    0.00000000    0.04117042    0.03904257    0.06952187    0.28001199    0.29280360    0.27686468    0.29814852    0.26201873    0.27441331    0.27062899    0.27406972    0.24480042    0.35612748
T12            0.20668777    0.19175352    0.19734378    0.10360568    0.15069443    0.13045096    0.18572583    0.08289802    0.10173214    0.06537262    0.04117042    0.00000000    0.01007284    0.06528089    0.28751885    0.29075818    0.27476785    0.29932451    0.25991883    0.26609683    0.27163037    0.27513330    0.24271143    0.35174880
T2             0.20387703    0.19175352    0.19734378    0.10123532    0.14809571    0.12794992    0.18846717    0.08060918    0.10412527    0.06312999    0.03904257    0.01007284    0.00000000    0.06304330    0.28430043    0.28751885    0.27163037    0.29605340    0.25381639    0.26609683    0.26233458    0.26575005    0.23973303    0.35057018
T16            0.22329877    0.22330524    0.22926259    0.12022437    0.17415020    0.15307860    0.21900419    0.10851067    0.12332484    0.08342557    0.06952187    0.06528089    0.06304330    0.00000000    0.31648083    0.30636884    0.29645771    0.32531826    0.29401866    0.30392994    0.29973959    0.30348079    0.26958200    0.37912047
T22            0.20046462    0.35921060    0.36657315    0.26266110    0.31064854    0.30774990    0.35195511    0.26609683    0.35978178    0.30681757    0.28001199    0.28751885    0.28430043    0.31648083    0.00000000    0.11121577    0.09239283    0.16188955    0.13682459    0.14693000    0.14185172    0.14455181    0.12979028    0.29579709
T19            0.21416631    0.33524054    0.34229110    0.26025707    0.30486281    0.30198716    0.35556967    0.27949280    0.36346303    0.31355882    0.29280360    0.29075818    0.28751885    0.30636884    0.11121577    0.00000000    0.02034061    0.18871999    0.15724431    0.16248253    0.15985655    0.16269705    0.14491102    0.31162705
T15            0.19148412    0.32828821    0.33524054    0.24509261    0.28834282    0.28552157    0.34480361    0.26370444    0.34532248    0.29687345    0.27686468    0.27476785    0.27163037    0.29645771    0.09239283    0.02034061    0.00000000    0.16450860    0.13682459    0.14693000    0.14185172    0.14201266    0.12485018    0.28510345
T10            0.20466664    0.37719740    0.38481271    0.25623222    0.30681757    0.31064854    0.37224743    0.29117515    0.37404597    0.31894378    0.29814852    0.29932451    0.29605340    0.32531826    0.16188955    0.18871999    0.16450860    0.00000000    0.10385063    0.11106469    0.09673939    0.09685604    0.09005024    0.32141788
T18            0.18051830    0.33626599    0.34336683    0.23973303    0.27311738    0.27351609    0.34229110    0.25823623    0.33224651    0.29117515    0.26201873    0.25991883    0.25381639    0.29401866    0.13682459    0.15724431    0.13682459    0.10385063    0.00000000    0.01827008    0.06511792    0.06519598    0.05632499    0.27235227
T7             0.19148412    0.35057018    0.35787903    0.25175481    0.27949280    0.27991198    0.34585410    0.26759049    0.33927231    0.29773913    0.27441331    0.26609683    0.26609683    0.30392994    0.14693000    0.16248253    0.14693000    0.11106469    0.01827008    0.00000000    0.07412904    0.07422753    0.06296340    0.28510345
T8             0.17781409    0.34229110    0.34944272    0.23915356    0.27868713    0.28229266    0.34126592    0.25446577    0.33474649    0.28712363    0.27062899    0.27163037    0.26233458    0.29973959    0.14185172    0.15985655    0.14185172    0.09673939    0.06511792    0.07412904    0.00000000    0.00804340    0.05852800    0.29160335
T20            0.17804585    0.34639844    0.35362783    0.24240775    0.28229266    0.28595073    0.34532248    0.25787608    0.33875337    0.29075818    0.27406972    0.27513330    0.26575005    0.30348079    0.14455181    0.16269705    0.14201266    0.09685604    0.06519598    0.07422753    0.00804340    0.00000000    0.05859799    0.29204275
T9             0.16291996    0.32039239    0.32732084    0.21726513    0.25860678    0.25588903    0.30926849    0.22913387    0.31648083    0.26995996    0.24480042    0.24271143    0.23973303    0.26958200    0.12979028    0.14491102    0.12485018    0.09005024    0.05632499    0.06296340    0.05852800    0.05859799    0.00000000    0.26484289
T11            0.21932726    0.39577021    0.40365625    0.30681757    0.38823451    0.36969881    0.41423231    0.34449297    0.41396813    0.37978880    0.35612748    0.35174880    0.35057018    0.37912047    0.29579709    0.31162705    0.28510345    0.32141788    0.27235227    0.28510345    0.29160335    0.29204275    0.26484289    0.00000000

