24
T9             0.00000000    0.57205375    0.57748760    0.47068892    0.46361571    0.45498760    0.34405261    0.34103255    0.30833632    0.29497487    0.28477427    0.36499063    0.33440425    0.32153225    0.31859802    0.31173345    0.33859699    0.19798604    0.19516540    0.21489922    0.24596877    0.20723072    0.27166472    0.21679400
T13            0.57205375    0.00000000    0.00200403    0.16514898    0.15246584    0.21132365    0.49205898    0.49571712    0.41748859    0.39204163    0.39019756    0.44444091    0.42661863    0.45313039    0.44532313    0.43421308    0.46293417    0.45046704    0.44189023    0.44015237    0.48237226    0.46999381    0.54162647    0.48695630
T3             0.57748760    0.00200403    0.00000000    0.16780421    0.15506569    0.21421796    0.49679603    0.50047672    0.42161736    0.39594384    0.39411530    0.44015237    0.42243781    0.44876670    0.44101597    0.42997902    0.45847269    0.45481148    0.44616017    0.44444091    0.48695630    0.47453652    0.54680655    0.49158292
T18            0.47068892    0.16514898    0.16780421    0.00000000    0.02450841    0.16053190    0.42661863    0.42997902    0.34945497    0.33638335    0.33094096    0.37612990    0.35990220    0.38770187    0.38064372    0.37052952    0.39631658    0.38563557    0.37798074    0.37105822    0.40502368    0.40682454    0.48271793    0.44357470
T7             0.46361571    0.15246584    0.15506569    0.02450841    0.00000000    0.15049798    0.39954911    0.40279584    0.33859699    0.31318523    0.31464404    0.35494973    0.33918146    0.36986032    0.36298990    0.34580928    0.38205737    0.36793282    0.36050606    0.36110730    0.39460190    0.39631658    0.46197416    0.42415043
T0             0.45498760    0.21132365    0.21421796    0.16053190    0.15049798    0.00000000    0.37575053    0.37647469    0.33565622    0.30986551    0.31149882    0.36329602    0.33994657    0.35202798    0.35270294    0.34530260    0.35882122    0.35007919    0.34278760    0.34704342    0.39161972    0.36259125    0.42676709    0.39309810
T6             0.34405261    0.49205898    0.49679603    0.42661863    0.39954911    0.37575053    0.00000000    0.00200301    0.14275867    0.15486238    0.15028366    0.19296470    0.16661176    0.16560294    0.16851929    0.17391627    0.18431419    0.27359260    0.27042239    0.29589218    0.32640436    0.29401225    0.35312755    0.28800604
T21            0.34103255    0.49571712    0.50047672    0.42997902    0.40279584    0.37647469    0.00200301    0.00000000    0.14040109    0.15246584    0.14790482    0.19046724    0.16419356    0.16318016    0.16609060    0.17147305    0.18183898    0.27082412    0.26766393    0.29304970    0.32344639    0.29118099    0.35007919    0.28518387
T14            0.30833632    0.41748859    0.42161736    0.34945497    0.33859699    0.33565622    0.14275867    0.14040109    0.00000000    0.07622614    0.07631633    0.13125836    0.10236045    0.11628218    0.11400220    0.11155537    0.11611079    0.22133572    0.21843315    0.23575919    0.26689116    0.23986087    0.28412343    0.23181827
T17            0.29497487    0.39204163    0.39594384    0.33638335    0.31318523    0.30986551    0.15486238    0.15246584    0.07622614    0.00000000    0.04545489    0.12833347    0.10444268    0.11107734    0.10880622    0.10160723    0.11823745    0.21212823    0.20929184    0.23212849    0.26616104    0.23014634    0.27678312    0.23711812
T20            0.28477427    0.39019756    0.39411530    0.33094096    0.31464404    0.31149882    0.15028366    0.14790482    0.07631633    0.04545489    0.00000000    0.12601991    0.10219518    0.10880622    0.10654252    0.10413708    0.11594696    0.19557006    0.19281978    0.21498087    0.24514287    0.21296743    0.27082412    0.21137440
T11            0.36499063    0.44444091    0.44015237    0.37612990    0.35494973    0.36329602    0.19296470    0.19046724    0.13125836    0.12833347    0.12601991    0.00000000    0.02653249    0.06735971    0.06744323    0.06520020    0.07631633    0.26342008    0.25713909    0.28555132    0.32611665    0.28375881    0.32432083    0.26342008
T16            0.33440425    0.42661863    0.42243781    0.35990220    0.33918146    0.33994657    0.16661176    0.16419356    0.10236045    0.10444268    0.10219518    0.02653249    0.00000000    0.05213747    0.05001958    0.04783548    0.05426199    0.24024828    0.23721294    0.26475516    0.30751037    0.25978080    0.31264539    0.24480986
T2             0.32153225    0.45313039    0.44876670    0.38770187    0.36986032    0.35202798    0.16560294    0.16318016    0.11628218    0.11107734    0.10880622    0.06735971    0.05213747    0.00000000    0.01008425    0.04124256    0.04545489    0.25402805    0.25093633    0.27900199    0.31567555    0.27393426    0.32786311    0.25558310
T4             0.31859802    0.44532313    0.44101597    0.38064372    0.36298990    0.35270294    0.16851929    0.16609060    0.11400220    0.10880622    0.10654252    0.06744323    0.05001958    0.01008425    0.00000000    0.03914623    0.04334543    0.25133160    0.24824940    0.26978128    0.30594698    0.27117812    0.32491428    0.25287458
T5             0.31173345    0.43421308    0.42997902    0.37052952    0.34580928    0.34530260    0.17391627    0.17147305    0.11155537    0.10160723    0.10413708    0.06520020    0.04783548    0.04124256    0.03914623    0.00000000    0.04343911    0.23014634    0.22719212    0.25402805    0.29589218    0.24905104    0.29735264    0.24073363
T1             0.33859699    0.46293417    0.45847269    0.39631658    0.38205737    0.35882122    0.18431419    0.18183898    0.11611079    0.11823745    0.11594696    0.07631633    0.05426199    0.04545489    0.04334543    0.04343911    0.00000000    0.25985539    0.25673464    0.28178986    0.32555852    0.27996486    0.33440425    0.25830189
T22            0.19798604    0.45046704    0.45481148    0.38563557    0.36793282    0.35007919    0.27359260    0.27082412    0.22133572    0.21212823    0.19557006    0.26342008    0.24024828    0.25402805    0.25133160    0.23014634    0.25985539    0.00000000    0.01007291    0.04338897    0.07833542    0.04128805    0.09674779    0.09923050
T12            0.19516540    0.44189023    0.44616017    0.37798074    0.36050606    0.34278760    0.27042239    0.26766393    0.21843315    0.20929184    0.19281978    0.25713909    0.23721294    0.25093633    0.24824940    0.22719212    0.25673464    0.01007291    0.00000000    0.04124256    0.07606694    0.03914623    0.09439910    0.09686507
T19            0.21489922    0.44015237    0.44444091    0.37105822    0.36110730    0.34704342    0.29589218    0.29304970    0.23575919    0.23212849    0.21498087    0.28555132    0.26475516    0.27900199    0.26978128    0.25402805    0.28178986    0.04338897    0.04124256    0.00000000    0.03274825    0.05646537    0.11335594    0.11839974
T8             0.24596877    0.48237226    0.48695630    0.40502368    0.39460190    0.39161972    0.32640436    0.32344639    0.26689116    0.26616104    0.24514287    0.32611665    0.30751037    0.31567555    0.30594698    0.29589218    0.32555852    0.07833542    0.07606694    0.03274825    0.00000000    0.09216763    0.15226933    0.14220008
T10            0.20723072    0.46999381    0.47453652    0.40682454    0.39631658    0.36259125    0.29401225    0.29118099    0.23986087    0.23014634    0.21296743    0.28375881    0.25978080    0.27393426    0.27117812    0.24905104    0.27996486    0.04128805    0.03914623    0.05646537    0.09216763    0.00000000    0.08320042    0.11155537
T15            0.27166472    0.54162647    0.54680655    0.48271793    0.46197416    0.42676709    0.35312755    0.35007919    0.28412343    0.27678312    0.27082412    0.32432083    0.31264539    0.32786311    0.32491428    0.29735264    0.33440425    0.09674779    0.09439910    0.11335594    0.15226933    0.08320042    0.00000000    0.17121047
T23            0.21679400    0.48695630    0.49158292    0.44357470    0.42415043    0.39309810    0.28800604    0.28518387    0.23181827    0.23711812    0.21137440    0.26342008    0.24480986    0.25558310    0.25287458    0.24073363    0.25830189    0.09923050    0.09686507    0.11839974    0.14220008    0.11155537    0.17121047    0.00000000

