24
T18            0.00000000    0.24239073    0.20718045    0.21259280    0.19597414    0.26751945    0.26126829    0.26438410    0.24362623    0.27156331    0.27506273    0.18921604    0.19927279    0.22354428    0.18176599    0.21030933    0.19422658    0.20664922    0.19954667    0.20804657    0.19954667    0.20208214    0.18122877    0.20265482
T6             0.24239073    0.00000000    0.14035987    0.14271711    0.24664740    0.30837905    0.31182815    0.31530121    0.30606401    0.31545600    0.31598403    0.21587486    0.23522891    0.26097197    0.22737706    0.30388821    0.28768772    0.31152590    0.29715264    0.30388821    0.29381860    0.29665949    0.27052823    0.37540642
T9             0.20718045    0.14035987    0.00000000    0.00805149    0.20691020    0.26089993    0.25781299    0.26089993    0.24396905    0.26811378    0.26844753    0.17041634    0.18569372    0.21517323    0.17555242    0.25545400    0.24062276    0.26293493    0.24933674    0.26164707    0.25238601    0.25509436    0.23564682    0.33368811
T3             0.21259280    0.14271711    0.00805149    0.00000000    0.20947444    0.26054199    0.25746456    0.26054199    0.24362623    0.27088728    0.27121988    0.17286395    0.18819070    0.21776309    0.17801581    0.26126829    0.24630595    0.27191753    0.25817179    0.27067459    0.26126829    0.26400604    0.24130022    0.34022793
T17            0.19597414    0.24664740    0.20691020    0.20947444    0.00000000    0.15044994    0.14271711    0.14785902    0.12793378    0.16003974    0.15762998    0.11820951    0.12992841    0.14420765    0.12297057    0.28305938    0.25582392    0.26988962    0.25238601    0.25854095    0.25545400    0.25817179    0.25080193    0.30627810
T2             0.26751945    0.30837905    0.26089993    0.26054199    0.15044994    0.00000000    0.00603630    0.01419982    0.03710265    0.22354428    0.22093776    0.17333978    0.17509640    0.20129148    0.17579332    0.33368811    0.33180171    0.34022793    0.32079280    0.33124852    0.32079280    0.32373712    0.31254682    0.38213108
T1             0.26126829    0.31182815    0.25781299    0.25746456    0.14271711    0.00603630    0.00000000    0.00806472    0.03073300    0.21776309    0.21517323    0.16531736    0.16711671    0.19298009    0.16774939    0.33368811    0.32130939    0.32966173    0.31055133    0.32079280    0.31055133    0.31346057    0.30913309    0.37452429
T12            0.26438410    0.31530121    0.26089993    0.26054199    0.14785902    0.01419982    0.00806472    0.00000000    0.03073300    0.21776309    0.21517323    0.16797722    0.16976248    0.19573522    0.17041634    0.33722251    0.32478241    0.33315903    0.31394189    0.32425379    0.31394189    0.31686266    0.31254682    0.37076388
T23            0.24362623    0.30606401    0.24396905    0.24362623    0.12793378    0.03710265    0.03073300    0.03073300    0.00000000    0.19850563    0.19597414    0.15262404    0.15443903    0.17982541    0.14983689    0.30718362    0.29524697    0.30339107    0.28502433    0.29809948    0.28826119    0.29109262    0.29333653    0.34627612
T5             0.27156331    0.31545600    0.26811378    0.27088728    0.16003974    0.22354428    0.21776309    0.21776309    0.19850563    0.00000000    0.01414101    0.18003746    0.19550541    0.21388887    0.18252111    0.33864006    0.31838817    0.32429103    0.30790731    0.32133357    0.31123021    0.31415353    0.32079280    0.36730562
T11            0.27506273    0.31598403    0.26844753    0.27121988    0.15762998    0.22093776    0.21517323    0.21517323    0.19597414    0.01414101    0.00000000    0.18296862    0.19850563    0.21696797    0.18545815    0.34270383    0.32225895    0.32818443    0.31165271    0.32521563    0.31500909    0.31794304    0.32478241    0.37900415
T15            0.18921604    0.21587486    0.17041634    0.17286395    0.11820951    0.17333978    0.16531736    0.16797722    0.15262404    0.18003746    0.18296862    0.00000000    0.05835627    0.08038931    0.05194573    0.24165384    0.21605730    0.22646014    0.21287926    0.22447559    0.21575321    0.21834076    0.21122762    0.31126625
T13            0.19927279    0.23522891    0.18569372    0.18819070    0.12992841    0.17509640    0.16711671    0.16976248    0.15443903    0.19550541    0.19850563    0.05835627    0.00000000    0.05402919    0.06270942    0.25238601    0.23599222    0.24899576    0.23498541    0.24396905    0.23498541    0.23763724    0.23634739    0.32532297
T20            0.22354428    0.26097197    0.21517323    0.21776309    0.14420765    0.20129148    0.19298009    0.19573522    0.17982541    0.21388887    0.21696797    0.08038931    0.05402919    0.00000000    0.08259982    0.27861283    0.25545400    0.26879201    0.25136598    0.26054199    0.25136598    0.25407727    0.25582392    0.37333678
T8             0.18176599    0.22737706    0.17555242    0.17801581    0.12297057    0.17579332    0.16774939    0.17041634    0.14983689    0.18252111    0.18545815    0.05194573    0.06270942    0.08259982    0.00000000    0.24432186    0.22155119    0.22616040    0.21259280    0.22415559    0.21545852    0.21804718    0.21669352    0.31652371
T19            0.21030933    0.30388821    0.25545400    0.26126829    0.28305938    0.33368811    0.33368811    0.33722251    0.30718362    0.33864006    0.34270383    0.24165384    0.25238601    0.27861283    0.24432186    0.00000000    0.14674592    0.16119735    0.14691111    0.15462401    0.14691111    0.14929716    0.15203980    0.32028807
T0             0.19422658    0.28768772    0.24062276    0.24630595    0.25582392    0.33180171    0.32130939    0.32478241    0.29524697    0.31838817    0.32225895    0.21605730    0.23599222    0.25545400    0.22155119    0.14674592    0.00000000    0.05182007    0.04338575    0.04987952    0.04338575    0.04549318    0.13510210    0.31254682
T10            0.20664922    0.31152590    0.26293493    0.27191753    0.26988962    0.34022793    0.32966173    0.33315903    0.30339107    0.32429103    0.32818443    0.22646014    0.24899576    0.26879201    0.22616040    0.16119735    0.05182007    0.00000000    0.04330600    0.04977175    0.04330600    0.04541740    0.15186148    0.31394189
T22            0.19954667    0.29715264    0.24933674    0.25817179    0.25238601    0.32079280    0.31055133    0.31394189    0.28502433    0.30790731    0.31165271    0.21287926    0.23498541    0.25136598    0.21259280    0.14691111    0.04338575    0.04330600    0.00000000    0.01833213    0.01214640    0.01417406    0.14252455    0.31890507
T14            0.20804657    0.30388821    0.26164707    0.27067459    0.25854095    0.33124852    0.32079280    0.32425379    0.29809948    0.32133357    0.32521563    0.22447559    0.24396905    0.26054199    0.22415559    0.15462401    0.04987952    0.04977175    0.01833213    0.00000000    0.00603630    0.01212485    0.15023749    0.32939742
T21            0.19954667    0.29381860    0.25238601    0.26126829    0.25545400    0.32079280    0.31055133    0.31394189    0.28826119    0.31123021    0.31500909    0.21575321    0.23498541    0.25136598    0.21545852    0.14691111    0.04338575    0.04330600    0.01214640    0.00603630    0.00000000    0.00602718    0.14252455    0.31890507
T4             0.20208214    0.29665949    0.25509436    0.26400604    0.25817179    0.32373712    0.31346057    0.31686266    0.29109262    0.31415353    0.31794304    0.21834076    0.23763724    0.25407727    0.21804718    0.14929716    0.04549318    0.04541740    0.01417406    0.01212485    0.00602718    0.00000000    0.14489123    0.31944505
T16            0.18122877    0.27052823    0.23564682    0.24130022    0.25080193    0.31254682    0.30913309    0.31254682    0.29333653    0.32079280    0.32478241    0.21122762    0.23634739    0.25582392    0.21669352    0.15203980    0.13510210    0.15186148    0.14252455    0.15023749    0.14252455    0.14489123    0.00000000    0.29195683
T7             0.20265482    0.37540642    0.33368811    0.34022793    0.30627810    0.38213108    0.37452429    0.37076388    0.34627612    0.36730562    0.37900415    0.31126625    0.32532297    0.37333678    0.31652371    0.32028807    0.31254682    0.31394189    0.31890507    0.32939742    0.31890507    0.31944505    0.29195683    0.00000000

