24
T21            0.00000000    0.30630231    0.29591383    0.32951345    0.32472523    0.32062445    0.33063195    0.30630231    0.33843507    0.32767265    0.33184888    0.32413612    0.32120116    0.33063195    0.27286711    0.35474572    0.39064394    0.34443515    0.42050641    0.42384234    0.37904914    0.38356641    0.38356641    0.23790055
T10            0.30630231    0.00000000    0.15764293    0.19173670    0.18845147    0.19649856    0.19902753    0.24180573    0.25172656    0.24268555    0.26057538    0.25477698    0.24902636    0.26367310    0.21491923    0.30546414    0.33569420    0.29356317    0.36030343    0.36710648    0.33219502    0.33270103    0.33270103    0.20521986
T0             0.29591383    0.15764293    0.00000000    0.05638874    0.08963191    0.08724185    0.09409843    0.20038249    0.22327684    0.21465213    0.24133109    0.23567637    0.23006714    0.24435387    0.18027382    0.27789067    0.30012488    0.26022695    0.33869974    0.34171775    0.29928407    0.28032964    0.28032964    0.17311338
T4             0.32951345    0.19173670    0.05638874    0.00000000    0.12529003    0.12266982    0.12993645    0.24536867    0.27031501    0.26093429    0.28680274    0.28074520    0.27474039    0.29008367    0.22418180    0.30878861    0.33569420    0.28708656    0.36535324    0.36847503    0.32093838    0.31799209    0.31799209    0.21093684
T8             0.32472523    0.18845147    0.08963191    0.12529003    0.00000000    0.02454850    0.02660387    0.24776102    0.27586216    0.26642241    0.29338629    0.28726431    0.28119633    0.29671091    0.22418180    0.32231232    0.33921807    0.30012488    0.36168716    0.36479547    0.33469477    0.31550468    0.31550468    0.20748204
T15            0.32062445    0.19649856    0.08724185    0.12266982    0.02454850    0.00000000    0.01008408    0.24449277    0.27231892    0.26296760    0.29291402    0.28680274    0.28074520    0.29291402    0.22679593    0.32526939    0.33869974    0.29969874    0.37218192    0.37533091    0.33770062    0.31843850    0.31843850    0.20437575
T7             0.33063195    0.19902753    0.09409843    0.12993645    0.02660387    0.01008408    0.00000000    0.25318104    0.28145244    0.27195291    0.30005781    0.29386967    0.28773682    0.30005781    0.23303603    0.33270103    0.34634130    0.30677398    0.37276714    0.37591652    0.34171775    0.32231232    0.32231232    0.20976495
T12            0.30630231    0.24180573    0.20038249    0.24536867    0.24776102    0.24449277    0.25318104    0.00000000    0.09887216    0.09186152    0.18212294    0.16938176    0.17183698    0.18481929    0.12937075    0.18675294    0.22458656    0.18927034    0.27091974    0.27438003    0.22986539    0.23010407    0.23010407    0.19575270
T2             0.33843507    0.25172656    0.22327684    0.27031501    0.27586216    0.27231892    0.28145244    0.09887216    0.00000000    0.00603634    0.19322873    0.18524720    0.18547451    0.19599224    0.14965953    0.21181001    0.23352818    0.21156049    0.32379470    0.32328856    0.26296760    0.25410741    0.25410741    0.21577730
T14            0.32767265    0.24268555    0.21465213    0.26093429    0.26642241    0.26296760    0.27195291    0.09186152    0.00603634    0.00000000    0.18502878    0.17715793    0.17736330    0.18774716    0.14200413    0.20337945    0.22482850    0.20315362    0.31351280    0.31304188    0.25378820    0.24506647    0.24506647    0.20720182
T1             0.33184888    0.26057538    0.24133109    0.28680274    0.29338629    0.29291402    0.30005781    0.18212294    0.19322873    0.18502878    0.00000000    0.01619031    0.01210950    0.01823230    0.08539462    0.16919762    0.19048042    0.14644870    0.25278013    0.25857607    0.20666920    0.20693087    0.20693087    0.21319897
T18            0.32413612    0.25477698    0.23567637    0.28074520    0.28726431    0.28680274    0.29386967    0.16938176    0.18524720    0.17715793    0.01619031    0.00000000    0.00401105    0.01824799    0.08088566    0.15379150    0.17983982    0.13654475    0.24703208    0.25278013    0.20131050    0.20156558    0.20156558    0.21062995
T9             0.32120116    0.24902636    0.23006714    0.27474039    0.28119633    0.28074520    0.28773682    0.17183698    0.18547451    0.17736330    0.01210950    0.00401105    0.00000000    0.01415454    0.07640489    0.15394355    0.18005243    0.13667675    0.24133109    0.24703208    0.19599224    0.19624087    0.19624087    0.20521986
T22            0.33063195    0.26367310    0.24435387    0.29008367    0.29671091    0.29291402    0.30005781    0.18481929    0.19599224    0.18774716    0.01823230    0.01824799    0.01415454    0.00000000    0.08771522    0.16919762    0.19048042    0.14898744    0.25278013    0.25857607    0.20385906    0.20976495    0.20976495    0.21608217
T23            0.27286711    0.21491923    0.18027382    0.22418180    0.22418180    0.22679593    0.23303603    0.12937075    0.14965953    0.14200413    0.08539462    0.08088566    0.07640489    0.08771522    0.00000000    0.12226496    0.14454291    0.11053062    0.19902753    0.20437575    0.15410399    0.15427279    0.15427279    0.16776381
T11            0.35474572    0.30546414    0.27789067    0.30878861    0.32231232    0.32526939    0.33270103    0.18675294    0.21181001    0.20337945    0.16919762    0.15379150    0.15394355    0.16919762    0.12226496    0.00000000    0.09652433    0.07403518    0.22648572    0.23205316    0.17963602    0.17715793    0.17715793    0.24837319
T3             0.39064394    0.33569420    0.30012488    0.33569420    0.33921807    0.33869974    0.34634130    0.22458656    0.23352818    0.22482850    0.19048042    0.17983982    0.18005243    0.19048042    0.14454291    0.09652433    0.00000000    0.06720818    0.23205316    0.23174510    0.19575270    0.19877113    0.19877113    0.26954920
T17            0.34443515    0.29356317    0.26022695    0.28708656    0.30012488    0.29969874    0.30677398    0.18927034    0.21156049    0.20315362    0.14644870    0.13654475    0.13667675    0.14898744    0.11053062    0.07403518    0.06720818    0.00000000    0.20720182    0.21261522    0.16430965    0.16712953    0.16712953    0.24032717
T20            0.42050641    0.36030343    0.33869974    0.36535324    0.36168716    0.37218192    0.37276714    0.27091974    0.32379470    0.31351280    0.25278013    0.24703208    0.24133109    0.25278013    0.19902753    0.22648572    0.23205316    0.20720182    0.00000000    0.00602720    0.12484368    0.11764791    0.11764791    0.31304188
T6             0.42384234    0.36710648    0.34171775    0.36847503    0.36479547    0.37533091    0.37591652    0.27438003    0.32328856    0.31304188    0.25857607    0.25278013    0.24703208    0.25857607    0.20437575    0.23205316    0.23174510    0.21261522    0.00602720    0.00000000    0.12963780    0.11752486    0.11752486    0.31936727
T16            0.37904914    0.33219502    0.29928407    0.32093838    0.33469477    0.33770062    0.34171775    0.22986539    0.26296760    0.25378820    0.20666920    0.20131050    0.19599224    0.20385906    0.15410399    0.17963602    0.19575270    0.16430965    0.12484368    0.12963780    0.00000000    0.04554195    0.04554195    0.27509938
T19            0.38356641    0.33270103    0.28032964    0.31799209    0.31550468    0.31843850    0.32231232    0.23010407    0.25410741    0.24506647    0.20693087    0.20156558    0.19624087    0.20976495    0.15427279    0.17715793    0.19877113    0.16712953    0.11764791    0.11752486    0.04554195    0.00000000    0.00000000    0.28830447
T13            0.38356641    0.33270103    0.28032964    0.31799209    0.31550468    0.31843850    0.32231232    0.23010407    0.25410741    0.24506647    0.20693087    0.20156558    0.19624087    0.20976495    0.15427279    0.17715793    0.19877113    0.16712953    0.11764791    0.11752486    0.04554195    0.00000000    0.00000000    0.28830447
T5             0.23790055    0.20521986    0.17311338    0.21093684    0.20748204    0.20437575    0.20976495    0.19575270    0.21577730    0.20720182    0.21319897    0.21062995    0.20521986    0.21608217    0.16776381    0.24837319    0.26954920    0.24032717    0.31304188    0.31936727    0.27509938    0.28830447    0.28830447    0.00000000

