24
T10            0.00000000    0.39850134    0.39850134    0.40745199    0.44788080    0.38901806    0.41895486    0.39618056    0.38975997    0.40988711    0.33668579    0.31896130    0.31255822    0.32188585    0.31314689    0.34351050    0.32777009    0.33918521    0.33157416    0.33258096    0.33819674    0.30679090    0.30679090    0.25668369
T19            0.39850134    0.00000000    0.00000000    0.02238932    0.07155793    0.25211208    0.27515066    0.24572107    0.25176974    0.25862558    0.37662358    0.34340177    0.34396022    0.34643317    0.34453127    0.36845290    0.35981909    0.36040520    0.33438237    0.32980241    0.38439109    0.32191516    0.32191516    0.31176558
T15            0.39850134    0.00000000    0.00000000    0.02238932    0.07155793    0.25211208    0.27515066    0.24572107    0.25176974    0.25862558    0.37662358    0.34340177    0.34396022    0.34643317    0.34453127    0.36845290    0.35981909    0.36040520    0.33438237    0.32980241    0.38439109    0.32191516    0.32191516    0.31176558
T1             0.40745199    0.02238932    0.02238932    0.00000000    0.07387639    0.26098259    0.28431942    0.25448045    0.26062219    0.26761092    0.38740647    0.35366557    0.35425073    0.35060812    0.35484877    0.37916816    0.36661184    0.36350194    0.34453127    0.34340177    0.39543523    0.33177979    0.33177979    0.31468898
T7             0.44788080    0.07155793    0.07155793    0.07387639    0.00000000    0.28753885    0.31850897    0.28471666    0.29607252    0.29446975    0.40751294    0.38040403    0.38103410    0.37602163    0.38167795    0.41098691    0.40557671    0.40627033    0.37851152    0.36973501    0.42815711    0.36489092    0.36489092    0.34242232
T13            0.38901806    0.25211208    0.25211208    0.26098259    0.28753885    0.00000000    0.07387639    0.04977414    0.08319540    0.07880761    0.35813961    0.33429054    0.33827553    0.33729718    0.33878357    0.35505711    0.33636928    0.33682691    0.31850897    0.33036661    0.36661184    0.35868628    0.35868628    0.32534479
T12            0.41895486    0.27515066    0.27515066    0.28431942    0.31850897    0.07387639    0.00000000    0.04756980    0.10372702    0.09685859    0.39383465    0.35760612    0.36178200    0.36070172    0.36234206    0.37918531    0.36434404    0.36489092    0.34839759    0.35813961    0.38998129    0.39192047    0.39192047    0.36914757
T11            0.39618056    0.24572107    0.24572107    0.25448045    0.28471666    0.04977414    0.04756980    0.00000000    0.08308960    0.07869837    0.35400324    0.33381986    0.33778006    0.33682691    0.33827553    0.34839759    0.33592430    0.33636928    0.31806060    0.32650270    0.36857362    0.35560365    0.35560365    0.33429054
T9             0.38975997    0.25176974    0.25176974    0.26062219    0.29607252    0.08319540    0.10372702    0.08308960    0.00000000    0.07205643    0.36602483    0.33381986    0.33778006    0.33682691    0.33827553    0.34736941    0.32992041    0.33036661    0.31896935    0.32738390    0.38103410    0.37287157    0.37287157    0.34031637
T20            0.40988711    0.25862558    0.25862558    0.26761092    0.29446975    0.07880761    0.09685859    0.07869837    0.07205643    0.00000000    0.38103410    0.34285592    0.34699193    0.34588712    0.34756339    0.36661184    0.35093369    0.34787706    0.33278382    0.33778006    0.38485808    0.36782588    0.36782588    0.34483324
T17            0.33668579    0.37662358    0.37662358    0.38740647    0.40751294    0.35813961    0.39383465    0.35400324    0.36602483    0.38103410    0.00000000    0.19349487    0.19374582    0.20723188    0.19679363    0.21870419    0.21236779    0.21264671    0.20270927    0.21581127    0.22782542    0.24510390    0.24510390    0.22415836
T14            0.31896130    0.34340177    0.34340177    0.35366557    0.38040403    0.33429054    0.35760612    0.33381986    0.33381986    0.34285592    0.19349487    0.00000000    0.00805157    0.02028069    0.01210959    0.03064665    0.07631233    0.08796121    0.07239906    0.09517064    0.10187845    0.24781650    0.24781650    0.20062432
T22            0.31255822    0.34396022    0.34396022    0.35425073    0.38103410    0.33827553    0.36178200    0.33778006    0.33778006    0.34699193    0.19374582    0.00805157    0.00000000    0.02029442    0.01212509    0.03488931    0.07640930    0.08809207    0.07252695    0.09532542    0.10202872    0.24820107    0.24820107    0.20085265
T16            0.32188585    0.34643317    0.34643317    0.35060812    0.37602163    0.33729718    0.36070172    0.33682691    0.33682691    0.34588712    0.20723188    0.02028069    0.02029442    0.00000000    0.01619045    0.04120272    0.08308960    0.09488261    0.07917716    0.10218630    0.10895043    0.25358405    0.25358405    0.20876852
T2             0.31314689    0.34453127    0.34453127    0.35484877    0.38167795    0.33878357    0.36234206    0.33827553    0.33827553    0.34756339    0.19679363    0.01210959    0.01212509    0.01619045    0.00000000    0.03492747    0.07651325    0.08823001    0.07266164    0.09548735    0.10218630    0.24859568    0.24859568    0.20109026
T0             0.34351050    0.36845290    0.36845290    0.37916816    0.41098691    0.35505711    0.37918531    0.34839759    0.34736941    0.36661184    0.21870419    0.03064665    0.03488931    0.04120272    0.03492747    0.00000000    0.08772086    0.09963529    0.08383021    0.10459711    0.11627130    0.26294137    0.26294137    0.21442296
T5             0.32777009    0.35981909    0.35981909    0.36661184    0.40557671    0.33636928    0.36434404    0.33592430    0.32992041    0.35093369    0.21236779    0.07631233    0.07640930    0.08308960    0.07651325    0.08772086    0.00000000    0.02439613    0.03488931    0.05189953    0.11838918    0.26212658    0.26212658    0.20831189
T8             0.33918521    0.36040520    0.36040520    0.36350194    0.40627033    0.33682691    0.36489092    0.33636928    0.33036661    0.34787706    0.21264671    0.08796121    0.08809207    0.09488261    0.08823001    0.09963529    0.02439613    0.00000000    0.04349436    0.06074173    0.12600704    0.26252877    0.26252877    0.21417386
T4             0.33157416    0.33438237    0.33438237    0.34453127    0.37851152    0.31850897    0.34839759    0.31806060    0.31896935    0.33278382    0.20270927    0.07239906    0.07252695    0.07917716    0.07266164    0.08383021    0.03488931    0.04349436    0.00000000    0.04355747    0.11951904    0.24285803    0.24285803    0.20133712
T21            0.33258096    0.32980241    0.32980241    0.34340177    0.36973501    0.33036661    0.35813961    0.32650270    0.32738390    0.33778006    0.21581127    0.09517064    0.09532542    0.10218630    0.09548735    0.10459711    0.05189953    0.06074173    0.04355747    0.00000000    0.13890175    0.25358405    0.25358405    0.21158772
T23            0.33819674    0.38439109    0.38439109    0.39543523    0.42815711    0.36661184    0.38998129    0.36857362    0.38103410    0.38485808    0.22782542    0.10187845    0.10202872    0.10895043    0.10218630    0.11627130    0.11838918    0.12600704    0.11951904    0.13890175    0.00000000    0.26336434    0.26336434    0.22331021
T18            0.30679090    0.32191516    0.32191516    0.33177979    0.36489092    0.35868628    0.39192047    0.35560365    0.37287157    0.36782588    0.24510390    0.24781650    0.24820107    0.25358405    0.24859568    0.26294137    0.26212658    0.26252877    0.24285803    0.25358405    0.26336434    0.00000000    0.00401613    0.13495045
T3             0.30679090    0.32191516    0.32191516    0.33177979    0.36489092    0.35868628    0.39192047    0.35560365    0.37287157    0.36782588    0.24510390    0.24781650    0.24820107    0.25358405    0.24859568    0.26294137    0.26212658    0.26252877    0.24285803    0.25358405    0.26336434    0.00401613    0.00000000    0.13495045
T6             0.25668369    0.31176558    0.31176558    0.31468898    0.34242232    0.32534479    0.36914757    0.33429054    0.34031637    0.34483324    0.22415836    0.20062432    0.20085265    0.20876852    0.20109026    0.21442296    0.20831189    0.21417386    0.20133712    0.21158772    0.22331021    0.13495045    0.13495045    0.00000000

