24
T9             0.00000000    0.36791934    0.36399770    0.35915094    0.34884242    0.32921531    0.33518982    0.37460498    0.36834247    0.35781715    0.37839629    0.38092135    0.21382014    0.20614618    0.25139697    0.24869563    0.24869563    0.27626052    0.28591307    0.28635257    0.28310373    0.27195416    0.20837808    0.19852451
T13            0.36791934    0.00000000    0.12893315    0.12634074    0.12400023    0.12649959    0.12893315    0.14822993    0.14116219    0.13383614    0.14593588    0.14593588    0.32731418    0.32777107    0.37384769    0.36350883    0.40161556    0.41271195    0.40158744    0.40210098    0.39831000    0.40487981    0.32777107    0.34106572
T14            0.36399770    0.12893315    0.00000000    0.04559646    0.05206440    0.08060665    0.08060665    0.09867983    0.10384603    0.09685205    0.09887235    0.10338654    0.32480138    0.32527091    0.36846953    0.35461075    0.38865401    0.40739209    0.39338755    0.39776602    0.39394593    0.39179937    0.31258407    0.34280535
T8             0.35915094    0.12634074    0.04559646    0.00000000    0.05413052    0.08273442    0.08273442    0.10085395    0.10598279    0.09897972    0.10102764    0.10556063    0.31713756    0.31755971    0.35684717    0.34677411    0.39394593    0.40221800    0.38115257    0.38534681    0.38164018    0.38435846    0.31170152    0.33500848
T16            0.34884242    0.12400023    0.05206440    0.05413052    0.00000000    0.07825483    0.07373958    0.08946833    0.09921658    0.09226906    0.09177814    0.09626338    0.29451519    0.29487306    0.34332358    0.33685824    0.36126984    0.37629109    0.35996024    0.36394446    0.36038320    0.36938149    0.29238511    0.31520833
T2             0.32921531    0.12649959    0.08060665    0.08273442    0.07825483    0.00000000    0.04541815    0.09418768    0.10146460    0.09449867    0.09186173    0.09634300    0.29562330    0.29601561    0.34539654    0.34585013    0.36632712    0.37420334    0.37577455    0.37999779    0.37629109    0.37527191    0.29683448    0.31379092
T20            0.33518982    0.12893315    0.08060665    0.08273442    0.07373958    0.04541815    0.00000000    0.08724207    0.09909447    0.09215633    0.09418768    0.09867983    0.29811121    0.29849114    0.33159326    0.33199893    0.36173345    0.38429050    0.36485671    0.36895923    0.36533327    0.35815940    0.29276688    0.31300514
T21            0.37460498    0.14822993    0.09867983    0.10085395    0.08946833    0.09418768    0.08724207    0.00000000    0.04559646    0.03919135    0.04756884    0.05182101    0.33722200    0.33770253    0.38639232    0.37210868    0.40373112    0.40045475    0.39556182    0.40373112    0.39989642    0.39781082    0.31713756    0.34148130
T18            0.36834247    0.14116219    0.10384603    0.10598279    0.09921658    0.10146460    0.09909447    0.04559646    0.00000000    0.00602720    0.05433119    0.05859651    0.34171938    0.34223749    0.40161556    0.38693644    0.40221800    0.38749478    0.40430425    0.41271195    0.40878678    0.40646412    0.32575258    0.34937381
T1             0.35781715    0.13383614    0.09685205    0.09897972    0.09226906    0.09449867    0.09215633    0.03919135    0.00602720    0.00000000    0.04783165    0.05206440    0.33170294    0.33219642    0.39071321    0.37629109    0.39128590    0.37682151    0.39338755    0.40161556    0.39776602    0.39556182    0.31596476    0.33931857
T12            0.37839629    0.14593588    0.09887235    0.10102764    0.09177814    0.09186173    0.09418768    0.04756884    0.05433119    0.04783165    0.00000000    0.00804438    0.33722200    0.33770253    0.38908116    0.38586243    0.41666821    0.40549501    0.39935283    0.40759550    0.40373112    0.40158744    0.32824024    0.35197851
T15            0.38092135    0.14593588    0.10338654    0.10556063    0.09626338    0.09634300    0.09867983    0.05182101    0.05859651    0.05206440    0.00804438    0.00000000    0.34072105    0.34121390    0.39284365    0.38961082    0.41666821    0.40549501    0.40592096    0.41422294    0.41032846    0.40539284    0.33170294    0.36270113
T10            0.21382014    0.32731418    0.32480138    0.31713756    0.29451519    0.29562330    0.29811121    0.33722200    0.34171938    0.33170294    0.33722200    0.34072105    0.00000000    0.02028056    0.20641764    0.20666988    0.19877167    0.20693144    0.24667975    0.24703254    0.24400063    0.24332347    0.15743432    0.17222842
T22            0.20614618    0.32777107    0.32527091    0.31755971    0.29487306    0.29601561    0.29849114    0.33770253    0.34223749    0.33219642    0.33770253    0.34121390    0.02028056    0.00000000    0.20385976    0.20411337    0.19347017    0.20156609    0.25315214    0.25353383    0.25045518    0.24972088    0.16556145    0.16712997
T7             0.25139697    0.37384769    0.36846953    0.35684717    0.34332358    0.34539654    0.33159326    0.38639232    0.40161556    0.39071321    0.38908116    0.39284365    0.20641764    0.20385976    0.00000000    0.06089566    0.26199053    0.28106845    0.29641934    0.29683448    0.29356445    0.27997927    0.20617475    0.22482984
T3             0.24869563    0.36350883    0.35461075    0.34677411    0.33685824    0.34585013    0.33199893    0.37210868    0.38693644    0.37629109    0.38586243    0.38961082    0.20666988    0.20411337    0.06089566    0.00000000    0.25620530    0.26882743    0.30101233    0.30481937    0.30147258    0.29072084    0.20641764    0.21087033
T6             0.24869563    0.40161556    0.38865401    0.39394593    0.36126984    0.36632712    0.36173345    0.40373112    0.40221800    0.39128590    0.41666821    0.41666821    0.19877167    0.19347017    0.26199053    0.25620530    0.00000000    0.12730759    0.23144777    0.23766593    0.23469713    0.23115952    0.14947948    0.16379943
T23            0.27626052    0.41271195    0.40739209    0.40221800    0.37629109    0.37420334    0.38429050    0.40045475    0.38749478    0.37682151    0.40549501    0.40549501    0.20693144    0.20156609    0.28106845    0.26882743    0.12730759    0.00000000    0.24133150    0.24098702    0.23799149    0.24332347    0.14709494    0.15364866
T19            0.28591307    0.40158744    0.39338755    0.38115257    0.35996024    0.37577455    0.36485671    0.39556182    0.40430425    0.39338755    0.39935283    0.40592096    0.24667975    0.25315214    0.29641934    0.30101233    0.23144777    0.24133150    0.00000000    0.01829808    0.01623188    0.04783165    0.17780063    0.19299752
T17            0.28635257    0.40210098    0.39776602    0.38534681    0.36394446    0.37999779    0.36895923    0.40373112    0.41271195    0.40161556    0.40759550    0.41422294    0.24703254    0.25353383    0.29683448    0.30481937    0.23766593    0.24098702    0.01829808    0.00000000    0.00200402    0.04128573    0.17803208    0.19322932
T5             0.28310373    0.39831000    0.39394593    0.38164018    0.36038320    0.37629109    0.36533327    0.39989642    0.40878678    0.39776602    0.40373112    0.41032846    0.24400063    0.25045518    0.29356445    0.30147258    0.23469713    0.23799149    0.01623188    0.00200402    0.00000000    0.03914424    0.17533569    0.19048104
T4             0.27195416    0.40487981    0.39179937    0.38435846    0.36938149    0.37527191    0.35815940    0.39781082    0.40646412    0.39556182    0.40158744    0.40539284    0.24332347    0.24972088    0.27997927    0.29072084    0.23115952    0.24332347    0.04783165    0.04128573    0.03914424    0.00000000    0.17222842    0.19048104
T11            0.20837808    0.32777107    0.31258407    0.31170152    0.29238511    0.29683448    0.29276688    0.31713756    0.32575258    0.31596476    0.32824024    0.33170294    0.15743432    0.16556145    0.20617475    0.20641764    0.14947948    0.14709494    0.17780063    0.17803208    0.17533569    0.17222842    0.00000000    0.10575664
T0             0.19852451    0.34106572    0.34280535    0.33500848    0.31520833    0.31379092    0.31300514    0.34148130    0.34937381    0.33931857    0.35197851    0.36270113    0.17222842    0.16712997    0.22482984    0.21087033    0.16379943    0.15364866    0.19299752    0.19322932    0.19048104    0.19048104    0.10575664    0.00000000

