24
T22            0.00000000    0.48539446    0.47376885    0.50755649    0.51509439    0.51852244    0.37933374    0.38311871    0.38077760    0.36653928    0.36706209    0.35773224    0.36136534    0.36502514    0.37334924    0.37651335    0.40318394    0.40063828    0.35881832    0.20600078    0.17911923    0.17929809    0.07614431    0.11032738
T14            0.48539446    0.00000000    0.02029472    0.10094918    0.10330348    0.09429675    0.33436376    0.34122870    0.33700682    0.31400315    0.33967834    0.32460245    0.32126211    0.33215869    0.31829596    0.33059457    0.32362701    0.32703628    0.32703628    0.44545850    0.41448865    0.41903328    0.45455199    0.47299707
T1             0.47376885    0.02029472    0.00000000    0.09899446    0.10136005    0.09240441    0.32835118    0.33516930    0.33778440    0.31794403    0.34733975    0.33215869    0.32874962    0.33301694    0.32576317    0.33135115    0.32451422    0.32794710    0.33839010    0.44686506    0.41965963    0.42431467    0.45606321    0.47896149
T10            0.50755649    0.10094918    0.09899446    0.00000000    0.01823265    0.11501629    0.35129003    0.36169372    0.36099303    0.34081304    0.36381619    0.34819288    0.34478441    0.34887960    0.34852946    0.34756057    0.33663752    0.34004629    0.36458454    0.46516805    0.43760593    0.44630891    0.48019703    0.51763595
T20            0.51509439    0.10330348    0.10136005    0.01823265    0.00000000    0.11261664    0.36875230    0.37231949    0.37154340    0.35096894    0.37436625    0.35856061    0.35508065    0.35932012    0.35893346    0.35785651    0.34693467    0.35041493    0.36819087    0.48089945    0.45267741    0.46161728    0.49191018    0.52057106
T0             0.51852244    0.09429675    0.09240441    0.11501629    0.11261664    0.00000000    0.36056261    0.35702048    0.35271125    0.33257543    0.35620357    0.34775808    0.33738913    0.34775808    0.34818963    0.35041493    0.34252826    0.34863436    0.36393881    0.46793510    0.44824707    0.45310780    0.49240993    0.52895015
T12            0.37933374    0.33436376    0.32835118    0.35129003    0.36875230    0.36056261    0.00000000    0.02236537    0.09240441    0.08994562    0.11123308    0.09756455    0.09045028    0.08838532    0.13715012    0.13449050    0.14575817    0.14835174    0.13551696    0.36176450    0.32497625    0.32297885    0.34192036    0.36871206
T17            0.38311871    0.34122870    0.33516930    0.36169372    0.37231949    0.35702048    0.02236537    0.00000000    0.09475890    0.08994562    0.11123308    0.09756455    0.09045028    0.08838532    0.14220532    0.13950743    0.14835174    0.15095889    0.13805758    0.36549325    0.32842105    0.32643578    0.35266389    0.37242648
T11            0.38077760    0.33700682    0.33778440    0.36099303    0.37154340    0.35271125    0.09240441    0.09475890    0.00000000    0.04110866    0.08733228    0.06952729    0.06728418    0.06296831    0.11962951    0.11953079    0.11779987    0.12024077    0.10599985    0.35938118    0.31729213    0.31522180    0.34345933    0.37388554
T16            0.36653928    0.31400315    0.31794403    0.34081304    0.35096894    0.33257543    0.08994562    0.08994562    0.04110866    0.00000000    0.08495666    0.06721437    0.06498634    0.06067659    0.11234926    0.10991040    0.11524496    0.11766802    0.10330348    0.34192036    0.30112490    0.29902303    0.32659947    0.35979613
T18            0.36706209    0.33967834    0.34733975    0.36381619    0.37436625    0.35620357    0.11123308    0.11123308    0.08733228    0.08495666    0.00000000    0.03069941    0.02859819    0.05841144    0.13161435    0.13644366    0.13480080    0.13731564    0.11779987    0.34394419    0.30655332    0.29787150    0.33904768    0.36192812
T9             0.35773224    0.32460245    0.33215869    0.34819288    0.35856061    0.34775808    0.09756455    0.09756455    0.06952729    0.06721437    0.03069941    0.00000000    0.01010181    0.04128851    0.11512676    0.11985057    0.11824159    0.12070066    0.10373693    0.34656096    0.30851758    0.30648619    0.33439892    0.35004742
T19            0.36136534    0.32126211    0.32874962    0.34478441    0.35508065    0.33738913    0.09045028    0.09045028    0.06728418    0.06498634    0.02859819    0.01010181    0.00000000    0.03914663    0.11272129    0.11742757    0.11579460    0.11824159    0.10136005    0.34656096    0.30519903    0.30315640    0.33093021    0.35361536
T4             0.36502514    0.33215869    0.33301694    0.34887960    0.35932012    0.34775808    0.08838532    0.08838532    0.06296831    0.06067659    0.05841144    0.04128851    0.03914663    0.00000000    0.10815419    0.10804575    0.10639840    0.10880987    0.10399855    0.34050865    0.29943010    0.29741285    0.33188987    0.35464872
T21            0.37334924    0.31829596    0.32576317    0.34852946    0.35893346    0.34818963    0.13715012    0.14220532    0.11962951    0.11234926    0.13161435    0.11512676    0.11272129    0.10815419    0.00000000    0.03900777    0.08089704    0.08320248    0.08267250    0.35105490    0.30479347    0.30519903    0.33995414    0.36653928
T15            0.37651335    0.33059457    0.33135115    0.34756057    0.35785651    0.35041493    0.13449050    0.13950743    0.11953079    0.10991040    0.13644366    0.11985057    0.11742757    0.10804575    0.03900777    0.00000000    0.08079615    0.08309625    0.08947768    0.36136534    0.32024093    0.32066678    0.35004742    0.37704956
T13            0.40318394    0.32362701    0.32451422    0.33663752    0.34693467    0.34252826    0.14575817    0.14835174    0.11779987    0.11524496    0.13480080    0.11824159    0.11579460    0.10639840    0.08089704    0.08079615    0.00000000    0.01006876    0.10188994    0.37237747    0.33695296    0.33750120    0.36797604    0.39209027
T6             0.40063828    0.32703628    0.32794710    0.34004629    0.35041493    0.34863436    0.14835174    0.15095889    0.12024077    0.11766802    0.13731564    0.12070066    0.11824159    0.10880987    0.08320248    0.08309625    0.01006876    0.00000000    0.10428984    0.37237747    0.33695296    0.33750120    0.36549325    0.38955731
T23            0.35881832    0.32703628    0.33839010    0.36458454    0.36819087    0.36393881    0.13551696    0.13805758    0.10599985    0.10330348    0.11779987    0.10373693    0.10136005    0.10399855    0.08267250    0.08947768    0.10188994    0.10428984    0.00000000    0.35133069    0.30359765    0.30405050    0.32842105    0.35211455
T3             0.20600078    0.44545850    0.44686506    0.46516805    0.48089945    0.46793510    0.36176450    0.36549325    0.35938118    0.34192036    0.34394419    0.34656096    0.34656096    0.34050865    0.35105490    0.36136534    0.37237747    0.37237747    0.35133069    0.00000000    0.09878528    0.09675018    0.18507984    0.23095937
T7             0.17911923    0.41448865    0.41965963    0.43760593    0.45267741    0.44824707    0.32497625    0.32842105    0.31729213    0.30112490    0.30655332    0.30851758    0.30519903    0.29943010    0.30479347    0.32024093    0.33695296    0.33695296    0.30359765    0.09878528    0.00000000    0.01210036    0.14872867    0.18662379
T8             0.17929809    0.41903328    0.42431467    0.44630891    0.46161728    0.45310780    0.32297885    0.32643578    0.31522180    0.29902303    0.29787150    0.30648619    0.30315640    0.29741285    0.30519903    0.32066678    0.33750120    0.33750120    0.30405050    0.09675018    0.01210036    0.00000000    0.15397572    0.19220871
T5             0.07614431    0.45455199    0.45606321    0.48019703    0.49191018    0.49240993    0.34192036    0.35266389    0.34345933    0.32659947    0.33904768    0.33439892    0.33093021    0.33188987    0.33995414    0.35004742    0.36797604    0.36549325    0.32842105    0.18507984    0.14872867    0.15397572    0.00000000    0.04973172
T2             0.11032738    0.47299707    0.47896149    0.51763595    0.52057106    0.52895015    0.36871206    0.37242648    0.37388554    0.35979613    0.36192812    0.35004742    0.35361536    0.35464872    0.36653928    0.37704956    0.39209027    0.38955731    0.35211455    0.23095937    0.18662379    0.19220871    0.04973172    0.00000000

