24
T7             0.00000000    0.33376799    0.40944768    0.17963973    0.14366373    0.17116219    0.14645088    0.16247473    0.15704461    0.17265766    0.18571552    0.15743772    0.17557293    0.15686056    0.15004822    0.18621486    0.17581466    0.17489948    0.17244036    0.19903311    0.18298946    0.11053204    0.08298733    0.08289602
T18            0.33376799    0.00000000    0.10837703    0.37593789    0.36116135    0.38430776    0.36836493    0.38677554    0.38359281    0.38412218    0.39571923    0.36712830    0.39640694    0.35783802    0.35111372    0.38677554    0.37658779    0.37907399    0.37974207    0.40813405    0.41470702    0.32095200    0.32873599    0.32481435
T22            0.40944768    0.10837703    0.00000000    0.43554117    0.42067812    0.44726870    0.42752254    0.44765783    0.44421322    0.45891202    0.46595286    0.43844228    0.46679730    0.42826696    0.42081912    0.45625401    0.44502780    0.43920719    0.43998794    0.48957077    0.47127394    0.39959288    0.39572750    0.39130384
T20            0.17963973    0.37593789    0.43554117    0.00000000    0.06081465    0.07387385    0.12008330    0.14273132    0.13529598    0.23381198    0.24269317    0.23534816    0.24740480    0.22039174    0.22418941    0.25316191    0.24704145    0.23735711    0.23767319    0.27349297    0.25549768    0.21725055    0.18254034    0.18775152
T14            0.14366373    0.36116135    0.42067812    0.06081465    0.00000000    0.03919160    0.10586708    0.12298074    0.11577334    0.20617887    0.21520220    0.20693671    0.21837200    0.19552683    0.19624619    0.22911785    0.22096917    0.22328353    0.22649302    0.25858624    0.24099513    0.18983835    0.15110466    0.15606648
T16            0.17116219    0.38430776    0.44726870    0.07387385    0.03919160    0.00000000    0.12703839    0.14472120    0.13728785    0.22483396    0.23409940    0.22272783    0.22561959    0.20829221    0.21181555    0.24537629    0.23705099    0.23942029    0.24269317    0.26919214    0.25140421    0.20572047    0.17626590    0.17875289
T11            0.14645088    0.36836493    0.42752254    0.12008330    0.10586708    0.12703839    0.00000000    0.02238903    0.01620804    0.21181555    0.22619216    0.19624619    0.21033901    0.18503292    0.18571552    0.21807736    0.20438159    0.21234351    0.21548853    0.25316191    0.24099513    0.19530529    0.16170087    0.16675250
T13            0.16247473    0.38677554    0.44765783    0.14273132    0.12298074    0.14472120    0.02238903    0.00000000    0.01829817    0.21207481    0.22942731    0.21126052    0.22589051    0.20977107    0.20552651    0.23007541    0.21320595    0.23534816    0.23868094    0.26923105    0.25664231    0.21290910    0.17827688    0.18347380
T17            0.15704461    0.38359281    0.44421322    0.13529598    0.11577334    0.13728785    0.01620804    0.01829817    0.00000000    0.21520220    0.23270692    0.20807713    0.22257953    0.20157115    0.19733211    0.23041399    0.21640400    0.22387784    0.22712373    0.26648573    0.25393648    0.20693671    0.17265766    0.17780467
T1             0.17265766    0.38412218    0.45891202    0.23381198    0.20617887    0.22483396    0.21181555    0.21207481    0.21520220    0.00000000    0.05419111    0.18372911    0.19425237    0.17803644    0.17116855    0.21158617    0.20361409    0.19121272    0.18870937    0.27946859    0.26131385    0.20667477    0.18005658    0.18525157
T2             0.18571552    0.39571923    0.46595286    0.24269317    0.21520220    0.23409940    0.22619216    0.22942731    0.23270692    0.05419111    0.00000000    0.19762607    0.20838528    0.19174254    0.18483743    0.22033815    0.21518233    0.21382763    0.21126052    0.28681651    0.26837870    0.22039174    0.19323355    0.19852893
T6             0.15743772    0.36712830    0.43844228    0.23534816    0.20693671    0.22272783    0.19624619    0.21126052    0.20807713    0.18372911    0.19762607    0.00000000    0.02857245    0.03270380    0.02233509    0.05840736    0.05194717    0.13197812    0.12963978    0.24033513    0.22619216    0.18797760    0.16733622    0.16713309
T0             0.17557293    0.39640694    0.46679730    0.24740480    0.21837200    0.22561959    0.21033901    0.22589051    0.22257953    0.19425237    0.20838528    0.02857245    0.00000000    0.04535420    0.03483203    0.07613667    0.06952049    0.14421888    0.14184569    0.25173523    0.23735711    0.19852893    0.17489948    0.17469233
T23            0.15686056    0.35783802    0.42826696    0.22039174    0.19552683    0.20829221    0.18503292    0.20977107    0.20157115    0.17803644    0.19174254    0.03270380    0.04535420    0.00000000    0.01822288    0.06055581    0.05846380    0.12471222    0.12239388    0.24601194    0.22881813    0.17925826    0.16413371    0.15910251
T9             0.15004822    0.35111372    0.42081912    0.22418941    0.19624619    0.21181555    0.18571552    0.20552651    0.19733211    0.17116855    0.18483743    0.02233509    0.03483203    0.01822288    0.00000000    0.05425809    0.04783209    0.12267184    0.12036470    0.23568500    0.22158482    0.17758160    0.15723700    0.15704461
T4             0.18621486    0.38677554    0.45625401    0.25316191    0.22911785    0.24537629    0.21807736    0.23007541    0.23041399    0.21158617    0.22033815    0.05840736    0.07613667    0.06055581    0.05425809    0.00000000    0.02660402    0.15984900    0.15743772    0.27390234    0.26208464    0.21234351    0.19096119    0.19071861
T8             0.17581466    0.37658779    0.44502780    0.24704145    0.22096917    0.23705099    0.20438159    0.21320595    0.21640400    0.20361409    0.21518233    0.05194717    0.06952049    0.05846380    0.04783209    0.02660402    0.00000000    0.14727967    0.14490487    0.25586896    0.24436323    0.20157115    0.18050859    0.18027821
T15            0.17489948    0.37907399    0.43920719    0.23735711    0.22328353    0.23942029    0.21234351    0.23534816    0.22387784    0.19121272    0.21382763    0.13197812    0.14421888    0.12471222    0.12267184    0.15984900    0.14727967    0.00000000    0.00602720    0.27309429    0.26131385    0.20106968    0.18232904    0.18212663
T21            0.17244036    0.37974207    0.43998794    0.23767319    0.22649302    0.24269317    0.21548853    0.23868094    0.22712373    0.18870937    0.21126052    0.12963978    0.14184569    0.12239388    0.12036470    0.15743772    0.14490487    0.00602720    0.00000000    0.26405187    0.25242810    0.19852893    0.17716165    0.17696483
T19            0.19903311    0.40813405    0.48957077    0.27349297    0.25858624    0.26919214    0.25316191    0.26923105    0.26648573    0.27946859    0.28681651    0.24033513    0.25173523    0.24601194    0.23568500    0.27390234    0.25586896    0.27309429    0.26405187    0.00000000    0.03284798    0.19978769    0.19004485    0.19256434
T12            0.18298946    0.41470702    0.47127394    0.25549768    0.24099513    0.25140421    0.24099513    0.25664231    0.25393648    0.26131385    0.26837870    0.22619216    0.23735711    0.22881813    0.22158482    0.26208464    0.24436323    0.26131385    0.25242810    0.03284798    0.00000000    0.18927350    0.17430419    0.17677682
T5             0.11053204    0.32095200    0.39959288    0.21725055    0.18983835    0.20572047    0.19530529    0.21290910    0.20693671    0.20667477    0.22039174    0.18797760    0.19852893    0.17925826    0.17758160    0.21234351    0.20157115    0.20106968    0.19852893    0.19978769    0.18927350    0.00000000    0.10803147    0.10556124
T10            0.08298733    0.32873599    0.39572750    0.18254034    0.15110466    0.17626590    0.16170087    0.17827688    0.17265766    0.18005658    0.19323355    0.16733622    0.17489948    0.16413371    0.15723700    0.19096119    0.18050859    0.18232904    0.17716165    0.19004485    0.17430419    0.10803147    0.00000000    0.01212498
T3             0.08289602    0.32481435    0.39130384    0.18775152    0.15606648    0.17875289    0.16675250    0.18347380    0.17780467    0.18525157    0.19852893    0.16713309    0.17469233    0.15910251    0.15704461    0.19071861    0.18027821    0.18212663    0.17696483    0.19256434    0.17677682    0.10556124    0.01212498    0.00000000

