24
T21            0.00000000    0.47506626    0.52667855    0.54215341    0.51528002    0.45853451    0.48746839    0.48746839    0.49753528    0.49753528    0.52209512    0.51151898    0.51151898    0.51151898    0.48478996    0.49019891    0.51350825    0.48930340    0.48117177    0.52005239    0.47866037    0.38435442    0.40168521    0.37742726
T9             0.47506626    0.00000000    0.14948846    0.22069030    0.19987024    0.16714117    0.15365635    0.16106997    0.18213595    0.18213595    0.19005507    0.18483286    0.18483286    0.19301214    0.16380851    0.16658278    0.17985302    0.16153581    0.15652439    0.18504273    0.44348224    0.34090610    0.33574734    0.32384579
T0             0.52667855    0.14948846    0.00000000    0.24302481    0.21065089    0.17964885    0.17117009    0.17612173    0.20039803    0.20039803    0.20573235    0.20316977    0.20316977    0.21157861    0.18694673    0.18444003    0.19807256    0.16610216    0.17117009    0.19785245    0.47757115    0.35556988    0.36485715    0.35250023
T2             0.54215341    0.22069030    0.24302481    0.00000000    0.10146899    0.18427695    0.15946624    0.16694644    0.19122383    0.19399571    0.19373628    0.19399571    0.19399571    0.19958609    0.18323739    0.18075769    0.19454150    0.15744517    0.15985659    0.20616795    0.49488752    0.38551622    0.38379466    0.35654996
T6             0.51528002    0.19987024    0.21065089    0.10146899    0.00000000    0.15908255    0.14530302    0.15264709    0.17660160    0.17933561    0.18180198    0.17933561    0.17933561    0.18762871    0.16874240    0.16631505    0.17991159    0.14551101    0.14273766    0.18237602    0.46086212    0.34639941    0.35195508    0.33524036
T4             0.45853451    0.16714117    0.17964885    0.18427695    0.15908255    0.00000000    0.09673937    0.10360556    0.12052130    0.12546160    0.13278164    0.12546160    0.12546160    0.13296501    0.11577740    0.11349298    0.12084897    0.09239301    0.09462095    0.12563390    0.44117986    0.33927282    0.34126520    0.31894350
T8             0.48746839    0.15365635    0.17117009    0.15946624    0.14530302    0.09673937    0.00000000    0.01413388    0.05419196    0.05639014    0.06743867    0.05639014    0.05639014    0.06081577    0.04988187    0.04776694    0.05875836    0.06926616    0.07368485    0.10103110    0.45038526    0.33980475    0.34177196    0.32531792
T20            0.48746839    0.16106997    0.17612173    0.16694644    0.15264709    0.10360556    0.01413388    0.00000000    0.06067262    0.06289032    0.07403754    0.06289032    0.06289032    0.06735551    0.05632498    0.05419196    0.06528100    0.07587809    0.08033625    0.10793452    0.45898494    0.34695694    0.34889845    0.32877023
T22            0.49753528    0.18213595    0.20039803    0.19122383    0.17660160    0.12052130    0.05419196    0.06067262    0.00000000    0.00603637    0.02037314    0.01010157    0.01010157    0.01626216    0.02238918    0.02034062    0.03082416    0.09652791    0.10112940    0.12731391    0.47313783    0.36287901    0.36485715    0.34077111
T15            0.49753528    0.18213595    0.20039803    0.19399571    0.17933561    0.12546160    0.05639014    0.06289032    0.00603637    0.00000000    0.02245665    0.01214666    0.01214666    0.01833270    0.02447267    0.02241978    0.03294756    0.09652791    0.10112940    0.12979012    0.47313783    0.36287901    0.36485715    0.33379420
T23            0.52209512    0.19005507    0.20573235    0.19373628    0.18180198    0.13278164    0.06743867    0.07403754    0.02037314    0.02245665    0.00000000    0.01829830    0.01829830    0.02454890    0.03497169    0.03289474    0.04362627    0.10112940    0.10339026    0.13712893    0.46957418    0.36346425    0.36541612    0.33775221
T16            0.51151898    0.18483286    0.20316977    0.19399571    0.17933561    0.12546160    0.05639014    0.06289032    0.01010157    0.01214666    0.01829830    0.00000000    0.00000000    0.00603637    0.02447267    0.02241978    0.03294756    0.09887599    0.10349417    0.12979012    0.46874356    0.37404746    0.37598384    0.34429649
T17            0.51151898    0.18483286    0.20316977    0.19399571    0.17933561    0.12546160    0.05639014    0.06289032    0.01010157    0.01214666    0.01829830    0.00000000    0.00000000    0.00603637    0.02447267    0.02241978    0.03294756    0.09887599    0.10349417    0.12979012    0.46874356    0.37404746    0.37598384    0.34429649
T3             0.51151898    0.19301214    0.21157861    0.19958609    0.18762871    0.13296501    0.06081577    0.06735551    0.01626216    0.01833270    0.02454890    0.00603637    0.00603637    0.00000000    0.03077586    0.02870975    0.03937252    0.10598727    0.11065645    0.13729337    0.47757115    0.38163444    0.38354191    0.35142287
T1             0.48478996    0.16380851    0.18694673    0.18323739    0.16874240    0.11577740    0.04988187    0.05632498    0.02238918    0.02447267    0.03497169    0.02447267    0.02447267    0.03077586    0.00000000    0.00602721    0.01623204    0.08963496    0.09419083    0.12008735    0.45656247    0.34889845    0.35090361    0.32735923
T14            0.49019891    0.16658278    0.18444003    0.18075769    0.16631505    0.11349298    0.04776694    0.05419196    0.02034062    0.02241978    0.03289474    0.02241978    0.02241978    0.02870975    0.00602721    0.00000000    0.01420016    0.08741254    0.09195575    0.11778438    0.46167160    0.35305830    0.35502460    0.33126952
T12            0.51350825    0.17985302    0.19807256    0.19454150    0.17991159    0.12084897    0.05875836    0.06528100    0.03082416    0.03294756    0.04362627    0.03294756    0.03294756    0.03937252    0.01623204    0.01420016    0.00000000    0.09909858    0.10372442    0.13010504    0.47485534    0.37153616    0.37343385    0.34889845
T10            0.48930340    0.16153581    0.16610216    0.15744517    0.14551101    0.09239301    0.06926616    0.07587809    0.09652791    0.09652791    0.10112940    0.09887599    0.09887599    0.10598727    0.08963496    0.08741254    0.09909858    0.00000000    0.01210026    0.08078835    0.45229957    0.34532248    0.34734050    0.32143041
T5             0.48117177    0.15652439    0.17117009    0.15985659    0.14273766    0.09462095    0.07368485    0.08033625    0.10112940    0.10112940    0.10339026    0.10349417    0.10349417    0.11065645    0.09419083    0.09195575    0.10372442    0.01210026    0.00000000    0.08298929    0.45307208    0.34585459    0.34784696    0.32188934
T13            0.52005239    0.18504273    0.19785245    0.20616795    0.18237602    0.12563390    0.10103110    0.10793452    0.12731391    0.12979012    0.13712893    0.12979012    0.12979012    0.13729337    0.12008735    0.11778438    0.13010504    0.08078835    0.08298929    0.00000000    0.46519914    0.35978274    0.35556988    0.34229137
T19            0.47866037    0.44348224    0.47757115    0.49488752    0.46086212    0.44117986    0.45038526    0.45898494    0.47313783    0.47313783    0.46957418    0.46874356    0.46874356    0.47757115    0.45656247    0.46167160    0.47485534    0.45229957    0.45307208    0.46519914    0.00000000    0.19148451    0.19399571    0.17312728
T18            0.38435442    0.34090610    0.35556988    0.38551622    0.34639941    0.33927282    0.33980475    0.34695694    0.36287901    0.36287901    0.36346425    0.37404746    0.37404746    0.38163444    0.34889845    0.35305830    0.37153616    0.34532248    0.34585459    0.35978274    0.19148451    0.00000000    0.03069839    0.07195440
T7             0.40168521    0.33574734    0.36485715    0.38379466    0.35195508    0.34126520    0.34177196    0.34889845    0.36485715    0.36485715    0.36541612    0.37598384    0.37598384    0.38354191    0.35090361    0.35502460    0.37343385    0.34734050    0.34784696    0.35556988    0.19399571    0.03069839    0.00000000    0.07412913
T11            0.37742726    0.32384579    0.35250023    0.35654996    0.33524036    0.31894350    0.32531792    0.32877023    0.34077111    0.33379420    0.33775221    0.34429649    0.34429649    0.35142287    0.32735923    0.33126952    0.34889845    0.32143041    0.32188934    0.34229137    0.17312728    0.07195440    0.07412913    0.00000000

