24
T9             0.00000000    0.29768447    0.33817667    0.32970325    0.33022124    0.30463594    0.30060922    0.29847652    0.31126206    0.29968548    0.29640505    0.58786894    0.55421261    0.19173110    0.20521344    0.20013764    0.25743405    0.24204090    0.26519937    0.22291303    0.20934925    0.20613941    0.21516568    0.18730681
T11            0.29768447    0.00000000    0.12007961    0.10850393    0.10864147    0.10338491    0.10085232    0.09859320    0.10792890    0.09909301    0.09673415    0.38089683    0.34329190    0.22412577    0.24152493    0.24448464    0.28810794    0.27247486    0.32092336    0.24476626    0.23379773    0.23060417    0.23674005    0.23087265
T17            0.33817667    0.12007961    0.00000000    0.06067066    0.06073870    0.12214369    0.11951273    0.11961049    0.12924704    0.11293326    0.10813627    0.45186834    0.40101082    0.25234045    0.27929570    0.27369395    0.32940291    0.31261386    0.35032433    0.26719711    0.25892930    0.25561140    0.26197937    0.26504817
T7             0.32970325    0.10850393    0.06067066    0.00000000    0.00401105    0.11052901    0.10792890    0.10802879    0.11293326    0.10623718    0.10146307    0.43651294    0.39849896    0.24152493    0.26504817    0.27194224    0.32092336    0.30424619    0.34170002    0.26229486    0.25714835    0.25377917    0.26021720    0.25409825
T16            0.33022124    0.10864147    0.06073870    0.00401105    0.00000000    0.11064979    0.10802879    0.10813627    0.11764607    0.10159080    0.10159080    0.44152953    0.39924224    0.24179774    0.26537313    0.26605510    0.32136904    0.30463594    0.33868223    0.25955216    0.25442770    0.25106665    0.25748716    0.25138687
T15            0.30463594    0.10338491    0.12214369    0.11052901    0.11064979    0.00000000    0.01617882    0.03271235    0.04114407    0.07169239    0.06720760    0.41530683    0.36222447    0.23495191    0.25807463    0.25863377    0.31298875    0.29669270    0.32302787    0.26138040    0.25317226    0.25288448    0.25923544    0.25317226
T2             0.30060922    0.10085232    0.11951273    0.10792890    0.10802879    0.01617882    0.00000000    0.02853684    0.03690658    0.06931734    0.06487248    0.42197141    0.37216057    0.23166624    0.25160367    0.24962097    0.30897072    0.29288473    0.32222326    0.25781110    0.24962097    0.24936313    0.25561140    0.24962097
T8             0.29847652    0.09859320    0.11961049    0.10802879    0.10813627    0.03271235    0.02853684    0.00000000    0.01210020    0.06937766    0.06492288    0.40671669    0.36533272    0.22941128    0.25234045    0.25288448    0.29381958    0.28119502    0.31418552    0.25561140    0.24746200    0.24718180    0.25347050    0.24746200
T4             0.31126206    0.10792890    0.12924704    0.11293326    0.11764607    0.04114407    0.03690658    0.01210020    0.00000000    0.07832751    0.07380211    0.41795202    0.37589460    0.24076794    0.26413774    0.26473393    0.30968673    0.29349633    0.32729645    0.26749923    0.25923544    0.25892930    0.26537313    0.25923544
T19            0.29968548    0.09909301    0.11293326    0.10623718    0.10159080    0.07169239    0.06931734    0.06937766    0.07832751    0.00000000    0.01620796    0.41817082    0.37208182    0.23884676    0.25619465    0.25075676    0.30463594    0.28844531    0.31460838    0.25650207    0.25138687    0.24805335    0.25442770    0.24836444
T21            0.29640505    0.09673415    0.10813627    0.10146307    0.10159080    0.06720760    0.06487248    0.06492288    0.07380211    0.01620796    0.00000000    0.41411872    0.36831958    0.23299660    0.25016805    0.25075676    0.29809657    0.28211321    0.29886801    0.24746200    0.24237390    0.23912101    0.24536019    0.23940537
T20            0.58786894    0.38089683    0.45186834    0.43651294    0.44152953    0.41530683    0.42197141    0.40671669    0.41795202    0.41817082    0.41411872    0.00000000    0.18150652    0.51332081    0.52510038    0.52294769    0.59619727    0.57995696    0.62449608    0.51037471    0.49460644    0.48639589    0.49003539    0.49921970
T12            0.55421261    0.34329190    0.40101082    0.39849896    0.39924224    0.36222447    0.37216057    0.36533272    0.37589460    0.37208182    0.36831958    0.18150652    0.00000000    0.42532647    0.44759076    0.44759076    0.51708720    0.49369281    0.55421261    0.46672443    0.44334951    0.43838042    0.44759076    0.43914397
T23            0.19173110    0.22412577    0.25234045    0.24152493    0.24179774    0.23495191    0.23166624    0.22941128    0.24076794    0.23884676    0.23299660    0.51332081    0.42532647    0.00000000    0.08539357    0.08099182    0.10348860    0.09177683    0.18796806    0.12730513    0.11064979    0.11293326    0.11548160    0.10134270
T1             0.20521344    0.24152493    0.27929570    0.26504817    0.26537313    0.25807463    0.25160367    0.25234045    0.26413774    0.25619465    0.25016805    0.52510038    0.44759076    0.08539357    0.00000000    0.02653146    0.12528776    0.11305985    0.20130480    0.15004148    0.13529031    0.13763466    0.14036772    0.12067231
T14            0.20013764    0.24448464    0.27369395    0.27194224    0.26605510    0.25863377    0.24962097    0.25288448    0.26473393    0.25075676    0.25075676    0.52294769    0.44759076    0.08099182    0.02653146    0.00000000    0.12067231    0.10850393    0.19346435    0.14272500    0.12811824    0.13044066    0.13314458    0.11854482
T5             0.25743405    0.28810794    0.32940291    0.32092336    0.32136904    0.31298875    0.30897072    0.29381958    0.30968673    0.30463594    0.29809657    0.59619727    0.51708720    0.10348860    0.12528776    0.12067231    0.00000000    0.01419996    0.25511765    0.17243222    0.16246714    0.16489360    0.16775968    0.15242949
T13            0.24204090    0.27247486    0.31261386    0.30424619    0.30463594    0.29669270    0.29288473    0.28119502    0.29349633    0.28844531    0.28211321    0.57995696    0.49369281    0.09177683    0.11305985    0.10850393    0.01419996    0.00000000    0.24000429    0.16449339    0.15463202    0.15703797    0.15984175    0.14471535
T10            0.26519937    0.32092336    0.35032433    0.34170002    0.33868223    0.32302787    0.32222326    0.31418552    0.32729645    0.31460838    0.29886801    0.62449608    0.55421261    0.18796806    0.20130480    0.19346435    0.25511765    0.24000429    0.00000000    0.17287477    0.15763925    0.16004904    0.16290392    0.14253206
T0             0.22291303    0.24476626    0.26719711    0.26229486    0.25955216    0.26138040    0.25781110    0.25561140    0.26749923    0.25650207    0.24746200    0.51037471    0.46672443    0.12730513    0.15004148    0.14272500    0.17243222    0.16449339    0.17287477    0.00000000    0.02656445    0.02862799    0.03077521    0.04349253
T18            0.20934925    0.23379773    0.25892930    0.25714835    0.25442770    0.25317226    0.24962097    0.24746200    0.25923544    0.25138687    0.24237390    0.49460644    0.44334951    0.11064979    0.13529031    0.12811824    0.16246714    0.15463202    0.15763925    0.02656445    0.00000000    0.01008407    0.01214651    0.02870912
T6             0.20613941    0.23060417    0.25561140    0.25377917    0.25106665    0.25288448    0.24936313    0.24718180    0.25892930    0.24805335    0.23912101    0.48639589    0.43838042    0.11293326    0.13763466    0.13044066    0.16489360    0.15703797    0.16004904    0.02862799    0.01008407    0.00000000    0.01008407    0.03077521
T3             0.21516568    0.23674005    0.26197937    0.26021720    0.25748716    0.25923544    0.25561140    0.25347050    0.26537313    0.25442770    0.24536019    0.49003539    0.44759076    0.11548160    0.14036772    0.13314458    0.16775968    0.15984175    0.16290392    0.03077521    0.01214651    0.01008407    0.00000000    0.03294668
T22            0.18730681    0.23087265    0.26504817    0.25409825    0.25138687    0.25317226    0.24962097    0.24746200    0.25923544    0.24836444    0.23940537    0.49921970    0.43914397    0.10134270    0.12067231    0.11854482    0.15242949    0.14471535    0.14253206    0.04349253    0.02870912    0.03077521    0.03294668    0.00000000

