24
T23            0.00000000    0.33137780    0.36285120    0.40887529    0.40111124    0.39843792    0.37689502    0.35656191    0.28037339    0.28731437    0.27116612    0.28685175    0.28314974    0.26195299    0.26970504    0.28124435    0.28124435    0.26422444    0.26105644    0.29878166    0.28192283    0.31893421    0.23188856    0.22889175
T16            0.33137780    0.00000000    0.07186148    0.34030055    0.34735190    0.34127626    0.29491475    0.27374158    0.23043609    0.22854827    0.22041050    0.23769558    0.23383279    0.21353090    0.22389783    0.25899493    0.25899493    0.25318849    0.26883061    0.27661706    0.25520347    0.29296509    0.23870444    0.23570776
T21            0.36285120    0.07186148    0.00000000    0.35706787    0.35706787    0.35091531    0.30066677    0.27934467    0.25396398    0.25245384    0.23208212    0.26211331    0.26026260    0.23942648    0.24706643    0.28359073    0.28359073    0.27116612    0.28731437    0.29776713    0.27891993    0.34026142    0.25627792    0.25318849
T7             0.40887529    0.34030055    0.35706787    0.00000000    0.01210957    0.01007284    0.10349507    0.09205489    0.33475645    0.36276761    0.33893240    0.35512355    0.36379193    0.34533395    0.32692342    0.35965811    0.36691436    0.33205142    0.36744661    0.37800055    0.35706787    0.42424253    0.33728114    0.33380462
T19            0.40111124    0.34735190    0.35706787    0.01210957    0.00000000    0.01007284    0.10349507    0.09205489    0.34078206    0.36276761    0.34240882    0.35512355    0.36379193    0.34533395    0.32013584    0.35250589    0.35965811    0.33548005    0.36744661    0.37800055    0.35706787    0.43097855    0.33728114    0.33380462
T14            0.39843792    0.34127626    0.35091531    0.01007284    0.01007284    0.00000000    0.10113026    0.08972864    0.33127987    0.35298582    0.33290287    0.34545476    0.35398507    0.33575819    0.31761089    0.34991553    0.35706787    0.32606891    0.35758704    0.37168771    0.35091531    0.42017026    0.32782735    0.32439857
T4             0.37689502    0.29491475    0.30066677    0.10349507    0.10349507    0.10113026    0.00000000    0.03919221    0.28318477    0.31677637    0.28815985    0.30320489    0.31012455    0.30017454    0.27686949    0.31718758    0.32395220    0.29778497    0.31677637    0.32485716    0.31218830    0.36971067    0.28318477    0.28001714
T11            0.35656191    0.27374158    0.27934467    0.09205489    0.09205489    0.08972864    0.03919221    0.00000000    0.26851769    0.29491475    0.27341948    0.27871692    0.28216287    0.27869424    0.25623619    0.28884769    0.29528512    0.27032074    0.29815431    0.30841467    0.28958102    0.33876442    0.25623619    0.25321248
T6             0.28037339    0.23043609    0.25396398    0.33475645    0.34078206    0.33127987    0.28318477    0.26851769    0.00000000    0.12778092    0.11065750    0.11535748    0.10565954    0.08562764    0.11609734    0.14315035    0.14315035    0.17633694    0.17853897    0.22444945    0.20464467    0.24140352    0.16028280    0.15765663
T2             0.28731437    0.22854827    0.25245384    0.36276761    0.36276761    0.35298582    0.31677637    0.29491475    0.12778092    0.00000000    0.07205519    0.09017302    0.11765458    0.10187607    0.15809992    0.18428024    0.18428024    0.17491107    0.19348921    0.21642342    0.20270100    0.24136393    0.17491107    0.17224286
T1             0.27116612    0.22041050    0.23208212    0.33893240    0.34240882    0.33290287    0.28815985    0.27341948    0.11065750    0.07205519    0.00000000    0.06727962    0.09859856    0.09005112    0.13746749    0.16534681    0.16534681    0.15139582    0.16921120    0.21353090    0.19706295    0.22944831    0.15652648    0.15395456
T22            0.28685175    0.23769558    0.26211331    0.35512355    0.35512355    0.34545476    0.30320489    0.27871692    0.11535748    0.09017302    0.06727962    0.00000000    0.10085785    0.09227358    0.13512143    0.15765663    0.15765663    0.17245173    0.18549232    0.21900942    0.20240878    0.24706643    0.17470374    0.17204265
T15            0.28314974    0.23383279    0.26026260    0.36379193    0.36379193    0.35398507    0.31012455    0.28216287    0.10565954    0.11765458    0.09859856    0.10085785    0.00000000    0.05182193    0.13462319    0.16227870    0.16227870    0.17717331    0.17945632    0.23341492    0.21642342    0.24671276    0.17450513    0.17185114
T5             0.26195299    0.21353090    0.23942648    0.34533395    0.34533395    0.33575819    0.30017454    0.27869424    0.08562764    0.10187607    0.09005112    0.09227358    0.05182193    0.00000000    0.11154207    0.13844871    0.13844871    0.15809992    0.16292287    0.20753733    0.19106593    0.22035946    0.15286126    0.15026242
T17            0.26970504    0.22389783    0.24706643    0.32692342    0.32013584    0.31761089    0.27686949    0.25623619    0.11609734    0.15809992    0.13746749    0.13512143    0.13462319    0.11154207    0.00000000    0.04338751    0.04338751    0.17313005    0.18622882    0.20396066    0.19042769    0.23754084    0.15504421    0.15244540
T18            0.28124435    0.25899493    0.28359073    0.35965811    0.35250589    0.34991553    0.31718758    0.28884769    0.14315035    0.18428024    0.16534681    0.15765663    0.16227870    0.13844871    0.04338751    0.00000000    0.00806484    0.19987401    0.21353090    0.23529981    0.22109079    0.26422444    0.17828962    0.17558519
T0             0.28124435    0.25899493    0.28359073    0.36691436    0.35965811    0.35706787    0.32395220    0.29528512    0.14315035    0.18428024    0.16534681    0.15765663    0.16227870    0.13844871    0.04338751    0.00806484    0.00000000    0.19987401    0.21353090    0.23529981    0.22109079    0.26422444    0.17828962    0.17558519
T10            0.26422444    0.25318849    0.27116612    0.33205142    0.33548005    0.32606891    0.29778497    0.27032074    0.17633694    0.17491107    0.15139582    0.17245173    0.17717331    0.15809992    0.17313005    0.19987401    0.19987401    0.00000000    0.06931998    0.16800799    0.15787414    0.18898553    0.11983792    0.11741576
T12            0.26105644    0.26883061    0.28731437    0.36744661    0.36744661    0.35758704    0.31677637    0.29815431    0.17853897    0.19348921    0.16921120    0.18549232    0.17945632    0.16292287    0.18622882    0.21353090    0.21353090    0.06931998    0.00000000    0.18649198    0.17068344    0.20750565    0.13184849    0.12937839
T9             0.29878166    0.27661706    0.29776713    0.37800055    0.37800055    0.37168771    0.32485716    0.30841467    0.22444945    0.21642342    0.21353090    0.21900942    0.23341492    0.20753733    0.20396066    0.23529981    0.23529981    0.16800799    0.18649198    0.00000000    0.02029439    0.10103195    0.10173333    0.09935152
T3             0.28192283    0.25520347    0.27891993    0.35706787    0.35706787    0.35091531    0.31218830    0.28958102    0.20464467    0.20270100    0.19706295    0.20240878    0.21642342    0.19106593    0.19042769    0.22109079    0.22109079    0.15787414    0.17068344    0.02029439    0.00000000    0.09186534    0.08783582    0.08550953
T13            0.31893421    0.29296509    0.34026142    0.42424253    0.43097855    0.42017026    0.36971067    0.33876442    0.24140352    0.24136393    0.22944831    0.24706643    0.24671276    0.22035946    0.23754084    0.26422444    0.26422444    0.18898553    0.20750565    0.10103195    0.09186534    0.00000000    0.12778092    0.12529844
T20            0.23188856    0.23870444    0.25627792    0.33728114    0.33728114    0.32782735    0.28318477    0.25623619    0.16028280    0.17491107    0.15652648    0.17470374    0.17450513    0.15286126    0.15504421    0.17828962    0.17828962    0.11983792    0.13184849    0.10173333    0.08783582    0.12778092    0.00000000    0.00200402
T8             0.22889175    0.23570776    0.25318849    0.33380462    0.33380462    0.32439857    0.28001714    0.25321248    0.15765663    0.17224286    0.15395456    0.17204265    0.17185114    0.15026242    0.15244540    0.17558519    0.17558519    0.11741576    0.12937839    0.09935152    0.08550953    0.12529844    0.00200402    0.00000000

