24
T18            0.00000000    0.39715210    0.36466445    0.35235211    0.31162170    0.31162170    0.31847928    0.34999137    0.33604727    0.33963633    0.34024269    0.24100860    0.25317778    0.21493476    0.21110181    0.18871771    0.18299663    0.18455697    0.20016104    0.19573847    0.15704958    0.15704958    0.15704958    0.15445765
T3             0.39715210    0.00000000    0.04117005    0.12052033    0.13494443    0.13494443    0.13746443    0.22388920    0.18348177    0.18622322    0.18323481    0.41753552    0.41496085    0.41827665    0.44165081    0.44771050    0.44268143    0.46460587    0.47881118    0.47167476    0.38992650    0.38992650    0.39766014    0.39377834
T10            0.36466445    0.04117005    0.00000000    0.09215923    0.10598631    0.10598631    0.10837943    0.19072609    0.15525110    0.15787030    0.15504035    0.39442461    0.39186283    0.38352897    0.41609827    0.41680939    0.41209186    0.43662182    0.44164030    0.43483663    0.35448006    0.35448006    0.36173590    0.35809479
T1             0.35235211    0.12052033    0.09215923    0.00000000    0.06727885    0.06727885    0.07177420    0.14948647    0.11806841    0.12052033    0.12282582    0.36035717    0.35420370    0.36466445    0.38098015    0.38162305    0.37342199    0.40247283    0.39289975    0.40088149    0.35056242    0.35056242    0.35056242    0.34694752
T16            0.31162170    0.13494443    0.10598631    0.06727885    0.00000000    0.00000000    0.04806990    0.13981823    0.10638271    0.10879322    0.11106415    0.35848248    0.35848248    0.35174280    0.37530489    0.36840115    0.36035717    0.37463323    0.38333276    0.36931796    0.33789123    0.33789123    0.33789123    0.33434056
T13            0.31162170    0.13494443    0.10598631    0.06727885    0.00000000    0.00000000    0.04806990    0.13981823    0.10638271    0.10879322    0.11106415    0.35848248    0.35848248    0.35174280    0.37530489    0.36840115    0.36035717    0.37463323    0.38333276    0.36931796    0.33789123    0.33789123    0.33789123    0.33434056
T12            0.31847928    0.13746443    0.10837943    0.07177420    0.04806990    0.04806990    0.00000000    0.14747500    0.11609541    0.11855342    0.12084822    0.34391628    0.35114623    0.34448650    0.36035717    0.34999137    0.34584427    0.37853075    0.37943537    0.38092016    0.33081498    0.33081498    0.33081498    0.32731413
T23            0.34999137    0.22388920    0.19072609    0.14948647    0.13981823    0.13981823    0.14747500    0.00000000    0.11806841    0.12052033    0.12282582    0.37530489    0.38295010    0.33926298    0.36852567    0.38162305    0.37718676    0.39934707    0.39001373    0.40184431    0.35194379    0.35194379    0.35194379    0.34835501
T2             0.33604727    0.18348177    0.15525110    0.11806841    0.10638271    0.10638271    0.11609541    0.11806841    0.00000000    0.00200402    0.00401105    0.37486100    0.37486100    0.36039241    0.37152577    0.37595956    0.37152577    0.41150171    0.41227465    0.40572576    0.34034021    0.34034021    0.34034021    0.33678960
T19            0.33963633    0.18622322    0.15787030    0.12052033    0.10879322    0.10879322    0.11855342    0.12052033    0.00200402    0.00000000    0.00602721    0.37871322    0.37871322    0.36414330    0.37530489    0.37978214    0.37530489    0.41150171    0.41639732    0.40981472    0.34391628    0.34391628    0.34391628    0.34034021
T22            0.34024269    0.18323481    0.15504035    0.12282582    0.11106415    0.11106415    0.12084822    0.12282582    0.00401105    0.00602721    0.00000000    0.37943537    0.37943537    0.36482000    0.37595956    0.38046504    0.37595956    0.41654160    0.41971060    0.41065095    0.34448650    0.34448650    0.34448650    0.34089755
T21            0.24100860    0.41753552    0.39442461    0.36035717    0.35848248    0.35848248    0.34391628    0.37530489    0.37486100    0.37871322    0.37943537    0.00000000    0.03277459    0.08550846    0.12546064    0.27711901    0.28228651    0.28638629    0.31795991    0.29295078    0.24974435    0.24974435    0.25588483    0.25280514
T7             0.25317778    0.41496085    0.39186283    0.35420370    0.35848248    0.35848248    0.35114623    0.38295010    0.37486100    0.37871322    0.37943537    0.03277459    0.00000000    0.09017187    0.13549046    0.29342433    0.27907821    0.30296236    0.33546612    0.30975012    0.25823095    0.25823095    0.26444786    0.26132972
T20            0.21493476    0.41827665    0.38352897    0.36466445    0.35174280    0.35174280    0.34448650    0.33926298    0.36039241    0.36414330    0.36482000    0.08550846    0.09017187    0.00000000    0.10372358    0.26798616    0.26995392    0.28033773    0.29818298    0.28683812    0.25174863    0.25174863    0.25787016    0.25480001
T15            0.21110181    0.44165081    0.41609827    0.38098015    0.37530489    0.37530489    0.36035717    0.36852567    0.37152577    0.37530489    0.37595956    0.12546064    0.13549046    0.10372358    0.00000000    0.26957527    0.27791669    0.30150888    0.32679445    0.31503871    0.25958260    0.25958260    0.26574175    0.26265267
T9             0.18871771    0.44771050    0.41680939    0.38162305    0.36840115    0.36840115    0.34999137    0.38162305    0.37595956    0.37978214    0.38046504    0.27711901    0.29342433    0.26798616    0.26957527    0.00000000    0.05852774    0.25937551    0.27351085    0.26250349    0.22650436    0.22650436    0.22650436    0.22358671
T17            0.18299663    0.44268143    0.41209186    0.37342199    0.36035717    0.36035717    0.34584427    0.37718676    0.37152577    0.37530489    0.37595956    0.28228651    0.27907821    0.26995392    0.27791669    0.05852774    0.00000000    0.24067303    0.25751977    0.24067303    0.20951011    0.20951011    0.20951011    0.20668336
T6             0.18455697    0.46460587    0.43662182    0.40247283    0.37463323    0.37463323    0.37853075    0.39934707    0.41150171    0.41150171    0.41654160    0.28638629    0.30296236    0.28033773    0.30150888    0.25937551    0.24067303    0.00000000    0.04327686    0.03277459    0.16490714    0.16490714    0.16490714    0.16227418
T5             0.20016104    0.47881118    0.44164030    0.39289975    0.38333276    0.38333276    0.37943537    0.39001373    0.41227465    0.41639732    0.41971060    0.31795991    0.33546612    0.29818298    0.32679445    0.27351085    0.25751977    0.04327686    0.00000000    0.04549462    0.17737333    0.17737333    0.17737333    0.17469808
T4             0.19573847    0.47167476    0.43483663    0.40088149    0.36931796    0.36931796    0.38092016    0.40184431    0.40572576    0.40981472    0.41065095    0.29295078    0.30975012    0.28683812    0.31503871    0.26250349    0.24067303    0.03277459    0.04549462    0.00000000    0.16490714    0.16490714    0.16490714    0.16227418
T8             0.15704958    0.38992650    0.35448006    0.35056242    0.33789123    0.33789123    0.33081498    0.35194379    0.34034021    0.34391628    0.34448650    0.24974435    0.25823095    0.25174863    0.25958260    0.22650436    0.20951011    0.16490714    0.17737333    0.16490714    0.00000000    0.00000000    0.00401612    0.00200402
T0             0.15704958    0.38992650    0.35448006    0.35056242    0.33789123    0.33789123    0.33081498    0.35194379    0.34034021    0.34391628    0.34448650    0.24974435    0.25823095    0.25174863    0.25958260    0.22650436    0.20951011    0.16490714    0.17737333    0.16490714    0.00000000    0.00000000    0.00401612    0.00200402
T11            0.15704958    0.39766014    0.36173590    0.35056242    0.33789123    0.33789123    0.33081498    0.35194379    0.34034021    0.34391628    0.34448650    0.25588483    0.26444786    0.25787016    0.26574175    0.22650436    0.20951011    0.16490714    0.17737333    0.16490714    0.00401612    0.00401612    0.00000000    0.00200402
T14            0.15445765    0.39377834    0.35809479    0.34694752    0.33434056    0.33434056    0.32731413    0.34835501    0.33678960    0.34034021    0.34089755    0.25280514    0.26132972    0.25480001    0.26265267    0.22358671    0.20668336    0.16227418    0.17469808    0.16227418    0.00200402    0.00200402    0.00200402    0.00000000

