24
T21            0.00000000    0.41037870    0.41037870    0.42277997    0.31509048    0.31261554    0.28313128    0.25665471    0.25317391    0.23207074    0.22358509    0.22358509    0.24402022    0.23089633    0.24003086    0.23834568    0.19425926    0.21064508    0.19930611    0.23412643    0.22780262    0.22664725    0.22664725    0.14422263
T4             0.41037870    0.00000000    0.00000000    0.01824809    0.44611341    0.44345473    0.48753527    0.42743797    0.42678542    0.43764121    0.43017008    0.43017008    0.43231063    0.44733236    0.44519524    0.41427469    0.40823550    0.42277997    0.41486423    0.43359370    0.43287748    0.41074195    0.42275937    0.39184354
T23            0.41037870    0.00000000    0.00000000    0.01824809    0.44611341    0.44345473    0.48753527    0.42743797    0.42678542    0.43764121    0.43017008    0.43017008    0.43231063    0.44733236    0.44519524    0.41427469    0.40823550    0.42277997    0.41486423    0.43359370    0.43287748    0.41074195    0.42275937    0.39184354
T15            0.42277997    0.01824809    0.01824809    0.00000000    0.45979532    0.45715104    0.51148154    0.44880085    0.44804705    0.45227300    0.44459268    0.44459268    0.44658845    0.45776683    0.45576156    0.42810613    0.42206222    0.43699880    0.42071387    0.44002739    0.43924644    0.41680033    0.42906413    0.41154233
T14            0.31509048    0.44611341    0.44611341    0.45979532    0.00000000    0.03066918    0.32903300    0.29133177    0.29741069    0.31049459    0.31010610    0.31010610    0.33935270    0.31818827    0.31854917    0.31675669    0.27901100    0.31049459    0.27279516    0.32332497    0.31940205    0.30822193    0.30822193    0.27840635
T2             0.31261554    0.44345473    0.44345473    0.45715104    0.03066918    0.00000000    0.33332492    0.29526795    0.30139712    0.32053765    0.32011552    0.32011552    0.33935270    0.33162393    0.33203028    0.32690177    0.29241038    0.32483474    0.28599470    0.32088660    0.31695159    0.30583035    0.30583035    0.27901100
T6             0.28313128    0.48753527    0.48753527    0.51148154    0.32903300    0.33332492    0.00000000    0.09909745    0.09662899    0.31503181    0.30533520    0.30533520    0.32893682    0.32783868    0.32838172    0.31900230    0.27798587    0.29341761    0.28357182    0.27757572    0.26739422    0.26015697    0.26015697    0.25588122
T12            0.25665471    0.42743797    0.42743797    0.44880085    0.29133177    0.29526795    0.09909745    0.00000000    0.02238912    0.27350707    0.26444447    0.26444447    0.27669456    0.28228299    0.27948336    0.26444447    0.23869154    0.25317391    0.24705283    0.26103916    0.25125268    0.23874221    0.23874221    0.21868493
T1             0.25317391    0.42678542    0.42678542    0.44804705    0.29741069    0.30139712    0.09662899    0.02238912    0.00000000    0.27948336    0.27033981    0.27033981    0.27948336    0.28509354    0.28228299    0.26719252    0.22650249    0.24067089    0.24067089    0.25746918    0.24778972    0.23528530    0.23528530    0.21262990
T13            0.23207074    0.43764121    0.43764121    0.45227300    0.31049459    0.32053765    0.31503181    0.27350707    0.27948336    0.00000000    0.00602721    0.00602721    0.06960260    0.06276429    0.06727876    0.06089698    0.19072523    0.20412598    0.18984505    0.21095231    0.20494339    0.21159452    0.21159452    0.19217078
T18            0.22358509    0.43017008    0.43017008    0.44459268    0.31010610    0.32011552    0.30533520    0.26444447    0.27033981    0.00602721    0.00000000    0.00000000    0.06296296    0.05621468    0.06067223    0.05433226    0.18548535    0.19878366    0.18733276    0.20269157    0.19677819    0.20330270    0.20330270    0.18425427
T5             0.22358509    0.43017008    0.43017008    0.44459268    0.31010610    0.32011552    0.30533520    0.26444447    0.27033981    0.00602721    0.00000000    0.00000000    0.06296296    0.05621468    0.06067223    0.05433226    0.18548535    0.19878366    0.18733276    0.20269157    0.19677819    0.20330270    0.20330270    0.18425427
T20            0.24402022    0.43231063    0.43231063    0.44658845    0.33935270    0.33935270    0.32893682    0.27669456    0.27948336    0.06960260    0.06296296    0.06296296    0.00000000    0.07833005    0.08298852    0.07195370    0.21549706    0.23535843    0.21725930    0.21609805    0.21005846    0.21673663    0.21673663    0.21110306
T8             0.23089633    0.44733236    0.44733236    0.45776683    0.31818827    0.33162393    0.32783868    0.28228299    0.28509354    0.06276429    0.05621468    0.05621468    0.07833005    0.00000000    0.02031431    0.06519551    0.20642999    0.22591046    0.21110306    0.20694455    0.20107710    0.20749632    0.20749632    0.19961458
T22            0.24003086    0.44519524    0.44519524    0.45576156    0.31854917    0.33203028    0.32838172    0.27948336    0.28228299    0.06727876    0.06067223    0.06067223    0.08298852    0.02031431    0.00000000    0.06528042    0.21235179    0.23207074    0.21700285    0.21291742    0.20694455    0.21352054    0.21352054    0.20254402
T7             0.23834568    0.41427469    0.41427469    0.42810613    0.31675669    0.32690177    0.31900230    0.26444447    0.26719252    0.06089698    0.05433226    0.05433226    0.07195370    0.06519551    0.06528042    0.00000000    0.20778609    0.22159388    0.20950915    0.22293935    0.21673663    0.21192945    0.21192945    0.20899733
T11            0.19425926    0.40823550    0.40823550    0.42206222    0.27901100    0.29241038    0.27798587    0.23869154    0.22650249    0.19072523    0.18548535    0.18548535    0.21549706    0.20642999    0.21235179    0.20778609    0.00000000    0.02034056    0.03488894    0.17312342    0.16755291    0.16557076    0.16557076    0.17945051
T0             0.21064508    0.42277997    0.42277997    0.43699880    0.31049459    0.32483474    0.29341761    0.25317391    0.24067089    0.20412598    0.19878366    0.19878366    0.23535843    0.22591046    0.23207074    0.22159388    0.02034056    0.00000000    0.05200312    0.19453643    0.18871584    0.18125806    0.18125806    0.19531235
T16            0.19930611    0.41486423    0.41486423    0.42071387    0.27279516    0.28599470    0.28357182    0.24705283    0.24067089    0.18984505    0.18733276    0.18733276    0.21725930    0.21110306    0.21700285    0.20950915    0.03488894    0.05200312    0.00000000    0.17223706    0.16675757    0.15724143    0.16247947    0.17643322
T10            0.23412643    0.43359370    0.43359370    0.44002739    0.32332497    0.32088660    0.27757572    0.26103916    0.25746918    0.21095231    0.20269157    0.20269157    0.21609805    0.20694455    0.21291742    0.22293935    0.17312342    0.19453643    0.17223706    0.00000000    0.01212501    0.05875784    0.05875784    0.19348156
T17            0.22780262    0.43287748    0.43287748    0.43924644    0.31940205    0.31695159    0.26739422    0.25125268    0.24778972    0.20494339    0.19677819    0.19677819    0.21005846    0.20107710    0.20694455    0.21673663    0.16755291    0.18871584    0.16675757    0.01212501    0.00000000    0.05867436    0.05867436    0.18775796
T19            0.22664725    0.41074195    0.41074195    0.41680033    0.30822193    0.30583035    0.26015697    0.23874221    0.23528530    0.21159452    0.20330270    0.20330270    0.21673663    0.20749632    0.21352054    0.21192945    0.16557076    0.18125806    0.15724143    0.05875784    0.05867436    0.00000000    0.00806481    0.17853176
T9             0.22664725    0.42275937    0.42275937    0.42906413    0.30822193    0.30583035    0.26015697    0.23874221    0.23528530    0.21159452    0.20330270    0.20330270    0.21673663    0.20749632    0.21352054    0.21192945    0.16557076    0.18125806    0.16247947    0.05875784    0.05867436    0.00806481    0.00000000    0.17853176
T3             0.14422263    0.39184354    0.39184354    0.41154233    0.27840635    0.27901100    0.25588122    0.21868493    0.21262990    0.19217078    0.18425427    0.18425427    0.21110306    0.19961458    0.20254402    0.20899733    0.17945051    0.19531235    0.17643322    0.19348156    0.18775796    0.17853176    0.17853176    0.00000000

