24
T15            0.00000000    0.39088397    0.43081153    0.36286206    0.33555598    0.33991495    0.36131687    0.37015124    0.34293261    0.35460210    0.35100988    0.34795245    0.36026023    0.34646408    0.34599387    0.35408025    0.34038609    0.36553683    0.39661887    0.36553683    0.28756718    0.28116792    0.33637177    0.32589612
T16            0.39088397    0.00000000    0.03088014    0.25180762    0.22686497    0.24785707    0.25324216    0.29635809    0.24863816    0.25754622    0.25442566    0.25092948    0.26805874    0.27719722    0.27677527    0.26572458    0.25362645    0.27899288    0.29269722    0.26932848    0.27677527    0.24370171    0.32675158    0.32550600
T4             0.43081153    0.03088014    0.00000000    0.27636414    0.25054457    0.26614823    0.27165160    0.32315742    0.27669153    0.28603904    0.28274303    0.27899288    0.29684464    0.30985449    0.30593660    0.29450009    0.28178071    0.31553416    0.32318417    0.29837162    0.31275366    0.27165517    0.36313800    0.36546974
T11            0.36286206    0.25180762    0.27636414    0.00000000    0.02857314    0.08705114    0.09395046    0.20598803    0.16209940    0.16941459    0.17206251    0.16960858    0.18485805    0.18196547    0.17680738    0.16960858    0.16452928    0.17740096    0.19629003    0.17206251    0.25325424    0.20955000    0.27041507    0.27596386
T2             0.33555598    0.22686497    0.25054457    0.02857314    0.00000000    0.06479624    0.07593579    0.17680738    0.13463569    0.14171279    0.14423991    0.14186646    0.15654175    0.15381598    0.14886307    0.14186646    0.13698669    0.14933295    0.16736743    0.14677992    0.22488459    0.18279723    0.25016982    0.25250433
T12            0.33991495    0.24785707    0.26614823    0.08705114    0.06479624    0.00000000    0.08290303    0.18031457    0.13531858    0.13766322    0.14020336    0.13785230    0.15246357    0.15381598    0.15396902    0.14186646    0.14202828    0.14749566    0.16294489    0.14237626    0.22718687    0.19206793    0.26112113    0.25944428
T19            0.36131687    0.25324216    0.27165160    0.09395046    0.07593579    0.08290303    0.00000000    0.19075900    0.14512208    0.16008682    0.15746660    0.15506330    0.17002249    0.17168651    0.16660231    0.16209940    0.15707149    0.16803119    0.18129345    0.15746660    0.24008454    0.19429852    0.27298384    0.27122876
T22            0.37015124    0.29635809    0.32315742    0.20598803    0.17680738    0.18031457    0.19075900    0.00000000    0.07395715    0.09888316    0.10124287    0.10135655    0.10094667    0.15670991    0.15172757    0.14219822    0.13730894    0.15835659    0.16076281    0.14532285    0.25386557    0.22751845    0.28738870    0.28236478
T20            0.34293261    0.24863816    0.27669153    0.16209940    0.13463569    0.13531858    0.14512208    0.07395715    0.00000000    0.06090117    0.05867816    0.05876199    0.06067541    0.09674694    0.09216684    0.08309368    0.07859986    0.09280615    0.09740607    0.08111703    0.22133087    0.18488481    0.25032070    0.24251204
T10            0.35460210    0.25754622    0.28603904    0.16941459    0.14171279    0.13766322    0.16008682    0.09888316    0.06090117    0.00000000    0.00200403    0.01417455    0.04124242    0.12995750    0.12515319    0.11350485    0.10880496    0.12641784    0.13125614    0.11400060    0.23875193    0.20367082    0.27441135    0.26614823
T23            0.35100988    0.25442566    0.28274303    0.17206251    0.14423991    0.14020336    0.15746660    0.10124287    0.05867816    0.00200403    0.00000000    0.01212520    0.03910524    0.12747435    0.12268845    0.11107608    0.10639379    0.12390951    0.12872875    0.11155386    0.23575350    0.20081806    0.27116885    0.26298815
T5             0.34795245    0.25092948    0.27899288    0.16960858    0.14186646    0.13785230    0.15506330    0.10135655    0.05876199    0.01417455    0.01212520    0.00000000    0.03914610    0.12763019    0.12283979    0.11122785    0.10654126    0.12411453    0.12893887    0.11172805    0.23311253    0.19829496    0.26842315    0.26026206
T17            0.36026023    0.26805874    0.29684464    0.18485805    0.15654175    0.15246357    0.17002249    0.10094667    0.06067541    0.04124242    0.03910524    0.03914610    0.00000000    0.12951870    0.12472766    0.11307704    0.10838982    0.12833157    0.13317375    0.11382784    0.22655277    0.19206793    0.26341218    0.25866794
T1             0.34646408    0.27719722    0.30985449    0.18196547    0.15381598    0.15381598    0.17168651    0.15670991    0.09674694    0.12995750    0.12747435    0.12763019    0.12951870    0.00000000    0.00805161    0.06061380    0.05626880    0.10826648    0.12515319    0.10350194    0.25658930    0.21842849    0.27575053    0.26531142
T13            0.34599387    0.27677527    0.30593660    0.17680738    0.14886307    0.15396902    0.16660231    0.15172757    0.09216684    0.12515319    0.12268845    0.12283979    0.12472766    0.00805161    0.00000000    0.05626880    0.05194985    0.10599609    0.12038110    0.09888316    0.25084011    0.21296297    0.27529603    0.25866794
T6             0.35408025    0.26572458    0.29450009    0.16960858    0.14186646    0.14186646    0.16209940    0.14219822    0.08309368    0.11350485    0.11107608    0.11122785    0.11307704    0.06061380    0.05626880    0.00000000    0.01210033    0.09698871    0.10639379    0.08529998    0.23773871    0.20844133    0.26658234    0.25633357
T21            0.34038609    0.25362645    0.28178071    0.16452928    0.13698669    0.14202828    0.15707149    0.13730894    0.07859986    0.10880496    0.10639379    0.10654126    0.10838982    0.05626880    0.05194985    0.01210033    0.00000000    0.08772556    0.10174209    0.08079379    0.22858530    0.19738161    0.25132453    0.24141171
T18            0.36553683    0.27899288    0.31553416    0.17740096    0.14933295    0.14749566    0.16803119    0.15835659    0.09280615    0.12641784    0.12390951    0.12411453    0.12833157    0.10826648    0.10599609    0.09698871    0.08772556    0.00000000    0.06744276    0.04128788    0.25016982    0.20942582    0.25526559    0.24443743
T9             0.39661887    0.29269722    0.32318417    0.19629003    0.16736743    0.16294489    0.18129345    0.16076281    0.09740607    0.13125614    0.12872875    0.12893887    0.13317375    0.12515319    0.12038110    0.10639379    0.10174209    0.06744276    0.00000000    0.05194985    0.27165160    0.22970988    0.29376969    0.28505498
T0             0.36553683    0.26932848    0.29837162    0.17206251    0.14677992    0.14237626    0.15746660    0.14532285    0.08111703    0.11400060    0.11155386    0.11172805    0.11382784    0.10350194    0.09888316    0.08529998    0.08079379    0.04128788    0.05194985    0.00000000    0.24408141    0.19578075    0.25526559    0.25672751
T3             0.28756718    0.27677527    0.31275366    0.25325424    0.22488459    0.22718687    0.24008454    0.25386557    0.22133087    0.23875193    0.23575350    0.23311253    0.22655277    0.25658930    0.25084011    0.23773871    0.22858530    0.25016982    0.27165160    0.24408141    0.00000000    0.13011957    0.19151751    0.18551745
T8             0.28116792    0.24370171    0.27165517    0.20955000    0.18279723    0.19206793    0.19429852    0.22751845    0.18488481    0.20367082    0.20081806    0.19829496    0.19206793    0.21842849    0.21296297    0.20844133    0.19738161    0.20942582    0.22970988    0.19578075    0.13011957    0.00000000    0.14081402    0.13785230
T14            0.33637177    0.32675158    0.36313800    0.27041507    0.25016982    0.26112113    0.27298384    0.28738870    0.25032070    0.27441135    0.27116885    0.26842315    0.26341218    0.27575053    0.27529603    0.26658234    0.25132453    0.25526559    0.29376969    0.25526559    0.19151751    0.14081402    0.00000000    0.04128788
T7             0.32589612    0.32550600    0.36546974    0.27596386    0.25250433    0.25944428    0.27122876    0.28236478    0.24251204    0.26614823    0.26298815    0.26026206    0.25866794    0.26531142    0.25866794    0.25633357    0.24141171    0.24443743    0.28505498    0.25672751    0.18551745    0.13785230    0.04128788    0.00000000

