24
T12            0.00000000    0.32205663    0.31910971    0.36764882    0.19676780    0.19948867    0.22467034    0.33193191    0.29048441    0.20931771    0.26620475    0.25423144    0.20649626    0.20649626    0.21422770    0.20649626    0.20419435    0.17152824    0.18738300    0.20536236    0.09950578    0.16344134    0.15551476    0.12473712
T14            0.32205663    0.00000000    0.00200301    0.07833860    0.21270740    0.20985350    0.22428962    0.33843385    0.32351993    0.30215290    0.34055702    0.34357724    0.29977641    0.30551797    0.32214550    0.29311359    0.30417602    0.28242698    0.29744699    0.31910971    0.30697543    0.37493261    0.36369908    0.31525836
T5             0.31910971    0.00200301    0.00000000    0.07614617    0.21013551    0.20728973    0.22168428    0.33894573    0.32403194    0.29928774    0.33754925    0.34055702    0.29692255    0.30264152    0.31921058    0.29028186    0.30131051    0.27962648    0.29459203    0.31617475    0.30408702    0.37179242    0.36060080    0.31233448
T1             0.36764882    0.07833860    0.07614617    0.00000000    0.24915230    0.24612498    0.26457158    0.36035301    0.33097013    0.34055702    0.34910508    0.35216308    0.33102174    0.33346786    0.35444330    0.32057354    0.33927231    0.31617475    0.32846174    0.35110107    0.34804311    0.42866796    0.41240646    0.33999494
T18            0.19676780    0.21270740    0.21013551    0.24915230    0.00000000    0.01214711    0.06753705    0.25968747    0.23125871    0.19835814    0.23390628    0.22254763    0.18554175    0.19330002    0.20138873    0.19559157    0.19054868    0.16874055    0.18950588    0.21072770    0.20858499    0.27452258    0.26827855    0.24405784
T19            0.19948867    0.20985350    0.20728973    0.24612498    0.01214711    0.00000000    0.06528864    0.25968747    0.22833803    0.19559157    0.22806496    0.21682384    0.18011392    0.18781247    0.19582453    0.18738300    0.18238479    0.16613348    0.18680697    0.20793813    0.19475206    0.26211192    0.25602080    0.23527072
T4             0.22467034    0.22428962    0.22168428    0.26457158    0.06753705    0.06528864    0.00000000    0.30031328    0.26381559    0.22921653    0.25490858    0.24849179    0.20728973    0.21816729    0.22659095    0.21473903    0.20393787    0.19835814    0.21733230    0.23951909    0.23746122    0.29701537    0.29048441    0.25905704
T20            0.33193191    0.33843385    0.33894573    0.36035301    0.25968747    0.25968747    0.30031328    0.00000000    0.07632010    0.31867484    0.37054080    0.36001025    0.31180534    0.32108553    0.32509226    0.32214550    0.32677324    0.28201513    0.30363321    0.32549093    0.33754925    0.41606426    0.39606133    0.35943290
T21            0.29048441    0.32351993    0.32403194    0.33097013    0.23125871    0.22833803    0.26381559    0.07632010    0.00000000    0.28092932    0.32302002    0.31325163    0.27448217    0.28328376    0.28699446    0.27769530    0.29174802    0.24344320    0.26693782    0.28765022    0.29219217    0.35873492    0.34055702    0.30608027
T6             0.20931771    0.30215290    0.29928774    0.34055702    0.19835814    0.19559157    0.22921653    0.31867484    0.28092932    0.00000000    0.12719633    0.11997738    0.08079853    0.08520765    0.08973922    0.08540980    0.08564060    0.15728267    0.17786365    0.19379617    0.19078455    0.26771363    0.25834640    0.22491513
T13            0.26620475    0.34055702    0.33754925    0.34910508    0.23390628    0.22806496    0.25490858    0.37054080    0.32302002    0.12719633    0.00000000    0.01212535    0.07170226    0.07156310    0.08053811    0.11023179    0.11767250    0.20138873    0.21473903    0.23155032    0.24849179    0.31571056    0.30234156    0.25819166
T8             0.25423144    0.34357724    0.34055702    0.35216308    0.22254763    0.21682384    0.24849179    0.36001025    0.31325163    0.11997738    0.01212535    0.00000000    0.06728569    0.07162916    0.07606983    0.10321679    0.11055206    0.19606667    0.20649626    0.23185186    0.24579881    0.31278711    0.29946265    0.25545165
T7             0.20649626    0.29977641    0.29692255    0.33102174    0.18554175    0.18011392    0.20728973    0.31180534    0.27448217    0.08079853    0.07170226    0.06728569    0.00000000    0.01620858    0.02447373    0.06721575    0.06736256    0.15508185    0.17563361    0.19432855    0.19910791    0.26457158    0.25219816    0.21967750
T0             0.20649626    0.30551797    0.30264152    0.33346786    0.19330002    0.18781247    0.21816729    0.32108553    0.28328376    0.08520765    0.07156310    0.07162916    0.01620858    0.00000000    0.02859845    0.07156310    0.06945395    0.15728267    0.17786365    0.19657837    0.20419435    0.26381559    0.25151902    0.22491513
T16            0.21422770    0.32214550    0.31921058    0.35444330    0.20138873    0.19582453    0.22659095    0.32509226    0.28699446    0.08973922    0.08053811    0.07606983    0.02447373    0.02859845    0.00000000    0.08053811    0.08070457    0.16495189    0.18033767    0.20473522    0.20958089    0.27602175    0.26969794    0.22516983
T2             0.20649626    0.29311359    0.29028186    0.32057354    0.19559157    0.18738300    0.21473903    0.32214550    0.27769530    0.08540980    0.11023179    0.10321679    0.06721575    0.07156310    0.08053811    0.00000000    0.03497395    0.15769616    0.17294160    0.19154628    0.20191361    0.25834640    0.24915230    0.23362596
T22            0.20419435    0.30417602    0.30131051    0.33927231    0.19054868    0.18238479    0.20393787    0.32677324    0.29174802    0.08564060    0.11767250    0.11055206    0.06736256    0.06945395    0.08070457    0.03497395    0.00000000    0.16296635    0.18379817    0.20276997    0.20247534    0.25910530    0.24985392    0.23419663
T17            0.17152824    0.28242698    0.27962648    0.31617475    0.16874055    0.16613348    0.19835814    0.28201513    0.24344320    0.15728267    0.20138873    0.19606667    0.15508185    0.15728267    0.16495189    0.15769616    0.16296635    0.00000000    0.02439649    0.04753889    0.16698577    0.24077146    0.23185186    0.18915302
T10            0.18738300    0.29744699    0.29459203    0.32846174    0.18950588    0.18680697    0.21733230    0.30363321    0.26693782    0.17786365    0.21473903    0.20649626    0.17563361    0.17786365    0.18033767    0.17294160    0.18379817    0.02439649    0.00000000    0.04537081    0.18554175    0.25562738    0.25255324    0.20536236
T3             0.20536236    0.31910971    0.31617475    0.35110107    0.21072770    0.20793813    0.23951909    0.32549093    0.28765022    0.19379617    0.23155032    0.23185186    0.19432855    0.19657837    0.20473522    0.19154628    0.20276997    0.04753889    0.04537081    0.00000000    0.20675138    0.26969794    0.26036046    0.22707228
T23            0.09950578    0.30697543    0.30408702    0.34804311    0.20858499    0.19475206    0.23746122    0.33754925    0.29219217    0.19078455    0.24849179    0.24579881    0.19910791    0.20419435    0.20958089    0.20191361    0.20247534    0.16698577    0.18554175    0.20675138    0.00000000    0.09712854    0.09006422    0.08503436
T15            0.16344134    0.37493261    0.37179242    0.42866796    0.27452258    0.26211192    0.29701537    0.41606426    0.35873492    0.26771363    0.31571056    0.31278711    0.26457158    0.26381559    0.27602175    0.25834640    0.25910530    0.24077146    0.25562738    0.26969794    0.09712854    0.00000000    0.01214711    0.14696099
T9             0.15551476    0.36369908    0.36060080    0.41240646    0.26827855    0.25602080    0.29048441    0.39606133    0.34055702    0.25834640    0.30234156    0.29946265    0.25219816    0.25151902    0.26969794    0.24915230    0.24985392    0.23185186    0.25255324    0.26036046    0.09006422    0.01214711    0.00000000    0.13935788
T11            0.12473712    0.31525836    0.31233448    0.33999494    0.24405784    0.23527072    0.25905704    0.35943290    0.30608027    0.22491513    0.25819166    0.25545165    0.21967750    0.22491513    0.22516983    0.23362596    0.23419663    0.18915302    0.20536236    0.22707228    0.08503436    0.14696099    0.13935788    0.00000000

