24
T22            0.00000000    0.46720348    0.47840364    0.47496561    0.46785606    0.51359272    0.40115454    0.40841870    0.38973911    0.41561937    0.40514627    0.40514627    0.40666036    0.41561937    0.39447032    0.36624993    0.42479793    0.39369937    0.39204610    0.21322789    0.21494565    0.20158939    0.07880680    0.07869764
T14            0.46720348    0.00000000    0.02450778    0.07869764    0.07640863    0.09227423    0.29161816    0.30776760    0.32187101    0.32480724    0.32897409    0.31850553    0.31611503    0.32491622    0.31313205    0.28472152    0.33131959    0.32541011    0.29141996    0.41731679    0.43828511    0.44785166    0.46317854    0.46421326
T1             0.47840364    0.02450778    0.00000000    0.09739801    0.09502176    0.09462247    0.30153185    0.31798587    0.33256454    0.33553903    0.33251301    0.32197069    0.31958025    0.33549572    0.32371244    0.29480323    0.34216800    0.33618062    0.30163938    0.43828511    0.44692564    0.45668353    0.48166241    0.48278336
T10            0.47496561    0.07869764    0.09739801    0.00000000    0.01007285    0.11535811    0.29893204    0.31602563    0.33251301    0.32841785    0.33382483    0.32335661    0.32091924    0.32979093    0.31084818    0.28267433    0.33251301    0.32306972    0.29598204    0.42091205    0.44338106    0.44424331    0.46175265    0.45571849
T20            0.46785606    0.07640863    0.09502176    0.01007285    0.00000000    0.11294169    0.29567093    0.31264286    0.32897409    0.32491622    0.33031096    0.31991547    0.31747803    0.32631382    0.30741862    0.27940215    0.32897409    0.31958025    0.29262168    0.42091205    0.44338106    0.44424331    0.45476976    0.44879368
T0             0.51359272    0.09227423    0.09462247    0.11535811    0.11294169    0.00000000    0.32533458    0.34587478    0.34630449    0.35670372    0.35002296    0.33929226    0.33681870    0.35423642    0.33012275    0.30114807    0.34510058    0.34267548    0.32897450    0.46072494    0.49234249    0.49336205    0.50470341    0.50100521
T12            0.40115454    0.29161816    0.30153185    0.29893204    0.29567093    0.32533458    0.00000000    0.02238927    0.09643420    0.09634681    0.09845022    0.09612941    0.08933651    0.09147314    0.11012845    0.09868398    0.13407090    0.11720796    0.10339141    0.34231081    0.36532506    0.36596393    0.38508424    0.38050412
T17            0.40841870    0.30776760    0.31798587    0.31602563    0.31264286    0.34587478    0.02238927    0.00000000    0.10103214    0.10329488    0.10085776    0.10085776    0.09402055    0.09612941    0.11961847    0.10803585    0.14393254    0.12680475    0.10803585    0.35252119    0.38367387    0.38050412    0.39219946    0.38755694
T11            0.38973911    0.32187101    0.33256454    0.33251301    0.32897409    0.34630449    0.09643420    0.10103214    0.00000000    0.04133859    0.08488314    0.08488314    0.07819072    0.09402055    0.10838209    0.09227423    0.13244113    0.11549101    0.09462247    0.36417933    0.37039615    0.36485648    0.38566909    0.38096113
T16            0.41561937    0.32480724    0.33553903    0.32841785    0.32491622    0.35670372    0.09634681    0.10329488    0.04133859    0.00000000    0.08710617    0.08482251    0.07813115    0.09394603    0.11306871    0.09685763    0.13729620    0.12022635    0.10159875    0.39294242    0.40092639    0.40171549    0.42413158    0.41901634
T18            0.40514627    0.32897409    0.33251301    0.33382483    0.33031096    0.35002296    0.09845022    0.10085776    0.08488314    0.08710617    0.00000000    0.03272695    0.02648488    0.05831603    0.11012845    0.09402055    0.12426277    0.11242161    0.09652901    0.36781052    0.37915109    0.37599724    0.38899785    0.38827046
T9             0.40514627    0.31850553    0.32197069    0.32335661    0.31991547    0.33929226    0.09612941    0.10085776    0.08488314    0.08482251    0.03272695    0.00000000    0.01415466    0.05831603    0.10775802    0.09170509    0.12184059    0.11004555    0.09634681    0.34697862    0.35423642    0.35483395    0.38508424    0.38437218
T19            0.40666036    0.31611503    0.31958025    0.32091924    0.31747803    0.33681870    0.08933651    0.09402055    0.07819072    0.07813115    0.02648488    0.01415466    0.00000000    0.05185721    0.10085776    0.08495107    0.11480904    0.10312449    0.08955004    0.35544434    0.36661597    0.36351525    0.39049423    0.38973911
T4             0.41561937    0.32491622    0.33549572    0.32979093    0.32631382    0.35423642    0.09147314    0.09612941    0.09402055    0.09394603    0.05831603    0.05831603    0.05185721    0.00000000    0.11004555    0.09859855    0.13148870    0.12193668    0.10329488    0.36843698    0.38755694    0.38437218    0.40333647    0.39847835
T21            0.39447032    0.31313205    0.32371244    0.31084818    0.30741862    0.33012275    0.11012845    0.11961847    0.10838209    0.11306871    0.11012845    0.10775802    0.10085776    0.11004555    0.00000000    0.03073410    0.08510868    0.06492523    0.06735621    0.35364269    0.36109047    0.36176636    0.38646149    0.38172431
T15            0.36624993    0.28472152    0.29480323    0.28267433    0.27940215    0.30114807    0.09868398    0.10803585    0.09227423    0.09685763    0.09402055    0.09170509    0.08495107    0.09859855    0.03073410    0.00000000    0.07403838    0.05413202    0.05433329    0.34152428    0.34886274    0.34953361    0.35844550    0.35395498
T13            0.42479793    0.33131959    0.34216800    0.33251301    0.32897409    0.34510058    0.13407090    0.14393254    0.13244113    0.13729620    0.12426277    0.12184059    0.11480904    0.13148870    0.08510868    0.07403838    0.00000000    0.03073410    0.09227423    0.35544434    0.38973911    0.39049423    0.41241671    0.40333647
T6             0.39369937    0.32541011    0.33618062    0.32306972    0.31958025    0.34267548    0.11720796    0.12680475    0.11549101    0.12022635    0.11242161    0.11004555    0.10312449    0.12193668    0.06492523    0.05413202    0.03073410    0.00000000    0.07631173    0.33492649    0.36795958    0.36865114    0.38172431    0.37706263
T23            0.39204610    0.29141996    0.30163938    0.29598204    0.29262168    0.32897450    0.10339141    0.10803585    0.09462247    0.10159875    0.09652901    0.09634681    0.08955004    0.10329488    0.06735621    0.05433329    0.09227423    0.07631173    0.00000000    0.34518001    0.35495127    0.35562466    0.38013445    0.38329124
T3             0.21322789    0.41731679    0.43828511    0.42091205    0.42091205    0.46072494    0.34231081    0.35252119    0.36417933    0.39294242    0.36781052    0.34697862    0.35544434    0.36843698    0.35364269    0.34152428    0.35544434    0.33492649    0.34518001    0.00000000    0.11282231    0.10598883    0.19203943    0.19959289
T7             0.21494565    0.43828511    0.44692564    0.44338106    0.44338106    0.49234249    0.36532506    0.38367387    0.37039615    0.40092639    0.37915109    0.35423642    0.36661597    0.38755694    0.36109047    0.34886274    0.38973911    0.36795958    0.35495127    0.11282231    0.00000000    0.01414116    0.19601413    0.20133351
T8             0.20158939    0.44785166    0.45668353    0.44424331    0.44424331    0.49336205    0.36596393    0.38050412    0.36485648    0.40171549    0.37599724    0.35483395    0.36351525    0.38437218    0.36176636    0.34953361    0.39049423    0.36865114    0.35562466    0.10598883    0.01414116    0.00000000    0.18847288    0.19374214
T5             0.07880680    0.46317854    0.48166241    0.46175265    0.45476976    0.50470341    0.38508424    0.39219946    0.38566909    0.42413158    0.38899785    0.38508424    0.39049423    0.40333647    0.38646149    0.35844550    0.41241671    0.38172431    0.38013445    0.19203943    0.19601413    0.18847288    0.00000000    0.03705529
T2             0.07869764    0.46421326    0.48278336    0.45571849    0.44879368    0.50100521    0.38050412    0.38755694    0.38096113    0.41901634    0.38827046    0.38437218    0.38973911    0.39847835    0.38172431    0.35395498    0.40333647    0.37706263    0.38329124    0.19959289    0.20133351    0.19374214    0.03705529    0.00000000

