24
T12            0.00000000    0.26372716    0.26372716    0.28472314    0.20723516    0.20751650    0.22946117    0.23803596    0.23572246    0.18764375    0.22667791    0.23453411    0.21338992    0.21779199    0.22706664    0.19575652    0.18239039    0.16098905    0.16123873    0.17363388    0.10147236    0.14473408    0.13982608    0.09674228
T14            0.26372716    0.00000000    0.00401613    0.07403931    0.20952774    0.20696311    0.21210171    0.29362996    0.28795319    0.24572574    0.28232082    0.28837209    0.28642291    0.29120431    0.30154921    0.28274077    0.26135888    0.26960564    0.27952106    0.29733090    0.27515664    0.33178884    0.32535347    0.26819631
T5             0.26372716    0.00401613    0.00000000    0.07403931    0.20952774    0.20696311    0.21210171    0.29362996    0.28795319    0.24572574    0.28232082    0.28837209    0.28642291    0.29120431    0.30154921    0.28274077    0.26135888    0.26960564    0.27952106    0.29733090    0.27515664    0.33178884    0.32535347    0.26819631
T1             0.28472314    0.07403931    0.07403931    0.00000000    0.23178560    0.22915075    0.23443026    0.31558281    0.31312146    0.28191185    0.31749746    0.32388468    0.31852594    0.32684202    0.33086473    0.31457576    0.29207462    0.27794835    0.29447677    0.31266028    0.29078598    0.35506765    0.34840769    0.27655131
T18            0.20723516    0.20952774    0.20952774    0.23178560    0.00000000    0.00602722    0.06050980    0.23473848    0.23473848    0.18847908    0.22422268    0.23209493    0.21967979    0.21840286    0.23944315    0.21354336    0.20555606    0.19028104    0.20159629    0.21754485    0.24672801    0.30538377    0.29915877    0.23473848
T19            0.20751650    0.20696311    0.20696311    0.22915075    0.00602722    0.00000000    0.05835931    0.23209493    0.23209493    0.18598310    0.21870789    0.22652563    0.21418553    0.21293853    0.23378852    0.21385979    0.20586606    0.18777194    0.19905801    0.21495331    0.24404863    0.30489863    0.29868479    0.23209493
T4             0.22946117    0.21210171    0.21210171    0.23443026    0.06050980    0.05835931    0.00000000    0.24572574    0.24874104    0.20723516    0.24708238    0.24907414    0.23944315    0.24404863    0.25980813    0.23011123    0.22782950    0.21184165    0.22070590    0.23708480    0.26098797    0.31068425    0.30442500    0.24572574
T20            0.23803596    0.29362996    0.29362996    0.31558281    0.23473848    0.23209493    0.24572574    0.00000000    0.10398831    0.22537697    0.25993821    0.26268029    0.26135888    0.26372716    0.27592270    0.25482691    0.23739188    0.24304344    0.24336842    0.26027761    0.26923717    0.33331361    0.32684202    0.25080950
T21            0.23572246    0.28795319    0.28795319    0.31312146    0.23473848    0.23209493    0.24874104    0.10398831    0.00000000    0.21442642    0.25383387    0.25960938    0.24304344    0.24242384    0.26027761    0.23974930    0.23443026    0.21962456    0.22275661    0.23329695    0.26301864    0.31851721    0.31221092    0.25383387
T6             0.18764375    0.24572574    0.24572574    0.28191185    0.18847908    0.18598310    0.20723516    0.22537697    0.21442642    0.00000000    0.08289983    0.08955112    0.07186280    0.07833221    0.08993839    0.06952331    0.06296477    0.16028963    0.16051447    0.17559306    0.20586606    0.25089255    0.24514422    0.19455555
T13            0.22667791    0.28232082    0.28232082    0.31749746    0.22422268    0.21870789    0.24708238    0.25993821    0.25383387    0.08289983    0.00000000    0.01822299    0.03914534    0.04973013    0.06519751    0.09462409    0.08551156    0.19176756    0.20048156    0.21354336    0.23981961    0.29394929    0.28126796    0.23080011
T8             0.23453411    0.28837209    0.28837209    0.32388468    0.23209493    0.22652563    0.24907414    0.26268029    0.25960938    0.08955112    0.01822299    0.00000000    0.04545390    0.05613261    0.07169656    0.10135150    0.09216256    0.19374866    0.20241970    0.21265018    0.23871978    0.28687541    0.27437532    0.22454479
T7             0.21338992    0.28642291    0.28642291    0.31852594    0.21967979    0.21418553    0.23944315    0.26135888    0.24304344    0.07186280    0.03914534    0.04545390    0.00000000    0.01823246    0.03289523    0.08342873    0.07674246    0.18457252    0.18764375    0.20048156    0.22629863    0.27941898    0.26698219    0.22037482
T0             0.21779199    0.29120431    0.29120431    0.32684202    0.21840286    0.21293853    0.24404863    0.26372716    0.24242384    0.07833221    0.04973013    0.05613261    0.01823246    0.00000000    0.03077627    0.08993839    0.08319589    0.19455555    0.19484243    0.20780709    0.23378852    0.28733889    0.27480739    0.22782950
T16            0.22706664    0.30154921    0.30154921    0.33086473    0.23944315    0.23378852    0.25980813    0.27592270    0.26027761    0.08993839    0.06519751    0.07169656    0.03289523    0.03077627    0.00000000    0.10187920    0.09502369    0.20906166    0.20651343    0.21676130    0.24632963    0.29779539    0.28500444    0.23415647
T2             0.19575652    0.28274077    0.28274077    0.31457576    0.21354336    0.21385979    0.23011123    0.25482691    0.23974930    0.06952331    0.09462409    0.10135150    0.08342873    0.08993839    0.10187920    0.00000000    0.03488939    0.17880614    0.17634613    0.19176756    0.21195482    0.26294693    0.25709222    0.20841599
T22            0.18239039    0.26135888    0.26135888    0.29207462    0.20555606    0.20586606    0.22782950    0.23739188    0.23443026    0.06296477    0.08551156    0.09216256    0.07674246    0.08319589    0.09502369    0.03488939    0.00000000    0.17118972    0.17145159    0.18401677    0.20048156    0.23907653    0.23642765    0.18926637
T17            0.16098905    0.26960564    0.26960564    0.27794835    0.19028104    0.18777194    0.21184165    0.24304344    0.21962456    0.16028963    0.19176756    0.19374866    0.18457252    0.19455555    0.20906166    0.17880614    0.17118972    0.00000000    0.04760942    0.06043503    0.16825325    0.22161780    0.21612095    0.15725221
T10            0.16123873    0.27952106    0.27952106    0.29447677    0.20159629    0.19905801    0.22070590    0.24336842    0.22275661    0.16051447    0.20048156    0.20241970    0.18764375    0.19484243    0.20651343    0.17634613    0.17145159    0.04760942    0.00000000    0.05189971    0.16582353    0.21902241    0.21354336    0.15745350
T3             0.17363388    0.29733090    0.29733090    0.31266028    0.21754485    0.21495331    0.23708480    0.26027761    0.23329695    0.17559306    0.21354336    0.21265018    0.20048156    0.20780709    0.21676130    0.19176756    0.18401677    0.06043503    0.05189971    0.00000000    0.19149742    0.22422268    0.22454479    0.17513411
T23            0.10147236    0.27515664    0.27515664    0.29078598    0.24672801    0.24404863    0.26098797    0.26923717    0.26301864    0.20586606    0.23981961    0.23871978    0.22629863    0.23378852    0.24632963    0.21195482    0.20048156    0.16825325    0.16582353    0.19149742    0.00000000    0.08955112    0.08502724    0.06721105
T15            0.14473408    0.33178884    0.33178884    0.35506765    0.30538377    0.30489863    0.31068425    0.33331361    0.31851721    0.25089255    0.29394929    0.28687541    0.27941898    0.28733889    0.29779539    0.26294693    0.23907653    0.22161780    0.21902241    0.22422268    0.08955112    0.00000000    0.00805157    0.10838400
T9             0.13982608    0.32535347    0.32535347    0.34840769    0.29915877    0.29868479    0.30442500    0.32684202    0.31221092    0.24514422    0.28126796    0.27437532    0.26698219    0.27480739    0.28500444    0.25709222    0.23642765    0.21612095    0.21354336    0.22454479    0.08502724    0.00805157    0.00000000    0.10372779
T11            0.09674228    0.26819631    0.26819631    0.27655131    0.23473848    0.23209493    0.24572574    0.25080950    0.25383387    0.19455555    0.23080011    0.22454479    0.22037482    0.22782950    0.23415647    0.20841599    0.18926637    0.15725221    0.15745350    0.17513411    0.06721105    0.10838400    0.10372779    0.00000000

