24
T6             0.00000000    0.31560944    0.32016385    0.30588533    0.30065416    0.34876139    0.33852029    0.31614163    0.33312461    0.33312461    0.30980085    0.32719415    0.31614163    0.30588533    0.30351835    0.27248814    0.28924689    0.29631032    0.40846273    0.29530305    0.27592504    0.27553619    0.28734347    0.28453462
T14            0.31560944    0.00000000    0.01823245    0.01822296    0.02236500    0.12447653    0.13918971    0.11536042    0.12994946    0.13495241    0.16735396    0.18301110    0.18007636    0.18234803    0.19374985    0.17290395    0.18234803    0.17986267    0.27237751    0.24722946    0.26998711    0.27592504    0.25051151    0.24477191
T20            0.32016385    0.01823245    0.00000000    0.02031450    0.02450798    0.13213209    0.13447664    0.11078929    0.12530298    0.13028103    0.17536030    0.18623942    0.18324981    0.18550084    0.19149895    0.17069279    0.18053015    0.17760130    0.27314584    0.25080996    0.27395719    0.27994483    0.25439031    0.24860434
T4             0.30588533    0.01822296    0.02031450    0.00000000    0.02031450    0.12215446    0.13682916    0.11307107    0.12762233    0.13261280    0.16715004    0.17782524    0.17491825    0.17717966    0.19123750    0.17045616    0.17986267    0.17738610    0.26960756    0.25050862    0.26409953    0.26998711    0.25089584    0.24210416
T19            0.30065416    0.02236500    0.02450798    0.02031450    0.00000000    0.11282419    0.12979546    0.09910203    0.11578271    0.12068737    0.15725293    0.16778739    0.16491894    0.16715004    0.17559430    0.15526252    0.16451658    0.16208696    0.25211889    0.23356547    0.25283515    0.25554315    0.23379158    0.22522055
T7             0.34876139    0.12447653    0.13213209    0.12215446    0.11282419    0.00000000    0.17829925    0.14019344    0.15810859    0.16340381    0.20364392    0.21782241    0.20952870    0.21988079    0.22915217    0.19880154    0.20853855    0.21159135    0.30223141    0.29422258    0.31651975    0.31945330    0.28924689    0.27994483
T18            0.33852029    0.13918971    0.13447664    0.13682916    0.12979546    0.17829925    0.00000000    0.06322576    0.06557924    0.07011604    0.20670121    0.22100183    0.21782241    0.21727851    0.23771054    0.21551973    0.21962466    0.22856009    0.34287002    0.28567486    0.29363202    0.29648708    0.27994483    0.27077825
T8             0.31614163    0.11536042    0.11078929    0.11307107    0.09910203    0.14019344    0.06322576    0.00000000    0.01829851    0.02245699    0.18053015    0.19149895    0.18848026    0.18799942    0.20751810    0.18623942    0.19028139    0.18777242    0.28151586    0.26755609    0.27275629    0.27553619    0.25940861    0.25051151
T17            0.33312461    0.12994946    0.12530298    0.12762233    0.11578271    0.15810859    0.06557924    0.01829851    0.00000000    0.00806488    0.19401007    0.20525718    0.20213765    0.20159737    0.22161989    0.19988688    0.19831367    0.20134101    0.29733363    0.28284824    0.28837492    0.29120698    0.27481137    0.26568665
T1             0.33312461    0.13495241    0.13028103    0.13261280    0.12068737    0.16340381    0.07011604    0.02245699    0.00806488    0.00000000    0.19960191    0.21676388    0.21354552    0.21294017    0.23343305    0.21129494    0.20952870    0.21265154    0.29733363    0.28922593    0.29492044    0.29777399    0.28127243    0.27204476
T3             0.30980085    0.16735396    0.17536030    0.16715004    0.15725293    0.20364392    0.20670121    0.18053015    0.19401007    0.19960191    0.00000000    0.02862878    0.02650532    0.02855443    0.10895207    0.09517210    0.10147273    0.10160109    0.23413278    0.25566157    0.26372904    0.26960756    0.24744961    0.25089584
T10            0.32719415    0.18301110    0.18623942    0.17782524    0.16778739    0.21782241    0.22100183    0.19149895    0.20525718    0.21676388    0.02862878    0.00000000    0.01008419    0.03697661    0.11873776    0.10476967    0.10624823    0.11122149    0.24005635    0.24966719    0.26998711    0.27673522    0.25981170    0.26337407
T16            0.31614163    0.18007636    0.18324981    0.17491825    0.16491894    0.20952870    0.21782241    0.18848026    0.20213765    0.21354552    0.02650532    0.01008419    0.00000000    0.03483247    0.11610221    0.10218795    0.10372810    0.10865324    0.23678838    0.25238691    0.27275629    0.27952400    0.25629898    0.25981170
T9             0.30588533    0.18234803    0.18550084    0.17717966    0.16715004    0.21988079    0.21727851    0.18799942    0.20159737    0.21294017    0.02855443    0.03697661    0.03483247    0.00000000    0.10851502    0.10187989    0.10826111    0.11078929    0.24212959    0.26087327    0.27515821    0.28112850    0.25863344    0.26213517
T23            0.30351835    0.19374985    0.19149895    0.19123750    0.17559430    0.22915217    0.23771054    0.20751810    0.22161989    0.23343305    0.10895207    0.11873776    0.11610221    0.10851502    0.00000000    0.04559826    0.08061085    0.09935476    0.25177618    0.25238691    0.26960756    0.26923872    0.24173793    0.23907936
T12            0.27248814    0.17290395    0.17069279    0.17045616    0.15526252    0.19880154    0.21551973    0.18623942    0.19988688    0.21129494    0.09517210    0.10476967    0.10218795    0.10187989    0.04559826    0.00000000    0.07186303    0.08342925    0.23209651    0.23278964    0.25554315    0.25518069    0.22227606    0.21968254
T2             0.28924689    0.18234803    0.18053015    0.17986267    0.16451658    0.20853855    0.21962466    0.19028139    0.19831367    0.20952870    0.10147273    0.10624823    0.10372810    0.10826111    0.08061085    0.07186303    0.00000000    0.09910203    0.24810626    0.24304961    0.27515821    0.27479111    0.25013733    0.24744961
T5             0.29631032    0.17986267    0.17760130    0.17738610    0.16208696    0.21159135    0.22856009    0.18777242    0.20134101    0.21265154    0.10160109    0.11122149    0.10865324    0.11078929    0.09935476    0.08342925    0.09910203    0.00000000    0.24605114    0.26172890    0.26998711    0.26960756    0.23837513    0.23274522
T13            0.40846273    0.27237751    0.27314584    0.26960756    0.25211889    0.30223141    0.34287002    0.28151586    0.29733363    0.29733363    0.23413278    0.24005635    0.23678838    0.24212959    0.25177618    0.23209651    0.24810626    0.24605114    0.00000000    0.36230190    0.35561822    0.35507105    0.34816398    0.34152751
T0             0.29530305    0.24722946    0.25080996    0.25050862    0.23356547    0.29422258    0.28567486    0.26755609    0.28284824    0.28922593    0.25566157    0.24966719    0.25238691    0.26087327    0.25238691    0.23278964    0.24304961    0.26172890    0.36230190    0.00000000    0.15086455    0.15327861    0.18142130    0.18158867
T22            0.27592504    0.26998711    0.27395719    0.26409953    0.25283515    0.31651975    0.29363202    0.27275629    0.28837492    0.29492044    0.26372904    0.26998711    0.27275629    0.27515821    0.26960756    0.25554315    0.27515821    0.26998711    0.35561822    0.15086455    0.00000000    0.00602722    0.18714542    0.18464061
T21            0.27553619    0.27592504    0.27994483    0.26998711    0.25554315    0.31945330    0.29648708    0.27553619    0.29120698    0.29777399    0.26960756    0.27673522    0.27952400    0.28112850    0.26923872    0.25518069    0.27479111    0.26960756    0.35507105    0.15327861    0.00602722    0.00000000    0.18965925    0.18714542
T15            0.28734347    0.25051151    0.25439031    0.25089584    0.23379158    0.28924689    0.27994483    0.25940861    0.27481137    0.28127243    0.24744961    0.25981170    0.25629898    0.25863344    0.24173793    0.22227606    0.25013733    0.23837513    0.34816398    0.18142130    0.18714542    0.18965925    0.00000000    0.00602722
T11            0.28453462    0.24477191    0.24860434    0.24210416    0.22522055    0.27994483    0.27077825    0.25051151    0.26568665    0.27204476    0.25089584    0.26337407    0.25981170    0.26213517    0.23907936    0.21968254    0.24744961    0.23274522    0.34152751    0.18158867    0.18464061    0.18714542    0.00602722    0.00000000

