24
T10            0.00000000    0.19514423    0.19234032    0.23573109    0.20842278    0.24821580    0.19906399    0.20333175    0.20619194    0.20271881    0.21098199    0.24783109    0.23982881    0.20811364    0.25481092    0.24248635    0.22929573    0.26065559    0.24717974    0.23796467    0.25611383    0.21355042    0.21210848    0.21523804
T18            0.19514423    0.00000000    0.00401208    0.09674363    0.06989143    0.11092715    0.08963817    0.09517276    0.09044233    0.09963755    0.09239742    0.12795866    0.12103245    0.09475140    0.14059385    0.13046021    0.10218873    0.13824560    0.21853360    0.21853360    0.24539453    0.20906864    0.21452790    0.20842278
T15            0.19234032    0.00401208    0.00000000    0.09227698    0.06762821    0.10851632    0.08732789    0.09280194    0.08809385    0.09725543    0.09005450    0.12546960    0.11856184    0.09239742    0.13804106    0.12795866    0.09978940    0.13569931    0.21558889    0.21558889    0.24229418    0.20619194    0.21386693    0.20556263
T22            0.23573109    0.09674363    0.09227698    0.00000000    0.09663397    0.15670205    0.11935142    0.13244667    0.13747493    0.13462956    0.12240430    0.16209030    0.15485114    0.12704920    0.17584019    0.17045932    0.13730213    0.16715363    0.27249572    0.27249572    0.29832918    0.26214291    0.25790820    0.25518876
T17            0.20842278    0.06989143    0.06762821    0.09663397    0.00000000    0.13512883    0.09634933    0.09949298    0.10428009    0.10398991    0.09674363    0.13244667    0.12546960    0.09910313    0.15027203    0.14255442    0.11138162    0.14274820    0.23230252    0.23230252    0.25973760    0.21098199    0.22749712    0.21612815
T4             0.24821580    0.11092715    0.10851632    0.15670205    0.13512883    0.00000000    0.09450667    0.16051841    0.14789325    0.16535810    0.14219099    0.18550514    0.17806152    0.15986873    0.20496995    0.19375432    0.15245466    0.18301517    0.27526239    0.27205257    0.29781008    0.26802912    0.27315501    0.26723725
T23            0.19906399    0.08963817    0.08732789    0.11935142    0.09634933    0.09450667    0.00000000    0.12732094    0.12979756    0.13199013    0.12447900    0.15412304    0.14693924    0.12692520    0.18008056    0.16940533    0.13965775    0.16433190    0.25014447    0.24709188    0.27481951    0.24038003    0.23946216    0.23975803
T8             0.20333175    0.09517276    0.09280194    0.13244667    0.09949298    0.16051841    0.12732094    0.00000000    0.04139762    0.03701302    0.04988307    0.07395531    0.06744095    0.06728119    0.14039067    0.13028278    0.10928151    0.13804106    0.23008208    0.23008208    0.25118907    0.22630696    0.23116756    0.21968740
T13            0.20619194    0.09044233    0.08809385    0.13747493    0.10428009    0.14789325    0.12979756    0.04139762    0.00000000    0.04128725    0.04988307    0.07622360    0.06969392    0.07614067    0.15594748    0.14552252    0.11911572    0.14833160    0.21596103    0.22111540    0.24185886    0.23532757    0.24021522    0.23756799
T12            0.20271881    0.09963755    0.09725543    0.13462956    0.10398991    0.16535810    0.13199013    0.03701302    0.04128725    0.00000000    0.05413288    0.08751078    0.08089189    0.07599603    0.13316597    0.13028278    0.11873892    0.15309196    0.22630696    0.22630696    0.24717974    0.23454300    0.23945223    0.23080851
T9             0.21098199    0.09239742    0.09005450    0.12240430    0.09674363    0.14219099    0.12447900    0.04988307    0.04988307    0.05413288    0.00000000    0.05621609    0.04982552    0.06700341    0.14492138    0.13478803    0.11122264    0.14511370    0.22891685    0.22891685    0.24985491    0.23116756    0.23379718    0.22749712
T20            0.24783109    0.12795866    0.12546960    0.16209030    0.13244667    0.18550514    0.15412304    0.07395531    0.07622360    0.08751078    0.05621609    0.00000000    0.01006772    0.10086045    0.17536386    0.16471689    0.14789325    0.17290731    0.24821580    0.24515375    0.26655022    0.26929616    0.27205257    0.25751642
T6             0.23982881    0.12103245    0.11856184    0.15485114    0.12546960    0.17806152    0.14693924    0.06744095    0.06969392    0.08089189    0.04982552    0.01006772    0.00000000    0.09410493    0.17069581    0.16007694    0.14080496    0.16558873    0.25254001    0.25254001    0.27437400    0.26108938    0.26381465    0.25481092
T7             0.20811364    0.09475140    0.09239742    0.12704920    0.09910313    0.15986873    0.12692520    0.06728119    0.07614067    0.07599603    0.06700341    0.10086045    0.09410493    0.00000000    0.15265890    0.14236867    0.11365705    0.14255442    0.22891685    0.22891685    0.24985491    0.22522574    0.22423042    0.21582200
T19            0.25481092    0.14059385    0.13804106    0.17584019    0.15027203    0.20496995    0.18008056    0.14039067    0.15594748    0.13316597    0.14492138    0.17536386    0.17069581    0.15265890    0.00000000    0.02242009    0.14619587    0.18429559    0.30109205    0.29655770    0.32020323    0.28320133    0.28735228    0.27803968
T1             0.24248635    0.13046021    0.12795866    0.17045932    0.14255442    0.19375432    0.16940533    0.13028278    0.14552252    0.13028278    0.13478803    0.16471689    0.16007694    0.14236867    0.02242009    0.00000000    0.13590519    0.17338625    0.28755406    0.28320133    0.31317222    0.26381465    0.27438731    0.25902350
T3             0.22929573    0.10218873    0.09978940    0.13730213    0.11138162    0.15245466    0.13965775    0.10928151    0.11911572    0.11873892    0.11122264    0.14789325    0.14080496    0.11365705    0.14619587    0.13590519    0.00000000    0.06276609    0.25848720    0.24678815    0.27200109    0.22593704    0.23379718    0.22522574
T5             0.26065559    0.13824560    0.13569931    0.16715363    0.14274820    0.18301517    0.16433190    0.13804106    0.14833160    0.15309196    0.14511370    0.17290731    0.16558873    0.14255442    0.18429559    0.17338625    0.06276609    0.00000000    0.30167804    0.30167804    0.32570590    0.25794027    0.26929616    0.26023209
T2             0.24717974    0.21853360    0.21558889    0.27249572    0.23230252    0.27526239    0.25014447    0.23008208    0.21596103    0.22630696    0.22891685    0.24821580    0.25254001    0.22891685    0.30109205    0.28755406    0.25848720    0.30167804    0.00000000    0.06511984    0.08529737    0.22333600    0.22891685    0.23153625
T0             0.23796467    0.21853360    0.21558889    0.27249572    0.23230252    0.27205257    0.24709188    0.23008208    0.22111540    0.22630696    0.22891685    0.24515375    0.25254001    0.22891685    0.29655770    0.28320133    0.24678815    0.30167804    0.06511984    0.00000000    0.04565974    0.23153625    0.23343884    0.23379718
T21            0.25611383    0.24539453    0.24229418    0.29832918    0.25973760    0.29781008    0.27481951    0.25118907    0.24185886    0.24717974    0.24985491    0.26655022    0.27437400    0.24985491    0.32020323    0.31317222    0.27200109    0.32570590    0.08529737    0.04565974    0.00000000    0.26108938    0.25669942    0.26338115
T14            0.21355042    0.20906864    0.20619194    0.26214291    0.21098199    0.26802912    0.24038003    0.22630696    0.23532757    0.23454300    0.23116756    0.26929616    0.26108938    0.22522574    0.28320133    0.26381465    0.22593704    0.25794027    0.22333600    0.23153625    0.26108938    0.00000000    0.05413288    0.06944944
T16            0.21210848    0.21452790    0.21386693    0.25790820    0.22749712    0.27315501    0.23946216    0.23116756    0.24021522    0.23945223    0.23379718    0.27205257    0.26381465    0.22423042    0.28735228    0.27438731    0.23379718    0.26929616    0.22891685    0.23343884    0.25669942    0.05413288    0.00000000    0.07374315
T11            0.21523804    0.20842278    0.20556263    0.25518876    0.21612815    0.26723725    0.23975803    0.21968740    0.23756799    0.23080851    0.22749712    0.25751642    0.25481092    0.21582200    0.27803968    0.25902350    0.22522574    0.26023209    0.23153625    0.23379718    0.26338115    0.06944944    0.07374315    0.00000000

