24
T8             0.00000000    0.39290216    0.35541355    0.22944066    0.21752769    0.23008956    0.28777603    0.23413212    0.20439189    0.19986843    0.20269527    0.19930901    0.21035053    0.20211989    0.19904292    0.20466469    0.23113555    0.19348378    0.27351283    0.23835005    0.21641683    0.21321793    0.25706331    0.23305933
T10            0.39290216    0.00000000    0.04565851    0.32013241    0.30219531    0.31660656    0.36530209    0.31043685    0.31847542    0.30692323    0.31043685    0.29876854    0.29818463    0.35425822    0.34752738    0.35491822    0.36173204    0.32361062    0.34125813    0.34869990    0.35056288    0.35731999    0.38577127    0.36724692
T17            0.35541355    0.04565851    0.00000000    0.27566913    0.25937695    0.27660614    0.33488008    0.27256887    0.27384025    0.26288059    0.26608916    0.25562766    0.25519427    0.30872586    0.29912018    0.30583928    0.31213120    0.27712080    0.30102034    0.30392540    0.31213120    0.31162393    0.34507181    0.32543452
T7             0.22944066    0.32013241    0.27566913    0.00000000    0.01829829    0.09195522    0.17092395    0.10684584    0.08281325    0.07403727    0.07177433    0.06271179    0.07155675    0.16675846    0.16431873    0.16431873    0.18006411    0.13630985    0.21416169    0.21208537    0.19373431    0.19348378    0.22040327    0.21493632
T14            0.21752769    0.30219531    0.25937695    0.01829829    0.00000000    0.08494988    0.15744394    0.09474633    0.07593196    0.06720960    0.06498202    0.05610063    0.06483041    0.15621306    0.15379843    0.15379843    0.16920677    0.13128630    0.20830108    0.19784970    0.17985100    0.17964672    0.21441037    0.20339324
T4             0.23008956    0.31660656    0.27660614    0.09195522    0.08494988    0.00000000    0.15765320    0.09487934    0.07825642    0.06952160    0.07177433    0.06714714    0.07606217    0.15669019    0.15170903    0.15428089    0.17781240    0.13655014    0.20339324    0.19853810    0.20269527    0.19678118    0.22389058    0.20694709
T2             0.28777603    0.36530209    0.33488008    0.17092395    0.15744394    0.15765320    0.00000000    0.08281325    0.15264603    0.14314759    0.14572623    0.13764532    0.13999766    0.23503513    0.23239281    0.23239281    0.26565258    0.21493632    0.28551782    0.27392274    0.27938258    0.26607444    0.30296409    0.28033948
T9             0.23413212    0.31043685    0.27256887    0.10684584    0.09474633    0.09487934    0.08281325    0.00000000    0.09501955    0.08616966    0.08852340    0.07662192    0.08808903    0.17582290    0.17336918    0.17336918    0.19512151    0.15744394    0.22128488    0.20778960    0.20937802    0.19763715    0.23077723    0.20778960
T11            0.20439189    0.31847542    0.27384025    0.08281325    0.07593196    0.07825642    0.15264603    0.09501955    0.00000000    0.02029433    0.02236484    0.04120232    0.04977352    0.13904485    0.13668247    0.13668247    0.15946474    0.12193426    0.19300982    0.18504057    0.18075609    0.17781240    0.20694709    0.19049336
T13            0.19986843    0.30692323    0.26288059    0.07403727    0.06720960    0.06952160    0.14314759    0.08616966    0.02029433    0.00000000    0.00200402    0.04128638    0.04988176    0.13212581    0.12978917    0.12978917    0.14728500    0.11270836    0.18754212    0.17512271    0.17362099    0.16800409    0.19678118    0.18051667
T23            0.20269527    0.31043685    0.26608916    0.07177433    0.06498202    0.07177433    0.14572623    0.08852340    0.02236484    0.00200402    0.00000000    0.03914479    0.04770752    0.13462057    0.13227772    0.13227772    0.14985692    0.11511296    0.19026848    0.17781240    0.17633269    0.17067942    0.19958418    0.18323568
T6             0.19930901    0.29876854    0.25562766    0.06271179    0.05610063    0.06714714    0.13764532    0.07662192    0.04120232    0.04128638    0.03914479    0.00000000    0.02031434    0.13184582    0.12950565    0.12950565    0.14948719    0.11250813    0.17945129    0.17203822    0.16777522    0.16490790    0.19072726    0.17469920
T18            0.21035053    0.29818463    0.25519427    0.07155675    0.06483041    0.07606217    0.13999766    0.08808903    0.04977352    0.04988176    0.04770752    0.02031434    0.00000000    0.14169703    0.13933016    0.13933016    0.15965582    0.11720572    0.17926474    0.16658082    0.17289115    0.16777522    0.19878594    0.18525950
T1             0.20211989    0.35425822    0.30872586    0.16675846    0.15621306    0.15669019    0.23503513    0.17582290    0.13904485    0.13212581    0.13462057    0.13184582    0.14169703    0.00000000    0.01008413    0.01008413    0.06487399    0.11711349    0.19217111    0.16903086    0.15946474    0.16450661    0.18254792    0.16413939
T12            0.19904292    0.34752738    0.29912018    0.16431873    0.15379843    0.15170903    0.23239281    0.17336918    0.13668247    0.12978917    0.13227772    0.12950565    0.13933016    0.01008413    0.00000000    0.00806483    0.06271179    0.11480693    0.19236707    0.16920677    0.15965582    0.16470301    0.18504057    0.16658082
T22            0.20466469    0.35491822    0.30583928    0.16431873    0.15379843    0.15428089    0.23239281    0.17336918    0.13668247    0.12978917    0.13227772    0.12950565    0.13933016    0.01008413    0.00806483    0.00000000    0.06271179    0.11480693    0.19236707    0.16920677    0.15965582    0.16470301    0.18775952    0.16920677
T20            0.23113555    0.36173204    0.31213120    0.18006411    0.16920677    0.17781240    0.26565258    0.19512151    0.15946474    0.14728500    0.14985692    0.14948719    0.15965582    0.06487399    0.06271179    0.06271179    0.00000000    0.13918345    0.22012859    0.18006411    0.18075609    0.18596959    0.20412832    0.19049336
T21            0.19348378    0.32361062    0.27712080    0.13630985    0.13128630    0.13655014    0.21493632    0.15744394    0.12193426    0.11270836    0.11511296    0.11250813    0.11720572    0.11711349    0.11480693    0.11480693    0.13918345    0.00000000    0.17395701    0.14631393    0.15224651    0.15686609    0.17737444    0.15910787
T0             0.27351283    0.34125813    0.30102034    0.21416169    0.20830108    0.20339324    0.28551782    0.22128488    0.19300982    0.18754212    0.19026848    0.17945129    0.17926474    0.19217111    0.19236707    0.19236707    0.22012859    0.17395701    0.00000000    0.16153399    0.17266499    0.17512271    0.20084172    0.18193993
T19            0.23835005    0.34869990    0.30392540    0.21208537    0.19784970    0.19853810    0.27392274    0.20778960    0.18504057    0.17512271    0.17781240    0.17203822    0.16658082    0.16903086    0.16920677    0.16920677    0.18006411    0.14631393    0.16153399    0.00000000    0.06519586    0.06735529    0.17203822    0.16431873
T3             0.21641683    0.35056288    0.31213120    0.19373431    0.17985100    0.20269527    0.27938258    0.20937802    0.18075609    0.17362099    0.17633269    0.16777522    0.17289115    0.15946474    0.15965582    0.15965582    0.18075609    0.15224651    0.17266499    0.06519586    0.00000000    0.03077583    0.16734291    0.15965582
T15            0.21321793    0.35731999    0.31162393    0.19348378    0.17964672    0.19678118    0.26607444    0.19763715    0.17781240    0.16800409    0.17067942    0.16490790    0.16777522    0.16450661    0.16470301    0.16470301    0.18596959    0.15686609    0.17512271    0.06735529    0.03077583    0.00000000    0.16713954    0.15686609
T5             0.25706331    0.38577127    0.34507181    0.22040327    0.21441037    0.22389058    0.30296409    0.23077723    0.20694709    0.19678118    0.19958418    0.19072726    0.19878594    0.18254792    0.18504057    0.18775952    0.20412832    0.17737444    0.20084172    0.17203822    0.16734291    0.16713954    0.00000000    0.03697620
T16            0.23305933    0.36724692    0.32543452    0.21493632    0.20339324    0.20694709    0.28033948    0.20778960    0.19049336    0.18051667    0.18323568    0.17469920    0.18525950    0.16413939    0.16658082    0.16920677    0.19049336    0.15910787    0.18193993    0.16431873    0.15965582    0.15686609    0.03697620    0.00000000

