24
T12            0.00000000    0.24670714    0.25395629    0.24897745    0.25480658    0.28877198    0.29724888    0.29960690    0.29912314    0.30793643    0.36003985    0.27660602    0.29012431    0.31213403    0.26019250    0.27206209    0.26513040    0.29391196    0.33849451    0.30399042    0.27061073    0.26650762    0.28036134    0.27336648
T10            0.24670714    0.00000000    0.05613245    0.07833083    0.10060104    0.11730770    0.12704347    0.15154893    0.15686814    0.15504181    0.28639120    0.22713954    0.24368358    0.28552207    0.22976276    0.23150382    0.23113629    0.24334962    0.27712373    0.26484319    0.22452593    0.22976276    0.23869845    0.23536528
T0             0.25395629    0.05613245    0.00000000    0.08319324    0.10329448    0.10803515    0.12282685    0.15985665    0.16755630    0.16581217    0.28684228    0.21292297    0.23503835    0.28188559    0.22128726    0.22294498    0.22259447    0.24067823    0.28078304    0.25588931    0.22192186    0.22128726    0.23905410    0.23570207
T3             0.24897745    0.07833083    0.08319324    0.00000000    0.08710637    0.11053576    0.12052114    0.16006418    0.16824199    0.16657722    0.29827247    0.23150382    0.24283706    0.28078304    0.22590590    0.22784429    0.22743773    0.23941961    0.26694982    0.26104701    0.22665290    0.22590590    0.23489554    0.22851633
T2             0.25480658    0.10060104    0.10329448    0.08710637    0.00000000    0.05828031    0.08060923    0.17909156    0.18194391    0.18548967    0.32680268    0.25175534    0.27513402    0.32236139    0.25515716    0.26250696    0.26210598    0.27476864    0.30348155    0.28751960    0.24302575    0.24840095    0.25823666    0.26025770
T20            0.28877198    0.11730770    0.10803515    0.11053576    0.05828031    0.00000000    0.09922082    0.20363279    0.19600921    0.19986960    0.34931075    0.26171541    0.28639120    0.32436386    0.26840108    0.26969540    0.27245144    0.28834339    0.31796605    0.29488586    0.26133528    0.26682293    0.28034226    0.28229318
T11            0.29724888    0.12704347    0.12282685    0.12052114    0.08060923    0.09922082    0.00000000    0.20694996    0.21869073    0.22294498    0.34689598    0.28403303    0.30534682    0.34931075    0.27477660    0.28926197    0.28875617    0.31162742    0.34993101    0.32194876    0.27477660    0.28034226    0.29440696    0.29627002
T23            0.29960690    0.15154893    0.15985665    0.16006418    0.17909156    0.20363279    0.20694996    0.00000000    0.13668463    0.13227890    0.37702316    0.31427663    0.33068755    0.36414682    0.31137690    0.32138850    0.32075349    0.34086326    0.37388754    0.34817244    0.30112584    0.30347266    0.31372358    0.30739565
T22            0.29912314    0.15686814    0.16755630    0.16824199    0.18194391    0.19600921    0.21869073    0.13668463    0.00000000    0.02440578    0.34024548    0.28217021    0.30451952    0.34387343    0.29259897    0.28523506    0.29139408    0.31082428    0.33849451    0.31541745    0.28169703    0.28730432    0.29724888    0.29108114
T17            0.30793643    0.15504181    0.16581217    0.16657722    0.18548967    0.19986960    0.22294498    0.13227890    0.02440578    0.00000000    0.34279050    0.28749647    0.30330848    0.34647207    0.29818180    0.29088642    0.29712889    0.31310363    0.34113324    0.31783776    0.29030626    0.29934068    0.30962714    0.30330848
T21            0.36003985    0.28639120    0.28684228    0.29827247    0.32680268    0.34931075    0.34689598    0.37702316    0.34024548    0.34279050    0.00000000    0.09673943    0.14676447    0.18255072    0.13494577    0.13803009    0.13278133    0.15464581    0.17828637    0.16248263    0.15809684    0.16291995    0.16824199    0.16800496
T6             0.27660602    0.22713954    0.21292297    0.23150382    0.25175534    0.26171541    0.28403303    0.31427663    0.28217021    0.28749647    0.09673943    0.00000000    0.07136656    0.11012853    0.06050942    0.06289035    0.05840841    0.08039416    0.10587047    0.08495090    0.08993563    0.09205429    0.09673943    0.09215988
T7             0.29012431    0.24368358    0.23503835    0.24283706    0.27513402    0.28639120    0.30534682    0.33068755    0.30451952    0.30330848    0.14676447    0.07136656    0.00000000    0.10539916    0.05831614    0.05846481    0.05185722    0.07587864    0.09877619    0.07374162    0.10814269    0.11031682    0.11511444    0.11021883
T4             0.31213403    0.28552207    0.28188559    0.28078304    0.32236139    0.32436386    0.34931075    0.36414682    0.34387343    0.34647207    0.18255072    0.11012853    0.10539916    0.00000000    0.06721004    0.08281396    0.07819065    0.11260614    0.13948652    0.11021883    0.14438456    0.14915257    0.15206065    0.14676447
T14            0.26019250    0.22976276    0.22128726    0.22590590    0.25515716    0.26840108    0.27477660    0.31137690    0.29259897    0.29818180    0.13494577    0.06050942    0.05831614    0.06721004    0.00000000    0.03705503    0.03277474    0.06276482    0.08760944    0.06498248    0.09685605    0.09898373    0.09922082    0.09887625
T8             0.27206209    0.23150382    0.22294498    0.22784429    0.26250696    0.26969540    0.28926197    0.32138850    0.28523506    0.29088642    0.13803009    0.06289035    0.05846481    0.08281396    0.03705503    0.00000000    0.01623202    0.06296340    0.08795830    0.06519597    0.09487929    0.09697999    0.10173209    0.09922082
T15            0.26513040    0.23113629    0.22259447    0.22743773    0.26210598    0.27245144    0.28875617    0.32075349    0.29139408    0.29712889    0.13278133    0.05840841    0.05185722    0.07819065    0.03277474    0.01623202    0.00000000    0.05846481    0.08319324    0.06067267    0.09005022    0.09215988    0.09685605    0.09439136
T1             0.29391196    0.24334962    0.24067823    0.23941961    0.27476864    0.28834339    0.31162742    0.34086326    0.31082428    0.31310363    0.15464581    0.08039416    0.07587864    0.11260614    0.06276482    0.06296340    0.05846481    0.00000000    0.03919202    0.04334409    0.11306706    0.11523167    0.11523167    0.11031682
T19            0.33849451    0.27712373    0.28078304    0.26694982    0.30348155    0.31796605    0.34993101    0.37388754    0.33849451    0.34113324    0.17828637    0.10587047    0.09877619    0.13948652    0.08760944    0.08795830    0.08319324    0.03919202    0.00000000    0.05852801    0.12794988    0.13010497    0.13010497    0.12499137
T13            0.30399042    0.26484319    0.25588931    0.26104701    0.28751960    0.29488586    0.32194876    0.34817244    0.31541745    0.31783776    0.16248263    0.08495090    0.07374162    0.11021883    0.06498248    0.06519597    0.06067267    0.04334409    0.05852801    0.00000000    0.11548917    0.11765376    0.11765376    0.11511444
T5             0.27061073    0.22452593    0.22192186    0.22665290    0.24302575    0.26133528    0.27477660    0.30112584    0.28169703    0.29030626    0.15809684    0.08993563    0.10814269    0.14438456    0.09685605    0.09487929    0.09005022    0.11306706    0.12794988    0.11548917    0.00000000    0.02241975    0.03937236    0.03715959
T18            0.26650762    0.22976276    0.22128726    0.22590590    0.24840095    0.26682293    0.28034226    0.30347266    0.28730432    0.29934068    0.16291995    0.09205429    0.11031682    0.14915257    0.09898373    0.09697999    0.09215988    0.11523167    0.13010497    0.11765376    0.02241975    0.00000000    0.04139650    0.03919202
T9             0.28036134    0.23869845    0.23905410    0.23489554    0.25823666    0.28034226    0.29440696    0.31372358    0.29724888    0.30962714    0.16824199    0.09673943    0.11511444    0.15206065    0.09922082    0.10173209    0.09685605    0.11523167    0.13010497    0.11765376    0.03937236    0.04139650    0.00000000    0.01824813
T16            0.27336648    0.23536528    0.23570207    0.22851633    0.26025770    0.28229318    0.29627002    0.30739565    0.29108114    0.30330848    0.16800496    0.09215988    0.11021883    0.14676447    0.09887625    0.09922082    0.09439136    0.11031682    0.12499137    0.11511444    0.03715959    0.03919202    0.01824813    0.00000000

