24
T19            0.00000000    0.47623482    0.45949662    0.48022194    0.49065834    0.46047174    0.46750578    0.48702629    0.47055452    0.45004344    0.40534861    0.43092273    0.41674851    0.20699743    0.20367387    0.20983435    0.20444191    0.20727080    0.20983435    0.22306852    0.19963537    0.20245635    0.21616276    0.20245635
T23            0.47623482    0.00000000    0.06537894    0.07196116    0.07663074    0.07228447    0.07186722    0.06989588    0.08369792    0.08398799    0.39094338    0.44034660    0.41999789    0.43680107    0.43512262    0.43256529    0.42667363    0.43089171    0.43854236    0.44972905    0.40193490    0.40845476    0.44907903    0.45350337
T22            0.45949662    0.06537894    0.00000000    0.04334568    0.04771021    0.07423504    0.07388047    0.06960883    0.08563703    0.08356339    0.39023788    0.42667363    0.40687253    0.42186437    0.42038329    0.41778501    0.41191070    0.41597363    0.42340643    0.43012476    0.39561339    0.40208928    0.42919198    0.42919198
T20            0.48022194    0.07196116    0.04334568    0.00000000    0.00805163    0.08089666    0.08053575    0.07850625    0.08772813    0.09031293    0.42086187    0.44628241    0.42583393    0.44112206    0.43952986    0.43690461    0.43092273    0.43512262    0.44277818    0.45399312    0.40610328    0.42086187    0.43173624    0.44449826
T16            0.49065834    0.07663074    0.04771021    0.00805163    0.00000000    0.08563703    0.08520477    0.08320209    0.09253208    0.09518137    0.43003413    0.45600790    0.43514582    0.43770666    0.44455328    0.44194213    0.44020780    0.44449826    0.45228574    0.46367747    0.41503240    0.43003413    0.44107321    0.45411408
T15            0.46047174    0.07228447    0.07423504    0.08089666    0.08563703    0.00000000    0.04982703    0.04349634    0.08343589    0.08603592    0.41344187    0.45158373    0.42249100    0.43935824    0.43770666    0.43092273    0.42919198    0.42919198    0.43256529    0.45228574    0.40439140    0.41916305    0.44719854    0.44285164
T18            0.46750578    0.07186722    0.07388047    0.08053575    0.08520477    0.04982703    0.00000000    0.02853734    0.07614393    0.08089666    0.41446877    0.44793916    0.42755391    0.43350692    0.43195394    0.42521227    0.42340643    0.42755391    0.43512262    0.44621394    0.40284220    0.41753838    0.44107321    0.44107321
T14            0.48702629    0.06989588    0.06960883    0.07850625    0.08320209    0.04349634    0.02853734    0.00000000    0.08100465    0.08356339    0.42667363    0.46146345    0.43603717    0.44706848    0.44537555    0.43852453    0.44107321    0.44538232    0.45319173    0.46460927    0.41173630    0.43089171    0.45949662    0.45949662
T8             0.47055452    0.08369792    0.08563703    0.08772813    0.09253208    0.08343589    0.07614393    0.08100465    0.00000000    0.02660546    0.40610328    0.44376470    0.41916305    0.40317203    0.40179385    0.40715365    0.40534861    0.40937879    0.41674851    0.42755391    0.38919372    0.39561339    0.43943661    0.43943661
T0             0.45004344    0.08398799    0.08356339    0.09031293    0.09518137    0.08603592    0.08089666    0.08356339    0.02660546    0.00000000    0.40360958    0.42418067    0.41668237    0.39275752    0.39141475    0.39667659    0.39487814    0.39094338    0.40610328    0.41674851    0.37894028    0.38527425    0.42839890    0.42839890
T1             0.40534861    0.39094338    0.39023788    0.42086187    0.43003413    0.41344187    0.41446877    0.42667363    0.40610328    0.40360958    0.00000000    0.05182334    0.05831805    0.37183853    0.37442477    0.37556663    0.35411585    0.35411585    0.35003786    0.37442477    0.34851160    0.35210537    0.39207903    0.39854130
T3             0.43092273    0.44034660    0.42667363    0.44628241    0.45600790    0.45158373    0.44793916    0.46146345    0.44376470    0.42418067    0.05182334    0.00000000    0.06051169    0.38436241    0.38692144    0.38820577    0.36986974    0.36246850    0.35463920    0.38310765    0.36053718    0.36423794    0.40506086    0.42111620
T10            0.41674851    0.41999789    0.40687253    0.42583393    0.43514582    0.42249100    0.42755391    0.43603717    0.41916305    0.41668237    0.05831805    0.06051169    0.00000000    0.36870180    0.37127467    0.37241605    0.37183853    0.37183853    0.34345016    0.37018802    0.35156895    0.35265480    0.39398687    0.40574374
T6             0.20699743    0.43680107    0.42186437    0.44112206    0.43770666    0.43935824    0.43350692    0.44706848    0.40317203    0.39275752    0.37183853    0.38436241    0.36870180    0.00000000    0.01007292    0.01827056    0.09888549    0.10124543    0.10350444    0.11984954    0.08290473    0.10160961    0.16597980    0.15851735
T9             0.20367387    0.43512262    0.42038329    0.43952986    0.44455328    0.43770666    0.43195394    0.44537555    0.40179385    0.39141475    0.37442477    0.38692144    0.37127467    0.01007292    0.00000000    0.01620846    0.09653670    0.09888549    0.10113892    0.11742656    0.08061527    0.09923270    0.16830445    0.15571427
T7             0.20983435    0.43256529    0.41778501    0.43690461    0.44194213    0.43092273    0.42521227    0.43852453    0.40715365    0.39667659    0.37556663    0.38820577    0.37241605    0.01827056    0.01620846    0.00000000    0.09674959    0.09910957    0.10135939    0.11766707    0.08079575    0.09950102    0.16857960    0.16109034
T21            0.20444191    0.42667363    0.41191070    0.43092273    0.44020780    0.42919198    0.42340643    0.44107321    0.40534861    0.39487814    0.35411585    0.36986974    0.37183853    0.09888549    0.09653670    0.09674959    0.00000000    0.01617907    0.04124284    0.06505085    0.05646619    0.07196116    0.15583162    0.13848865
T2             0.20727080    0.43089171    0.41597363    0.43512262    0.44449826    0.42919198    0.42755391    0.44538232    0.40937879    0.39094338    0.35411585    0.36246850    0.37183853    0.10124543    0.09888549    0.09910957    0.01617907    0.00000000    0.03697746    0.06282778    0.05867947    0.07423504    0.15838479    0.14096564
T13            0.20983435    0.43854236    0.42340643    0.44277818    0.45228574    0.43256529    0.43512262    0.45319173    0.41674851    0.40610328    0.35003786    0.35463920    0.34345016    0.10350444    0.10113892    0.10135939    0.04124284    0.03697746    0.00000000    0.05626951    0.06082040    0.07413590    0.16082058    0.14835637
T5             0.22306852    0.44972905    0.43012476    0.45399312    0.46367747    0.45228574    0.44621394    0.46460927    0.42755391    0.41674851    0.37442477    0.38310765    0.37018802    0.11984954    0.11742656    0.11766707    0.06505085    0.06282778    0.05626951    0.00000000    0.08079575    0.09451267    0.17849119    0.16571821
T12            0.19963537    0.40193490    0.39561339    0.40610328    0.41503240    0.40439140    0.40284220    0.41173630    0.38919372    0.37894028    0.34851160    0.36053718    0.35156895    0.08290473    0.08061527    0.08079575    0.05646619    0.05867947    0.06082040    0.08079575    0.00000000    0.05876346    0.15367547    0.14130426
T17            0.20245635    0.40845476    0.40208928    0.42086187    0.43003413    0.41916305    0.41753838    0.43089171    0.39561339    0.38527425    0.35210537    0.36423794    0.35265480    0.10160961    0.09923270    0.09950102    0.07196116    0.07423504    0.07413590    0.09451267    0.05876346    0.00000000    0.15913355    0.14917314
T4             0.21616276    0.44907903    0.42919198    0.43173624    0.44107321    0.44719854    0.44107321    0.45949662    0.43943661    0.42839890    0.39207903    0.40506086    0.39398687    0.16597980    0.16830445    0.16857960    0.15583162    0.15838479    0.16082058    0.17849119    0.15367547    0.15913355    0.00000000    0.04120385
T11            0.20245635    0.45350337    0.42919198    0.44449826    0.45411408    0.44285164    0.44107321    0.45949662    0.43943661    0.42839890    0.39854130    0.42111620    0.40574374    0.15851735    0.15571427    0.16109034    0.13848865    0.14096564    0.14835637    0.16571821    0.14130426    0.14917314    0.04120385    0.00000000

