24
T12            0.00000000    0.36593738    0.36220080    0.35502785    0.36717492    0.33574966    0.33626864    0.33734383    0.33680003    0.37282940    0.39072489    0.38434121    0.34090700    0.30927061    0.31601189    0.34392642    0.22307452    0.23045413    0.24018158    0.19987039    0.19987039    0.18953237    0.20463919    0.19323427
T17            0.36593738    0.00000000    0.00200402    0.14915274    0.15504224    0.14948908    0.14710434    0.14491142    0.14985834    0.24335042    0.26096657    0.25244901    0.25860823    0.21780762    0.22301712    0.25281085    0.35934466    0.34689894    0.37153731    0.31989990    0.31989990    0.31796797    0.31746117    0.30393202
T0             0.36220080    0.00200402    0.00000000    0.14660715    0.15244356    0.14693040    0.14455219    0.14235925    0.14728645    0.24636489    0.25787750    0.24939768    0.25551912    0.21494034    0.22013330    0.25281085    0.35559384    0.34325765    0.36778677    0.31648311    0.31648311    0.31453938    0.31404434    0.30060628
T19            0.35502785    0.14915274    0.14660715    0.00000000    0.07606284    0.09626687    0.09402043    0.09186506    0.09643372    0.23383010    0.24809008    0.23973418    0.26334751    0.21780762    0.21961372    0.25142514    0.34567227    0.34695837    0.36541939    0.32485040    0.32485040    0.31601189    0.32236281    0.31555257
T15            0.36717492    0.15504224    0.15244356    0.07606284    0.00000000    0.09195607    0.08972821    0.08760956    0.09216001    0.22854535    0.24271262    0.23737558    0.26407489    0.21726604    0.21961372    0.24905542    0.34689894    0.34449580    0.36657640    0.31894607    0.31894607    0.31017899    0.31308957    0.29974156
T5             0.33574966    0.14948908    0.14693040    0.09626687    0.09195607    0.00000000    0.00602721    0.03280831    0.03701246    0.23677341    0.24809008    0.23677341    0.25175613    0.21441518    0.21110961    0.24905542    0.34689894    0.33734383    0.37404939    0.31555257    0.31555257    0.30681969    0.31989990    0.30304524
T21            0.33626864    0.14710434    0.14455219    0.09402043    0.08972821    0.00602721    0.00000000    0.03073393    0.03492716    0.23411746    0.24240892    0.23411746    0.24905542    0.21183023    0.20852958    0.24636489    0.34753107    0.33790001    0.37467606    0.31601189    0.31601189    0.30728008    0.32039476    0.30348285
T23            0.33734383    0.14491142    0.14235925    0.09186506    0.08760956    0.03280831    0.03073393    0.00000000    0.00805155    0.23176995    0.24302647    0.23176995    0.24368447    0.20951531    0.21183023    0.24402858    0.34515126    0.33904948    0.36841193    0.31017899    0.31017899    0.30151683    0.31453938    0.29774112
T14            0.33680003    0.14985834    0.14728645    0.09643372    0.09216001    0.03701246    0.03492716    0.00805155    0.00000000    0.23737558    0.24872338    0.23737558    0.24335042    0.20925473    0.21158050    0.24368447    0.34450763    0.33846857    0.36778677    0.30971894    0.30971894    0.30105584    0.31404434    0.29730256
T6             0.37282940    0.24335042    0.24636489    0.23383010    0.22854535    0.23677341    0.23411746    0.23176995    0.23737558    0.00000000    0.04120254    0.04549489    0.22944441    0.18233983    0.18463366    0.20668861    0.33307041    0.34507776    0.34282542    0.33680003    0.33680003    0.32436583    0.33904948    0.32839740
T7             0.39072489    0.26096657    0.25787750    0.24809008    0.24271262    0.24809008    0.24240892    0.24302647    0.24872338    0.04120254    0.00000000    0.03483245    0.23536618    0.19279046    0.19237182    0.21753205    0.34993392    0.34392642    0.35502785    0.35250270    0.35250270    0.33980650    0.35115606    0.34392642
T18            0.38434121    0.25244901    0.24939768    0.23973418    0.23737558    0.23677341    0.23411746    0.23176995    0.23737558    0.04549489    0.03483245    0.00000000    0.23536618    0.19049672    0.19279046    0.21809275    0.34387643    0.34147598    0.34890107    0.34282542    0.34282542    0.33029291    0.34507776    0.33082405
T10            0.34090700    0.25860823    0.25551912    0.26334751    0.26407489    0.25175613    0.24905542    0.24368447    0.24335042    0.22944441    0.23536618    0.23536618    0.00000000    0.09652828    0.10793524    0.12731441    0.31556467    0.31696621    0.33824960    0.30348285    0.30348285    0.30728008    0.31696621    0.30439272
T13            0.30927061    0.21780762    0.21494034    0.21780762    0.21726604    0.21441518    0.21183023    0.20951531    0.20925473    0.18233983    0.19279046    0.19049672    0.09652828    0.00000000    0.04323725    0.06721007    0.27629659    0.27792681    0.29815032    0.26417851    0.26417851    0.26202004    0.26541538    0.25321000
T8             0.31601189    0.22301712    0.22013330    0.21961372    0.21961372    0.21110961    0.20852958    0.21183023    0.21158050    0.18463366    0.19237182    0.19279046    0.10793524    0.04323725    0.00000000    0.05200347    0.27235385    0.26477537    0.29420589    0.26666685    0.26666685    0.26447154    0.26541538    0.25020474
T11            0.34392642    0.25281085    0.25281085    0.25142514    0.24905542    0.24905542    0.24636489    0.24402858    0.24368447    0.20668861    0.21753205    0.21809275    0.12731441    0.06721007    0.05200347    0.00000000    0.29579907    0.29402057    0.31804025    0.29892284    0.29892284    0.29687539    0.29402057    0.28430216
T1             0.22307452    0.35934466    0.35559384    0.34567227    0.34689894    0.34689894    0.34753107    0.34515126    0.34450763    0.33307041    0.34993392    0.34387643    0.31556467    0.27629659    0.27235385    0.29579907    0.00000000    0.05213445    0.06721007    0.12812864    0.12812864    0.12619653    0.14431311    0.13145232
T3             0.23045413    0.34689894    0.34325765    0.34695837    0.34449580    0.33734383    0.33790001    0.33904948    0.33846857    0.34507776    0.34392642    0.34147598    0.31696621    0.27792681    0.26477537    0.29402057    0.05213445    0.00000000    0.07144778    0.12746163    0.12746163    0.12546164    0.15116171    0.13568881
T20            0.24018158    0.37153731    0.36778677    0.36541939    0.36657640    0.37404939    0.37467606    0.36841193    0.36778677    0.34282542    0.35502785    0.34890107    0.33824960    0.29815032    0.29420589    0.31804025    0.06721007    0.07144778    0.00000000    0.14660715    0.14660715    0.14455219    0.16292048    0.14985834
T9             0.19987039    0.31989990    0.31648311    0.32485040    0.31894607    0.31555257    0.31601189    0.31017899    0.30971894    0.33680003    0.35250270    0.34282542    0.30348285    0.26417851    0.26666685    0.29892284    0.12812864    0.12746163    0.14660715    0.00000000    0.00000000    0.02859740    0.07155744    0.06266687
T4             0.19987039    0.31989990    0.31648311    0.32485040    0.31894607    0.31555257    0.31601189    0.31017899    0.30971894    0.33680003    0.35250270    0.34282542    0.30348285    0.26417851    0.26666685    0.29892284    0.12812864    0.12746163    0.14660715    0.00000000    0.00000000    0.02859740    0.07155744    0.06266687
T22            0.18953237    0.31796797    0.31453938    0.31601189    0.31017899    0.30681969    0.30728008    0.30151683    0.30105584    0.32436583    0.33980650    0.33029291    0.30728008    0.26202004    0.26447154    0.29687539    0.12619653    0.12546164    0.14455219    0.02859740    0.02859740    0.00000000    0.06282418    0.05185722
T16            0.20463919    0.31746117    0.31404434    0.32236281    0.31308957    0.31989990    0.32039476    0.31453938    0.31404434    0.33904948    0.35115606    0.34507776    0.31696621    0.26541538    0.26541538    0.29402057    0.14431311    0.15116171    0.16292048    0.07155744    0.07155744    0.06282418    0.00000000    0.02653186
T2             0.19323427    0.30393202    0.30060628    0.31555257    0.29974156    0.30304524    0.30348285    0.29774112    0.29730256    0.32839740    0.34392642    0.33082405    0.30439272    0.25321000    0.25020474    0.28430216    0.13145232    0.13568881    0.14985834    0.06266687    0.06266687    0.05185722    0.02653186    0.00000000

