24
T14            0.00000000    0.55258546    0.56311449    0.61958453    0.26393482    0.34932418    0.33967834    0.36024860    0.32718576    0.32127664    0.33832815    0.26668674    0.32271566    0.27259500    0.28699999    0.28135829    0.28456483    0.29474554    0.28256800    0.27976581    0.25162405    0.25162405    0.26562938    0.26982257
T5             0.55258546    0.00000000    0.11236962    0.12463345    0.41233254    0.51775048    0.50542253    0.51022576    0.46948050    0.45364802    0.47943222    0.46072218    0.46684590    0.47065973    0.44243254    0.44413774    0.45282178    0.47880333    0.46261590    0.45026924    0.42465851    0.42051573    0.43397133    0.44681738
T1             0.56311449    0.11236962    0.00000000    0.11467344    0.45812554    0.54751438    0.52009459    0.53193145    0.49754961    0.48116565    0.50780071    0.47039915    0.49020138    0.48475738    0.48292542    0.47572029    0.48475738    0.49571571    0.48839219    0.46858461    0.46246606    0.45812554    0.47670877    0.48114031
T6             0.61958453    0.12463345    0.11467344    0.00000000    0.50809783    0.59513621    0.58680505    0.58680505    0.52110628    0.51353819    0.54192234    0.51666810    0.52110628    0.52264817    0.51834027    0.52045470    0.52045470    0.55978209    0.53143444    0.52759470    0.50334105    0.49862945    0.52535199    0.54396691
T8             0.26393482    0.41233254    0.45812554    0.50809783    0.00000000    0.20120525    0.19336075    0.20171439    0.19084431    0.18039129    0.19385964    0.16196765    0.18184792    0.16440001    0.18493261    0.17193402    0.17459175    0.17747246    0.17522243    0.16478948    0.14666724    0.14921595    0.16144326    0.15935867
T4             0.34932418    0.51775048    0.54751438    0.59513621    0.20120525    0.00000000    0.01827134    0.09007833    0.07179066    0.06953659    0.06961897    0.14479449    0.18016634    0.14717179    0.15973743    0.14938242    0.15195098    0.15252080    0.13249474    0.15013177    0.13735338    0.13483673    0.13673544    0.13718668
T10            0.33967834    0.50542253    0.52009459    0.58680505    0.19336075    0.01827134    0.00000000    0.08333147    0.06970836    0.06745420    0.07207440    0.14006416    0.17522243    0.14242530    0.15491805    0.14461636    0.14717179    0.14261319    0.12783439    0.14537811    0.13266469    0.13016065    0.13452428    0.13249474
T22            0.36024860    0.51022576    0.53193145    0.58680505    0.20171439    0.09007833    0.08333147    0.00000000    0.08091082    0.07861501    0.08333147    0.14993197    0.19161036    0.15272743    0.17568692    0.16499715    0.16764807    0.16521341    0.14775089    0.15842599    0.14498084    0.14242530    0.15453291    0.14993197
T17            0.32718576    0.46948050    0.49754961    0.52110628    0.19084431    0.07179066    0.06970836    0.08091082    0.00000000    0.01007309    0.01829989    0.13016065    0.16478948    0.13752817    0.15252080    0.14224557    0.14479449    0.15013177    0.13302850    0.14301337    0.13033219    0.12783439    0.13467646    0.13016065
T23            0.32127664    0.45364802    0.48116565    0.51353819    0.18039129    0.06953659    0.06745420    0.07861501    0.01007309    0.00000000    0.01623326    0.12057002    0.15472127    0.12783439    0.14261319    0.13249474    0.13500507    0.14025358    0.12551593    0.13322232    0.12073221    0.11827149    0.12503910    0.12057002
T15            0.33832815    0.47943222    0.50780071    0.54192234    0.19385964    0.06961897    0.07207440    0.08333147    0.01829989    0.01623326    0.00000000    0.13284262    0.16764807    0.14025358    0.15272743    0.14242530    0.14498084    0.15294237    0.13069901    0.14580798    0.13302850    0.13051165    0.13735338    0.13284262
T7             0.26668674    0.46072218    0.47039915    0.51666810    0.16196765    0.14479449    0.14006416    0.14993197    0.13016065    0.12057002    0.13284262    0.00000000    0.08071480    0.05207479    0.11057077    0.09890420    0.09890420    0.10854890    0.09925372    0.09465125    0.08345278    0.08113543    0.08975165    0.08753067
T2             0.32271566    0.46684590    0.49020138    0.52110628    0.18184792    0.18016634    0.17522243    0.19161036    0.16478948    0.15472127    0.16764807    0.08071480    0.00000000    0.06290232    0.14699529    0.13687769    0.14444648    0.15752725    0.13988286    0.13249474    0.12751188    0.12503910    0.12476071    0.12736252
T0             0.27259500    0.47065973    0.48475738    0.52264817    0.16440001    0.14717179    0.14242530    0.15272743    0.13752817    0.12783439    0.14025358    0.05207479    0.06290232    0.00000000    0.11285678    0.10115813    0.10352482    0.11324243    0.09676855    0.09218670    0.08985322    0.08753067    0.09412506    0.09207960
T21            0.28699999    0.44243254    0.48292542    0.51834027    0.18493261    0.15973743    0.15491805    0.17568692    0.15252080    0.14261319    0.15272743    0.11057077    0.14699529    0.11285678    0.00000000    0.01415528    0.01620904    0.10841682    0.09676855    0.09218670    0.08062757    0.07834773    0.08490013    0.08975165
T18            0.28135829    0.44413774    0.47572029    0.52045470    0.17193402    0.14938242    0.14461636    0.16499715    0.14224557    0.13249474    0.14242530    0.09890420    0.13687769    0.10115813    0.01415528    0.00000000    0.00603658    0.09912975    0.08763408    0.08311031    0.06946123    0.06722246    0.07594651    0.07389071
T13            0.28456483    0.45282178    0.48475738    0.52045470    0.17459175    0.15195098    0.14717179    0.16764807    0.14479449    0.13500507    0.14498084    0.09890420    0.14444648    0.10352482    0.01620904    0.00603658    0.00000000    0.10150224    0.08996212    0.08542212    0.06946123    0.06722246    0.07594651    0.08071480
T19            0.29474554    0.47880333    0.49571571    0.55978209    0.17747246    0.15252080    0.14261319    0.16521341    0.15013177    0.14025358    0.15294237    0.10854890    0.15752725    0.11324243    0.10841682    0.09912975    0.10150224    0.00000000    0.05214454    0.08371677    0.08321730    0.08091082    0.08975165    0.09242292
T9             0.28256800    0.46261590    0.48839219    0.53143444    0.17522243    0.13249474    0.12783439    0.14775089    0.13302850    0.12551593    0.13069901    0.09925372    0.13988286    0.09676855    0.09676855    0.08763408    0.08996212    0.05214454    0.00000000    0.06786044    0.07424765    0.07197281    0.07389071    0.08101956
T16            0.27976581    0.45026924    0.46858461    0.52759470    0.16478948    0.15013177    0.14537811    0.15842599    0.14301337    0.13322232    0.14580798    0.09465125    0.13249474    0.09218670    0.09218670    0.08311031    0.08542212    0.08371677    0.06786044    0.00000000    0.06980473    0.06754539    0.06946123    0.07653297
T11            0.25162405    0.42465851    0.46246606    0.50334105    0.14666724    0.13735338    0.13266469    0.14498084    0.13033219    0.12073221    0.13302850    0.08345278    0.12751188    0.08985322    0.08062757    0.06946123    0.06946123    0.08321730    0.07424765    0.06980473    0.00000000    0.00200404    0.04120685    0.06521024
T12            0.25162405    0.42051573    0.45812554    0.49862945    0.14921595    0.13483673    0.13016065    0.14242530    0.12783439    0.11827149    0.13051165    0.08113543    0.12503910    0.08753067    0.07834773    0.06722246    0.06722246    0.08091082    0.07197281    0.06754539    0.00200404    0.00000000    0.03907382    0.06297638
T3             0.26562938    0.43397133    0.47670877    0.52535199    0.16144326    0.13673544    0.13452428    0.15453291    0.13467646    0.12503910    0.13735338    0.08975165    0.12476071    0.09412506    0.08490013    0.07594651    0.07594651    0.08975165    0.07389071    0.06946123    0.04120685    0.03907382    0.00000000    0.06939293
T20            0.26982257    0.44681738    0.48114031    0.54396691    0.15935867    0.13718668    0.13249474    0.14993197    0.13016065    0.12057002    0.13284262    0.08753067    0.12736252    0.09207960    0.08975165    0.07389071    0.08071480    0.09242292    0.08101956    0.07653297    0.06521024    0.06297638    0.06939293    0.00000000

