24
T6             0.00000000    0.33186642    0.33044688    0.31813653    0.33691051    0.38180616    0.36613558    0.34797159    0.34492705    0.33786800    0.32199570    0.31952374    0.32345454    0.33339766    0.33090762    0.32938232    0.34463631    0.31707617    0.45832177    0.32207590    0.27124281    0.26807222    0.31415394    0.31366717
T14            0.33186642    0.00000000    0.01210033    0.01620842    0.03063072    0.14662397    0.13199770    0.09839200    0.09613400    0.10078733    0.14096424    0.13375049    0.13632376    0.15126505    0.17119048    0.14886516    0.16961246    0.15190227    0.29126487    0.25216329    0.22376921    0.22947421    0.24829906    0.24810265
T20            0.33044688    0.01210033    0.00000000    0.01619061    0.03062086    0.14143180    0.13186092    0.09833637    0.09607618    0.10071863    0.14086817    0.13365624    0.13621517    0.15112673    0.17104177    0.14872494    0.16941814    0.15173043    0.29084481    0.25145127    0.22075491    0.22641125    0.24810265    0.24791703
T4             0.31813653    0.01620842    0.01619061    0.00000000    0.01821988    0.13186092    0.12241096    0.08928386    0.08705137    0.09164046    0.13129795    0.12417702    0.12670621    0.14143180    0.16108806    0.13906115    0.15948966    0.14203112    0.27597652    0.23747986    0.20735998    0.21290626    0.23708090    0.23689710
T19            0.33691051    0.03063072    0.03062086    0.01821988    0.00000000    0.14409025    0.13420920    0.09598332    0.09833637    0.10298961    0.14078049    0.13357023    0.13611481    0.15099687    0.17381756    0.15141179    0.17452882    0.15671291    0.28561076    0.25418917    0.22057882    0.22621908    0.24247780    0.24810265
T7             0.38180616    0.14662397    0.14143180    0.13186092    0.14409025    0.00000000    0.16758476    0.13420920    0.13186092    0.13683984    0.19166628    0.18394152    0.18948934    0.20022013    0.22202101    0.20088000    0.22017645    0.19833743    0.32792476    0.31901774    0.27380011    0.28008059    0.29427301    0.29393490
T18            0.36613558    0.13199770    0.13186092    0.12241096    0.13420920    0.16758476    0.00000000    0.06528593    0.06313504    0.06763143    0.17586184    0.16830235    0.17366191    0.18679114    0.20220696    0.18160609    0.20065071    0.17415552    0.30559721    0.28954964    0.25763866    0.25816008    0.26291628    0.26268654
T8             0.34797159    0.09839200    0.09833637    0.08928386    0.09598332    0.13420920    0.06528593    0.00000000    0.01414127    0.01824842    0.14291543    0.13568738    0.14063043    0.15298345    0.17811560    0.15307691    0.17629591    0.15595560    0.29249898    0.27764232    0.23747986    0.24083973    0.24197178    0.24757832
T17            0.34492705    0.09613400    0.09607618    0.08705137    0.09833637    0.13186092    0.06313504    0.01414127    0.00000000    0.00401615    0.14543118    0.13817803    0.14317190    0.15560398    0.17823085    0.15317903    0.17645858    0.15353693    0.28399286    0.27482588    0.23480109    0.23815617    0.24501498    0.24484865
T1             0.33786800    0.10078733    0.10071863    0.09164046    0.10298961    0.13683984    0.06763143    0.01824842    0.00401615    0.00000000    0.15039704    0.14309496    0.14815033    0.16069692    0.18349861    0.15825903    0.18178300    0.15865625    0.29043602    0.28100836    0.23480109    0.23815617    0.25083610    0.25065274
T3             0.32199570    0.14096424    0.14086817    0.13129795    0.14078049    0.19166628    0.17586184    0.14291543    0.14543118    0.15039704    0.00000000    0.02236528    0.01824842    0.02444455    0.09852603    0.09439961    0.09910825    0.09240257    0.25148392    0.23769495    0.19659578    0.20203608    0.20675148    0.21209374
T10            0.31952374    0.13375049    0.13365624    0.12417702    0.13357023    0.18394152    0.16830235    0.13568738    0.13817803    0.14309496    0.02236528    0.00000000    0.01623245    0.02660530    0.10103889    0.09228175    0.09699047    0.09031145    0.24609049    0.23235142    0.20514525    0.21070720    0.20978625    0.21516209
T16            0.32345454    0.13632376    0.13621517    0.12670621    0.13611481    0.18948934    0.17366191    0.14063043    0.14317190    0.14815033    0.01824842    0.01623245    0.00000000    0.02245749    0.10113781    0.09240257    0.09712249    0.09044828    0.24946124    0.23548284    0.19982710    0.20534290    0.20445066    0.20978625
T9             0.33339766    0.15126505    0.15112673    0.14143180    0.15099687    0.20022013    0.18679114    0.15298345    0.15560398    0.16069692    0.02444455    0.02660530    0.02245749    0.00000000    0.10599770    0.09936164    0.10413810    0.10219644    0.26140807    0.24160390    0.20555009    0.21114340    0.21812882    0.22357505
T23            0.33090762    0.17119048    0.17104177    0.16108806    0.17381756    0.22202101    0.20220696    0.17811560    0.17823085    0.18349861    0.09852603    0.10103889    0.10113781    0.10599770    0.00000000    0.04765692    0.08540552    0.10866122    0.26892652    0.24970185    0.21290626    0.21851501    0.23135983    0.23119248
T12            0.32938232    0.14886516    0.14872494    0.13906115    0.15141179    0.20088000    0.18160609    0.15307691    0.15317903    0.15825903    0.09439961    0.09228175    0.09240257    0.09936164    0.04765692    0.00000000    0.08124047    0.09995619    0.25325414    0.25933181    0.21940578    0.22514404    0.22969488    0.22947421
T2             0.34463631    0.16961246    0.16941814    0.15948966    0.17452882    0.22017645    0.20065071    0.17629591    0.17645858    0.18178300    0.09910825    0.09699047    0.09712249    0.10413810    0.08540552    0.08124047    0.00000000    0.10720819    0.25558794    0.26928573    0.23094920    0.23682283    0.25025407    0.24997271
T5             0.31707617    0.15190227    0.15173043    0.14203112    0.15671291    0.19833743    0.17415552    0.15595560    0.15353693    0.15865625    0.09240257    0.09031145    0.09044828    0.10219644    0.10866122    0.09995619    0.10720819    0.00000000    0.25363900    0.26652514    0.22888461    0.22888461    0.23332837    0.23306896
T13            0.45832177    0.29126487    0.29084481    0.27597652    0.28561076    0.32792476    0.30559721    0.29249898    0.28399286    0.29043602    0.25148392    0.24609049    0.24946124    0.26140807    0.26892652    0.25325414    0.25558794    0.25363900    0.00000000    0.37496950    0.34241812    0.34598563    0.35927392    0.35522450
T0             0.32207590    0.25216329    0.25145127    0.23747986    0.25418917    0.31901774    0.28954964    0.27764232    0.27482588    0.28100836    0.23769495    0.23235142    0.23548284    0.24160390    0.24970185    0.25933181    0.26928573    0.26652514    0.37496950    0.00000000    0.12241096    0.12732856    0.21916837    0.21894075
T22            0.27124281    0.22376921    0.22075491    0.20735998    0.22057882    0.27380011    0.25763866    0.23747986    0.23480109    0.23480109    0.19659578    0.20514525    0.19982710    0.20555009    0.21290626    0.21940578    0.23094920    0.22888461    0.34241812    0.12241096    0.00000000    0.00804442    0.17433777    0.17415552
T21            0.26807222    0.22947421    0.22641125    0.21290626    0.22621908    0.28008059    0.25816008    0.24083973    0.23815617    0.23815617    0.20203608    0.21070720    0.20534290    0.21114340    0.21851501    0.22514404    0.23682283    0.22888461    0.34598563    0.12732856    0.00804442    0.00000000    0.17967663    0.17948006
T15            0.31415394    0.24829906    0.24810265    0.23708090    0.24247780    0.29427301    0.26291628    0.24197178    0.24501498    0.25083610    0.20675148    0.20978625    0.20445066    0.21812882    0.23135983    0.22969488    0.25025407    0.23332837    0.35927392    0.21916837    0.17433777    0.17967663    0.00000000    0.00401106
T11            0.31366717    0.24810265    0.24791703    0.23689710    0.24810265    0.29393490    0.26268654    0.24757832    0.24484865    0.25065274    0.21209374    0.21516209    0.20978625    0.22357505    0.23119248    0.22947421    0.24997271    0.23306896    0.35522450    0.21894075    0.17415552    0.17948006    0.00401106    0.00000000

