24
T8             0.00000000    0.34563472    0.25360632    0.26519683    0.29176198    0.29176198    0.30122472    0.32700777    0.37250375    0.36312969    0.35023886    0.37181553    0.36868838    0.34662969    0.33348602    0.31912609    0.28766337    0.29049783    0.28807409    0.30696823    0.25491880    0.27009135    0.20139499    0.20369713
T18            0.34563472    0.00000000    0.17837333    0.23980766    0.26371536    0.26371536    0.30043756    0.32411872    0.36825814    0.34824925    0.33564712    0.37342190    0.35936585    0.35578338    0.33910517    0.30589495    0.29366415    0.30232808    0.30624067    0.32062043    0.25848016    0.26982514    0.29622625    0.29304467
T5             0.25360632    0.17837333    0.00000000    0.17824867    0.19749424    0.19749424    0.21216222    0.22807310    0.27042297    0.25001337    0.24489130    0.25603124    0.25633175    0.25029552    0.23896281    0.21376212    0.19475811    0.19694015    0.20004375    0.22644188    0.17950087    0.18970179    0.20579411    0.20859180
T10            0.26519683    0.23980766    0.17824867    0.00000000    0.06505311    0.06505311    0.12967030    0.15449835    0.19262993    0.17435742    0.16436198    0.19055426    0.18531728    0.17454898    0.15656018    0.14172807    0.13645168    0.14860616    0.14887888    0.16831860    0.11985705    0.12927751    0.22060708    0.22060708
T19            0.29176198    0.26371536    0.19749424    0.06505311    0.00000000    0.00000000    0.13768107    0.17098250    0.21014240    0.19128905    0.18380350    0.20531982    0.19713262    0.19713262    0.17834524    0.15468575    0.14188241    0.15672907    0.15449835    0.19242303    0.14022215    0.14989755    0.25330447    0.25330447
T1             0.29176198    0.26371536    0.19749424    0.06505311    0.00000000    0.00000000    0.13768107    0.17098250    0.21014240    0.19128905    0.18380350    0.20531982    0.19713262    0.19713262    0.17834524    0.15468575    0.14188241    0.15672907    0.15449835    0.19242303    0.14022215    0.14989755    0.25330447    0.25330447
T6             0.30122472    0.30043756    0.21216222    0.12967030    0.13768107    0.13768107    0.00000000    0.12981720    0.19685395    0.17834524    0.16829747    0.19490309    0.18960432    0.18132584    0.16297052    0.15312607    0.15748906    0.17540306    0.16782744    0.20702251    0.14814072    0.16055460    0.26970945    0.26970945
T17            0.32700777    0.32411872    0.22807310    0.15449835    0.17098250    0.17098250    0.12981720    0.00000000    0.22235218    0.20880565    0.19833775    0.22045772    0.21203127    0.20054719    0.18989518    0.18354575    0.19685395    0.21014240    0.19938241    0.23982600    0.18159355    0.18628988    0.28443988    0.28443988
T22            0.37250375    0.36825814    0.27042297    0.19262993    0.21014240    0.21014240    0.19685395    0.22235218    0.00000000    0.02239009    0.04327920    0.08530622    0.08079950    0.07850974    0.06512495    0.16805820    0.22107032    0.24013407    0.22309710    0.25633175    0.21330453    0.21588371    0.29146867    0.29791493
T7             0.36312969    0.34824925    0.25001337    0.17435742    0.19128905    0.19128905    0.17834524    0.20880565    0.02239009    0.00000000    0.03274884    0.07641854    0.07196439    0.06744706    0.05426452    0.15290409    0.20474175    0.22338263    0.20675798    0.23924034    0.19994657    0.20474175    0.26733959    0.27352558
T14            0.35023886    0.33564712    0.24489130    0.16436198    0.18380350    0.18380350    0.16829747    0.19833775    0.04327920    0.03274884    0.00000000    0.06763539    0.06323259    0.05672590    0.04573111    0.14277629    0.19433449    0.21271444    0.19632391    0.24250125    0.19239472    0.19713262    0.26212283    0.26828995
T13            0.37181553    0.37342190    0.25603124    0.19055426    0.20531982    0.20531982    0.19490309    0.22045772    0.08530622    0.07641854    0.06763539    0.00000000    0.01212537    0.08576792    0.07217344    0.16829747    0.21043386    0.22629511    0.20958769    0.25664288    0.21203127    0.22565265    0.28687573    0.29334352
T16            0.36868838    0.35936585    0.25633175    0.18531728    0.19713262    0.19713262    0.18960432    0.21203127    0.08079950    0.07196439    0.06323259    0.01212537    0.00000000    0.08124636    0.06773985    0.15269032    0.20502616    0.22077389    0.20420079    0.25089132    0.20658653    0.22010311    0.28085849    0.28726391
T0             0.34662969    0.35578338    0.25029552    0.17454898    0.19713262    0.19713262    0.18132584    0.20054719    0.07850974    0.06744706    0.05672590    0.08576792    0.08124636    0.00000000    0.03295037    0.15791933    0.21073469    0.22659897    0.20702251    0.26002930    0.20593480    0.21361372    0.27073846    0.27698281
T3             0.33348602    0.33910517    0.23896281    0.15656018    0.17834524    0.17834524    0.16297052    0.18989518    0.06512495    0.05426452    0.04573111    0.07217344    0.06773985    0.03295037    0.00000000    0.13515290    0.19155203    0.20702251    0.18804618    0.23657257    0.18132584    0.18878504    0.26212283    0.26828995
T4             0.31912609    0.30589495    0.21376212    0.14172807    0.15468575    0.15468575    0.15312607    0.18354575    0.16805820    0.15290409    0.14277629    0.16829747    0.15269032    0.15791933    0.13515290    0.00000000    0.17271820    0.19607259    0.18011889    0.19711541    0.16805820    0.17271820    0.26552573    0.26244215
T21            0.28766337    0.29366415    0.19475811    0.13645168    0.14188241    0.14188241    0.15748906    0.19685395    0.22107032    0.20474175    0.19433449    0.21043386    0.20502616    0.21073469    0.19155203    0.17271820    0.00000000    0.07842106    0.06952967    0.14873831    0.11841218    0.12780896    0.23020051    0.23310416
T15            0.29049783    0.30232808    0.19694015    0.14860616    0.15672907    0.15672907    0.17540306    0.21014240    0.24013407    0.22338263    0.21271444    0.22629511    0.22077389    0.22659897    0.20702251    0.19607259    0.07842106    0.00000000    0.02862991    0.15914721    0.13030543    0.14239440    0.24406745    0.25301320
T12            0.28807409    0.30624067    0.20004375    0.14887888    0.15449835    0.15449835    0.16782744    0.19938241    0.22309710    0.20675798    0.19632391    0.20958769    0.20420079    0.20702251    0.18804618    0.18011889    0.06952967    0.02862991    0.00000000    0.15142615    0.12318053    0.13515290    0.24164213    0.25058818
T2             0.30696823    0.32062043    0.22644188    0.16831860    0.19242303    0.19242303    0.20702251    0.23982600    0.25633175    0.23924034    0.24250125    0.25664288    0.25089132    0.26002930    0.23657257    0.19711541    0.14873831    0.15914721    0.15142615    0.00000000    0.14918516    0.16157380    0.27206648    0.27514007
T11            0.25491880    0.25848016    0.17950087    0.11985705    0.14022215    0.14022215    0.14814072    0.18159355    0.21330453    0.19994657    0.19239472    0.21203127    0.20658653    0.20593480    0.18132584    0.16805820    0.11841218    0.13030543    0.12318053    0.14918516    0.00000000    0.03077792    0.21423485    0.21423485
T20            0.27009135    0.26982514    0.18970179    0.12927751    0.14989755    0.14989755    0.16055460    0.18628988    0.21588371    0.20474175    0.19713262    0.22565265    0.22010311    0.21361372    0.18878504    0.17271820    0.12780896    0.14239440    0.13515290    0.16157380    0.03077792    0.00000000    0.23071373    0.23071373
T9             0.20139499    0.29622625    0.20579411    0.22060708    0.25330447    0.25330447    0.26970945    0.28443988    0.29146867    0.26733959    0.26212283    0.28687573    0.28085849    0.27073846    0.26212283    0.26552573    0.23020051    0.24406745    0.24164213    0.27206648    0.21423485    0.23071373    0.00000000    0.02233566
T23            0.20369713    0.29304467    0.20859180    0.22060708    0.25330447    0.25330447    0.26970945    0.28443988    0.29791493    0.27352558    0.26828995    0.29334352    0.28726391    0.27698281    0.26828995    0.26244215    0.23310416    0.25301320    0.25058818    0.27514007    0.21423485    0.23071373    0.02233566    0.00000000

