24
T13            0.00000000    0.43561945    0.39351944    0.43561945    0.44067244    0.16059246    0.16615908    0.20855062    0.19587912    0.21400078    0.20599956    0.13938421    0.11999660    0.11999660    0.16160438    0.14921177    0.12708467    0.12230962    0.13954112    0.16702450    0.13217571    0.20607212    0.20399760    0.20681339
T3             0.43561945    0.00000000    0.06933075    0.11285442    0.11930131    0.45404301    0.46202327    0.47262616    0.47299798    0.50461102    0.50461102    0.46513846    0.43726141    0.43726141    0.46236531    0.42798117    0.44842144    0.41969717    0.44409924    0.47484772    0.44497605    0.55326046    0.54146899    0.54146899
T23            0.39351944    0.06933075    0.00000000    0.12012760    0.12429644    0.41223978    0.42823060    0.42975869    0.44754195    0.46866100    0.46866100    0.42544076    0.39524238    0.39524238    0.41892811    0.39451442    0.39774555    0.37898084    0.40172189    0.45626219    0.41876661    0.51284772    0.50166109    0.50166109
T4             0.43561945    0.11285442    0.12012760    0.00000000    0.05847394    0.43473483    0.44243680    0.46609695    0.45110279    0.48338210    0.48804979    0.45188291    0.42880053    0.42880053    0.43814634    0.41154923    0.42880053    0.38787877    0.43981436    0.46589262    0.44497605    0.51828570    0.51450839    0.51450839
T20            0.44067244    0.11930131    0.12429644    0.05847394    0.00000000    0.46867498    0.47676763    0.49692748    0.49199610    0.51237772    0.51237772    0.50272572    0.46680288    0.46680288    0.48565336    0.45709630    0.47128049    0.42339230    0.46943679    0.49857958    0.48396743    0.56401970    0.56524119    0.56524119
T0             0.16059246    0.45404301    0.41223978    0.43473483    0.46867498    0.00000000    0.01619106    0.10854687    0.11999660    0.11811304    0.11110525    0.17298752    0.14479079    0.14479079    0.18809182    0.17521691    0.15212840    0.14207039    0.13938421    0.18286883    0.14973648    0.24353301    0.23853879    0.24155113
T2             0.16615908    0.46202327    0.42823060    0.44243680    0.47676763    0.01619106    0.00000000    0.11353578    0.12287362    0.11826910    0.11125846    0.17864303    0.15012785    0.15012785    0.19385289    0.18086209    0.16278256    0.14479079    0.14716793    0.18857814    0.15511902    0.24995225    0.24495183    0.24801068
T14            0.20855062    0.47262616    0.42975869    0.46609695    0.49692748    0.10854687    0.11353578    0.00000000    0.11015491    0.14973648    0.14497718    0.22176256    0.19971659    0.19971659    0.23786623    0.22176256    0.20197562    0.19108399    0.19083767    0.22929559    0.19385289    0.27296445    0.26782830    0.27099411
T8             0.19587912    0.47299798    0.44754195    0.45110279    0.49199610    0.11999660    0.12287362    0.11015491    0.00000000    0.16215493    0.14955324    0.22027193    0.20399760    0.20399760    0.24826515    0.23723402    0.20630971    0.18452743    0.19795734    0.22841191    0.18994375    0.28305180    0.27778689    0.28096226
T11            0.21400078    0.50461102    0.46866100    0.48338210    0.51237772    0.11811304    0.11826910    0.14973648    0.16215493    0.00000000    0.02029533    0.22436876    0.19943749    0.19943749    0.24353301    0.23256844    0.20225354    0.19359881    0.19060046    0.23193187    0.19359881    0.29429440    0.28255318    0.29233090
T12            0.20599956    0.50461102    0.46866100    0.48804979    0.51237772    0.11110525    0.11125846    0.14497718    0.14955324    0.02029533    0.00000000    0.21625916    0.19160386    0.19160386    0.23224517    0.22436876    0.19438843    0.18583217    0.18833046    0.22960999    0.19133940    0.28536596    0.28017746    0.28341550
T5             0.13938421    0.46513846    0.42544076    0.45188291    0.50272572    0.17298752    0.17864303    0.22176256    0.22027193    0.22436876    0.21625916    0.00000000    0.06091066    0.06091066    0.08743319    0.08310914    0.08996075    0.10191198    0.11811304    0.14735276    0.11338417    0.18222521    0.17746666    0.18016039
T17            0.11999660    0.43726141    0.39524238    0.42880053    0.46680288    0.14479079    0.15012785    0.19971659    0.20399760    0.19943749    0.19160386    0.06091066    0.00000000    0.00000000    0.05836639    0.05633400    0.07414689    0.08113433    0.09218523    0.12272083    0.08763277    0.16160438    0.15693708    0.15953915
T10            0.11999660    0.43726141    0.39524238    0.42880053    0.46680288    0.14479079    0.15012785    0.19971659    0.20399760    0.19943749    0.19160386    0.06091066    0.00000000    0.00000000    0.05836639    0.05633400    0.07414689    0.08113433    0.09218523    0.12272083    0.08763277    0.16160438    0.15693708    0.15953915
T7             0.16160438    0.46236531    0.41892811    0.43814634    0.48565336    0.18809182    0.19385289    0.23786623    0.24826515    0.24353301    0.23224517    0.08743319    0.05836639    0.05836639    0.00000000    0.05841671    0.10590084    0.11324020    0.13718332    0.16987271    0.12735960    0.20306013    0.20095708    0.20095708
T6             0.14921177    0.42798117    0.39451442    0.41154923    0.45709630    0.17521691    0.18086209    0.22176256    0.23723402    0.23256844    0.22436876    0.08310914    0.05633400    0.05633400    0.05841671    0.00000000    0.09676692    0.11125846    0.12766634    0.15993507    0.12287362    0.19037239    0.18559213    0.18833046
T9             0.12708467    0.44842144    0.39774555    0.42880053    0.47128049    0.15212840    0.16278256    0.20197562    0.20630971    0.20225354    0.19438843    0.08996075    0.07414689    0.07414689    0.10590084    0.09676692    0.00000000    0.08321614    0.10375628    0.13483352    0.08996075    0.17705807    0.17232577    0.17499779
T15            0.12230962    0.41969717    0.37898084    0.38787877    0.42339230    0.14207039    0.14479079    0.19108399    0.18452743    0.19359881    0.18583217    0.10191198    0.08113433    0.08113433    0.11324020    0.11125846    0.08321614    0.00000000    0.10868656    0.13500189    0.10163020    0.18536108    0.18061931    0.18334274
T22            0.13954112    0.44409924    0.40172189    0.43981436    0.46943679    0.13938421    0.14716793    0.19083767    0.19795734    0.19060046    0.18833046    0.11811304    0.09218523    0.09218523    0.13718332    0.12766634    0.10375628    0.10868656    0.00000000    0.08071366    0.05207434    0.14973648    0.14006076    0.14735276
T18            0.16702450    0.47484772    0.45626219    0.46589262    0.49857958    0.18286883    0.18857814    0.22929559    0.22841191    0.23193187    0.22960999    0.14735276    0.12272083    0.12272083    0.16987271    0.15993507    0.13483352    0.13500189    0.08071366    0.00000000    0.06290163    0.18809182    0.17791076    0.18559213
T1             0.13217571    0.44497605    0.41876661    0.44497605    0.48396743    0.14973648    0.15511902    0.19385289    0.18994375    0.19359881    0.19133940    0.11338417    0.08763277    0.08763277    0.12735960    0.12287362    0.08996075    0.10163020    0.05207434    0.06290163    0.00000000    0.14955324    0.13987942    0.14716793
T19            0.20607212    0.55326046    0.51284772    0.51828570    0.56401970    0.24353301    0.24995225    0.27296445    0.28305180    0.29429440    0.28536596    0.18222521    0.16160438    0.16160438    0.20306013    0.19037239    0.17705807    0.18536108    0.14973648    0.18809182    0.14955324    0.00000000    0.01617413    0.02233070
T16            0.20399760    0.54146899    0.50166109    0.51450839    0.56524119    0.23853879    0.24495183    0.26782830    0.27778689    0.28255318    0.28017746    0.17746666    0.15693708    0.15693708    0.20095708    0.18559213    0.17232577    0.18061931    0.14006076    0.17791076    0.13987942    0.01617413    0.00000000    0.01415525
T21            0.20681339    0.54146899    0.50166109    0.51450839    0.56524119    0.24155113    0.24801068    0.27099411    0.28096226    0.29233090    0.28341550    0.18016039    0.15953915    0.15953915    0.20095708    0.18833046    0.17499779    0.18334274    0.14735276    0.18559213    0.14716793    0.02233070    0.01415525    0.00000000

