24
T2             0.00000000    0.20218509    0.18577688    0.16400386    0.16400386    0.19432381    0.15769310    0.16759794    0.36932773    0.34412366    0.35810037    0.16962553    0.17763567    0.13230317    0.15029666    0.14172402    0.12706289    0.12706289    0.13699754    0.18080781    0.19154182    0.18959322    0.15174074    0.16435619
T10            0.20218509    0.00000000    0.06282905    0.10086806    0.10086806    0.12501284    0.20674779    0.21787502    0.40315958    0.39340613    0.40053209    0.26035452    0.25662833    0.22543123    0.23449219    0.22833451    0.20835851    0.20835851    0.20322276    0.25797583    0.27323327    0.27768447    0.23628208    0.24219189
T23            0.18577688    0.06282905    0.00000000    0.10330631    0.10330631    0.12764041    0.19306296    0.20393458    0.38240340    0.36294356    0.37708977    0.25151370    0.25390413    0.21707048    0.23184685    0.21993206    0.20300432    0.20300432    0.20023818    0.25762316    0.27284205    0.26221868    0.23070269    0.24248791
T18            0.16400386    0.10086806    0.10330631    0.00000000    0.00804445    0.11564923    0.17682466    0.18738135    0.39637385    0.37392500    0.38457564    0.22779949    0.23019064    0.19748734    0.20881736    0.20536192    0.18395673    0.18395673    0.19203086    0.22833451    0.23981263    0.24848688    0.19966277    0.21072727
T15            0.16400386    0.10086806    0.10330631    0.00804445    0.00000000    0.11564923    0.17682466    0.18738135    0.39637385    0.37023753    0.38081863    0.22491313    0.22730436    0.19748734    0.20881736    0.20259587    0.18395673    0.18395673    0.19203086    0.22833451    0.23981263    0.24848688    0.19966277    0.21072727
T21            0.19432381    0.12501284    0.12764041    0.11564923    0.11564923    0.00000000    0.20445592    0.22136302    0.43249335    0.41308587    0.42452838    0.23981263    0.24219189    0.20649316    0.22396951    0.21116359    0.20601220    0.20601220    0.20601220    0.26731227    0.28283996    0.28327319    0.23097377    0.23981263
T4             0.15769310    0.20674779    0.19306296    0.17682466    0.17682466    0.20445592    0.00000000    0.07196285    0.35830471    0.32994744    0.34356195    0.21270273    0.21557278    0.18328796    0.19181331    0.18281755    0.16454528    0.16454528    0.17786048    0.20473056    0.22167815    0.23086918    0.18530929    0.19582163
T14            0.16759794    0.21787502    0.20393458    0.18738135    0.18738135    0.22136302    0.07196285    0.00000000    0.38378097    0.35442575    0.36864573    0.22337038    0.22628230    0.20190924    0.21072194    0.20138527    0.17989679    0.17989679    0.19354004    0.21816245    0.22952334    0.23879076    0.19835542    0.20906109
T17            0.36932773    0.40315958    0.38240340    0.39637385    0.39637385    0.43249335    0.35830471    0.38378097    0.00000000    0.05632931    0.06067753    0.39728030    0.41569889    0.37620893    0.36679369    0.38378097    0.35057903    0.35057903    0.35416060    0.37937451    0.39018365    0.38196138    0.34302030    0.35365041
T22            0.34412366    0.39340613    0.36294356    0.37392500    0.37023753    0.41308587    0.32994744    0.35442575    0.05632931    0.00000000    0.01212532    0.36620321    0.39147002    0.35690908    0.34412366    0.35214938    0.32252106    0.32252106    0.31909915    0.36368203    0.37428070    0.36368203    0.32113343    0.34195307
T20            0.35810037    0.40053209    0.37708977    0.38457564    0.38081863    0.42452838    0.34356195    0.36864573    0.06067753    0.01212532    0.00000000    0.38060050    0.39859876    0.37114113    0.35810037    0.36620321    0.33241920    0.33241920    0.33592545    0.37806688    0.38892371    0.36309201    0.34144224    0.35577025
T13            0.16962553    0.26035452    0.25151370    0.22779949    0.22491313    0.23981263    0.21270273    0.22337038    0.39728030    0.36620321    0.38060050    0.00000000    0.04995007    0.10204384    0.10429291    0.08994774    0.17701413    0.17701413    0.18508893    0.22136302    0.23879076    0.23914937    0.18759110    0.21163843
T6             0.17763567    0.25662833    0.25390413    0.23019064    0.22730436    0.24219189    0.21557278    0.22628230    0.41569889    0.39147002    0.39859876    0.04995007    0.00000000    0.10686732    0.11401064    0.09463479    0.17741966    0.17741966    0.18553861    0.21617855    0.23349997    0.24217657    0.19031951    0.21163843
T0             0.13230317    0.22543123    0.21707048    0.19748734    0.19748734    0.20649316    0.18328796    0.20190924    0.37620893    0.35690908    0.37114113    0.10204384    0.10686732    0.00000000    0.04349696    0.05419622    0.14157819    0.14157819    0.14409944    0.18056682    0.19405350    0.19937171    0.15414387    0.17701413
T16            0.15029666    0.23449219    0.23184685    0.20881736    0.20881736    0.22396951    0.19181331    0.21072194    0.36679369    0.34412366    0.35810037    0.10429291    0.11401064    0.04349696    0.00000000    0.06074614    0.15191271    0.15191271    0.15449281    0.19964874    0.21072194    0.21682218    0.15950122    0.18259568
T1             0.14172402    0.22833451    0.21993206    0.20536192    0.20259587    0.21116359    0.18281755    0.20138527    0.38378097    0.35214938    0.36620321    0.08994774    0.09463479    0.05419622    0.06074614    0.00000000    0.15398203    0.15398203    0.15655536    0.19657415    0.21042163    0.21587092    0.16156870    0.18467524
T11            0.12706289    0.20835851    0.20300432    0.18395673    0.18395673    0.20601220    0.16454528    0.17989679    0.35057903    0.32252106    0.33241920    0.17701413    0.17741966    0.14157819    0.15191271    0.15398203    0.00000000    0.00000000    0.02034138    0.11809035    0.13533100    0.13514789    0.09420185    0.10340335
T8             0.12706289    0.20835851    0.20300432    0.18395673    0.18395673    0.20601220    0.16454528    0.17989679    0.35057903    0.32252106    0.33241920    0.17701413    0.17741966    0.14157819    0.15191271    0.15398203    0.00000000    0.00000000    0.02034138    0.11809035    0.13533100    0.13514789    0.09420185    0.10340335
T7             0.13699754    0.20322276    0.20023818    0.19203086    0.19203086    0.20601220    0.17786048    0.19354004    0.35416060    0.31909915    0.33592545    0.18508893    0.18553861    0.14409944    0.15449281    0.15655536    0.02034138    0.02034138    0.00000000    0.13299409    0.14554677    0.14021655    0.09888868    0.11295697
T9             0.18080781    0.25797583    0.25762316    0.22833451    0.22833451    0.26731227    0.20473056    0.21816245    0.37937451    0.36368203    0.37806688    0.22136302    0.21617855    0.18056682    0.19964874    0.19657415    0.11809035    0.11809035    0.13299409    0.00000000    0.02447365    0.12602999    0.09923589    0.12565987
T12            0.19154182    0.27323327    0.27284205    0.23981263    0.23981263    0.28283996    0.22167815    0.22952334    0.39018365    0.37428070    0.38892371    0.23879076    0.23349997    0.19405350    0.21072194    0.21042163    0.13533100    0.13533100    0.14554677    0.02447365    0.00000000    0.13592779    0.11108430    0.13299409
T19            0.18959322    0.27768447    0.26221868    0.24848688    0.24848688    0.28327319    0.23086918    0.23879076    0.38196138    0.36368203    0.36309201    0.23914937    0.24217657    0.19937171    0.21682218    0.21587092    0.13514789    0.13514789    0.14021655    0.12602999    0.13592779    0.00000000    0.12815614    0.14297310
T3             0.15174074    0.23628208    0.23070269    0.19966277    0.19966277    0.23097377    0.18530929    0.19835542    0.34302030    0.32113343    0.34144224    0.18759110    0.19031951    0.15414387    0.15950122    0.16156870    0.09420185    0.09420185    0.09888868    0.09923589    0.11108430    0.12815614    0.00000000    0.05836235
T5             0.16435619    0.24219189    0.24248791    0.21072727    0.21072727    0.23981263    0.19582163    0.20906109    0.35365041    0.34195307    0.35577025    0.21163843    0.21163843    0.17701413    0.18259568    0.18467524    0.10340335    0.10340335    0.11295697    0.12565987    0.13299409    0.14297310    0.05836235    0.00000000

