24
T0             0.00000000    0.22308894    0.20345290    0.20649599    0.23879686    0.23185118    0.23981657    0.21422769    0.22516985    0.37879471    0.33242940    0.27725885    0.27171250    0.25059501    0.19801545    0.22076566    0.22461278    0.20592684    0.22397417    0.23216247    0.19937552    0.21329645    0.20985288    0.23018232
T10            0.22308894    0.00000000    0.02859845    0.02862978    0.09965091    0.11794424    0.12216949    0.15487746    0.16495152    0.30993824    0.26578305    0.23125836    0.22599257    0.22952817    0.17539784    0.20931736    0.20728906    0.18628375    0.22985035    0.22047907    0.19379560    0.19631743    0.19859851    0.20701533
T13            0.20345290    0.02859845    0.00000000    0.01212534    0.09031681    0.10362083    0.10548947    0.13967794    0.14952120    0.29595426    0.25059501    0.21422769    0.20906379    0.20958040    0.16495152    0.20113991    0.19910733    0.17294108    0.21270672    0.19812662    0.17228337    0.17969297    0.17701573    0.18238470
T8             0.20649599    0.02862978    0.01212534    0.00000000    0.09045396    0.10374062    0.10794835    0.13985013    0.14970335    0.29643154    0.24485186    0.20881970    0.20369052    0.20419387    0.15989654    0.19582425    0.19379560    0.16782257    0.20445954    0.19835794    0.17249393    0.17989886    0.17721436    0.18259793
T7             0.23879686    0.09965091    0.09031681    0.09045396    0.00000000    0.12584312    0.12748548    0.15814236    0.16829233    0.31283792    0.27581724    0.25638616    0.24485186    0.23952481    0.19268635    0.22755964    0.21392384    0.19550021    0.23087554    0.23018232    0.20592684    0.21650094    0.20786454    0.21072671
T18            0.23185118    0.11794424    0.10362083    0.10374062    0.12584312    0.00000000    0.05396058    0.16538998    0.17563305    0.32402946    0.28004809    0.24249170    0.23125836    0.23185118    0.18033728    0.21164100    0.20675096    0.18131988    0.24110869    0.22047907    0.19884831    0.20931736    0.20090079    0.21500858
T21            0.23981657    0.12216949    0.10548947    0.10794835    0.12748548    0.05396058    0.00000000    0.16435779    0.17454426    0.32159184    0.29415846    0.25905714    0.24757862    0.24219524    0.19010417    0.22180912    0.22543423    0.18282009    0.24311527    0.22443615    0.19812662    0.20858514    0.20536298    0.21658444
T17            0.21422769    0.15487746    0.13967794    0.13985013    0.15814236    0.16538998    0.16435779    0.00000000    0.04757196    0.29332881    0.24612418    0.24881617    0.24044244    0.23512670    0.18877883    0.22047907    0.21557702    0.18877883    0.23844780    0.21215483    0.18852372    0.19606626    0.20164601    0.21299686
T11            0.22516985    0.16495152    0.14952120    0.14970335    0.16829233    0.17563305    0.17454426    0.04757196    0.00000000    0.31324978    0.25526170    0.27602044    0.26731907    0.24344233    0.20218913    0.23449639    0.22952817    0.19993935    0.25291735    0.22308894    0.19354309    0.19559144    0.20113991    0.20958040
T3             0.37879471    0.30993824    0.29595426    0.29643154    0.31283792    0.32402946    0.32159184    0.29332881    0.31324978    0.00000000    0.07186941    0.38124994    0.37873027    0.35751231    0.32995843    0.36141287    0.36310513    0.33101896    0.37939170    0.33096885    0.33294115    0.35634577    0.34910265    0.34910265
T19            0.33242940    0.26578305    0.25059501    0.24485186    0.27581724    0.28004809    0.29415846    0.24612418    0.25526170    0.07186941    0.00000000    0.33810807    0.33568595    0.31574918    0.28981327    0.31278548    0.31081477    0.28745889    0.33986798    0.29332881    0.28284816    0.30455039    0.30455039    0.31130295
T14            0.27725885    0.23125836    0.21422769    0.20881970    0.25638616    0.24249170    0.25905714    0.24881617    0.27602044    0.38124994    0.33810807    0.00000000    0.01620857    0.05213948    0.14989375    0.17809706    0.17885096    0.14989375    0.21941339    0.20164601    0.18158743    0.18406385    0.18852372    0.20247449
T22            0.27171250    0.22599257    0.20906379    0.20369052    0.24485186    0.23125836    0.24757862    0.24044244    0.26731907    0.37873027    0.33568595    0.01620857    0.00000000    0.04356065    0.13497440    0.17049289    0.17123208    0.14771206    0.21135601    0.19937552    0.17393884    0.17639064    0.18081102    0.18353986
T6             0.25059501    0.22952817    0.20958040    0.20419387    0.23952481    0.23185118    0.24219524    0.23512670    0.24344233    0.35751231    0.31574918    0.05213948    0.04356065    0.00000000    0.12780616    0.15950300    0.16538998    0.13533305    0.19489605    0.17786321    0.15837814    0.16078447    0.16782257    0.18131988
T15            0.19801545    0.17539784    0.16495152    0.15989654    0.19268635    0.18033728    0.19010417    0.18877883    0.20218913    0.32995843    0.28981327    0.14989375    0.13497440    0.12780616    0.00000000    0.06041063    0.06938598    0.05860368    0.13806527    0.12797825    0.11351502    0.12070623    0.11308565    0.12285076
T4             0.22076566    0.20931736    0.20113991    0.19582425    0.22755964    0.21164100    0.22180912    0.22047907    0.23449639    0.36141287    0.31278548    0.17809706    0.17049289    0.15950300    0.06041063    0.00000000    0.05632956    0.07819706    0.15969555    0.15672529    0.13732219    0.14221229    0.14918177    0.16211712
T12            0.22461278    0.20728906    0.19910733    0.19379560    0.21392384    0.20675096    0.22543423    0.21557702    0.22952817    0.36310513    0.31081477    0.17885096    0.17123208    0.16538998    0.06938598    0.05632956    0.00000000    0.08299946    0.17639064    0.16516650    0.14257779    0.14751198    0.14458250    0.16805320
T20            0.20592684    0.18628375    0.17294108    0.16782257    0.19550021    0.18131988    0.18282009    0.18877883    0.19993935    0.33101896    0.28745889    0.14989375    0.14771206    0.13533305    0.05860368    0.07819706    0.08299946    0.00000000    0.14576708    0.13514975    0.11351502    0.11824685    0.11794424    0.13533305
T5             0.22397417    0.22985035    0.21270672    0.20445954    0.23087554    0.24110869    0.24311527    0.23844780    0.25291735    0.37939170    0.33986798    0.21941339    0.21135601    0.19489605    0.13806527    0.15969555    0.17639064    0.14576708    0.00000000    0.16474505    0.15248082    0.16274095    0.15487746    0.18106107
T16            0.23216247    0.22047907    0.19812662    0.19835794    0.23018232    0.22047907    0.22443615    0.21215483    0.22308894    0.33096885    0.29332881    0.20164601    0.19937552    0.17786321    0.12797825    0.15672529    0.16516650    0.13514975    0.16474505    0.00000000    0.13684913    0.14934734    0.14395615    0.14902454
T1             0.19937552    0.19379560    0.17228337    0.17249393    0.20592684    0.19884831    0.19812662    0.18852372    0.19354309    0.33294115    0.28284816    0.18158743    0.17393884    0.15837814    0.11351502    0.13732219    0.14257779    0.11351502    0.15248082    0.13684913    0.00000000    0.04117205    0.05825371    0.07600069
T9             0.21329645    0.19631743    0.17969297    0.17989886    0.21650094    0.20931736    0.20858514    0.19606626    0.19559144    0.35634577    0.30455039    0.18406385    0.17639064    0.16078447    0.12070623    0.14221229    0.14751198    0.11824685    0.16274095    0.14934734    0.04117205    0.00000000    0.06915211    0.08717986
T2             0.20985288    0.19859851    0.17701573    0.17721436    0.20786454    0.20090079    0.20536298    0.20164601    0.20113991    0.34910265    0.30455039    0.18852372    0.18081102    0.16782257    0.11308565    0.14918177    0.14458250    0.11794424    0.15487746    0.14395615    0.05825371    0.06915211    0.00000000    0.06932504
T23            0.23018232    0.20701533    0.18238470    0.18259793    0.21072671    0.21500858    0.21658444    0.21299686    0.20958040    0.34910265    0.31130295    0.20247449    0.18353986    0.18131988    0.12285076    0.16211712    0.16805320    0.13533305    0.18106107    0.14902454    0.07600069    0.08717986    0.06932504    0.00000000

