24
T18            0.00000000    0.47747591    0.47747591    0.27177669    0.28205891    0.32712862    0.28810650    0.27567144    0.29623216    0.28370120    0.31616511    0.27885491    0.26697670    0.28165699    0.27885491    0.27177669    0.27808284    0.34455039    0.31696139    0.29870325    0.27846335    0.35819777    0.29012946    0.29508555
T5             0.47747591    0.00000000    0.00401209    0.35700097    0.37455129    0.44907536    0.40380928    0.37700652    0.40380928    0.39903425    0.41798083    0.38227913    0.39810496    0.39488099    0.39810496    0.37187769    0.38333498    0.41135984    0.39158105    0.42522816    0.38937914    0.46327879    0.38864325    0.40621099
T7             0.47747591    0.00401209    0.00000000    0.35335035    0.37073197    0.44907536    0.39978943    0.37318738    0.39978943    0.39903425    0.41392902    0.37840019    0.39410101    0.39089299    0.39410101    0.36811655    0.37948646    0.41135984    0.39158105    0.42522816    0.38937914    0.45880737    0.38864325    0.40621099
T14            0.27177669    0.35700097    0.35335035    0.00000000    0.09452121    0.15710096    0.12055329    0.11309218    0.12517264    0.12011467    0.15383936    0.10400901    0.10882171    0.11352275    0.11124566    0.10827977    0.11309218    0.14714768    0.13201447    0.18700511    0.17209590    0.24222021    0.17154111    0.18035455
T9             0.28205891    0.37455129    0.37073197    0.09452121    0.00000000    0.13264448    0.09727423    0.09006887    0.11140592    0.10190093    0.13952347    0.09060443    0.09297087    0.09997097    0.09773784    0.09241285    0.09713424    0.14793387    0.12765079    0.18013023    0.16540602    0.24073107    0.16475919    0.17369564
T6             0.32712862    0.44907536    0.44907536    0.15710096    0.13264448    0.00000000    0.12039932    0.11538180    0.15509524    0.15710096    0.18449796    0.13553583    0.14278496    0.14515067    0.14278496    0.14459326    0.14459326    0.20882574    0.19463060    0.23073051    0.20371098    0.29413497    0.21709583    0.22108917
T4             0.28810650    0.40380928    0.39978943    0.12055329    0.09727423    0.12039932    0.00000000    0.04124429    0.12318708    0.11565784    0.13907858    0.09965759    0.10687705    0.10913779    0.10687705    0.10387391    0.10867491    0.16563864    0.14990626    0.20703834    0.19463060    0.26533042    0.19381637    0.20627611
T16            0.27567144    0.37700652    0.37318738    0.11309218    0.09006887    0.11538180    0.04124429    0.00000000    0.11322808    0.10589093    0.11954000    0.08541381    0.09713424    0.09937349    0.09713424    0.09430383    0.09900263    0.16807000    0.14714768    0.19285801    0.17788039    0.25224533    0.17722953    0.18906417
T22            0.29623216    0.40380928    0.39978943    0.12517264    0.11140592    0.15509524    0.12318708    0.11322808    0.00000000    0.07388503    0.11743756    0.07217613    0.07675643    0.07206792    0.06990171    0.06728789    0.07178503    0.18408492    0.16253921    0.21217810    0.19967631    0.27633687    0.18510785    0.19714897
T8             0.28370120    0.39903425    0.39903425    0.12011467    0.10190093    0.15710096    0.11565784    0.10589093    0.07388503    0.00000000    0.10541332    0.06305268    0.06979873    0.06297194    0.06082419    0.06277101    0.06498943    0.16761595    0.14680387    0.19886932    0.18933791    0.24998783    0.18579882    0.20088029
T13            0.31616511    0.41798083    0.41392902    0.15383936    0.13952347    0.18449796    0.13907858    0.11954000    0.11743756    0.10541332    0.00000000    0.09889385    0.11081014    0.10351352    0.10125436    0.10322105    0.10795305    0.20933967    0.19264132    0.24434933    0.23128532    0.30126220    0.22183039    0.24347497
T23            0.27885491    0.38227913    0.37840019    0.10400901    0.09060443    0.13553583    0.09965759    0.08541381    0.07217613    0.06305268    0.09889385    0.00000000    0.02660638    0.02866806    0.02660638    0.04560212    0.04995195    0.15360624    0.13300716    0.18283747    0.17074833    0.24688304    0.16740178    0.18188542
T2             0.26697670    0.39810496    0.39410101    0.10882171    0.09297087    0.14278496    0.10687705    0.09713424    0.07675643    0.06979873    0.11081014    0.02660638    0.00000000    0.02239030    0.02034172    0.04560212    0.04995195    0.16908020    0.14793387    0.18829660    0.17614869    0.25311213    0.17272949    0.17641059
T0             0.28165699    0.39488099    0.39089299    0.11352275    0.09997097    0.14515067    0.10913779    0.09937349    0.07206792    0.06297194    0.10351352    0.02866806    0.02239030    0.00000000    0.00200302    0.04771238    0.05207169    0.17423029    0.15291422    0.19130340    0.18134007    0.24955921    0.17788039    0.19271108
T17            0.27885491    0.39810496    0.39410101    0.11124566    0.09773784    0.14278496    0.10687705    0.09713424    0.06990171    0.06082419    0.10125436    0.02660638    0.02034172    0.00200302    0.00000000    0.04560212    0.04995195    0.17178790    0.15052847    0.18879936    0.17887104    0.24688304    0.17541492    0.19021244
T15            0.27177669    0.37187769    0.36811655    0.10827977    0.09241285    0.14459326    0.10387391    0.09430383    0.06728789    0.06277101    0.10322105    0.04560212    0.04560212    0.04771238    0.04560212    0.00000000    0.01007299    0.15749873    0.13952347    0.18469220    0.17250958    0.23318849    0.16925976    0.16475919
T21            0.27808284    0.38333498    0.37948646    0.11309218    0.09713424    0.14459326    0.10867491    0.09900263    0.07178503    0.06498943    0.10795305    0.04995195    0.04995195    0.05207169    0.04995195    0.01007299    0.00000000    0.16012054    0.14971530    0.19012114    0.17250958    0.23919136    0.17455872    0.17541492
T20            0.34455039    0.41135984    0.41135984    0.14714768    0.14793387    0.20882574    0.16563864    0.16807000    0.18408492    0.16761595    0.20933967    0.15360624    0.16908020    0.17423029    0.17178790    0.15749873    0.16012054    0.00000000    0.01833409    0.24015482    0.22431799    0.31108720    0.22050450    0.23654171
T12            0.31696139    0.39158105    0.39158105    0.13201447    0.12765079    0.19463060    0.14990626    0.14714768    0.16253921    0.14680387    0.19264132    0.13300716    0.14793387    0.15291422    0.15052847    0.13952347    0.14971530    0.01833409    0.00000000    0.21684579    0.20140945    0.28423444    0.19792256    0.21302276
T19            0.29870325    0.42522816    0.42522816    0.18700511    0.18013023    0.23073051    0.20703834    0.19285801    0.21217810    0.19886932    0.24434933    0.18283747    0.18829660    0.19130340    0.18879936    0.18469220    0.19012114    0.24015482    0.21684579    0.00000000    0.08062076    0.15229626    0.08267699    0.07614889
T11            0.27846335    0.38937914    0.38937914    0.17209590    0.16540602    0.20371098    0.19463060    0.17788039    0.19967631    0.18933791    0.23128532    0.17074833    0.17614869    0.18134007    0.17887104    0.17250958    0.17250958    0.22431799    0.20140945    0.08062076    0.00000000    0.11352275    0.06061758    0.06333587
T1             0.35819777    0.46327879    0.45880737    0.24222021    0.24073107    0.29413497    0.26533042    0.25224533    0.27633687    0.24998783    0.30126220    0.24688304    0.25311213    0.24955921    0.24688304    0.23318849    0.23919136    0.31108720    0.28423444    0.15229626    0.11352275    0.00000000    0.13498441    0.14341951
T10            0.29012946    0.38864325    0.38864325    0.17154111    0.16475919    0.21709583    0.19381637    0.17722953    0.18510785    0.18579882    0.22183039    0.16740178    0.17272949    0.17788039    0.17541492    0.16925976    0.17455872    0.22050450    0.19792256    0.08267699    0.06061758    0.13498441    0.00000000    0.06289806
T3             0.29508555    0.40621099    0.40621099    0.18035455    0.17369564    0.22108917    0.20627611    0.18906417    0.19714897    0.20088029    0.24347497    0.18188542    0.17641059    0.19271108    0.19021244    0.16475919    0.17541492    0.23654171    0.21302276    0.07614889    0.06333587    0.14341951    0.06289806    0.00000000

