24
T9             0.00000000    0.32745784    0.40781723    0.30980993    0.34597450    0.33992255    0.33137341    0.36983612    0.36983612    0.36924720    0.36050277    0.32590498    0.33691533    0.27101294    0.32276704    0.31645433    0.31274855    0.30448503    0.32691184    0.30594388    0.29921858    0.30256988    0.30737297    0.32100758
T21            0.32745784    0.00000000    0.13463725    0.12141491    0.14597505    0.14384883    0.14020487    0.17784324    0.17784324    0.15506517    0.14296026    0.11856911    0.12873005    0.14607352    0.18394330    0.18446685    0.17366347    0.24576171    0.27558088    0.24374030    0.24374030    0.24981027    0.25148029    0.26066893
T8             0.40781723    0.13463725    0.00000000    0.20244572    0.22490951    0.21971206    0.21525891    0.25793876    0.25793876    0.23840879    0.22786368    0.18850067    0.19430147    0.22728149    0.26394681    0.27037450    0.25789623    0.32294671    0.38178934    0.32691184    0.33286446    0.33992255    0.33534980    0.35318567
T19            0.30980993    0.12141491    0.20244572    0.00000000    0.04994851    0.04355898    0.07423339    0.12300003    0.12300003    0.13785374    0.12352346    0.08796700    0.10235989    0.14409001    0.17433732    0.17761909    0.17433732    0.22981445    0.27165733    0.23985876    0.23083548    0.23683280    0.23541929    0.24748645
T1             0.34597450    0.14597505    0.22490951    0.04994851    0.00000000    0.02236527    0.09698942    0.15527662    0.15527662    0.16827159    0.14811967    0.11611030    0.12621535    0.18031728    0.21239816    0.21326497    0.20111668    0.26257989    0.30357694    0.27345487    0.26615368    0.27253487    0.26217674    0.27807949
T12            0.33992255    0.14384883    0.21971206    0.04355898    0.02236527    0.00000000    0.09488931    0.14790412    0.14790412    0.16076477    0.14081553    0.10912000    0.11912407    0.17761909    0.20955375    0.21039588    0.19282014    0.25713682    0.30123243    0.27117457    0.26385193    0.27023327    0.25985322    0.27575638
T15            0.33137341    0.14020487    0.21525891    0.07423339    0.09698942    0.09488931    0.00000000    0.13966623    0.13966623    0.15746857    0.14275809    0.10386083    0.11856911    0.17433732    0.21161657    0.21239816    0.20879640    0.26140183    0.30544606    0.27853379    0.26573005    0.27209078    0.27042098    0.27999231
T16            0.36983612    0.17784324    0.25793876    0.12300003    0.15527662    0.14790412    0.13966623    0.00000000    0.00000000    0.20216150    0.19152039    0.14968947    0.15506517    0.20298577    0.22728149    0.22803675    0.22777503    0.28117481    0.32294671    0.28885572    0.28237128    0.28885572    0.28719892    0.29125761
T6             0.36983612    0.17784324    0.25793876    0.12300003    0.15527662    0.14790412    0.13966623    0.00000000    0.00000000    0.20216150    0.19152039    0.14968947    0.15506517    0.20298577    0.22728149    0.22803675    0.22777503    0.28117481    0.32294671    0.28885572    0.28237128    0.28885572    0.28719892    0.29125761
T4             0.36924720    0.15506517    0.23840879    0.13785374    0.16827159    0.16076477    0.15746857    0.20216150    0.20216150    0.00000000    0.04765681    0.12531189    0.13298314    0.18216318    0.20856293    0.21161657    0.21420323    0.27999231    0.30069312    0.28366693    0.27485806    0.28132189    0.28196141    0.28518259
T0             0.36050277    0.14296026    0.22786368    0.12352346    0.14811967    0.14081553    0.14275809    0.19152039    0.19152039    0.04765681    0.00000000    0.11366356    0.12122372    0.17452791    0.20343071    0.20929184    0.20343071    0.27123454    0.28842473    0.27165733    0.26299349    0.26933406    0.27003026    0.27319021
T2             0.32590498    0.11856911    0.18850067    0.08796700    0.11611030    0.10912000    0.10386083    0.14968947    0.14968947    0.12531189    0.11366356    0.00000000    0.07881223    0.14662357    0.17168942    0.17493543    0.17967574    0.24106957    0.27082241    0.25132938    0.23911396    0.24518423    0.24676604    0.25595513
T22            0.33691533    0.12873005    0.19430147    0.10235989    0.12621535    0.11912407    0.11856911    0.15506517    0.15506517    0.13298314    0.12122372    0.07881223    0.00000000    0.15226903    0.19030165    0.18552034    0.18257886    0.24444214    0.26890026    0.25484552    0.24557031    0.24557031    0.25017477    0.25324721
T20            0.27101294    0.14607352    0.22728149    0.14409001    0.18031728    0.17761909    0.17433732    0.20298577    0.20298577    0.18216318    0.17452791    0.14662357    0.15226903    0.00000000    0.08482690    0.08717685    0.08725020    0.17398264    0.21114320    0.17415556    0.16888777    0.17415556    0.18143966    0.17878484
T14            0.32276704    0.18394330    0.26394681    0.17433732    0.21239816    0.20955375    0.21161657    0.22728149    0.22728149    0.20856293    0.20343071    0.17168942    0.19030165    0.08482690    0.00000000    0.02650569    0.10065899    0.21070827    0.23815768    0.20812460    0.19982862    0.20534389    0.22134520    0.22704972
T11            0.31645433    0.18446685    0.27037450    0.17761909    0.21326497    0.21039588    0.21239816    0.22803675    0.22803675    0.21161657    0.20929184    0.17493543    0.18552034    0.08717685    0.02650569    0.00000000    0.10071976    0.21092092    0.22682800    0.20001981    0.19454990    0.20001981    0.21310043    0.21310043
T5             0.31274855    0.17366347    0.25789623    0.17433732    0.20111668    0.19282014    0.20879640    0.22777503    0.22777503    0.21420323    0.20343071    0.17967574    0.18257886    0.08725020    0.10065899    0.10071976    0.00000000    0.20791981    0.24108529    0.20257862    0.19709371    0.20257862    0.21570528    0.21570528
T7             0.30448503    0.24576171    0.32294671    0.22981445    0.26257989    0.25713682    0.26140183    0.28117481    0.28117481    0.27999231    0.27123454    0.24106957    0.24444214    0.17398264    0.21070827    0.21092092    0.20791981    0.00000000    0.11808252    0.08320022    0.07162664    0.07614303    0.08741882    0.10147848
T13            0.32691184    0.27558088    0.38178934    0.27165733    0.30357694    0.30123243    0.30544606    0.32294671    0.32294671    0.30069312    0.28842473    0.27082241    0.26890026    0.21114320    0.23815768    0.22682800    0.24108529    0.11808252    0.00000000    0.06528538    0.06960769    0.06960769    0.08061433    0.08772615
T10            0.30594388    0.24374030    0.32691184    0.23985876    0.27345487    0.27117457    0.27853379    0.28885572    0.28885572    0.28366693    0.27165733    0.25132938    0.25484552    0.17415556    0.20812460    0.20001981    0.20257862    0.08320022    0.06528538    0.00000000    0.03710565    0.03710565    0.04765681    0.05876226
T23            0.29921858    0.24374030    0.33286446    0.23083548    0.26615368    0.26385193    0.26573005    0.28237128    0.28237128    0.27485806    0.26299349    0.23911396    0.24557031    0.16888777    0.19982862    0.19454990    0.19709371    0.07162664    0.06960769    0.03710565    0.00000000    0.00401615    0.03902236    0.05419463
T18            0.30256988    0.24981027    0.33992255    0.23683280    0.27253487    0.27023327    0.27209078    0.28885572    0.28885572    0.28132189    0.26933406    0.24518423    0.24557031    0.17415556    0.20534389    0.20001981    0.20257862    0.07614303    0.06960769    0.03710565    0.00401615    0.00000000    0.03902236    0.05419463
T17            0.30737297    0.25148029    0.33534980    0.23541929    0.26217674    0.25985322    0.27042098    0.28719892    0.28719892    0.28196141    0.27003026    0.24676604    0.25017477    0.18143966    0.22134520    0.21310043    0.21570528    0.08741882    0.08061433    0.04765681    0.03902236    0.03902236    0.00000000    0.05200581
T3             0.32100758    0.26066893    0.35318567    0.24748645    0.27807949    0.27575638    0.27999231    0.29125761    0.29125761    0.28518259    0.27319021    0.25595513    0.25324721    0.17878484    0.22704972    0.21310043    0.21570528    0.10147848    0.08772615    0.05876226    0.05419463    0.05419463    0.05200581    0.00000000

