24
T16            0.00000000    0.28206163    0.30173175    0.29554406    0.28447317    0.31427699    0.27496528    0.25954220    0.25295690    0.25914618    0.25530063    0.26148967    0.26226997    0.25025795    0.19714993    0.13201529    0.14411072    0.14459403    0.14971605    0.14188986    0.12982367    0.16496716    0.16964296    0.12256285
T6             0.28206163    0.00000000    0.02236576    0.05195287    0.37830170    0.40010150    0.35574450    0.34901847    0.33762112    0.34479135    0.35087254    0.35087254    0.33762112    0.33220375    0.34421458    0.29464363    0.30993209    0.30797570    0.31136536    0.29749915    0.28333326    0.30221008    0.30657697    0.27092019
T17            0.30173175    0.02236576    0.00000000    0.06505466    0.40000627    0.43114508    0.38473697    0.37769936    0.36563925    0.37319049    0.37948997    0.37948997    0.36563925    0.34659789    0.36253803    0.31136536    0.32705611    0.32516008    0.32866944    0.31427699    0.30320128    0.31344134    0.31770162    0.29364672
T3             0.29554406    0.05195287    0.06505466    0.00000000    0.36515522    0.40081457    0.34538083    0.34963410    0.34176963    0.34901847    0.34782562    0.34782562    0.33462501    0.32570978    0.34479135    0.30173175    0.31720034    0.31874005    0.32221269    0.30797570    0.28704668    0.31635342    0.32409706    0.28097944
T11            0.28447317    0.37830170    0.40000627    0.36515522    0.00000000    0.16860307    0.13936790    0.17565168    0.16254002    0.16518268    0.16700047    0.17229957    0.17005947    0.16719730    0.34421458    0.29053255    0.30570327    0.28729750    0.28333750    0.28690851    0.27846632    0.29554406    0.30903575    0.26314056
T5             0.31427699    0.40010150    0.43114508    0.40081457    0.16860307    0.00000000    0.08062105    0.17074901    0.15991133    0.16518268    0.15951682    0.16476019    0.15729647    0.16807069    0.36628522    0.32167534    0.32811943    0.32167534    0.31821486    0.31427699    0.28986807    0.32038719    0.33762112    0.27328576
T4             0.27496528    0.35574450    0.38473697    0.34538083    0.13936790    0.08062105    0.00000000    0.14935691    0.13872006    0.14388276    0.13828394    0.14341979    0.13872006    0.13638193    0.32038719    0.28190481    0.29697991    0.28848343    0.28097944    0.28143667    0.26036552    0.29392128    0.30711575    0.24526896
T12            0.25954220    0.34901847    0.37769936    0.34963410    0.17565168    0.17074901    0.14935691    0.00000000    0.01824876    0.02239031    0.04349845    0.04783884    0.04363218    0.13150322    0.31982622    0.27176092    0.28658992    0.26857708    0.27092019    0.26500813    0.25063522    0.26079279    0.28986807    0.24489035
T1             0.25295690    0.33762112    0.36563925    0.34176963    0.16254002    0.15991133    0.13872006    0.01824876    0.00000000    0.00401619    0.03277657    0.03701510    0.03285089    0.12124632    0.31581654    0.26816159    0.28289832    0.26500813    0.26736260    0.26148967    0.24416344    0.26669310    0.27967343    0.23848275
T19            0.25914618    0.34479135    0.37319049    0.34901847    0.16518268    0.16518268    0.14388276    0.02239031    0.00401619    0.00000000    0.03701510    0.04129008    0.03710768    0.12624047    0.32276208    0.27452919    0.28941158    0.27133519    0.27368941    0.26775675    0.25025795    0.27310229    0.28614428    0.24452184
T8             0.25530063    0.35087254    0.37948997    0.34782562    0.16700047    0.15951682    0.13828394    0.04349845    0.03277657    0.03701510    0.00000000    0.01620874    0.03285089    0.12585365    0.32167534    0.26736260    0.28206163    0.26187455    0.26660643    0.26697915    0.23814276    0.26267591    0.27885766    0.23781279
T2             0.26148967    0.35087254    0.37948997    0.34782562    0.17229957    0.16476019    0.14341979    0.04783884    0.03701510    0.04129008    0.01620874    0.00000000    0.03710768    0.13087287    0.32167534    0.28009780    0.29508816    0.27452919    0.27926004    0.27410389    0.24953419    0.26900322    0.28528639    0.24381517
T10            0.26226997    0.33762112    0.36563925    0.33462501    0.17005947    0.15729647    0.13872006    0.04363218    0.03285089    0.03710768    0.03285089    0.03710768    0.00000000    0.12624047    0.32980607    0.28097944    0.29601134    0.27774385    0.28009780    0.28053315    0.25025795    0.27959522    0.29601134    0.24452184
T20            0.25025795    0.33220375    0.34659789    0.32570978    0.16719730    0.16807069    0.13638193    0.13150322    0.12124632    0.12624047    0.12585365    0.13087287    0.12624047    0.00000000    0.30947978    0.26226997    0.26736260    0.25604191    0.26461333    0.26187455    0.25063522    0.27681726    0.29316798    0.22988258
T7             0.19714993    0.34421458    0.36253803    0.34479135    0.34421458    0.36628522    0.32038719    0.31982622    0.31581654    0.32276208    0.32167534    0.32167534    0.32980607    0.30947978    0.00000000    0.14042763    0.14752500    0.14298883    0.15552975    0.14535320    0.17099603    0.20153726    0.20120458    0.15270054
T9             0.13201529    0.29464363    0.31136536    0.30173175    0.29053255    0.32167534    0.28190481    0.27176092    0.26816159    0.27452919    0.26736260    0.28009780    0.28097944    0.26226997    0.14042763    0.00000000    0.01414145    0.03914799    0.04982933    0.03910690    0.11795210    0.13787956    0.14240281    0.09654494
T21            0.14411072    0.30993209    0.32705611    0.31720034    0.30570327    0.32811943    0.29697991    0.28658992    0.28289832    0.28941158    0.28206163    0.29508816    0.29601134    0.26736260    0.14752500    0.01414145    0.00000000    0.04117276    0.05633126    0.04973354    0.12517314    0.14535320    0.14990692    0.11284400
T22            0.14459403    0.30797570    0.32516008    0.31874005    0.28729750    0.32167534    0.28848343    0.26857708    0.26500813    0.27133519    0.26187455    0.27452919    0.27774385    0.25604191    0.14298883    0.03914799    0.04117276    0.00000000    0.05200894    0.04124436    0.11551643    0.14042763    0.14752500    0.10840432
T18            0.14971605    0.31136536    0.32866944    0.32221269    0.28333750    0.31821486    0.28097944    0.27092019    0.26736260    0.27368941    0.26660643    0.27926004    0.28009780    0.26461333    0.15552975    0.04982933    0.05633126    0.05200894    0.00000000    0.05195287    0.12039977    0.15815861    0.16275696    0.11538233
T15            0.14188986    0.29749915    0.31427699    0.30797570    0.28690851    0.31427699    0.28143667    0.26500813    0.26148967    0.26775675    0.26697915    0.27410389    0.28053315    0.26187455    0.14535320    0.03910690    0.04973354    0.04124436    0.05195287    0.00000000    0.11296448    0.14278541    0.14733262    0.10589141
T14            0.12982367    0.28333326    0.30320128    0.28704668    0.27846632    0.28986807    0.26036552    0.25063522    0.24416344    0.25025795    0.23814276    0.24953419    0.25025795    0.25063522    0.17099603    0.11795210    0.12517314    0.11551643    0.12039977    0.11296448    0.00000000    0.10136915    0.10816378    0.08512103
T13            0.16496716    0.30221008    0.31344134    0.31635342    0.29554406    0.32038719    0.29392128    0.26079279    0.26669310    0.27310229    0.26267591    0.26900322    0.27959522    0.27681726    0.20153726    0.13787956    0.14535320    0.14042763    0.15815861    0.14278541    0.10136915    0.00000000    0.04539333    0.11565823
T23            0.16964296    0.30657697    0.31770162    0.32409706    0.30903575    0.33762112    0.30711575    0.28986807    0.27967343    0.28614428    0.27885766    0.28528639    0.29601134    0.29316798    0.20120458    0.14240281    0.14990692    0.14752500    0.16275696    0.14733262    0.10816378    0.04539333    0.00000000    0.11986198
T0             0.12256285    0.27092019    0.29364672    0.28097944    0.26314056    0.27328576    0.24526896    0.24489035    0.23848275    0.24452184    0.23781279    0.24381517    0.24452184    0.22988258    0.15270054    0.09654494    0.11284400    0.10840432    0.11538233    0.10589141    0.08512103    0.11565823    0.11986198    0.00000000

