24
T12            0.00000000    0.22164020    0.19479683    0.21221793    0.31585942    0.20119521    0.19841096    0.20144552    0.19690736    0.22083675    0.20050055    0.20584032    0.24020674    0.23224287    0.17420690    0.17439092    0.17192618    0.17458383    0.16439313    0.33160755    0.32425103    0.32425103    0.29191961    0.35384165
T16            0.22164020    0.00000000    0.03493087    0.16702273    0.28949507    0.15900709    0.15642545    0.18808995    0.18857685    0.20655413    0.18887490    0.18902922    0.20655413    0.21195423    0.18222261    0.19015073    0.17686444    0.19036996    0.17725580    0.35435699    0.35744253    0.35744253    0.32934177    0.36730703
T0             0.19479683    0.03493087    0.00000000    0.14461159    0.24119861    0.13437541    0.13189049    0.16764207    0.16543285    0.18286712    0.16588291    0.16862098    0.18559048    0.19083586    0.16683361    0.17458383    0.15935229    0.16722052    0.15452730    0.32862313    0.32814441    0.32814441    0.29478113    0.33667114
T6             0.21221793    0.16702273    0.14461159    0.00000000    0.18688152    0.09464958    0.09701083    0.18086113    0.17864250    0.19637372    0.17953629    0.18242845    0.20707743    0.20452115    0.17232410    0.18015862    0.17008486    0.17814504    0.17053808    0.32814441    0.32767818    0.32767818    0.28552848    0.34063546
T21            0.31585942    0.28949507    0.24119861    0.18688152    0.00000000    0.19663596    0.19385145    0.27504397    0.28152090    0.29517271    0.29020589    0.28095731    0.30518071    0.31146270    0.26943165    0.27853532    0.27654202    0.26782605    0.26782605    0.45709036    0.45623548    0.45623548    0.40157758    0.46866834
T18            0.20119521    0.15900709    0.13437541    0.09464958    0.19663596    0.00000000    0.00603658    0.17077764    0.16858826    0.18883382    0.16330160    0.16601931    0.20630668    0.20887644    0.16683361    0.17458383    0.16458389    0.17253621    0.16499123    0.33713597    0.33667114    0.33667114    0.30053889    0.35593736
T14            0.19841096    0.15642545    0.13189049    0.09701083    0.19385145    0.00603658    0.00000000    0.16809805    0.16590855    0.18608010    0.16073364    0.16343120    0.20350684    0.20606873    0.16421103    0.17192618    0.16196119    0.16987125    0.16235448    0.34063546    0.34015823    0.34015823    0.30379713    0.35952491
T2             0.20144552    0.18808995    0.16764207    0.18086113    0.27504397    0.17077764    0.16809805    0.00000000    0.04344319    0.05617667    0.17725580    0.18786007    0.21336816    0.21594775    0.17053808    0.17838939    0.17102579    0.17644366    0.17154780    0.34680320    0.34267310    0.34267310    0.31834077    0.38852886
T10            0.19690736    0.18857685    0.16543285    0.17864250    0.28152090    0.16858826    0.16590855    0.04344319    0.00000000    0.04129159    0.17232410    0.18286712    0.20538016    0.20793298    0.15773447    0.16543285    0.15033562    0.16082834    0.15602327    0.33120323    0.32614235    0.32614235    0.31247860    0.37832389
T15            0.22083675    0.20655413    0.18286712    0.19637372    0.29517271    0.18883382    0.18608010    0.05617667    0.04129159    0.00000000    0.19541691    0.20630668    0.22083675    0.22344594    0.17499618    0.17790948    0.17814504    0.18359217    0.17864250    0.34680320    0.34517834    0.34517834    0.33021020    0.39754794
T5             0.20050055    0.18887490    0.16588291    0.17953629    0.29020589    0.16330160    0.16073364    0.17725580    0.17232410    0.19541691    0.00000000    0.03281141    0.11526609    0.11539307    0.12475668    0.12735869    0.12287317    0.12999340    0.12534599    0.34367000    0.35026671    0.35026671    0.31077438    0.37730653
T1             0.20584032    0.18902922    0.16862098    0.18242845    0.28095731    0.16601931    0.16343120    0.18786007    0.18286712    0.20630668    0.03281141    0.00000000    0.12489216    0.12503556    0.12462914    0.12721704    0.12518684    0.13232885    0.12766580    0.34162857    0.34822500    0.34822500    0.31118235    0.38161274
T11            0.24020674    0.20655413    0.18559048    0.20707743    0.30518071    0.20630668    0.20350684    0.21336816    0.20538016    0.22083675    0.11526609    0.12489216    0.00000000    0.02239078    0.15212730    0.14973555    0.14260921    0.14735200    0.14517133    0.36418169    0.36365332    0.36365332    0.30999479    0.39891180
T4             0.23224287    0.21195423    0.19083586    0.20452115    0.31146270    0.20887644    0.20606873    0.21594775    0.20793298    0.22344594    0.11539307    0.12503556    0.02239078    0.00000000    0.15491299    0.15251607    0.14537425    0.15533216    0.14795644    0.36472368    0.36418169    0.36418169    0.30707691    0.38048661
T8             0.17420690    0.18222261    0.16683361    0.17232410    0.26943165    0.16683361    0.16421103    0.17053808    0.15773447    0.17499618    0.12475668    0.12462914    0.15212730    0.15491299    0.00000000    0.02031558    0.03907336    0.04550012    0.03914929    0.33509503    0.32767818    0.32767818    0.29839415    0.35384165
T9             0.17439092    0.19015073    0.17458383    0.18015862    0.27853532    0.17458383    0.17192618    0.17838939    0.16543285    0.17790948    0.12735869    0.12721704    0.14973555    0.15251607    0.02031558    0.00000000    0.03904533    0.04977986    0.04339257    0.33810402    0.33066338    0.33066338    0.29801828    0.35333962
T3             0.17192618    0.17686444    0.15935229    0.17008486    0.27654202    0.16458389    0.16196119    0.17102579    0.15033562    0.17814504    0.12287317    0.12518684    0.14260921    0.14537425    0.03907336    0.03904533    0.00000000    0.03710917    0.02871335    0.31879601    0.30578532    0.30578532    0.28058705    0.33366100
T7             0.17458383    0.19036996    0.16722052    0.17814504    0.26782605    0.17253621    0.16987125    0.17644366    0.16082834    0.18359217    0.12999340    0.13232885    0.14735200    0.15533216    0.04550012    0.04977986    0.03710917    0.00000000    0.01210996    0.33611436    0.32862313    0.32862313    0.29266372    0.34415980
T19            0.16439313    0.17725580    0.15452730    0.17053808    0.26782605    0.16499123    0.16235448    0.17154780    0.15602327    0.17864250    0.12534599    0.12766580    0.14517133    0.14795644    0.03914929    0.04339257    0.02871335    0.01210996    0.00000000    0.32664607    0.31926344    0.31926344    0.28377265    0.33460434
T23            0.33160755    0.35435699    0.32862313    0.32814441    0.45709036    0.33713597    0.34063546    0.34680320    0.33120323    0.34680320    0.34367000    0.34162857    0.36418169    0.36472368    0.33509503    0.33810402    0.31879601    0.33611436    0.32664607    0.00000000    0.02442299    0.02442299    0.12196792    0.16387287
T20            0.32425103    0.35744253    0.32814441    0.32767818    0.45623548    0.33667114    0.34015823    0.34267310    0.32614235    0.34517834    0.35026671    0.34822500    0.36365332    0.36418169    0.32767818    0.33066338    0.30578532    0.32862313    0.31926344    0.02442299    0.00000000    0.00000000    0.11229070    0.15090877
T13            0.32425103    0.35744253    0.32814441    0.32767818    0.45623548    0.33667114    0.34015823    0.34267310    0.32614235    0.34517834    0.35026671    0.34822500    0.36365332    0.36418169    0.32767818    0.33066338    0.30578532    0.32862313    0.31926344    0.02442299    0.00000000    0.00000000    0.11229070    0.15090877
T17            0.29191961    0.32934177    0.29478113    0.28552848    0.40157758    0.30053889    0.30379713    0.31834077    0.31247860    0.33021020    0.31077438    0.31118235    0.30999479    0.30707691    0.29839415    0.29801828    0.28058705    0.29266372    0.28377265    0.12196792    0.11229070    0.11229070    0.00000000    0.13123304
T22            0.35384165    0.36730703    0.33667114    0.34063546    0.46866834    0.35593736    0.35952491    0.38852886    0.37832389    0.39754794    0.37730653    0.38161274    0.39891180    0.38048661    0.35384165    0.35333962    0.33366100    0.34415980    0.33460434    0.16387287    0.15090877    0.15090877    0.13123304    0.00000000

