24
T17            0.00000000    0.16831475    0.14919533    0.14649617    0.12450027    0.15771434    0.18331535    0.16518634    0.21303026    0.17971295    0.16518634    0.12461939    0.14426560    0.14664744    0.15899097    0.18469707    0.24795653    0.14189193    0.13969107    0.13750960    0.12517509    0.16057028    0.16080561    0.13282484
T21            0.16831475    0.00000000    0.17541989    0.18013520    0.16034332    0.20441684    0.22085554    0.20730570    0.23730349    0.22238294    0.20441684    0.18880528    0.20789747    0.21045923    0.22238294    0.26188434    0.31456761    0.22272836    0.21172233    0.21533253    0.18436701    0.20916430    0.21240979    0.17914629
T1             0.14919533    0.17541989    0.00000000    0.05186120    0.07820015    0.17051463    0.17836358    0.17320036    0.22465178    0.18511297    0.17006306    0.16419326    0.17401323    0.17649011    0.17932643    0.22520125    0.27454070    0.19130939    0.18083511    0.18134578    0.17028454    0.19212766    0.19241835    0.17320036
T18            0.14649617    0.18013520    0.05186120    0.00000000    0.09403437    0.17251422    0.18533445    0.17476418    0.22023413    0.18414134    0.17210029    0.16370098    0.18414134    0.18665225    0.18952625    0.24194526    0.27329589    0.19838331    0.17703479    0.18284264    0.17497398    0.18307455    0.18880528    0.17788543
T20            0.12450027    0.16034332    0.07820015    0.09403437    0.00000000    0.15771434    0.17519256    0.15991459    0.21303026    0.17437099    0.14477420    0.14145217    0.15355970    0.15597873    0.16875625    0.20909184    0.25955244    0.17230288    0.16740616    0.17051463    0.14715103    0.17836358    0.17861578    0.15249777
T9             0.15771434    0.20441684    0.17051463    0.17251422    0.15771434    0.00000000    0.13769202    0.11825746    0.16276065    0.12953885    0.10853751    0.16807478    0.19940469    0.19913551    0.21016687    0.25955244    0.30192443    0.17590069    0.19522549    0.19302651    0.17942457    0.20407554    0.20154468    0.18524801
T23            0.18331535    0.22085554    0.17836358    0.18533445    0.17519256    0.13769202    0.00000000    0.08321038    0.13031521    0.10114886    0.09675970    0.19913551    0.21504008    0.21763233    0.23188861    0.27968444    0.30949537    0.20505038    0.22829749    0.22604953    0.20310631    0.23850496    0.23892505    0.20342026
T13            0.16518634    0.20730570    0.17320036    0.17476418    0.15991459    0.11825746    0.08321038    0.00000000    0.11109499    0.07150673    0.08080299    0.16985023    0.18783515    0.19034480    0.20396515    0.24348457    0.28424916    0.18307455    0.19744421    0.19522549    0.17887669    0.22085554    0.22123011    0.18742780
T16            0.21303026    0.23730349    0.22465178    0.22023413    0.21303026    0.16276065    0.13031521    0.11109499    0.00000000    0.06529194    0.12799088    0.21791158    0.23423274    0.23688933    0.24853283    0.29181127    0.34724688    0.22340866    0.24489943    0.23354988    0.22794397    0.25538203    0.25582058    0.22533141
T15            0.17971295    0.22238294    0.18511297    0.18414134    0.17437099    0.12953885    0.10114886    0.07150673    0.06529194    0.00000000    0.09654582    0.18991716    0.20047439    0.20302988    0.21685263    0.26698845    0.30847986    0.19517606    0.22109714    0.21591025    0.19130939    0.22272836    0.21720355    0.19435655
T6             0.16518634    0.20441684    0.17006306    0.17210029    0.14477420    0.10853751    0.09675970    0.08080299    0.12799088    0.09654582    0.00000000    0.17028454    0.19057233    0.19308950    0.20677977    0.25567506    0.30766847    0.18580436    0.20310631    0.20088780    0.18436701    0.20407554    0.20441684    0.17641619
T0             0.12461939    0.18880528    0.16419326    0.16370098    0.14145217    0.16807478    0.19913551    0.16985023    0.21791158    0.18991716    0.17028454    0.00000000    0.12749642    0.12734736    0.13716887    0.16437469    0.22568567    0.13516328    0.12799088    0.12585626    0.13247778    0.15771434    0.15793429    0.13769202
T3             0.14426560    0.20789747    0.17401323    0.18414134    0.15355970    0.19940469    0.21504008    0.18783515    0.23423274    0.20047439    0.19057233    0.12749642    0.00000000    0.00200302    0.03694875    0.12916893    0.24915238    0.14715103    0.15839914    0.15889714    0.15509921    0.18742780    0.19271797    0.15531220
T14            0.14664744    0.21045923    0.17649011    0.18665225    0.15597873    0.19913551    0.21763233    0.19034480    0.23688933    0.20302988    0.19308950    0.12734736    0.00200302    0.00000000    0.03904457    0.13151525    0.25183897    0.14953601    0.16080561    0.16130129    0.15750276    0.18991869    0.19522549    0.15771434
T2             0.15899097    0.22238294    0.17932643    0.18952625    0.16875625    0.21016687    0.23188861    0.20396515    0.24853283    0.21685263    0.20677977    0.13716887    0.03694875    0.03904457    0.00000000    0.15143587    0.25143067    0.15971288    0.16856323    0.16908563    0.15991459    0.20310631    0.20342026    0.17615411
T5             0.18469707    0.26188434    0.22520125    0.24194526    0.20909184    0.25955244    0.27968444    0.24348457    0.29181127    0.26698845    0.25567506    0.16437469    0.12916893    0.13151525    0.15143587    0.00000000    0.29800923    0.19660572    0.20280152    0.19492683    0.20534493    0.23091887    0.23128139    0.18331535
T19            0.24795653    0.31456761    0.27454070    0.27329589    0.25955244    0.30192443    0.30949537    0.28424916    0.34724688    0.30847986    0.30766847    0.22568567    0.24915238    0.25183897    0.25143067    0.29800923    0.00000000    0.22238294    0.23586746    0.23366018    0.23466472    0.27455386    0.27505468    0.26856022
T10            0.14189193    0.22272836    0.19130939    0.19838331    0.17230288    0.17590069    0.20505038    0.18307455    0.22340866    0.19517606    0.18580436    0.13516328    0.14715103    0.14953601    0.15971288    0.19660572    0.22238294    0.00000000    0.12354880    0.12144140    0.15270389    0.19553311    0.19302651    0.15816256
T11            0.13969107    0.21172233    0.18083511    0.17703479    0.16740616    0.19522549    0.22829749    0.19744421    0.24489943    0.22109714    0.20310631    0.12799088    0.15839914    0.16080561    0.16856323    0.20280152    0.23586746    0.12354880    0.00000000    0.03497493    0.15314088    0.18772930    0.18247204    0.16665888
T4             0.13750960    0.21533253    0.18134578    0.18284264    0.17051463    0.19302651    0.22604953    0.19522549    0.23354988    0.21591025    0.20088780    0.12585626    0.15889714    0.16130129    0.16908563    0.19492683    0.23366018    0.12144140    0.03497493    0.00000000    0.15098846    0.18555914    0.18031122    0.16451630
T22            0.12517509    0.18436701    0.17028454    0.17497398    0.14715103    0.17942457    0.20310631    0.17887669    0.22794397    0.19130939    0.18436701    0.13247778    0.15509921    0.15750276    0.15991459    0.20534493    0.23466472    0.15270389    0.15314088    0.15098846    0.00000000    0.10190280    0.10205440    0.07424197
T12            0.16057028    0.20916430    0.19212766    0.18307455    0.17836358    0.20407554    0.23850496    0.22085554    0.25538203    0.22272836    0.20407554    0.15771434    0.18742780    0.18991869    0.20310631    0.23091887    0.27455386    0.19553311    0.18772930    0.18555914    0.10190280    0.00000000    0.01008442    0.09490387
T8             0.16080561    0.21240979    0.19241835    0.18880528    0.17861578    0.20154468    0.23892505    0.22123011    0.25582058    0.21720355    0.20441684    0.15793429    0.19271797    0.19522549    0.20342026    0.23128139    0.27505468    0.19302651    0.18247204    0.18031122    0.10205440    0.01008442    0.00000000    0.09504552
T7             0.13282484    0.17914629    0.17320036    0.17788543    0.15249777    0.18524801    0.20342026    0.18742780    0.22533141    0.19435655    0.17641619    0.13769202    0.15531220    0.15771434    0.17615411    0.18331535    0.26856022    0.15816256    0.16665888    0.16451630    0.07424197    0.09490387    0.09504552    0.00000000

