24
T10            0.00000000    0.21235337    0.20668363    0.22882931    0.22420212    0.30970945    0.24003227    0.21263209    0.22912971    0.20362744    0.19600543    0.22912971    0.23207323    0.22681618    0.27127620    0.26140703    0.23905248    0.24742123    0.25515210    0.25412876    0.26333960    0.19005104    0.18462783    0.21493509
T18            0.21235337    0.00000000    0.00401612    0.08298881    0.06969128    0.14422250    0.07599315    0.10123425    0.11548812    0.09652695    0.08060841    0.10586914    0.10825655    0.10611113    0.15365282    0.15110721    0.11806863    0.15047300    0.25860317    0.27074449    0.26758678    0.17804412    0.18299699    0.19930858
T15            0.20668363    0.00401612    0.00000000    0.07841098    0.06969128    0.14931390    0.08052931    0.10123425    0.11548812    0.09652695    0.08060841    0.10586914    0.10825655    0.10611113    0.15878334    0.15621149    0.11806863    0.15047300    0.25551388    0.26758678    0.26444894    0.17266454    0.17758831    0.19373373
T22            0.22882931    0.08298881    0.07841098    0.00000000    0.09450195    0.18299699    0.12253197    0.13212526    0.14710222    0.12253197    0.11053422    0.13948439    0.14201077    0.12731249    0.20107760    0.19005104    0.12471483    0.15464384    0.28270719    0.28638791    0.29773363    0.20721798    0.20387274    0.23176416
T17            0.22420212    0.06969128    0.06969128    0.09450195    0.00000000    0.16777503    0.10398402    0.11334277    0.12581360    0.10851005    0.08760902    0.11562866    0.11806863    0.11838450    0.16939023    0.16675728    0.12315096    0.15116216    0.26839878    0.28403131    0.28078101    0.18323528    0.19651337    0.21035018
T4             0.30970945    0.14422250    0.14931390    0.18299699    0.16777503    0.00000000    0.10112831    0.19026713    0.20721798    0.19026713    0.17203714    0.19278492    0.19829803    0.19600543    0.26574201    0.25653131    0.20694616    0.21263209    0.32679625    0.34752061    0.33326591    0.27589134    0.26957600    0.30970945
T23            0.24003227    0.07599315    0.08052931    0.12253197    0.10398402    0.10112831    0.00000000    0.12964287    0.14235774    0.12471483    0.10814110    0.13446970    0.13948439    0.13729208    0.19236503    0.18425225    0.14218022    0.16777503    0.28509780    0.29773363    0.29444057    0.20951045    0.19784778    0.23706253
T8             0.21263209    0.10123425    0.10123425    0.13212526    0.11334277    0.19026713    0.12964287    0.00000000    0.04565857    0.03073390    0.03274739    0.06282365    0.06504630    0.09227242    0.17430910    0.16641020    0.12812832    0.16122747    0.27074449    0.27755175    0.27434326    0.19930858    0.19324123    0.22358725
T13            0.22912971    0.11548812    0.11548812    0.14710222    0.12581360    0.20721798    0.14235774    0.04565857    0.00000000    0.03492710    0.04549462    0.07622060    0.07849906    0.10638296    0.18754071    0.17944971    0.14314798    0.17716234    0.27669999    0.28357904    0.28033932    0.21900256    0.21263209    0.23801289
T12            0.20362744    0.09652695    0.09652695    0.12253197    0.10851005    0.19026713    0.12471483    0.03073390    0.03492710    0.00000000    0.02855419    0.05840786    0.06061087    0.08760902    0.16413816    0.15379702    0.11822277    0.15069465    0.26444894    0.26483975    0.26798751    0.19930858    0.19324123    0.21208406
T9             0.19600543    0.08060841    0.08060841    0.11053422    0.08760902    0.17203714    0.10814110    0.03274739    0.04549462    0.02855419    0.00000000    0.03701232    0.03914477    0.07186080    0.14379267    0.13879069    0.10653001    0.13844668    0.25010866    0.25048215    0.24742123    0.17534708    0.17223764    0.20158021
T20            0.22912971    0.10586914    0.10586914    0.13948439    0.11562866    0.19278492    0.13446970    0.06282365    0.07622060    0.05840786    0.03701232    0.00000000    0.00602415    0.09922046    0.17449927    0.16920543    0.13045074    0.16097804    0.28638791    0.29012229    0.28683994    0.19904225    0.19904225    0.23503422
T6             0.23207323    0.10825655    0.10825655    0.14201077    0.11806863    0.19829803    0.13948439    0.06504630    0.07849906    0.06061087    0.03914477    0.00602415    0.00000000    0.10159656    0.17716740    0.17184533    0.13296447    0.16363922    0.28965948    0.29342638    0.29012229    0.20184530    0.20184530    0.23801289
T7             0.22681618    0.10611113    0.10611113    0.12731249    0.11838450    0.19600543    0.13729208    0.09227242    0.10638296    0.08760902    0.07186080    0.09922046    0.10159656    0.00000000    0.17716740    0.17184533    0.12831476    0.15617682    0.26882058    0.27477488    0.27157665    0.20808898    0.19072639    0.22681618
T19            0.27127620    0.15365282    0.15878334    0.20107760    0.16939023    0.26574201    0.19236503    0.17430910    0.18754071    0.16413816    0.14379267    0.17449927    0.17716740    0.17716740    0.00000000    0.02450766    0.18503934    0.21235337    0.32188050    0.32235220    0.32483781    0.25752032    0.25141738    0.26885043
T1             0.26140703    0.15110721    0.15621149    0.19005104    0.16675728    0.25653131    0.18425225    0.16641020    0.17944971    0.15379702    0.13879069    0.16920543    0.17184533    0.17184533    0.02450766    0.00000000    0.17697010    0.20387274    0.32097336    0.32142088    0.32393160    0.25991127    0.25380841    0.27127620
T3             0.23905248    0.11806863    0.11806863    0.12471483    0.12315096    0.20694616    0.14218022    0.12812832    0.14314798    0.11822277    0.10653001    0.13045074    0.13296447    0.12831476    0.18503934    0.17697010    0.00000000    0.08771839    0.28875750    0.30399075    0.30060823    0.21932622    0.21352447    0.23305919
T5             0.24742123    0.15047300    0.15047300    0.15464384    0.15116216    0.21263209    0.16777503    0.16122747    0.17716234    0.15069465    0.13844668    0.16097804    0.16363922    0.15617682    0.21235337    0.20387274    0.08771839    0.00000000    0.30686600    0.31427811    0.31663426    0.24245181    0.23340735    0.25125947
T2             0.25515210    0.25860317    0.25551388    0.28270719    0.26839878    0.32679625    0.28509780    0.27074449    0.27669999    0.26444894    0.25010866    0.28638791    0.28965948    0.26882058    0.32188050    0.32097336    0.28875750    0.30686600    0.00000000    0.08510709    0.08741182    0.24270519    0.24270519    0.27868096
T0             0.25412876    0.27074449    0.26758678    0.28638791    0.28403131    0.34752061    0.29773363    0.27755175    0.28357904    0.26483975    0.25048215    0.29012229    0.29342638    0.27477488    0.32235220    0.32142088    0.30399075    0.31427811    0.08510709    0.00000000    0.03906980    0.25209125    0.24602533    0.27589134
T21            0.26333960    0.26758678    0.26444894    0.29773363    0.28078101    0.33326591    0.29444057    0.27434326    0.28033932    0.26798751    0.24742123    0.28683994    0.29012229    0.27157665    0.32483781    0.32393160    0.30060823    0.31663426    0.08741182    0.03906980    0.00000000    0.24904907    0.24301980    0.27907925
T14            0.19005104    0.17804412    0.17266454    0.20721798    0.18323528    0.27589134    0.20951045    0.19930858    0.21900256    0.19930858    0.17534708    0.19904225    0.20184530    0.20808898    0.25752032    0.25991127    0.21932622    0.24245181    0.24270519    0.25209125    0.24904907    0.00000000    0.08060841    0.10624333
T16            0.18462783    0.18299699    0.17758831    0.20387274    0.19651337    0.26957600    0.19784778    0.19324123    0.21263209    0.19324123    0.17223764    0.19904225    0.20184530    0.19072639    0.25141738    0.25380841    0.21352447    0.23340735    0.24270519    0.24602533    0.24301980    0.08060841    0.00000000    0.12513918
T11            0.21493509    0.19930858    0.19373373    0.23176416    0.21035018    0.30970945    0.23706253    0.22358725    0.23801289    0.21208406    0.20158021    0.23503422    0.23801289    0.22681618    0.26885043    0.27127620    0.23305919    0.25125947    0.27868096    0.27589134    0.27907925    0.10624333    0.12513918    0.00000000

