24
T9             0.00000000    0.51160148    0.49957999    0.48821500    0.47736693    0.46314522    0.28677185    0.28351326    0.30104438    0.31073696    0.27606495    0.33296795    0.31882286    0.29433003    0.30104438    0.31766064    0.32295213    0.22065250    0.20105146    0.20896986    0.21413185    0.21259976    0.27229342    0.22036917
T13            0.51160148    0.00000000    0.00804436    0.14630140    0.13917144    0.17595860    0.40432162    0.40054626    0.39603297    0.41083868    0.40424324    0.42308151    0.41474699    0.40367050    0.40367050    0.41474699    0.42878603    0.41302842    0.39075734    0.37972260    0.39726850    0.39498996    0.43842280    0.42308151
T3             0.49957999    0.00804436    0.00000000    0.14630140    0.13418317    0.17362198    0.40152802    0.39775264    0.39333018    0.40424324    0.40155507    0.42421136    0.41596874    0.40483078    0.40483078    0.41596874    0.43004185    0.41026583    0.38800984    0.37697504    0.39449042    0.39225754    0.43559774    0.42027228
T18            0.48821500    0.14630140    0.14630140    0.00000000    0.03069772    0.13667108    0.33342658    0.33005835    0.34535340    0.35548120    0.33625773    0.37522037    0.35645002    0.33927690    0.33927690    0.35287700    0.36577441    0.35857687    0.33798972    0.33041323    0.34673092    0.34886365    0.39333018    0.37522037
T7             0.47736693    0.13917144    0.13418317    0.03069772    0.00000000    0.13711505    0.33798972    0.33456372    0.34675205    0.34980805    0.33417477    0.36941245    0.34370887    0.33370672    0.33370672    0.34724400    0.36004878    0.35645002    0.33581527    0.32816281    0.34448556    0.34675205    0.38367755    0.37307716
T0             0.46314522    0.17595860    0.17362198    0.13667108    0.13711505    0.00000000    0.33625773    0.33280804    0.34420110    0.35080432    0.33865847    0.37787051    0.36276699    0.34522368    0.34522368    0.35546408    0.37213159    0.36474779    0.34370887    0.33581527    0.34535340    0.34167597    0.40277362    0.34886365
T6             0.28677185    0.40432162    0.40152802    0.33342658    0.33798972    0.33625773    0.00000000    0.00200401    0.12252231    0.12238747    0.11319159    0.16004397    0.13547581    0.12035784    0.12035784    0.12021357    0.13963433    0.21318287    0.19370686    0.19094379    0.20155189    0.19675172    0.24835261    0.22385315
T21            0.28351326    0.40054626    0.39775264    0.33005835    0.33456372    0.33280804    0.00200401    0.00000000    0.12007699    0.11994813    0.11077582    0.15742567    0.13295013    0.11791252    0.11791252    0.11777423    0.13711505    0.21031678    0.19094379    0.18819592    0.19875793    0.19396553    0.24534873    0.22094538
T14            0.30104438    0.39603297    0.39333018    0.34535340    0.34675205    0.34420110    0.12252231    0.12007699    0.00000000    0.08038967    0.07373784    0.12949516    0.10359782    0.09194988    0.09194988    0.09185900    0.11281205    0.19790716    0.17876664    0.17555759    0.19145472    0.18673072    0.24665778    0.20775616
T17            0.31073696    0.41083868    0.40424324    0.35548120    0.34980805    0.35080432    0.12238747    0.11994813    0.08038967    0.00000000    0.04323593    0.12963252    0.10610329    0.09438474    0.09438474    0.09194988    0.11052683    0.19983684    0.18073155    0.17264342    0.18843934    0.18645964    0.26165886    0.21318287
T20            0.27606495    0.40424324    0.40155507    0.33625773    0.33417477    0.33865847    0.11319159    0.11077582    0.07373784    0.04323593    0.00000000    0.12035784    0.09473921    0.08550283    0.08550283    0.08308245    0.09204805    0.18645964    0.16775408    0.15983681    0.17802093    0.16798222    0.24397903    0.20237114
T11            0.33296795    0.42308151    0.42421136    0.37522037    0.36941245    0.37787051    0.16004397    0.15742567    0.12949516    0.12963252    0.12035784    0.00000000    0.03488823    0.07403338    0.07403338    0.07169147    0.08972224    0.23565649    0.21546584    0.20975003    0.22355183    0.22155972    0.28785823    0.26204860
T16            0.31882286    0.41474699    0.41596874    0.35645002    0.34370887    0.36276699    0.13547581    0.13295013    0.10359782    0.10610329    0.09473921    0.03488823    0.00000000    0.05220747    0.05220747    0.04994384    0.06743502    0.21412734    0.19450972    0.18895277    0.20237114    0.20043049    0.26793068    0.23371950
T2             0.29433003    0.40367050    0.40483078    0.33927690    0.33370672    0.34522368    0.12035784    0.11791252    0.09194988    0.09438474    0.08550283    0.07403338    0.05220747    0.00000000    0.00401610    0.03919082    0.05213216    0.20867865    0.18922273    0.17604864    0.18922273    0.19508952    0.26204860    0.21637938
T4             0.30104438    0.40367050    0.40483078    0.33927690    0.33370672    0.34522368    0.12035784    0.11791252    0.09194988    0.09438474    0.08550283    0.07403338    0.05220747    0.00401610    0.00000000    0.03919082    0.05213216    0.20867865    0.18922273    0.17604864    0.18922273    0.19508952    0.26204860    0.21637938
T5             0.31766064    0.41474699    0.41596874    0.35287700    0.34724400    0.35546408    0.12021357    0.11777423    0.09185900    0.09194988    0.08308245    0.07169147    0.04994384    0.03919082    0.03919082    0.00000000    0.04987994    0.20550409    0.18619731    0.17802093    0.19675172    0.19200118    0.25855223    0.22188113
T1             0.32295213    0.42878603    0.43004185    0.36577441    0.36004878    0.37213159    0.13963433    0.13711505    0.11281205    0.11052683    0.09204805    0.08972224    0.06743502    0.05213216    0.05213216    0.04987994    0.00000000    0.21318287    0.19370686    0.18546307    0.20436156    0.19396553    0.25747416    0.23267941
T22            0.22065250    0.41302842    0.41026583    0.35857687    0.35645002    0.36474779    0.21318287    0.21031678    0.19790716    0.19983684    0.18645964    0.23565649    0.21412734    0.20867865    0.20867865    0.20550409    0.21318287    0.00000000    0.01623177    0.04133685    0.05425659    0.06304012    0.13963433    0.10122788
T12            0.20105146    0.39075734    0.38800984    0.33798972    0.33581527    0.34370887    0.19370686    0.19094379    0.17876664    0.18073155    0.16775408    0.21546584    0.19450972    0.18922273    0.18922273    0.18619731    0.19370686    0.01623177    0.00000000    0.02862784    0.04343580    0.04987994    0.12483878    0.09428111
T19            0.20896986    0.37972260    0.37697504    0.33041323    0.32816281    0.33581527    0.19094379    0.18819592    0.17555759    0.17264342    0.15983681    0.20975003    0.18895277    0.17604864    0.17604864    0.17802093    0.18546307    0.04133685    0.02862784    0.00000000    0.01826980    0.04977201    0.12458047    0.09642705
T8             0.21413185    0.39726850    0.39449042    0.34673092    0.34448556    0.34535340    0.20155189    0.19875793    0.19145472    0.18843934    0.17802093    0.22355183    0.20237114    0.18922273    0.18922273    0.19675172    0.20436156    0.05425659    0.04343580    0.01826980    0.00000000    0.06504370    0.14168437    0.10802679
T10            0.21259976    0.39498996    0.39225754    0.34886365    0.34675205    0.34167597    0.19675172    0.19396553    0.18673072    0.18645964    0.16798222    0.22155972    0.20043049    0.19508952    0.19508952    0.19200118    0.19396553    0.06304012    0.04987994    0.04977201    0.06504370    0.00000000    0.11281205    0.10146110
T15            0.27229342    0.43842280    0.43559774    0.39333018    0.38367755    0.40277362    0.24835261    0.24534873    0.24665778    0.26165886    0.24397903    0.28785823    0.26793068    0.26204860    0.26204860    0.25855223    0.25747416    0.13963433    0.12483878    0.12458047    0.14168437    0.11281205    0.00000000    0.16412236
T23            0.22036917    0.42308151    0.42027228    0.37522037    0.37307716    0.34886365    0.22385315    0.22094538    0.20775616    0.21318287    0.20237114    0.26204860    0.23371950    0.21637938    0.21637938    0.22188113    0.23267941    0.10122788    0.09428111    0.09642705    0.10802679    0.10146110    0.16412236    0.00000000

