24
T12            0.00000000    0.29888751    0.24223606    0.28167659    0.28192598    0.34788094    0.38094349    0.34727773    0.30038556    0.30751952    0.33303607    0.26625861    0.26938263    0.27252641    0.27179409    0.22520501    0.22232532    0.22494939    0.23339304    0.24048789    0.22865956    0.22865956    0.25636752    0.25973649
T17            0.29888751    0.00000000    0.06953247    0.15625937    0.15211223    0.38094349    0.40856447    0.39551722    0.34866645    0.36012095    0.38011918    0.32557596    0.33252200    0.33252200    0.34813979    0.30082995    0.30416347    0.30705253    0.31333192    0.31189084    0.29841975    0.30510963    0.32807062    0.33202042
T1             0.24223606    0.06953247    0.00000000    0.10306609    0.10362854    0.30048504    0.31071329    0.32953856    0.29708533    0.30751952    0.32606550    0.26625861    0.26625861    0.27252641    0.29666354    0.26113005    0.25803504    0.26076573    0.26662117    0.26817872    0.25568073    0.25877587    0.28448985    0.28812739
T18            0.28167659    0.15625937    0.10306609    0.00000000    0.07623385    0.35479696    0.36045324    0.36775530    0.33013931    0.33753615    0.35325696    0.29796354    0.30449807    0.30449807    0.31618756    0.27737285    0.27422933    0.27773157    0.28053638    0.28128536    0.27179409    0.26867021    0.29151386    0.29509205
T9             0.28192598    0.15211223    0.10362854    0.07623385    0.00000000    0.35588977    0.35172524    0.35762784    0.32708143    0.33821346    0.36132026    0.29466308    0.30128591    0.29796346    0.31966919    0.28379916    0.28055235    0.28425682    0.28943161    0.29466148    0.28145718    0.27821023    0.31138872    0.31531648
T13            0.34788094    0.38094349    0.30048504    0.35479696    0.35588977    0.00000000    0.11033851    0.46062012    0.43062670    0.44223485    0.44223485    0.38472000    0.38472000    0.39218483    0.39769991    0.35447746    0.35095632    0.34705232    0.35714696    0.35802374    0.34398804    0.34745996    0.39324795    0.40534699
T21            0.38094349    0.40856447    0.31071329    0.36045324    0.35172524    0.11033851    0.00000000    0.44747135    0.44093973    0.45710883    0.44858723    0.40146862    0.40146862    0.40925588    0.41861728    0.36931538    0.36567812    0.37148588    0.37465297    0.36567812    0.35848255    0.36206731    0.40395069    0.40856447
T15            0.34727773    0.39551722    0.32953856    0.36775530    0.35762784    0.46062012    0.44747135    0.00000000    0.12982686    0.14004641    0.15991669    0.11768210    0.12256565    0.12256565    0.14222775    0.32970045    0.32628761    0.32671462    0.32970045    0.32715414    0.31364063    0.32374114    0.36463073    0.36887602
T3             0.30038556    0.34866645    0.29708533    0.33013931    0.32708143    0.43062670    0.44093973    0.12982686    0.00000000    0.01619090    0.07842447    0.07842447    0.08300460    0.08300460    0.10149316    0.27237075    0.26930523    0.27210020    0.27799077    0.26986091    0.25771022    0.26679525    0.29084207    0.29760082
T5             0.30751952    0.36012095    0.30751952    0.33753615    0.33821346    0.44223485    0.45710883    0.14004641    0.01619090    0.00000000    0.08310421    0.08773782    0.09241506    0.09241506    0.11124894    0.27574679    0.27265256    0.27545531    0.28138275    0.27324982    0.26098638    0.27015546    0.29760082    0.30122006
T2             0.33303607    0.38011918    0.32606550    0.35325696    0.36132026    0.44223485    0.44858723    0.15991669    0.07842447    0.08310421    0.00000000    0.11337480    0.11825868    0.11825868    0.13282638    0.29658343    0.29979753    0.30269612    0.30560661    0.30122006    0.28832015    0.29796354    0.33873313    0.34265434
T23            0.26625861    0.32557596    0.26625861    0.29796354    0.29466308    0.38472000    0.40146862    0.11768210    0.07842447    0.08773782    0.11337480    0.00000000    0.00401619    0.00401619    0.03285116    0.24607095    0.24314087    0.24584967    0.25151639    0.24951062    0.23775464    0.24654544    0.28798874    0.29151386
T11            0.26938263    0.33252200    0.26625861    0.30449807    0.30128591    0.38472000    0.40146862    0.12256565    0.08300460    0.09241506    0.11825868    0.00401619    0.00000000    0.00806512    0.03710805    0.25198349    0.24901842    0.25174454    0.25746408    0.25549462    0.24359785    0.25249361    0.29437608    0.29796354
T0             0.27252641    0.33252200    0.27252641    0.30449807    0.29796346    0.39218483    0.40925588    0.12256565    0.08300460    0.09241506    0.11825868    0.00401619    0.00806512    0.00000000    0.03710805    0.24314087    0.24022797    0.24292826    0.24856904    0.25549462    0.24359785    0.25249361    0.29437608    0.29796354
T6             0.27179409    0.34813979    0.29666354    0.31618756    0.31966919    0.39769991    0.41861728    0.14222775    0.10149316    0.11124894    0.13282638    0.03285116    0.03710805    0.03710805    0.00000000    0.26098638    0.25796725    0.26072014    0.26652133    0.26708025    0.25496636    0.25796725    0.31324722    0.31698470
T16            0.22520501    0.30082995    0.26113005    0.27737285    0.28379916    0.35447746    0.36931538    0.32970045    0.27237075    0.27574679    0.29658343    0.24607095    0.25198349    0.24314087    0.26098638    0.00000000    0.00200404    0.01210046    0.01617928    0.05419877    0.04549892    0.04765964    0.13422919    0.13686180
T20            0.22232532    0.30416347    0.25803504    0.27422933    0.28055235    0.35095632    0.36567812    0.32628761    0.26930523    0.27265256    0.29979753    0.24314087    0.24901842    0.24022797    0.25796725    0.00200404    0.00000000    0.01006780    0.01413410    0.05200948    0.04334756    0.04549892    0.13175109    0.13436497
T19            0.22494939    0.30705253    0.26076573    0.27773157    0.28425682    0.34705232    0.37148588    0.32671462    0.27210020    0.27545531    0.30269612    0.24584967    0.25174454    0.24292826    0.26072014    0.01210046    0.01006780    0.00000000    0.00804343    0.05633187    0.04761306    0.04977846    0.13658580    0.13922280
T4             0.23339304    0.31333192    0.26662117    0.28053638    0.28943161    0.35714696    0.37465297    0.32970045    0.27799077    0.28138275    0.30560661    0.25151639    0.25746408    0.24856904    0.26652133    0.01617928    0.01413410    0.00804343    0.00000000    0.06068040    0.05190395    0.05408357    0.13895052    0.14159191
T22            0.24048789    0.31189084    0.26817872    0.28128536    0.29466148    0.35802374    0.36567812    0.32715414    0.26986091    0.27324982    0.30122006    0.24951062    0.25549462    0.25549462    0.26708025    0.05419877    0.05200948    0.05633187    0.06068040    0.00000000    0.00806512    0.01420108    0.13450885    0.13717033
T7             0.22865956    0.29841975    0.25568073    0.27179409    0.28145718    0.34398804    0.35848255    0.31364063    0.25771022    0.26098638    0.28832015    0.23775464    0.24359785    0.24359785    0.25496636    0.04549892    0.04334756    0.04761306    0.05190395    0.00806512    0.00000000    0.00603653    0.12462046    0.12720740
T8             0.22865956    0.30510963    0.25877587    0.26867021    0.27821023    0.34745996    0.36206731    0.32374114    0.26679525    0.27015546    0.29796354    0.24654544    0.25249361    0.25249361    0.25796725    0.04765964    0.04549892    0.04977846    0.05408357    0.01420108    0.00603653    0.00000000    0.13201824    0.13466080
T10            0.25636752    0.32807062    0.28448985    0.29151386    0.31138872    0.39324795    0.40395069    0.36463073    0.29084207    0.29760082    0.33873313    0.28798874    0.29437608    0.29437608    0.31324722    0.13422919    0.13175109    0.13658580    0.13895052    0.13450885    0.12462046    0.13201824    0.00000000    0.01414147
T14            0.25973649    0.33202042    0.28812739    0.29509205    0.31531648    0.40534699    0.40856447    0.36887602    0.29760082    0.30122006    0.34265434    0.29151386    0.29796354    0.29796354    0.31698470    0.13686180    0.13436497    0.13922280    0.14159191    0.13717033    0.12720740    0.13466080    0.01414147    0.00000000

