24
T9             0.00000000    0.33277929    0.32534092    0.30306254    0.29582038    0.28923270    0.30875481    0.32546756    0.29727561    0.27757426    0.24750543    0.25319786    0.24976352    0.19988004    0.18127067    0.18676957    0.16491510    0.17289936    0.17337795    0.17558945    0.18194761    0.18076511    0.16512869    0.15006035
T18            0.33277929    0.00000000    0.03697650    0.09428899    0.19854814    0.19301910    0.20108909    0.21494830    0.17965450    0.41080082    0.38119391    0.35615795    0.35559865    0.34150589    0.33493424    0.33493424    0.34755768    0.35484258    0.32492346    0.31019927    0.36233687    0.35308799    0.33983230    0.31456302
T21            0.32534092    0.03697650    0.00000000    0.09205579    0.18776832    0.18234446    0.19577596    0.20952297    0.17985900    0.41015001    0.36228756    0.34839305    0.34432140    0.33139513    0.32492346    0.32492346    0.33031804    0.33737120    0.30825848    0.29821105    0.34482892    0.33227135    0.31943777    0.29821105
T7             0.30306254    0.09428899    0.09205579    0.00000000    0.17450785    0.16921352    0.17167057    0.17945886    0.15894794    0.36640908    0.34852387    0.34179773    0.34129008    0.32842533    0.32197791    0.32197791    0.33437705    0.34150589    0.31216107    0.30107563    0.33827137    0.33383215    0.32092604    0.29535776
T23            0.29582038    0.19854814    0.18776832    0.17450785    0.00000000    0.00401613    0.11838849    0.13064066    0.11873485    0.33984326    0.31344792    0.32144601    0.32788096    0.30063609    0.28125747    0.28125747    0.30978212    0.30978212    0.28268052    0.28172103    0.30107563    0.29582038    0.28036280    0.25708357
T10            0.28923270    0.19301910    0.18234446    0.16921352    0.00401613    0.00000000    0.11838849    0.13064066    0.11381833    0.33984326    0.31344792    0.31456302    0.32092604    0.29393763    0.27479756    0.27479756    0.30299259    0.30299259    0.27615706    0.27524007    0.29446630    0.28923270    0.27394457    0.25088447
T16            0.30875481    0.20108909    0.19577596    0.17167057    0.11838849    0.11838849    0.00000000    0.01619045    0.06304439    0.38176862    0.35092950    0.34208871    0.34873811    0.32187943    0.30168508    0.30168508    0.31375470    0.31722023    0.29652971    0.30222645    0.31851251    0.31321187    0.29727561    0.26469119
T14            0.32546756    0.21494830    0.20952297    0.17945886    0.13064066    0.13064066    0.01619045    0.00000000    0.07631209    0.39257748    0.36488609    0.35978697    0.36662575    0.34283395    0.32187943    0.32187943    0.33430096    0.33790417    0.31314046    0.31895488    0.33550371    0.31958767    0.31375470    0.27386545
T2             0.29727561    0.17965450    0.17985900    0.15894794    0.11873485    0.11381833    0.06304439    0.07631209    0.00000000    0.36433952    0.33777617    0.31851251    0.32492346    0.31140955    0.28828731    0.28828731    0.30689506    0.31031308    0.28648138    0.27893372    0.31507102    0.30637580    0.29062184    0.25749686
T5             0.27757426    0.41080082    0.41015001    0.36640908    0.33984326    0.33984326    0.38176862    0.39257748    0.36433952    0.00000000    0.09163634    0.18176261    0.18158661    0.23707874    0.22855372    0.23442424    0.23595157    0.23888669    0.24303689    0.23944757    0.26478375    0.26646880    0.24510232    0.21393344
T4             0.24750543    0.38119391    0.36228756    0.34852387    0.31344792    0.31344792    0.35092950    0.36488609    0.33777617    0.09163634    0.00000000    0.16658728    0.15636921    0.23177963    0.22330856    0.22914483    0.22014084    0.22302517    0.22651975    0.22592628    0.25080303    0.25481952    0.23442424    0.19577596
T8             0.25319786    0.35615795    0.34839305    0.34179773    0.32144601    0.31456302    0.34208871    0.35978697    0.31851251    0.18176261    0.16658728    0.00000000    0.02866618    0.23010476    0.21066156    0.21643059    0.21264504    0.21551287    0.19679201    0.20751144    0.24906708    0.24172795    0.22161185    0.19232977
T15            0.24976352    0.35559865    0.34432140    0.34129008    0.32788096    0.32092604    0.34873811    0.36662575    0.32492346    0.18158661    0.15636921    0.02866618    0.00000000    0.23571569    0.21611527    0.22193474    0.21236626    0.22099469    0.19374441    0.20440305    0.24873419    0.23836608    0.21839729    0.19149306
T17            0.19988004    0.34150589    0.33139513    0.32842533    0.30063609    0.29393763    0.32187943    0.34283395    0.31140955    0.23707874    0.23177963    0.23010476    0.23571569    0.00000000    0.01824818    0.02238930    0.08772052    0.09239513    0.14079925    0.14551659    0.15947111    0.16051130    0.14530830    0.12351100
T13            0.18127067    0.33493424    0.32492346    0.32197791    0.28125747    0.27479756    0.30168508    0.32187943    0.28828731    0.22855372    0.22330856    0.21066156    0.21611527    0.01824818    0.00000000    0.00401613    0.06743976    0.07195572    0.12121141    0.12332930    0.14201636    0.13783923    0.12315526    0.10202812
T0             0.18676957    0.33493424    0.32492346    0.32197791    0.28125747    0.27479756    0.30168508    0.32187943    0.28828731    0.23442424    0.22914483    0.21643059    0.22193474    0.02238930    0.00401613    0.00000000    0.07195572    0.07651294    0.12620173    0.12831955    0.14710824    0.14294432    0.12813302    0.10684964
T20            0.16491510    0.34755768    0.33031804    0.33437705    0.30978212    0.30299259    0.31375470    0.33430096    0.30689506    0.23595157    0.22014084    0.21264504    0.21236626    0.08772052    0.06743976    0.07195572    0.00000000    0.02029442    0.11578054    0.12283023    0.13933481    0.12979338    0.11778707    0.10187789
T3             0.17289936    0.35484258    0.33737120    0.34150589    0.30978212    0.30299259    0.31722023    0.33790417    0.31031308    0.23888669    0.22302517    0.21551287    0.22099469    0.09239513    0.07195572    0.07651294    0.02029442    0.00000000    0.12563793    0.12778321    0.14438797    0.13478344    0.12267929    0.10427702
T6             0.17337795    0.32492346    0.30825848    0.31216107    0.28268052    0.27615706    0.29652971    0.31314046    0.28648138    0.24303689    0.22651975    0.19679201    0.19374441    0.14079925    0.12121141    0.12620173    0.11578054    0.12563793    0.00000000    0.04994659    0.12068488    0.12121141    0.09488212    0.10427702
T22            0.17558945    0.31019927    0.29821105    0.30107563    0.28172103    0.27524007    0.30222645    0.31895488    0.27893372    0.23944757    0.22592628    0.20751144    0.20440305    0.14551659    0.12332930    0.12831955    0.12283023    0.12778321    0.04994659    0.00000000    0.12037206    0.12085278    0.09698245    0.10159942
T11            0.18194761    0.36233687    0.34482892    0.33827137    0.30107563    0.29446630    0.31851251    0.33550371    0.31507102    0.26478375    0.25080303    0.24906708    0.24873419    0.15947111    0.14201636    0.14710824    0.13933481    0.14438797    0.12068488    0.12037206    0.00000000    0.11753242    0.10339195    0.12253610
T1             0.18076511    0.35308799    0.33227135    0.33383215    0.29582038    0.28923270    0.31321187    0.31958767    0.30637580    0.26646880    0.25481952    0.24172795    0.23836608    0.16051130    0.13783923    0.14294432    0.12979338    0.13478344    0.12121141    0.12085278    0.11753242    0.00000000    0.03701269    0.12795423
T19            0.16512869    0.33983230    0.31943777    0.32092604    0.28036280    0.27394457    0.29727561    0.31375470    0.29062184    0.24510232    0.23442424    0.22161185    0.21839729    0.14530830    0.12315526    0.12813302    0.11778707    0.12267929    0.09488212    0.09698245    0.10339195    0.03701269    0.00000000    0.10865133
T12            0.15006035    0.31456302    0.29821105    0.29535776    0.25708357    0.25088447    0.26469119    0.27386545    0.25749686    0.21393344    0.19577596    0.19232977    0.19149306    0.12351100    0.10202812    0.10684964    0.10187789    0.10427702    0.10427702    0.10159942    0.12253610    0.12795423    0.10865133    0.00000000

