24
T7             0.00000000    0.40502884    0.41018794    0.40175163    0.40115974    0.41162775    0.38762067    0.40443671    0.38122515    0.39909527    0.42216801    0.41747352    0.42358464    0.44623963    0.32441949    0.33332768    0.34385136    0.29208556    0.29363894    0.29363894    0.29538019    0.31751071    0.30156105    0.29492794
T21            0.40502884    0.00000000    0.03066952    0.24337481    0.24371035    0.25212406    0.23872731    0.26487822    0.21582059    0.22042581    0.23771510    0.23506287    0.23242047    0.24639051    0.39474204    0.39654513    0.44969761    0.37854380    0.37726950    0.37726950    0.37231102    0.39064510    0.35201196    0.34485584
T18            0.41018794    0.03066952    0.00000000    0.24573155    0.24605594    0.25449188    0.23572963    0.26174893    0.21523595    0.21988432    0.23709007    0.23739759    0.23474430    0.24573155    0.40121247    0.39909228    0.46096572    0.38236898    0.38106545    0.38106545    0.37604994    0.39064510    0.35562892    0.34842106
T4             0.40175163    0.24337481    0.24573155    0.00000000    0.01210028    0.01822298    0.06944915    0.08947285    0.20696758    0.21728201    0.23443565    0.22015024    0.23804257    0.24006081    0.34689559    0.34995266    0.39567737    0.33431067    0.33594206    0.33594206    0.35095632    0.35762964    0.33131646    0.32443206
T15            0.40115974    0.24371035    0.24605594    0.01210028    0.00000000    0.00602416    0.07177676    0.09186723    0.20724001    0.21468925    0.23179111    0.22042581    0.23837998    0.24639051    0.34739118    0.34689559    0.38867691    0.33131646    0.33293389    0.33293389    0.34789968    0.35454714    0.32833458    0.32147379
T12            0.41162775    0.25212406    0.25449188    0.01822298    0.00602416    0.00000000    0.07841381    0.09868577    0.21523595    0.22276080    0.24006081    0.22856405    0.24673523    0.25483378    0.35710846    0.35660051    0.39893995    0.34081987    0.34244081    0.34244081    0.35762964    0.36436849    0.33780100    0.33084462
T11            0.38762067    0.23872731    0.23572963    0.06944915    0.07177676    0.07841381    0.00000000    0.08520011    0.19680144    0.20696758    0.22391599    0.21265521    0.22749608    0.24138668    0.34288018    0.34950240    0.39524098    0.33034617    0.33529112    0.33529112    0.33986149    0.33932754    0.30352272    0.30352272
T23            0.40443671    0.26487822    0.26174893    0.08947285    0.09186723    0.09868577    0.08520011    0.00000000    0.21612707    0.22946721    0.24709008    0.23837998    0.24174313    0.25592160    0.35402588    0.36072526    0.40715113    0.33431067    0.33940797    0.33940797    0.34995266    0.35660051    0.33038520    0.32354816
T9             0.38122515    0.21582059    0.21523595    0.20696758    0.20724001    0.21523595    0.19680144    0.21612707    0.00000000    0.06960539    0.07859738    0.06735750    0.08575657    0.09239738    0.34877301    0.35181895    0.37862406    0.31751071    0.32584965    0.32584965    0.32584965    0.33932754    0.29691181    0.29038743
T20            0.39909527    0.22042581    0.21988432    0.21728201    0.21468925    0.22276080    0.20696758    0.22946721    0.06960539    0.00000000    0.01212513    0.04549553    0.11382219    0.11610350    0.34040796    0.33986149    0.36383412    0.32338933    0.32833458    0.32833458    0.33180071    0.33829728    0.30265497    0.29608775
T2             0.42216801    0.23771510    0.23709007    0.23443565    0.23179111    0.24006081    0.22391599    0.24709008    0.07859738    0.01212513    0.00000000    0.05194884    0.12351560    0.12582276    0.36164665    0.35369258    0.37804830    0.34398618    0.34895531    0.34895531    0.35255923    0.35927232    0.32240738    0.31559334
T0             0.41747352    0.23506287    0.23739759    0.22015024    0.22042581    0.22856405    0.21265521    0.23837998    0.06735750    0.04549553    0.05194884    0.00000000    0.11382219    0.11578387    0.34759027    0.35427863    0.39646702    0.33034617    0.34234611    0.34234611    0.33880613    0.35255923    0.31267095    0.30597132
T3             0.42358464    0.23242047    0.23474430    0.23804257    0.23837998    0.24673523    0.22749608    0.24174313    0.08575657    0.11382219    0.12351560    0.11382219    0.00000000    0.11172236    0.40178239    0.40503394    0.43334824    0.37495445    0.38125637    0.38125637    0.37225136    0.37671770    0.34817530    0.34096694
T13            0.44623963    0.24639051    0.24573155    0.24006081    0.24639051    0.25483378    0.24138668    0.25592160    0.09239738    0.11610350    0.12582276    0.11578387    0.11172236    0.00000000    0.41158008    0.41078276    0.41481755    0.36164665    0.37160916    0.37160916    0.37411821    0.39797017    0.35369258    0.34645832
T10            0.32441949    0.39474204    0.40121247    0.34689559    0.34739118    0.35710846    0.34288018    0.35402588    0.34877301    0.34040796    0.36164665    0.34759027    0.40178239    0.41158008    0.00000000    0.05662803    0.16607533    0.09755531    0.09963775    0.09963775    0.09725559    0.11154834    0.09058626    0.08588915
T19            0.33332768    0.39654513    0.39909228    0.34995266    0.34689559    0.35660051    0.34950240    0.36072526    0.35181895    0.33986149    0.35369258    0.35427863    0.40503394    0.41078276    0.05662803    0.00000000    0.18154566    0.11154834    0.11365709    0.11365709    0.11365709    0.12085684    0.10443649    0.09963775
T8             0.34385136    0.44969761    0.46096572    0.39567737    0.38867691    0.39893995    0.39524098    0.40715113    0.37862406    0.36383412    0.37804830    0.39646702    0.43334824    0.41481755    0.16607533    0.18154566    0.00000000    0.10814628    0.10793768    0.10793768    0.15485034    0.16249450    0.14255399    0.13747441
T1             0.29208556    0.37854380    0.38236898    0.33431067    0.33131646    0.34081987    0.33034617    0.33431067    0.31751071    0.32338933    0.34398618    0.33034617    0.37495445    0.36164665    0.09755531    0.11154834    0.10814628    0.00000000    0.02440579    0.02440579    0.07641054    0.08783919    0.07216516    0.06762834
T22            0.29363894    0.37726950    0.38106545    0.33594206    0.33293389    0.34244081    0.33529112    0.33940797    0.32584965    0.32833458    0.34895531    0.34234611    0.38125637    0.37160916    0.09963775    0.11365709    0.10793768    0.02440579    0.00000000    0.00000000    0.07850206    0.08761285    0.07423066    0.06969391
T16            0.29363894    0.37726950    0.38106545    0.33594206    0.33293389    0.34244081    0.33529112    0.33940797    0.32584965    0.32833458    0.34895531    0.34234611    0.38125637    0.37160916    0.09963775    0.11365709    0.10793768    0.02440579    0.00000000    0.00000000    0.07850206    0.08761285    0.07423066    0.06969391
T5             0.29538019    0.37231102    0.37604994    0.35095632    0.34789968    0.35762964    0.33986149    0.34995266    0.32584965    0.33180071    0.35255923    0.33880613    0.37225136    0.37411821    0.09725559    0.11365709    0.15485034    0.07641054    0.07850206    0.07850206    0.00000000    0.05852944    0.05426048    0.04988303
T17            0.31751071    0.39064510    0.39064510    0.35762964    0.35454714    0.36436849    0.33932754    0.35660051    0.33932754    0.33829728    0.35927232    0.35255923    0.37671770    0.39797017    0.11154834    0.12085684    0.16249450    0.08783919    0.08761285    0.08761285    0.05852944    0.00000000    0.06304545    0.05859970
T6             0.30156105    0.35201196    0.35562892    0.33131646    0.32833458    0.33780100    0.30352272    0.33038520    0.29691181    0.30265497    0.32240738    0.31267095    0.34817530    0.35369258    0.09058626    0.10443649    0.14255399    0.07216516    0.07423066    0.07423066    0.05426048    0.06304545    0.00000000    0.00401614
T14            0.29492794    0.34485584    0.34842106    0.32443206    0.32147379    0.33084462    0.30352272    0.32354816    0.29038743    0.29608775    0.31559334    0.30597132    0.34096694    0.34645832    0.08588915    0.09963775    0.13747441    0.06762834    0.06969391    0.06969391    0.04988303    0.05859970    0.00401614    0.00000000

