24
T21            0.00000000    0.24745237    0.25259793    0.26364966    0.23968985    0.23407520    0.28588271    0.27705902    0.27151555    0.26285864    0.28463198    0.25660656    0.28307370    0.26244838    0.27386305    0.25350961    0.25583529    0.23038579    0.22065296    0.21777042    0.17983001    0.16753452    0.19597997    0.17756737
T22            0.24745237    0.00000000    0.02650472    0.10863909    0.09195005    0.08740734    0.25475532    0.24030807    0.23565647    0.24545153    0.23999395    0.22811304    0.23004810    0.19955350    0.22448443    0.20105214    0.21130749    0.18297387    0.17467930    0.17735359    0.19927937    0.18297387    0.18943971    0.18501844
T14            0.25259793    0.02650472    0.00000000    0.11064770    0.09169958    0.08716705    0.26055276    0.25204603    0.24363602    0.25350961    0.24804292    0.23600219    0.22909311    0.20436187    0.22065296    0.20592788    0.21626497    0.17962656    0.17676480    0.17943193    0.20129760    0.18231522    0.19704114    0.18711375
T17            0.26364966    0.10863909    0.11064770    0.00000000    0.07177078    0.06735209    0.24665802    0.23830643    0.22776493    0.23748258    0.22094567    0.21156078    0.22742640    0.19702703    0.23073312    0.19622818    0.20360199    0.16267605    0.16468443    0.16732342    0.20520460    0.19145470    0.19827378    0.18843951
T16            0.23968985    0.09195005    0.09169958    0.07177078    0.00000000    0.00804335    0.23437173    0.22616839    0.21002895    0.21928689    0.22009625    0.20550381    0.20409934    0.17221874    0.20436187    0.19597997    0.20058888    0.16205930    0.15667487    0.15926595    0.18546343    0.16956575    0.18441785    0.17201925
T20            0.23407520    0.08740734    0.08716705    0.06735209    0.00804335    0.00000000    0.22879422    0.22065296    0.20746713    0.21380293    0.21749556    0.20012887    0.19875834    0.16976680    0.19901431    0.19070211    0.19528986    0.15703363    0.14913666    0.15169458    0.18297387    0.16448879    0.17924616    0.16692677
T3             0.28588271    0.25475532    0.26055276    0.24665802    0.23437173    0.22879422    0.00000000    0.02029411    0.08750189    0.09473912    0.16187055    0.15024148    0.27283693    0.23709790    0.26371014    0.24202809    0.24665802    0.21637915    0.21031682    0.21318285    0.22776493    0.21928689    0.22326069    0.20746713
T13            0.27705902    0.24030807    0.25204603    0.23830643    0.22616839    0.22065296    0.02029411    0.00000000    0.07849488    0.08562049    0.15444253    0.14077553    0.26963067    0.23408496    0.26055450    0.22776493    0.23235237    0.20836166    0.20237106    0.20520460    0.21961846    0.21123596    0.21518053    0.19955350
T18            0.27151555    0.23565647    0.24363602    0.22776493    0.21002895    0.20746713    0.08750189    0.07849488    0.00000000    0.03073316    0.14016928    0.13354500    0.25331527    0.21772733    0.24358210    0.21446010    0.21896472    0.19821771    0.18673042    0.18950113    0.21156078    0.20105934    0.21061396    0.18950113
T15            0.26285864    0.24545153    0.25350961    0.23748258    0.21928689    0.21380293    0.09473912    0.08562049    0.03073316    0.00000000    0.15305876    0.13653837    0.26281254    0.23040151    0.24751501    0.21223795    0.21092035    0.19038959    0.18452780    0.18729852    0.21515421    0.19602483    0.21703464    0.19570408
T9             0.28463198    0.23999395    0.24804292    0.22094567    0.22009625    0.21749556    0.16187055    0.15444253    0.14016928    0.15305876    0.00000000    0.09204815    0.25043174    0.22124792    0.25006002    0.21865196    0.22616839    0.19955350    0.19094405    0.19370707    0.22909311    0.21834864    0.21438060    0.20948114
T4             0.25660656    0.22811304    0.23600219    0.21156078    0.20550381    0.20012887    0.15024148    0.14077553    0.13354500    0.13653837    0.09204815    0.00000000    0.25646101    0.21259026    0.24751501    0.21808758    0.22550249    0.19319927    0.19853766    0.20138739    0.21446010    0.20391722    0.20775611    0.19508908
T0             0.28307370    0.23004810    0.22909311    0.22742640    0.20409934    0.19875834    0.27283693    0.26963067    0.25331527    0.26281254    0.25043174    0.25646101    0.00000000    0.09710345    0.10863909    0.22515363    0.22972007    0.19508908    0.19200091    0.19479486    0.21772733    0.19635439    0.22188093    0.21189478
T11            0.26244838    0.19955350    0.20436187    0.19702703    0.17221874    0.16976680    0.23709790    0.23408496    0.21772733    0.23040151    0.22124792    0.21259026    0.09710345    0.00000000    0.08782858    0.19821771    0.19983667    0.16924826    0.16897831    0.17168159    0.19886647    0.17253852    0.19172338    0.17385544
T19            0.27386305    0.22448443    0.22065296    0.23073312    0.20436187    0.19901431    0.26371014    0.26055450    0.24358210    0.24751501    0.25006002    0.24751501    0.10863909    0.08782858    0.00000000    0.22921456    0.23672293    0.19539216    0.19508908    0.19790666    0.21515421    0.19102549    0.21928689    0.20645601
T1             0.25350961    0.20105214    0.20592788    0.19622818    0.19597997    0.19070211    0.24202809    0.22776493    0.21446010    0.21223795    0.21865196    0.21808758    0.22515363    0.19821771    0.22921456    0.00000000    0.04982268    0.11077590    0.10824936    0.11064770    0.18569922    0.17286890    0.19648545    0.17802102
T6             0.25583529    0.21130749    0.21626497    0.20360199    0.20058888    0.19528986    0.24665802    0.23235237    0.21896472    0.21092035    0.22616839    0.22550249    0.22972007    0.19983667    0.23672293    0.04982268    0.00000000    0.12021371    0.11522225    0.11281234    0.20181606    0.19094405    0.20948114    0.19070211
T2             0.23038579    0.18297387    0.17962656    0.16267605    0.16205930    0.15703363    0.21637915    0.20836166    0.19821771    0.19038959    0.19955350    0.19319927    0.19508908    0.16924826    0.19539216    0.11077590    0.12021371    0.00000000    0.04124001    0.04338603    0.16798212    0.14765706    0.16997642    0.15003694
T12            0.22065296    0.17467930    0.17676480    0.16468443    0.15667487    0.14913666    0.21031682    0.20237106    0.18673042    0.18452780    0.19094405    0.19853766    0.19200091    0.16897831    0.19508908    0.10824936    0.11522225    0.04124001    0.00000000    0.00200401    0.16775409    0.14489467    0.16187055    0.13963452
T23            0.21777042    0.17735359    0.17943193    0.16732342    0.15926595    0.15169458    0.21318285    0.20520460    0.18950113    0.18729852    0.19370707    0.20138739    0.19479486    0.17168159    0.19790666    0.11064770    0.11281234    0.04338603    0.00200401    0.00000000    0.17042127    0.14745919    0.16448879    0.14216655
T5             0.17983001    0.19927937    0.20129760    0.20520460    0.18546343    0.18297387    0.22776493    0.21961846    0.21156078    0.21515421    0.22909311    0.21446010    0.21772733    0.19886647    0.21515421    0.18569922    0.20181606    0.16798212    0.16775409    0.17042127    0.00000000    0.07630630    0.11777439    0.09215352
T7             0.16753452    0.18297387    0.18231522    0.19145470    0.16956575    0.16448879    0.21928689    0.21123596    0.20105934    0.19602483    0.21834864    0.20391722    0.19635439    0.17253852    0.19102549    0.17286890    0.19094405    0.14765706    0.14489467    0.14745919    0.07630630    0.00000000    0.11091162    0.08550277
T10            0.19597997    0.18943971    0.19704114    0.19827378    0.18441785    0.17924616    0.22326069    0.21518053    0.21061396    0.21703464    0.21438060    0.20775611    0.22188093    0.19172338    0.21928689    0.19648545    0.20948114    0.16997642    0.16187055    0.16448879    0.11777439    0.11091162    0.00000000    0.06519268
T8             0.17756737    0.18501844    0.18711375    0.18843951    0.17201925    0.16692677    0.20746713    0.19955350    0.18950113    0.19570408    0.20948114    0.19508908    0.21189478    0.17385544    0.20645601    0.17802102    0.19070211    0.15003694    0.13963452    0.14216655    0.09215352    0.08550277    0.06519268    0.00000000

