24
T15            0.00000000    0.31971716    0.28248571    0.30645733    0.30973939    0.32189538    0.36178610    0.32012786    0.31266701    0.28067732    0.32152260    0.29280408    0.30971997    0.32532114    0.32736150    0.32781993    0.33387151    0.32449905    0.33807409    0.30775497    0.30151973    0.30927088    0.34734341    0.35040007
T1             0.31971716    0.00000000    0.18597267    0.19257512    0.18754495    0.19785279    0.24335091    0.22452878    0.20668841    0.17660622    0.20084499    0.17781513    0.19175588    0.19542964    0.19399721    0.19373759    0.21182947    0.20668841    0.21292477    0.26484673    0.27478200    0.29774297    0.31466832    0.32098581
T19            0.28248571    0.18597267    0.00000000    0.12925513    0.12459103    0.13406919    0.18846855    0.14728689    0.13933171    0.11242054    0.15446041    0.13783549    0.14530414    0.15286030    0.15484055    0.15985749    0.16207919    0.16207919    0.16999934    0.22359258    0.23870161    0.24603201    0.29932573    0.29566063
T6             0.30645733    0.19257512    0.12925513    0.00000000    0.01007284    0.01822294    0.15154824    0.11753029    0.10304985    0.08918904    0.11942893    0.14899605    0.14438453    0.15928412    0.16137201    0.16380848    0.16816126    0.16582477    0.17364107    0.22563552    0.23769221    0.24509227    0.31050586    0.31343144
T22            0.30973939    0.18754495    0.12459103    0.01007284    0.00000000    0.00804337    0.15188180    0.11778474    0.10320494    0.08927949    0.11720673    0.14422498    0.13964947    0.15705242    0.15652461    0.15894408    0.16582477    0.16351000    0.17132641    0.22329977    0.23536755    0.24271201    0.30469025    0.30759216
T5             0.32189538    0.19785279    0.13406919    0.01822294    0.00804337    0.00000000    0.16170857    0.12717466    0.11242054    0.09833144    0.12659545    0.15395270    0.14931645    0.16694697    0.16641394    0.16886582    0.17584272    0.17349529    0.18141495    0.23118187    0.24335091    0.25079250    0.31343144    0.31636902
T13            0.36178610    0.24335091    0.18846855    0.15154824    0.15188180    0.16170857    0.00000000    0.08099636    0.10329387    0.15428281    0.17470169    0.21322209    0.21642128    0.21900712    0.22389504    0.22069176    0.24302640    0.24905583    0.26133779    0.29912884    0.31319062    0.31746446    0.34429957    0.35090679
T21            0.32012786    0.22452878    0.14728689    0.11753029    0.11778474    0.12717466    0.08099636    0.00000000    0.07380478    0.11765366    0.14455223    0.18676250    0.18982313    0.19232211    0.19706113    0.19122523    0.21780770    0.21550433    0.22714211    0.25978555    0.27291084    0.27712806    0.32877369    0.33524392
T17            0.31266701    0.20668841    0.13933171    0.10304985    0.10320494    0.11242054    0.10329387    0.07380478    0.00000000    0.10784194    0.13419534    0.16470529    0.17289382    0.18075902    0.18549025    0.18255066    0.20039827    0.19807311    0.20925425    0.24136092    0.25396112    0.26133779    0.32098581    0.32736150
T7             0.28067732    0.17660622    0.11242054    0.08918904    0.08927949    0.09833144    0.15428281    0.11765366    0.10784194    0.00000000    0.08954927    0.14407363    0.14931645    0.15171086    0.15894408    0.15621491    0.17088309    0.16855756    0.18175766    0.21441412    0.22620903    0.22773256    0.28123474    0.27785173
T23            0.32152260    0.20084499    0.15446041    0.11942893    0.11720673    0.12659545    0.17470169    0.14455223    0.13419534    0.08954927    0.00000000    0.17512533    0.18572703    0.18822424    0.19576947    0.19830265    0.21369667    0.20852771    0.22274317    0.26645595    0.27312035    0.28712489    0.32565127    0.31855851
T4             0.29280408    0.17781513    0.13783549    0.14899605    0.14422498    0.15395270    0.21322209    0.18676250    0.16470529    0.14407363    0.17512533    0.00000000    0.05646221    0.07412940    0.07387541    0.07395307    0.11765366    0.11792351    0.12282750    0.23905787    0.25166888    0.25899150    0.30535261    0.31163330
T12            0.30971997    0.19175588    0.14530414    0.14438453    0.13964947    0.14931645    0.21642128    0.18982313    0.17289382    0.14931645    0.18572703    0.05646221    0.00000000    0.06313040    0.06289044    0.07195470    0.10598757    0.10624437    0.10624437    0.23413764    0.24672248    0.25938336    0.29160713    0.29774297
T11            0.32532114    0.19542964    0.15286030    0.15928412    0.15705242    0.16694697    0.21900712    0.19232211    0.18075902    0.15171086    0.18822424    0.07412940    0.06313040    0.00000000    0.04133838    0.08539820    0.12499159    0.12778016    0.13278249    0.24512421    0.25166888    0.27075185    0.31941834    0.32236373
T3             0.32736150    0.19399721    0.15484055    0.16137201    0.15652461    0.16641394    0.22389504    0.19706113    0.18549025    0.15894408    0.19576947    0.07387541    0.06289044    0.04133838    0.00000000    0.08281377    0.12704294    0.12979055    0.13478029    0.25627468    0.26925949    0.28229602    0.31803920    0.32098581
T14            0.32781993    0.19373759    0.15985749    0.16380848    0.15894408    0.16886582    0.22069176    0.19122523    0.18255066    0.15621491    0.19830265    0.07395307    0.07195470    0.08539820    0.08281377    0.00000000    0.13462205    0.13494647    0.13999941    0.26524785    0.27845354    0.29160713    0.31848690    0.32485005
T18            0.33387151    0.21182947    0.16207919    0.16816126    0.16582477    0.17584272    0.24302640    0.21780770    0.20039827    0.17088309    0.21369667    0.11765366    0.10598757    0.12499159    0.12704294    0.13462205    0.00000000    0.03690704    0.03902138    0.26682471    0.27991630    0.27792614    0.32946550    0.33246180
T9             0.32449905    0.20668841    0.16207919    0.16582477    0.16351000    0.17349529    0.24905583    0.21550433    0.19807311    0.16855756    0.20852771    0.11792351    0.10624437    0.12778016    0.12979055    0.13494647    0.03690704    0.00000000    0.02233519    0.25752774    0.27035190    0.27406894    0.32606024    0.32904491
T16            0.33807409    0.21292477    0.16999934    0.17364107    0.17132641    0.18141495    0.26133779    0.22714211    0.20925425    0.18175766    0.22274317    0.12282750    0.10624437    0.13278249    0.13478029    0.13999941    0.03902138    0.02233519    0.00000000    0.26996260    0.28314562    0.28354204    0.33634654    0.33936659
T2             0.30775497    0.26484673    0.22359258    0.22563552    0.22329977    0.23118187    0.29912884    0.25978555    0.24136092    0.21441412    0.26645595    0.23905787    0.23413764    0.24512421    0.25627468    0.26524785    0.26682471    0.25752774    0.26996260    0.00000000    0.02454897    0.04765498    0.21707950    0.22486003
T20            0.30151973    0.27478200    0.23870161    0.23769221    0.23536755    0.24335091    0.31319062    0.27291084    0.25396112    0.22620903    0.27312035    0.25166888    0.24672248    0.25166888    0.26925949    0.27845354    0.27991630    0.27035190    0.28314562    0.02454897    0.00000000    0.06089776    0.22926815    0.23715251
T10            0.30927088    0.29774297    0.24603201    0.24509227    0.24271201    0.25079250    0.31746446    0.27712806    0.26133779    0.22773256    0.28712489    0.25899150    0.25938336    0.27075185    0.28229602    0.29160713    0.27792614    0.27406894    0.28354204    0.04765498    0.06089776    0.00000000    0.23272614    0.24067985
T0             0.34734341    0.31466832    0.29932573    0.31050586    0.30469025    0.31343144    0.34429957    0.32877369    0.32098581    0.28123474    0.32565127    0.30535261    0.29160713    0.31941834    0.31803920    0.31848690    0.32946550    0.32606024    0.33634654    0.21707950    0.22926815    0.23272614    0.00000000    0.02031437
T8             0.35040007    0.32098581    0.29566063    0.31343144    0.30759216    0.31636902    0.35090679    0.33524392    0.32736150    0.27785173    0.31855851    0.31163330    0.29774297    0.32236373    0.32098581    0.32485005    0.33246180    0.32904491    0.33936659    0.22486003    0.23715251    0.24067985    0.02031437    0.00000000

