24
T18            0.00000000    0.36008594    0.35648580    0.31850827    0.31671755    0.32984267    0.36219716    0.37651090    0.36060451    0.34678640    0.36424403    0.26207240    0.26921818    0.28873044    0.27945446    0.29769521    0.30194211    0.23040469    0.27609555    0.26058174    0.22796803    0.20641439    0.17642124    0.15378931
T19            0.36008594    0.00000000    0.01415454    0.13406100    0.12226386    0.12458388    0.16754301    0.18702378    0.17877823    0.16822885    0.17877823    0.27929973    0.27369851    0.33169645    0.32776351    0.32642718    0.33074483    0.27473001    0.30632185    0.29355921    0.41012266    0.37591091    0.38264286    0.38543966
T5             0.35648580    0.01415454    0.00000000    0.12668815    0.11983020    0.12214429    0.15964533    0.18702378    0.17605970    0.16556115    0.17605970    0.27617292    0.27059113    0.32137887    0.31755149    0.32303489    0.32730577    0.26537840    0.29641358    0.28387511    0.41012266    0.37591091    0.38637754    0.38166250
T0             0.31850827    0.13406100    0.12668815    0.00000000    0.04765393    0.05413034    0.12435641    0.14272790    0.12484281    0.11522524    0.12730649    0.23275151    0.23275151    0.28426011    0.28313839    0.26056349    0.26414044    0.20272604    0.24237849    0.22507649    0.33674456    0.31519483    0.32707774    0.31888178
T1             0.31671755    0.12226386    0.11983020    0.04765393    0.00000000    0.03492660    0.11510787    0.12830690    0.12051450    0.11091550    0.12297821    0.23618205    0.23087640    0.28917019    0.28788416    0.25863699    0.26229973    0.20315036    0.24902380    0.23144409    0.34023161    0.31261844    0.33118578    0.32303489
T23            0.32984267    0.12458388    0.12214429    0.05413034    0.03492660    0.00000000    0.12226386    0.13567996    0.12281989    0.11319546    0.12528969    0.23884988    0.23352425    0.28548143    0.28426011    0.26138337    0.26505281    0.21131706    0.25172368    0.23408934    0.34678640    0.31888178    0.34105090    0.33283740
T3             0.36219716    0.16754301    0.15964533    0.12435641    0.11510787    0.12226386    0.00000000    0.12528969    0.11548295    0.10598216    0.11791664    0.29561606    0.28991565    0.34993810    0.34223174    0.32871575    0.33321626    0.26882213    0.30343486    0.29071610    0.37848666    0.35861000    0.35064501    0.34583854
T14            0.37651090    0.18702378    0.18702378    0.14272790    0.12830690    0.13567996    0.12528969    0.00000000    0.07456189    0.07011035    0.07686118    0.31157888    0.30579539    0.36718003    0.36276745    0.35474388    0.35968182    0.28074433    0.32005971    0.30681964    0.39892633    0.35699132    0.37791371    0.36223966
T12            0.36060451    0.17877823    0.17605970    0.12484281    0.12051450    0.12281989    0.11548295    0.07456189    0.00000000    0.01212496    0.01826993    0.28426011    0.27864873    0.34864150    0.34084584    0.32871575    0.33321626    0.26403926    0.30194211    0.28917019    0.38986165    0.36683330    0.36581028    0.33976319
T11            0.34678640    0.16822885    0.16556115    0.11522524    0.11091550    0.11319546    0.10598216    0.07011035    0.01212496    0.00000000    0.01008408    0.27826218    0.27269278    0.33484650    0.32726728    0.31550014    0.31984636    0.25206505    0.28917019    0.27666630    0.37907339    0.35291142    0.34844152    0.32984267
T22            0.36424403    0.17877823    0.17605970    0.12730649    0.12297821    0.12528969    0.11791664    0.07686118    0.01826993    0.01008408    0.00000000    0.29071610    0.28506330    0.34501498    0.34084584    0.32871575    0.33321626    0.26403926    0.30194211    0.28917019    0.39759154    0.37049951    0.35861000    0.34678640
T6             0.26207240    0.27929973    0.27617292    0.23275151    0.23618205    0.23884988    0.29561606    0.31157888    0.28426011    0.27826218    0.29071610    0.00000000    0.01620800    0.12297821    0.11791664    0.14168917    0.13947718    0.09401582    0.12978239    0.10802935    0.26954615    0.25820370    0.28591056    0.26878678
T16            0.26921818    0.27369851    0.27059113    0.23275151    0.23087640    0.23352425    0.28991565    0.30579539    0.27864873    0.27269278    0.28506330    0.01620800    0.00000000    0.12830690    0.12314421    0.14200316    0.14490130    0.10123054    0.13009714    0.11306107    0.27666630    0.26520921    0.29338560    0.27609555
T15            0.28873044    0.33169645    0.32137887    0.28426011    0.28917019    0.28548143    0.34993810    0.36718003    0.34864150    0.33484650    0.34501498    0.12297821    0.12830690    0.00000000    0.02442142    0.18212049    0.17983792    0.16206629    0.20297789    0.18050292    0.30545912    0.30677063    0.32871575    0.31060055
T2             0.27945446    0.32776351    0.31755149    0.28313839    0.28788416    0.28426011    0.34223174    0.36276745    0.34084584    0.32726728    0.34084584    0.11791664    0.12314421    0.02442142    0.00000000    0.17925216    0.17695906    0.15668045    0.19704042    0.17489406    0.30835879    0.30299720    0.32823351    0.31350979
T8             0.29769521    0.32642718    0.32303489    0.26056349    0.25863699    0.26138337    0.32871575    0.35474388    0.32871575    0.31550014    0.32871575    0.14168917    0.14200316    0.18212049    0.17925216    0.00000000    0.01823226    0.13243031    0.17360741    0.15004441    0.29397567    0.27509562    0.31257859    0.28917019
T7             0.30194211    0.33074483    0.32730577    0.26414044    0.26229973    0.26505281    0.33321626    0.35968182    0.33321626    0.31984636    0.33321626    0.13947718    0.14490130    0.17983792    0.17695906    0.01823226    0.00000000    0.13026625    0.16604611    0.14787104    0.30388403    0.27904616    0.31350979    0.29575399
T20            0.23040469    0.27473001    0.26537840    0.20272604    0.20315036    0.21131706    0.26882213    0.28074433    0.26403926    0.25206505    0.26403926    0.09401582    0.10123054    0.16206629    0.15668045    0.13243031    0.13026625    0.00000000    0.06304152    0.04770660    0.24667729    0.22973718    0.24633407    0.23006610
T17            0.27609555    0.30632185    0.29641358    0.24237849    0.24902380    0.25172368    0.30343486    0.32005971    0.30194211    0.28917019    0.30194211    0.12978239    0.13009714    0.20297789    0.19704042    0.17360741    0.16604611    0.06304152    0.00000000    0.03502203    0.30342709    0.28492858    0.29622660    0.28541242
T4             0.26058174    0.29355921    0.28387511    0.22507649    0.23144409    0.23408934    0.29071610    0.30681964    0.28917019    0.27666630    0.28917019    0.10802935    0.11306107    0.18050292    0.17489406    0.15004441    0.14787104    0.04770660    0.03502203    0.00000000    0.27430894    0.25663064    0.27708592    0.26330643
T9             0.22796803    0.41012266    0.41012266    0.33674456    0.34023161    0.34678640    0.37848666    0.39892633    0.38986165    0.37907339    0.39759154    0.26954615    0.27666630    0.30545912    0.30835879    0.29397567    0.30388403    0.24667729    0.30342709    0.27430894    0.00000000    0.08724113    0.22796803    0.21836359
T21            0.20641439    0.37591091    0.37591091    0.31519483    0.31261844    0.31888178    0.35861000    0.35699132    0.36683330    0.35291142    0.37049951    0.25820370    0.26520921    0.30677063    0.30299720    0.27509562    0.27904616    0.22973718    0.28492858    0.25663064    0.08724113    0.00000000    0.20873934    0.19876943
T13            0.17642124    0.38264286    0.38637754    0.32707774    0.33118578    0.34105090    0.35064501    0.37791371    0.36581028    0.34844152    0.35861000    0.28591056    0.29338560    0.32871575    0.32823351    0.31257859    0.31350979    0.24633407    0.29622660    0.27708592    0.22796803    0.20873934    0.00000000    0.07387290
T10            0.15378931    0.38543966    0.38166250    0.31888178    0.32303489    0.33283740    0.34583854    0.36223966    0.33976319    0.32984267    0.34678640    0.26878678    0.27609555    0.31060055    0.31350979    0.28917019    0.29575399    0.23006610    0.28541242    0.26330643    0.21836359    0.19876943    0.07387290    0.00000000

