24
T10            0.00000000    0.32821752    0.33502673    0.27308583    0.27308583    0.25809440    0.37480658    0.38910818    0.38216792    0.29671967    0.28749220    0.27999380    0.28316093    0.30507195    0.30100771    0.30427855    0.35862590    0.31129806    0.33924939    0.34032580    0.38478392    0.16958077    0.16999295    0.16188405
T6             0.32821752    0.00000000    0.00804438    0.11078281    0.10864644    0.18175083    0.33772859    0.35139727    0.34124112    0.26475715    0.25591905    0.25349254    0.24748229    0.26333171    0.25957606    0.26816102    0.32096223    0.26539810    0.28790868    0.28790868    0.31694457    0.35087793    0.32482554    0.32348640
T5             0.33502673    0.00804438    0.00000000    0.11562700    0.11349068    0.18712976    0.34477856    0.35862590    0.34477856    0.27093469    0.26200250    0.25957606    0.25349254    0.26956733    0.26573465    0.27439648    0.32779506    0.27161419    0.29442938    0.29442938    0.32382478    0.35808042    0.33172931    0.33031915
T0             0.27308583    0.11078281    0.11562700    0.00000000    0.01823233    0.13696892    0.25108945    0.26298349    0.25108945    0.20618259    0.19530845    0.20131988    0.19576115    0.19903746    0.19576115    0.20362340    0.27628029    0.20950557    0.23603884    0.23076948    0.27476342    0.28955613    0.26333171    0.26231885
T14            0.27308583    0.10864644    0.11349068    0.01823233    0.00000000    0.13696892    0.25717304    0.26919965    0.25717304    0.20060843    0.18984112    0.19576115    0.19026366    0.19903746    0.19576115    0.20362340    0.27310294    0.20950557    0.23603884    0.22779991    0.28448159    0.29358443    0.26643978    0.26539810
T18            0.25809440    0.18175083    0.18712976    0.13696892    0.13696892    0.00000000    0.25445230    0.26643978    0.26059206    0.17984670    0.17203431    0.17244343    0.17244343    0.17780810    0.16978257    0.17737024    0.25786286    0.18254347    0.20494079    0.21064251    0.25165297    0.24963978    0.22197083    0.21847107
T3             0.37480658    0.33772859    0.34477856    0.25108945    0.25717304    0.25445230    0.00000000    0.01417428    0.05875776    0.22590610    0.21752124    0.20438614    0.19878055    0.21291437    0.20721272    0.21520715    0.28550600    0.22713005    0.24244269    0.25165297    0.28729007    0.35154715    0.33677748    0.33201744
T22            0.38910818    0.35139727    0.35862590    0.26298349    0.26919965    0.26643978    0.01417428    0.00000000    0.06537204    0.23440233    0.22590610    0.21549377    0.20977582    0.23008201    0.22419544    0.23238521    0.30484561    0.23868812    0.25434820    0.26376110    0.30008655    0.36535745    0.34682161    0.34541798
T1             0.38216792    0.34124112    0.34477856    0.25108945    0.25717304    0.26059206    0.05875776    0.06537204    0.00000000    0.22590610    0.21752124    0.20438614    0.19878055    0.21868192    0.21291437    0.21808256    0.29863390    0.23008201    0.24549394    0.25788897    0.30397526    0.36849346    0.34987815    0.34150032
T2             0.29671967    0.26475715    0.27093469    0.20618259    0.20060843    0.17984670    0.22590610    0.23440233    0.22590610    0.00000000    0.01212501    0.09963014    0.09487807    0.12369303    0.11872827    0.12581107    0.21578982    0.15723966    0.18152182    0.18981424    0.23792018    0.30317665    0.27405237    0.26387654
T23            0.28749220    0.25591905    0.26200250    0.19530845    0.18984112    0.17203431    0.21752124    0.22590610    0.21752124    0.01212501    0.00000000    0.09501824    0.09029985    0.11891251    0.11398450    0.12102162    0.20749349    0.14966496    0.17361669    0.18179589    0.22925457    0.29384645    0.26507226    0.25508939
T21            0.27999380    0.25349254    0.25957606    0.20131988    0.19576115    0.17244343    0.20438614    0.21549377    0.20438614    0.09963014    0.09501824    0.00000000    0.00806481    0.11930351    0.11435099    0.12139489    0.19733729    0.13511645    0.15592921    0.16122299    0.20648761    0.27061125    0.25047837    0.24963978
T15            0.28316093    0.24748229    0.25349254    0.19576115    0.19026366    0.17244343    0.19878055    0.20977582    0.19878055    0.09487807    0.09029985    0.00806481    0.00000000    0.11435099    0.10944714    0.11644242    0.18621912    0.12513733    0.15069099    0.15069099    0.20076940    0.27684664    0.25957606    0.25262684
T20            0.30507195    0.26333171    0.26956733    0.19903746    0.19903746    0.17780810    0.21291437    0.23008201    0.21868192    0.12369303    0.11891251    0.11930351    0.11435099    0.00000000    0.00804438    0.01823233    0.20239724    0.14529919    0.17470847    0.17470847    0.22404617    0.28882267    0.25957606    0.24667049
T13            0.30100771    0.25957606    0.26573465    0.19576115    0.19576115    0.16978257    0.20721272    0.22419544    0.21291437    0.11872827    0.11398450    0.11435099    0.10944714    0.00804438    0.00000000    0.01007282    0.19957859    0.14018185    0.16927047    0.17470847    0.22404617    0.28496756    0.25895150    0.24618142
T17            0.30427855    0.26816102    0.27439648    0.20362340    0.20362340    0.17737024    0.21520715    0.23238521    0.21808256    0.12581107    0.12102162    0.12139489    0.11644242    0.01823233    0.01007282    0.00000000    0.20749349    0.14747251    0.17687204    0.18236989    0.22626716    0.29384645    0.26752253    0.25458953
T16            0.35862590    0.32096223    0.32779506    0.27628029    0.27310294    0.25786286    0.28550600    0.30484561    0.29863390    0.21578982    0.20749349    0.19733729    0.18621912    0.20239724    0.19957859    0.20749349    0.00000000    0.12214810    0.14217790    0.13461820    0.18028161    0.35037155    0.33222409    0.32392056
T7             0.31129806    0.26539810    0.27161419    0.20950557    0.20950557    0.18254347    0.22713005    0.23868812    0.23008201    0.15723966    0.14966496    0.13511645    0.12513733    0.14529919    0.14018185    0.14747251    0.12214810    0.00000000    0.03919180    0.05403064    0.10360356    0.29812760    0.27790868    0.27061125
T9             0.33924939    0.28790868    0.29442938    0.23603884    0.23603884    0.20494079    0.24244269    0.25434820    0.24549394    0.18152182    0.17361669    0.15592921    0.15069099    0.17470847    0.16927047    0.17687204    0.14217790    0.03919180    0.00000000    0.07412816    0.11577498    0.32529631    0.30103641    0.29317891
T4             0.34032580    0.28790868    0.29442938    0.23076948    0.22779991    0.21064251    0.25165297    0.26376110    0.25788897    0.18981424    0.18179589    0.16122299    0.15069099    0.17470847    0.17470847    0.18236989    0.13461820    0.05403064    0.07412816    0.00000000    0.07621996    0.33325060    0.31211649    0.30725970
T11            0.38478392    0.31694457    0.32382478    0.27476342    0.28448159    0.25165297    0.28729007    0.30008655    0.30397526    0.23792018    0.22925457    0.20648761    0.20076940    0.22404617    0.22404617    0.22626716    0.18028161    0.10360356    0.11577498    0.07621996    0.00000000    0.37716925    0.34750275    0.35667356
T8             0.16958077    0.35087793    0.35808042    0.28955613    0.29358443    0.24963978    0.35154715    0.36535745    0.36849346    0.30317665    0.29384645    0.27061125    0.27684664    0.28882267    0.28496756    0.29384645    0.35037155    0.29812760    0.32529631    0.33325060    0.37716925    0.00000000    0.06735470    0.06504589
T19            0.16999295    0.32482554    0.33172931    0.26333171    0.26643978    0.22197083    0.33677748    0.34682161    0.34987815    0.27405237    0.26507226    0.25047837    0.25957606    0.25957606    0.25895150    0.26752253    0.33222409    0.27790868    0.30103641    0.31211649    0.34750275    0.06735470    0.00000000    0.03280810
T12            0.16188405    0.32348640    0.33031915    0.26231885    0.26539810    0.21847107    0.33201744    0.34541798    0.34150032    0.26387654    0.25508939    0.24963978    0.25262684    0.24667049    0.24618142    0.25458953    0.32392056    0.27061125    0.29317891    0.30725970    0.35667356    0.06504589    0.03280810    0.00000000

