24
T1             0.00000000    0.32646539    0.29604083    0.29644574    0.28468612    0.32530443    0.37215934    0.34175701    0.38992077    0.43148890    0.40764067    0.30101422    0.32734493    0.29813401    0.30139437    0.31049130    0.31049130    0.31930338    0.31302852    0.31847106    0.33273990    0.33273990    0.34027411    0.32187605
T0             0.32646539    0.00000000    0.10338888    0.09662886    0.09652675    0.11752837    0.20839463    0.18821895    0.25349709    0.29740661    0.26916328    0.22329228    0.25047808    0.20132279    0.21549722    0.22535598    0.21725824    0.22221833    0.22535598    0.22040012    0.25665638    0.25047808    0.24301747    0.23736709
T10            0.29604083    0.10338888    0.00000000    0.03069828    0.02653178    0.07849877    0.17961610    0.16291755    0.21838108    0.26884797    0.24748657    0.19231606    0.22071045    0.18208133    0.18427339    0.17737245    0.18006205    0.18482841    0.18775728    0.19175008    0.21416255    0.20839463    0.19651140    0.19399143
T9             0.29644574    0.09662886    0.03069828    0.00000000    0.01619038    0.07177402    0.17715938    0.16050211    0.21235150    0.26608709    0.23886929    0.18924908    0.21812849    0.17687465    0.18455514    0.18028395    0.16958277    0.17696953    0.17716660    0.18648493    0.20871231    0.20299393    0.19121964    0.18871628
T20            0.28468612    0.09652675    0.02653178    0.01619038    0.00000000    0.06735502    0.17198460    0.15546890    0.20694434    0.25412665    0.22747417    0.18675688    0.20109297    0.17442542    0.18208133    0.17512077    0.16713778    0.17184476    0.17469727    0.18179857    0.20616350    0.20046142    0.18871628    0.18622176
T12            0.32530443    0.11752837    0.07849877    0.07177402    0.06735502    0.00000000    0.21007446    0.18400034    0.24135172    0.28147802    0.25717786    0.21673807    0.23489208    0.21193149    0.21484068    0.21005869    0.19651140    0.20132279    0.20438921    0.21673807    0.23113203    0.22519253    0.22452080    0.21321498
T17            0.37215934    0.20839463    0.17961610    0.17715938    0.17198460    0.21007446    0.00000000    0.09265417    0.25280254    0.30346941    0.27440193    0.25606671    0.28355050    0.24181606    0.24801390    0.22746421    0.23640006    0.23834632    0.24170704    0.22259052    0.24629761    0.24017596    0.24549885    0.23376121
T8             0.34175701    0.18821895    0.16291755    0.16050211    0.15546890    0.18400034    0.09265417    0.00000000    0.24367630    0.27754929    0.26200734    0.22554269    0.23569425    0.20046142    0.21193149    0.20438921    0.20721590    0.20924780    0.21235150    0.19958162    0.23113203    0.22519253    0.22159465    0.21321498
T14            0.38992077    0.25349709    0.21838108    0.21235150    0.20694434    0.24135172    0.25280254    0.24367630    0.00000000    0.09868173    0.08052924    0.22780403    0.23640006    0.20494398    0.21064593    0.19878341    0.22097827    0.22300924    0.22912738    0.23077373    0.26193860    0.25562325    0.24856903    0.23376121
T18            0.43148890    0.29740661    0.26884797    0.26608709    0.25412665    0.28147802    0.30346941    0.27754929    0.09868173    0.00000000    0.04327688    0.25859943    0.27711563    0.24003014    0.24301747    0.25445705    0.25684855    0.25592361    0.26232376    0.26095686    0.30009404    0.29342010    0.28357363    0.26406513
T16            0.40764067    0.26916328    0.24748657    0.23886929    0.22747417    0.25717786    0.27440193    0.26200734    0.08052924    0.04327688    0.00000000    0.23736709    0.25445705    0.22247223    0.22825649    0.22197419    0.23011688    0.23230437    0.23834969    0.23972479    0.28033418    0.27391770    0.26444507    0.25174656
T5             0.30101422    0.22329228    0.19231606    0.18924908    0.18675688    0.21673807    0.25606671    0.22554269    0.22780403    0.25859943    0.23736709    0.00000000    0.11872943    0.08550812    0.08550812    0.16534130    0.17336727    0.16734115    0.17557892    0.18179857    0.20682789    0.20109297    0.19482376    0.18675688
T13            0.32734493    0.25047808    0.22071045    0.21812849    0.20109297    0.23489208    0.28355050    0.23569425    0.23640006    0.27711563    0.25445705    0.11872943    0.00000000    0.09978252    0.09978252    0.16999504    0.16777344    0.15965422    0.16999504    0.20109297    0.21227590    0.21227590    0.21741467    0.20903916
T6             0.29813401    0.20132279    0.18208133    0.17687465    0.17442542    0.21193149    0.24181606    0.20046142    0.20494398    0.24003014    0.22247223    0.08550812    0.09978252    0.00000000    0.02034059    0.13682173    0.14728365    0.14169578    0.14438154    0.16848536    0.20142220    0.19573626    0.19511905    0.17607153
T2             0.30139437    0.21549722    0.18427339    0.18455514    0.18208133    0.21484068    0.24801390    0.21193149    0.21064593    0.24301747    0.22825649    0.08550812    0.09978252    0.02034059    0.00000000    0.14217934    0.14767270    0.14201005    0.14472497    0.17933234    0.20717367    0.20142220    0.20077271    0.18152443
T19            0.31049130    0.22535598    0.17737245    0.18028395    0.17512077    0.21005869    0.22746421    0.20438921    0.19878341    0.25445705    0.22197419    0.16534130    0.16999504    0.13682173    0.14217934    0.00000000    0.13184475    0.12193334    0.12691691    0.17828316    0.20584493    0.20015913    0.19677870    0.18596738
T21            0.31049130    0.21725824    0.18006205    0.16958277    0.16713778    0.19651140    0.23640006    0.20721590    0.22097827    0.25684855    0.23011688    0.17336727    0.16777344    0.14728365    0.14767270    0.13184475    0.00000000    0.02650507    0.02653178    0.16490619    0.19453738    0.18897826    0.19399143    0.18051461
T22            0.31930338    0.22221833    0.18482841    0.17696953    0.17184476    0.20132279    0.23834632    0.20924780    0.22300924    0.25592361    0.23230437    0.16734115    0.15965422    0.14169578    0.14201005    0.12193334    0.02650507    0.00000000    0.02439600    0.17490467    0.19930645    0.19373191    0.19878341    0.18525732
T3             0.31302852    0.22535598    0.18775728    0.17716660    0.17469727    0.20438921    0.24170704    0.21235150    0.22912738    0.26232376    0.23834969    0.17557892    0.16999504    0.14438154    0.14472497    0.12691691    0.02653178    0.02439600    0.00000000    0.17244556    0.19958162    0.19677870    0.20184327    0.18276623
T7             0.31847106    0.22040012    0.19175008    0.18648493    0.18179857    0.21673807    0.22259052    0.19958162    0.23077373    0.26095686    0.23972479    0.18179857    0.20109297    0.16848536    0.17933234    0.17828316    0.16490619    0.17490467    0.17244556    0.00000000    0.12369431    0.11872943    0.10894544    0.10638220
T4             0.33273990    0.25665638    0.21416255    0.20871231    0.20616350    0.23113203    0.24629761    0.23113203    0.26193860    0.30009404    0.28033418    0.20682789    0.21227590    0.20142220    0.20717367    0.20584493    0.19453738    0.19930645    0.19958162    0.12369431    0.00000000    0.00401612    0.05419165    0.05206535
T11            0.33273990    0.25047808    0.20839463    0.20299393    0.20046142    0.22519253    0.24017596    0.22519253    0.25562325    0.29342010    0.27391770    0.20109297    0.21227590    0.19573626    0.20142220    0.20015913    0.18897826    0.19373191    0.19677870    0.11872943    0.00401612    0.00000000    0.04982416    0.04770738
T15            0.34027411    0.24301747    0.19651140    0.19121964    0.18871628    0.22452080    0.24549885    0.22159465    0.24856903    0.28357363    0.26444507    0.19482376    0.21741467    0.19511905    0.20077271    0.19677870    0.19399143    0.19878341    0.20184327    0.10894544    0.05419165    0.04982416    0.00000000    0.04554259
T23            0.32187605    0.23736709    0.19399143    0.18871628    0.18622176    0.21321498    0.23376121    0.21321498    0.23376121    0.26406513    0.25174656    0.18675688    0.20903916    0.17607153    0.18152443    0.18596738    0.18051461    0.18525732    0.18276623    0.10638220    0.05206535    0.04770738    0.04554259    0.00000000

