24
T17            0.00000000    0.19321514    0.16468318    0.16468318    0.17825969    0.16997518    0.18004070    0.16753337    0.24534659    0.21749319    0.19597814    0.19875651    0.33814888    0.32522788    0.31932680    0.33865401    0.15650660    0.14420932    0.17555644    0.18252425    0.17962474    0.12281465    0.12470520    0.12470520
T22            0.19321514    0.00000000    0.07149538    0.07149538    0.08289284    0.08740695    0.10783435    0.09876889    0.19782353    0.15393552    0.17873981    0.18405988    0.29807649    0.28913515    0.28030062    0.31448358    0.18925845    0.17377516    0.19573887    0.21933036    0.21626179    0.21463538    0.21413029    0.21982962
T14            0.16468318    0.07149538    0.00000000    0.00000000    0.03910310    0.04334271    0.08723939    0.08298397    0.17410988    0.13418259    0.15835013    0.16349228    0.26995894    0.25833456    0.24987588    0.29604211    0.16623445    0.14365533    0.16186920    0.18441563    0.18155899    0.19298349    0.18711154    0.19254738
T15            0.16468318    0.07149538    0.00000000    0.00000000    0.03910310    0.04334271    0.08723939    0.08298397    0.17410988    0.13418259    0.15835013    0.16349228    0.26995894    0.25833456    0.24987588    0.29604211    0.16623445    0.14365533    0.16186920    0.18441563    0.18155899    0.19298349    0.18711154    0.19254738
T13            0.17825969    0.08289284    0.03910310    0.03910310    0.00000000    0.04987985    0.09428082    0.09473887    0.18501662    0.14691320    0.16623445    0.17147092    0.29162276    0.28276369    0.27400935    0.30930168    0.18231341    0.15909098    0.17801977    0.20105005    0.19804302    0.20718555    0.20105005    0.20665356
T7             0.16997518    0.08740695    0.04334271    0.04334271    0.04987985    0.00000000    0.09418452    0.09461348    0.19298349    0.15186366    0.16639424    0.17164447    0.28311438    0.27435227    0.26569267    0.31629023    0.18211144    0.15892580    0.18320967    0.20640149    0.20336487    0.19955203    0.18796013    0.19622648
T3             0.18004070    0.10783435    0.08723939    0.08723939    0.09428082    0.09418452    0.00000000    0.05638757    0.19507574    0.15650660    0.17347580    0.17873981    0.29030226    0.29093955    0.28209582    0.31448358    0.18962508    0.16623445    0.19024322    0.21179383    0.20872708    0.21463538    0.20292302    0.20292302
T8             0.16753337    0.09876889    0.08298397    0.08298397    0.09473887    0.09461348    0.05638757    0.00000000    0.19094247    0.15722447    0.17676285    0.18211144    0.28209582    0.27960817    0.27400935    0.29955810    0.17962474    0.16168880    0.18569775    0.20436004    0.20129565    0.20436004    0.19827169    0.19827169
T10            0.24534659    0.19782353    0.17410988    0.17410988    0.18501662    0.19298349    0.19507574    0.19094247    0.00000000    0.09401395    0.25287065    0.25891460    0.33455980    0.32855292    0.32259593    0.36747742    0.25559733    0.23857047    0.25953700    0.27025945    0.27304621    0.28667211    0.27647245    0.27335630
T21            0.21749319    0.15393552    0.13418259    0.13418259    0.14691320    0.15186366    0.15650660    0.15722447    0.09401395    0.00000000    0.21344430    0.21909525    0.33155007    0.32556824    0.31629023    0.34143522    0.22171139    0.20271613    0.22244114    0.22127386    0.22390333    0.24803954    0.24744861    0.25044340
T23            0.19597814    0.17873981    0.15835013    0.15835013    0.16623445    0.16639424    0.17347580    0.17676285    0.25287065    0.21344430    0.00000000    0.00806474    0.18252425    0.17532382    0.16775304    0.26196421    0.19196163    0.18441563    0.20921901    0.23324187    0.23008578    0.22036743    0.21697183    0.21982962
T4             0.19875651    0.18405988    0.16349228    0.16349228    0.17147092    0.17164447    0.17873981    0.18211144    0.25891460    0.21909525    0.00806474    0.00000000    0.19070042    0.18345570    0.17579766    0.26503255    0.19741227    0.18982207    0.21490218    0.23910845    0.23590114    0.22616601    0.22270385    0.22850240
T19            0.33814888    0.29807649    0.26995894    0.26995894    0.29162276    0.28311438    0.29030226    0.28209582    0.33455980    0.33155007    0.18252425    0.19070042    0.00000000    0.06055431    0.05407602    0.34490874    0.30603267    0.28776401    0.31709776    0.35547658    0.35147710    0.35351569    0.32682705    0.33370258
T0             0.32522788    0.28913515    0.25833456    0.25833456    0.28276369    0.27435227    0.29093955    0.27960817    0.32855292    0.32556824    0.17532382    0.18345570    0.06055431    0.00000000    0.00602414    0.32517336    0.29061515    0.27274714    0.29807649    0.33883095    0.33496426    0.33814888    0.30751580    0.31416269
T2             0.31932680    0.28030062    0.24987588    0.24987588    0.27400935    0.26569267    0.28209582    0.27400935    0.32259593    0.31629023    0.16775304    0.17579766    0.05407602    0.00602414    0.00000000    0.31923906    0.28492426    0.26718168    0.29235161    0.33280401    0.32895928    0.33215111    0.30172521    0.30832821
T12            0.33865401    0.31448358    0.29604211    0.29604211    0.30930168    0.31629023    0.31448358    0.29955810    0.36747742    0.34143522    0.26196421    0.26503255    0.34490874    0.32517336    0.31923906    0.00000000    0.30245434    0.30278490    0.31848206    0.35679676    0.35288869    0.36678957    0.34796699    0.36576947
T18            0.15650660    0.18925845    0.16623445    0.16623445    0.18231341    0.18211144    0.18962508    0.17962474    0.25559733    0.22171139    0.19196163    0.19741227    0.30603267    0.29061515    0.28492426    0.30245434    0.00000000    0.06050679    0.09438443    0.16884583    0.16608334    0.18211144    0.18441563    0.18441563
T20            0.14420932    0.17377516    0.14365533    0.14365533    0.15909098    0.15892580    0.16623445    0.16168880    0.23857047    0.20271613    0.18441563    0.18982207    0.28776401    0.27274714    0.26718168    0.30278490    0.06050679    0.00000000    0.06944396    0.14616822    0.14353745    0.16151688    0.16119860    0.16119860
T11            0.17555644    0.19573887    0.16186920    0.16186920    0.17801977    0.18320967    0.19024322    0.18569775    0.25953700    0.22244114    0.20921901    0.21490218    0.31709776    0.29807649    0.29235161    0.31848206    0.09438443    0.06944396    0.00000000    0.17242551    0.16956429    0.19648387    0.19321514    0.19321514
T6             0.18252425    0.21933036    0.18441563    0.18441563    0.20105005    0.20640149    0.21179383    0.20436004    0.27025945    0.22127386    0.23324187    0.23910845    0.35547658    0.33883095    0.33280401    0.35679676    0.16884583    0.14616822    0.17242551    0.00000000    0.00602719    0.21722773    0.21154459    0.21389204
T16            0.17962474    0.21626179    0.18155899    0.18155899    0.19804302    0.20336487    0.20872708    0.20129565    0.27304621    0.22390333    0.23008578    0.23590114    0.35147710    0.33496426    0.32895928    0.35288869    0.16608334    0.14353745    0.16956429    0.00602719    0.00000000    0.21413029    0.20849523    0.21085380
T1             0.12281465    0.21463538    0.19298349    0.19298349    0.20718555    0.19955203    0.21463538    0.20436004    0.28667211    0.24803954    0.22036743    0.22616601    0.35351569    0.33814888    0.33215111    0.36678957    0.18211144    0.16151688    0.19648387    0.21722773    0.21413029    0.00000000    0.07204991    0.07640263
T9             0.12470520    0.21413029    0.18711154    0.18711154    0.20105005    0.18796013    0.20292302    0.19827169    0.27647245    0.24744861    0.21697183    0.22270385    0.32682705    0.30751580    0.30172521    0.34796699    0.18441563    0.16119860    0.19321514    0.21154459    0.20849523    0.07204991    0.00000000    0.02653131
T5             0.12470520    0.21982962    0.19254738    0.19254738    0.20665356    0.19622648    0.20292302    0.19827169    0.27335630    0.25044340    0.21982962    0.22850240    0.33370258    0.31416269    0.30832821    0.36576947    0.18441563    0.16119860    0.19321514    0.21389204    0.21085380    0.07640263    0.02653131    0.00000000

