24
T8             0.00000000    0.40676013    0.36906296    0.25651566    0.24507063    0.25444322    0.30831546    0.27028802    0.25379292    0.25108056    0.25108056    0.22508305    0.23971261    0.23767154    0.23175057    0.22911624    0.28681592    0.21674436    0.27789772    0.27474079    0.24099388    0.25173302    0.23646571    0.23010560
T10            0.40676013    0.00000000    0.05194705    0.24668680    0.24065857    0.24099388    0.30505853    0.27032448    0.25242659    0.25278872    0.25278872    0.22881622    0.23833411    0.28226605    0.27587113    0.27309246    0.33078540    0.27827369    0.36226070    0.37219810    0.32232432    0.33871335    0.33900993    0.32380973
T17            0.36906296    0.05194705    0.00000000    0.21931247    0.21351172    0.22850083    0.28033553    0.25278872    0.21898920    0.22518143    0.22518143    0.20210861    0.21126052    0.25354358    0.24740407    0.24472680    0.30007363    0.24668680    0.32676615    0.32232432    0.27587113    0.29114637    0.30449127    0.29009748
T7             0.25651566    0.24668680    0.21931247    0.00000000    0.02034050    0.07216022    0.14930870    0.10172916    0.07195281    0.06978506    0.06978506    0.05200259    0.06322239    0.17878367    0.17067141    0.17091584    0.22886920    0.15187376    0.23270601    0.23145170    0.20183469    0.20693535    0.19985730    0.19372404
T14            0.24507063    0.24065857    0.21351172    0.02034050    0.00000000    0.05884749    0.13446557    0.08319127    0.05867379    0.05653964    0.05653964    0.03488868    0.04572564    0.16847924    0.16049664    0.16072931    0.21192147    0.14200594    0.22680246    0.22328176    0.18845573    0.19347357    0.18372883    0.18322652
T4             0.25444322    0.24099388    0.22850083    0.07216022    0.05884749    0.00000000    0.13461577    0.08308566    0.05653964    0.05662489    0.05662489    0.04349318    0.05459267    0.17686768    0.17143004    0.16899568    0.22106951    0.14472067    0.24436240    0.23833411    0.19704674    0.19929807    0.21226572    0.20015046
T2             0.30831546    0.30505853    0.28033553    0.14930870    0.13446557    0.13461577    0.00000000    0.09877259    0.14659899    0.14675676    0.14675676    0.12214603    0.13947981    0.24668680    0.24972844    0.24704040    0.31501174    0.21911324    0.30716720    0.29416945    0.25348337    0.25590957    0.25683446    0.25924887
T9             0.27028802    0.27032448    0.25278872    0.10172916    0.08319127    0.08308566    0.09877259    0.00000000    0.09215722    0.09227019    0.09227019    0.06937845    0.08088662    0.20870276    0.20298498    0.20045264    0.26059407    0.17183866    0.27866057    0.26993546    0.23270601    0.23799787    0.23304402    0.22649163
T11            0.25379292    0.25242659    0.21898920    0.07195281    0.05867379    0.05653964    0.14659899    0.09215722    0.00000000    0.02238903    0.02238903    0.04338678    0.05441214    0.17632397    0.17091584    0.16847924    0.22033864    0.14437729    0.24366358    0.24065857    0.19929807    0.20438043    0.20583568    0.19398350
T13            0.25108056    0.25278872    0.22518143    0.06978506    0.05653964    0.05662489    0.14675676    0.09227019    0.02238903    0.00000000    0.00000000    0.04128594    0.04790459    0.17387278    0.16847924    0.16605100    0.21192147    0.14200594    0.23501974    0.22911624    0.19677050    0.20183469    0.20329523    0.19147265
T23            0.25108056    0.25278872    0.22518143    0.06978506    0.05653964    0.05662489    0.14675676    0.09227019    0.02238903    0.00000000    0.00000000    0.04128594    0.04790459    0.17387278    0.16847924    0.16605100    0.21192147    0.14200594    0.23501974    0.22911624    0.19677050    0.20183469    0.20329523    0.19147265
T6             0.22508305    0.22881622    0.20210861    0.05200259    0.03488868    0.04349318    0.12214603    0.06937845    0.04338678    0.04128594    0.04128594    0.00000000    0.02241963    0.14787473    0.14273123    0.14037401    0.18426602    0.12239316    0.22096792    0.20386265    0.16469572    0.17489835    0.17067141    0.16490056
T18            0.23971261    0.23833411    0.21126052    0.06322239    0.04572564    0.05459267    0.13947981    0.08088662    0.05441214    0.04790459    0.04790459    0.02241963    0.00000000    0.16097023    0.15569073    0.15330001    0.18702995    0.13981352    0.23270601    0.21520079    0.18074715    0.19121196    0.19541475    0.18924141
T1             0.23767154    0.28226605    0.25354358    0.17878367    0.16847924    0.17686768    0.24668680    0.20870276    0.17632397    0.17387278    0.17387278    0.14787473    0.16097023    0.00000000    0.01210952    0.01008410    0.07891964    0.12562896    0.21320528    0.22484093    0.18151732    0.18647751    0.18731926    0.17852576
T12            0.23175057    0.27587113    0.24740407    0.17067141    0.16049664    0.17143004    0.24972844    0.20298498    0.17091584    0.16847924    0.16847924    0.14273123    0.15569073    0.01210952    0.00000000    0.00602720    0.07433146    0.12067676    0.20748761    0.21898920    0.17606490    0.18099520    0.18179134    0.17581439
T22            0.22911624    0.27309246    0.24472680    0.17091584    0.16072931    0.16899568    0.24704040    0.20045264    0.16847924    0.16605100    0.16605100    0.14037401    0.15330001    0.01008410    0.00602720    0.00000000    0.07216022    0.11838053    0.19929807    0.21063643    0.16823359    0.17311767    0.17387278    0.16799635
T20            0.28681592    0.33078540    0.30007363    0.22886920    0.21192147    0.22106951    0.31501174    0.26059407    0.22033864    0.21192147    0.21192147    0.18426602    0.18702995    0.07891964    0.07433146    0.07216022    0.00000000    0.18236521    0.27564680    0.28873104    0.24096317    0.24628388    0.24445719    0.23751646
T21            0.21674436    0.27827369    0.24668680    0.15187376    0.14200594    0.14472067    0.21911324    0.17183866    0.14437729    0.14200594    0.14200594    0.12239316    0.13981352    0.12562896    0.12067676    0.11838053    0.18236521    0.00000000    0.20693535    0.19121196    0.16226786    0.17243941    0.16072931    0.15503437
T0             0.27789772    0.36226070    0.32676615    0.23270601    0.22680246    0.24436240    0.30716720    0.27866057    0.24366358    0.23501974    0.23501974    0.22096792    0.23270601    0.21320528    0.20748761    0.19929807    0.27564680    0.20693535    0.00000000    0.19398350    0.16754722    0.17511441    0.19852736    0.19530311
T19            0.27474079    0.37219810    0.32232432    0.23145170    0.22328176    0.23833411    0.29416945    0.26993546    0.24065857    0.22911624    0.22911624    0.20386265    0.21520079    0.22484093    0.21898920    0.21063643    0.28873104    0.19121196    0.19398350    0.00000000    0.07387358    0.08510549    0.19025866    0.18983605
T3             0.24099388    0.32232432    0.27587113    0.20183469    0.18845573    0.19704674    0.25348337    0.23270601    0.19929807    0.19677050    0.19677050    0.16469572    0.18074715    0.18151732    0.17606490    0.16823359    0.24096317    0.16226786    0.16754722    0.07387358    0.00000000    0.03073365    0.16490056    0.15927529
T15            0.25173302    0.33871335    0.29114637    0.20693535    0.19347357    0.19929807    0.25590957    0.23799787    0.20438043    0.20183469    0.20183469    0.17489835    0.19121196    0.18647751    0.18099520    0.17311767    0.24628388    0.17243941    0.17511441    0.08510549    0.03073365    0.00000000    0.17780383    0.16938364
T5             0.23646571    0.33900993    0.30449127    0.19985730    0.18372883    0.21226572    0.25683446    0.23304402    0.20583568    0.20329523    0.20329523    0.17067141    0.19541475    0.18731926    0.18179134    0.17387278    0.24445719    0.16072931    0.19852736    0.19025866    0.16490056    0.17780383    0.00000000    0.03284799
T16            0.23010560    0.32380973    0.29009748    0.19372404    0.18322652    0.20015046    0.25924887    0.22649163    0.19398350    0.19147265    0.19147265    0.16490056    0.18924141    0.17852576    0.17581439    0.16799635    0.23751646    0.15503437    0.19530311    0.18983605    0.15927529    0.16938364    0.03284799    0.00000000

