24
T23            0.00000000    0.33204867    0.33204867    0.30392560    0.30392560    0.31304906    0.32648889    0.31304906    0.30974493    0.28498948    0.32648889    0.34394281    0.35423209    0.30349211    0.31602168    0.29036705    0.27967390    0.27621450    0.27934262    0.27374025    0.22302032    0.20317251    0.19764381    0.07841208
T10            0.33204867    0.00000000    0.01210957    0.25245599    0.25245599    0.26646180    0.27909454    0.27671516    0.27352680    0.25210354    0.28553295    0.34587013    0.34891379    0.33628193    0.34230618    0.32692309    0.32190103    0.35423209    0.35790097    0.35423209    0.40420996    0.36744777    0.36744777    0.37319914
T11            0.33204867    0.01210957    0.00000000    0.25552662    0.25552662    0.26959012    0.28230335    0.27671516    0.27352680    0.25516473    0.28878359    0.34230618    0.34533710    0.33276813    0.33876752    0.32692309    0.32190103    0.34697432    0.35059001    0.34697432    0.40420996    0.36744777    0.36744777    0.37319914
T8             0.30392560    0.25245599    0.25552662    0.00000000    0.00000000    0.03497192    0.04355717    0.08588595    0.08355410    0.06537361    0.09265666    0.36864771    0.36417572    0.34027077    0.34630109    0.31895539    0.29820224    0.32716084    0.33071245    0.32480487    0.35091687    0.34030091    0.34030091    0.34685856
T13            0.30392560    0.25245599    0.25552662    0.00000000    0.00000000    0.03497192    0.04355717    0.08588595    0.08355410    0.06537361    0.09265666    0.36864771    0.36417572    0.34027077    0.34630109    0.31895539    0.29820224    0.32716084    0.33071245    0.32480487    0.35091687    0.34030091    0.34030091    0.34685856
T3             0.31304906    0.26646180    0.26959012    0.03497192    0.03497192    0.00000000    0.01210957    0.09239435    0.09005161    0.07177518    0.09922228    0.38119685    0.37666141    0.35238130    0.35851225    0.32736965    0.30729118    0.32491288    0.32841449    0.32251125    0.36327288    0.34286342    0.33590972    0.34240713
T12            0.32648889    0.27909454    0.28230335    0.04355717    0.04355717    0.01210957    0.00000000    0.10187693    0.09948933    0.07859532    0.10879575    0.39293815    0.38826600    0.36351144    0.36972560    0.34127821    0.32091574    0.33906930    0.34267209    0.33666792    0.37800219    0.35706859    0.34991544    0.34943424
T16            0.31304906    0.27671516    0.27671516    0.08588595    0.08588595    0.09239435    0.10187693    0.00000000    0.01010161    0.09935215    0.12813150    0.40092210    0.40417111    0.36727738    0.37352011    0.34838069    0.32681781    0.33194087    0.33549235    0.33666792    0.35812182    0.34637697    0.34637697    0.34590831
T22            0.30974493    0.27352680    0.27352680    0.08355410    0.08355410    0.09005161    0.09948933    0.01010161    0.00000000    0.09698159    0.12563647    0.38899359    0.39219498    0.35977373    0.36595974    0.34127821    0.31991165    0.32841449    0.33194087    0.33309091    0.35450634    0.34286342    0.34286342    0.32864311
T0             0.28498948    0.25210354    0.25516473    0.06537361    0.06537361    0.07177518    0.07859532    0.09935215    0.09698159    0.00000000    0.04565897    0.36417572    0.36727738    0.32897089    0.33492294    0.30594147    0.28878359    0.30487757    0.30824903    0.30248716    0.33983132    0.32268454    0.32947268    0.32309483
T6             0.32648889    0.28553295    0.28878359    0.09265666    0.09265666    0.09922228    0.10879575    0.12813150    0.12563647    0.04565897    0.00000000    0.38899359    0.38436773    0.35238130    0.35851225    0.32485871    0.31066259    0.33436580    0.33791722    0.33194087    0.38175350    0.37058317    0.37058317    0.36744777
T7             0.34394281    0.34587013    0.34230618    0.36864771    0.36864771    0.38119685    0.39293815    0.40092210    0.38899359    0.36417572    0.38899359    0.00000000    0.01008416    0.05450081    0.05875906    0.13447299    0.13296787    0.24513066    0.24819199    0.24591052    0.39648529    0.38755228    0.38755228    0.37533736
T15            0.35423209    0.34891379    0.34533710    0.36417572    0.36417572    0.37666141    0.38826600    0.40417111    0.39219498    0.36727738    0.38436773    0.01008416    0.00000000    0.06108211    0.06537361    0.13933296    0.14038341    0.25396810    0.25707711    0.25478525    0.40767599    0.39075062    0.39863962    0.38616643
T14            0.30349211    0.33628193    0.33276813    0.34027077    0.34027077    0.35238130    0.36351144    0.36727738    0.35977373    0.32897089    0.35238130    0.05450081    0.06108211    0.00000000    0.00804439    0.12022584    0.11873352    0.23678219    0.23980644    0.23754562    0.35980039    0.35117433    0.35117433    0.34338466
T18            0.31602168    0.34230618    0.33876752    0.34630109    0.34630109    0.35851225    0.36972560    0.37352011    0.36595974    0.33492294    0.35851225    0.05875906    0.06537361    0.00804439    0.00000000    0.12731544    0.12581671    0.24208800    0.24513066    0.24284914    0.36600571    0.35730267    0.35730267    0.35423209
T21            0.29036705    0.32692309    0.32692309    0.31895539    0.31895539    0.32736965    0.34127821    0.34838069    0.34127821    0.30594147    0.32485871    0.13447299    0.13933296    0.12022584    0.12731544    0.00000000    0.03902137    0.20853021    0.20853021    0.20900561    0.34637697    0.34030091    0.33681188    0.30610768
T9             0.27967390    0.32190103    0.32190103    0.29820224    0.29820224    0.30729118    0.32091574    0.32681781    0.31991165    0.28878359    0.31066259    0.13296787    0.14038341    0.11873352    0.12581671    0.03902137    0.00000000    0.18776491    0.19049903    0.18822715    0.33776454    0.33276813    0.32581395    0.30103360
T17            0.27621450    0.35423209    0.34697432    0.32716084    0.32716084    0.32491288    0.33906930    0.33194087    0.32841449    0.30487757    0.33436580    0.24513066    0.25396810    0.23678219    0.24208800    0.20853021    0.18776491    0.00000000    0.00200402    0.01827016    0.34430928    0.34178587    0.34178587    0.30800099
T2             0.27934262    0.35790097    0.35059001    0.33071245    0.33071245    0.32841449    0.34267209    0.33549235    0.33194087    0.30824903    0.33791722    0.24819199    0.25707711    0.23980644    0.24513066    0.20853021    0.19049903    0.00200402    0.00000000    0.02034071    0.34786044    0.34533710    0.34533710    0.31132727
T4             0.27374025    0.35423209    0.34697432    0.32480487    0.32480487    0.32251125    0.33666792    0.33666792    0.33309091    0.30248716    0.33194087    0.24591052    0.25478525    0.23754562    0.24284914    0.20900561    0.18822715    0.01827016    0.02034071    0.00000000    0.34178587    0.34641587    0.33928783    0.31218986
T1             0.22302032    0.40420996    0.40420996    0.35091687    0.35091687    0.36327288    0.37800219    0.35812182    0.35450634    0.33983132    0.38175350    0.39648529    0.40767599    0.35980039    0.36600571    0.34637697    0.33776454    0.34430928    0.34786044    0.34178587    0.00000000    0.08963554    0.08502592    0.25110794
T20            0.20317251    0.36744777    0.36744777    0.34030091    0.34030091    0.34286342    0.35706859    0.34637697    0.34286342    0.32268454    0.37058317    0.38755228    0.39075062    0.35117433    0.35730267    0.34030091    0.33276813    0.34178587    0.34533710    0.34641587    0.08963554    0.00000000    0.01214671    0.23568929
T5             0.19764381    0.36744777    0.36744777    0.34030091    0.34030091    0.33590972    0.34991544    0.34637697    0.34286342    0.32947268    0.37058317    0.38755228    0.39863962    0.35117433    0.35730267    0.33681188    0.32581395    0.34178587    0.34533710    0.33928783    0.08502592    0.01214671    0.00000000    0.23568929
T19            0.07841208    0.37319914    0.37319914    0.34685856    0.34685856    0.34240713    0.34943424    0.34590831    0.32864311    0.32309483    0.36744777    0.37533736    0.38616643    0.34338466    0.35423209    0.30610768    0.30103360    0.30800099    0.31132727    0.31218986    0.25110794    0.23568929    0.23568929    0.00000000

