24
T17            0.00000000    0.42418184    0.43229789    0.43028266    0.40362728    0.42149592    0.42288828    0.45367038    0.41416209    0.33685571    0.34337822    0.33780942    0.34132430    0.33780942    0.36332441    0.37063739    0.35921401    0.36232418    0.34591872    0.34896304    0.33480263    0.33595262    0.18873883    0.17536450
T16            0.42418184    0.00000000    0.00401614    0.10147409    0.07177704    0.06960561    0.12965185    0.14932594    0.13378830    0.38652444    0.37589759    0.38879917    0.38879917    0.38879917    0.38818909    0.39192741    0.38869291    0.39192741    0.38500356    0.38442794    0.40362728    0.40833573    0.45091029    0.44186612
T20            0.43229789    0.00401614    0.00000000    0.10624968    0.07631372    0.07413203    0.13462987    0.15447083    0.13890727    0.37907528    0.36858495    0.38879917    0.38879917    0.38879917    0.38818909    0.39192741    0.38869291    0.39192741    0.38500356    0.38442794    0.40362728    0.40833573    0.45940643    0.45018492
T5             0.43028266    0.10147409    0.10624968    0.00000000    0.09450687    0.09227719    0.16228911    0.18030348    0.16176821    0.40387516    0.38547281    0.41151897    0.41151897    0.41151897    0.42106469    0.42502566    0.41771162    0.42106469    0.39850209    0.39791115    0.41748682    0.41713495    0.48321997    0.47360025
T19            0.40362728    0.07177704    0.07631372    0.09450687    0.00000000    0.06074260    0.13478838    0.15465708    0.14432883    0.37805926    0.36750124    0.39452405    0.39452405    0.39452405    0.39085279    0.39466277    0.39029118    0.39352497    0.37922345    0.37863442    0.38619713    0.39733485    0.44625224    0.43712643
T21            0.42149592    0.06960561    0.07413203    0.09227719    0.06074260    0.00000000    0.13495485    0.15485164    0.13938705    0.38763328    0.37695058    0.39776078    0.39776078    0.39776078    0.40059765    0.39791115    0.39733485    0.40059765    0.39002195    0.38940346    0.40101185    0.40833573    0.45667696    0.44744005
T14            0.42288828    0.12965185    0.13462987    0.16228911    0.13478838    0.13495485    0.00000000    0.02442190    0.11594035    0.39791115    0.38707172    0.39910764    0.39910764    0.39910764    0.42563378    0.42964258    0.42226483    0.42563378    0.40299188    0.40237121    0.42218053    0.41771162    0.44818059    0.44326319
T11            0.45367038    0.14932594    0.15447083    0.18030348    0.15465708    0.15485164    0.02442190    0.00000000    0.13531161    0.42352729    0.41225028    0.42890994    0.42890994    0.42890994    0.45646155    0.46069130    0.45296052    0.45646155    0.43300125    0.43229789    0.45318568    0.44810823    0.45590026    0.45091029
T23            0.41416209    0.13378830    0.13890727    0.16176821    0.14432883    0.13938705    0.11594035    0.13531161    0.00000000    0.40890374    0.38619713    0.41030921    0.41030921    0.41030921    0.41683369    0.42082669    0.41748682    0.42082669    0.40235415    0.40167572    0.41507617    0.40504310    0.44893752    0.43982661
T9             0.33685571    0.38652444    0.37907528    0.40387516    0.37805926    0.38763328    0.39791115    0.42352729    0.40890374    0.00000000    0.01824827    0.17001251    0.17268132    0.17001251    0.15879667    0.16922079    0.15125692    0.15111919    0.16029415    0.15485164    0.16535876    0.15140307    0.36977157    0.35563703
T4             0.34337822    0.37589759    0.36858495    0.38547281    0.36750124    0.37695058    0.38707172    0.41225028    0.38619713    0.01824827    0.00000000    0.16757027    0.17023197    0.16757027    0.15895422    0.16940574    0.15140307    0.15125692    0.16051912    0.15505450    0.16558946    0.15155761    0.38044304    0.36606047
T12            0.33780942    0.38879917    0.38879917    0.41151897    0.39452405    0.39776078    0.39910764    0.42890994    0.41030921    0.17001251    0.16757027    0.00000000    0.00603640    0.00401614    0.17492269    0.18574298    0.16715411    0.16959937    0.14768676    0.14236911    0.15788545    0.14156163    0.36724869    0.35312662
T1             0.34132430    0.38879917    0.38879917    0.41151897    0.39452405    0.39776078    0.39910764    0.42890994    0.41030921    0.17268132    0.17023197    0.00603640    0.00000000    0.00200402    0.17760582    0.18301581    0.16980163    0.17225392    0.15027263    0.14492186    0.16051912    0.14661519    0.36724869    0.35312662
T8             0.33780942    0.38879917    0.38879917    0.41151897    0.39452405    0.39776078    0.39910764    0.42890994    0.41030921    0.17001251    0.16757027    0.00401614    0.00200402    0.00000000    0.17492269    0.18574298    0.16715411    0.16959937    0.15287199    0.14748774    0.16316678    0.14408200    0.36353750    0.34950964
T22            0.36332441    0.38818909    0.38818909    0.42106469    0.39085279    0.40059765    0.42563378    0.45646155    0.41683369    0.15879667    0.15895422    0.17492269    0.17760582    0.17492269    0.00000000    0.01007287    0.02027233    0.02233112    0.18955314    0.18375798    0.19205333    0.17718447    0.40562166    0.39065465
T2             0.37063739    0.39192741    0.39192741    0.42502566    0.39466277    0.39791115    0.42964258    0.46069130    0.42082669    0.16922079    0.16940574    0.18574298    0.18301581    0.18574298    0.01007287    0.00000000    0.02853733    0.03061756    0.19514540    0.18927285    0.19766127    0.18800457    0.40959907    0.39452405
T3             0.35921401    0.38869291    0.38869291    0.41771162    0.39029118    0.39733485    0.42226483    0.45296052    0.41748682    0.15125692    0.15140307    0.16715411    0.16980163    0.16715411    0.02027233    0.02853733    0.00000000    0.00200301    0.18154675    0.17584097    0.18402292    0.16940574    0.40101185    0.38619713
T6             0.36232418    0.39192741    0.39192741    0.42106469    0.39352497    0.40059765    0.42563378    0.45646155    0.42082669    0.15111919    0.15125692    0.16959937    0.17225392    0.16959937    0.02233112    0.03061756    0.00200301    0.00000000    0.18402292    0.17830346    0.18650779    0.17186124    0.40427738    0.38940346
T13            0.34591872    0.38500356    0.38500356    0.39850209    0.37922345    0.39002195    0.40299188    0.43300125    0.40235415    0.16029415    0.16051912    0.14768676    0.15027263    0.15287199    0.18955314    0.19514540    0.18154675    0.18402292    0.00000000    0.02447301    0.03716064    0.08099966    0.35619701    0.35312662
T18            0.34896304    0.38442794    0.38442794    0.39791115    0.37863442    0.38940346    0.40237121    0.43229789    0.40167572    0.15485164    0.15505450    0.14236911    0.14492186    0.14748774    0.18375798    0.18927285    0.17584097    0.17830346    0.02447301    0.00000000    0.03284891    0.07177704    0.34486414    0.33830520
T7             0.33480263    0.40362728    0.40362728    0.41748682    0.38619713    0.40101185    0.42218053    0.45318568    0.41507617    0.16535876    0.16558946    0.15788545    0.16051912    0.16316678    0.19205333    0.19766127    0.18402292    0.18650779    0.03716064    0.03284891    0.00000000    0.09017688    0.37037290    0.36353750
T15            0.33595262    0.40833573    0.40833573    0.41713495    0.39733485    0.40833573    0.41771162    0.44810823    0.40504310    0.15140307    0.15155761    0.14156163    0.14661519    0.14408200    0.17718447    0.18800457    0.16940574    0.17186124    0.08099966    0.07177704    0.09017688    0.00000000    0.35403558    0.34034591
T10            0.18873883    0.45091029    0.45940643    0.48321997    0.44625224    0.45667696    0.44818059    0.45590026    0.44893752    0.36977157    0.38044304    0.36724869    0.36724869    0.36353750    0.40562166    0.40959907    0.40101185    0.40427738    0.35619701    0.34486414    0.37037290    0.35403558    0.00000000    0.01008420
T0             0.17536450    0.44186612    0.45018492    0.47360025    0.43712643    0.44744005    0.44326319    0.45091029    0.43982661    0.35563703    0.36606047    0.35312662    0.35312662    0.34950964    0.39065465    0.39452405    0.38619713    0.38940346    0.35312662    0.33830520    0.36353750    0.34034591    0.01008420    0.00000000

