24
T20            0.00000000    0.28602690    0.30356050    0.29694727    0.31026273    0.30736369    0.21784440    0.23212226    0.18215863    0.17967149    0.18551665    0.18279639    0.26202282    0.33203771    0.18031386    0.17537498    0.17784008    0.17472361    0.14237602    0.15789506    0.15967740    0.15246334    0.15767654    0.14712096
T16            0.28602690    0.00000000    0.08299466    0.08299466    0.09698873    0.08540422    0.27956341    0.29541777    0.29652874    0.29367328    0.27915253    0.27915253    0.33445723    0.40354245    0.28841638    0.26688275    0.26964238    0.28155379    0.28178115    0.30175844    0.32137317    0.30462355    0.30122636    0.30447621
T2             0.30356050    0.08299466    0.00000000    0.00401615    0.03082539    0.02245737    0.28799612    0.31317341    0.30436590    0.30147438    0.29326553    0.29326553    0.34596209    0.40931216    0.29286916    0.29042068    0.29002355    0.29248421    0.28692376    0.31148823    0.32079217    0.30749993    0.30409117    0.31563347
T1             0.29694727    0.08299466    0.00401615    0.00000000    0.03082539    0.02245737    0.28799612    0.31317341    0.30766129    0.30475894    0.29326553    0.29326553    0.34596209    0.40931216    0.28642715    0.28397851    0.28360222    0.28606305    0.28692376    0.30462355    0.31383176    0.30070557    0.29734283    0.31563347
T13            0.31026273    0.09698873    0.03082539    0.03082539    0.00000000    0.02665100    0.28799612    0.31317341    0.31097862    0.30806531    0.29002355    0.29002355    0.35317324    0.41746765    0.29939558    0.29694727    0.29652874    0.29898924    0.28692376    0.31148823    0.32079217    0.30749993    0.30409117    0.32245008
T23            0.30736369    0.08540422    0.02245737    0.02245737    0.02665100    0.00000000    0.28517424    0.31026273    0.30806531    0.30516377    0.29367328    0.29367328    0.35011564    0.40603715    0.29652874    0.29409241    0.29367328    0.29612168    0.28411440    0.31553611    0.32490271    0.31148823    0.30804407    0.31950415
T7             0.21784440    0.27956341    0.28799612    0.28799612    0.28799612    0.28517424    0.00000000    0.10124258    0.23066976    0.22802969    0.20725704    0.20725704    0.28411440    0.36120585    0.23711137    0.23476591    0.23445672    0.22802969    0.19327333    0.21421311    0.23419015    0.21970858    0.21388639    0.21756707
T17            0.23212226    0.29541777    0.31317341    0.31317341    0.31317341    0.31026273    0.10124258    0.00000000    0.24813365    0.24543991    0.22718636    0.22718636    0.32430920    0.39140685    0.26413370    0.25250322    0.26139515    0.25451691    0.21842776    0.23682876    0.25754664    0.24251223    0.23646034    0.22363237
T15            0.18215863    0.29652874    0.30436590    0.30766129    0.31097862    0.30806531    0.23066976    0.24813365    0.00000000    0.00200301    0.13420657    0.13172968    0.23212226    0.30882352    0.17351134    0.17151014    0.17397775    0.16302987    0.16677959    0.19376773    0.20725704    0.19351600    0.19351600    0.17365790
T11            0.17967149    0.29367328    0.30147438    0.30475894    0.30806531    0.30516377    0.22802969    0.24543991    0.00200301    0.00000000    0.13185832    0.12938755    0.22948838    0.30593633    0.17103796    0.16905127    0.17151014    0.16058110    0.16433970    0.19125520    0.20470283    0.19100216    0.19100216    0.17118650
T19            0.18551665    0.27915253    0.29326553    0.29326553    0.29002355    0.29367328    0.20725704    0.22718636    0.13420657    0.13185832    0.00000000    0.00200403    0.23610174    0.29684470    0.17168517    0.16941354    0.17719317    0.16627006    0.15726443    0.17585262    0.19178816    0.17831508    0.17831508    0.17761567
T22            0.18279639    0.27915253    0.29326553    0.29326553    0.29002355    0.29367328    0.20725704    0.22718636    0.13172968    0.12938755    0.00200403    0.00000000    0.23311218    0.29351571    0.16905127    0.16677959    0.17452395    0.16367055    0.15466471    0.17315432    0.18901479    0.17560948    0.17560948    0.17493202
T4             0.26202282    0.33445723    0.34596209    0.34596209    0.35317324    0.35011564    0.28411440    0.32430920    0.23212226    0.22948838    0.23610174    0.23311218    0.00000000    0.23456894    0.21010152    0.20498618    0.20753924    0.19857075    0.22264540    0.25614762    0.27117040    0.26202282    0.25570199    0.24517960
T8             0.33203771    0.40354245    0.40931216    0.40931216    0.41746765    0.40603715    0.36120585    0.39140685    0.30882352    0.30593633    0.29684470    0.29351571    0.23456894    0.00000000    0.28505556    0.28604030    0.29217870    0.27485208    0.28225724    0.33761325    0.34360675    0.32970575    0.32612537    0.32315788
T0             0.18031386    0.28841638    0.29286916    0.28642715    0.29939558    0.29652874    0.23711137    0.26413370    0.17351134    0.17103796    0.17168517    0.16905127    0.21010152    0.28505556    0.00000000    0.04572874    0.04349564    0.03910519    0.16981051    0.19429828    0.20498618    0.19402850    0.18849725    0.19008019
T14            0.17537498    0.26688275    0.29042068    0.28397851    0.29694727    0.29409241    0.23476591    0.25250322    0.17151014    0.16905127    0.16941354    0.16677959    0.20498618    0.28604030    0.04572874    0.00000000    0.01008424    0.03492818    0.16493167    0.19206803    0.20273590    0.19178816    0.18625679    0.19603884
T21            0.17784008    0.26964238    0.29002355    0.28360222    0.29652874    0.29367328    0.23445672    0.26139515    0.17397775    0.17151014    0.17719317    0.17452395    0.20753924    0.29217870    0.04349564    0.01008424    0.00000000    0.03277539    0.16736684    0.18901479    0.19962186    0.18875157    0.18326595    0.19857075
T6             0.17472361    0.28155379    0.29248421    0.28606305    0.29898924    0.29612168    0.22802969    0.25451691    0.16302987    0.16058110    0.16627006    0.16367055    0.19857075    0.27485208    0.03910519    0.03492818    0.03277539    0.00000000    0.16172645    0.18031386    0.19075811    0.18009090    0.17472361    0.18177816
T5             0.14237602    0.28178115    0.28692376    0.28692376    0.28692376    0.28411440    0.19327333    0.21842776    0.16677959    0.16433970    0.15726443    0.15466471    0.22264540    0.28225724    0.16981051    0.16493167    0.16736684    0.16172645    0.00000000    0.10012074    0.11400098    0.09995402    0.09517761    0.12472707
T10            0.15789506    0.30175844    0.31148823    0.30462355    0.31148823    0.31553611    0.21421311    0.23682876    0.19376773    0.19125520    0.17585262    0.17315432    0.25614762    0.33761325    0.19429828    0.19206803    0.18901479    0.18031386    0.10012074    0.00000000    0.03284935    0.02037372    0.02037372    0.14730415
T18            0.15967740    0.32137317    0.32079217    0.31383176    0.32079217    0.32490271    0.23419015    0.25754664    0.20725704    0.20470283    0.19178816    0.18901479    0.27117040    0.34360675    0.20498618    0.20273590    0.19962186    0.19075811    0.11400098    0.03284935    0.00000000    0.01619057    0.02031469    0.16472582
T9             0.15246334    0.30462355    0.30749993    0.30070557    0.30749993    0.31148823    0.21970858    0.24251223    0.19351600    0.19100216    0.17831508    0.17560948    0.26202282    0.32970575    0.19402850    0.19178816    0.18875157    0.18009090    0.09995402    0.02037372    0.01619057    0.00000000    0.00806494    0.15226678
T3             0.15767654    0.30122636    0.30409117    0.29734283    0.30409117    0.30804407    0.21388639    0.23646034    0.19351600    0.19100216    0.17831508    0.17560948    0.25570199    0.32612537    0.18849725    0.18625679    0.18326595    0.17472361    0.09517761    0.02037372    0.02031469    0.00806494    0.00000000    0.15226678
T12            0.14712096    0.30447621    0.31563347    0.31563347    0.32245008    0.31950415    0.21756707    0.22363237    0.17365790    0.17118650    0.17761567    0.17493202    0.24517960    0.32315788    0.19008019    0.19603884    0.19857075    0.18177816    0.12472707    0.14730415    0.16472582    0.15226678    0.15226678    0.00000000

