24
T9             0.00000000    0.18950995    0.17136466    0.17631298    0.20369590    0.21353825    0.21558414    0.19559630    0.18034194    0.23580594    0.20248125    0.20248125    0.20024192    0.20394318    0.20419981    0.19307027    0.26151368    0.28026042    0.23657076    0.21501510    0.21189907    0.23336227    0.22205093    0.22281985
T22            0.18950995    0.00000000    0.14395829    0.15383182    0.17949969    0.18180225    0.26002741    0.25301066    0.24137387    0.29467805    0.26552354    0.26552354    0.26002741    0.26456873    0.26733660    0.24191612    0.32464709    0.33869733    0.27233203    0.27042002    0.26704151    0.27881800    0.27290504    0.27261294
T16            0.17136466    0.14395829    0.00000000    0.01210978    0.09420327    0.14970658    0.26277017    0.24973898    0.24111825    0.26371186    0.24460405    0.24460405    0.23923839    0.24041376    0.24311170    0.23285178    0.30201199    0.31537482    0.28447252    0.26704151    0.25819942    0.28987862    0.28388960    0.27851769
T13            0.17631298    0.15383182    0.01210978    0.00000000    0.09889045    0.15969915    0.27453224    0.26122653    0.25245952    0.26926781    0.25001079    0.25001079    0.24460405    0.24582012    0.24853909    0.23818906    0.30785017    0.32135813    0.29017263    0.27261294    0.26371186    0.29562847    0.28959635    0.28417529
T11            0.20369590    0.17949969    0.09420327    0.09889045    0.00000000    0.19078929    0.29660705    0.27632061    0.25330214    0.31106061    0.28766145    0.28766145    0.27564087    0.27632061    0.27912962    0.25937530    0.33824347    0.34823903    0.31065552    0.29255643    0.28330400    0.30951252    0.30332927    0.30774064
T0             0.21353825    0.18180225    0.14970658    0.15969915    0.19078929    0.00000000    0.26733660    0.26648435    0.25468553    0.31208689    0.27664481    0.27664481    0.27664481    0.27513597    0.27795113    0.27352268    0.35315259    0.36419318    0.32166940    0.30008527    0.29653606    0.32061470    0.31435879    0.28447252
T3             0.21558414    0.26002741    0.26277017    0.27453224    0.29660705    0.26733660    0.00000000    0.12549070    0.11824913    0.21650894    0.18682915    0.18682915    0.17912542    0.18828273    0.18852912    0.17588204    0.24580671    0.27011534    0.22367684    0.19965933    0.19658366    0.21243255    0.20702156    0.19885398
T20            0.19559630    0.25301066    0.24973898    0.26122653    0.27632061    0.26648435    0.12549070    0.00000000    0.04117217    0.21909543    0.18932193    0.18932193    0.18434510    0.19582939    0.19607166    0.17517576    0.24730224    0.26122653    0.21994116    0.20446576    0.20139399    0.22599972    0.22048590    0.20090590
T4             0.18034194    0.24137387    0.24111825    0.25245952    0.25330214    0.25468553    0.11824913    0.04117217    0.00000000    0.21136394    0.18186973    0.18186973    0.17421542    0.18011807    0.18034194    0.16252855    0.23045005    0.24111825    0.19860391    0.18354523    0.18057464    0.20446576    0.19911326    0.18282475
T15            0.23580594    0.29467805    0.26371186    0.26926781    0.31106061    0.31208689    0.21650894    0.21909543    0.21136394    0.00000000    0.05632998    0.05632998    0.05413609    0.08274552    0.08282327    0.12981679    0.21635965    0.21553747    0.19885398    0.16495552    0.16212072    0.20139399    0.19607166    0.16963123
T6             0.20248125    0.26552354    0.24460405    0.25001079    0.28766145    0.27664481    0.18682915    0.18932193    0.18186973    0.05632998    0.00000000    0.00000000    0.01415498    0.05841281    0.05846978    0.10161568    0.19559630    0.20579247    0.17318250    0.15074150    0.14792404    0.17026804    0.16517071    0.15529766
T21            0.20248125    0.26552354    0.24460405    0.25001079    0.28766145    0.27664481    0.18682915    0.18932193    0.18186973    0.05632998    0.00000000    0.00000000    0.01415498    0.05841281    0.05846978    0.10161568    0.19559630    0.20579247    0.17318250    0.15074150    0.14792404    0.17026804    0.16517071    0.15529766
T17            0.20024192    0.26002741    0.23923839    0.24460405    0.27564087    0.27664481    0.17912542    0.18434510    0.17421542    0.05413609    0.01415498    0.01415498    0.00000000    0.05621897    0.05627107    0.10400438    0.19559630    0.20301040    0.16517071    0.14814056    0.14534339    0.17294574    0.16782699    0.15269001
T19            0.20394318    0.26456873    0.24041376    0.24582012    0.27632061    0.27513597    0.18828273    0.19582939    0.18011807    0.08274552    0.05841281    0.05841281    0.05621897    0.00000000    0.00401107    0.10104476    0.19456964    0.19391667    0.16157285    0.14713939    0.14441627    0.17454801    0.16943627    0.15431864
T5             0.20419981    0.26733660    0.24311170    0.24853909    0.27912962    0.27795113    0.18852912    0.19607166    0.18034194    0.08282327    0.05846978    0.05846978    0.05627107    0.00401107    0.00000000    0.10114398    0.19475637    0.19406575    0.16174692    0.14732329    0.14458538    0.17474849    0.16963123    0.15449775
T7             0.19307027    0.24191612    0.23285178    0.23818906    0.25937530    0.27352268    0.17588204    0.17517576    0.16252855    0.12981679    0.10161568    0.10161568    0.10400438    0.10104476    0.10114398    0.00000000    0.15897909    0.17339277    0.13187125    0.12285304    0.12024766    0.15191731    0.14696370    0.12516651
T8             0.26151368    0.32464709    0.30201199    0.30785017    0.33824347    0.35315259    0.24580671    0.24730224    0.23045005    0.21635965    0.19559630    0.19559630    0.19559630    0.19456964    0.19475637    0.15897909    0.00000000    0.19185592    0.20774653    0.19242156    0.17615876    0.22158761    0.21613936    0.19456964
T1             0.28026042    0.33869733    0.31537482    0.32135813    0.34823903    0.36419318    0.27011534    0.26122653    0.24111825    0.21553747    0.20579247    0.20579247    0.20301040    0.19391667    0.19406575    0.17339277    0.19185592    0.00000000    0.24604071    0.19949299    0.19661551    0.22324227    0.22341684    0.20447183
T14            0.23657076    0.27233203    0.28447252    0.29017263    0.31065552    0.32166940    0.22367684    0.21994116    0.19860391    0.19885398    0.17318250    0.17318250    0.16517071    0.16157285    0.16174692    0.13187125    0.20774653    0.24604071    0.00000000    0.11824913    0.11080540    0.14204443    0.13715899    0.12764431
T23            0.21501510    0.27042002    0.26704151    0.27261294    0.29255643    0.30008527    0.19965933    0.20446576    0.18354523    0.16495552    0.15074150    0.15074150    0.14814056    0.14713939    0.14732329    0.12285304    0.19242156    0.19949299    0.11824913    0.00000000    0.01829918    0.07860543    0.07413915    0.06090500
T12            0.21189907    0.26704151    0.25819942    0.26371186    0.28330400    0.29653606    0.19658366    0.20139399    0.18057464    0.16212072    0.14792404    0.14792404    0.14534339    0.14441627    0.14458538    0.12024766    0.17615876    0.19661551    0.11080540    0.01829918    0.00000000    0.07170289    0.06728625    0.05419692
T10            0.23336227    0.27881800    0.28987862    0.29562847    0.30951252    0.32061470    0.21243255    0.22599972    0.20446576    0.20139399    0.17026804    0.17026804    0.17294574    0.17454801    0.17474849    0.15191731    0.22158761    0.22324227    0.14204443    0.07860543    0.07170289    0.00000000    0.00805167    0.08520855
T2             0.22205093    0.27290504    0.28388960    0.28959635    0.30332927    0.31435879    0.20702156    0.22048590    0.19911326    0.19607166    0.16517071    0.16517071    0.16782699    0.16943627    0.16963123    0.14696370    0.21613936    0.22341684    0.13715899    0.07413915    0.06728625    0.00805167    0.00000000    0.08070539
T18            0.22281985    0.27261294    0.27851769    0.28417529    0.30774064    0.28447252    0.19885398    0.20090590    0.18282475    0.16963123    0.15529766    0.15529766    0.15269001    0.15431864    0.15449775    0.12516651    0.19456964    0.20447183    0.12764431    0.06090500    0.05419692    0.08520855    0.08070539    0.00000000

