24
T15            0.00000000    0.20024143    0.21274529    0.22922017    0.20164933    0.24406122    0.21919427    0.22443831    0.21332332    0.21592616    0.23656728    0.27697535    0.14257967    0.15228561    0.13464894    0.13421863    0.13657507    0.13699999    0.13907124    0.17249626    0.12205736    0.12682270    0.17228552    0.13480845
T2             0.20024143    0.00000000    0.09853045    0.27172026    0.23316093    0.23362931    0.25969177    0.25300676    0.23895719    0.24219904    0.24280279    0.26795521    0.22922017    0.23420020    0.21423049    0.21919427    0.21332332    0.22255067    0.22281676    0.26145424    0.21658689    0.21919427    0.26585891    0.22309262
T9             0.21274529    0.09853045    0.00000000    0.30608675    0.26276578    0.25194725    0.27232759    0.26572758    0.25444539    0.25767221    0.25767221    0.29016755    0.23309868    0.24406122    0.22116118    0.22908824    0.22323941    0.22379351    0.23504572    0.26456444    0.22116118    0.22908824    0.27912484    0.23237875
T11            0.22922017    0.27172026    0.30608675    0.00000000    0.05229855    0.25292340    0.26755611    0.26347977    0.24295642    0.25179204    0.25667424    0.26223304    0.29386635    0.29226663    0.27076978    0.27582591    0.27129539    0.26939883    0.27629328    0.31044252    0.25639277    0.26537538    0.29175551    0.26305375
T12            0.20164933    0.23316093    0.26276578    0.05229855    0.00000000    0.22137226    0.22009920    0.21650568    0.20023910    0.20848174    0.21566167    0.23845313    0.23199453    0.23688214    0.21136076    0.22201329    0.22106614    0.22201329    0.23351187    0.27030225    0.21587980    0.22429333    0.26032731    0.21618801
T7             0.24406122    0.23362931    0.25194725    0.25292340    0.22137226    0.00000000    0.13921107    0.13893961    0.12205736    0.12241944    0.13200743    0.16400628    0.28806677    0.29333565    0.26585891    0.27105784    0.26094617    0.27417994    0.27697535    0.30565659    0.25545536    0.26426795    0.29946871    0.24973523
T19            0.21919427    0.25969177    0.27232759    0.26755611    0.22009920    0.13921107    0.00000000    0.01620860    0.04554606    0.05617353    0.07396113    0.13732372    0.26145424    0.26036501    0.23715572    0.23923485    0.23843258    0.24818094    0.25632537    0.29374516    0.23895719    0.24758225    0.29416607    0.23685645
T23            0.22443831    0.25300676    0.26572758    0.26347977    0.21650568    0.13893961    0.01620860    0.00000000    0.04545593    0.05610364    0.07381166    0.13951519    0.26071753    0.25969177    0.24249580    0.24460039    0.24086957    0.25360016    0.25573470    0.29293757    0.24137037    0.25000700    0.28686809    0.23628822
T5             0.21332332    0.23895719    0.25444539    0.24295642    0.20023910    0.12205736    0.04554606    0.04545593    0.00000000    0.05185996    0.06728597    0.12997063    0.25872560    0.25456915    0.23155386    0.23362931    0.22995346    0.24249580    0.23576057    0.27174401    0.22181139    0.23019510    0.27525541    0.22491811
T20            0.21592616    0.24219904    0.25767221    0.25179204    0.20848174    0.12241944    0.05617353    0.05610364    0.05185996    0.00000000    0.06721602    0.12487267    0.26771899    0.26345824    0.24012890    0.24219904    0.23843258    0.25119909    0.24432561    0.28085120    0.23019510    0.23868976    0.28122997    0.22181139
T17            0.23656728    0.24280279    0.25767221    0.25667424    0.21566167    0.13200743    0.07396113    0.07381166    0.06728597    0.06721602    0.00000000    0.13515143    0.28139196    0.27684260    0.25292340    0.25798728    0.25088538    0.26419330    0.25456915    0.29219866    0.23952271    0.24818094    0.29504202    0.23098037
T18            0.27697535    0.26795521    0.29016755    0.26223304    0.23845313    0.16400628    0.13732372    0.13951519    0.12997063    0.12487267    0.13515143    0.00000000    0.31373536    0.31571754    0.28725639    0.28686809    0.28509646    0.28294347    0.30443679    0.34146193    0.26150951    0.26733224    0.31526516    0.26426795
T13            0.14257967    0.22922017    0.23309868    0.29386635    0.23199453    0.28806677    0.26145424    0.26071753    0.25872560    0.26771899    0.28139196    0.31373536    0.00000000    0.02447378    0.04588704    0.04783752    0.04995064    0.05905833    0.13030408    0.16637156    0.13066895    0.13593254    0.17367970    0.13637030
T10            0.15228561    0.23420020    0.24406122    0.29226663    0.23688214    0.29333565    0.26036501    0.25969177    0.25456915    0.26345824    0.27684260    0.31571754    0.02447378    0.00000000    0.05002186    0.05200766    0.05413592    0.06323228    0.13732372    0.17367970    0.13515143    0.14041702    0.17834264    0.14083384
T3             0.13464894    0.21423049    0.22116118    0.27076978    0.21136076    0.26585891    0.23715572    0.24249580    0.23155386    0.24012890    0.25292340    0.28725639    0.04588704    0.05002186    0.00000000    0.02031502    0.02857357    0.05002186    0.12501518    0.16055255    0.11794537    0.12301183    0.15989869    0.12584483
T4             0.13421863    0.21919427    0.22908824    0.27582591    0.22201329    0.27105784    0.23923485    0.24460039    0.23362931    0.24219904    0.25798728    0.28686809    0.04783752    0.05200766    0.02031502    0.00000000    0.03271352    0.05419673    0.12241944    0.15769801    0.11997824    0.12501518    0.16192795    0.13030408
T21            0.13657507    0.21332332    0.22323941    0.27129539    0.22106614    0.26094617    0.23843258    0.24086957    0.22995346    0.23843258    0.25088538    0.28509646    0.04995064    0.05413592    0.02857357    0.03271352    0.00000000    0.05413592    0.12205736    0.15709011    0.11743235    0.12241944    0.15431719    0.12516552
T6             0.13699999    0.22255067    0.22379351    0.26939883    0.22201329    0.27417994    0.24818094    0.25360016    0.24249580    0.25119909    0.26419330    0.28294347    0.05905833    0.06323228    0.05002186    0.05419673    0.05413592    0.00000000    0.11997824    0.14989570    0.11780550    0.12285207    0.15969754    0.12815986
T8             0.13907124    0.22281676    0.23504572    0.27629328    0.23351187    0.27697535    0.25632537    0.25573470    0.23576057    0.24432561    0.25456915    0.30443679    0.13030408    0.13732372    0.12501518    0.12241944    0.12205736    0.11997824    0.00000000    0.04134147    0.11023243    0.11732355    0.15914483    0.12733807
T22            0.17249626    0.26145424    0.26456444    0.31044252    0.27030225    0.30565659    0.29374516    0.29293757    0.27174401    0.28085120    0.29219866    0.34146193    0.16637156    0.17367970    0.16055255    0.15769801    0.15709011    0.14989570    0.04134147    0.00000000    0.13951519    0.14696237    0.19379881    0.15508362
T16            0.12205736    0.21658689    0.22116118    0.25639277    0.21587980    0.25545536    0.23895719    0.24137037    0.22181139    0.23019510    0.23952271    0.26150951    0.13066895    0.13515143    0.11794537    0.11997824    0.11743235    0.11780550    0.11023243    0.13951519    0.00000000    0.01006776    0.13409137    0.10866917
T1             0.12682270    0.21919427    0.22908824    0.26537538    0.22429333    0.26426795    0.24758225    0.25000700    0.23019510    0.23868976    0.24818094    0.26733224    0.13593254    0.14041702    0.12301183    0.12501518    0.12241944    0.12285207    0.11732355    0.14696237    0.01006776    0.00000000    0.14144203    0.10881566
T14            0.17228552    0.26585891    0.27912484    0.29175551    0.26032731    0.29946871    0.29416607    0.28686809    0.27525541    0.28122997    0.29504202    0.31526516    0.17367970    0.17834264    0.15989869    0.16192795    0.15431719    0.15969754    0.15914483    0.19379881    0.13409137    0.14144203    0.00000000    0.15449627
T0             0.13480845    0.22309262    0.23237875    0.26305375    0.21618801    0.24973523    0.23685645    0.23628822    0.22491811    0.22181139    0.23098037    0.26426795    0.13637030    0.14083384    0.12584483    0.13030408    0.12516552    0.12815986    0.12733807    0.15508362    0.10866917    0.10881566    0.15449627    0.00000000

