24
T13            0.00000000    0.30490313    0.17230788    0.18534028    0.33406234    0.33406234    0.30371721    0.30371721    0.22401997    0.22401997    0.25734261    0.23485532    0.23584993    0.18830842    0.21246524    0.20653103    0.18855562    0.19131601    0.14004827    0.14515806    0.12585934    0.13248083    0.14753192    0.15771890
T4             0.30490313    0.00000000    0.23130262    0.24017402    0.42186673    0.42186673    0.39810393    0.40997482    0.35397613    0.34672520    0.37146113    0.35590302    0.34207259    0.33710961    0.36013478    0.35590302    0.33282052    0.33522911    0.34409101    0.34409101    0.34313905    0.32419158    0.33754750    0.34056886
T3             0.17230788    0.23130262    0.00000000    0.08310485    0.34181237    0.34181237    0.30768853    0.30088274    0.21277702    0.20986246    0.23731493    0.22345815    0.23587948    0.19053623    0.20986246    0.20951320    0.19085465    0.18247895    0.19635127    0.20194968    0.19213478    0.18036531    0.20732761    0.21561908
T6             0.18534028    0.24017402    0.08310485    0.00000000    0.32761921    0.32067189    0.30427398    0.30088274    0.20629253    0.21207059    0.23885198    0.23166457    0.22605997    0.18162068    0.20280940    0.20251362    0.18247895    0.16882588    0.20422974    0.20989176    0.19157994    0.18534028    0.20117323    0.20935386
T20            0.33406234    0.42186673    0.34181237    0.32761921    0.00000000    0.00401619    0.07187410    0.06961515    0.33203164    0.33203164    0.35635476    0.32716456    0.33905179    0.29340436    0.30242005    0.30201111    0.28813571    0.29381544    0.33754750    0.33754750    0.32262717    0.33314760    0.35019689    0.35685472
T1             0.33406234    0.42186673    0.34181237    0.32067189    0.00401619    0.00000000    0.06736643    0.06512784    0.32510934    0.32510934    0.34923532    0.32036126    0.33203164    0.28693248    0.29586301    0.29547578    0.28168442    0.28732225    0.33754750    0.33754750    0.32262717    0.33314760    0.35019689    0.35685472
T12            0.30371721    0.39810393    0.30768853    0.30427398    0.07187410    0.06736643    0.00000000    0.01415512    0.29842898    0.29842898    0.32168403    0.30039463    0.30849872    0.25532119    0.26387719    0.26351362    0.25956558    0.27136061    0.30371721    0.30371721    0.29604212    0.29626182    0.32607642    0.33253340
T14            0.30371721    0.40997482    0.30088274    0.30088274    0.06961515    0.06512784    0.01415512    0.00000000    0.29511726    0.29511726    0.32510934    0.30371721    0.30511941    0.25532119    0.26387719    0.26351362    0.25645070    0.26818612    0.31042979    0.31042979    0.30273285    0.30284073    0.33304763    0.33957861
T18            0.22401997    0.35397613    0.21277702    0.20629253    0.33203164    0.32510934    0.29842898    0.29511726    0.00000000    0.01827106    0.10374976    0.09464401    0.15730386    0.11986538    0.14411577    0.13895207    0.11273419    0.12982836    0.24187228    0.24796856    0.22205653    0.24262200    0.24686333    0.25878263
T7             0.22401997    0.34672520    0.20986246    0.21207059    0.33203164    0.32510934    0.29842898    0.29511726    0.01827106    0.00000000    0.10613889    0.09700486    0.15991910    0.12230114    0.14665082    0.14145514    0.11514049    0.13231913    0.24187228    0.24796856    0.22205653    0.24567961    0.25297800    0.26189738
T9             0.25734261    0.37146113    0.23731493    0.23885198    0.35635476    0.34923532    0.32168403    0.32510934    0.10374976    0.10613889    0.00000000    0.02234767    0.19539744    0.15115245    0.18182250    0.17138215    0.15129168    0.15899488    0.25804158    0.26425142    0.24920677    0.27371424    0.27253367    0.28410722
T0             0.23485532    0.35590302    0.22345815    0.23166457    0.32716456    0.32036126    0.30039463    0.30371721    0.09464401    0.09700486    0.02234767    0.00000000    0.18284838    0.13423068    0.16419754    0.15400049    0.13686341    0.14443034    0.23850138    0.25065683    0.23584993    0.25374276    0.25261111    0.26387719
T21            0.23584993    0.34207259    0.23587948    0.22605997    0.33905179    0.33203164    0.30849872    0.30511941    0.15730386    0.15991910    0.19539744    0.18284838    0.00000000    0.09411849    0.11024007    0.10322392    0.08725874    0.10362948    0.26354488    0.26354488    0.25854046    0.26039029    0.27914570    0.28851523
T23            0.18830842    0.33710961    0.19053623    0.18162068    0.29340436    0.28693248    0.25532119    0.25532119    0.11986538    0.12230114    0.15115245    0.13423068    0.09411849    0.00000000    0.03063154    0.02646299    0.04325621    0.07163292    0.21881597    0.22466136    0.20311437    0.21364977    0.23320828    0.24187228
T19            0.21246524    0.36013478    0.20986246    0.20280940    0.30242005    0.29586301    0.26387719    0.26387719    0.14411577    0.14665082    0.18182250    0.16419754    0.11024007    0.03063154    0.00000000    0.02031534    0.05825533    0.09188129    0.24418289    0.25027892    0.22795410    0.23584993    0.25916888    0.26189738
T15            0.20653103    0.35590302    0.20951320    0.20251362    0.30201111    0.29547578    0.26351362    0.26351362    0.13895207    0.14145514    0.17138215    0.15400049    0.10322392    0.02646299    0.02031534    0.00000000    0.05390243    0.08718470    0.23550844    0.24151247    0.22466136    0.23253342    0.25335522    0.26229350
T8             0.18855562    0.33282052    0.19085465    0.18247895    0.28813571    0.28168442    0.25956558    0.25645070    0.11273419    0.11514049    0.15129168    0.13686341    0.08725874    0.04325621    0.05825533    0.05390243    0.00000000    0.06945763    0.22205653    0.22795410    0.20629253    0.21108067    0.23356049    0.24224213
T11            0.19131601    0.33522911    0.18247895    0.16882588    0.29381544    0.28732225    0.27136061    0.26818612    0.12982836    0.13231913    0.15899488    0.14443034    0.10362948    0.07163292    0.09188129    0.08718470    0.06945763    0.00000000    0.20477273    0.21046743    0.20058091    0.20820853    0.21881597    0.22727573
T22            0.14004827    0.34409101    0.19635127    0.20422974    0.33754750    0.33754750    0.30371721    0.31042979    0.24187228    0.24187228    0.25804158    0.23850138    0.26354488    0.21881597    0.24418289    0.23550844    0.22205653    0.20477273    0.00000000    0.00806513    0.05221853    0.07834316    0.08742881    0.09430654
T2             0.14515806    0.34409101    0.20194968    0.20989176    0.33754750    0.33754750    0.30371721    0.31042979    0.24796856    0.24796856    0.26425142    0.25065683    0.26354488    0.22466136    0.25027892    0.24151247    0.22795410    0.21046743    0.00806513    0.00000000    0.05221853    0.08291276    0.09207313    0.09900571
T5             0.12585934    0.34313905    0.19213478    0.19157994    0.32262717    0.32262717    0.29604212    0.30273285    0.22205653    0.22205653    0.24920677    0.23584993    0.25854046    0.20311437    0.22795410    0.22466136    0.20629253    0.20058091    0.05221853    0.05221853    0.00000000    0.07652798    0.08101407    0.08785625
T16            0.13248083    0.32419158    0.18036531    0.18534028    0.33314760    0.33314760    0.29626182    0.30284073    0.24262200    0.24567961    0.27371424    0.25374276    0.26039029    0.21364977    0.23584993    0.23253342    0.21108067    0.20820853    0.07834316    0.08291276    0.07652798    0.00000000    0.08282753    0.08965142
T10            0.14753192    0.33754750    0.20732761    0.20117323    0.35019689    0.35019689    0.32607642    0.33304763    0.24686333    0.25297800    0.27253367    0.25261111    0.27914570    0.23320828    0.25916888    0.25335522    0.23356049    0.21881597    0.08742881    0.09207313    0.08101407    0.08282753    0.00000000    0.02239047
T17            0.15771890    0.34056886    0.21561908    0.20935386    0.35685472    0.35685472    0.33253340    0.33957861    0.25878263    0.26189738    0.28410722    0.26387719    0.28851523    0.24187228    0.26189738    0.26229350    0.24224213    0.22727573    0.09430654    0.09900571    0.08785625    0.08965142    0.02239047    0.00000000

