24
T15            0.00000000    0.26857387    0.26100781    0.29024267    0.28485256    0.28769585    0.29373510    0.30016608    0.29888147    0.30889346    0.29055060    0.30051710    0.29055060    0.35366760    0.36700831    0.38336717    0.29763284    0.30042698    0.28452538    0.27017218    0.27460842    0.27534126    0.29384533    0.33037164
T19            0.26857387    0.00000000    0.07396687    0.09688278    0.09441453    0.08734206    0.09870369    0.09870369    0.09621034    0.10786491    0.10578639    0.10115320    0.10105338    0.15841427    0.16329525    0.18102835    0.11514389    0.22785610    0.21380046    0.19794501    0.21403367    0.21687308    0.24255825    0.33753906
T23            0.26100781    0.07396687    0.00000000    0.04549966    0.08840305    0.08825644    0.09966599    0.09966599    0.09464743    0.10641808    0.10446839    0.09981952    0.09728211    0.14904668    0.15129689    0.17138871    0.11110207    0.22729560    0.21305528    0.21142036    0.21563576    0.21852514    0.23622384    0.33758544
T11            0.29024267    0.09688278    0.04549966    0.00000000    0.11877985    0.11369174    0.12550914    0.12550914    0.12026245    0.13499698    0.13302093    0.12818147    0.12550914    0.17745749    0.18242073    0.20071333    0.15012188    0.25534463    0.24051326    0.23587153    0.23425944    0.23721731    0.25534463    0.35949297
T21            0.28485256    0.09441453    0.08840305    0.11877985    0.00000000    0.08138563    0.09268477    0.09268477    0.09007490    0.12056372    0.11860075    0.11385858    0.10641808    0.17457679    0.17952885    0.19773064    0.14044260    0.25647714    0.24153498    0.23095182    0.25030334    0.25338064    0.27547315    0.34668772
T1             0.28769585    0.08734206    0.08825644    0.11369174    0.08138563    0.00000000    0.01414152    0.02656722    0.03493058    0.11310037    0.11110207    0.10641808    0.10868350    0.15102604    0.15841427    0.17341391    0.13015318    0.26232102    0.24724501    0.23059796    0.25608922    0.25919534    0.28150012    0.36414862
T9             0.29373510    0.09870369    0.09966599    0.12550914    0.09268477    0.01414152    0.00000000    0.03701589    0.04549966    0.12488860    0.12286959    0.11810936    0.12040920    0.16601286    0.17355314    0.18886633    0.13717802    0.27693882    0.26153726    0.24761438    0.26505934    0.26821475    0.29420742    0.36988384
T16            0.30016608    0.09870369    0.09966599    0.12550914    0.09268477    0.02656722    0.03701589    0.00000000    0.04549966    0.12243443    0.12286959    0.11323676    0.12040920    0.16861435    0.17355314    0.18886633    0.14734686    0.28665189    0.27097353    0.25376918    0.27693882    0.28015544    0.30327512    0.39238358
T2             0.29888147    0.09621034    0.09464743    0.12026245    0.09007490    0.03493058    0.04549966    0.04549966    0.00000000    0.12488860    0.12286959    0.11810936    0.11552470    0.17355314    0.18117043    0.19664249    0.14698519    0.28253033    0.26702699    0.24993471    0.26665253    0.26978771    0.28902648    0.37990894
T4             0.30889346    0.10786491    0.10641808    0.13499698    0.12056372    0.11310037    0.12488860    0.12243443    0.12488860    0.00000000    0.03070076    0.02653375    0.05207366    0.20304672    0.20818594    0.22712131    0.15972570    0.27333744    0.25806501    0.24051326    0.26079578    0.26390161    0.27572420    0.34792411
T6             0.29055060    0.10578639    0.10446839    0.13302093    0.11860075    0.11110207    0.12286959    0.12286959    0.12286959    0.03070076    0.00000000    0.02037498    0.04573417    0.19540804    0.20049121    0.21923943    0.15511259    0.27458641    0.25919534    0.24761438    0.27056747    0.27374292    0.28665189    0.36727342
T0             0.30051710    0.10115320    0.09981952    0.12818147    0.11385858    0.10641808    0.11810936    0.11323676    0.11810936    0.02653375    0.02037498    0.00000000    0.04146835    0.19563331    0.20071333    0.21947922    0.15271723    0.26863206    0.25338064    0.24189572    0.26466279    0.26780813    0.28059270    0.36781516
T5             0.29055060    0.10105338    0.09728211    0.12550914    0.10641808    0.10868350    0.12040920    0.12040920    0.11552470    0.05207366    0.04573417    0.04146835    0.00000000    0.19816872    0.20326721    0.21357699    0.14992196    0.26192386    0.24993471    0.23852298    0.26116122    0.26427687    0.28339303    0.35639426
T7             0.35366760    0.15841427    0.14904668    0.17745749    0.17457679    0.15102604    0.16601286    0.16861435    0.17355314    0.20304672    0.19540804    0.19563331    0.19816872    0.00000000    0.02854350    0.03902357    0.10314340    0.30783546    0.29837266    0.28375322    0.31115881    0.31115881    0.34211504    0.43346010
T12            0.36700831    0.16329525    0.15129689    0.18242073    0.17952885    0.15841427    0.17355314    0.17355314    0.18117043    0.20818594    0.20049121    0.20071333    0.20326721    0.02854350    0.00000000    0.03073677    0.11244403    0.31367839    0.29763284    0.28941666    0.32039227    0.32378359    0.34819470    0.44855880
T13            0.38336717    0.18102835    0.17138871    0.20071333    0.19773064    0.17341391    0.18886633    0.18886633    0.19664249    0.22712131    0.21923943    0.21947922    0.21357699    0.03902357    0.03073677    0.00000000    0.12410791    0.34012977    0.32591265    0.31075097    0.34270063    0.34270063    0.37150899    0.46260399
T22            0.29763284    0.11514389    0.11110207    0.15012188    0.14044260    0.13015318    0.13717802    0.14734686    0.14698519    0.15972570    0.15511259    0.15271723    0.14992196    0.10314340    0.11244403    0.12410791    0.00000000    0.27056747    0.25534463    0.24153498    0.26353702    0.26353702    0.28902648    0.35639426
T20            0.30042698    0.22785610    0.22729560    0.25534463    0.25647714    0.26232102    0.27693882    0.28665189    0.28253033    0.27333744    0.27458641    0.26863206    0.26192386    0.30783546    0.31367839    0.34012977    0.27056747    0.00000000    0.01623315    0.10176475    0.19186753    0.19465974    0.21175114    0.32562456
T17            0.28452538    0.21380046    0.21305528    0.24051326    0.24153498    0.24724501    0.26153726    0.27097353    0.26702699    0.25806501    0.25919534    0.25338064    0.24993471    0.29837266    0.29763284    0.32591265    0.25534463    0.01623315    0.00000000    0.09241932    0.17567316    0.17838161    0.19495026    0.31245453
T18            0.27017218    0.19794501    0.21142036    0.23587153    0.23095182    0.23059796    0.24761438    0.25376918    0.24993471    0.24051326    0.24761438    0.24189572    0.23852298    0.28375322    0.28941666    0.31075097    0.24153498    0.10176475    0.09241932    0.00000000    0.14024505    0.14280041    0.15841520    0.27182443
T8             0.27460842    0.21403367    0.21563576    0.23425944    0.25030334    0.25608922    0.26505934    0.27693882    0.26665253    0.26079578    0.27056747    0.26466279    0.26116122    0.31115881    0.32039227    0.34270063    0.26353702    0.19186753    0.17567316    0.14024505    0.00000000    0.00602419    0.03914894    0.28202063
T3             0.27534126    0.21687308    0.21852514    0.23721731    0.25338064    0.25919534    0.26821475    0.28015544    0.26978771    0.26390161    0.27374292    0.26780813    0.26427687    0.31115881    0.32378359    0.34270063    0.26353702    0.19465974    0.17838161    0.14280041    0.00602419    0.00000000    0.04129120    0.27888619
T14            0.29384533    0.24255825    0.23622384    0.25534463    0.27547315    0.28150012    0.29420742    0.30327512    0.28902648    0.27572420    0.28665189    0.28059270    0.28339303    0.34211504    0.34819470    0.37150899    0.28902648    0.21175114    0.19495026    0.15841520    0.03914894    0.04129120    0.00000000    0.30125478
T10            0.33037164    0.33753906    0.33758544    0.35949297    0.34668772    0.36414862    0.36988384    0.39238358    0.37990894    0.34792411    0.36727342    0.36781516    0.35639426    0.43346010    0.44855880    0.46260399    0.35639426    0.32562456    0.31245453    0.27182443    0.28202063    0.27888619    0.30125478    0.00000000

