24
T21            0.00000000    0.14695987    0.13449541    0.18379640    0.17317666    0.16417559    0.14409921    0.14663343    0.17474308    0.20247316    0.20023377    0.19519264    0.20847593    0.29027708    0.29027708    0.28842288    0.31391716    0.27905979    0.30551260    0.27123694    0.25407292    0.28372409    0.24790532    0.26895306
T1             0.14695987    0.00000000    0.04349716    0.09550429    0.08151048    0.09018663    0.07870710    0.08100743    0.20578521    0.22599030    0.21500657    0.21215282    0.22281091    0.30840036    0.30840036    0.30890045    0.33626883    0.30167052    0.32647207    0.29691754    0.27447794    0.31421054    0.28327921    0.30551260
T0             0.13449541    0.04349716    0.00000000    0.08854197    0.07470403    0.07622932    0.07196333    0.07423740    0.20368850    0.21189099    0.20957852    0.20674908    0.22308666    0.30551260    0.30551260    0.30601269    0.33328431    0.29880534    0.32006758    0.28417995    0.26852797    0.29788496    0.26770961    0.28935522
T11            0.18379640    0.09550429    0.08854197    0.00000000    0.02031497    0.12105139    0.10686877    0.10929827    0.24012188    0.24645802    0.24110657    0.23512457    0.24612163    0.33926555    0.33926555    0.33269869    0.34650978    0.33568262    0.35443580    0.34908884    0.31391716    0.34893117    0.31975229    0.34348691
T18            0.17317666    0.08151048    0.07470403    0.02031497    0.00000000    0.10655044    0.09267140    0.09503737    0.22570606    0.22308666    0.21787678    0.21215282    0.22281091    0.33626883    0.33626883    0.33328431    0.35081127    0.33269869    0.35872723    0.32440295    0.30078268    0.33510875    0.30652431    0.32972687
T16            0.16417559    0.09018663    0.07622932    0.12105139    0.10655044    0.00000000    0.06728546    0.06952872    0.22443281    0.23097414    0.23097414    0.22516708    0.24190578    0.32647207    0.32647207    0.32006758    0.35503830    0.32647207    0.34499091    0.29218730    0.28284533    0.32056755    0.27962205    0.30840036
T3             0.14409921    0.07870710    0.07196333    0.10686877    0.09267140    0.06728546    0.00000000    0.00200403    0.20814187    0.21398401    0.21447608    0.20322235    0.22516708    0.31081129    0.31081129    0.31129964    0.33867876    0.31081129    0.32894275    0.29595143    0.27683249    0.30167052    0.28004541    0.29218730
T13            0.14663343    0.08100743    0.07423740    0.10929827    0.09503737    0.06952872    0.00200403    0.00000000    0.20814187    0.21682132    0.21163869    0.20601200    0.22806214    0.31421054    0.31421054    0.31471060    0.34227458    0.31421054    0.33242497    0.29928262    0.28004541    0.30502406    0.28327921    0.29548531
T10            0.17474308    0.20578521    0.20368850    0.24012188    0.22570606    0.22443281    0.20814187    0.20814187    0.00000000    0.14458163    0.12981380    0.13670657    0.14634015    0.29458706    0.29458706    0.29595143    0.32402581    0.29218730    0.31664507    0.26656194    0.27323748    0.32750829    0.29264239    0.31179973
T5             0.20247316    0.22599030    0.21189099    0.24645802    0.22308666    0.23097414    0.21398401    0.21682132    0.14458163    0.00000000    0.03722503    0.10330594    0.11973946    0.35565375    0.35565375    0.35757783    0.36308699    0.33626883    0.36119672    0.31391716    0.30214766    0.34227458    0.29977129    0.31574617
T9             0.20023377    0.21500657    0.20957852    0.24110657    0.21787678    0.23097414    0.21447608    0.21163869    0.12981380    0.03722503    0.00000000    0.09411181    0.11033026    0.34227458    0.34227458    0.34411187    0.35322065    0.32676706    0.35137651    0.30470511    0.29310870    0.33269869    0.28745647    0.30652431
T14            0.19519264    0.21215282    0.20674908    0.23512457    0.21215282    0.22516708    0.20322235    0.20601200    0.13670657    0.10330594    0.09411181    0.00000000    0.02656618    0.33754253    0.33754253    0.33926555    0.34111241    0.31975229    0.35021139    0.30704745    0.28891101    0.31421054    0.27683249    0.29548531
T4             0.20847593    0.22281091    0.22308666    0.24612163    0.22281091    0.24190578    0.22516708    0.22806214    0.14634015    0.11973946    0.11033026    0.02656618    0.00000000    0.33593174    0.33593174    0.33399809    0.33946341    0.31814511    0.34856040    0.31920468    0.30075072    0.33699311    0.30167052    0.32107952
T8             0.29027708    0.30840036    0.30551260    0.33926555    0.33626883    0.32647207    0.31081129    0.31421054    0.29458706    0.35565375    0.34227458    0.33754253    0.33593174    0.00000000    0.00000000    0.02646263    0.06487844    0.04973227    0.07150386    0.29174346    0.30362789    0.31232882    0.28724612    0.30607486
T15            0.29027708    0.30840036    0.30551260    0.33926555    0.33626883    0.32647207    0.31081129    0.31421054    0.29458706    0.35565375    0.34227458    0.33754253    0.33593174    0.00000000    0.00000000    0.02646263    0.06487844    0.04973227    0.07150386    0.29174346    0.30362789    0.31232882    0.28724612    0.30607486
T2             0.28842288    0.30890045    0.30601269    0.33269869    0.33328431    0.32006758    0.31129964    0.31471060    0.29595143    0.35757783    0.34411187    0.33926555    0.33399809    0.02646263    0.02646263    0.00000000    0.06492942    0.04761153    0.06932472    0.28653418    0.29833944    0.31713315    0.28201062    0.30075072
T6             0.31391716    0.33626883    0.33328431    0.34650978    0.35081127    0.35503830    0.33867876    0.34227458    0.32402581    0.36308699    0.35322065    0.34111241    0.33946341    0.06487844    0.06487844    0.06492942    0.00000000    0.07622932    0.09888879    0.30840036    0.31033469    0.31232882    0.27766989    0.29618154
T12            0.27905979    0.30167052    0.29880534    0.33568262    0.33269869    0.32647207    0.31081129    0.31421054    0.29218730    0.33626883    0.32676706    0.31975229    0.31814511    0.04973227    0.04973227    0.04761153    0.07622932    0.00000000    0.06271616    0.27641953    0.28805613    0.31664507    0.28160983    0.29701031
T20            0.30551260    0.32647207    0.32006758    0.35443580    0.35872723    0.34499091    0.32894275    0.33242497    0.31664507    0.36119672    0.35137651    0.35021139    0.34856040    0.07150386    0.07150386    0.06932472    0.09888879    0.06271616    0.00000000    0.30120487    0.30651657    0.33492044    0.30233631    0.32158716
T23            0.27123694    0.29691754    0.28417995    0.34908884    0.32440295    0.29218730    0.29595143    0.29928262    0.26656194    0.31391716    0.30470511    0.30704745    0.31920468    0.29174346    0.29174346    0.28653418    0.30840036    0.27641953    0.30120487    0.00000000    0.18931473    0.25846519    0.21493399    0.24109809
T7             0.25407292    0.27447794    0.26852797    0.31391716    0.30078268    0.28284533    0.27683249    0.28004541    0.27323748    0.30214766    0.29310870    0.28891101    0.30075072    0.30362789    0.30362789    0.29833944    0.31033469    0.28805613    0.30651657    0.18931473    0.00000000    0.19154433    0.16296498    0.18959663
T22            0.28372409    0.31421054    0.29788496    0.34893117    0.33510875    0.32056755    0.30167052    0.30502406    0.32750829    0.34227458    0.33269869    0.31421054    0.33699311    0.31232882    0.31232882    0.31713315    0.31232882    0.31664507    0.33492044    0.25846519    0.19154433    0.00000000    0.06061577    0.07614588
T19            0.24790532    0.28327921    0.26770961    0.31975229    0.30652431    0.27962205    0.28004541    0.28327921    0.29264239    0.29977129    0.28745647    0.27683249    0.30167052    0.28724612    0.28724612    0.28201062    0.27766989    0.28160983    0.30233631    0.21493399    0.16296498    0.06061577    0.00000000    0.03285018
T17            0.26895306    0.30551260    0.28935522    0.34348691    0.32972687    0.30840036    0.29218730    0.29548531    0.31179973    0.31574617    0.30652431    0.29548531    0.32107952    0.30607486    0.30607486    0.30075072    0.29618154    0.29701031    0.32158716    0.24109809    0.18959663    0.07614588    0.03285018    0.00000000

