24
T12            0.00000000    0.28833489    0.29890799    0.30347110    0.33125632    0.35668729    0.33725593    0.32646478    0.33980501    0.33287658    0.36540117    0.30178617    0.35976986    0.36585821    0.31893212    0.31216772    0.31509001    0.34283664    0.35038146    0.34478936    0.32827505    0.34075661    0.32011172    0.32053494
T10            0.28833489    0.00000000    0.06067222    0.06537263    0.09697955    0.12139713    0.10146811    0.13243681    0.14490938    0.12978827    0.24741934    0.19096844    0.25086378    0.26681490    0.20749780    0.20749780    0.21868689    0.23176260    0.24034630    0.22650346    0.21549817    0.23271913    0.21521124    0.21263076
T0             0.29890799    0.06067222    0.00000000    0.08808904    0.11626614    0.13655726    0.12332445    0.15504005    0.15483747    0.15224550    0.26291497    0.21064735    0.25937480    0.27791488    0.22191883    0.22713547    0.23869433    0.24003061    0.25479872    0.24974341    0.24511675    0.25706166    0.23869433    0.23604511
T3             0.30347110    0.06537263    0.08808904    0.00000000    0.11398637    0.12159523    0.11121536    0.12761499    0.14254270    0.13243681    0.26018971    0.20808765    0.27014648    0.27588905    0.21932472    0.22519463    0.23676912    0.25626628    0.26210101    0.25086378    0.23340565    0.24511675    0.23905070    0.23640223
T2             0.33125632    0.09697955    0.11626614    0.11398637    0.00000000    0.08575185    0.08771817    0.16534215    0.17853367    0.16248024    0.27990601    0.22068508    0.28357650    0.30592026    0.24705526    0.24100771    0.25280424    0.25786890    0.27074223    0.26170962    0.25244168    0.26444681    0.24602356    0.24334277
T20            0.35668729    0.12139713    0.13655726    0.12159523    0.08575185    0.00000000    0.10684585    0.17961795    0.20109520    0.17879185    0.31484030    0.26969327    0.33550792    0.34448519    0.28875469    0.28545059    0.29827095    0.31608815    0.30974945    0.31484030    0.29107821    0.30398766    0.29059339    0.28777415
T11            0.33725593    0.10146811    0.12332445    0.11121536    0.08771817    0.10684585    0.00000000    0.16315012    0.18126018    0.16512020    0.28228522    0.22300949    0.28920511    0.30178617    0.24334277    0.23736772    0.24904725    0.26884833    0.26920572    0.26333756    0.25479872    0.26369677    0.24839189    0.24569992
T23            0.32646478    0.13243681    0.15504005    0.12761499    0.16534215    0.17961795    0.16315012    0.00000000    0.12978827    0.11995626    0.31847828    0.26170962    0.32248621    0.31647102    0.27391998    0.28033685    0.28638534    0.30392120    0.30347110    0.29579130    0.27948602    0.28551432    0.26957384    0.26681490
T22            0.33980501    0.14490938    0.15483747    0.14254270    0.17853367    0.20109520    0.18126018    0.12978827    0.00000000    0.02459642    0.31795874    0.26132864    0.33248302    0.32875832    0.29626487    0.29626487    0.30686288    0.32141124    0.32194278    0.31212824    0.31212824    0.32543152    0.30485592    0.30198094
T17            0.33287658    0.12978827    0.15224550    0.13243681    0.16248024    0.17879185    0.16512020    0.11995626    0.02459642    0.00000000    0.31452997    0.24602356    0.31847828    0.32187736    0.27669763    0.27669763    0.28683732    0.30104578    0.29487781    0.29864385    0.29203590    0.30485592    0.28509533    0.28228522
T21            0.36540117    0.24741934    0.26291497    0.26018971    0.27990601    0.31484030    0.28228522    0.31847828    0.31795874    0.31452997    0.00000000    0.06969114    0.16148426    0.16512020    0.11855338    0.11609536    0.13082797    0.15244132    0.16050312    0.13783325    0.14293781    0.15047230    0.14273626    0.14293781
T6             0.30178617    0.19096844    0.21064735    0.20808765    0.22068508    0.26969327    0.22300949    0.26170962    0.26132864    0.24602356    0.06969114    0.00000000    0.10427353    0.11511197    0.06519574    0.06074049    0.07186065    0.09186342    0.10134734    0.08298862    0.09227218    0.10398370    0.09215909    0.09697955
T7             0.35976986    0.25086378    0.25937480    0.27014648    0.28357650    0.33550792    0.28920511    0.32248621    0.33248302    0.31847828    0.16148426    0.10427353    0.00000000    0.13981792    0.06519574    0.07195411    0.08562660    0.10102956    0.10112804    0.08993504    0.13802965    0.14550981    0.12777817    0.13296393
T4             0.36585821    0.26681490    0.27791488    0.27588905    0.30592026    0.34448519    0.30178617    0.31647102    0.32875832    0.32187736    0.16512020    0.11511197    0.13981792    0.00000000    0.08273559    0.08732385    0.10123397    0.12425862    0.13642414    0.11500208    0.15686462    0.16713798    0.15411003    0.15946330
T14            0.31893212    0.20749780    0.22191883    0.21932472    0.24705526    0.28875469    0.24334277    0.27391998    0.29626487    0.27669763    0.11855338    0.06519574    0.06519574    0.08273559    0.00000000    0.02862841    0.04133819    0.06700104    0.07599301    0.05846433    0.09450170    0.10624300    0.09439036    0.09922018
T8             0.31216772    0.20749780    0.22713547    0.22519463    0.24100771    0.28545059    0.23736772    0.28033685    0.29626487    0.27669763    0.11609536    0.06074049    0.07195411    0.08732385    0.02862841    0.00000000    0.01623204    0.06479321    0.07374031    0.05626617    0.09922018    0.10624300    0.09439036    0.09922018
T15            0.31509001    0.21868689    0.23869433    0.23676912    0.25280424    0.29827095    0.24904725    0.28638534    0.30686288    0.28683732    0.13082797    0.07186065    0.08562660    0.10123397    0.04133819    0.01623204    0.00000000    0.08039241    0.08750661    0.06952137    0.11349214    0.12068034    0.10850972    0.11349214
T1             0.34283664    0.23176260    0.24003061    0.25626628    0.25786890    0.31608815    0.26884833    0.30392120    0.32141124    0.30104578    0.15244132    0.09186342    0.10102956    0.12425862    0.06700104    0.06479321    0.08039241    0.00000000    0.06262691    0.06037363    0.12964241    0.13697023    0.12458863    0.12964241
T19            0.35038146    0.24034630    0.25479872    0.26210101    0.27074223    0.30974945    0.26920572    0.30347110    0.32194278    0.29487781    0.16050312    0.10134734    0.10112804    0.13642414    0.07599301    0.07374031    0.08750661    0.06262691    0.00000000    0.06917921    0.13227684    0.13964687    0.12253156    0.12761499
T13            0.34478936    0.22650346    0.24974341    0.25086378    0.26170962    0.31484030    0.26333756    0.29579130    0.31212824    0.29864385    0.13783325    0.08298862    0.08993504    0.11500208    0.05846433    0.05626617    0.06952137    0.06037363    0.06917921    0.00000000    0.11792173    0.12513874    0.11293854    0.11792173
T5             0.32827505    0.21549817    0.24511675    0.23340565    0.25244168    0.29107821    0.25479872    0.27948602    0.31212824    0.29203590    0.14293781    0.09227218    0.13802965    0.15686462    0.09450170    0.09922018    0.11349214    0.12964241    0.13227684    0.11792173    0.00000000    0.03289472    0.03077584    0.03508004
T18            0.34075661    0.23271913    0.25706166    0.24511675    0.26444681    0.30398766    0.26369677    0.28551432    0.32543152    0.30485592    0.15047230    0.10398370    0.14550981    0.16713798    0.10624300    0.10624300    0.12068034    0.13697023    0.13964687    0.12513874    0.03289472    0.00000000    0.03497164    0.03930591
T9             0.32011172    0.21521124    0.23869433    0.23905070    0.24602356    0.29059339    0.24839189    0.26957384    0.30485592    0.28509533    0.14273626    0.09215909    0.12777817    0.15411003    0.09439036    0.09439036    0.10850972    0.12458863    0.12253156    0.11293854    0.03077584    0.03497164    0.00000000    0.00805155
T16            0.32053494    0.21263076    0.23604511    0.23640223    0.24334277    0.28777415    0.24569992    0.26681490    0.30198094    0.28228522    0.14293781    0.09697955    0.13296393    0.15946330    0.09922018    0.09922018    0.11349214    0.12964241    0.12761499    0.11792173    0.03508004    0.03930591    0.00805155    0.00000000

