24
T23            0.00000000    0.21883037    0.24687176    0.17748814    0.19566976    0.20866971    0.19544347    0.18745169    0.20064632    0.18336899    0.19163405    0.20033825    0.18969160    0.19190889    0.21083655    0.20257524    0.18940666    0.19722170    0.17647240    0.17867047    0.16161971    0.16179562    0.17570648    0.21691663
T16            0.21883037    0.00000000    0.03489308    0.12767876    0.14208428    0.13703696    0.12476724    0.12490327    0.28913014    0.26469723    0.29414412    0.29448751    0.28492576    0.27678920    0.30386189    0.30833989    0.29311943    0.30213160    0.27821344    0.27747892    0.25257036    0.25888865    0.28987967    0.33888688
T6             0.24687176    0.03489308    0.00000000    0.15493227    0.16989315    0.16460381    0.15178814    0.15196232    0.32049422    0.29162436    0.31556420    0.31593526    0.30605690    0.30096611    0.32900329    0.32686343    0.32478905    0.33421424    0.30919726    0.30173124    0.27646121    0.28310341    0.32137086    0.37266057
T10            0.17748814    0.12767876    0.15493227    0.00000000    0.01413424    0.07397209    0.08578713    0.08592160    0.24324711    0.23137157    0.24500334    0.24530218    0.23639646    0.22581648    0.24799868    0.26200038    0.25075420    0.26239945    0.23967513    0.23294645    0.21977407    0.22003469    0.24090529    0.29311943
T13            0.19566976    0.14208428    0.16989315    0.01413424    0.00000000    0.08734871    0.10177645    0.10192168    0.25709494    0.25101225    0.26500822    0.26533015    0.25615039    0.24530218    0.26809658    0.28261808    0.27105611    0.28304598    0.25967081    0.25270362    0.23319987    0.23346312    0.24929338    0.31125558
T9             0.20866971    0.13703696    0.16460381    0.07397209    0.08734871    0.00000000    0.11083062    0.11096929    0.27189847    0.26257446    0.28310341    0.28346303    0.27399127    0.25676940    0.27993625    0.28743523    0.27263670    0.28460995    0.26749016    0.25743114    0.25284377    0.25312789    0.27504589    0.32643273
T11            0.19544347    0.12476724    0.15178814    0.08578713    0.10177645    0.11083062    0.00000000    0.02031590    0.26290845    0.25676940    0.28987967    0.27189847    0.26877093    0.26016453    0.27784059    0.28220133    0.27064808    0.27939878    0.25000312    0.25000312    0.24770115    0.24799868    0.27939878    0.30423746
T14            0.18745169    0.12490327    0.15196232    0.08592160    0.10192168    0.11096929    0.02031590    0.00000000    0.25404426    0.23906645    0.27747892    0.25982942    0.25676940    0.24830670    0.25950505    0.26672682    0.25541436    0.26397517    0.23525555    0.24357812    0.23373656    0.23402015    0.26397517    0.28842681
T22            0.20064632    0.28913014    0.32049422    0.24324711    0.25709494    0.27189847    0.26290845    0.25404426    0.00000000    0.09689256    0.13218727    0.13234204    0.12490327    0.13703696    0.14922552    0.21147298    0.19248563    0.20382205    0.18224064    0.18167333    0.21857630    0.21888680    0.24233479    0.28028561
T5             0.18336899    0.26469723    0.29162436    0.23137157    0.25101225    0.26257446    0.25676940    0.23906645    0.09689256    0.00000000    0.12504723    0.12273178    0.11540272    0.12244829    0.13190191    0.18663614    0.17375487    0.18195260    0.16109756    0.16326720    0.19362635    0.19388177    0.21629853    0.25312789
T15            0.19163405    0.29414412    0.31556420    0.24500334    0.26500822    0.28310341    0.28987967    0.27747892    0.13218727    0.12504723    0.00000000    0.05207658    0.04555037    0.06062280    0.07608051    0.20797015    0.19470277    0.20033825    0.18719924    0.17841637    0.21225217    0.21252657    0.23261153    0.26777591
T0             0.20033825    0.29448751    0.31593526    0.24530218    0.26533015    0.28346303    0.27189847    0.25982942    0.13234204    0.12273178    0.05207658    0.00000000    0.02451075    0.06068530    0.07163875    0.20257524    0.19499461    0.20349654    0.17920492    0.17595307    0.20684366    0.20711114    0.23893872    0.26500822
T4             0.18969160    0.28492576    0.30605690    0.23639646    0.25615039    0.27399127    0.26877093    0.25676940    0.12490327    0.11540272    0.04555037    0.02451075    0.00000000    0.05627672    0.06716071    0.20257524    0.19499461    0.20636325    0.17920492    0.17056260    0.20684366    0.20711114    0.23294645    0.26500822
T21            0.19190889    0.27678920    0.30096611    0.22581648    0.24530218    0.25676940    0.26016453    0.24830670    0.13703696    0.12244829    0.06062280    0.06068530    0.05627672    0.00000000    0.02647230    0.21404164    0.20064632    0.21437310    0.19028829    0.17867047    0.20122520    0.20147655    0.22473784    0.24741413
T8             0.21083655    0.30386189    0.32900329    0.24799868    0.26809658    0.27993625    0.27784059    0.25950505    0.14922552    0.13190191    0.07608051    0.07163875    0.06716071    0.02647230    0.00000000    0.22768948    0.21695020    0.23101434    0.20349654    0.19163405    0.22030513    0.22058536    0.24463251    0.26777591
T2             0.20257524    0.30833989    0.32686343    0.26200038    0.28261808    0.28743523    0.28220133    0.26672682    0.21147298    0.18663614    0.20797015    0.20257524    0.20257524    0.21404164    0.22768948    0.00000000    0.03931418    0.04134564    0.03489308    0.09431738    0.21252657    0.21281055    0.24885861    0.26016453
T18            0.18940666    0.29311943    0.32478905    0.25075420    0.27105611    0.27263670    0.27064808    0.25541436    0.19248563    0.17375487    0.19470277    0.19499461    0.19499461    0.20064632    0.21695020    0.03931418    0.00000000    0.02242229    0.03716692    0.09701885    0.20200729    0.20228662    0.23780280    0.24593105
T17            0.19722170    0.30213160    0.33421424    0.26239945    0.28304598    0.28460995    0.27939878    0.26397517    0.20382205    0.18195260    0.20033825    0.20349654    0.20636325    0.21437310    0.23101434    0.04134564    0.02242229    0.00000000    0.03919847    0.09677368    0.21340710    0.21371964    0.24311009    0.24830670
T1             0.17647240    0.27821344    0.30919726    0.23967513    0.25967081    0.26749016    0.25000312    0.23525555    0.18224064    0.16109756    0.18719924    0.17920492    0.17920492    0.19028829    0.20349654    0.03489308    0.03716692    0.03919847    0.00000000    0.07415145    0.18336899    0.18362056    0.22095108    0.23790944
T12            0.17867047    0.27747892    0.30173124    0.23294645    0.25270362    0.25743114    0.25000312    0.24357812    0.18167333    0.16326720    0.17841637    0.17595307    0.17056260    0.17867047    0.19163405    0.09431738    0.09701885    0.09677368    0.07415145    0.00000000    0.18289262    0.18312633    0.20924665    0.23431387
T19            0.16161971    0.25257036    0.27646121    0.21977407    0.23319987    0.25284377    0.24770115    0.23373656    0.21857630    0.19362635    0.21225217    0.20684366    0.20684366    0.20122520    0.22030513    0.21252657    0.20200729    0.21340710    0.18336899    0.18289262    0.00000000    0.00805182    0.09180526    0.24121900
T7             0.16179562    0.25888865    0.28310341    0.22003469    0.23346312    0.25312789    0.24799868    0.23402015    0.21888680    0.19388177    0.21252657    0.20711114    0.20711114    0.20147655    0.22058536    0.21281055    0.20228662    0.21371964    0.18362056    0.18312633    0.00805182    0.00000000    0.09189071    0.23270404
T20            0.17570648    0.28987967    0.32137086    0.24090529    0.24929338    0.27504589    0.27939878    0.26397517    0.24233479    0.21629853    0.23261153    0.23893872    0.23294645    0.22473784    0.24463251    0.24885861    0.23780280    0.24311009    0.22095108    0.20924665    0.09180526    0.09189071    0.00000000    0.25070549
T3             0.21691663    0.33888688    0.37266057    0.29311943    0.31125558    0.32643273    0.30423746    0.28842681    0.28028561    0.25312789    0.26777591    0.26500822    0.26500822    0.24741413    0.26777591    0.26016453    0.24593105    0.24830670    0.23790944    0.23431387    0.24121900    0.23270404    0.25070549    0.00000000

