24
T22            0.00000000    0.25686240    0.24872732    0.34785886    0.29974782    0.29250566    0.30248538    0.30536063    0.40440224    0.18649330    0.17879842    0.18153265    0.16777987    0.17660648    0.23383200    0.23383200    0.23648888    0.10576129    0.10598827    0.09877634    0.10825852    0.09419135    0.10134934    0.10814308
T17            0.25686240    0.00000000    0.05425939    0.37743990    0.34127668    0.31649256    0.31555981    0.32285521    0.44940773    0.27992266    0.26800048    0.27756577    0.25049341    0.27614767    0.37345056    0.37345056    0.37168838    0.29853391    0.29361027    0.30061459    0.28996431    0.27441775    0.29161372    0.28637149
T2             0.24872732    0.05425939    0.00000000    0.36432417    0.32532878    0.30106516    0.30349076    0.31066099    0.42240388    0.26525374    0.25667280    0.25979145    0.23641398    0.25834580    0.35058784    0.35058784    0.34891199    0.27721116    0.26922093    0.27590510    0.26575478    0.25079609    0.26720947    0.25927687
T6             0.34785886    0.37743990    0.36432417    0.00000000    0.06714765    0.09439209    0.09652852    0.09663073    0.17491109    0.33981876    0.33381900    0.33628012    0.32040600    0.32437891    0.42883184    0.42883184    0.43903996    0.37800042    0.38294266    0.38483356    0.38613423    0.37541167    0.37848740    0.38038073
T3             0.29974782    0.34127668    0.32532878    0.06714765    0.00000000    0.05419228    0.05846499    0.05852834    0.14169962    0.30536063    0.29962144    0.30200057    0.28124800    0.29392718    0.39769267    0.39769267    0.39966078    0.34078179    0.34641392    0.34812695    0.34230443    0.33225860    0.34207448    0.34036397
T5             0.29250566    0.31649256    0.30106516    0.09439209    0.05419228    0.00000000    0.03073406    0.02656501    0.14530590    0.30507974    0.29936099    0.30850927    0.27988337    0.29032622    0.38101029    0.38101029    0.38675123    0.33328655    0.33906688    0.34088718    0.32786816    0.32491084    0.33490415    0.33906688
T1             0.30248538    0.31555981    0.30349076    0.09652852    0.05846499    0.03073406    0.00000000    0.02447276    0.14236119    0.31777401    0.31196254    0.31429672    0.28877303    0.28037897    0.39903089    0.39903089    0.40487141    0.34394070    0.34995395    0.35189467    0.33848479    0.33549003    0.35189467    0.34995395
T11            0.30536063    0.32285521    0.31066099    0.09663073    0.05852834    0.02656501    0.02447276    0.00000000    0.14510571    0.32186606    0.31602881    0.31835200    0.28927986    0.29314662    0.39972157    0.39972157    0.40554983    0.34697225    0.35300121    0.34755260    0.34149185    0.33848479    0.34885683    0.35300121
T4             0.40440224    0.44940773    0.42240388    0.17491109    0.14169962    0.14530590    0.14236119    0.14510571    0.00000000    0.39615158    0.38973141    0.39219154    0.35237873    0.38336640    0.53257944    0.53257944    0.53413712    0.44857262    0.45201026    0.45475889    0.44680677    0.43910606    0.45667270    0.45459754
T21            0.18649330    0.27992266    0.26525374    0.33981876    0.30536063    0.30507974    0.31777401    0.32186606    0.39615158    0.00000000    0.01415465    0.04139691    0.14058597    0.15962922    0.28272170    0.28272170    0.28793400    0.20363475    0.20185241    0.20495378    0.19324774    0.18799110    0.19148894    0.20413461
T9             0.17879842    0.26800048    0.25667280    0.33381900    0.29962144    0.29936099    0.31196254    0.31602881    0.38973141    0.01415465    0.00000000    0.03508032    0.13549408    0.15430630    0.27713443    0.27713443    0.28230210    0.19854385    0.19678767    0.19987547    0.18822664    0.18300279    0.18925781    0.20467151
T7             0.18153265    0.27756577    0.25979145    0.33628012    0.30200057    0.30850927    0.31429672    0.31835200    0.39219154    0.04139691    0.03508032    0.00000000    0.13549408    0.15166599    0.28685498    0.28685498    0.29205410    0.20133139    0.19959096    0.20270261    0.18549252    0.18572946    0.19764444    0.20750662
T19            0.16777987    0.25049341    0.23641398    0.32040600    0.28124800    0.27988337    0.28877303    0.28927986    0.35237873    0.14058597    0.13549408    0.13549408    0.00000000    0.07651226    0.26485238    0.26485238    0.26682984    0.18776450    0.18872448    0.19175888    0.18300279    0.17512740    0.18676552    0.19374026
T13            0.17660648    0.27614767    0.25834580    0.32437891    0.29392718    0.29032622    0.28037897    0.29314662    0.38336640    0.15962922    0.15430630    0.15166599    0.07651226    0.00000000    0.28779212    0.28779212    0.29296837    0.19678767    0.19512878    0.19826046    0.19203771    0.18126691    0.19543324    0.20872342
T12            0.23383200    0.37345056    0.35058784    0.42883184    0.39769267    0.38101029    0.39903089    0.39972157    0.53257944    0.28272170    0.27713443    0.28685498    0.26485238    0.28779212    0.00000000    0.00000000    0.01822294    0.26723817    0.26541778    0.27830762    0.26509149    0.25623454    0.26958910    0.28036901
T0             0.23383200    0.37345056    0.35058784    0.42883184    0.39769267    0.38101029    0.39903089    0.39972157    0.53257944    0.28272170    0.27713443    0.28685498    0.26485238    0.28779212    0.00000000    0.00000000    0.01822294    0.26723817    0.26541778    0.27830762    0.26509149    0.25623454    0.26958910    0.28036901
T8             0.23648888    0.37168838    0.34891199    0.43903996    0.39966078    0.38675123    0.40487141    0.40554983    0.53413712    0.28793400    0.28230210    0.29205410    0.26682984    0.29296837    0.01822294    0.01822294    0.00000000    0.27310531    0.27063093    0.28354698    0.27031798    0.26141963    0.27477326    0.28565759
T10            0.10576129    0.29853391    0.27721116    0.37800042    0.34078179    0.33328655    0.34394070    0.34697225    0.44857262    0.20363475    0.19854385    0.20133139    0.18776450    0.19678767    0.26723817    0.26723817    0.27310531    0.00000000    0.03701255    0.04554302    0.04330732    0.03063028    0.06727963    0.09195633
T14            0.10598827    0.29361027    0.26922093    0.38294266    0.34641392    0.33906688    0.34995395    0.35300121    0.45201026    0.20185241    0.19678767    0.19959096    0.18872448    0.19512878    0.26541778    0.26541778    0.27063093    0.03701255    0.00000000    0.03289495    0.03919228    0.02653193    0.06313077    0.08308858
T16            0.09877634    0.30061459    0.27590510    0.38483356    0.34812695    0.34088718    0.35189467    0.34755260    0.45475889    0.20495378    0.19987547    0.20270261    0.19175888    0.19826046    0.27830762    0.27830762    0.28354698    0.04554302    0.03289495    0.00000000    0.04776726    0.03492729    0.06752938    0.08761029
T20            0.10825852    0.28996431    0.26575478    0.38613423    0.34230443    0.32786816    0.33848479    0.34149185    0.44680677    0.19324774    0.18822664    0.18549252    0.18300279    0.19203771    0.26509149    0.26509149    0.27031798    0.04330732    0.03919228    0.04776726    0.00000000    0.02859742    0.06528162    0.08761029
T15            0.09419135    0.27441775    0.25079609    0.37541167    0.33225860    0.32491084    0.33549003    0.33848479    0.43910606    0.18799110    0.18300279    0.18572946    0.17512740    0.18126691    0.25623454    0.25623454    0.26141963    0.03063028    0.02653193    0.03492729    0.02859742    0.00000000    0.05206597    0.07169552
T18            0.10134934    0.29161372    0.26720947    0.37848740    0.34207448    0.33490415    0.35189467    0.34885683    0.45667270    0.19148894    0.18925781    0.19764444    0.18676552    0.19543324    0.26958910    0.26958910    0.27477326    0.06727963    0.06313077    0.06752938    0.06528162    0.05206597    0.00000000    0.08319431
T23            0.10814308    0.28637149    0.25927687    0.38038073    0.34036397    0.33906688    0.34995395    0.35300121    0.45459754    0.20413461    0.20467151    0.20750662    0.19374026    0.20872342    0.28036901    0.28036901    0.28565759    0.09195633    0.08308858    0.08761029    0.08761029    0.07169552    0.08319431    0.00000000

