24
T15            0.00000000    0.23455856    0.23103278    0.25638898    0.24494356    0.24494356    0.26356954    0.25999570    0.22576366    0.21738253    0.22785377    0.18721553    0.22448238    0.22735427    0.27239094    0.20561001    0.18285728    0.19082507    0.22448238    0.17498724    0.19465676    0.18632725    0.23586739    0.18558025
T10            0.23455856    0.00000000    0.04560350    0.05841554    0.05195419    0.06061943    0.14190007    0.14427377    0.18263369    0.17477686    0.18470999    0.16195374    0.24068284    0.24361377    0.29598775    0.23341020    0.20605688    0.20910989    0.27080137    0.20118350    0.21656234    0.21366450    0.27016723    0.22897264
T14            0.23103278    0.04560350    0.00000000    0.03274953    0.02234774    0.05633297    0.13466703    0.13701825    0.17498724    0.16721242    0.17972575    0.14174483    0.24903440    0.25200023    0.31149027    0.23874191    0.20840139    0.20862798    0.27952168    0.20071146    0.22174546    0.21883073    0.28533685    0.22839331
T13            0.25638898    0.05841554    0.03274953    0.00000000    0.01007304    0.06488196    0.15675020    0.15916843    0.19839967    0.19035965    0.20326539    0.16927482    0.27492572    0.27801105    0.32367914    0.26433137    0.23289674    0.23607101    0.30667750    0.23368216    0.24993027    0.24688160    0.30953542    0.25064288
T20            0.24494356    0.05195419    0.02234774    0.01007304    0.00000000    0.05836517    0.14427377    0.14665564    0.18784993    0.17993300    0.19266097    0.15916843    0.26324798    0.26627696    0.31772650    0.25278374    0.22185505    0.22496505    0.29440313    0.21972656    0.23552523    0.23254953    0.29711950    0.23929024
T3             0.24494356    0.06061943    0.05633297    0.06488196    0.05836517    0.00000000    0.14427377    0.14665564    0.18512707    0.17724692    0.18993078    0.15658029    0.26324798    0.26324798    0.30413587    0.24681598    0.22471872    0.22785377    0.28170547    0.21687095    0.23024989    0.23322572    0.29711950    0.24524078
T7             0.26356954    0.14190007    0.13466703    0.15675020    0.14427377    0.14427377    0.00000000    0.00602730    0.20376701    0.19555486    0.20567098    0.16857858    0.29383984    0.29711950    0.33063033    0.24824301    0.23254953    0.22696658    0.27611297    0.21883073    0.26219148    0.25901552    0.29136740    0.26314110
T17            0.25999570    0.14427377    0.13701825    0.15916843    0.14665564    0.14665564    0.00602730    0.00000000    0.20344315    0.19524650    0.20536642    0.16832952    0.29099433    0.29426327    0.32764553    0.24196839    0.22927717    0.22665113    0.27571932    0.21852185    0.26173157    0.25856581    0.29087563    0.25958776
T9             0.22576366    0.18263369    0.17498724    0.19839967    0.18784993    0.18512707    0.20376701    0.20344315    0.00000000    0.00602730    0.03485985    0.05868564    0.22140894    0.21857806    0.28453892    0.21379866    0.19586572    0.19610929    0.24764078    0.18558025    0.20567098    0.20282290    0.25608436    0.22142798
T22            0.21738253    0.17477686    0.16721242    0.19035965    0.17993300    0.17724692    0.19555486    0.19524650    0.00602730    0.00000000    0.02857419    0.05214319    0.21315815    0.21036701    0.27547640    0.20561001    0.18784993    0.19082507    0.23901094    0.17767342    0.19746462    0.19465676    0.24724054    0.21305212
T4             0.22785377    0.18470999    0.17972575    0.20326539    0.19266097    0.18993078    0.20567098    0.20536642    0.03485985    0.02857419    0.00000000    0.06290033    0.22403979    0.22120087    0.28994425    0.22162701    0.19519042    0.19816681    0.25278374    0.19035965    0.20478512    0.20196153    0.25570710    0.21478885
T16            0.18721553    0.16195374    0.14174483    0.16927482    0.15916843    0.15658029    0.16857858    0.16832952    0.05868564    0.05214319    0.06290033    0.00000000    0.20208653    0.19935678    0.25427040    0.19459889    0.17438258    0.17724692    0.22735427    0.16438555    0.18632725    0.18358152    0.24118023    0.19334087
T18            0.22448238    0.24068284    0.24903440    0.27492572    0.26324798    0.26324798    0.29383984    0.29099433    0.22140894    0.21315815    0.22403979    0.20208653    0.00000000    0.00200404    0.10162677    0.20759147    0.18702233    0.19540625    0.24735534    0.16892659    0.21563263    0.20478512    0.25498386    0.20910989
T2             0.22735427    0.24361377    0.25200023    0.27801105    0.26627696    0.26324798    0.29711950    0.29426327    0.21857806    0.21036701    0.22120087    0.19935678    0.00200404    0.00000000    0.10401620    0.21036701    0.18973012    0.19816681    0.25034833    0.17155565    0.21852185    0.20762487    0.25806067    0.21194125
T5             0.27239094    0.29598775    0.31149027    0.32367914    0.31772650    0.30413587    0.33063033    0.32764553    0.28453892    0.27547640    0.28994425    0.25427040    0.10162677    0.10401620    0.00000000    0.25772778    0.22954404    0.24142298    0.29762896    0.22162701    0.25094795    0.24554834    0.29226098    0.25608652
T8             0.20561001    0.23341020    0.23874191    0.26433137    0.25278374    0.24681598    0.24824301    0.24196839    0.21379866    0.20561001    0.22162701    0.19459889    0.20759147    0.21036701    0.25772778    0.00000000    0.10341380    0.10828630    0.16403034    0.09879748    0.15992638    0.15731076    0.20629460    0.15900027
T23            0.18285728    0.20605688    0.20840139    0.23289674    0.22185505    0.22471872    0.23254953    0.22927717    0.19586572    0.18784993    0.19519042    0.17438258    0.18702233    0.18973012    0.22954404    0.10341380    0.00000000    0.02239062    0.11273682    0.07632688    0.15315351    0.14536732    0.17543430    0.13283366
T6             0.19082507    0.20910989    0.20862798    0.23607101    0.22496505    0.22785377    0.22696658    0.22665113    0.19610929    0.19082507    0.19816681    0.17724692    0.19540625    0.19816681    0.24142298    0.10828630    0.02239062    0.00000000    0.12503104    0.08332798    0.15601465    0.14816675    0.18659408    0.14024356
T1             0.22448238    0.27080137    0.27952168    0.30667750    0.29440313    0.28170547    0.27611297    0.27571932    0.24764078    0.23901094    0.25278374    0.22735427    0.24735534    0.25034833    0.29762896    0.16403034    0.11273682    0.12503104    0.00000000    0.13937750    0.21852185    0.20990416    0.24888687    0.20679845
T11            0.17498724    0.20118350    0.20071146    0.23368216    0.21972656    0.21687095    0.21883073    0.21852185    0.18558025    0.17767342    0.19035965    0.16438555    0.16892659    0.17155565    0.22162701    0.09879748    0.07632688    0.08332798    0.13937750    0.00000000    0.14085992    0.13321323    0.16763351    0.12766088
T12            0.19465676    0.21656234    0.22174546    0.24993027    0.23552523    0.23024989    0.26219148    0.26173157    0.20567098    0.19746462    0.20478512    0.18632725    0.21563263    0.21852185    0.25094795    0.15992638    0.15315351    0.15601465    0.21852185    0.14085992    0.00000000    0.02242159    0.16763351    0.13517215
T0             0.18632725    0.21366450    0.21883073    0.24688160    0.23254953    0.23322572    0.25901552    0.25856581    0.20282290    0.19465676    0.20196153    0.18358152    0.20478512    0.20762487    0.24554834    0.15731076    0.14536732    0.14816675    0.20990416    0.13321323    0.02242159    0.00000000    0.15711546    0.12518217
T21            0.23586739    0.27016723    0.28533685    0.30953542    0.29711950    0.29711950    0.29136740    0.29087563    0.25608436    0.24724054    0.25570710    0.24118023    0.25498386    0.25806067    0.29226098    0.20629460    0.17543430    0.18659408    0.24888687    0.16763351    0.16763351    0.15711546    0.00000000    0.16965809
T19            0.18558025    0.22897264    0.22839331    0.25064288    0.23929024    0.24524078    0.26314110    0.25958776    0.22142798    0.21305212    0.21478885    0.19334087    0.20910989    0.21194125    0.25608652    0.15900027    0.13283366    0.14024356    0.20679845    0.12766088    0.13517215    0.12518217    0.16965809    0.00000000

