24
T22            0.00000000    0.43161692    0.42542892    0.41868273    0.41638790    0.42086905    0.38917130    0.40606506    0.33609430    0.32959868    0.37208838    0.38464911    0.36525535    0.38850129    0.33557842    0.32172639    0.33662278    0.36079082    0.33458454    0.17478054    0.14598268    0.14838249    0.06091008    0.07894442
T14            0.43161692    0.00000000    0.02656728    0.09197644    0.08531424    0.09477563    0.36329475    0.38850129    0.36449949    0.31291756    0.33665104    0.34110494    0.32676436    0.34820342    0.31630962    0.30867130    0.32468672    0.34568576    0.32662718    0.41860063    0.39751914    0.39300870    0.44996319    0.44378078
T1             0.42542892    0.02656728    0.00000000    0.08512529    0.08310786    0.09254917    0.36019566    0.38530399    0.36139928    0.31338559    0.33019091    0.34160786    0.32720555    0.34873203    0.31678937    0.30576899    0.32515332    0.34622726    0.32959868    0.40077227    0.37642188    0.37208838    0.43547486    0.42943464
T10            0.41868273    0.09197644    0.08512529    0.00000000    0.02028130    0.10375413    0.37096312    0.39624609    0.35849006    0.32468672    0.34881735    0.35331732    0.33878363    0.35331732    0.32127168    0.30784182    0.35074710    0.36271250    0.34110494    0.42126472    0.37991875    0.37569780    0.43503596    0.42937005
T20            0.41638790    0.08531424    0.08310786    0.02028130    0.00000000    0.09938175    0.36158832    0.38657661    0.35652821    0.31584191    0.33967340    0.34413877    0.32975038    0.34413877    0.31246150    0.29916554    0.34160786    0.35345561    0.33207899    0.42600030    0.38917199    0.38478019    0.43283806    0.42705759
T0             0.42086905    0.09477563    0.09254917    0.10375413    0.09938175    0.00000000    0.35849006    0.38720393    0.35345561    0.31630962    0.34568576    0.34568576    0.33808378    0.35652821    0.32072042    0.31877816    0.34568576    0.36019566    0.32909516    0.41860063    0.38217071    0.37783672    0.43071966    0.41694269
T12            0.38917130    0.36329475    0.36019566    0.37096312    0.36158832    0.35849006    0.00000000    0.03497581    0.12750565    0.09421169    0.13953685    0.13770426    0.12257267    0.12735606    0.12983481    0.12735606    0.15012362    0.17030235    0.13953685    0.37854045    0.34609199    0.34187217    0.39376871    0.38917130
T17            0.40606506    0.38850129    0.38530399    0.39624609    0.38657661    0.38720393    0.03497581    0.00000000    0.13466927    0.10105401    0.14460818    0.14241778    0.13466927    0.12708073    0.13953685    0.13232601    0.16235015    0.17253130    0.14681817    0.39273453    0.35342847    0.34912797    0.40024059    0.41005632
T11            0.33609430    0.36449949    0.36139928    0.35849006    0.35652821    0.35345561    0.12750565    0.13466927    0.00000000    0.05868623    0.13202572    0.12026345    0.11285143    0.11056578    0.12303145    0.11566807    0.13517487    0.15271906    0.12271778    0.34368564    0.31644412    0.31246500    0.33309830    0.34212362
T16            0.32959868    0.31291756    0.31338559    0.32468672    0.31584191    0.31630962    0.09421169    0.10105401    0.05868623    0.00000000    0.10806131    0.09665402    0.08956703    0.08275152    0.08521614    0.08062495    0.09900945    0.11310125    0.08504172    0.31009181    0.28430669    0.28059902    0.31047333    0.32959868
T18            0.37208838    0.33665104    0.33019091    0.34881735    0.33967340    0.34568576    0.13953685    0.14460818    0.13202572    0.10806131    0.00000000    0.04344289    0.03697933    0.06710089    0.13437246    0.12450701    0.13909003    0.16177310    0.13659282    0.35157007    0.32176421    0.31778495    0.37012930    0.36582442
T9             0.38464911    0.34110494    0.34160786    0.35331732    0.34413877    0.34568576    0.13770426    0.14241778    0.12026345    0.09665402    0.04344289    0.00000000    0.02245901    0.05627411    0.11768824    0.12012444    0.13717931    0.15471203    0.12475415    0.35279606    0.32525201    0.32123627    0.37895086    0.36700320
T19            0.36525535    0.32676436    0.32720555    0.33878363    0.32975038    0.33808378    0.12257267    0.13466927    0.11285143    0.08956703    0.03697933    0.02245901    0.00000000    0.04969675    0.11999326    0.11273810    0.12954707    0.14681817    0.12462660    0.33771747    0.31095351    0.30710412    0.36700320    0.36271250
T4             0.38850129    0.34820342    0.34873203    0.35331732    0.34413877    0.35652821    0.12735606    0.12708073    0.11056578    0.08275152    0.06710089    0.05627411    0.04969675    0.00000000    0.12012444    0.11285143    0.12968694    0.14190243    0.12230602    0.34912797    0.32876450    0.32471176    0.38278849    0.38082660
T21            0.33557842    0.31630962    0.31678937    0.32127168    0.31246150    0.32072042    0.12983481    0.13953685    0.12303145    0.08521614    0.13437246    0.11768824    0.11999326    0.12012444    0.00000000    0.03902367    0.08752776    0.09900945    0.08062495    0.31590464    0.28016157    0.27652877    0.33362670    0.33910270
T15            0.32172639    0.30867130    0.30576899    0.30784182    0.29916554    0.31877816    0.12735606    0.13232601    0.11566807    0.08062495    0.12450701    0.12012444    0.11273810    0.11285143    0.03902367    0.00000000    0.08062495    0.09197644    0.08047184    0.30228688    0.26741755    0.26390664    0.31972502    0.32515332
T13            0.33662278    0.32468672    0.32515332    0.35074710    0.34160786    0.34568576    0.15012362    0.16235015    0.13517487    0.09900945    0.13909003    0.13717931    0.12954707    0.12968694    0.08752776    0.08062495    0.00000000    0.04114746    0.09412110    0.31590464    0.28993908    0.28621064    0.32662718    0.32959868
T6             0.36079082    0.34568576    0.34622726    0.36271250    0.35345561    0.36019566    0.17030235    0.17253130    0.15271906    0.11310125    0.16177310    0.15471203    0.14681817    0.14190243    0.09900945    0.09197644    0.04114746    0.00000000    0.10806131    0.32636897    0.30667566    0.30277911    0.34431467    0.35345561
T23            0.33458454    0.32662718    0.32959868    0.34110494    0.33207899    0.32909516    0.13953685    0.14681817    0.12271778    0.08504172    0.13659282    0.12475415    0.12462660    0.12230602    0.08062495    0.08047184    0.09412110    0.10806131    0.00000000    0.31830075    0.29561563    0.29186622    0.34319357    0.35233283
T3             0.17478054    0.41860063    0.40077227    0.42126472    0.42600030    0.41860063    0.37854045    0.39273453    0.34368564    0.31009181    0.35157007    0.35279606    0.33771747    0.34912797    0.31590464    0.30228688    0.31590464    0.32636897    0.31830075    0.00000000    0.10352043    0.10341491    0.17813976    0.18832299
T7             0.14598268    0.39751914    0.37642188    0.37991875    0.38917199    0.38217071    0.34609199    0.35342847    0.31644412    0.28430669    0.32176421    0.32525201    0.31095351    0.32876450    0.28016157    0.26741755    0.28993908    0.30667566    0.29561563    0.10352043    0.00000000    0.00401108    0.15144648    0.16647691
T8             0.14838249    0.39300870    0.37208838    0.37569780    0.38478019    0.37783672    0.34187217    0.34912797    0.31246500    0.28059902    0.31778495    0.32123627    0.30710412    0.32471176    0.27652877    0.26390664    0.28621064    0.30277911    0.29186622    0.10341491    0.00401108    0.00000000    0.15385323    0.16631399
T5             0.06091008    0.44996319    0.43547486    0.43503596    0.43283806    0.43071966    0.39376871    0.40024059    0.33309830    0.31047333    0.37012930    0.37895086    0.36700320    0.38278849    0.33362670    0.31972502    0.32662718    0.34431467    0.34319357    0.17813976    0.15144648    0.15385323    0.00000000    0.05647231
T2             0.07894442    0.44378078    0.42943464    0.42937005    0.42705759    0.41694269    0.38917130    0.41005632    0.34212362    0.32959868    0.36582442    0.36700320    0.36271250    0.38082660    0.33910270    0.32515332    0.32959868    0.35345561    0.35233283    0.18832299    0.16647691    0.16631399    0.05647231    0.00000000

