24
T12            0.00000000    0.27674253    0.27674253    0.33332872    0.21754990    0.20901861    0.28275156    0.24104073    0.24138715    0.17583984    0.22538184    0.22249707    0.20724043    0.20389335    0.21754990    0.16471591    0.16228778    0.12240357    0.14423221    0.14202059    0.08511038    0.16293385    0.15265863    0.08809406
T14            0.27674253    0.00000000    0.00000000    0.09450649    0.20874118    0.20587270    0.24861054    0.32339033    0.30352374    0.32605541    0.35508304    0.36605353    0.35549022    0.34342795    0.35676413    0.29965783    0.28275156    0.27396439    0.29680492    0.28454278    0.31167993    0.39402490    0.38691217    0.31509879
T5             0.27674253    0.00000000    0.00000000    0.09450649    0.20874118    0.20587270    0.24861054    0.32339033    0.30352374    0.32605541    0.35508304    0.36605353    0.35549022    0.34342795    0.35676413    0.29965783    0.28275156    0.27396439    0.29680492    0.28454278    0.31167993    0.39402490    0.38691217    0.31509879
T1             0.33332872    0.09450649    0.09450649    0.00000000    0.23539181    0.23838047    0.28643467    0.37161026    0.36103445    0.37495498    0.42582614    0.42996890    0.42316207    0.40923315    0.42404345    0.35369113    0.33853186    0.32200768    0.35434045    0.34458312    0.36413192    0.45211983    0.44438894    0.36043441
T18            0.21754990    0.20874118    0.20874118    0.23539181    0.00000000    0.01415472    0.07387726    0.24842473    0.23739827    0.22331964    0.26204174    0.26511294    0.25755462    0.24482069    0.25929738    0.21468988    0.20364757    0.20927091    0.23242097    0.22422935    0.23065180    0.30931105    0.30308416    0.24908147
T19            0.20901861    0.20587270    0.20587270    0.23838047    0.01415472    0.00000000    0.08069777    0.25449270    0.24639116    0.23210144    0.26511294    0.26820318    0.26063546    0.24780912    0.25929738    0.21754990    0.20645131    0.21210655    0.22946773    0.22716525    0.22486557    0.29936176    0.29323309    0.24006155
T4             0.28275156    0.24861054    0.24861054    0.28643467    0.07387726    0.08069777    0.00000000    0.30931105    0.29405827    0.29253876    0.31054131    0.32059036    0.31360741    0.29936176    0.31514511    0.27315284    0.26099633    0.27038423    0.29631901    0.28735171    0.29691286    0.38043589    0.37350366    0.31118276
T20            0.24104073    0.32339033    0.32339033    0.37161026    0.24842473    0.25449270    0.30931105    0.00000000    0.11053991    0.29869744    0.33038687    0.33384086    0.29977879    0.29977879    0.31807991    0.26028511    0.25144948    0.26136768    0.29823424    0.28038416    0.28433510    0.35147922    0.34842253    0.29584434
T21            0.24138715    0.30352374    0.30352374    0.36103445    0.23739827    0.24639116    0.29405827    0.11053991    0.00000000    0.27481882    0.30887246    0.31222219    0.27593214    0.27833403    0.29038851    0.23771572    0.23804312    0.23506343    0.26723524    0.25321476    0.27516514    0.34591268    0.34288136    0.28735171
T6             0.17583984    0.32605541    0.32605541    0.37495498    0.22331964    0.23210144    0.29253876    0.29869744    0.27481882    0.00000000    0.15207005    0.14949760    0.12546947    0.11779000    0.12979692    0.09239741    0.08319689    0.17782809    0.20781301    0.19205215    0.20109744    0.28275156    0.27674253    0.20496916
T13            0.22538184    0.35508304    0.35508304    0.42582614    0.26204174    0.26511294    0.31054131    0.33038687    0.30887246    0.15207005    0.00000000    0.01420036    0.07423068    0.06728103    0.07841389    0.13185280    0.12704821    0.21135392    0.25112735    0.23975526    0.23570431    0.29895627    0.29608898    0.23092190
T8             0.22249707    0.36605353    0.36605353    0.42996890    0.26511294    0.26820318    0.32059036    0.33384086    0.31222219    0.14949760    0.01420036    0.00000000    0.07195714    0.06504826    0.07614041    0.12938234    0.12704821    0.20854235    0.24811177    0.23679338    0.23279441    0.29895627    0.29608898    0.22801190
T7             0.20724043    0.35549022    0.35549022    0.42316207    0.25755462    0.26063546    0.31360741    0.29977879    0.27593214    0.12546947    0.07423068    0.07195714    0.00000000    0.01617897    0.03066953    0.10123908    0.10851608    0.19855652    0.22946773    0.22131064    0.21962890    0.30352374    0.29734193    0.22361323
T0             0.20389335    0.34342795    0.34342795    0.40923315    0.24482069    0.24780912    0.29936176    0.29977879    0.27833403    0.11779000    0.06728103    0.06504826    0.01617897    0.00000000    0.01823248    0.09634862    0.10113295    0.18986066    0.22071156    0.21210655    0.20831846    0.29283755    0.28677223    0.21443088
T16            0.21754990    0.35676413    0.35676413    0.42404345    0.25929738    0.25929738    0.31514511    0.31807991    0.29038851    0.12979692    0.07841389    0.07614041    0.03066953    0.01823248    0.00000000    0.10793791    0.11282527    0.20318404    0.23474493    0.22593735    0.22199745    0.29856233    0.29245339    0.22828340
T2             0.16471591    0.29965783    0.29965783    0.35369113    0.21468988    0.21754990    0.27315284    0.26028511    0.23771572    0.09239741    0.13185280    0.12938234    0.10123908    0.09634862    0.10793791    0.00000000    0.04117069    0.16189923    0.18325287    0.18053310    0.17927746    0.26999390    0.26410602    0.18598756
T22            0.16228778    0.28275156    0.28275156    0.33853186    0.20364757    0.20645131    0.26099633    0.25144948    0.23804312    0.08319689    0.12704821    0.12704821    0.10851608    0.10113295    0.11282527    0.04117069    0.00000000    0.15947641    0.18848349    0.17806080    0.18214764    0.26099633    0.25518672    0.18350042
T17            0.12240357    0.27396439    0.27396439    0.32200768    0.20927091    0.21210655    0.27038423    0.26136768    0.23506343    0.17782809    0.21135392    0.20854235    0.19855652    0.18986066    0.20318404    0.16189923    0.15947641    0.00000000    0.04973029    0.04120295    0.13857821    0.21418144    0.21443088    0.14185894
T10            0.14423221    0.29680492    0.29680492    0.35434045    0.23242097    0.22946773    0.29631901    0.29823424    0.26723524    0.20781301    0.25112735    0.24811177    0.22946773    0.22071156    0.23474493    0.18325287    0.18848349    0.04973029    0.00000000    0.03272708    0.15111699    0.22224237    0.22249707    0.16171768
T3             0.14202059    0.28454278    0.28454278    0.34458312    0.22422935    0.22716525    0.28735171    0.28038416    0.25321476    0.19205215    0.23975526    0.23679338    0.22131064    0.21210655    0.22593735    0.18053310    0.17806080    0.04120295    0.03272708    0.00000000    0.14858388    0.21988506    0.22015091    0.15687716
T23            0.08511038    0.31167993    0.31167993    0.36413192    0.23065180    0.22486557    0.29691286    0.28433510    0.27516514    0.20109744    0.23570431    0.23279441    0.21962890    0.20831846    0.22199745    0.17927746    0.18214764    0.13857821    0.15111699    0.14858388    0.00000000    0.12175461    0.11703322    0.07819183
T15            0.16293385    0.39402490    0.39402490    0.45211983    0.30931105    0.29936176    0.38043589    0.35147922    0.34591268    0.28275156    0.29895627    0.29895627    0.30352374    0.29283755    0.29856233    0.26999390    0.26099633    0.21418144    0.22224237    0.21988506    0.12175461    0.00000000    0.00805158    0.14456030
T9             0.15265863    0.38691217    0.38691217    0.44438894    0.30308416    0.29323309    0.37350366    0.34842253    0.34288136    0.27674253    0.29608898    0.29608898    0.29734193    0.28677223    0.29245339    0.26410602    0.25518672    0.21443088    0.22249707    0.22015091    0.11703322    0.00805158    0.00000000    0.14473658
T11            0.08809406    0.31509879    0.31509879    0.36043441    0.24908147    0.24006155    0.31118276    0.29584434    0.28735171    0.20496916    0.23092190    0.22801190    0.22361323    0.21443088    0.22828340    0.18598756    0.18350042    0.14185894    0.16171768    0.15687716    0.07819183    0.14456030    0.14473658    0.00000000

