24
T6             0.00000000    0.26308232    0.25999958    0.25999958    0.27450155    0.30005169    0.32498387    0.31772547    0.30075909    0.31729867    0.27522813    0.29330465    0.29413347    0.29656918    0.28327163    0.28082345    0.25934885    0.26930567    0.39152614    0.28045652    0.25903945    0.25903945    0.24085278    0.25243669
T14            0.26308232    0.00000000    0.01007293    0.01010183    0.02442221    0.13749066    0.14002482    0.14276663    0.13532764    0.14040905    0.15886603    0.17967223    0.17203772    0.17148605    0.14791367    0.13299086    0.14040905    0.14296935    0.27848992    0.22135362    0.19883744    0.19883744    0.20190143    0.20727694
T20            0.25999958    0.01007293    0.00000000    0.01210973    0.02647132    0.14220679    0.14475386    0.14750577    0.14002482    0.14513218    0.16152910    0.18243115    0.17476646    0.17419984    0.15528658    0.14021293    0.14513218    0.15029250    0.28102604    0.22951313    0.19834749    0.19834749    0.20418242    0.20956836
T4             0.25999958    0.01010183    0.01210973    0.00000000    0.01822314    0.13246072    0.13496933    0.13262954    0.13029758    0.13532764    0.15621713    0.17692851    0.16394013    0.16878697    0.14533350    0.13047582    0.13786186    0.14040905    0.27538841    0.22427398    0.19053867    0.19053867    0.19353278    0.19883744
T19            0.27450155    0.02442221    0.02647132    0.01822314    0.00000000    0.14457690    0.14203636    0.14475386    0.13731703    0.14238533    0.16878697    0.18987689    0.18213786    0.18157727    0.15768848    0.14257195    0.15008588    0.15267943    0.28075079    0.23214723    0.19811637    0.19811637    0.20623924    0.21162920
T7             0.30005169    0.13749066    0.14220679    0.13246072    0.14457690    0.00000000    0.13246072    0.13731703    0.13496933    0.14475386    0.19992740    0.22199352    0.21973384    0.21907308    0.18508205    0.17741344    0.18803084    0.18803084    0.34043349    0.25150094    0.25117742    0.25117742    0.25327750    0.25903945
T18            0.32498387    0.14002482    0.14475386    0.13496933    0.14203636    0.13246072    0.00000000    0.08761926    0.08079665    0.08983805    0.21939873    0.24216540    0.23085908    0.22721158    0.19883744    0.18826779    0.19909621    0.19630672    0.32759786    0.25524302    0.26967618    0.26967618    0.26241252    0.26825895
T8             0.31772547    0.14276663    0.14750577    0.13262954    0.14475386    0.13731703    0.08761926    0.00000000    0.02665150    0.03502482    0.22267160    0.24559805    0.22823817    0.23050799    0.19077420    0.18577027    0.19656678    0.19431671    0.33476647    0.27044946    0.26379476    0.26379476    0.26583435    0.26549517
T17            0.30075909    0.13532764    0.14002482    0.13029758    0.13731703    0.13496933    0.08079665    0.02665150    0.00000000    0.01210973    0.20846384    0.22493120    0.21973384    0.21616968    0.18826779    0.17248582    0.18851371    0.18577027    0.33175490    0.26769094    0.25796268    0.25796268    0.25999958    0.25966890
T1             0.31729867    0.14040905    0.14513218    0.13532764    0.14238533    0.14475386    0.08983805    0.03502482    0.01210973    0.00000000    0.21714926    0.23988544    0.22859965    0.22493120    0.19656678    0.18056061    0.19683593    0.19404636    0.34208922    0.27639995    0.26034086    0.26034086    0.26930567    0.26894595
T3             0.27522813    0.15886603    0.16152910    0.15621713    0.16878697    0.19992740    0.21939873    0.22267160    0.20846384    0.21714926    0.00000000    0.02866725    0.02245772    0.02238986    0.10588271    0.10136078    0.09888677    0.10124677    0.28759401    0.22920106    0.21446618    0.21446618    0.22569477    0.23124396
T10            0.29330465    0.17967223    0.18243115    0.17692851    0.18987689    0.22199352    0.24216540    0.24559805    0.22493120    0.23988544    0.02866725    0.00000000    0.02242065    0.03914674    0.11997373    0.12024179    0.11766890    0.12010387    0.30585622    0.24983451    0.23448123    0.23448123    0.23713611    0.24278226
T16            0.29413347    0.17203772    0.17476646    0.16394013    0.18213786    0.21973384    0.23085908    0.22823817    0.21973384    0.22859965    0.02245772    0.02242065    0.00000000    0.03284989    0.11780082    0.11321764    0.11067081    0.11308225    0.30005169    0.24376248    0.22860639    0.22860639    0.23418132    0.23980096
T9             0.29656918    0.17148605    0.17419984    0.16878697    0.18157727    0.21907308    0.22721158    0.23050799    0.21616968    0.22493120    0.02238986    0.03914674    0.03284989    0.00000000    0.11754472    0.11295449    0.11043464    0.11283439    0.28984960    0.24309885    0.22805118    0.22805118    0.23654878    0.24217965
T23            0.28327163    0.14791367    0.15528658    0.14533350    0.15768848    0.18508205    0.19883744    0.19077420    0.18826779    0.19656678    0.10588271    0.11997373    0.11780082    0.11754472    0.00000000    0.04757143    0.08053657    0.09420006    0.27153260    0.21875693    0.20089017    0.20089017    0.20022942    0.20278622
T12            0.28082345    0.13299086    0.14021293    0.13047582    0.14257195    0.17741344    0.18826779    0.18577027    0.17248582    0.18056061    0.10136078    0.12024179    0.11321764    0.11295449    0.04757143    0.00000000    0.07614468    0.08742097    0.26898314    0.22104805    0.20321404    0.20321404    0.20577685    0.20834908
T2             0.25934885    0.14040905    0.14513218    0.13786186    0.15008588    0.18803084    0.19909621    0.19656678    0.18851371    0.19683593    0.09888677    0.11766890    0.11067081    0.11043464    0.08053657    0.07614468    0.00000000    0.09196494    0.27792462    0.20044031    0.18931667    0.18931667    0.17849524    0.18364387
T5             0.26930567    0.14296935    0.15029250    0.14040905    0.15267943    0.18803084    0.19630672    0.19431671    0.18577027    0.19404636    0.10124677    0.12010387    0.11308225    0.11283439    0.09420006    0.08742097    0.09196494    0.00000000    0.26924279    0.21731942    0.20299541    0.20299541    0.20321404    0.20857393
T13            0.39152614    0.27848992    0.28102604    0.27538841    0.28075079    0.34043349    0.32759786    0.33476647    0.33175490    0.34208922    0.28759401    0.30585622    0.30005169    0.28984960    0.27153260    0.26898314    0.27792462    0.26924279    0.00000000    0.37769626    0.36369665    0.36369665    0.35972726    0.36641111
T0             0.28045652    0.22135362    0.22951313    0.22427398    0.23214723    0.25150094    0.25524302    0.27044946    0.26769094    0.27639995    0.22920106    0.24983451    0.24376248    0.24309885    0.21875693    0.22104805    0.20044031    0.21731942    0.37769626    0.00000000    0.13047582    0.13047582    0.14695512    0.14934151
T22            0.25903945    0.19883744    0.19834749    0.19053867    0.19811637    0.25117742    0.26967618    0.26379476    0.25796268    0.26034086    0.21446618    0.23448123    0.22860639    0.22805118    0.20089017    0.20321404    0.18931667    0.20299541    0.36369665    0.13047582    0.00000000    0.00000000    0.12705958    0.13186498
T21            0.25903945    0.19883744    0.19834749    0.19053867    0.19811637    0.25117742    0.26967618    0.26379476    0.25796268    0.26034086    0.21446618    0.23448123    0.22860639    0.22805118    0.20089017    0.20321404    0.18931667    0.20299541    0.36369665    0.13047582    0.00000000    0.00000000    0.12705958    0.13186498
T15            0.24085278    0.20190143    0.20418242    0.19353278    0.20623924    0.25327750    0.26241252    0.26583435    0.25999958    0.26930567    0.22569477    0.23713611    0.23418132    0.23654878    0.20022942    0.20577685    0.17849524    0.20321404    0.35972726    0.14695512    0.12705958    0.12705958    0.00000000    0.00805164
T11            0.25243669    0.20727694    0.20956836    0.19883744    0.21162920    0.25903945    0.26825895    0.26549517    0.25966890    0.26894595    0.23124396    0.24278226    0.23980096    0.24217965    0.20278622    0.20834908    0.18364387    0.20857393    0.36641111    0.14934151    0.13186498    0.13186498    0.00805164    0.00000000

