24
T10            0.00000000    0.18178906    0.18466668    0.19747691    0.21162754    0.23042794    0.20930411    0.19964033    0.21499448    0.19883628    0.19009343    0.20880664    0.20623768    0.17187970    0.20813176    0.20065900    0.18882775    0.22114501    0.24785374    0.22427278    0.22657421    0.17416127    0.20088871    0.20392496
T18            0.18178906    0.00000000    0.00602725    0.08299745    0.09451369    0.13731654    0.09217027    0.13359154    0.16295743    0.12300576    0.12733219    0.14951456    0.14712987    0.12500940    0.13670221    0.12733219    0.12427390    0.14859664    0.29429025    0.25999726    0.27485678    0.19768026    0.23654667    0.23333941
T15            0.18466668    0.00602725    0.00000000    0.08290541    0.09699311    0.14002438    0.09463300    0.13126661    0.16054173    0.12070168    0.12500940    0.14712987    0.14475331    0.12269440    0.13434775    0.12500940    0.12194776    0.14620126    0.29787316    0.26343105    0.27839679    0.20065900    0.23979899    0.23654667
T22            0.19747691    0.08299745    0.08290541    0.00000000    0.11808748    0.14187338    0.10839437    0.14791330    0.17248496    0.13967213    0.14157317    0.16942423    0.16697738    0.13449101    0.14662830    0.13464231    0.12705894    0.16156223    0.30294355    0.26825620    0.28326859    0.22753341    0.26209091    0.26792882
T17            0.21162754    0.09451369    0.09699311    0.11808748    0.00000000    0.14493848    0.11123404    0.16662444    0.18903158    0.15790698    0.15968790    0.18576935    0.18328074    0.15768796    0.17516203    0.16538145    0.15397609    0.17988922    0.32320422    0.29413095    0.30649046    0.22490014    0.26859444    0.24998484
T4             0.23042794    0.13731654    0.14002438    0.14187338    0.14493848    0.00000000    0.07905562    0.18709441    0.20727580    0.17538841    0.17227451    0.21241222    0.20983935    0.18055976    0.19581272    0.18576935    0.17135317    0.21138504    0.34253084    0.31522558    0.33488934    0.26516401    0.29615816    0.28929612
T23            0.20930411    0.09217027    0.09463300    0.10839437    0.11123404    0.07905562    0.00000000    0.16718018    0.17858085    0.15573508    0.16273275    0.18903158    0.18653790    0.15029208    0.16230864    0.15267896    0.14409432    0.18258796    0.30479602    0.27878682    0.29413095    0.24247376    0.27244449    0.27839679
T8             0.19964033    0.13359154    0.13126661    0.14791330    0.16662444    0.18709441    0.16718018    0.00000000    0.07663162    0.05221458    0.06744488    0.09006156    0.08784626    0.08589708    0.16054173    0.15358200    0.12966280    0.15727488    0.30894972    0.27723381    0.28933075    0.22307380    0.25289697    0.25560542
T13            0.21499448    0.16295743    0.16054173    0.17248496    0.18903158    0.20727580    0.17858085    0.07663162    0.00000000    0.06061492    0.09653757    0.12010341    0.11780041    0.11824252    0.18055976    0.17341322    0.15113051    0.19031092    0.31647732    0.28440057    0.29656635    0.25086196    0.27560555    0.28158821
T12            0.19883628    0.12300576    0.12070168    0.13967213    0.15790698    0.17538841    0.15573508    0.05221458    0.06061492    0.00000000    0.06932368    0.09187282    0.08964314    0.08994609    0.15727488    0.15029208    0.12681747    0.15931144    0.30190517    0.27361885    0.28563292    0.22804919    0.24879704    0.26069067
T9             0.19009343    0.12733219    0.12500940    0.14157317    0.15968790    0.17227451    0.16273275    0.06744488    0.09653757    0.06932368    0.00000000    0.04977615    0.04765741    0.08742072    0.15397609    0.14695444    0.13130024    0.15609403    0.30619698    0.26825620    0.27694686    0.22419635    0.25117522    0.24189132
T20            0.20880664    0.14951456    0.14712987    0.16942423    0.18576935    0.21241222    0.18903158    0.09006156    0.12010341    0.09187282    0.04977615    0.00000000    0.00602725    0.10588234    0.17434385    0.16717364    0.15851922    0.18178906    0.32497760    0.29251830    0.30151012    0.25026674    0.27878682    0.26894350
T6             0.20623768    0.14712987    0.14475331    0.16697738    0.18328074    0.20983935    0.18653790    0.08784626    0.11780041    0.08964314    0.04765741    0.00602725    0.00000000    0.10361770    0.17187970    0.16473691    0.15609403    0.17929846    0.32200172    0.28967165    0.29863003    0.24161547    0.26967403    0.25999726
T7             0.17187970    0.12500940    0.12269440    0.13449101    0.15768796    0.18055976    0.15029208    0.08589708    0.11824252    0.08994609    0.08742072    0.10588234    0.10361770    0.00000000    0.15190745    0.14238484    0.11943972    0.14886921    0.28474759    0.25086196    0.25934623    0.21351993    0.24546398    0.24815784
T19            0.20813176    0.13670221    0.13434775    0.14662830    0.17516203    0.19581272    0.16230864    0.16054173    0.18055976    0.15727488    0.15397609    0.17434385    0.17187970    0.15190745    0.00000000    0.02029473    0.15100039    0.17398753    0.30692387    0.26825620    0.28645982    0.24700377    0.28326859    0.27415183
T1             0.20065900    0.12733219    0.12500940    0.13464231    0.16538145    0.18576935    0.15267896    0.15358200    0.17341322    0.15029208    0.14695444    0.16717364    0.16473691    0.14238484    0.02029473    0.00000000    0.14143536    0.16416912    0.29863003    0.26033868    0.27839679    0.23921395    0.27522570    0.26308000
T3             0.18882775    0.12427390    0.12194776    0.12705894    0.15397609    0.17135317    0.14409432    0.12966280    0.15113051    0.12681747    0.13130024    0.15851922    0.15609403    0.11943972    0.15100039    0.14143536    0.00000000    0.06498641    0.28984488    0.26119848    0.27287428    0.20445630    0.24084981    0.22907119
T5             0.22114501    0.14859664    0.14620126    0.16156223    0.17988922    0.21138504    0.18258796    0.15727488    0.19031092    0.15931144    0.15609403    0.18178906    0.17929846    0.14886921    0.17398753    0.16416912    0.06498641    0.00000000    0.31431859    0.29108899    0.30329029    0.21209901    0.24378685    0.24558714
T2             0.24785374    0.29429025    0.29787316    0.30294355    0.32320422    0.34253084    0.30479602    0.30894972    0.31647732    0.30190517    0.30619698    0.32497760    0.32200172    0.28474759    0.30692387    0.29863003    0.28984488    0.31431859    0.00000000    0.05190156    0.07395916    0.26308000    0.30164395    0.30452023
T0             0.22427278    0.25999726    0.26343105    0.26825620    0.29413095    0.31522558    0.27878682    0.27723381    0.28440057    0.27361885    0.26825620    0.29251830    0.28967165    0.25086196    0.26825620    0.26033868    0.26119848    0.29108899    0.05190156    0.00000000    0.03294971    0.23478950    0.27403188    0.26809260
T21            0.22657421    0.27485678    0.27839679    0.28326859    0.30649046    0.33488934    0.29413095    0.28933075    0.29656635    0.28563292    0.27694686    0.30151012    0.29863003    0.25934623    0.28645982    0.27839679    0.27287428    0.30329029    0.07395916    0.03294971    0.00000000    0.25524122    0.29592539    0.28978560
T14            0.17416127    0.19768026    0.20065900    0.22753341    0.22490014    0.26516401    0.24247376    0.22307380    0.25086196    0.22804919    0.22419635    0.25026674    0.24161547    0.21351993    0.24700377    0.23921395    0.20445630    0.21209901    0.26308000    0.23478950    0.25524122    0.00000000    0.06055998    0.07150277
T16            0.20088871    0.23654667    0.23979899    0.26209091    0.26859444    0.29615816    0.27244449    0.25289697    0.27560555    0.24879704    0.25117522    0.27878682    0.26967403    0.24546398    0.28326859    0.27522570    0.24084981    0.24378685    0.30164395    0.27403188    0.29592539    0.06055998    0.00000000    0.09653757
T11            0.20392496    0.23333941    0.23654667    0.26792882    0.24998484    0.28929612    0.27839679    0.25560542    0.28158821    0.26069067    0.24189132    0.26894350    0.25999726    0.24815784    0.27415183    0.26308000    0.22907119    0.24558714    0.30452023    0.26809260    0.28978560    0.07150277    0.09653757    0.00000000

