24
T8             0.00000000    0.37937049    0.34987476    0.23409168    0.21491897    0.22096258    0.27518441    0.22096258    0.21465150    0.21180925    0.21180925    0.21382168    0.22679665    0.21739764    0.20614836    0.21448054    0.26374158    0.20935907    0.30958397    0.24587146    0.22849376    0.22813519    0.26604457    0.27105168
T10            0.37937049    0.00000000    0.03492665    0.34085113    0.30723519    0.30770715    0.37097830    0.30530456    0.30101290    0.31351417    0.31351417    0.27708931    0.28548502    0.29908274    0.29291670    0.29245504    0.34690024    0.28774042    0.36718638    0.32538896    0.32085248    0.31351417    0.37398090    0.36523495
T17            0.34987476    0.03492665    0.00000000    0.32279546    0.29113686    0.28184919    0.34925463    0.27945789    0.27547539    0.28748129    0.28748129    0.27112533    0.27945789    0.27348276    0.26755869    0.26716932    0.31936801    0.26878999    0.33485162    0.29529645    0.29113686    0.28748129    0.34526723    0.33674548
T7             0.23409168    0.34085113    0.32279546    0.00000000    0.04756859    0.11270403    0.16449678    0.12214491    0.12174530    0.12416127    0.12416127    0.11281559    0.13197571    0.20593882    0.20337830    0.20593882    0.26538145    0.18983309    0.27437854    0.21108805    0.20272779    0.19704812    0.22435159    0.24180371
T14            0.21491897    0.30723519    0.29113686    0.04756859    0.00000000    0.08481910    0.14200399    0.09170098    0.08918585    0.09146926    0.09146926    0.08045563    0.09867905    0.17943991    0.17429982    0.17677226    0.23646064    0.16395924    0.24208728    0.18140122    0.17348288    0.16581349    0.20786823    0.21674036
T4             0.22096258    0.30770715    0.28184919    0.11270403    0.08481910    0.00000000    0.12036284    0.07380256    0.07593008    0.07368260    0.07368260    0.06296179    0.08519436    0.16712931    0.16206737    0.16449678    0.21807092    0.15482940    0.22648606    0.15635519    0.16152484    0.15877619    0.18963557    0.19828506
T2             0.27518441    0.37097830    0.34925463    0.16449678    0.14200399    0.12036284    0.00000000    0.06752670    0.11281559    0.11522578    0.11522578    0.11136918    0.12777245    0.22450390    0.21898340    0.22157832    0.27431227    0.20044734    0.26836904    0.20106405    0.20385861    0.20641619    0.23380415    0.24936879
T9             0.22096258    0.30530456    0.27945789    0.12214491    0.09170098    0.07380256    0.06752670    0.00000000    0.07818773    0.08045563    0.08045563    0.06968935    0.09215633    0.16712931    0.16206737    0.16449678    0.22096258    0.13728539    0.21548229    0.15893332    0.15379030    0.15110113    0.18693185    0.19828506
T11            0.21465150    0.30101290    0.27547539    0.12174530    0.08918585    0.07593008    0.11281559    0.07818773    0.00000000    0.01823227    0.01823227    0.06282244    0.08273388    0.15635519    0.15138428    0.15379030    0.20059932    0.13696467    0.21724389    0.15097216    0.14844622    0.14582517    0.17596472    0.18156792
T13            0.21180925    0.31351417    0.28748129    0.12416127    0.09146926    0.07368260    0.11522578    0.08045563    0.01823227    0.00000000    0.00000000    0.06504495    0.08502258    0.15893332    0.15394261    0.15635519    0.20337830    0.13947797    0.22299389    0.15606271    0.15351095    0.15085163    0.18390401    0.18963557
T23            0.21180925    0.31351417    0.28748129    0.12416127    0.09146926    0.07368260    0.11522578    0.08045563    0.01823227    0.00000000    0.00000000    0.06504495    0.08502258    0.15893332    0.15394261    0.15635519    0.20337830    0.13947797    0.22299389    0.15606271    0.15351095    0.15085163    0.18390401    0.18963557
T6             0.21382168    0.27708931    0.27112533    0.11281559    0.08045563    0.06296179    0.11136918    0.06968935    0.06282244    0.06504495    0.06504495    0.00000000    0.03485696    0.14984841    0.14490217    0.14727685    0.20522103    0.13529368    0.21350616    0.14984841    0.14692067    0.14421599    0.17448960    0.17757735
T18            0.22679665    0.28548502    0.27945789    0.13197571    0.09867905    0.08519436    0.12777245    0.09215633    0.08273388    0.08502258    0.08502258    0.03485696    0.00000000    0.16712931    0.16469299    0.16712931    0.22679665    0.15223783    0.23006838    0.17468812    0.16674858    0.16395924    0.19235402    0.19828506
T1             0.21739764    0.29908274    0.27348276    0.20593882    0.17943991    0.16712931    0.22450390    0.16712931    0.15635519    0.15893332    0.15893332    0.14984841    0.16712931    0.00000000    0.00805152    0.01007280    0.08078563    0.12314484    0.21639788    0.15723375    0.15205058    0.15187158    0.18752944    0.18571094
T12            0.20614836    0.29291670    0.26755869    0.20337830    0.17429982    0.16206737    0.21898340    0.16206737    0.15138428    0.15394261    0.15394261    0.14490217    0.16469299    0.00805152    0.00000000    0.00602720    0.07630836    0.12084252    0.21382168    0.15482940    0.14965963    0.14947904    0.18232437    0.18050428
T22            0.21448054    0.29245504    0.26716932    0.20593882    0.17677226    0.16449678    0.22157832    0.16449678    0.15379030    0.15635519    0.15635519    0.14727685    0.16712931    0.01007280    0.00602720    0.00000000    0.07849691    0.12314484    0.21639788    0.15723375    0.14727685    0.14709469    0.18481834    0.18298499
T20            0.26374158    0.34690024    0.31936801    0.26538145    0.23646064    0.21807092    0.27431227    0.22096258    0.20059932    0.20337830    0.20337830    0.20522103    0.22679665    0.08078563    0.07630836    0.07849691    0.00000000    0.17091213    0.26562323    0.20464848    0.20464848    0.19877109    0.23115759    0.22942020
T21            0.20935907    0.28774042    0.26878999    0.18983309    0.16395924    0.15482940    0.20044734    0.13728539    0.13696467    0.13947797    0.13947797    0.13529368    0.15223783    0.12314484    0.12084252    0.12314484    0.17091213    0.00000000    0.19762105    0.15546070    0.13999017    0.13981143    0.17222765    0.17311414
T0             0.30958397    0.36718638    0.33485162    0.27437854    0.24208728    0.22648606    0.26836904    0.21548229    0.21724389    0.22299389    0.22299389    0.21350616    0.23006838    0.21639788    0.21382168    0.21639788    0.26562323    0.19762105    0.00000000    0.16226512    0.15668146    0.16169720    0.22507865    0.23205344
T19            0.24587146    0.32538896    0.29529645    0.21108805    0.18140122    0.15635519    0.20106405    0.15893332    0.15097216    0.15606271    0.15606271    0.14984841    0.17468812    0.15723375    0.15482940    0.15723375    0.20464848    0.15546070    0.16226512    0.00000000    0.05407688    0.05840689    0.16079139    0.16919666
T3             0.22849376    0.32085248    0.29113686    0.20272779    0.17348288    0.16152484    0.20385861    0.15379030    0.14844622    0.15351095    0.15351095    0.14692067    0.16674858    0.15205058    0.14965963    0.14727685    0.20464848    0.13999017    0.15668146    0.05407688    0.00000000    0.02447242    0.15063603    0.16395924
T15            0.22813519    0.31351417    0.28748129    0.19704812    0.16581349    0.15877619    0.20641619    0.15110113    0.14582517    0.15085163    0.15085163    0.14421599    0.16395924    0.15187158    0.14947904    0.14709469    0.19877109    0.13981143    0.16169720    0.05840689    0.02447242    0.00000000    0.15558012    0.16379719
T5             0.26604457    0.37398090    0.34526723    0.22435159    0.20786823    0.18963557    0.23380415    0.18693185    0.17596472    0.18390401    0.18390401    0.17448960    0.19235402    0.18752944    0.18232437    0.18481834    0.23115759    0.17222765    0.22507865    0.16079139    0.15063603    0.15558012    0.00000000    0.03488858
T16            0.27105168    0.36523495    0.33674548    0.24180371    0.21674036    0.19828506    0.24936879    0.19828506    0.18156792    0.18963557    0.18963557    0.17757735    0.19828506    0.18571094    0.18050428    0.18298499    0.22942020    0.17311414    0.23205344    0.16919666    0.16395924    0.16379719    0.03488858    0.00000000

