24
T12            0.00000000    0.25569953    0.24904205    0.24517716    0.26111935    0.25672463    0.26977055    0.27767405    0.25840438    0.27946664    0.30113219    0.27484897    0.28559135    0.31364346    0.24785437    0.23806298    0.24339545    0.27762642    0.28602331    0.24944684    0.24824021    0.25132222    0.24213283    0.25483863
T10            0.25569953    0.00000000    0.08551543    0.08069977    0.12283899    0.14456687    0.13714246    0.14316845    0.13298125    0.14256143    0.27899047    0.24636633    0.26846806    0.29587842    0.24063729    0.22633001    0.23456684    0.23682654    0.24785437    0.22785756    0.21198161    0.22076655    0.21782099    0.22113861
T0             0.24904205    0.08551543    0.00000000    0.08520237    0.11079436    0.13683593    0.12980210    0.12814412    0.12779310    0.13262058    0.26658001    0.22856947    0.25633034    0.27441547    0.22005056    0.20620989    0.22005056    0.22230033    0.23910699    0.21356712    0.19516000    0.19516000    0.18956645    0.19829417
T3             0.24517716    0.08069977    0.08520237    0.00000000    0.11512172    0.13656172    0.12681152    0.12747328    0.12254377    0.13199406    0.28411108    0.23609942    0.24944684    0.27595871    0.21937222    0.20273424    0.21068975    0.21583764    0.23541161    0.21296033    0.19681567    0.19962018    0.19681567    0.20557881
T2             0.26111935    0.12283899    0.11079436    0.11512172    0.00000000    0.07387876    0.07850412    0.14237514    0.13479330    0.14439837    0.27955991    0.24106140    0.27168206    0.31073317    0.24443434    0.23013821    0.24443434    0.24675737    0.25792855    0.23180937    0.21873167    0.21873167    0.21583764    0.23082931
T20            0.25672463    0.14456687    0.13683593    0.13656172    0.07387876    0.00000000    0.09888235    0.15172556    0.15172556    0.15895881    0.29041648    0.24244753    0.28570551    0.31517802    0.24641196    0.23445401    0.24876807    0.25723484    0.26237955    0.23040597    0.21784212    0.22072767    0.21784212    0.22393394
T11            0.26977055    0.13714246    0.12980210    0.12681152    0.07850412    0.09888235    0.00000000    0.15967621    0.14677808    0.15653934    0.27240904    0.23806298    0.28679825    0.31998549    0.24675737    0.23840106    0.25286448    0.26451246    0.26339826    0.24306934    0.22980723    0.22686193    0.22980723    0.24213283
T23            0.27767405    0.14316845    0.12814412    0.12747328    0.14237514    0.15172556    0.15967621    0.00000000    0.09949704    0.10654100    0.30305678    0.24517716    0.28235973    0.31222803    0.24250988    0.23118939    0.24250988    0.25401836    0.25904738    0.23277004    0.19962018    0.19681567    0.19738008    0.21131716
T22            0.25840438    0.13298125    0.12779310    0.12254377    0.13479330    0.15172556    0.14677808    0.09949704    0.00000000    0.02442197    0.27677092    0.24213283    0.27278878    0.30783449    0.23645807    0.22230033    0.23047891    0.24785437    0.24072424    0.21525186    0.20812969    0.20812969    0.20588978    0.22005056
T17            0.27946664    0.14256143    0.13262058    0.13199406    0.14439837    0.15895881    0.15653934    0.10654100    0.02442197    0.00000000    0.29496076    0.25323888    0.28116159    0.30735940    0.24747860    0.23310989    0.24747860    0.25286448    0.24275336    0.22016575    0.21296033    0.21296033    0.21068975    0.22490343
T21            0.30113219    0.27899047    0.26658001    0.28411108    0.27955991    0.29041648    0.27240904    0.30305678    0.27677092    0.29496076    0.00000000    0.12086267    0.18849567    0.20244056    0.15595811    0.15071733    0.16341731    0.16877063    0.17120637    0.14256143    0.15789407    0.15527377    0.16008549    0.16559898
T6             0.27484897    0.24636633    0.22856947    0.23609942    0.24106140    0.24244753    0.23806298    0.24517716    0.24213283    0.25323888    0.12086267    0.00000000    0.15007417    0.15266719    0.09964198    0.10203585    0.11382764    0.12621404    0.12316516    0.09227988    0.11122750    0.11122750    0.11335408    0.12333978
T7             0.28559135    0.26846806    0.25633034    0.24944684    0.27168206    0.28570551    0.28679825    0.28235973    0.27278878    0.28116159    0.18849567    0.15007417    0.00000000    0.16736554    0.10880459    0.10160576    0.11335408    0.13065239    0.13766239    0.10135589    0.14749459    0.15007417    0.14968621    0.14987610
T4             0.31364346    0.29587842    0.27441547    0.27595871    0.31073317    0.31517802    0.31998549    0.31222803    0.30783449    0.30735940    0.20244056    0.15266719    0.16736554    0.00000000    0.06932195    0.08520237    0.08732941    0.13317335    0.14790175    0.11335408    0.15485871    0.16008549    0.16229640    0.15987666
T14            0.24785437    0.24063729    0.22005056    0.21937222    0.24443434    0.24641196    0.24675737    0.24250988    0.23645807    0.24747860    0.15595811    0.09964198    0.10880459    0.06932195    0.00000000    0.03082536    0.04139844    0.08150366    0.09280617    0.05876199    0.09725956    0.09964198    0.10174178    0.09949704
T8             0.23806298    0.22633001    0.20620989    0.20273424    0.23013821    0.23445401    0.23840106    0.23118939    0.22230033    0.23310989    0.15071733    0.10203585    0.10160576    0.08520237    0.03082536    0.00000000    0.02242034    0.08383599    0.08343296    0.05654390    0.09252863    0.09488848    0.09698836    0.09475489
T15            0.24339545    0.23456684    0.22005056    0.21068975    0.24443434    0.24876807    0.25286448    0.24250988    0.23047891    0.24747860    0.16341731    0.11382764    0.11335408    0.08732941    0.04139844    0.02242034    0.00000000    0.09533248    0.09488848    0.06753304    0.10413561    0.10654100    0.10865859    0.10639340
T1             0.27762642    0.23682654    0.22230033    0.21583764    0.24675737    0.25723484    0.26451246    0.25401836    0.24785437    0.25286448    0.16877063    0.12621404    0.13065239    0.13317335    0.08150366    0.08383599    0.09533248    0.00000000    0.06558192    0.04588427    0.12122246    0.12371200    0.12582927    0.12852614
T19            0.28602331    0.24785437    0.23910699    0.23541161    0.25792855    0.26237955    0.26339826    0.25904738    0.24072424    0.24275336    0.17120637    0.12316516    0.13766239    0.14790175    0.09280617    0.08343296    0.09488848    0.06558192    0.00000000    0.05221296    0.12814412    0.13065239    0.13279698    0.13550858
T13            0.24944684    0.22785756    0.21356712    0.21296033    0.23180937    0.23040597    0.24306934    0.23277004    0.21525186    0.22016575    0.14256143    0.09227988    0.10135589    0.11335408    0.05876199    0.05654390    0.06753304    0.04588427    0.05221296    0.00000000    0.09698836    0.09935940    0.10147712    0.10399383
T5             0.24824021    0.21198161    0.19516000    0.19681567    0.21873167    0.21784212    0.22980723    0.19962018    0.20812969    0.21296033    0.15789407    0.11122750    0.14749459    0.15485871    0.09725956    0.09252863    0.10413561    0.12122246    0.12814412    0.09698836    0.00000000    0.02444443    0.02648511    0.03492813
T18            0.25132222    0.22076655    0.19516000    0.19962018    0.21873167    0.22072767    0.22686193    0.19681567    0.20812969    0.21296033    0.15527377    0.11122750    0.15007417    0.16008549    0.09964198    0.09488848    0.10654100    0.12371200    0.13065239    0.09935940    0.02444443    0.00000000    0.02648511    0.03492813
T9             0.24213283    0.21782099    0.18956645    0.19681567    0.21583764    0.21784212    0.22980723    0.19738008    0.20588978    0.21068975    0.16008549    0.11335408    0.14968621    0.16229640    0.10174178    0.09698836    0.10865859    0.12582927    0.13279698    0.10147712    0.02648511    0.02648511    0.00000000    0.01619056
T16            0.25483863    0.22113861    0.19829417    0.20557881    0.23082931    0.22393394    0.24213283    0.21131716    0.22005056    0.22490343    0.16559898    0.12333978    0.14987610    0.15987666    0.09949704    0.09475489    0.10639340    0.12852614    0.13550858    0.10399383    0.03492813    0.03492813    0.01619056    0.00000000

