24
T19            0.00000000    0.39223352    0.39208583    0.42484333    0.41318958    0.39695520    0.42983376    0.42313132    0.41404733    0.41735440    0.46870058    0.43177253    0.45990532    0.25128661    0.24020637    0.23115917    0.22332861    0.21743957    0.22002290    0.23492229    0.21709572    0.22890900    0.20873441    0.22890900
T23            0.39223352    0.00000000    0.05185726    0.09239616    0.08783807    0.05413235    0.07155786    0.06944852    0.07149917    0.08502672    0.42498032    0.41211399    0.42777028    0.38817465    0.37746528    0.38497001    0.38041227    0.36915431    0.37229019    0.38998875    0.37602859    0.36857960    0.35452853    0.36603182
T22            0.39208583    0.05185726    0.00000000    0.06744028    0.06304488    0.05200419    0.06938085    0.06728038    0.07606361    0.08510933    0.42558912    0.40987060    0.42959742    0.37860259    0.36801839    0.36801839    0.36350987    0.35982655    0.37409670    0.38806133    0.37034411    0.36661955    0.35145933    0.36292260
T20            0.42484333    0.09239616    0.06744028    0.00000000    0.01623220    0.08837600    0.10911202    0.10459831    0.11593796    0.12563991    0.47955232    0.44526891    0.45935786    0.40886763    0.40558642    0.40558642    0.40118676    0.39722547    0.41249359    0.42736502    0.40845206    0.39652039    0.38041227    0.40046597
T16            0.41318958    0.08783807    0.06304488    0.01623220    0.00000000    0.07917796    0.10443479    0.09994729    0.11365519    0.12333136    0.48486884    0.45013702    0.47155928    0.38998875    0.39062179    0.38678267    0.38234607    0.37852147    0.38939605    0.40771370    0.38939605    0.37787775    0.37348096    0.38939605
T15            0.39695520    0.05413235    0.05200419    0.08837600    0.07917796    0.00000000    0.04349453    0.03930675    0.07850123    0.08299118    0.42818103    0.41221002    0.42013158    0.38236916    0.37543958    0.37919201    0.37472598    0.36350987    0.37034411    0.39193032    0.37409670    0.37034411    0.35506272    0.36661955
T18            0.42983376    0.07155786    0.06938085    0.10911202    0.10443479    0.04349453    0.00000000    0.02440571    0.09652983    0.10113145    0.45086295    0.43023813    0.44251036    0.42214071    0.41081458    0.41879994    0.41429880    0.40231976    0.40956329    0.42839567    0.41357214    0.40301301    0.39320890    0.40558642
T14            0.42313132    0.06944852    0.06728038    0.10459831    0.09994729    0.03930675    0.02440571    0.00000000    0.08972988    0.09428942    0.45236435    0.43978210    0.44394100    0.41949915    0.40818675    0.41617229    0.41173887    0.39975956    0.40698997    0.42579580    0.41099891    0.40046597    0.37919201    0.39906752
T8             0.41404733    0.07149917    0.07606361    0.11593796    0.11365519    0.07850123    0.09652983    0.08972988    0.00000000    0.02028065    0.48153404    0.46417426    0.46845786    0.40686935    0.39582321    0.40359094    0.37979524    0.37602859    0.38678267    0.40490660    0.39449070    0.38297290    0.36234857    0.38422213
T0             0.41735440    0.08502672    0.08510933    0.12563991    0.12333136    0.08299118    0.10113145    0.09428942    0.02028065    0.00000000    0.48961712    0.47202787    0.47636735    0.41811591    0.40686935    0.41479127    0.39449070    0.39062179    0.40558642    0.41617229    0.40558642    0.38998875    0.37287879    0.39126898
T1             0.46870058    0.42498032    0.42558912    0.47955232    0.48486884    0.42818103    0.45086295    0.45236435    0.48153404    0.48961712    0.00000000    0.06081710    0.07869884    0.44942761    0.44873473    0.45291081    0.43156695    0.41949257    0.43907600    0.45434847    0.42685376    0.44321758    0.40383524    0.41492399
T3             0.43177253    0.41211399    0.40987060    0.44526891    0.45013702    0.41221002    0.43023813    0.43978210    0.46417426    0.47202787    0.06081710    0.00000000    0.06735689    0.43023813    0.42959742    0.42959742    0.40890316    0.39729700    0.40952535    0.42685376    0.40055878    0.42013158    0.38223079    0.38275035
T10            0.45990532    0.42777028    0.42959742    0.45935786    0.47155928    0.42013158    0.44251036    0.44394100    0.46845786    0.47636735    0.07869884    0.06735689    0.00000000    0.45362130    0.45712215    0.45712215    0.43156695    0.41949257    0.43496854    0.45013702    0.42685376    0.43907600    0.40383524    0.40327301
T6             0.25128661    0.38817465    0.37860259    0.40886763    0.38998875    0.38236916    0.42214071    0.41949915    0.40686935    0.41811591    0.44942761    0.43023813    0.45362130    0.00000000    0.01617366    0.02232981    0.09428942    0.08963656    0.09887815    0.12485356    0.08955052    0.10123758    0.19387697    0.20185197
T9             0.24020637    0.37746528    0.36801839    0.40558642    0.39062179    0.37543958    0.41081458    0.40818675    0.39582321    0.40686935    0.44873473    0.42959742    0.45712215    0.01617366    0.00000000    0.01413385    0.08529614    0.08069684    0.08983046    0.11549278    0.08289952    0.09216235    0.18361818    0.19148545
T7             0.23115917    0.38497001    0.36801839    0.40558642    0.38678267    0.37919201    0.41879994    0.41617229    0.40359094    0.41479127    0.45291081    0.42959742    0.45712215    0.02232981    0.01413385    0.00000000    0.08529614    0.08069684    0.08983046    0.11549278    0.08289952    0.09216235    0.18361818    0.19148545
T21            0.22332861    0.38041227    0.36350987    0.40118676    0.38234607    0.37472598    0.41429880    0.41173887    0.37979524    0.39449070    0.43156695    0.40890316    0.43156695    0.09428942    0.08529614    0.08529614    0.00000000    0.01010165    0.03705553    0.05852898    0.04565948    0.06519748    0.16337629    0.17627770
T2             0.21743957    0.36915431    0.35982655    0.39722547    0.37852147    0.36350987    0.40231976    0.39975956    0.37602859    0.39062179    0.41949257    0.39729700    0.41949257    0.08963656    0.08069684    0.08069684    0.01010165    0.00000000    0.03069863    0.05194849    0.03919264    0.06296472    0.15569930    0.16841927
T13            0.22002290    0.37229019    0.37409670    0.41249359    0.38939605    0.37034411    0.40956329    0.40698997    0.38678267    0.40558642    0.43907600    0.40952535    0.43496854    0.09887815    0.08983046    0.08983046    0.03705553    0.03069863    0.00000000    0.04756973    0.04128699    0.06960473    0.14804956    0.16570117
T5             0.23492229    0.38998875    0.38806133    0.42736502    0.40771370    0.39193032    0.42839567    0.42579580    0.40490660    0.41617229    0.45434847    0.42685376    0.45013702    0.12485356    0.11549278    0.11549278    0.05852898    0.05194849    0.04756973    0.00000000    0.06735689    0.09216235    0.17598008    0.18911668
T12            0.21709572    0.37602859    0.37034411    0.40845206    0.38939605    0.37409670    0.41357214    0.41099891    0.39449070    0.40558642    0.42685376    0.40055878    0.42685376    0.08955052    0.08289952    0.08289952    0.04565948    0.03919264    0.04128699    0.06735689    0.00000000    0.06067353    0.15055072    0.16828662
T17            0.22890900    0.36857960    0.36661955    0.39652039    0.37787775    0.37034411    0.40301301    0.40046597    0.38297290    0.38998875    0.44321758    0.42013158    0.43907600    0.10123758    0.09216235    0.09216235    0.06519748    0.06296472    0.06960473    0.09216235    0.06067353    0.00000000    0.16841927    0.17612441
T4             0.20873441    0.35452853    0.35145933    0.38041227    0.37348096    0.35506272    0.39320890    0.37919201    0.36234857    0.37287879    0.40383524    0.38223079    0.40383524    0.19387697    0.18361818    0.18361818    0.16337629    0.15569930    0.14804956    0.17598008    0.15055072    0.16841927    0.00000000    0.04969239
T11            0.22890900    0.36603182    0.36292260    0.40046597    0.38939605    0.36661955    0.40558642    0.39906752    0.38422213    0.39126898    0.41492399    0.38275035    0.40327301    0.20185197    0.19148545    0.19148545    0.17627770    0.16841927    0.16570117    0.18911668    0.16828662    0.17612441    0.04969239    0.00000000

