24
T19            0.00000000    0.43485972    0.43718728    0.44168649    0.42809539    0.42327151    0.44322961    0.44483638    0.44245010    0.44911072    0.31256353    0.35950010    0.32737767    0.25237406    0.24328212    0.24932500    0.24176811    0.23322629    0.25406427    0.24865283    0.22154237    0.24502714    0.18981196    0.20014888
T23            0.43485972    0.00000000    0.04977127    0.06487061    0.05846131    0.06504240    0.07849286    0.06288620    0.07598856    0.08078125    0.33510810    0.38081082    0.35742632    0.39949557    0.38782005    0.40999742    0.40792801    0.40601268    0.39813725    0.40891248    0.37513492    0.40999742    0.36700543    0.36159305
T22            0.43718728    0.04977127    0.00000000    0.04338542    0.03715778    0.05432903    0.06988219    0.05884382    0.06735060    0.07215498    0.31344173    0.36512750    0.34571055    0.39123366    0.37960337    0.39373343    0.40344880    0.39373343    0.39235157    0.40314100    0.36707170    0.39373343    0.36266465    0.35712436
T20            0.44168649    0.06487061    0.04338542    0.00000000    0.02027294    0.06727459    0.07849286    0.07185524    0.08052383    0.08538970    0.32131250    0.37326240    0.35127784    0.39557335    0.38398803    0.40601268    0.41589759    0.40601268    0.41258788    0.41549962    0.37136075    0.40601268    0.36330119    0.36894713
T16            0.42809539    0.05846131    0.03715778    0.02027294    0.00000000    0.05867070    0.07432617    0.06321834    0.06951679    0.07661456    0.31733665    0.36576248    0.34985051    0.38663146    0.37513492    0.39695772    0.41474951    0.40091096    0.40344880    0.40640017    0.36266465    0.39303549    0.36203057    0.35654274
T15            0.42327151    0.06504240    0.05432903    0.06727459    0.05867070    0.00000000    0.05867070    0.04782994    0.07394727    0.07422107    0.31589258    0.36389684    0.34466377    0.38982653    0.37828576    0.40019613    0.40205946    0.38847497    0.38336165    0.39373343    0.36576248    0.40019613    0.36887339    0.36330119
T18            0.44322961    0.07849286    0.06988219    0.07849286    0.07432617    0.05867070    0.00000000    0.03924380    0.08528622    0.08561794    0.33262069    0.38594993    0.36582627    0.40091096    0.39303549    0.41549962    0.42549146    0.41145031    0.39949557    0.41044949    0.38028248    0.40743355    0.36450562    0.36640923
T14            0.44483638    0.06288620    0.05884382    0.07185524    0.06321834    0.04782994    0.03924380    0.00000000    0.07630438    0.07661456    0.33720106    0.39123366    0.37073733    0.39839863    0.39052315    0.41296179    0.41881528    0.40489571    0.40344880    0.41453187    0.37781966    0.40489571    0.38097513    0.37513492
T8             0.44245010    0.07598856    0.06735060    0.08052383    0.06951679    0.07394727    0.08528622    0.07630438    0.00000000    0.02031392    0.31413273    0.35905513    0.34623167    0.40274693    0.39102579    0.41329364    0.41922222    0.40532404    0.40008349    0.41071654    0.37449730    0.41474951    0.37387312    0.36582627
T0             0.44911072    0.08078125    0.07215498    0.08538970    0.07661456    0.07422107    0.08561794    0.07661456    0.02031392    0.00000000    0.32223844    0.37449730    0.35487544    0.40091096    0.38528218    0.40344880    0.42139236    0.40743355    0.39813725    0.41296179    0.37645045    0.41704417    0.37578597    0.36761487
T1             0.31256353    0.33510810    0.31344173    0.32131250    0.31733665    0.31589258    0.33262069    0.33720106    0.31413273    0.32223844    0.00000000    0.04565599    0.03910269    0.30293701    0.29963632    0.31543483    0.33114309    0.31882506    0.31543483    0.32667302    0.27859777    0.29556255    0.27120452    0.27087162
T3             0.35950010    0.38081082    0.36512750    0.37326240    0.36576248    0.36389684    0.38594993    0.39123366    0.35905513    0.37449730    0.04565599    0.00000000    0.05200056    0.34268098    0.33913442    0.35597404    0.37641101    0.36330119    0.36330119    0.36823752    0.32718996    0.33811269    0.29309960    0.30498752
T10            0.32737767    0.35742632    0.34571055    0.35127784    0.34985051    0.34466377    0.36582627    0.37073733    0.34623167    0.35487544    0.03910269    0.05200056    0.00000000    0.31413273    0.31079903    0.32679448    0.34366769    0.33114309    0.32769440    0.33913442    0.29677168    0.30748742    0.27958524    0.27925589
T6             0.25237406    0.39949557    0.39123366    0.39557335    0.38663146    0.38982653    0.40091096    0.39839863    0.40274693    0.40091096    0.30293701    0.34268098    0.31413273    0.00000000    0.01007274    0.02444341    0.11534251    0.10609960    0.12527940    0.11607956    0.09056939    0.10609960    0.17241676    0.18251460
T9             0.24328212    0.38782005    0.37960337    0.38398803    0.37513492    0.37828576    0.39303549    0.39052315    0.39102579    0.38528218    0.29963632    0.33913442    0.31079903    0.01007274    0.00000000    0.01617871    0.10813061    0.09897336    0.11790797    0.10877987    0.08354328    0.09897336    0.16447966    0.17981903
T7             0.24932500    0.40999742    0.39373343    0.40601268    0.39695772    0.40019613    0.41549962    0.41296179    0.41329364    0.40344880    0.31543483    0.35597404    0.32679448    0.02444341    0.01617871    0.00000000    0.12238279    0.11305338    0.13241924    0.12313352    0.09738357    0.11305338    0.18003124    0.19068966
T21            0.24176811    0.40792801    0.40344880    0.41589759    0.41474951    0.40205946    0.42549146    0.41881528    0.41922222    0.42139236    0.33114309    0.37641101    0.34366769    0.11534251    0.10813061    0.12238279    0.00000000    0.02028031    0.06911914    0.05824805    0.05612940    0.09169675    0.18440620    0.19466906
T2             0.23322629    0.40601268    0.39373343    0.40601268    0.40091096    0.38847497    0.41145031    0.40489571    0.40532404    0.40743355    0.31882506    0.36330119    0.33114309    0.10609960    0.09897336    0.11305338    0.02028031    0.00000000    0.06040468    0.04965953    0.04756747    0.08273020    0.17428192    0.18440620
T13            0.25406427    0.39813725    0.39235157    0.41258788    0.40344880    0.38336165    0.39949557    0.40344880    0.40008349    0.39813725    0.31543483    0.36330119    0.32769440    0.12527940    0.11790797    0.13241924    0.06911914    0.06040468    0.00000000    0.05189656    0.06288620    0.10328375    0.18459746    0.19760235
T5             0.24865283    0.40891248    0.40314100    0.41549962    0.40640017    0.39373343    0.41044949    0.41453187    0.41071654    0.41296179    0.32667302    0.36823752    0.33913442    0.11607956    0.10877987    0.12313352    0.05824805    0.04965953    0.05189656    0.00000000    0.05638663    0.09427835    0.18273411    0.19023281
T12            0.22154237    0.37513492    0.36707170    0.37136075    0.36266465    0.36576248    0.38028248    0.37781966    0.37449730    0.37645045    0.27859777    0.32718996    0.29677168    0.09056939    0.08354328    0.09738357    0.05612940    0.04756747    0.06288620    0.05638663    0.00000000    0.06735060    0.15481297    0.16731392
T17            0.24502714    0.40999742    0.39373343    0.40601268    0.39303549    0.40019613    0.40743355    0.40489571    0.41474951    0.41704417    0.29556255    0.33811269    0.30748742    0.10609960    0.09897336    0.11305338    0.09169675    0.08273020    0.10328375    0.09427835    0.06735060    0.00000000    0.17694164    0.18710177
T4             0.18981196    0.36700543    0.36266465    0.36330119    0.36203057    0.36887339    0.36450562    0.38097513    0.37387312    0.37578597    0.27120452    0.29309960    0.27958524    0.17241676    0.16447966    0.18003124    0.18440620    0.17428192    0.18459746    0.18273411    0.15481297    0.17694164    0.00000000    0.05840501
T11            0.20014888    0.36159305    0.35712436    0.36894713    0.35654274    0.36330119    0.36640923    0.37513492    0.36582627    0.36761487    0.27087162    0.30498752    0.27925589    0.18251460    0.17981903    0.19068966    0.19466906    0.18440620    0.19760235    0.19023281    0.16731392    0.18710177    0.05840501    0.00000000

