24
T14            0.00000000    0.46569368    0.53353821    0.49134042    0.30597454    0.29823743    0.30156522    0.31070064    0.29609039    0.28113725    0.28639845    0.26999597    0.28192382    0.26612729    0.28735568    0.29730665    0.29065064    0.32495805    0.30302359    0.28318611    0.28735568    0.28735568    0.27912367    0.28318611
T5             0.46569368    0.00000000    0.08520031    0.07880945    0.44946446    0.40444098    0.40444098    0.41084668    0.40503358    0.38762516    0.40116415    0.38122987    0.40444098    0.40175649    0.44280677    0.43861154    0.43861154    0.45130468    0.41953393    0.40362183    0.42097938    0.42097938    0.41415572    0.40362183
T1             0.53353821    0.08520031    0.00000000    0.06296543    0.50612999    0.45716044    0.45716044    0.46017828    0.45644812    0.43774644    0.44809378    0.42016384    0.47437557    0.45438720    0.51094340    0.50618805    0.50618805    0.50891401    0.48306894    0.46969531    0.48037193    0.48037193    0.47684034    0.45667117
T6             0.49134042    0.07880945    0.06296543    0.00000000    0.47600124    0.45240434    0.45240434    0.44280677    0.43911188    0.42081889    0.43092847    0.43597084    0.46097485    0.44128063    0.50930495    0.50452658    0.50452658    0.50452658    0.47412644    0.46964845    0.47150072    0.47150072    0.47678024    0.45645096
T8             0.30597454    0.44946446    0.50612999    0.47600124    0.00000000    0.24104258    0.24405848    0.24104258    0.23120260    0.21755067    0.23413847    0.20389400    0.22565535    0.21418161    0.22361449    0.22653328    0.22071270    0.22946926    0.22716711    0.20980485    0.22131223    0.22131223    0.20645185    0.20414929
T4             0.29823743    0.40444098    0.45716044    0.45240434    0.24104258    0.00000000    0.00603641    0.06322646    0.05194891    0.03914556    0.05632634    0.11092736    0.14255488    0.12718041    0.16365675    0.16633299    0.16099481    0.17662120    0.15355950    0.13550223    0.15048696    0.15048696    0.13228630    0.14574043
T10            0.30156522    0.40444098    0.45716044    0.45240434    0.24405848    0.00603641    0.00000000    0.06547445    0.05413282    0.04128729    0.05413282    0.11334999    0.14511428    0.12965097    0.16633299    0.16902368    0.16365675    0.17935613    0.15619336    0.14059504    0.15309323    0.15309323    0.13478788    0.14833318
T22            0.31070064    0.41084668    0.46017828    0.44280677    0.24104258    0.06322646    0.06547445    0.00000000    0.04554375    0.03497245    0.05206707    0.11610424    0.15027286    0.13747517    0.16417948    0.16687021    0.16150319    0.19608858    0.17229565    0.14102571    0.15355950    0.15355950    0.13512924    0.15405818
T17            0.29609039    0.40503358    0.45644812    0.43911188    0.23120260    0.05194891    0.05413282    0.04554375    0.00000000    0.01210028    0.02857285    0.10599207    0.14202094    0.12215560    0.15287230    0.15548538    0.15027286    0.17855362    0.15027286    0.12564302    0.13747517    0.13747517    0.12227573    0.13784522
T23            0.28113725    0.38762516    0.43774644    0.42081889    0.21755067    0.03914556    0.04128729    0.03497245    0.01210028    0.00000000    0.01619049    0.09450676    0.12995137    0.11042608    0.14059504    0.14316110    0.13804213    0.16582912    0.14316110    0.11839303    0.12547011    0.12547011    0.11054002    0.12582364
T15            0.28639845    0.40116415    0.44809378    0.43092847    0.23413847    0.05632634    0.05413282    0.05206707    0.02857285    0.01619049    0.00000000    0.11320743    0.14967944    0.12951263    0.15548538    0.15811223    0.15287230    0.18128100    0.15548538    0.13279118    0.14000855    0.14000855    0.12965097    0.14039159
T7             0.26999597    0.38122987    0.42016384    0.43597084    0.20389400    0.11092736    0.11334999    0.11610424    0.10599207    0.09450676    0.11320743    0.00000000    0.09922597    0.07380642    0.11417572    0.11664038    0.11172319    0.12832534    0.11172319    0.08809457    0.09725614    0.09725614    0.08529738    0.10203198
T2             0.28192382    0.40444098    0.47437557    0.46097485    0.22565535    0.14255488    0.14511428    0.15027286    0.14202094    0.12995137    0.14967944    0.09922597    0.00000000    0.08772278    0.17229565    0.17503067    0.16957554    0.18765214    0.16957554    0.13634235    0.15355950    0.15355950    0.14274895    0.13590666
T0             0.26612729    0.40175649    0.45438720    0.44128063    0.21418161    0.12718041    0.12965097    0.13747517    0.12215560    0.11042608    0.12951263    0.07380642    0.08772278    0.00000000    0.14316110    0.14574043    0.14059504    0.16316722    0.14316110    0.11138246    0.12547011    0.12547011    0.11294506    0.11107156
T21            0.28735568    0.44280677    0.51094340    0.50930495    0.22361449    0.16365675    0.16633299    0.16417948    0.15287230    0.14059504    0.15548538    0.11417572    0.17229565    0.14316110    0.00000000    0.00603641    0.00200402    0.11334999    0.09475185    0.07413207    0.07850228    0.07850228    0.07606445    0.09711708
T18            0.29730665    0.43861154    0.50618805    0.50452658    0.22653328    0.16633299    0.16902368    0.16687021    0.15548538    0.14316110    0.15811223    0.11664038    0.17503067    0.14574043    0.00603641    0.00000000    0.00401614    0.11578446    0.09711708    0.07641082    0.07850228    0.07850228    0.07606445    0.09949358
T13            0.29065064    0.43861154    0.50618805    0.50452658    0.22071270    0.16099481    0.16365675    0.16150319    0.15027286    0.13804213    0.15287230    0.11172319    0.16957554    0.14059504    0.00200402    0.00401614    0.00000000    0.11092736    0.09239780    0.07186369    0.07622356    0.07622356    0.07380642    0.09475185
T19            0.32495805    0.45130468    0.50891401    0.50452658    0.22946926    0.17662120    0.17935613    0.19608858    0.17855362    0.16582912    0.18128100    0.12832534    0.18765214    0.16316722    0.11334999    0.11578446    0.11092736    0.00000000    0.03710504    0.07606445    0.10135288    0.10135288    0.09410423    0.11823088
T9             0.30302359    0.41953393    0.48306894    0.47412644    0.22716711    0.15355950    0.15619336    0.17229565    0.15027286    0.14316110    0.15548538    0.11172319    0.16957554    0.14316110    0.09475185    0.09711708    0.09239780    0.03710504    0.00000000    0.05846604    0.08309121    0.08309121    0.07606445    0.09949358
T16            0.28318611    0.40362183    0.46969531    0.46964845    0.20980485    0.13550223    0.14059504    0.14102571    0.12564302    0.11839303    0.13279118    0.08809457    0.13634235    0.11138246    0.07413207    0.07641082    0.07186369    0.07606445    0.05846604    0.00000000    0.05407900    0.05407900    0.04751100    0.07413207
T11            0.28735568    0.42097938    0.48037193    0.47150072    0.22131223    0.15048696    0.15309323    0.15355950    0.13747517    0.12547011    0.14000855    0.09725614    0.15355950    0.12547011    0.07850228    0.07850228    0.07622356    0.10135288    0.08309121    0.05407900    0.00000000    0.00000000    0.03063036    0.08309121
T12            0.28735568    0.42097938    0.48037193    0.47150072    0.22131223    0.15048696    0.15309323    0.15355950    0.13747517    0.12547011    0.14000855    0.09725614    0.15355950    0.12547011    0.07850228    0.07850228    0.07622356    0.10135288    0.08309121    0.05407900    0.00000000    0.00000000    0.03063036    0.08309121
T3             0.27912367    0.41415572    0.47684034    0.47678024    0.20645185    0.13228630    0.13478788    0.13512924    0.12227573    0.11054002    0.12965097    0.08529738    0.14274895    0.11294506    0.07606445    0.07606445    0.07380642    0.09410423    0.07606445    0.04751100    0.03063036    0.03063036    0.00000000    0.07380642
T20            0.28318611    0.40362183    0.45667117    0.45645096    0.20414929    0.14574043    0.14833318    0.15405818    0.13784522    0.12582364    0.14039159    0.10203198    0.13590666    0.11107156    0.09711708    0.09949358    0.09475185    0.11823088    0.09949358    0.07413207    0.08309121    0.08309121    0.07380642    0.00000000

