24
T17            0.00000000    0.22259114    0.22035035    0.24635595    0.24139277    0.22975681    0.23535888    0.25165910    0.25208793    0.24478929    0.25412571    0.25086190    0.26694577    0.25832890    0.28925823    0.24363330    0.22554338    0.23676735    0.27086136    0.26436048    0.24801558    0.23874719    0.26104334    0.27014392
T16            0.22259114    0.00000000    0.00804438    0.16713745    0.13610643    0.12950423    0.13432660    0.13696991    0.15910570    0.15394873    0.15668817    0.18276589    0.17449797    0.17534546    0.20211728    0.18897844    0.18348047    0.17804242    0.17143703    0.16605743    0.16534141    0.15744238    0.16978432    0.17490434
T18            0.22035035    0.00804438    0.00000000    0.16713745    0.13655645    0.12731175    0.13212448    0.13477751    0.15686419    0.15394873    0.15668817    0.18323349    0.17490434    0.17582111    0.20269293    0.18952915    0.18125922    0.17853276    0.16927358    0.16389392    0.16314931    0.15525019    0.16755297    0.17266299
T0             0.24635595    0.16713745    0.16713745    0.00000000    0.15483691    0.15085654    0.15580951    0.16595379    0.18658690    0.18894486    0.18642375    0.23942842    0.24508222    0.23146235    0.25751699    0.23381978    0.23676311    0.22221706    0.22388719    0.22159480    0.21440655    0.20595032    0.21912189    0.22747259
T23            0.24139277    0.13610643    0.13655645    0.15483691    0.00000000    0.10360417    0.10586865    0.13296339    0.15205744    0.15205744    0.15483691    0.21416311    0.22554338    0.20077336    0.23792615    0.21449769    0.21741544    0.20871289    0.18857272    0.18083743    0.19890206    0.18484622    0.18648518    0.19734067
T1             0.22975681    0.12950423    0.12731175    0.15085654    0.10360417    0.00000000    0.00804334    0.10532403    0.15074429    0.14593758    0.14354681    0.19531019    0.20338969    0.18233362    0.21493284    0.19278332    0.19829626    0.19004953    0.18100228    0.17879088    0.17582111    0.16511953    0.17716602    0.18503781
T13            0.23535888    0.13432660    0.13212448    0.15580951    0.10586865    0.00804334    0.00000000    0.10996703    0.15569292    0.14833672    0.14593758    0.20061024    0.20875317    0.18753919    0.21752402    0.19806662    0.19806662    0.19531019    0.18622188    0.18400066    0.18100228    0.17021399    0.18233362    0.19026553
T7             0.25165910    0.13696991    0.13477751    0.16595379    0.13296339    0.10532403    0.10996703    0.00000000    0.16870221    0.16870221    0.16886085    0.20412526    0.20721573    0.19373177    0.22128167    0.21005859    0.21064613    0.20107574    0.20109375    0.19605904    0.19453766    0.18622188    0.19072460    0.19373177
T19            0.25208793    0.15910570    0.15686419    0.18658690    0.15205744    0.15074429    0.15569292    0.16870221    0.00000000    0.17087744    0.17101652    0.21935805    0.23062424    0.20595032    0.24270238    0.22535498    0.22247116    0.20875317    0.21095382    0.20015952    0.22097807    0.21235112    0.21415769    0.22247116
T21            0.24478929    0.15394873    0.15394873    0.18894486    0.15205744    0.14593758    0.14833672    0.16870221    0.17087744    0.00000000    0.01414111    0.21847203    0.23543025    0.20273809    0.23860262    0.21066586    0.21346864    0.21346864    0.22128167    0.21034771    0.22562719    0.21700045    0.22459714    0.22772370
T9             0.25412571    0.15668817    0.15668817    0.18642375    0.15483691    0.14354681    0.14593758    0.16886085    0.17101652    0.01414111    0.00000000    0.22151345    0.23860262    0.20572533    0.24181973    0.21368871    0.21651533    0.21651533    0.22452101    0.21352179    0.22882674    0.22012471    0.22772370    0.23089371
T14            0.25086190    0.18276589    0.18323349    0.23942842    0.21416311    0.19531019    0.20061024    0.20412526    0.21935805    0.21847203    0.22151345    0.00000000    0.02650505    0.04338713    0.06511744    0.10598586    0.11562796    0.11053370    0.21555687    0.20682879    0.20871289    0.20015952    0.20749672    0.21005859
T8             0.26694577    0.17449797    0.17490434    0.24508222    0.22554338    0.20338969    0.20875317    0.20721573    0.23062424    0.23543025    0.23860262    0.02650505    0.00000000    0.05419165    0.07859385    0.12036731    0.12529535    0.12008541    0.23004505    0.22108184    0.21707233    0.20839506    0.22159480    0.21899976
T12            0.25832890    0.17534546    0.17582111    0.23146235    0.20077336    0.18233362    0.18753919    0.19373177    0.20595032    0.20273809    0.20572533    0.04338713    0.05419165    0.00000000    0.06537248    0.11121498    0.11609492    0.11091990    0.19707789    0.18857272    0.20109375    0.19261293    0.19705522    0.20808641
T15            0.28925823    0.20211728    0.20269293    0.25751699    0.23792615    0.21493284    0.21752402    0.22128167    0.24270238    0.23860262    0.24181973    0.06511744    0.07859385    0.06537248    0.00000000    0.13548978    0.13296339    0.13260422    0.23653648    0.22743700    0.22330262    0.22035035    0.23676735    0.24549958
T5             0.24363330    0.18897844    0.18952915    0.23381978    0.21449769    0.19278332    0.19806662    0.21005859    0.22535498    0.21066586    0.21368871    0.10598586    0.12036731    0.11121498    0.13548978    0.00000000    0.06304304    0.05846428    0.20429061    0.20429061    0.20682879    0.19825076    0.21352179    0.22191743
T2             0.22554338    0.18348047    0.18125922    0.23676311    0.21741544    0.19829626    0.19806662    0.21064613    0.22247116    0.21346864    0.21651533    0.11562796    0.12529535    0.11609492    0.13296339    0.06304304    0.00000000    0.05407761    0.21592835    0.21592835    0.21850049    0.20463717    0.21932330    0.22780447
T10            0.23676735    0.17804242    0.17853276    0.22221706    0.20871289    0.19004953    0.19531019    0.20107574    0.20875317    0.21346864    0.21651533    0.11053370    0.12008541    0.11091990    0.13260422    0.05846428    0.05407761    0.00000000    0.20077336    0.19793847    0.20330490    0.19482417    0.19930642    0.20749672
T11            0.27086136    0.17143703    0.16927358    0.22388719    0.18857272    0.18100228    0.18622188    0.20109375    0.21095382    0.22128167    0.22452101    0.21555687    0.23004505    0.19707789    0.23653648    0.20429061    0.21592835    0.20077336    0.00000000    0.03722160    0.10963091    0.10234636    0.10173144    0.11121498
T22            0.26436048    0.16605743    0.16389392    0.22159480    0.18083743    0.17879088    0.18400066    0.19605904    0.20015952    0.21034771    0.21352179    0.20682879    0.22108184    0.18857272    0.22743700    0.20429061    0.21592835    0.19793847    0.03722160    0.00000000    0.10476275    0.09754841    0.09227196    0.10159598
T6             0.24801558    0.16534141    0.16314931    0.21440655    0.19890206    0.17582111    0.18100228    0.19453766    0.22097807    0.22562719    0.22882674    0.20871289    0.21707233    0.20109375    0.22330262    0.20682879    0.21850049    0.20330490    0.10963091    0.10476275    0.00000000    0.01415461    0.10159598    0.11106369
T4             0.23874719    0.15744238    0.15525019    0.20595032    0.18484622    0.16511953    0.17021399    0.18622188    0.21235112    0.21700045    0.22012471    0.20015952    0.20839506    0.19261293    0.22035035    0.19825076    0.20463717    0.19482417    0.10234636    0.09754841    0.01415461    0.00000000    0.09450149    0.10384958
T3             0.26104334    0.16978432    0.16755297    0.21912189    0.18648518    0.17716602    0.18233362    0.19072460    0.21415769    0.22459714    0.22772370    0.20749672    0.22159480    0.19705522    0.23676735    0.21352179    0.21932330    0.19930642    0.10173144    0.09227196    0.10159598    0.09450149    0.00000000    0.01617362
T20            0.27014392    0.17490434    0.17266299    0.22747259    0.19734067    0.18503781    0.19026553    0.19373177    0.22247116    0.22772370    0.23089371    0.21005859    0.21899976    0.20808641    0.24549958    0.22191743    0.22780447    0.20749672    0.11121498    0.10159598    0.11106369    0.10384958    0.01617362    0.00000000

