24
T8             0.00000000    0.33612238    0.24243800    0.23225579    0.26738591    0.26738591    0.24625614    0.24712593    0.29247057    0.29340598    0.27989095    0.28494856    0.27519909    0.30632444    0.26923554    0.26419836    0.28856585    0.31139966    0.32723348    0.31949541    0.24800357    0.25113129    0.23568507    0.24845715
T18            0.33612238    0.00000000    0.16799793    0.24366676    0.25478728    0.25478728    0.23076522    0.23502266    0.29889281    0.30301604    0.29929703    0.28467283    0.28467283    0.29929703    0.28427630    0.26094582    0.26522508    0.30684285    0.32008541    0.28831946    0.24704379    0.23800091    0.30632444    0.31025936
T5             0.24243800    0.16799793    0.00000000    0.14116182    0.15338621    0.15338621    0.14454594    0.14884158    0.19671393    0.19978570    0.20234541    0.19488862    0.18945124    0.19997640    0.19197568    0.17642601    0.16675224    0.20386468    0.22067662    0.19235856    0.15651721    0.15394553    0.17803749    0.18924347
T10            0.23225579    0.24366676    0.14116182    0.00000000    0.06952058    0.06952058    0.10372158    0.10793101    0.15849006    0.16396252    0.16869851    0.17203163    0.16413334    0.17395002    0.16136408    0.12679837    0.15205404    0.17758210    0.18547971    0.15945915    0.13948073    0.13197800    0.20493736    0.21094643
T19            0.26738591    0.25478728    0.15338621    0.06952058    0.00000000    0.00000000    0.12051753    0.12963978    0.18157158    0.18732576    0.18174749    0.18797804    0.17984379    0.18983763    0.17963947    0.14184569    0.17244089    0.19877714    0.20693753    0.18276095    0.15945915    0.14914542    0.22649433    0.23568728
T1             0.26738591    0.25478728    0.15338621    0.06952058    0.00000000    0.00000000    0.12051753    0.12963978    0.18157158    0.18732576    0.18174749    0.18797804    0.17984379    0.18983763    0.17963947    0.14184569    0.17244089    0.19877714    0.20693753    0.18276095    0.15945915    0.14914542    0.22649433    0.23568728
T6             0.24625614    0.23076522    0.14454594    0.10372158    0.12051753    0.12051753    0.00000000    0.08319165    0.13184195    0.13212201    0.12950195    0.13260150    0.12513605    0.13446640    0.11764955    0.09652530    0.14550557    0.18732145    0.18981147    0.16511530    0.13044694    0.12545755    0.20329775    0.21518611
T17            0.24712593    0.23502266    0.14884158    0.10793101    0.12963978    0.12963978    0.08319165    0.00000000    0.15154132    0.15187486    0.14914542    0.14985206    0.14217622    0.16207124    0.14454594    0.11260153    0.15483325    0.18596197    0.19957536    0.18005692    0.13712379    0.12716985    0.18797804    0.19930020
T22            0.29247057    0.29889281    0.19671393    0.15849006    0.18157158    0.18157158    0.13184195    0.15154132    0.00000000    0.01823230    0.04760824    0.09251827    0.08550702    0.08710320    0.06931813    0.13128207    0.21207525    0.24300791    0.24333231    0.23592535    0.18963988    0.18157158    0.25108363    0.26368440
T7             0.29340598    0.30301604    0.19978570    0.16396252    0.18732576    0.18732576    0.13212201    0.15187486    0.01823230    0.00000000    0.04545284    0.09017022    0.08319165    0.08481969    0.06709063    0.13148184    0.21262276    0.24366676    0.24401125    0.23061670    0.19004447    0.18193237    0.25173628    0.26443376
T14            0.27989095    0.29929703    0.20234541    0.16869851    0.18174749    0.18174749    0.12950195    0.14914542    0.04760824    0.04545284    0.00000000    0.08562511    0.07869496    0.07807638    0.05831471    0.12893224    0.20950173    0.24333231    0.24366676    0.22221013    0.18174749    0.17378640    0.24537647    0.25173628
T13            0.28494856    0.28467283    0.19488862    0.17203163    0.18797804    0.18797804    0.13260150    0.14985206    0.09251827    0.09017022    0.08562511    0.00000000    0.00603636    0.09685370    0.07650992    0.13932590    0.20211082    0.24169769    0.24740755    0.22272780    0.19624706    0.18797804    0.25279226    0.26563642
T16            0.27519909    0.28467283    0.18945124    0.16413334    0.17984379    0.17984379    0.12513605    0.14217622    0.08550702    0.08319165    0.07869496    0.00603636    0.00000000    0.08982609    0.06969021    0.13184195    0.19372600    0.23270900    0.23833723    0.21415120    0.18797804    0.17984379    0.24669009    0.25936161
T0             0.30632444    0.29929703    0.19997640    0.17395002    0.18983763    0.18983763    0.13446640    0.16207124    0.08710320    0.08481969    0.07807638    0.09685370    0.08982609    0.00000000    0.04330671    0.14605130    0.21520317    0.23735800    0.24601300    0.23326604    0.20083260    0.19530484    0.26368440    0.27668307
T3             0.26923554    0.28427630    0.19197568    0.16136408    0.17963947    0.17963947    0.11764955    0.14454594    0.06931813    0.06709063    0.05831471    0.07650992    0.06969021    0.04330671    0.00000000    0.12679837    0.19903412    0.22357700    0.23206208    0.21391204    0.17963947    0.17165704    0.24333231    0.25587155
T4             0.26419836    0.26094582    0.17642601    0.12679837    0.14184569    0.14184569    0.09652530    0.11260153    0.13128207    0.13148184    0.12893224    0.13932590    0.13184195    0.14605130    0.12679837    0.00000000    0.17244089    0.21005171    0.21262276    0.18963988    0.15686067    0.14630904    0.23175331    0.24401125
T21            0.28856585    0.26522508    0.16675224    0.15205404    0.17244089    0.17244089    0.14550557    0.15483325    0.21207525    0.21262276    0.20950173    0.20211082    0.19372600    0.21520317    0.19903412    0.17244089    0.00000000    0.07892005    0.08575027    0.13999343    0.11838134    0.11592953    0.23041662    0.24282298
T15            0.31139966    0.30684285    0.20386468    0.17758210    0.19877714    0.19877714    0.18732145    0.18596197    0.24300791    0.24366676    0.24333231    0.24169769    0.23270900    0.23735800    0.22357700    0.21005171    0.07892005    0.00000000    0.01824803    0.18125381    0.15524631    0.15264098    0.25394011    0.26693295
T12            0.32723348    0.32008541    0.22067662    0.18547971    0.20693753    0.20693753    0.18981147    0.19957536    0.24333231    0.24401125    0.24366676    0.24740755    0.23833723    0.24601300    0.23206208    0.21262276    0.08575027    0.01824803    0.00000000    0.18373073    0.16291343    0.16027367    0.26838229    0.28167753
T2             0.31949541    0.28831946    0.19235856    0.15945915    0.18276095    0.18276095    0.16511530    0.18005692    0.23592535    0.23061670    0.22221013    0.22272780    0.21415120    0.23326604    0.21391204    0.18963988    0.13999343    0.18125381    0.18373073    0.00000000    0.13981452    0.14235358    0.24033621    0.24669009
T11            0.24800357    0.24704379    0.15651721    0.13948073    0.15945915    0.15945915    0.13044694    0.13712379    0.18963988    0.19004447    0.18174749    0.19624706    0.18797804    0.20083260    0.17963947    0.15686067    0.11838134    0.15524631    0.16291343    0.13981452    0.00000000    0.02653168    0.21320779    0.22518445
T20            0.25113129    0.23800091    0.15394553    0.13197800    0.14914542    0.14914542    0.12545755    0.12716985    0.18157158    0.18193237    0.17378640    0.18797804    0.17984379    0.19530484    0.17165704    0.14630904    0.11592953    0.15264098    0.16027367    0.14235358    0.02653168    0.00000000    0.21034067    0.22224123
T9             0.23568507    0.30632444    0.17803749    0.20493736    0.22649433    0.22649433    0.20329775    0.18797804    0.25108363    0.25173628    0.24537647    0.25279226    0.24669009    0.26368440    0.24333231    0.23175331    0.23041662    0.25394011    0.26838229    0.24033621    0.21320779    0.21034067    0.00000000    0.01619034
T23            0.24845715    0.31025936    0.18924347    0.21094643    0.23568728    0.23568728    0.21518611    0.19930020    0.26368440    0.26443376    0.25173628    0.26563642    0.25936161    0.27668307    0.25587155    0.24401125    0.24282298    0.26693295    0.28167753    0.24669009    0.22518445    0.22224123    0.01619034    0.00000000

