24
T21            0.00000000    0.27286401    0.27332657    0.27194648    0.26881968    0.26056999    0.26056999    0.24506060    0.23940778    0.24868953    0.27585653    0.17904313    0.20393303    0.19571864    0.17605841    0.19229993    0.20551745    0.20075469    0.18674193    0.19761768    0.26288177    0.31814430    0.30247394    0.15524008
T13            0.27286401    0.00000000    0.04554182    0.34688982    0.34330260    0.30676705    0.30676705    0.29969132    0.29030728    0.28747470    0.31740455    0.21774515    0.25603534    0.23789864    0.22848912    0.22813065    0.25122689    0.24626977    0.23711785    0.22848912    0.33898383    0.39013527    0.36894090    0.24739149
T1             0.27332657    0.04554182    0.00000000    0.32623767    0.32278679    0.30055590    0.30055590    0.28707945    0.27864588    0.27585653    0.30434100    0.19792050    0.24094923    0.21739340    0.20837594    0.20806786    0.23338028    0.22552016    0.21671777    0.21705093    0.32189235    0.36845026    0.35504452    0.23269525
T14            0.27194648    0.34688982    0.32623767    0.00000000    0.00200402    0.11806236    0.11319500    0.11065048    0.10123022    0.10371913    0.14335436    0.20492676    0.23902421    0.23637592    0.22126174    0.22679250    0.24365221    0.22449971    0.22973515    0.22648200    0.31595577    0.36265426    0.34870661    0.25139044
T16            0.26881968    0.34330260    0.32278679    0.00200402    0.00000000    0.11562275    0.11077900    0.10825189    0.09887129    0.10134336    0.14078282    0.20210065    0.23601957    0.23338028    0.21836180    0.22386709    0.24064762    0.22157428    0.22679250    0.22356515    0.31257498    0.35913065    0.34527973    0.24836771
T23            0.26056999    0.30676705    0.30055590    0.11806236    0.11562275    0.00000000    0.00401611    0.03705437    0.06498032    0.07630792    0.10652429    0.17265141    0.20776896    0.19676291    0.18547185    0.19623803    0.20666565    0.19956524    0.19346682    0.18232196    0.29641048    0.35179838    0.32878125    0.22851692
T4             0.26056999    0.30676705    0.30055590    0.11319500    0.11077900    0.00401611    0.00000000    0.03705437    0.06498032    0.07630792    0.10652429    0.17265141    0.20776896    0.19676291    0.18547185    0.19623803    0.20666565    0.19956524    0.19346682    0.18232196    0.29315106    0.34835972    0.32547900    0.22851692
T9             0.24506060    0.29969132    0.28707945    0.11065048    0.10825189    0.03705437    0.03705437    0.00000000    0.05613062    0.06720775    0.09215569    0.16712723    0.19956524    0.19146541    0.17757496    0.18820514    0.19574935    0.19146541    0.18547185    0.17983689    0.28952951    0.33788463    0.31867982    0.22245377
T8             0.23940778    0.29030728    0.27864588    0.10123022    0.09887129    0.06498032    0.06498032    0.05613062    0.00000000    0.02656453    0.08088533    0.16206541    0.19371703    0.18844906    0.17202540    0.18253328    0.18731872    0.18027136    0.17715499    0.17429768    0.29315106    0.33818357    0.31893932    0.20850562
T10            0.24868953    0.28747470    0.27585653    0.10371913    0.10134336    0.07630792    0.07630792    0.06720775    0.02656453    0.00000000    0.09029690    0.17020251    0.20238339    0.19703886    0.18027136    0.19095348    0.19574935    0.18870184    0.18547185    0.18253328    0.30343140    0.35215717    0.33242126    0.21724038
T12            0.27585653    0.31740455    0.30434100    0.14335436    0.14078282    0.10652429    0.10652429    0.09215569    0.08088533    0.09029690    0.00000000    0.20267523    0.23373736    0.22813065    0.21607944    0.22157428    0.24132748    0.23410411    0.22744239    0.22126174    0.33321181    0.38708077    0.36620291    0.24599882
T11            0.17904313    0.21774515    0.19792050    0.20492676    0.20210065    0.17265141    0.17265141    0.16712723    0.16206541    0.17020251    0.20267523    0.00000000    0.08808500    0.07661891    0.05632346    0.06960079    0.08993167    0.08099257    0.07185845    0.07422482    0.21093454    0.26358443    0.24323020    0.14529198
T5             0.20393303    0.25603534    0.24094923    0.23902421    0.23601957    0.20776896    0.20776896    0.19956524    0.19371703    0.20238339    0.23373736    0.08808500    0.00000000    0.07011007    0.06772663    0.07673644    0.09739072    0.08836715    0.07468758    0.07661891    0.22813065    0.28119461    0.26031020    0.18178399
T15            0.19571864    0.23789864    0.21739340    0.23637592    0.23338028    0.19676291    0.19676291    0.19146541    0.18844906    0.19703886    0.22813065    0.07661891    0.07011007    0.00000000    0.05884661    0.06546894    0.07880227    0.07686086    0.06772663    0.06988587    0.22032749    0.28149002    0.26056182    0.16847309
T7             0.17605841    0.22848912    0.20837594    0.22126174    0.21836180    0.18547185    0.18547185    0.17757496    0.17202540    0.18027136    0.21607944    0.05632346    0.06772663    0.05884661    0.00000000    0.05206427    0.05859633    0.06312801    0.05425750    0.05859633    0.20210065    0.25686205    0.23683556    0.15764153
T22            0.19229993    0.22813065    0.20806786    0.22679250    0.22386709    0.19623803    0.19623803    0.18820514    0.18253328    0.19095348    0.22157428    0.06960079    0.07673644    0.06546894    0.05206427    0.00000000    0.07403485    0.06978399    0.06081390    0.06743638    0.21032956    0.26561139    0.24531277    0.16533014
T20            0.20551745    0.25122689    0.23338028    0.24365221    0.24064762    0.20666565    0.20666565    0.19574935    0.18731872    0.19574935    0.24132748    0.08993167    0.09739072    0.07880227    0.05859633    0.07403485    0.00000000    0.05425750    0.05206427    0.06288842    0.22744239    0.28687165    0.26584839    0.18346670
T19            0.20075469    0.24626977    0.22552016    0.22449971    0.22157428    0.19956524    0.19956524    0.19146541    0.18027136    0.18870184    0.23410411    0.08099257    0.08836715    0.07686086    0.06312801    0.06978399    0.05425750    0.00000000    0.04355570    0.05646040    0.22778173    0.28402743    0.26307383    0.17066546
T2             0.18674193    0.23711785    0.21671777    0.22973515    0.22679250    0.19346682    0.19346682    0.18547185    0.17715499    0.18547185    0.22744239    0.07185845    0.07468758    0.06772663    0.05425750    0.06081390    0.05206427    0.04355570    0.00000000    0.04770652    0.21319623    0.26863395    0.25116321    0.15743255
T3             0.19761768    0.22848912    0.21705093    0.22648200    0.22356515    0.18232196    0.18232196    0.17983689    0.17429768    0.18253328    0.22126174    0.07422482    0.07661891    0.06988587    0.05859633    0.06743638    0.06288842    0.05646040    0.04770652    0.00000000    0.22744239    0.28494311    0.26385605    0.16776211
T0             0.26288177    0.33898383    0.32189235    0.31595577    0.31257498    0.29641048    0.29315106    0.28952951    0.29315106    0.30343140    0.33321181    0.21093454    0.22813065    0.22032749    0.20210065    0.21032956    0.22744239    0.22778173    0.21319623    0.22744239    0.00000000    0.14068193    0.12861968    0.24331821
T6             0.31814430    0.39013527    0.36845026    0.36265426    0.35913065    0.35179838    0.34835972    0.33788463    0.33818357    0.35215717    0.38708077    0.26358443    0.28119461    0.28149002    0.25686205    0.26561139    0.28687165    0.28402743    0.26863395    0.28494311    0.14068193    0.00000000    0.02233497    0.28229254
T17            0.30247394    0.36894090    0.35504452    0.34870661    0.34527973    0.32878125    0.32547900    0.31867982    0.31893932    0.33242126    0.36620291    0.24323020    0.26031020    0.26056182    0.23683556    0.24531277    0.26584839    0.26307383    0.25116321    0.26385605    0.12861968    0.02233497    0.00000000    0.27357952
T18            0.15524008    0.24739149    0.23269525    0.25139044    0.24836771    0.22851692    0.22851692    0.22245377    0.20850562    0.21724038    0.24599882    0.14529198    0.18178399    0.16847309    0.15764153    0.16533014    0.18346670    0.17066546    0.15743255    0.16776211    0.24331821    0.28229254    0.27357952    0.00000000

