24
T7             0.00000000    0.20836191    0.20520443    0.21092040    0.20550395    0.27714498    0.28667249    0.28276320    0.17555724    0.16775375    0.20463280    0.20129603    0.18511635    0.17742592    0.17168248    0.17803604    0.20495477    0.18887242    0.25430305    0.18854054    0.19453989    0.27157058    0.21259890    0.22221185
T1             0.20836191    0.00000000    0.01212489    0.01623178    0.01826981    0.31416280    0.32430253    0.32004452    0.22065140    0.21232119    0.24266416    0.25713364    0.22155921    0.19423282    0.20581256    0.21189574    0.24013012    0.21156144    0.25408386    0.21928697    0.22031073    0.28705602    0.22270391    0.22646709
T2             0.20520443    0.01212489    0.00000000    0.00401610    0.02031404    0.31042822    0.32046606    0.31628928    0.21179394    0.20359981    0.23939257    0.25074262    0.21834770    0.19955313    0.20836191    0.21446088    0.24278621    0.21412736    0.25986432    0.21606505    0.21703523    0.28347642    0.21957485    0.22909151
T15            0.21092040    0.01623178    0.00401610    0.00000000    0.02447218    0.31042822    0.32046606    0.31628928    0.21179394    0.20359981    0.24534680    0.25074262    0.22416342    0.20520443    0.21412736    0.22031073    0.24278621    0.21996013    0.25986432    0.22188080    0.22290224    0.28667249    0.22532357    0.23499306
T0             0.20550395    0.01826981    0.02031404    0.02447218    0.00000000    0.30751553    0.31751990    0.31335277    0.21490263    0.20665392    0.24266416    0.25713364    0.22155921    0.19702685    0.20581256    0.21772853    0.24624859    0.21737724    0.25713364    0.21637912    0.21737724    0.28705602    0.22270391    0.22646709
T17            0.27714498    0.31416280    0.31042822    0.31042822    0.30751553    0.00000000    0.00603632    0.00804435    0.18460665    0.17676246    0.23350846    0.24236081    0.29394683    0.27544730    0.26952240    0.27705843    0.29722685    0.29680036    0.34626853    0.29722685    0.29857417    0.38382323    0.30966411    0.32342431
T13            0.28667249    0.32430253    0.32046606    0.32046606    0.31751990    0.00603632    0.00000000    0.01415448    0.19002793    0.18211120    0.24236081    0.25137285    0.30385220    0.28503586    0.27901985    0.28677138    0.30719812    0.30673855    0.35695011    0.30719812    0.30864604    0.39498159    0.31963511    0.33370307
T8             0.28276320    0.32004452    0.31628928    0.31628928    0.31335277    0.00804435    0.01415448    0.00000000    0.18962446    0.18173355    0.23883379    0.24178449    0.29966523    0.28103796    0.27507148    0.28264415    0.30296690    0.30254151    0.34534815    0.30052854    0.30431207    0.39027681    0.31552926    0.32937749
T19            0.17555724    0.22065140    0.21179394    0.21179394    0.21490263    0.18460665    0.19002793    0.18962446    0.00000000    0.01008404    0.15305908    0.13727869    0.18978916    0.17065643    0.17042101    0.17657404    0.19479515    0.18123475    0.23732903    0.18922260    0.19008556    0.27057013    0.20336469    0.21776875
T3             0.16775375    0.21232119    0.20359981    0.20359981    0.20665392    0.17676246    0.18211120    0.18173355    0.01008404    0.00000000    0.14549285    0.12993057    0.18729929    0.16289835    0.16267580    0.16871729    0.18950149    0.17334522    0.22879222    0.18397516    0.18481810    0.26471785    0.19804287    0.21232119
T20            0.20463280    0.24266416    0.23939257    0.24534680    0.24266416    0.23350846    0.24236081    0.23883379    0.15305908    0.14549285    0.00000000    0.17532445    0.21092040    0.19675127    0.19370619    0.20012908    0.22481426    0.20775574    0.26535723    0.22550314    0.22363022    0.30638418    0.23999160    0.24934543
T12            0.20129603    0.25713364    0.25074262    0.25074262    0.25713364    0.24236081    0.25137285    0.24178449    0.13727869    0.12993057    0.17532445    0.00000000    0.22416342    0.21318237    0.21002803    0.21092040    0.23600198    0.22155921    0.28347642    0.22709686    0.22811349    0.30712659    0.23939257    0.24803959
T22            0.18511635    0.22155921    0.21834770    0.22416342    0.22155921    0.29394683    0.30385220    0.29966523    0.18978916    0.18729929    0.21092040    0.22416342    0.00000000    0.10637405    0.10146096    0.10426457    0.12562064    0.11348239    0.19070083    0.16120429    0.16199920    0.24178449    0.19024323    0.19370619
T6             0.17742592    0.19423282    0.19955313    0.20520443    0.19702685    0.27544730    0.28503586    0.28103796    0.17065643    0.16289835    0.19675127    0.21318237    0.10637405    0.00000000    0.05412950    0.05653782    0.07869140    0.06073796    0.11719733    0.13609068    0.13677531    0.23113921    0.16430018    0.16225574
T21            0.17168248    0.20581256    0.20836191    0.21412736    0.20581256    0.26952240    0.27901985    0.27507148    0.17042101    0.16267580    0.19370619    0.21002803    0.10146096    0.05412950    0.00000000    0.01824788    0.07858957    0.06511470    0.12457977    0.13587795    0.13911061    0.22850268    0.16151662    0.16468350
T11            0.17803604    0.21189574    0.21446088    0.22031073    0.21772853    0.27705843    0.28677138    0.28264415    0.17657404    0.16871729    0.20012908    0.21092040    0.10426457    0.05653782    0.01824788    0.00000000    0.08122570    0.06762148    0.12744879    0.14169514    0.14508466    0.23467638    0.16732256    0.17065643
T10            0.20495477    0.24013012    0.24278621    0.24278621    0.24624859    0.29722685    0.30719812    0.30296690    0.19479515    0.18950149    0.22481426    0.23600198    0.12562064    0.07869140    0.07858957    0.08122570    0.00000000    0.06762148    0.14405831    0.15640563    0.15988099    0.25137285    0.17714686    0.18049236
T14            0.18887242    0.21156144    0.21412736    0.21996013    0.21737724    0.29680036    0.30673855    0.30254151    0.18123475    0.17334522    0.20775574    0.22155921    0.11348239    0.06073796    0.06511470    0.06762148    0.06762148    0.00000000    0.12924331    0.15666455    0.15748957    0.24030614    0.17735220    0.18073114
T4             0.25430305    0.25408386    0.25986432    0.25986432    0.25713364    0.34626853    0.35695011    0.34534815    0.23732903    0.22879222    0.26535723    0.28347642    0.19070083    0.11719733    0.12457977    0.12744879    0.14405831    0.12924331    0.00000000    0.21896447    0.22290224    0.31709765    0.25617972    0.26020215
T9             0.18854054    0.21928697    0.21606505    0.22188080    0.21637912    0.29722685    0.30719812    0.30052854    0.18922260    0.18397516    0.22550314    0.22709686    0.16120429    0.13609068    0.13587795    0.14169514    0.15640563    0.15666455    0.21896447    0.00000000    0.02028039    0.15044906    0.13137166    0.14168360
T16            0.19453989    0.22031073    0.21703523    0.22290224    0.21737724    0.29857417    0.30864604    0.30431207    0.19008556    0.18481810    0.22363022    0.22811349    0.16199920    0.13677531    0.13911061    0.14508466    0.15988099    0.15748957    0.22290224    0.02028039    0.00000000    0.15073358    0.13170671    0.14216598
T5             0.27157058    0.28705602    0.28347642    0.28667249    0.28705602    0.38382323    0.39498159    0.39027681    0.27057013    0.26471785    0.30638418    0.30712659    0.24178449    0.23113921    0.22850268    0.23467638    0.25137285    0.24030614    0.31709765    0.15044906    0.15073358    0.00000000    0.20657265    0.20972877
T23            0.21259890    0.22270391    0.21957485    0.22532357    0.22270391    0.30966411    0.31963511    0.31552926    0.20336469    0.19804287    0.23999160    0.23939257    0.19024323    0.16430018    0.16151662    0.16732256    0.17714686    0.17735220    0.25617972    0.13137166    0.13170671    0.20657265    0.00000000    0.02234655
T18            0.22221185    0.22646709    0.22909151    0.23499306    0.22646709    0.32342431    0.33370307    0.32937749    0.21776875    0.21232119    0.24934543    0.24803959    0.19370619    0.16225574    0.16468350    0.17065643    0.18049236    0.18073114    0.26020215    0.14168360    0.14216598    0.20972877    0.02234655    0.00000000

