24
T23            0.00000000    0.46051048    0.43624014    0.43418113    0.43012734    0.48470806    0.43624014    0.43213627    0.43213627    0.47403376    0.50591576    0.51142435    0.47547878    0.47983294    0.48946419    0.22223932    0.23449417    0.31888991    0.28923868    0.30109992    0.30058208    0.26692981    0.26023498    0.28467043
T16            0.46051048    0.00000000    0.05852702    0.07380311    0.12036469    0.16977933    0.11806529    0.11078146    0.12051704    0.18124660    0.18910120    0.16840754    0.20571881    0.20017591    0.20038522    0.34780721    0.35191449    0.38349311    0.35393174    0.38430472    0.38487863    0.36170508    0.34411655    0.37162616
T9             0.43624014    0.05852702    0.00000000    0.03485708    0.08088675    0.13212160    0.08078646    0.07169361    0.08078646    0.15877878    0.16120830    0.14630878    0.17449306    0.16657408    0.16675170    0.30217200    0.31259596    0.35552843    0.33171607    0.34680708    0.34730072    0.32528361    0.31157832    0.33082118
T4             0.43418113    0.07380311    0.03485708    0.00000000    0.09215740    0.14392394    0.10123213    0.09186207    0.10123213    0.17363143    0.17087372    0.16092327    0.18157122    0.17891057    0.17907927    0.32347388    0.32732408    0.37477702    0.34328252    0.36583275    0.36633791    0.34025147    0.32641648    0.35293740
T17            0.43012734    0.12036469    0.08088675    0.09215740    0.00000000    0.13948026    0.09418815    0.08972559    0.09205168    0.17925690    0.16854849    0.17430315    0.18732511    0.19004376    0.19025956    0.31339782    0.31714522    0.36010834    0.32942803    0.35153210    0.35198577    0.31300977    0.30366902    0.33243975
T2             0.48470806    0.16977933    0.13212160    0.14392394    0.13948026    0.00000000    0.05616911    0.09859466    0.11281698    0.23010711    0.23275956    0.21911461    0.24537503    0.24477953    0.24507217    0.37162856    0.37593702    0.41800334    0.38808259    0.40163036    0.40223447    0.38111498    0.38388825    0.41309881
T22            0.43624014    0.11806529    0.08078646    0.10123213    0.09418815    0.05616911    0.00000000    0.05399023    0.06276343    0.18174705    0.18157122    0.17677562    0.19575680    0.19806027    0.19828969    0.31214767    0.31597742    0.36906621    0.34122707    0.35753258    0.35806483    0.33123370    0.31747643    0.34371361
T3             0.43213627    0.11078146    0.07169361    0.09186207    0.08972559    0.09859466    0.05399023    0.00000000    0.02862824    0.17716089    0.17963882    0.17489906    0.18845650    0.19347442    0.19372486    0.31128653    0.31506985    0.36170508    0.33422717    0.35293255    0.35701348    0.32094992    0.31419525    0.34371361
T14            0.43213627    0.12051704    0.08078646    0.10123213    0.09205168    0.11281698    0.06276343    0.02862824    0.00000000    0.18525101    0.18503215    0.18298926    0.19453003    0.20183559    0.20210948    0.31800390    0.32185575    0.36906621    0.34122707    0.36373529    0.36426753    0.32778218    0.32077932    0.35066435
T1             0.47403376    0.18124660    0.15877878    0.17363143    0.17925690    0.23010711    0.18174705    0.17716089    0.18525101    0.00000000    0.07403596    0.05638923    0.11364631    0.10398130    0.10412238    0.35506904    0.36271100    0.39072638    0.35506904    0.37895982    0.37947764    0.35461604    0.35458092    0.37852163
T7             0.50591576    0.18910120    0.16120830    0.17087372    0.16854849    0.23275956    0.18157122    0.17963882    0.18503215    0.07403596    0.00000000    0.05852702    0.13588895    0.12084467    0.12101990    0.38266746    0.38694856    0.42806586    0.38266746    0.40880217    0.40942195    0.37845603    0.37813260    0.40297507
T10            0.51142435    0.16840754    0.14630878    0.16092327    0.17430315    0.21911461    0.17677562    0.17489906    0.18298926    0.05638923    0.05852702    0.00000000    0.11153713    0.10187204    0.09724734    0.37683371    0.38487863    0.39836889    0.36221900    0.38640285    0.38694856    0.36534114    0.37572939    0.40060567
T13            0.47547878    0.20571881    0.17449306    0.18157122    0.18732511    0.24537503    0.19575680    0.18845650    0.19453003    0.11364631    0.13588895    0.11153713    0.00000000    0.06960179    0.06969003    0.36847682    0.37630176    0.41668600    0.38694856    0.40046619    0.40104093    0.37895982    0.38213512    0.39968012
T11            0.47983294    0.20017591    0.16657408    0.17891057    0.19004376    0.24477953    0.19806027    0.19347442    0.20183559    0.10398130    0.12084467    0.10187204    0.06960179    0.00000000    0.01212499    0.37947764    0.38750848    0.43695821    0.40613023    0.42002330    0.42067511    0.38266746    0.38213512    0.39226527
T19            0.48946419    0.20038522    0.16675170    0.17907927    0.19025956    0.24507217    0.19828969    0.19372486    0.20210948    0.10412238    0.12101990    0.09724734    0.06969003    0.01212499    0.00000000    0.38750848    0.39572520    0.44607238    0.41467954    0.42875026    0.42945023    0.39072638    0.38988501    0.40013536
T5             0.22223932    0.34780721    0.30217200    0.32347388    0.31339782    0.37162856    0.31214767    0.31128653    0.31800390    0.35506904    0.38266746    0.37683371    0.36847682    0.37947764    0.38750848    0.00000000    0.02037301    0.11153713    0.09531894    0.10412238    0.10187204    0.06988711    0.07380311    0.09662721
T18            0.23449417    0.35191449    0.31259596    0.32732408    0.31714522    0.37593702    0.31597742    0.31506985    0.32185575    0.36271100    0.38694856    0.38487863    0.37630176    0.38750848    0.39572520    0.02037301    0.00000000    0.11171060    0.09548053    0.10187204    0.10442659    0.07456315    0.07387371    0.09673664
T0             0.31888991    0.38349311    0.35552843    0.37477702    0.36010834    0.41800334    0.36906621    0.36170508    0.36906621    0.39072638    0.42806586    0.39836889    0.41668600    0.43695821    0.44607238    0.11153713    0.11171060    0.00000000    0.04790463    0.06519482    0.05638923    0.09993919    0.12777465    0.15285211
T12            0.28923868    0.35393174    0.33171607    0.34328252    0.32942803    0.38808259    0.34122707    0.33422717    0.34122707    0.35506904    0.38266746    0.36221900    0.38694856    0.40613023    0.41467954    0.09531894    0.09548053    0.04790463    0.00000000    0.03705467    0.02862824    0.07930934    0.09685340    0.12067704
T20            0.30109992    0.38430472    0.34680708    0.36583275    0.35153210    0.40163036    0.35753258    0.35293255    0.36373529    0.37895982    0.40880217    0.38640285    0.40046619    0.42002330    0.42875026    0.10412238    0.10187204    0.06519482    0.03705467    0.00000000    0.02447251    0.09265245    0.11535238    0.13981394
T6             0.30058208    0.38487863    0.34730072    0.36633791    0.35198577    0.40223447    0.35806483    0.35701348    0.36426753    0.37947764    0.40942195    0.38694856    0.40104093    0.42067511    0.42945023    0.10187204    0.10442659    0.05638923    0.02862824    0.02447251    0.00000000    0.08808697    0.11065283    0.13494040
T21            0.26692981    0.36170508    0.32528361    0.34025147    0.31300977    0.38111498    0.33123370    0.32094992    0.32778218    0.35461604    0.37845603    0.36534114    0.37895982    0.38266746    0.39072638    0.06988711    0.07456315    0.09993919    0.07930934    0.09265245    0.08808697    0.00000000    0.08069325    0.09909572
T8             0.26023498    0.34411655    0.31157832    0.32641648    0.30366902    0.38388825    0.31747643    0.31419525    0.32077932    0.35458092    0.37813260    0.37572939    0.38213512    0.38213512    0.38988501    0.07380311    0.07387371    0.12777465    0.09685340    0.11535238    0.11065283    0.08069325    0.00000000    0.02857241
T15            0.28467043    0.37162616    0.33082118    0.35293740    0.33243975    0.41309881    0.34371361    0.34371361    0.35066435    0.37852163    0.40297507    0.40060567    0.39968012    0.39226527    0.40013536    0.09662721    0.09673664    0.15285211    0.12067704    0.13981394    0.13494040    0.09909572    0.02857241    0.00000000

