24
T22            0.00000000    0.30148325    0.22649080    0.23603012    0.25278763    0.21181282    0.22942515    0.22190562    0.24361744    0.27432031    0.26017040    0.24816037    0.25433786    0.18575977    0.15592539    0.19957734    0.19072597    0.19604858    0.22144787    0.22144787    0.17414087    0.19354453    0.08550648    0.08550648
T7             0.30148325    0.00000000    0.12036416    0.12252819    0.15463752    0.15668328    0.15427419    0.21672697    0.20465246    0.25549516    0.20720615    0.28528270    0.29165681    0.27028701    0.27338505    0.32435004    0.31046879    0.31007976    0.34072816    0.34072816    0.29238830    0.30216828    0.28388551    0.28388551
T3             0.22649080    0.12036416    0.00000000    0.05846361    0.07832856    0.08494789    0.09662686    0.14253753    0.13712260    0.17963754    0.14675646    0.21026243    0.22391898    0.23061352    0.22771335    0.27510553    0.26230801    0.26199163    0.29602042    0.29602042    0.23592211    0.24477708    0.21414845    0.21414845
T2             0.23603012    0.12252819    0.05846361    0.00000000    0.05626552    0.08069301    0.09239023    0.14293220    0.13243261    0.18547745    0.14709655    0.19960238    0.20787071    0.23409617    0.23116187    0.26955593    0.26918828    0.26883133    0.30678389    0.30678389    0.24537262    0.24837754    0.21751396    0.21751396
T13            0.25278763    0.15463752    0.07832856    0.05626552    0.00000000    0.10123175    0.11333918    0.16556519    0.15723595    0.20720615    0.16977822    0.22722150    0.24666068    0.25379196    0.24001701    0.29441562    0.28107349    0.28069840    0.32873080    0.32527932    0.26538701    0.27473962    0.23088275    0.23088275
T8             0.21181282    0.15668328    0.08494789    0.08069301    0.10123175    0.00000000    0.01829818    0.12730844    0.12214584    0.16624359    0.14154649    0.18598367    0.19911542    0.22220721    0.21367988    0.25076887    0.24449465    0.24422251    0.28992649    0.28670859    0.23035422    0.23326283    0.20828855    0.20828855
T6             0.22942515    0.15427419    0.09662686    0.09239023    0.11333918    0.01829818    0.00000000    0.12993802    0.12471117    0.17430194    0.14930838    0.19960238    0.20749110    0.23409617    0.22534454    0.26955593    0.25989362    0.25956548    0.30344767    0.30013361    0.24837754    0.25140066    0.22561651    0.22561651
T12            0.22190562    0.21672697    0.14253753    0.14293220    0.16556519    0.12730844    0.12993802    0.00000000    0.07606060    0.20552558    0.17387221    0.22196308    0.23010489    0.24668578    0.23767062    0.26404891    0.25750238    0.25411189    0.30102196    0.30102196    0.24668578    0.26679714    0.22096712    0.22096712
T10            0.24361744    0.20465246    0.13712260    0.13243261    0.15723595    0.12214584    0.12471117    0.07606060    0.00000000    0.19202003    0.16314287    0.22482994    0.23061352    0.24740299    0.25046326    0.27519303    0.26837677    0.25858380    0.30972145    0.30972145    0.26289552    0.27796943    0.23940094    0.23940094
T21            0.27432031    0.25549516    0.17963754    0.18547745    0.20720615    0.16624359    0.17430194    0.20552558    0.19202003    0.00000000    0.05638912    0.28245548    0.29774391    0.27827244    0.26883133    0.31644500    0.31597340    0.32232258    0.36031974    0.36031974    0.30678389    0.30589722    0.26367962    0.26367962
T17            0.26017040    0.20720615    0.14675646    0.14709655    0.16977822    0.14154649    0.14930838    0.17387221    0.16314287    0.05638912    0.00000000    0.24989891    0.26751110    0.26094108    0.25173202    0.30483071    0.29770786    0.30389720    0.33730137    0.33730137    0.28874251    0.29114495    0.24366260    0.24366260
T9             0.24816037    0.28528270    0.21026243    0.19960238    0.22722150    0.18598367    0.19960238    0.22196308    0.22482994    0.28245548    0.24989891    0.00000000    0.04334339    0.22196308    0.22824473    0.26642866    0.25989362    0.25956548    0.30678389    0.30678389    0.26848512    0.27789651    0.22561651    0.22561651
T1             0.25433786    0.29165681    0.22391898    0.20787071    0.24666068    0.19911542    0.20749110    0.23010489    0.23061352    0.29774391    0.26751110    0.04334339    0.00000000    0.24180793    0.24477708    0.28145958    0.27473962    0.28069840    0.32280565    0.32280565    0.28351129    0.28748876    0.23675135    0.23675135
T16            0.18575977    0.27028701    0.23061352    0.23409617    0.25379196    0.22220721    0.23409617    0.24668578    0.24740299    0.27827244    0.26094108    0.22196308    0.24180793    0.00000000    0.07169341    0.11626218    0.10850686    0.11319714    0.20615330    0.20615330    0.16823308    0.18674872    0.16847871    0.16847871
T4             0.15592539    0.27338505    0.22771335    0.23116187    0.24001701    0.21367988    0.22534454    0.23767062    0.25046326    0.26883133    0.25173202    0.22824473    0.24477708    0.07169341    0.00000000    0.10598354    0.10112593    0.10575681    0.18647689    0.18647689    0.13999206    0.15503397    0.13981321    0.13981321
T23            0.19957734    0.32435004    0.27510553    0.26955593    0.29441562    0.25076887    0.26955593    0.26404891    0.27519303    0.31644500    0.30483071    0.26642866    0.28145958    0.11626218    0.10598354    0.00000000    0.04988107    0.05419102    0.22553048    0.22553048    0.18372824    0.18372824    0.18125135    0.18125135
T5             0.19072597    0.31046879    0.26230801    0.26918828    0.28107349    0.24449465    0.25989362    0.25750238    0.26837677    0.31597340    0.29770786    0.25989362    0.27473962    0.10850686    0.10112593    0.04988107    0.00000000    0.01623195    0.21063565    0.21063565    0.17533862    0.18074661    0.17557194    0.17557194
T11            0.19604858    0.31007976    0.26199163    0.26883133    0.28069840    0.24422251    0.25956548    0.25411189    0.25858380    0.32232258    0.30389720    0.25956548    0.28069840    0.11319714    0.10575681    0.05419102    0.01623195    0.00000000    0.21898836    0.21898836    0.18050728    0.18595955    0.18074661    0.18074661
T0             0.22144787    0.34072816    0.29602042    0.30678389    0.32873080    0.28992649    0.30344767    0.30102196    0.30972145    0.36031974    0.33730137    0.30678389    0.32280565    0.20615330    0.18647689    0.22553048    0.21063565    0.21898836    0.00000000    0.00401611    0.09186174    0.10837651    0.20014974    0.20014974
T20            0.22144787    0.34072816    0.29602042    0.30678389    0.32527932    0.28670859    0.30013361    0.30102196    0.30972145    0.36031974    0.33730137    0.30678389    0.32280565    0.20615330    0.18647689    0.22553048    0.21063565    0.21898836    0.00401611    0.00000000    0.09186174    0.10837651    0.20583490    0.20583490
T14            0.17414087    0.29238830    0.23592211    0.24537262    0.26538701    0.23035422    0.24837754    0.24668578    0.26289552    0.30678389    0.28874251    0.26848512    0.28351129    0.16823308    0.13999206    0.18372824    0.17533862    0.18050728    0.09186174    0.09186174    0.00000000    0.05189817    0.16005573    0.16005573
T15            0.19354453    0.30216828    0.24477708    0.24837754    0.27473962    0.23326283    0.25140066    0.26679714    0.27796943    0.30589722    0.29114495    0.27789651    0.28748876    0.18674872    0.15503397    0.18372824    0.18074661    0.18595955    0.10837651    0.10837651    0.05189817    0.00000000    0.18372824    0.18372824
T18            0.08550648    0.28388551    0.21414845    0.21751396    0.23088275    0.20828855    0.22561651    0.22096712    0.23940094    0.26367962    0.24366260    0.22561651    0.23675135    0.16847871    0.13981321    0.18125135    0.17557194    0.18074661    0.20014974    0.20583490    0.16005573    0.18372824    0.00000000    0.00000000
T19            0.08550648    0.28388551    0.21414845    0.21751396    0.23088275    0.20828855    0.22561651    0.22096712    0.23940094    0.26367962    0.24366260    0.22561651    0.23675135    0.16847871    0.13981321    0.18125135    0.17557194    0.18074661    0.20014974    0.20583490    0.16005573    0.18372824    0.00000000    0.00000000

