24
T10            0.00000000    0.20572563    0.21043411    0.19707348    0.20246005    0.20535237    0.21673415    0.22070644    0.19824684    0.20903557    0.22329760    0.22107671    0.22070644    0.23832584    0.21965170    0.24778599    0.22070644    0.37976192    0.24170204    0.24588821    0.24017115    0.22887663    0.26018102    0.22814909
T3             0.20572563    0.00000000    0.03910385    0.06752790    0.06727834    0.06519526    0.19347807    0.18648204    0.17067517    0.17557632    0.18897527    0.18675401    0.17828049    0.20584143    0.18299256    0.25625844    0.20839101    0.30591044    0.20667820    0.21321109    0.20778314    0.20778314    0.22912268    0.18548209
T4             0.21043411    0.03910385    0.00000000    0.06743785    0.06944645    0.06960228    0.19004688    0.17758426    0.16469892    0.17223396    0.17736960    0.17780765    0.16958016    0.20494040    0.18233114    0.24904073    0.20183972    0.31215749    0.20316015    0.21520643    0.21207836    0.20694052    0.22825156    0.18212839
T14            0.19707348    0.06752790    0.06743785    0.00000000    0.02859720    0.02656478    0.18571884    0.17067517    0.15524805    0.16533903    0.17581836    0.17361661    0.17067517    0.18675401    0.16469892    0.23868765    0.20045811    0.30679760    0.20438553    0.21094974    0.19650806    0.19705175    0.22388293    0.17244294
T16            0.20246005    0.06727834    0.06944645    0.02859720    0.00000000    0.01413381    0.19004688    0.18571884    0.16469892    0.17490194    0.18276325    0.18323066    0.18028108    0.19650806    0.17430570    0.24601730    0.20749302    0.30138540    0.20924377    0.21808187    0.21207836    0.20694052    0.23410348    0.17944613
T6             0.20535237    0.06519526    0.06960228    0.02656478    0.01413381    0.00000000    0.19048775    0.17534289    0.16247741    0.16999253    0.18323066    0.18099939    0.17803974    0.19425674    0.17203362    0.24367104    0.20523160    0.29563891    0.20924377    0.21578932    0.20977515    0.19957824    0.23175709    0.17716368
T21            0.21673415    0.19347807    0.19004688    0.18571884    0.19004688    0.19048775    0.00000000    0.13446759    0.12239483    0.13197914    0.13681999    0.12717091    0.13696851    0.16247741    0.13654711    0.19829326    0.16490384    0.28389658    0.17925949    0.16733870    0.17203362    0.16450247    0.19552930    0.15635969
T2             0.22070644    0.18648204    0.17758426    0.17067517    0.18571884    0.17534289    0.13446759    0.00000000    0.08771729    0.09215822    0.11106261    0.10412360    0.10398245    0.12581107    0.10360336    0.19576035    0.15723931    0.28352217    0.16920222    0.15704664    0.17223396    0.15946087    0.18482516    0.14184702
T8             0.19824684    0.17067517    0.16469892    0.15524805    0.16469892    0.16247741    0.12239483    0.08771729    0.00000000    0.07395183    0.08760800    0.08319214    0.08539652    0.09934882    0.07825545    0.16657638    0.13461785    0.25621491    0.15110501    0.14200827    0.14406874    0.13184308    0.16136578    0.11961372
T19            0.20903557    0.17557632    0.17223396    0.16533903    0.17490194    0.16999253    0.13197914    0.09215822    0.07395183    0.00000000    0.06074010    0.04988141    0.05419141    0.06969056    0.04969160    0.16657638    0.14184702    0.26539636    0.14884301    0.13948203    0.15427723    0.13932718    0.16136578    0.13159495
T13            0.22329760    0.18897527    0.17736960    0.17581836    0.18276325    0.18323066    0.13681999    0.11106261    0.08760800    0.06074010    0.00000000    0.05213403    0.05646147    0.08123060    0.06067188    0.19004688    0.16490384    0.27439469    0.16902623    0.15985149    0.16713528    0.15445483    0.17430570    0.14645176
T1             0.22107671    0.18675401    0.17780765    0.17361661    0.18323066    0.18099939    0.12717091    0.10412360    0.08319214    0.04988141    0.05213403    0.00000000    0.02447257    0.07456392    0.05419141    0.17696654    0.15224308    0.26884117    0.16152983    0.14509907    0.15445483    0.14454736    0.16413512    0.13667951
T12            0.22070644    0.17828049    0.16958016    0.17067517    0.18028108    0.17803974    0.13696851    0.10398245    0.08539652    0.05419141    0.05646147    0.02447257    0.00000000    0.07904353    0.05852734    0.17716368    0.16247741    0.27474990    0.16396428    0.15224308    0.15686232    0.15205562    0.17184195    0.13904175
T7             0.23832584    0.20584143    0.20494040    0.18675401    0.19650806    0.19425674    0.16247741    0.12581107    0.09934882    0.06969056    0.08123060    0.07456392    0.07904353    0.00000000    0.05200290    0.20386754    0.18373318    0.29358291    0.18775404    0.16777107    0.18596443    0.17288673    0.19877989    0.15927816
T15            0.21965170    0.18299256    0.18233114    0.16469892    0.17430570    0.17203362    0.13654711    0.10360336    0.07825545    0.04969160    0.06067188    0.05419141    0.05852734    0.05200290    0.00000000    0.17891295    0.15927816    0.27999171    0.16609511    0.15170546    0.16152983    0.14899080    0.17395200    0.13891123
T9             0.24778599    0.25625844    0.24904073    0.23868765    0.24601730    0.24367104    0.19829326    0.19576035    0.16657638    0.16657638    0.19004688    0.17696654    0.17716368    0.20386754    0.17891295    0.00000000    0.11609365    0.29073959    0.17184195    0.16450247    0.17490194    0.15946087    0.18753657    0.18798047
T22            0.22070644    0.20839101    0.20183972    0.20045811    0.20749302    0.20523160    0.16490384    0.15723931    0.13461785    0.14184702    0.16490384    0.15224308    0.16247741    0.18373318    0.15927816    0.11609365    0.00000000    0.24904073    0.12937312    0.12267319    0.12745799    0.12036612    0.14948383    0.14254041
T18            0.37976192    0.30591044    0.31215749    0.30679760    0.30138540    0.29563891    0.28389658    0.28352217    0.25621491    0.26539636    0.27439469    0.26884117    0.27474990    0.29358291    0.27999171    0.29073959    0.24904073    0.00000000    0.18407468    0.18233114    0.20131913    0.19903691    0.21207836    0.27549296
T23            0.24170204    0.20667820    0.20316015    0.20438553    0.20924377    0.20924377    0.17925949    0.16920222    0.15110501    0.14884301    0.16902623    0.16152983    0.16396428    0.18775404    0.16609511    0.17184195    0.12937312    0.18407468    0.00000000    0.06704236    0.08502388    0.06931843    0.08946890    0.16136578
T0             0.24588821    0.21321109    0.21520643    0.21094974    0.21808187    0.21578932    0.16733870    0.15704664    0.14200827    0.13948203    0.15985149    0.14509907    0.15224308    0.16777107    0.15170546    0.16450247    0.12267319    0.18233114    0.06704236    0.00000000    0.08319214    0.07422672    0.08741094    0.16005934
T5             0.24017115    0.20778314    0.21207836    0.19650806    0.21207836    0.20977515    0.17203362    0.17223396    0.14406874    0.15427723    0.16713528    0.15445483    0.15686232    0.18596443    0.16152983    0.17490194    0.12745799    0.20131913    0.08502388    0.08319214    0.00000000    0.04128614    0.07621987    0.15946087
T11            0.22887663    0.20778314    0.20694052    0.19705175    0.20694052    0.19957824    0.16450247    0.15946087    0.13184308    0.13932718    0.15445483    0.14454736    0.15205562    0.17288673    0.14899080    0.15946087    0.12036612    0.19903691    0.06931843    0.07422672    0.04128614    0.00000000    0.06735465    0.14692522
T17            0.26018102    0.22912268    0.22825156    0.22388293    0.23410348    0.23175709    0.19552930    0.18482516    0.16136578    0.16136578    0.17430570    0.16413512    0.17184195    0.19877989    0.17395200    0.18753657    0.14948383    0.21207836    0.08946890    0.08741094    0.07621987    0.06735465    0.00000000    0.17716368
T20            0.22814909    0.18548209    0.18212839    0.17244294    0.17944613    0.17716368    0.15635969    0.14184702    0.11961372    0.13159495    0.14645176    0.13667951    0.13904175    0.15927816    0.13891123    0.18798047    0.14254041    0.27549296    0.16136578    0.16005934    0.15946087    0.14692522    0.17716368    0.00000000

