24
T18            0.00000000    0.19957349    0.22974598    0.23534755    0.23502027    0.29277349    0.31673263    0.21578384    0.22418896    0.21548784    0.29451820    0.28146172    0.25858555    0.26169345    0.22366029    0.21807650    0.15764663    0.16314352    0.15483222    0.16049682    0.19481580    0.14490469    0.14727938    0.15004814
T23            0.19957349    0.00000000    0.10652679    0.14437753    0.14675702    0.26643056    0.31597612    0.20045289    0.21740442    0.20870304    0.28070057    0.27113499    0.23940240    0.24243488    0.24169482    0.26094288    0.18253930    0.19096055    0.18503172    0.19096055    0.22561789    0.17736631    0.17984265    0.18275966
T1             0.22974598    0.10652679    0.00000000    0.14709710    0.14692298    0.28992881    0.34122554    0.23675468    0.25475244    0.24548589    0.29738864    0.30148566    0.26208436    0.26522158    0.27709937    0.28992881    0.21181402    0.21492414    0.21724890    0.22942652    0.27548432    0.20642074    0.20898766    0.21207354
T21            0.23534755    0.14437753    0.14709710    0.00000000    0.00200301    0.28562464    0.34328096    0.23205980    0.24366416    0.23470285    0.30679045    0.29771023    0.27032516    0.27349219    0.27667944    0.29524758    0.21959555    0.22272605    0.22220860    0.21465649    0.26199358    0.20617720    0.21391066    0.21699216
T3             0.23502027    0.14675702    0.14692298    0.00200301    0.00000000    0.28528508    0.34281262    0.23470285    0.24634390    0.23735574    0.30970549    0.30057450    0.27309318    0.27627027    0.27946771    0.29811590    0.22220860    0.22534593    0.22483137    0.21724890    0.26474801    0.20874559    0.21650751    0.21959555
T22            0.29277349    0.26643056    0.28992881    0.28562464    0.28528508    0.00000000    0.11791878    0.18298885    0.20210896    0.19096055    0.24617332    0.23941809    0.22067463    0.21779110    0.33025491    0.35086140    0.26751317    0.27404259    0.27028914    0.26782701    0.32390663    0.25018029    0.24692274    0.25018029
T9             0.31673263    0.31597612    0.34122554    0.34328096    0.34281262    0.11791878    0.00000000    0.19805978    0.22039043    0.21465649    0.28404016    0.26782701    0.24837922    0.24537426    0.35916701    0.37211502    0.30755847    0.31463262    0.30716854    0.31128526    0.34191441    0.28846200    0.28495681    0.29487714
T0             0.21578384    0.20045289    0.23675468    0.23205980    0.23470285    0.18298885    0.19805978    0.00000000    0.02238904    0.01824802    0.19530363    0.16247441    0.13355633    0.13102369    0.26605440    0.27866138    0.19828920    0.20131476    0.19530363    0.20131476    0.24001856    0.18212515    0.18193142    0.18753303
T8             0.22418896    0.21740442    0.25475244    0.24366416    0.24634390    0.20210896    0.22039043    0.02238904    0.00000000    0.00806480    0.21181402    0.18099546    0.15140049    0.14878149    0.28167312    0.28789780    0.20642074    0.20950000    0.20898766    0.20950000    0.25411365    0.19552541    0.19530363    0.20106839
T7             0.21548784    0.20870304    0.24548589    0.23470285    0.23735574    0.19096055    0.21465649    0.01824802    0.00806480    0.00000000    0.20060333    0.17020825    0.14100593    0.13844077    0.27198719    0.28146172    0.20361816    0.20667361    0.20060333    0.20667361    0.24507140    0.18732467    0.18712532    0.19277683
T20            0.29451820    0.28070057    0.29738864    0.30679045    0.30970549    0.24617332    0.28404016    0.19530363    0.21181402    0.20060333    0.00000000    0.06931803    0.11961251    0.11720226    0.34281262    0.37114737    0.29319806    0.29670789    0.28974036    0.28717708    0.33346413    0.27782485    0.27756144    0.28404016
T5             0.28146172    0.27113499    0.30148566    0.29771023    0.30057450    0.23941809    0.26782701    0.16247441    0.18099546    0.17020825    0.06931803    0.00000000    0.08519512    0.08289581    0.32330357    0.34729912    0.26815167    0.27160461    0.26168789    0.26538897    0.31047156    0.25318518    0.25289659    0.25924978
T13            0.25858555    0.23940240    0.26208436    0.27032516    0.27309318    0.22067463    0.24837922    0.13355633    0.15140049    0.14100593    0.11961251    0.08519512    0.00000000    0.00603635    0.28592471    0.30547391    0.24269137    0.24601054    0.23941809    0.24001856    0.28351352    0.23116333    0.23088422    0.22824615
T14            0.26169345    0.24243488    0.26522158    0.27349219    0.27627027    0.21779110    0.24537426    0.13102369    0.14878149    0.13844077    0.11720226    0.08289581    0.00603635    0.00000000    0.28268577    0.30879900    0.23971330    0.24300556    0.23646645    0.23704932    0.28033654    0.22824615    0.22797556    0.22534593
T4             0.22366029    0.24169482    0.27709937    0.27667944    0.27946771    0.33025491    0.35916701    0.26605440    0.28167312    0.27198719    0.34281262    0.32330357    0.28592471    0.28268577    0.00000000    0.07155550    0.16533578    0.16291214    0.16247441    0.16291214    0.18845606    0.14727938    0.14966218    0.15243609
T6             0.21807650    0.26094288    0.28992881    0.29524758    0.29811590    0.35086140    0.37211502    0.27866138    0.28789780    0.28146172    0.37114737    0.34729912    0.30547391    0.30879900    0.07155550    0.00000000    0.19048393    0.18253930    0.18753303    0.18525059    0.21156396    0.17449269    0.17696347    0.17984265
T2             0.15764663    0.18253930    0.21181402    0.21959555    0.22220860    0.26751317    0.30755847    0.19828920    0.20642074    0.20361816    0.29319806    0.26815167    0.24269137    0.23971330    0.16533578    0.19048393    0.00000000    0.01623196    0.02238904    0.03485706    0.10793073    0.06061013    0.06276338    0.06504538
T17            0.16314352    0.19096055    0.21492414    0.22272605    0.22534593    0.27404259    0.31463262    0.20131476    0.20950000    0.20667361    0.29670789    0.27160461    0.24601054    0.24300556    0.16291214    0.18253930    0.01623196    0.00000000    0.02660405    0.03914441    0.11281682    0.06511665    0.06727787    0.06960174
T15            0.15483222    0.18503172    0.21724890    0.22220860    0.22483137    0.27028914    0.30716854    0.19530363    0.20898766    0.20060333    0.28974036    0.26168789    0.23941809    0.23646645    0.16247441    0.18753303    0.02238904    0.02660405    0.00000000    0.03694623    0.11021402    0.05835751    0.06050790    0.06276338
T12            0.16049682    0.19096055    0.22942652    0.21465649    0.21724890    0.26782701    0.31128526    0.20131476    0.20950000    0.20667361    0.28717708    0.26538897    0.24001856    0.23704932    0.16291214    0.18525059    0.03485706    0.03914441    0.03694623    0.00000000    0.11281682    0.06288913    0.06504538    0.06735416
T11            0.19481580    0.22561789    0.27548432    0.26199358    0.26474801    0.32390663    0.34191441    0.24001856    0.25411365    0.24507140    0.33346413    0.31047156    0.28351352    0.28033654    0.18845606    0.21156396    0.10793073    0.11281682    0.11021402    0.11281682    0.00000000    0.09643028    0.09867990    0.10112620
T16            0.14490469    0.17736631    0.20642074    0.20617720    0.20874559    0.25018029    0.28846200    0.18212515    0.19552541    0.18732467    0.27782485    0.25318518    0.23116333    0.22824615    0.14727938    0.17449269    0.06061013    0.06511665    0.05835751    0.06288913    0.09643028    0.00000000    0.00602720    0.00804437
T10            0.14727938    0.17984265    0.20898766    0.21391066    0.21650751    0.24692274    0.28495681    0.18193142    0.19530363    0.18712532    0.27756144    0.25289659    0.23088422    0.22797556    0.14966218    0.17696347    0.06276338    0.06727787    0.06050790    0.06504538    0.09867990    0.00602720    0.00000000    0.01006765
T19            0.15004814    0.18275966    0.21207354    0.21699216    0.21959555    0.25018029    0.29487714    0.18753303    0.20106839    0.19277683    0.28404016    0.25924978    0.22824615    0.22534593    0.15243609    0.17984265    0.06504538    0.06960174    0.06276338    0.06735416    0.10112620    0.00804437    0.01006765    0.00000000

