24
T12            0.00000000    0.39002162    0.38933464    0.34752390    0.36405839    0.37153243    0.37153243    0.37657770    0.37657770    0.38881835    0.36106293    0.37417537    0.35448404    0.36778142    0.34870384    0.35669467    0.21726051    0.22273823    0.23471761    0.22221996    0.22221996    0.20595283    0.21088036    0.20018401
T17            0.39002162    0.00000000    0.00401105    0.13783432    0.16848830    0.16631549    0.16631549    0.16534364    0.16534364    0.29934686    0.27891216    0.28730524    0.26200985    0.26265425    0.26445066    0.27034613    0.37467031    0.39323211    0.39935650    0.34733169    0.34733169    0.33823959    0.34733169    0.32735080
T0             0.38933464    0.00401105    0.00000000    0.13764578    0.16824234    0.16339167    0.16339167    0.16248162    0.16248162    0.29880620    0.27844867    0.28684218    0.26170365    0.26232672    0.26407029    0.26995656    0.37404228    0.39254390    0.39465081    0.34683722    0.34683722    0.33774443    0.34683722    0.32690425
T19            0.34752390    0.13783432    0.13764578    0.00000000    0.06519596    0.07904488    0.07904488    0.07859433    0.07859433    0.28265812    0.25978108    0.27115719    0.23277052    0.24210746    0.23176534    0.23972777    0.32384231    0.32925987    0.35115224    0.32142318    0.32142318    0.30592519    0.31465855    0.30219469
T15            0.36405839    0.16848830    0.16824234    0.06519596    0.00000000    0.09978379    0.09978379    0.10398429    0.10398429    0.28978442    0.26565470    0.28034140    0.24128541    0.24778046    0.23737060    0.24538942    0.34810755    0.35362496    0.37282713    0.35501716    0.35501716    0.33174529    0.33726184    0.31759332
T5             0.37153243    0.16631549    0.16339167    0.07904488    0.09978379    0.00000000    0.00000000    0.02862845    0.02862845    0.29208633    0.26882256    0.27074635    0.24128541    0.25078597    0.24034928    0.24839496    0.35056808    0.37467031    0.39072258    0.36119400    0.36119400    0.33079134    0.34331166    0.33378536
T21            0.37153243    0.16631549    0.16339167    0.07904488    0.09978379    0.00000000    0.00000000    0.02862845    0.02862845    0.29208633    0.26882256    0.27074635    0.24128541    0.25078597    0.24034928    0.24839496    0.35056808    0.37467031    0.39072258    0.36119400    0.36119400    0.33079134    0.34331166    0.33378536
T23            0.37657770    0.16534364    0.16248162    0.07859433    0.10398429    0.02862845    0.02862845    0.00000000    0.00000000    0.30347467    0.27991046    0.28188094    0.24964508    0.25866158    0.24508607    0.25622382    0.36287298    0.37974122    0.39576720    0.35914115    0.35914115    0.33588964    0.33805989    0.33545751
T14            0.37657770    0.16534364    0.16248162    0.07859433    0.10398429    0.02862845    0.02862845    0.00000000    0.00000000    0.30347467    0.27991046    0.28188094    0.24964508    0.25866158    0.24508607    0.25622382    0.36287298    0.37974122    0.39576720    0.35914115    0.35914115    0.33588964    0.33805989    0.33545751
T6             0.38881835    0.29934686    0.29880620    0.28265812    0.28978442    0.29208633    0.29208633    0.30347467    0.30347467    0.00000000    0.03280825    0.04982431    0.19904315    0.19011855    0.18890966    0.19292178    0.36173873    0.37244544    0.36312912    0.33574178    0.33574178    0.31504356    0.34392175    0.32038968
T7             0.36106293    0.27891216    0.27844867    0.25978108    0.26565470    0.26882256    0.26882256    0.27991046    0.27991046    0.03280825    0.00000000    0.02855420    0.17512278    0.17879370    0.17806898    0.18484957    0.34265083    0.34931277    0.34387813    0.32484021    0.32484021    0.30105086    0.32925987    0.30636341
T18            0.37417537    0.28730524    0.28684218    0.27115719    0.28034140    0.27074635    0.27074635    0.28188094    0.28188094    0.04982431    0.02855420    0.00000000    0.19300927    0.19454090    0.19389050    0.20077719    0.36283627    0.37349456    0.36040006    0.34076271    0.34076271    0.31647658    0.34176526    0.32188289
T10            0.35448404    0.26200985    0.26170365    0.23277052    0.24128541    0.24128541    0.24128541    0.24964508    0.24964508    0.19904315    0.17512278    0.19300927    0.00000000    0.13334977    0.12174881    0.12862384    0.32828081    0.32438092    0.34228548    0.31454065    0.31454065    0.29994577    0.31854544    0.29321614
T13            0.36778142    0.26265425    0.26232672    0.24210746    0.24778046    0.25078597    0.25078597    0.25866158    0.25866158    0.19011855    0.17879370    0.19454090    0.13334977    0.00000000    0.05185662    0.05610025    0.34336374    0.34889223    0.36036294    0.32524163    0.32524163    0.30719141    0.31265498    0.29706237
T8             0.34870384    0.26445066    0.26407029    0.23176534    0.23737060    0.24034928    0.24034928    0.24508607    0.24508607    0.18890966    0.17806898    0.19389050    0.12174881    0.05185662    0.00000000    0.04117003    0.32141738    0.32785110    0.33789685    0.31049524    0.31049524    0.29931721    0.30798440    0.28919351
T11            0.35669467    0.27034613    0.26995656    0.23972777    0.24538942    0.24839496    0.24839496    0.25622382    0.25622382    0.19292178    0.18484957    0.20077719    0.12862384    0.05610025    0.04117003    0.00000000    0.31893760    0.32438092    0.33523400    0.31193793    0.31193793    0.29419060    0.30284089    0.28435150
T1             0.21726051    0.37467031    0.37404228    0.32384231    0.34810755    0.35056808    0.35056808    0.36287298    0.36287298    0.36173873    0.34265083    0.36283627    0.32828081    0.34336374    0.32141738    0.31893760    0.00000000    0.05194770    0.07849919    0.15705028    0.15705028    0.13243770    0.15744428    0.14235821
T3             0.22273823    0.39323211    0.39254390    0.32925987    0.35362496    0.37467031    0.37467031    0.37974122    0.37974122    0.37244544    0.34931277    0.37349456    0.32438092    0.34889223    0.32785110    0.32438092    0.05194770    0.00000000    0.08069478    0.16207686    0.16207686    0.13477879    0.16248162    0.14218066
T20            0.23471761    0.39935650    0.39465081    0.35115224    0.37282713    0.39072258    0.39072258    0.39576720    0.39576720    0.36312912    0.34387813    0.36040006    0.34228548    0.36036294    0.33789685    0.33523400    0.07849919    0.08069478    0.00000000    0.17337009    0.17337009    0.15069529    0.17933598    0.15307923
T9             0.22221996    0.34733169    0.34683722    0.32142318    0.35501716    0.36119400    0.36119400    0.35914115    0.35914115    0.33574178    0.32484021    0.34076271    0.31454065    0.32524163    0.31049524    0.31193793    0.15705028    0.16207686    0.17337009    0.00000000    0.00000000    0.04330702    0.08273586    0.07155652
T4             0.22221996    0.34733169    0.34683722    0.32142318    0.35501716    0.36119400    0.36119400    0.35914115    0.35914115    0.33574178    0.32484021    0.34076271    0.31454065    0.32524163    0.31049524    0.31193793    0.15705028    0.16207686    0.17337009    0.00000000    0.00000000    0.04330702    0.08273586    0.07155652
T22            0.20595283    0.33823959    0.33774443    0.30592519    0.33174529    0.33079134    0.33079134    0.33588964    0.33588964    0.31504356    0.30105086    0.31647658    0.29994577    0.30719141    0.29931721    0.29419060    0.13243770    0.13477879    0.15069529    0.04330702    0.04330702    0.00000000    0.06952161    0.05194770
T16            0.21088036    0.34733169    0.34683722    0.31465855    0.33726184    0.34331166    0.34331166    0.33805989    0.33805989    0.34392175    0.32925987    0.34176526    0.31854544    0.31265498    0.30798440    0.30284089    0.15744428    0.16248162    0.17933598    0.08273586    0.08273586    0.06952161    0.00000000    0.02034064
T2             0.20018401    0.32735080    0.32690425    0.30219469    0.31759332    0.33378536    0.33378536    0.33545751    0.33545751    0.32038968    0.30636341    0.32188289    0.29321614    0.29706237    0.28919351    0.28435150    0.14235821    0.14218066    0.15307923    0.07155652    0.07155652    0.05194770    0.02034064    0.00000000

