24
T15            0.00000000    0.31606407    0.32891880    0.32191836    0.31898536    0.33960708    0.30820531    0.27432390    0.30483512    0.36402027    0.33676265    0.32122584    0.30736961    0.31716008    0.27475502    0.33960708    0.31210549    0.31159841    0.30272208    0.30920779    0.30920779    0.25207644    0.23903787    0.24896093
T2             0.31606407    0.00000000    0.03277438    0.02857240    0.02650495    0.03701204    0.03906955    0.16226856    0.17449306    0.25750524    0.22272672    0.17736677    0.16938437    0.16998983    0.16693794    0.21320657    0.18276018    0.17716091    0.20493624    0.22011653    0.22011653    0.28528595    0.25562399    0.26231082
T5             0.32891880    0.03277438    0.00000000    0.00401611    0.01414108    0.03924534    0.04765428    0.16490129    0.17183940    0.25750524    0.22272672    0.18232821    0.17203101    0.17265772    0.17489915    0.21609020    0.18547890    0.17984310    0.19650434    0.21724955    0.21724955    0.29563073    0.26782786    0.27474282
T11            0.32191836    0.02857240    0.00401611    0.00000000    0.01006765    0.03710377    0.04334346    0.15964965    0.17183940    0.25444496    0.21985150    0.17696383    0.16675169    0.16733611    0.16957759    0.21033950    0.18005619    0.17449306    0.19096118    0.21156453    0.21156453    0.28917389    0.26168863    0.26848812
T23            0.31898536    0.02650495    0.01414108    0.01006765    0.00000000    0.03502232    0.03910373    0.15243653    0.16450005    0.24634497    0.21207422    0.16957759    0.15945859    0.16005686    0.16450005    0.20268497    0.17265772    0.16713275    0.18347424    0.20386374    0.20386374    0.27753475    0.25348504    0.26023517
T7             0.33960708    0.03701204    0.03924534    0.03710377    0.03502232    0.00000000    0.04765428    0.16754798    0.17984310    0.25140333    0.22852734    0.18503218    0.16938437    0.17265772    0.18298941    0.23076367    0.19929918    0.19347457    0.21640504    0.23767309    0.23767309    0.30547536    0.27718066    0.28427433
T10            0.30820531    0.03906955    0.04765428    0.04334346    0.03910373    0.04765428    0.00000000    0.15445268    0.16657403    0.24838013    0.21985150    0.17430311    0.16413282    0.16469643    0.16431217    0.21320657    0.18276018    0.17716091    0.19650434    0.21724955    0.21724955    0.28528595    0.25318591    0.26231082
T22            0.27432390    0.16226856    0.16490129    0.15964965    0.15243653    0.16754798    0.15445268    0.00000000    0.07630916    0.14747021    0.11306318    0.13964316    0.13746032    0.13260105    0.13197765    0.15004859    0.13243336    0.12730909    0.15243653    0.17780468    0.17780468    0.23275933    0.21132389    0.21751593
T20            0.30483512    0.17449306    0.17183940    0.17183940    0.16450005    0.17984310    0.16657403    0.07630916    0.00000000    0.12993873    0.09438870    0.16188116    0.15187435    0.14184527    0.15138662    0.17265772    0.15445268    0.15427514    0.16450005    0.17183940    0.17183940    0.24866051    0.22108652    0.23300713
T19            0.36402027    0.25750524    0.25750524    0.25444496    0.24634497    0.25140333    0.24838013    0.14747021    0.12993873    0.00000000    0.06727794    0.21985150    0.20898824    0.19806026    0.22534659    0.25279054    0.22619186    0.23175202    0.24704214    0.25379461    0.25379461    0.31816192    0.30970651    0.32390815
T21            0.33676265    0.22272672    0.22272672    0.21985150    0.21207422    0.22852734    0.21985150    0.11306318    0.09438870    0.06727794    0.00000000    0.20083175    0.18482218    0.17430311    0.18693532    0.21234323    0.19025959    0.19277730    0.19852840    0.20338299    0.20338299    0.28065022    0.25782170    0.27683757
T3             0.32122584    0.17736677    0.18232821    0.17696383    0.16957759    0.18503218    0.17430311    0.13964316    0.16188116    0.21985150    0.20083175    0.00000000    0.05638926    0.05425818    0.13948030    0.17336174    0.15764713    0.15224091    0.18571557    0.22039119    0.22039119    0.28881274    0.25716550    0.25716550
T12            0.30736961    0.16938437    0.17203101    0.16675169    0.15945859    0.16938437    0.16413282    0.13746032    0.15187435    0.20898824    0.18482218    0.05638926    0.00000000    0.04565801    0.12214639    0.15524565    0.14253844    0.13728786    0.17533996    0.21520204    0.21520204    0.27371030    0.24269225    0.24269225
T6             0.31716008    0.16998983    0.17265772    0.16733611    0.16005686    0.17265772    0.16469643    0.13260105    0.14184527    0.19806026    0.17430311    0.05425818    0.04565801    0.00000000    0.12471177    0.16338387    0.14017978    0.13494051    0.16490129    0.20411803    0.20411803    0.26782786    0.24300650    0.24601154
T8             0.27475502    0.16693794    0.17489915    0.16957759    0.16450005    0.18298941    0.16431217    0.13197765    0.15138662    0.22534659    0.18693532    0.13948030    0.12214639    0.12471177    0.00000000    0.08771655    0.07403599    0.06720855    0.14392386    0.18442905    0.18442905    0.25209437    0.22677131    0.23300713
T0             0.33960708    0.21320657    0.21609020    0.21033950    0.20268497    0.23076367    0.21320657    0.15004859    0.17265772    0.25279054    0.21234323    0.17336174    0.15524565    0.16338387    0.08771655    0.00000000    0.07699406    0.06547015    0.18596108    0.22649304    0.22649304    0.28917389    0.27160567    0.28507829
T1             0.31210549    0.18276018    0.18547890    0.18005619    0.17265772    0.19929918    0.18276018    0.13243336    0.15445268    0.22619186    0.19025959    0.15764713    0.14253844    0.14017978    0.07403599    0.07699406    0.00000000    0.03077560    0.16733611    0.20667426    0.20667426    0.27371030    0.24747507    0.25411460
T18            0.31159841    0.17716091    0.17984310    0.17449306    0.16713275    0.19347457    0.17716091    0.12730909    0.15427514    0.23175202    0.19277730    0.15224091    0.13728786    0.13494051    0.06720855    0.06547015    0.03077560    0.00000000    0.16188116    0.20642134    0.20642134    0.27028989    0.25018097    0.25683621
T4             0.30272208    0.20493624    0.19650434    0.19096118    0.18347424    0.21640504    0.19650434    0.15243653    0.16450005    0.24704214    0.19852840    0.18571557    0.17533996    0.16490129    0.14392386    0.18596108    0.16733611    0.16188116    0.00000000    0.13197765    0.13197765    0.26643174    0.23799945    0.24777960
T9             0.30920779    0.22011653    0.21724955    0.21156453    0.20386374    0.23767309    0.21724955    0.17780468    0.17183940    0.25379461    0.20338299    0.22039119    0.21520204    0.20411803    0.18442905    0.22649304    0.20667426    0.20642134    0.13197765    0.00000000    0.00000000    0.27964258    0.24181026    0.26058440
T13            0.30920779    0.22011653    0.21724955    0.21156453    0.20386374    0.23767309    0.21724955    0.17780468    0.17183940    0.25379461    0.20338299    0.22039119    0.21520204    0.20411803    0.18442905    0.22649304    0.20667426    0.20642134    0.13197765    0.00000000    0.00000000    0.27964258    0.24181026    0.26058440
T16            0.25207644    0.28528595    0.29563073    0.28917389    0.27753475    0.30547536    0.28528595    0.23275933    0.24866051    0.31816192    0.28065022    0.28881274    0.27371030    0.26782786    0.25209437    0.28917389    0.27371030    0.27028989    0.26643174    0.27964258    0.27964258    0.00000000    0.13856733    0.13878735
T17            0.23903787    0.25562399    0.26782786    0.26168863    0.25348504    0.27718066    0.25318591    0.21132389    0.22108652    0.30970651    0.25782170    0.25716550    0.24269225    0.24300650    0.22677131    0.27160567    0.24747507    0.25018097    0.23799945    0.24181026    0.24181026    0.13856733    0.00000000    0.03497136
T14            0.24896093    0.26231082    0.27474282    0.26848812    0.26023517    0.28427433    0.26231082    0.21751593    0.23300713    0.32390815    0.27683757    0.25716550    0.24269225    0.24601154    0.23300713    0.28507829    0.25411460    0.25683621    0.24777960    0.26058440    0.26058440    0.13878735    0.03497136    0.00000000

