24
T16            0.00000000    0.43046713    0.44968212    0.51381691    0.47986283    0.42182493    0.41847075    0.41637112    0.39423831    0.41640809    0.37655264    0.38316548    0.42981561    0.40133186    0.36971398    0.37709001    0.38081944    0.38836324    0.27350815    0.25662769    0.12780524    0.13263353    0.13715527    0.12105094
T14            0.43046713    0.00000000    0.06736224    0.18877681    0.15814100    0.08495812    0.08733404    0.08299905    0.20393486    0.21072425    0.20674827    0.21908474    0.27363861    0.25219338    0.22428579    0.23017937    0.21270404    0.23017937    0.51060660    0.50827522    0.41971075    0.43520872    0.43728772    0.43733777
T20            0.44968212    0.06736224    0.00000000    0.18281802    0.15508007    0.09620239    0.09860788    0.09653960    0.21706986    0.22397126    0.21473569    0.22428579    0.27601594    0.25762436    0.23248052    0.23844457    0.22076270    0.23844457    0.53664264    0.53436181    0.44551625    0.45461529    0.46517986    0.45963759
T18            0.51381691    0.18877681    0.18281802    0.00000000    0.07196319    0.13215032    0.13480593    0.13281044    0.28047267    0.27880669    0.28121867    0.30889824    0.36059029    0.34909547    0.29458532    0.31129754    0.29458532    0.30454514    0.56969693    0.56254165    0.51855814    0.50075339    0.51664939    0.52261036
T21            0.47986283    0.15814100    0.15508007    0.07196319    0.00000000    0.10148447    0.10640211    0.10204474    0.25797761    0.25638253    0.25490371    0.27491113    0.32402358    0.32006552    0.26144402    0.27725459    0.26456620    0.28047790    0.53197004    0.52966684    0.46670343    0.45461529    0.46090682    0.46995783
T1             0.42182493    0.08495812    0.09620239    0.13215032    0.10148447    0.00000000    0.01413290    0.02233553    0.18950338    0.18487702    0.17879478    0.19835532    0.24190478    0.23284162    0.20345000    0.20624751    0.18969363    0.20624751    0.49798701    0.50005730    0.39963418    0.41063091    0.41283817    0.41241990
T4             0.41847075    0.08733404    0.09860788    0.13480593    0.10640211    0.01413290    0.00000000    0.02442230    0.18738053    0.18281802    0.17664262    0.19631513    0.23981280    0.23070156    0.20138579    0.20419130    0.18759072    0.20419130    0.49124847    0.49337196    0.40402949    0.41908300    0.42122802    0.41701371
T23            0.41637112    0.08299905    0.09653960    0.13281044    0.10204474    0.02233553    0.02442230    0.00000000    0.18217804    0.17763619    0.17949362    0.19657550    0.24012081    0.23097320    0.20445705    0.20728654    0.18780995    0.20445705    0.48625059    0.48826026    0.39423831    0.40911100    0.41121200    0.40708336
T19            0.39423831    0.20393486    0.21706986    0.28047267    0.25797761    0.18950338    0.18738053    0.18217804    0.00000000    0.03694798    0.14130989    0.15449303    0.20368775    0.19241464    0.15157658    0.16192445    0.13644747    0.15672361    0.48324396    0.47237907    0.38560662    0.39100363    0.39692155    0.38895753
T0             0.41640809    0.21072425    0.22397126    0.27880669    0.25638253    0.18487702    0.18281802    0.17763619    0.03694798    0.00000000    0.14187795    0.15791350    0.20247222    0.18553925    0.14970202    0.16010450    0.13449508    0.16010450    0.49488134    0.48831655    0.40708336    0.40909461    0.41903335    0.40722393
T7             0.37655264    0.20674827    0.21473569    0.28121867    0.25490371    0.17879478    0.17664262    0.17949362    0.14130989    0.14187795    0.00000000    0.06989801    0.11824609    0.10839713    0.06744603    0.07423724    0.05413553    0.07196319    0.47598275    0.46102429    0.35838058    0.35724606    0.36657685    0.35058020
T3             0.38316548    0.21908474    0.22428579    0.30889824    0.27491113    0.19835532    0.19631513    0.19657550    0.15449303    0.15791350    0.06989801    0.00000000    0.07404568    0.07170191    0.04560078    0.05213933    0.05213933    0.06099324    0.46234018    0.46018932    0.37562112    0.37366827    0.38316548    0.36802276
T17            0.42981561    0.27363861    0.27601594    0.36059029    0.32402358    0.24190478    0.23981280    0.24012081    0.20368775    0.20247222    0.11824609    0.07404568    0.00000000    0.05185965    0.09440376    0.10386728    0.09675282    0.11108496    0.51139105    0.51860642    0.42573459    0.43619864    0.44226345    0.41528817
T12            0.40133186    0.25219338    0.25762436    0.34909547    0.32006552    0.23284162    0.23070156    0.23097320    0.19241464    0.18553925    0.10839713    0.07170191    0.05185965    0.00000000    0.09429902    0.10136289    0.09196651    0.10373998    0.49119991    0.49359920    0.40911100    0.41640809    0.42644076    0.40254259
T5             0.36971398    0.22428579    0.23248052    0.29458532    0.26144402    0.20345000    0.20138579    0.20445705    0.15157658    0.14970202    0.06744603    0.04560078    0.09440376    0.09429902    0.00000000    0.03073547    0.05213933    0.06099324    0.47665139    0.45880571    0.35528209    0.36397729    0.37338832    0.36195566
T22            0.37709001    0.23017937    0.23844457    0.31129754    0.27725459    0.20624751    0.20419130    0.20728654    0.16192445    0.16010450    0.07423724    0.05213933    0.10386728    0.10136289    0.03073547    0.00000000    0.06082180    0.07663326    0.48969299    0.46727864    0.37338832    0.37504219    0.38081944    0.36933248
T2             0.38081944    0.21270404    0.22076270    0.29458532    0.26456620    0.18969363    0.18759072    0.18780995    0.13644747    0.13449508    0.05413553    0.05213933    0.09675282    0.09196651    0.05213933    0.06082180    0.00000000    0.03710668    0.45977791    0.44514936    0.36244570    0.36034301    0.36971398    0.36195566
T6             0.38836324    0.23017937    0.23844457    0.30454514    0.28047790    0.20624751    0.20419130    0.20445705    0.15672361    0.16010450    0.07196319    0.06099324    0.11108496    0.10373998    0.06099324    0.07663326    0.03710668    0.00000000    0.47373327    0.45880571    0.36606657    0.37504219    0.38457705    0.37306233
T10            0.27350815    0.51060660    0.53664264    0.56969693    0.53197004    0.49798701    0.49124847    0.48625059    0.48324396    0.49488134    0.47598275    0.46234018    0.51139105    0.49119991    0.47665139    0.48969299    0.45977791    0.47373327    0.00000000    0.04977668    0.28225595    0.28969216    0.27911464    0.27731121
T15            0.25662769    0.50827522    0.53436181    0.56254165    0.52966684    0.50005730    0.49337196    0.48826026    0.47237907    0.48831655    0.46102429    0.46018932    0.51860642    0.49359920    0.45880571    0.46727864    0.44514936    0.45880571    0.04977668    0.00000000    0.27138536    0.27880669    0.26827328    0.26656060
T9             0.12780524    0.41971075    0.44551625    0.51855814    0.46670343    0.39963418    0.40402949    0.39423831    0.38560662    0.40708336    0.35838058    0.37562112    0.42573459    0.40911100    0.35528209    0.37338832    0.36244570    0.36606657    0.28225595    0.27138536    0.00000000    0.07388217    0.08046522    0.06961058
T11            0.13263353    0.43520872    0.45461529    0.50075339    0.45461529    0.41063091    0.41908300    0.40911100    0.39100363    0.40909461    0.35724606    0.37366827    0.43619864    0.41640809    0.36397729    0.37504219    0.36034301    0.37504219    0.28969216    0.27880669    0.07388217    0.00000000    0.02656616    0.07404568
T13            0.13715527    0.43728772    0.46517986    0.51664939    0.46090682    0.41283817    0.42122802    0.41121200    0.39692155    0.41903335    0.36657685    0.38316548    0.44226345    0.42644076    0.37338832    0.38081944    0.36971398    0.38457705    0.27911464    0.26827328    0.08046522    0.02656616    0.00000000    0.08061732
T8             0.12105094    0.43733777    0.45963759    0.52261036    0.46995783    0.41241990    0.41701371    0.40708336    0.38895753    0.40722393    0.35058020    0.36802276    0.41528817    0.40254259    0.36195566    0.36933248    0.36195566    0.37306233    0.27731121    0.26656060    0.06961058    0.07404568    0.08061732    0.00000000

