24
T18            0.00000000    0.24747595    0.25379532    0.26058482    0.28467125    0.22680404    0.30590200    0.25207675    0.24903512    0.22328343    0.27349381    0.23940354    0.23713196    0.23833582    0.23534873    0.23568581    0.23534873    0.25549829    0.26572721    0.24153754    0.23885945    0.22173151    0.23542287    0.22534717
T6             0.24747595    0.00000000    0.03274724    0.29929565    0.30796258    0.26539071    0.33159875    0.30837606    0.30506199    0.27474351    0.31214871    0.29816240    0.28918659    0.30102639    0.29032571    0.29073182    0.28070248    0.28846420    0.31227127    0.29417315    0.29131296    0.25508263    0.27248883    0.26506491
T12            0.25379532    0.03274724    0.00000000    0.29073182    0.30258789    0.27196234    0.33543335    0.30301431    0.29971115    0.27196234    0.30923826    0.30196027    0.29293010    0.30724925    0.29399187    0.29441989    0.28427491    0.28881388    0.31263515    0.28245989    0.27964370    0.25894453    0.27338921    0.26919193
T4             0.26058482    0.29929565    0.29073182    0.00000000    0.05413082    0.19877644    0.27371136    0.24001989    0.24300692    0.20667459    0.23145356    0.21005072    0.20777884    0.21779217    0.20131568    0.20157123    0.20977119    0.21132451    0.24692440    0.28495904    0.28213041    0.27753553    0.28993084    0.27548607
T22            0.28467125    0.30796258    0.30258789    0.05413082    0.00000000    0.23007624    0.30217304    0.26643220    0.26955953    0.23767337    0.26993782    0.24436415    0.23603269    0.24937765    0.23206099    0.23237942    0.24400980    0.24537571    0.28033848    0.31301110    0.31008511    0.30880129    0.32778338    0.30678856
T23            0.22680404    0.26539071    0.27196234    0.19877644    0.23007624    0.00000000    0.13184188    0.10146608    0.09909580    0.10610864    0.14037451    0.11854999    0.11644083    0.12051715    0.10864521    0.10879048    0.11106138    0.13243341    0.15910204    0.27964370    0.27683860    0.25318683    0.28315247    0.26023570
T2             0.30590200    0.33159875    0.33543335    0.27371136    0.30217304    0.13184188    0.00000000    0.11053189    0.10813892    0.17449342    0.20315718    0.20693675    0.20465442    0.20338350    0.19048477    0.19071857    0.19552632    0.21959676    0.22677247    0.35417819    0.35109339    0.33763148    0.36440061    0.34236019
T8             0.25207675    0.30837606    0.30301431    0.24001989    0.26643220    0.10146608    0.11053189    0.00000000    0.00200402    0.13948046    0.17557334    0.16049731    0.15832410    0.16776837    0.15503505    0.15524561    0.15503505    0.17244037    0.19004419    0.32942943    0.32644615    0.29774881    0.32986219    0.31214871
T11            0.24903512    0.30506199    0.29971115    0.24300692    0.26955953    0.09909580    0.10813892    0.00200402    0.00000000    0.13696704    0.17288389    0.15786455    0.15569132    0.16511465    0.15243657    0.15264033    0.15243657    0.16977961    0.18732554    0.32602507    0.32305333    0.29452051    0.32644615    0.30880129
T7             0.22328343    0.27474351    0.27196234    0.20667459    0.23767337    0.10610864    0.17449342    0.13948046    0.13696704    0.00000000    0.12498667    0.13277656    0.13063119    0.13260106    0.12267189    0.12282260    0.12513573    0.13184188    0.15593186    0.26782887    0.26506491    0.24422583    0.27683860    0.26023570
T0             0.27349381    0.31214871    0.30923826    0.23145356    0.26993782    0.14037451    0.20315718    0.17557334    0.17288389    0.12498667    0.00000000    0.16657027    0.15907486    0.16847995    0.15569132    0.15592643    0.15832410    0.16469660    0.20642174    0.32644615    0.32347518    0.29487940    0.31339910    0.30923826
T15            0.23940354    0.29816240    0.30196027    0.21005072    0.24436415    0.11854999    0.20693675    0.16049731    0.15786455    0.13277656    0.16657027    0.00000000    0.01415458    0.04124070    0.03064627    0.03066899    0.03485710    0.12498667    0.15394544    0.28033848    0.27753553    0.25683688    0.29032571    0.26094441
T16            0.23713196    0.28918659    0.29293010    0.20777884    0.23603269    0.11644083    0.20465442    0.15832410    0.15569132    0.13063119    0.15907486    0.01415458    0.00000000    0.03919164    0.03280799    0.03284801    0.03705467    0.12777477    0.15686035    0.28749293    0.28467125    0.25750570    0.29114914    0.26482232
T9             0.23833582    0.30102639    0.30724925    0.21779217    0.24937765    0.12051715    0.20338350    0.16776837    0.16511465    0.13260106    0.16847995    0.04124070    0.03919164    0.00000000    0.02440552    0.02442151    0.04114422    0.12703804    0.15606543    0.29202146    0.28917490    0.26199534    0.29316970    0.26919193
T21            0.23534873    0.29032571    0.29399187    0.20131568    0.23206099    0.10864521    0.19048477    0.15503505    0.15243657    0.12267189    0.15569132    0.03064627    0.03280799    0.02440552    0.00000000    0.00401105    0.02440552    0.11510998    0.14116201    0.28245989    0.27964370    0.25894453    0.28993084    0.26607438
T1             0.23568581    0.29073182    0.29441989    0.20157123    0.23237942    0.10879048    0.19071857    0.15524561    0.15264033    0.12282260    0.15592643    0.03066899    0.03284801    0.02442151    0.00401105    0.00000000    0.02855411    0.11281712    0.13878778    0.28280059    0.27998555    0.25925148    0.29032571    0.26643220
T14            0.23534873    0.28070248    0.28427491    0.20977119    0.24400980    0.11106138    0.19552632    0.15503505    0.15243657    0.12513573    0.15832410    0.03485710    0.03705467    0.04114422    0.02440552    0.02855411    0.00000000    0.11995396    0.14617614    0.27998555    0.27718156    0.24990241    0.28280059    0.25683688
T19            0.25549829    0.28846420    0.28881388    0.21132451    0.24537571    0.13243341    0.21959676    0.17244037    0.16977961    0.13184188    0.16469660    0.12498667    0.12777477    0.12703804    0.11510998    0.11281712    0.11995396    0.00000000    0.08502341    0.29351316    0.29065032    0.26721211    0.30099812    0.27438855
T13            0.26572721    0.31227127    0.31263515    0.24692440    0.28033848    0.15910204    0.22677247    0.19004419    0.18732554    0.15593186    0.20642174    0.15394544    0.15686035    0.15606543    0.14116201    0.13878778    0.14617614    0.08502341    0.00000000    0.32078098    0.31781487    0.29033628    0.32522005    0.31087492
T20            0.24153754    0.29417315    0.28245989    0.28495904    0.31301110    0.27964370    0.35417819    0.32942943    0.32602507    0.26782887    0.32644615    0.28033848    0.28749293    0.29202146    0.28245989    0.28280059    0.27998555    0.29351316    0.32078098    0.00000000    0.00200301    0.13432404    0.14898926    0.13981410
T5             0.23885945    0.29131296    0.27964370    0.28213041    0.31008511    0.27683860    0.35109339    0.32644615    0.32305333    0.26506491    0.32347518    0.27753553    0.28467125    0.28917490    0.27964370    0.27998555    0.27718156    0.29065032    0.31781487    0.00200301    0.00000000    0.13197785    0.14659980    0.13746035
T3             0.22173151    0.25508263    0.25894453    0.27753553    0.30880129    0.25318683    0.33763148    0.29774881    0.29452051    0.24422583    0.29487940    0.25683688    0.25750570    0.26199534    0.25894453    0.25925148    0.24990241    0.26721211    0.29033628    0.13432404    0.13197785    0.00000000    0.02866571    0.04770699
T17            0.23542287    0.27248883    0.27338921    0.28993084    0.32778338    0.28315247    0.36440061    0.32986219    0.32644615    0.27683860    0.31339910    0.29032571    0.29114914    0.29316970    0.28993084    0.29032571    0.28280059    0.30099812    0.32522005    0.14898926    0.14659980    0.02866571    0.00000000    0.06511674
T10            0.22534717    0.26506491    0.26919193    0.27548607    0.30678856    0.26023570    0.34236019    0.31214871    0.30880129    0.26023570    0.30923826    0.26094441    0.26482232    0.26919193    0.26607438    0.26643220    0.25683688    0.27438855    0.31087492    0.13981410    0.13746035    0.04770699    0.06511674    0.00000000

