24
T3             0.00000000    0.28182523    0.27471218    0.31396562    0.29858109    0.29723363    0.30341089    0.32031269    0.29028948    0.28786282    0.30239895    0.33073525    0.32968711    0.32325689    0.32376277    0.32428061    0.30767660    0.34801060    0.24774327    0.25922523    0.26472312    0.18231577    0.20292540    0.17962696
T20            0.28182523    0.00000000    0.02450712    0.25827831    0.25019636    0.23975005    0.25963480    0.27475483    0.25006408    0.23203758    0.23901032    0.29484230    0.30391555    0.29768331    0.29819974    0.29201230    0.27838549    0.32529165    0.27069208    0.28265028    0.29069466    0.27985191    0.31348319    0.28545953
T14            0.27471218    0.02450712    0.00000000    0.24507332    0.23710310    0.23005161    0.24934105    0.26415839    0.24330553    0.22559864    0.23235531    0.28396955    0.29288794    0.28677777    0.28723907    0.28117215    0.27110136    0.31364337    0.26990532    0.28182523    0.28030661    0.27583971    0.30919620    0.28142910
T2             0.31396562    0.25827831    0.24507332    0.00000000    0.01414103    0.05407620    0.12297417    0.14272224    0.11270108    0.24031045    0.23830987    0.31074521    0.29953578    0.30002999    0.30053542    0.30105206    0.29288794    0.33356775    0.30720543    0.31981869    0.32571929    0.29438048    0.32723684    0.30767660
T6             0.29858109    0.25019636    0.23710310    0.01414103    0.00000000    0.04338610    0.11120659    0.13062279    0.10112272    0.22355448    0.22156288    0.28868837    0.27793441    0.27838549    0.27884725    0.27931965    0.27152122    0.31419538    0.29526825    0.30767660    0.30919620    0.28588798    0.32535213    0.29905281
T19            0.29723363    0.23975005    0.23005161    0.05407620    0.04338610    0.00000000    0.09204843    0.11077646    0.08481777    0.20616177    0.20410091    0.27515820    0.26478947    0.26518931    0.26559958    0.26602025    0.25546871    0.30002999    0.28827975    0.30053549    0.30876026    0.26640164    0.30098430    0.27902578
T8             0.30341089    0.25963480    0.24934105    0.12297417    0.11120659    0.09204843    0.00000000    0.04139518    0.09215393    0.22647090    0.23038969    0.31129678    0.30002999    0.30053542    0.30105206    0.30157989    0.30002999    0.34872600    0.30391555    0.31310290    0.32133631    0.29812064    0.32776682    0.30815930
T18            0.32031269    0.27475483    0.26415839    0.14272224    0.13062279    0.11077646    0.04139518    0.00000000    0.11091235    0.25276131    0.25701304    0.31475891    0.30679031    0.30731871    0.30444367    0.30840959    0.30339871    0.34872600    0.30289317    0.31548309    0.33073525    0.30815930    0.33837385    0.31840383
T22            0.29028948    0.25006408    0.24330553    0.11270108    0.10112272    0.08481777    0.09215393    0.11091235    0.00000000    0.21389490    0.22326254    0.30002999    0.28914681    0.28959690    0.28028121    0.28072129    0.27623716    0.32240734    0.27680861    0.28878116    0.30675669    0.28104394    0.29395344    0.28424018
T5             0.28786282    0.23203758    0.22559864    0.24031045    0.22355448    0.20616177    0.22647090    0.25276131    0.21389490    0.00000000    0.03715848    0.28588798    0.27623716    0.28870775    0.28265028    0.28307916    0.26055556    0.29858109    0.28385580    0.29598814    0.30752278    0.28030661    0.30543646    0.28667872
T4             0.30239895    0.23901032    0.23235531    0.23830987    0.22156288    0.20410091    0.23038969    0.25701304    0.22326254    0.03715848    0.00000000    0.28072129    0.27664537    0.28028121    0.27428747    0.27471752    0.25855635    0.29668383    0.29812064    0.31057409    0.32228111    0.29767148    0.32723684    0.29767148
T15            0.33073525    0.29484230    0.28396955    0.31074521    0.28868837    0.27515820    0.31129678    0.31475891    0.30002999    0.28588798    0.28072129    0.00000000    0.04139518    0.05425680    0.04776523    0.04783100    0.07832665    0.10384298    0.29288794    0.30527342    0.30098430    0.31396562    0.34327435    0.31396562
T10            0.32968711    0.30391555    0.29288794    0.29953578    0.27793441    0.26478947    0.30002999    0.30679031    0.28914681    0.27623716    0.27664537    0.04139518    0.00000000    0.06296062    0.05200157    0.05206365    0.08273236    0.10146168    0.29620080    0.30865351    0.30767660    0.30964384    0.34576118    0.30297394
T0             0.32325689    0.29768331    0.28677777    0.30002999    0.27838549    0.26518931    0.30053542    0.30731871    0.28959690    0.28870775    0.28028121    0.05425680    0.06296062    0.00000000    0.02238882    0.02241936    0.06926325    0.09897692    0.29668383    0.30915923    0.29153855    0.31010314    0.34273114    0.30674581
T7             0.32376277    0.29819974    0.28723907    0.30053542    0.27884725    0.26559958    0.30105206    0.30444367    0.28028121    0.28265028    0.27428747    0.04776523    0.05200157    0.02238882    0.00000000    0.00401105    0.06497962    0.09461439    0.30391555    0.31655305    0.29858109    0.30720543    0.33971364    0.30385933
T21            0.32428061    0.29201230    0.28117215    0.30105206    0.27931965    0.26602025    0.30157989    0.30840959    0.28072129    0.28307916    0.27471752    0.04783100    0.05206365    0.02241936    0.00401105    0.00000000    0.06937697    0.09921379    0.30444367    0.31710549    0.29905281    0.30767660    0.34025663    0.30431924
T1             0.30767660    0.27838549    0.27110136    0.29288794    0.27152122    0.25546871    0.30002999    0.30339871    0.27623716    0.26055556    0.25855635    0.07832665    0.08273236    0.06926325    0.06497962    0.06937697    0.00000000    0.08318826    0.28632740    0.29858109    0.28385580    0.29395344    0.32918129    0.29395344
T13            0.34801060    0.32529165    0.31364337    0.33356775    0.31419538    0.30002999    0.34872600    0.34872600    0.32240734    0.29858109    0.29668383    0.10384298    0.10146168    0.09897692    0.09461439    0.09921379    0.08318826    0.00000000    0.32296059    0.33239844    0.32671892    0.32376277    0.36456556    0.31688627
T16            0.24774327    0.27069208    0.26990532    0.30720543    0.29526825    0.28827975    0.30391555    0.30289317    0.27680861    0.28385580    0.29812064    0.29288794    0.29620080    0.29668383    0.30391555    0.30444367    0.28632740    0.32296059    0.00000000    0.00804436    0.11305810    0.23673176    0.25649215    0.23969133
T17            0.25922523    0.28265028    0.28182523    0.31981869    0.30767660    0.30053549    0.31310290    0.31548309    0.28878116    0.29598814    0.31057409    0.30527342    0.30865351    0.30915923    0.31655305    0.31710549    0.29858109    0.33239844    0.00804436    0.00000000    0.11764412    0.24804418    0.26812504    0.25105729
T9             0.26472312    0.29069466    0.28030661    0.32571929    0.30919620    0.30876026    0.32133631    0.33073525    0.30675669    0.30752278    0.32228111    0.30098430    0.30767660    0.29153855    0.29858109    0.29905281    0.28385580    0.32671892    0.11305810    0.11764412    0.00000000    0.25649215    0.27995449    0.25954204
T23            0.18231577    0.27985191    0.27583971    0.29438048    0.28588798    0.26640164    0.29812064    0.30815930    0.28104394    0.28030661    0.29767148    0.31396562    0.30964384    0.31010314    0.30720543    0.30767660    0.29395344    0.32376277    0.23673176    0.24804418    0.25649215    0.00000000    0.04334283    0.04334283
T12            0.20292540    0.31348319    0.30919620    0.32723684    0.32535213    0.30098430    0.32776682    0.33837385    0.29395344    0.30543646    0.32723684    0.34327435    0.34576118    0.34273114    0.33971364    0.34025663    0.32918129    0.36456556    0.25649215    0.26812504    0.27995449    0.04334283    0.00000000    0.06708927
T11            0.17962696    0.28545953    0.28142910    0.30767660    0.29905281    0.27902578    0.30815930    0.31840383    0.28424018    0.28667872    0.29767148    0.31396562    0.30297394    0.30674581    0.30385933    0.30431924    0.29395344    0.31688627    0.23969133    0.25105729    0.25954204    0.04334283    0.06708927    0.00000000

