24
T23            0.00000000    0.37208353    0.35969916    0.31790188    0.24738610    0.22364317    0.21738893    0.21481522    0.18855042    0.18855042    0.19103702    0.17168999    0.17658166    0.18731613    0.16169339    0.19120195    0.16449270    0.17695582    0.16226101    0.17243176    0.18774132    0.14593717    0.13609551    0.14036814
T8             0.37208353    0.00000000    0.03066876    0.13711819    0.47119745    0.43989079    0.44151310    0.43810463    0.36852597    0.36852597    0.37164225    0.47355933    0.48070914    0.44256749    0.42410430    0.45618419    0.42076107    0.44679120    0.41969543    0.44579148    0.43837920    0.44765792    0.42797182    0.44151310
T16            0.35969916    0.03066876    0.00000000    0.14154238    0.46053677    0.43384468    0.43133606    0.42796841    0.35595653    0.35595653    0.35902822    0.45364287    0.46061519    0.43010654    0.41462568    0.44600730    0.41131736    0.44523950    0.41009981    0.43730785    0.43689784    0.42878696    0.40978456    0.42302872
T7             0.31790188    0.13711819    0.14154238    0.00000000    0.38344645    0.35659068    0.34992210    0.34687891    0.29290141    0.29290141    0.29574243    0.37273557    0.37144486    0.34537077    0.33627547    0.35749459    0.33673147    0.36058896    0.32478181    0.34726528    0.36681746    0.36211279    0.33427584    0.34632228
T11            0.24738610    0.47119745    0.46053677    0.38344645    0.00000000    0.08972348    0.08487874    0.08266316    0.24586031    0.24586031    0.23337540    0.27429905    0.28633992    0.28179082    0.27336871    0.30214593    0.26504522    0.28243778    0.26021570    0.28067937    0.29926885    0.27070284    0.25584899    0.27307159
T21            0.22364317    0.43989079    0.43384468    0.35659068    0.08972348    0.00000000    0.06296117    0.06081359    0.22221729    0.22221729    0.21885099    0.24667740    0.25203655    0.26537063    0.24267569    0.26715740    0.24000303    0.25075443    0.23236278    0.24901646    0.25987750    0.24935202    0.23184761    0.24241625
T22            0.21738893    0.44151310    0.43133606    0.34992210    0.08487874    0.06296117    0.00000000    0.00200301    0.21296572    0.21296572    0.20392899    0.24935202    0.25473108    0.27124027    0.24836280    0.27624795    0.23379585    0.25346788    0.23798222    0.26092354    0.26881388    0.23673685    0.22551544    0.23601464
T20            0.21481522    0.43810463    0.42796841    0.34687891    0.08266316    0.06081359    0.00200301    0.00000000    0.21041151    0.21041151    0.20139924    0.24667740    0.25203655    0.26846814    0.24567107    0.27347006    0.23114940    0.25075443    0.23533151    0.25819555    0.26605347    0.23409899    0.22291445    0.23337540
T14            0.18855042    0.36852597    0.35595653    0.29290141    0.24586031    0.22221729    0.21296572    0.21041151    0.00000000    0.00401611    0.01829805    0.20680383    0.21481522    0.23204474    0.20747563    0.24280060    0.21349835    0.21806328    0.20044015    0.21929805    0.24167714    0.21885099    0.21371716    0.21810147
T1             0.18855042    0.36852597    0.35595653    0.29290141    0.24586031    0.22221729    0.21296572    0.21041151    0.00401611    0.00000000    0.01829805    0.20680383    0.21481522    0.23204474    0.20747563    0.24280060    0.21349835    0.21806328    0.20044015    0.21929805    0.24167714    0.21885099    0.21371716    0.21810147
T12            0.19103702    0.37164225    0.35902822    0.29574243    0.23337540    0.21885099    0.20392899    0.20139924    0.01829805    0.01829805    0.00000000    0.21225071    0.22032285    0.23173647    0.21003730    0.24546661    0.21607540    0.22066127    0.20297240    0.22189196    0.24434506    0.22143166    0.21627952    0.22068314
T0             0.17168999    0.47355933    0.45364287    0.37273557    0.27429905    0.24667740    0.24935202    0.24667740    0.20680383    0.20680383    0.21225071    0.00000000    0.03073338    0.18406420    0.16379348    0.18502303    0.16919254    0.18711703    0.17222315    0.17715262    0.18442078    0.20680383    0.19321018    0.19761413
T6             0.17658166    0.48070914    0.46061519    0.37144486    0.28633992    0.25203655    0.25473108    0.25203655    0.21481522    0.21481522    0.22032285    0.03073338    0.00000000    0.18909299    0.17131007    0.19003440    0.16884986    0.19215305    0.17448514    0.18211707    0.18944218    0.21190691    0.19822848    0.20267159
T19            0.18731613    0.44256749    0.43010654    0.34537077    0.28179082    0.26537063    0.27124027    0.26846814    0.23204474    0.23204474    0.23173647    0.18406420    0.18909299    0.00000000    0.06912037    0.10059391    0.07136302    0.10297822    0.07807516    0.08260057    0.10064691    0.21698030    0.20059343    0.20806613
T17            0.16169339    0.42410430    0.41462568    0.33627547    0.27336871    0.24267569    0.24836280    0.24567107    0.20747563    0.20747563    0.21003730    0.16379348    0.17131007    0.06912037    0.00000000    0.08704312    0.06043258    0.08254522    0.06492260    0.06704114    0.08481820    0.19623491    0.17983442    0.19255359
T10            0.19120195    0.45618419    0.44600730    0.35749459    0.30214593    0.26715740    0.27624795    0.27347006    0.24280060    0.24280060    0.24546661    0.18502303    0.19003440    0.10059391    0.08704312    0.00000000    0.07840809    0.10598092    0.08760506    0.08510385    0.10359954    0.22125759    0.19902146    0.20922767
T13            0.16449270    0.42076107    0.41131736    0.33673147    0.26504522    0.24000303    0.23379585    0.23114940    0.21349835    0.21349835    0.21607540    0.16919254    0.16884986    0.07136302    0.06043258    0.07840809    0.00000000    0.07605942    0.05859605    0.06067059    0.07155438    0.18502303    0.16937687    0.17924898
T3             0.17695582    0.44679120    0.44523950    0.36058896    0.28243778    0.25075443    0.25346788    0.25075443    0.21806328    0.21806328    0.22066127    0.18711703    0.19215305    0.10297822    0.08254522    0.10598092    0.07605942    0.00000000    0.06511553    0.06720743    0.08060548    0.20616648    0.19551574    0.20570812
T2             0.16226101    0.41969543    0.41009981    0.32478181    0.26021570    0.23236278    0.23798222    0.23533151    0.20044015    0.20044015    0.20297240    0.17222315    0.17448514    0.07807516    0.06492260    0.08760506    0.05859605    0.06511553    0.00000000    0.04776558    0.06511553    0.18820229    0.17510641    0.18502303
T18            0.17243176    0.44579148    0.43730785    0.34726528    0.28067937    0.24901646    0.26092354    0.25819555    0.21929805    0.21929805    0.22189196    0.17715262    0.18211707    0.08260057    0.06704114    0.08510385    0.06067059    0.06720743    0.04776558    0.00000000    0.06498002    0.19598610    0.18275080    0.19276755
T15            0.18774132    0.43837920    0.43689784    0.36681746    0.29926885    0.25987750    0.26881388    0.26605347    0.24167714    0.24167714    0.24434506    0.18442078    0.18944218    0.10064691    0.08481820    0.10359954    0.07155438    0.08060548    0.06511553    0.06498002    0.00000000    0.20897651    0.20105791    0.21131241
T4             0.14593717    0.44765792    0.42878696    0.36211279    0.27070284    0.24935202    0.23673685    0.23409899    0.21885099    0.21885099    0.22143166    0.20680383    0.21190691    0.21698030    0.19623491    0.22125759    0.18502303    0.20616648    0.18820229    0.19598610    0.20897651    0.00000000    0.05229022    0.05638831
T9             0.13609551    0.42797182    0.40978456    0.33427584    0.25584899    0.23184761    0.22551544    0.22291445    0.21371716    0.21371716    0.21627952    0.19321018    0.19822848    0.20059343    0.17983442    0.19902146    0.16937687    0.19551574    0.17510641    0.18275080    0.20105791    0.05229022    0.00000000    0.02862800
T5             0.14036814    0.44151310    0.42302872    0.34632228    0.27307159    0.24241625    0.23601464    0.23337540    0.21810147    0.21810147    0.22068314    0.19761413    0.20267159    0.20806613    0.19255359    0.20922767    0.17924898    0.20570812    0.18502303    0.19276755    0.21131241    0.05638831    0.02862800    0.00000000

