24
T22            0.00000000    0.17385925    0.17440403    0.17742964    0.20581710    0.18542725    0.17931052    0.19636054    0.19636054    0.24852747    0.25161525    0.21092503    0.28163637    0.26519130    0.20948362    0.24298320    0.14616562    0.17498247    0.17631036    0.16449002    0.12314039    0.14746109    0.13843162    0.15831230
T0             0.17385925    0.00000000    0.09876960    0.09652193    0.15186585    0.14252983    0.14727103    0.15523510    0.15523510    0.20410176    0.20691954    0.16120007    0.22822763    0.20252083    0.18406159    0.20806256    0.18895611    0.22255769    0.20719049    0.21107772    0.20550837    0.22065603    0.20520874    0.23302153
T1             0.17440403    0.09876960    0.00000000    0.03481302    0.09867696    0.13998475    0.14216785    0.15003901    0.15003901    0.20747069    0.20747069    0.16674197    0.22879714    0.20849851    0.17676509    0.21130833    0.18673436    0.22623571    0.21061821    0.20873067    0.19703080    0.21835238    0.20868344    0.22777051
T9             0.17742964    0.09652193    0.03481302    0.00000000    0.10112286    0.13763261    0.13980622    0.14765924    0.14765924    0.20209247    0.19928258    0.16430254    0.22617153    0.20592873    0.17393992    0.20827579    0.18150302    0.22067623    0.20520874    0.20336831    0.19451344    0.21289043    0.20327676    0.22221707
T20            0.20581710    0.15186585    0.09867696    0.10112286    0.00000000    0.18646303    0.18594666    0.19451344    0.19451344    0.22972451    0.23797577    0.21154843    0.27507871    0.25922623    0.21887276    0.24961165    0.22156418    0.26014150    0.23468166    0.23564949    0.23831132    0.24031167    0.23039121    0.24775157
T10            0.18542725    0.14252983    0.13998475    0.13763261    0.18646303    0.00000000    0.04114377    0.04545219    0.04545219    0.19396874    0.18844218    0.15153307    0.22065603    0.20058973    0.16623600    0.19196362    0.17580175    0.21446593    0.21349278    0.20314241    0.19479916    0.21835238    0.20581710    0.23073903
T14            0.17931052    0.14727103    0.14216785    0.13980622    0.18594666    0.04114377    0.00000000    0.02866531    0.02866531    0.18026532    0.17488751    0.15123356    0.22298114    0.20292584    0.16594198    0.19161849    0.18345992    0.22255769    0.22448923    0.21107772    0.19423662    0.21777321    0.20805871    0.23302153
T11            0.19636054    0.15523510    0.15003901    0.14765924    0.19451344    0.04545219    0.02866531    0.00000000    0.00401610    0.19423662    0.18869472    0.15393721    0.22037239    0.20037154    0.17393992    0.19722263    0.19200496    0.23184009    0.22481954    0.21413404    0.20013329    0.22094922    0.21124108    0.23636376
T21            0.19636054    0.15523510    0.15003901    0.14765924    0.19451344    0.04545219    0.02866531    0.00401610    0.00000000    0.19423662    0.18869472    0.15393721    0.22037239    0.20037154    0.16868937    0.19178644    0.19200496    0.23184009    0.22481954    0.21413404    0.20013329    0.22094922    0.21124108    0.23636376
T7             0.24852747    0.20410176    0.20747069    0.20209247    0.22972451    0.19396874    0.18026532    0.19423662    0.19423662    0.00000000    0.03066868    0.20292584    0.27157745    0.25287529    0.22390562    0.24300186    0.25661356    0.30105521    0.27985401    0.29313486    0.27428962    0.29723569    0.29336259    0.30816197
T19            0.25161525    0.20691954    0.20747069    0.19928258    0.23797577    0.18844218    0.17488751    0.18869472    0.18869472    0.03066868    0.00000000    0.20849851    0.27471358    0.25588844    0.22675547    0.24886888    0.25973021    0.30444695    0.28308137    0.29639372    0.27428962    0.30053766    0.29668659    0.31155364
T4             0.21092503    0.16120007    0.16674197    0.16430254    0.21154843    0.15153307    0.15123356    0.15393721    0.15393721    0.20292584    0.20849851    0.00000000    0.13980622    0.11740588    0.16091559    0.18611096    0.20105388    0.22909654    0.22532811    0.23227732    0.21154843    0.24207283    0.23203878    0.24935155
T18            0.28163637    0.22822763    0.22879714    0.22617153    0.27507871    0.22065603    0.22298114    0.22037239    0.22037239    0.27157745    0.27471358    0.13980622    0.00000000    0.06968794    0.23351329    0.24935356    0.28265236    0.31496850    0.30341302    0.30462325    0.31105931    0.33267020    0.30816197    0.33371886
T12            0.26519130    0.20252083    0.20849851    0.20592873    0.25922623    0.20058973    0.20292584    0.20037154    0.20037154    0.25287529    0.25588844    0.11740588    0.06968794    0.00000000    0.20766467    0.23452313    0.23911320    0.28143080    0.26472404    0.26384519    0.28424184    0.31167279    0.29438257    0.31933901
T15            0.20948362    0.18406159    0.17676509    0.17393992    0.21887276    0.16623600    0.16594198    0.17393992    0.16868937    0.22390562    0.22675547    0.16091559    0.23351329    0.20766467    0.00000000    0.06917757    0.22244532    0.25747882    0.25105839    0.25159317    0.23911320    0.26166476    0.24535234    0.27471358
T23            0.24298320    0.20806256    0.21130833    0.20827579    0.24961165    0.19196362    0.19161849    0.19722263    0.19178644    0.24300186    0.24886888    0.18611096    0.24935356    0.23452313    0.06917757    0.00000000    0.24804521    0.27193271    0.28277042    0.27753878    0.27715202    0.28243039    0.26569951    0.28951426
T2             0.14616562    0.18895611    0.18673436    0.18150302    0.22156418    0.17580175    0.18345992    0.19200496    0.19200496    0.25661356    0.25973021    0.20105388    0.28265236    0.23911320    0.22244532    0.24804521    0.00000000    0.04572459    0.12051106    0.11021048    0.15742772    0.17532740    0.16555426    0.18345992
T8             0.17498247    0.22255769    0.22623571    0.22067623    0.26014150    0.21446593    0.22255769    0.23184009    0.23184009    0.30105521    0.30444695    0.22909654    0.31496850    0.28143080    0.25747882    0.27193271    0.04572459    0.00000000    0.14528752    0.13431770    0.19200496    0.20463690    0.19229172    0.20237494
T13            0.17631036    0.20719049    0.21061821    0.20520874    0.23468166    0.21349278    0.22448923    0.22481954    0.22481954    0.27985401    0.28308137    0.22532811    0.30341302    0.26472404    0.25105839    0.28277042    0.12051106    0.14528752    0.00000000    0.08052601    0.20747069    0.22037239    0.20776010    0.22678225
T6             0.16449002    0.21107772    0.20873067    0.20336831    0.23564949    0.20314241    0.21107772    0.21413404    0.21413404    0.29313486    0.29639372    0.23227732    0.30462325    0.26384519    0.25159317    0.27753878    0.11021048    0.13431770    0.08052601    0.00000000    0.20897227    0.21344705    0.20081719    0.21672919
T16            0.12314039    0.20550837    0.19703080    0.19451344    0.23831132    0.19479916    0.19423662    0.20013329    0.20013329    0.27428962    0.27428962    0.21154843    0.31105931    0.28424184    0.23911320    0.27715202    0.15742772    0.19200496    0.20747069    0.20897227    0.00000000    0.13197161    0.12297458    0.14234483
T3             0.14746109    0.22065603    0.21835238    0.21289043    0.24031167    0.21835238    0.21777321    0.22094922    0.22094922    0.29723569    0.30053766    0.24207283    0.33267020    0.31167279    0.26166476    0.28243039    0.17532740    0.20463690    0.22037239    0.21344705    0.13197161    0.00000000    0.03062977    0.04541749
T17            0.13843162    0.20520874    0.20868344    0.20327676    0.23039121    0.20581710    0.20805871    0.21124108    0.21124108    0.29336259    0.29668659    0.23203878    0.30816197    0.29438257    0.24535234    0.26569951    0.16555426    0.19229172    0.20776010    0.20081719    0.12297458    0.03062977    0.00000000    0.03914385
T5             0.15831230    0.23302153    0.22777051    0.22221707    0.24775157    0.23073903    0.23302153    0.23636376    0.23636376    0.30816197    0.31155364    0.24935155    0.33371886    0.31933901    0.27471358    0.28951426    0.18345992    0.20237494    0.22678225    0.21672919    0.14234483    0.04541749    0.03914385    0.00000000

