24
T11            0.00000000    0.31268860    0.33370581    0.35916025    0.36782907    0.36040795    0.37095332    0.29776511    0.36178963    0.31431849    0.31141899    0.31779652    0.22454195    0.20696025    0.17185414    0.18300801    0.18300801    0.18300801    0.19279623    0.19006191    0.13965363    0.17022530    0.15966347    0.16074644
T12            0.31268860    0.00000000    0.10532415    0.11399195    0.10668880    0.10427799    0.12762082    0.28733450    0.32777418    0.29599805    0.29884041    0.29938180    0.29447108    0.27631715    0.23473475    0.25590932    0.25590932    0.25590932    0.25111606    0.24810084    0.24744335    0.28500044    0.26253051    0.27762029
T8             0.33370581    0.10532415    0.00000000    0.08308972    0.11822763    0.11578141    0.12731747    0.32015214    0.36318204    0.32604530    0.32899495    0.32962323    0.31799983    0.32308648    0.26526683    0.28780913    0.28780913    0.28780913    0.27274914    0.26960064    0.27569980    0.31546302    0.29263710    0.29765412
T15            0.35916025    0.11399195    0.08308972    0.00000000    0.13462569    0.13213060    0.14141968    0.32735595    0.36798274    0.32603262    0.32899067    0.32955973    0.33827672    0.34340416    0.28112114    0.30062988    0.30062988    0.30062988    0.28319425    0.28002591    0.29491165    0.33551288    0.32493141    0.32423446
T5             0.36782907    0.10668880    0.11822763    0.13462569    0.00000000    0.00603639    0.11778758    0.33551288    0.38193646    0.35497377    0.35803693    0.35871245    0.36721503    0.34947933    0.31311485    0.32336959    0.32336959    0.32336959    0.31092614    0.30761043    0.32439879    0.34998012    0.33793721    0.33729645
T9             0.36040795    0.10427799    0.11578141    0.13213060    0.00603639    0.00000000    0.11535928    0.33909053    0.37806745    0.35126293    0.35431226    0.35497377    0.36721503    0.33878510    0.30974294    0.32683524    0.32683524    0.32683524    0.30761043    0.30431663    0.31749128    0.34632377    0.34151479    0.33370581
T3             0.37095332    0.12762082    0.12731747    0.14141968    0.11778758    0.11535928    0.00000000    0.35061091    0.39149506    0.36420166    0.36730344    0.36798274    0.37287373    0.34079959    0.30842810    0.32879949    0.32879949    0.32879949    0.32310766    0.31973600    0.32632666    0.35061091    0.34340416    0.33909053
T17            0.29776511    0.28733450    0.32015214    0.32735595    0.33551288    0.33909053    0.35061091    0.00000000    0.14422870    0.11523385    0.11753261    0.11282317    0.29915367    0.30537839    0.23974498    0.24941344    0.24941344    0.24941344    0.25687162    0.25382882    0.25013101    0.28548600    0.27802310    0.27387284
T19            0.36178963    0.32777418    0.36318204    0.36798274    0.38193646    0.37806745    0.39149506    0.14422870    0.00000000    0.09439339    0.09663200    0.09205609    0.32253029    0.34091313    0.27714858    0.29111430    0.29111430    0.29111430    0.28554578    0.28231570    0.27663883    0.29263710    0.30967306    0.29765412
T18            0.31431849    0.29599805    0.32604530    0.32603262    0.35497377    0.35126293    0.36420166    0.11523385    0.09439339    0.00000000    0.01414116    0.01007285    0.29015417    0.29831016    0.25088919    0.25792632    0.25792632    0.25792632    0.25668539    0.25358564    0.24632691    0.27864408    0.28194948    0.27694247
T0             0.31141899    0.29884041    0.32899495    0.32899067    0.35803693    0.35431226    0.36730344    0.11753261    0.09663200    0.01414116    0.00000000    0.00401106    0.29630090    0.30797693    0.25358564    0.26064128    0.26064128    0.26064128    0.25940161    0.25629222    0.24900239    0.28807628    0.28142135    0.27971011
T23            0.31779652    0.29938180    0.32962323    0.32955973    0.35871245    0.35497377    0.36798274    0.11282317    0.09205609    0.01007285    0.00401106    0.00000000    0.29678643    0.30853091    0.25397936    0.26107508    0.26107508    0.26107508    0.25980453    0.25668539    0.24941719    0.28194948    0.28194948    0.28025895
T7             0.22454195    0.29447108    0.31799983    0.33827672    0.36721503    0.36721503    0.37287373    0.29915367    0.32253029    0.29015417    0.29630090    0.29678643    0.00000000    0.17608497    0.15636923    0.15705760    0.15705760    0.15705760    0.16137592    0.15879041    0.17782231    0.20810462    0.17224696    0.19262967
T10            0.20696025    0.27631715    0.32308648    0.34340416    0.34947933    0.33878510    0.34079959    0.30537839    0.34091313    0.29831016    0.30797693    0.30853091    0.17608497    0.00000000    0.14915604    0.13965363    0.13965363    0.13965363    0.15669659    0.15411771    0.16028827    0.18649973    0.16491642    0.16074644
T6             0.17185414    0.23473475    0.26526683    0.28112114    0.31311485    0.30974294    0.30842810    0.23974498    0.27714858    0.25088919    0.25358564    0.25397936    0.15636923    0.14915604    0.00000000    0.06055723    0.06055723    0.06055723    0.06483098    0.06262792    0.11983908    0.14274411    0.13447513    0.13530745
T22            0.18300801    0.25590932    0.28780913    0.30062988    0.32336959    0.32683524    0.32879949    0.24941344    0.29111430    0.25792632    0.26064128    0.26107508    0.15705760    0.13965363    0.06055723    0.00000000    0.00401613    0.00401613    0.07162351    0.06938079    0.12253662    0.14748278    0.13228286    0.13569570
T14            0.18300801    0.25590932    0.28780913    0.30062988    0.32336959    0.32683524    0.32879949    0.24941344    0.29111430    0.25792632    0.26064128    0.26107508    0.15705760    0.13965363    0.06055723    0.00401613    0.00000000    0.00000000    0.07162351    0.06938079    0.12253662    0.14748278    0.13228286    0.13569570
T20            0.18300801    0.25590932    0.28780913    0.30062988    0.32336959    0.32683524    0.32879949    0.24941344    0.29111430    0.25792632    0.26064128    0.26107508    0.15705760    0.13965363    0.06055723    0.00401613    0.00000000    0.00000000    0.07162351    0.06938079    0.12253662    0.14748278    0.13228286    0.13569570
T13            0.19279623    0.25111606    0.27274914    0.28319425    0.31092614    0.30761043    0.32310766    0.25687162    0.28554578    0.25668539    0.25940161    0.25980453    0.16137592    0.15669659    0.06483098    0.07162351    0.07162351    0.07162351    0.00000000    0.00200402    0.14170206    0.16778467    0.15687290    0.15787974
T1             0.19006191    0.24810084    0.26960064    0.28002591    0.30761043    0.30431663    0.31973600    0.25382882    0.28231570    0.25358564    0.25629222    0.25668539    0.15879041    0.15411771    0.06262792    0.06938079    0.06938079    0.06938079    0.00200402    0.00000000    0.13918816    0.16513023    0.15428732    0.15526010
T21            0.13965363    0.24744335    0.27569980    0.29491165    0.32439879    0.31749128    0.32632666    0.25013101    0.27663883    0.24632691    0.24900239    0.24941719    0.17782231    0.16028827    0.11983908    0.12253662    0.12253662    0.12253662    0.14170206    0.13918816    0.00000000    0.10865209    0.10173577    0.10459757
T2             0.17022530    0.28500044    0.31546302    0.33551288    0.34998012    0.34632377    0.35061091    0.28548600    0.29263710    0.27864408    0.28807628    0.28194948    0.20810462    0.18649973    0.14274411    0.14748278    0.14748278    0.14748278    0.16778467    0.16513023    0.10865209    0.00000000    0.09898585    0.09488291
T4             0.15966347    0.26253051    0.29263710    0.32493141    0.33793721    0.34151479    0.34340416    0.27802310    0.30967306    0.28194948    0.28142135    0.28194948    0.17224696    0.16491642    0.13447513    0.13228286    0.13228286    0.13228286    0.15687290    0.15428732    0.10173577    0.09898585    0.00000000    0.06296456
T16            0.16074644    0.27762029    0.29765412    0.32423446    0.33729645    0.33370581    0.33909053    0.27387284    0.29765412    0.27694247    0.27971011    0.28025895    0.19262967    0.16074644    0.13530745    0.13569570    0.13569570    0.13569570    0.15787974    0.15526010    0.10459757    0.09488291    0.06296456    0.00000000

