24
T20            0.00000000    0.63615942    0.63757804    0.62600313    0.57402435    0.55901999    0.54289782    0.54580317    0.54681765    0.59353795    0.58200730    0.58200730    0.54587662    0.55378773    0.55568942    0.55568942    0.64810767    0.70552563    0.63514390    0.53228019    0.54498104    0.54188704    0.54214186    0.54107370
T1             0.63615942    0.00000000    0.02664917    0.01623178    0.13170689    0.14153924    0.14140279    0.12457995    0.12225997    0.32480385    0.32427408    0.32776013    0.31210022    0.31795557    0.31546872    0.31546872    0.33617104    0.37584240    0.35491953    0.26401694    0.25782269    0.25441426    0.26401694    0.25275746
T19            0.63757804    0.02664917    0.00000000    0.01419991    0.13931724    0.14420952    0.14405854    0.13211397    0.12977757    0.33836668    0.33779929    0.34137261    0.32523098    0.33118011    0.32868088    0.32868088    0.34272375    0.37519008    0.36163889    0.26753184    0.27386350    0.26952345    0.27942867    0.26793111
T10            0.62600313    0.01623178    0.01419991    0.00000000    0.13183463    0.13667046    0.13653842    0.12470531    0.12238716    0.32776013    0.32723018    0.33072843    0.31502196    0.32090113    0.31840184    0.31840184    0.33917585    0.37141427    0.35800061    0.25818233    0.26439585    0.26020308    0.26990089    0.25855231
T4             0.57402435    0.13170689    0.13931724    0.13183463    0.00000000    0.04116918    0.03690621    0.03902045    0.03692272    0.29162307    0.30095669    0.30422596    0.27245789    0.27807013    0.27245789    0.27245789    0.32342570    0.37646291    0.33840200    0.25074343    0.25680608    0.25345678    0.26228017    0.24804039
T11            0.55901999    0.14153924    0.14420952    0.13667046    0.04116918    0.00000000    0.00805150    0.05613005    0.05398925    0.30751677    0.31709899    0.32046744    0.28209554    0.28776329    0.28209554    0.28209554    0.34019636    0.39496145    0.34932626    0.26260640    0.26880058    0.27714598    0.27435334    0.26604029
T15            0.54289782    0.14140279    0.14405854    0.13653842    0.03690621    0.00805150    0.00000000    0.05176969    0.04963615    0.30058920    0.31004141    0.31335401    0.27554532    0.28117674    0.27554532    0.27554532    0.33280507    0.38660629    0.34186376    0.26228017    0.26845520    0.27057102    0.27401006    0.25953787
T2             0.54580317    0.12457995    0.13211397    0.12470531    0.03902045    0.05613005    0.05176969    0.00000000    0.00602719    0.28667360    0.29598267    0.29925197    0.26136529    0.26688985    0.26136529    0.26136529    0.31166480    0.36394719    0.32981063    0.23350914    0.23939330    0.24151226    0.24475346    0.23378627
T14            0.54681765    0.12225997    0.12977757    0.12238716    0.03692272    0.05398925    0.04963615    0.00602719    0.00000000    0.28630120    0.29559026    0.29884889    0.26108171    0.26660931    0.26108171    0.26108171    0.30791753    0.35967187    0.32597605    0.23378627    0.23968783    0.24178520    0.24504543    0.23407334
T3             0.59353795    0.32480385    0.33836668    0.32776013    0.29162307    0.30751677    0.30058920    0.28667360    0.28630120    0.00000000    0.02855384    0.02855384    0.06743508    0.07177074    0.06968753    0.06968753    0.13081398    0.17468606    0.13998313    0.24236158    0.25137372    0.24206832    0.25441426    0.24030696
T9             0.58200730    0.32427408    0.33779929    0.32723018    0.30095669    0.31709899    0.31004141    0.29598267    0.29559026    0.02855384    0.00000000    0.00804435    0.07185701    0.07621671    0.07412480    0.07412480    0.12811511    0.17168302    0.13727895    0.24565993    0.25475413    0.24236158    0.25475413    0.24063152
T7             0.58200730    0.32776013    0.34137261    0.33072843    0.30422596    0.32046744    0.31335401    0.29925197    0.29884889    0.02855384    0.00804435    0.00000000    0.07185701    0.07621671    0.07412480    0.07412480    0.13314119    0.17713409    0.14234319    0.24266496    0.25170430    0.23939330    0.25170430    0.23764547
T17            0.54587662    0.31210022    0.32523098    0.31502196    0.27245789    0.28209554    0.27554532    0.26136529    0.26108171    0.06743508    0.07185701    0.07185701    0.00000000    0.00401206    0.01419991    0.01419991    0.11333332    0.15305948    0.11752026    0.21604374    0.23033416    0.21865340    0.23033416    0.21672567
T0             0.55378773    0.31795557    0.33118011    0.32090113    0.27807013    0.28776329    0.28117674    0.26688985    0.26660931    0.07177074    0.07621671    0.07621671    0.00401206    0.00000000    0.01826981    0.01826981    0.11791247    0.15785141    0.12214058    0.22127283    0.23564541    0.22390211    0.23324197    0.22194473
T22            0.55568942    0.31546872    0.32868088    0.31840184    0.27245789    0.28209554    0.27554532    0.26136529    0.26108171    0.06968753    0.07412480    0.07412480    0.01419991    0.01826981    0.00000000    0.00000000    0.11576678    0.15045475    0.11994778    0.21886931    0.23324197    0.22148697    0.23324197    0.21957544
T6             0.55568942    0.31546872    0.32868088    0.31840184    0.27245789    0.28209554    0.27554532    0.26136529    0.26108171    0.06968753    0.07412480    0.07412480    0.01419991    0.01826981    0.00000000    0.00000000    0.11576678    0.15045475    0.11994778    0.21886931    0.23324197    0.22148697    0.23324197    0.21957544
T13            0.64810767    0.33617104    0.34272375    0.33917585    0.32342570    0.34019636    0.33280507    0.31166480    0.30791753    0.13081398    0.12811511    0.13314119    0.11333332    0.11791247    0.11576678    0.11576678    0.00000000    0.05001443    0.04554128    0.26812055    0.28385081    0.26471870    0.26812055    0.25680608
T5             0.70552563    0.37584240    0.37519008    0.37141427    0.37646291    0.39496145    0.38660629    0.36394719    0.35967187    0.17468606    0.17168302    0.17713409    0.15305948    0.15785141    0.15045475    0.15045475    0.05001443    0.00000000    0.08099059    0.29884889    0.32917451    0.29520926    0.29884889    0.28705718
T16            0.63514390    0.35491953    0.36163889    0.35800061    0.33840200    0.34932626    0.34186376    0.32981063    0.32597605    0.13998313    0.13727895    0.14234319    0.11752026    0.12214058    0.11994778    0.11994778    0.04554128    0.08099059    0.00000000    0.27584332    0.29807722    0.27865195    0.28209554    0.27057102
T23            0.53228019    0.26401694    0.26753184    0.25818233    0.25074343    0.26260640    0.26228017    0.23350914    0.23378627    0.24236158    0.24565993    0.24266496    0.21604374    0.22127283    0.21886931    0.21886931    0.26812055    0.29884889    0.27584332    0.00000000    0.05418974    0.06060870    0.06959947    0.05645945
T18            0.54498104    0.25782269    0.27386350    0.26439585    0.25680608    0.26880058    0.26845520    0.23939330    0.23968783    0.25137372    0.25475413    0.25170430    0.23033416    0.23564541    0.23324197    0.23324197    0.28385081    0.32917451    0.29807722    0.05418974    0.00000000    0.05206351    0.06098271    0.05017518
T21            0.54188704    0.25441426    0.26952345    0.26020308    0.25345678    0.27714598    0.27057102    0.24151226    0.24178520    0.24206832    0.24236158    0.23939330    0.21865340    0.22390211    0.22148697    0.22148697    0.26471870    0.29520926    0.27865195    0.06060870    0.05206351    0.00000000    0.03274685    0.01823218
T12            0.54214186    0.26401694    0.27942867    0.26990089    0.26228017    0.27435334    0.27401006    0.24475346    0.24504543    0.25441426    0.25475413    0.25170430    0.23033416    0.23324197    0.23324197    0.23324197    0.26812055    0.29884889    0.28209554    0.06959947    0.06098271    0.03274685    0.00000000    0.02656432
T8             0.54107370    0.25275746    0.26793111    0.25855231    0.24804039    0.26604029    0.25953787    0.23378627    0.23407334    0.24030696    0.24063152    0.23764547    0.21672567    0.22194473    0.21957544    0.21957544    0.25680608    0.28705718    0.27057102    0.05645945    0.05017518    0.01823218    0.02656432    0.00000000

