24
T2             0.00000000    0.28156632    0.31174046    0.25906222    0.27721054    0.28043241    0.33186354    0.27242422    0.27068660    0.27799713    0.26857584    0.30646397    0.29259106    0.28843048    0.28196610    0.27916556    0.28886242    0.27280433    0.27124165    0.25830521    0.29875187    0.28477759    0.30449263    0.29327859
T16            0.28156632    0.00000000    0.11996981    0.11840094    0.15486359    0.15227040    0.26652333    0.17472778    0.22364024    0.23278175    0.22394443    0.25094127    0.24330815    0.22165329    0.21584755    0.21326885    0.21100881    0.20470972    0.19738883    0.19710186    0.23157201    0.21326885    0.22719532    0.22394443
T9             0.31174046    0.11996981    0.00000000    0.13358542    0.16294958    0.16030822    0.26689429    0.19126120    0.25403331    0.26070070    0.25443873    0.27024383    0.25616208    0.23383156    0.22786935    0.22525745    0.22300796    0.22822082    0.21490401    0.21455835    0.25756092    0.23800476    0.25258495    0.25133703
T13            0.25906222    0.11840094    0.13358542    0.00000000    0.11123027    0.11366518    0.21268030    0.13245556    0.18652748    0.19516892    0.18680098    0.20367988    0.21677112    0.14730758    0.15246718    0.15007894    0.14790664    0.14749914    0.14834652    0.14040273    0.18272104    0.16053395    0.18431723    0.17315952
T6             0.27721054    0.15486359    0.16294958    0.11123027    0.00000000    0.01620841    0.20929285    0.13463774    0.18055082    0.18351969    0.18079163    0.20589959    0.21895142    0.16515049    0.15988182    0.15747036    0.15789955    0.15747036    0.15310682    0.14769883    0.19611327    0.17340418    0.19207490    0.17002640
T0             0.28043241    0.15227040    0.16030822    0.11366518    0.01620841    0.00000000    0.21212945    0.13714605    0.18875757    0.19179474    0.18902108    0.21455835    0.22491422    0.17315952    0.16780588    0.16537354    0.16584494    0.16537354    0.16101034    0.15549910    0.19895840    0.17611011    0.19487195    0.17807842
T18            0.33186354    0.26652333    0.26689429    0.21268030    0.20929285    0.21212945    0.00000000    0.15340788    0.25356043    0.27957694    0.26616305    0.27319524    0.28930550    0.25387205    0.25084612    0.25115895    0.23978414    0.23919990    0.24040883    0.22830883    0.27042639    0.24814215    0.25659554    0.26547461
T12            0.27242422    0.17472778    0.19126120    0.13245556    0.13463774    0.13714605    0.15340788    0.00000000    0.19282008    0.20417012    0.19580295    0.20982738    0.22858191    0.19076353    0.18257953    0.18280129    0.17292344    0.17472778    0.17024667    0.16472982    0.19710186    0.18009555    0.19327873    0.19352170
T7             0.27068660    0.22364024    0.25403331    0.18652748    0.18055082    0.18875757    0.25356043    0.19282008    0.00000000    0.03705651    0.02859803    0.15267219    0.16584494    0.14678200    0.14457089    0.14440224    0.13966706    0.13434356    0.12747642    0.11754100    0.15768080    0.13214200    0.14950882    0.15190165
T1             0.27799713    0.23278175    0.26070070    0.19516892    0.18351969    0.19179474    0.27957694    0.20417012    0.03705651    0.00000000    0.02450849    0.16609324    0.17966097    0.15726824    0.15726824    0.15486359    0.14749914    0.14712419    0.14276021    0.13245556    0.16852183    0.14237927    0.16009084    0.16515049
T11            0.26857584    0.22394443    0.25443873    0.18680098    0.18079163    0.18902108    0.26616305    0.19580295    0.02859803    0.02450849    0.00000000    0.16030822    0.16609324    0.15208189    0.15208189    0.14969065    0.14749914    0.14203062    0.13262422    0.12254659    0.16318236    0.13731151    0.15486359    0.15726824
T21            0.30646397    0.25094127    0.27024383    0.20367988    0.20589959    0.21455835    0.27319524    0.20982738    0.15267219    0.16609324    0.16030822    0.00000000    0.16609324    0.16780588    0.16780588    0.16537354    0.15789955    0.15747036    0.15049994    0.14001887    0.17937564    0.15747036    0.17561468    0.18079163
T5             0.29259106    0.24330815    0.25616208    0.21677112    0.21895142    0.22491422    0.28930550    0.22858191    0.16584494    0.17966097    0.16609324    0.16609324    0.00000000    0.18519329    0.18519329    0.18272104    0.19178953    0.17720398    0.17291680    0.16178694    0.19749640    0.17720398    0.19047132    0.20147984
T22            0.28843048    0.22165329    0.23383156    0.14730758    0.16515049    0.17315952    0.25387205    0.19076353    0.14678200    0.15726824    0.15208189    0.16780588    0.18519329    0.00000000    0.01620841    0.01417461    0.03280931    0.02447335    0.05206852    0.03701364    0.13262422    0.11754100    0.13199716    0.14186846
T17            0.28196610    0.21584755    0.22786935    0.15246718    0.15988182    0.16780588    0.25084612    0.18257953    0.14457089    0.15726824    0.15208189    0.16780588    0.18519329    0.01620841    0.00000000    0.00602724    0.03069922    0.02650567    0.05206852    0.03701364    0.13262422    0.11754100    0.13199716    0.14186846
T19            0.27916556    0.21326885    0.22525745    0.15007894    0.15747036    0.16537354    0.25115895    0.18280129    0.14440224    0.15486359    0.14969065    0.16537354    0.18272104    0.01417461    0.00602724    0.00000000    0.03073496    0.02653253    0.04994883    0.03492838    0.13029236    0.11524215    0.12965871    0.13950324
T10            0.28886242    0.21100881    0.22300796    0.14790664    0.15789955    0.16584494    0.23978414    0.17292344    0.13966706    0.14749914    0.14749914    0.15789955    0.19178953    0.03280931    0.03069922    0.03073496    0.00000000    0.02029464    0.05213775    0.03705651    0.12316849    0.10826775    0.12500540    0.13229481
T3             0.27280433    0.20470972    0.22822082    0.14749914    0.15747036    0.16537354    0.23919990    0.17472778    0.13434356    0.14712419    0.14203062    0.15747036    0.17720398    0.02447335    0.02650567    0.02653253    0.02029464    0.00000000    0.04343924    0.02859803    0.12284206    0.10804331    0.12472897    0.13448664
T4             0.27124165    0.19738883    0.21490401    0.14834652    0.15310682    0.16101034    0.24040883    0.17024667    0.12747642    0.14276021    0.13262422    0.15049994    0.17291680    0.05206852    0.05206852    0.04994883    0.05213775    0.04343924    0.00000000    0.01824841    0.12104220    0.10373461    0.12038319    0.13012213
T20            0.25830521    0.19710186    0.21455835    0.14040273    0.14769883    0.15549910    0.22830883    0.16472982    0.11754100    0.13245556    0.12254659    0.14001887    0.16178694    0.03701364    0.03701364    0.03492838    0.03705651    0.02859803    0.01824841    0.00000000    0.11107824    0.09419770    0.11054556    0.12009985
T8             0.29875187    0.23157201    0.25756092    0.18272104    0.19611327    0.19895840    0.27042639    0.19710186    0.15768080    0.16852183    0.16318236    0.17937564    0.19749640    0.13262422    0.13262422    0.13029236    0.12316849    0.12284206    0.12104220    0.11107824    0.00000000    0.04549648    0.05846758    0.10386166
T23            0.28477759    0.21326885    0.23800476    0.16053395    0.17340418    0.17611011    0.24814215    0.18009555    0.13214200    0.14237927    0.13731151    0.15747036    0.17720398    0.11754100    0.11754100    0.11524215    0.10826775    0.10804331    0.10373461    0.09419770    0.04549648    0.00000000    0.02029464    0.08511363
T15            0.30449263    0.22719532    0.25258495    0.18431723    0.19207490    0.19487195    0.25659554    0.19327873    0.14950882    0.16009084    0.15486359    0.17561468    0.19047132    0.13199716    0.13199716    0.12965871    0.12500540    0.12472897    0.12038319    0.11054556    0.05846758    0.02029464    0.00000000    0.10124394
T14            0.29327859    0.22394443    0.25133703    0.17315952    0.17002640    0.17807842    0.26547461    0.19352170    0.15190165    0.16515049    0.15726824    0.18079163    0.20147984    0.14186846    0.14186846    0.13950324    0.13229481    0.13448664    0.13012213    0.12009985    0.10386166    0.08511363    0.10124394    0.00000000

