24
T13            0.00000000    0.32014294    0.24271040    0.24570696    0.26921421    0.21642039    0.21838737    0.25589114    0.22069057    0.23441316    0.26565813    0.26060584    0.26233186    0.26201521    0.25685652    0.25110160    0.33574872    0.35298713    0.35298713    0.32142276    0.31848951    0.32599883    0.30681896    0.29687364
T10            0.32014294    0.00000000    0.29441353    0.29776213    0.30740328    0.23611907    0.22965512    0.27384722    0.25878170    0.27533247    0.30103847    0.28497441    0.28730917    0.28684629    0.29492045    0.28545917    0.32305283    0.34648607    0.34648607    0.31485081    0.31195092    0.31953030    0.29441353    0.29776213
T8             0.24271040    0.29441353    0.00000000    0.00200402    0.10793405    0.14767567    0.14455170    0.18051878    0.16450810    0.18572624    0.19454268    0.18776143    0.19785149    0.19764034    0.19278831    0.18483224    0.28751878    0.29865378    0.29865378    0.27629654    0.27351810    0.28034546    0.26609597    0.26299710
T15            0.24570696    0.29776213    0.00200402    0.00000000    0.11031575    0.15026104    0.14710396    0.18323791    0.16714112    0.18846776    0.19734585    0.19049539    0.20061568    0.20039688    0.19553730    0.18754389    0.29075846    0.30199106    0.30199106    0.27949479    0.27670615    0.28358528    0.26921421    0.26609597
T2             0.26921421    0.30740328    0.10793405    0.11031575    0.00000000    0.17879510    0.17266690    0.21900619    0.19348606    0.21292378    0.21707870    0.20978464    0.23118035    0.23090098    0.22883381    0.21753038    0.31174239    0.31648260    0.31648260    0.29687364    0.29401933    0.30105607    0.27062471    0.27373313
T12            0.21642039    0.23611907    0.14767567    0.15026104    0.17879510    0.00000000    0.01822292    0.11663143    0.08088882    0.09474704    0.13400005    0.12546207    0.15005565    0.14985841    0.14788245    0.14038096    0.21780651    0.24323651    0.24323651    0.21384394    0.21127674    0.21742185    0.21900619    0.21610529
T22            0.21838737    0.22965512    0.14455170    0.14710396    0.17266690    0.01822292    0.00000000    0.11365065    0.07833052    0.08760959    0.13335613    0.12499120    0.14438395    0.14422435    0.14472759    0.13729356    0.21986604    0.23905679    0.23905679    0.21006447    0.20750245    0.21352789    0.21521643    0.21235715
T18            0.25589114    0.27384722    0.18051878    0.18323791    0.21900619    0.11663143    0.11365065    0.00000000    0.12068179    0.13296567    0.18545788    0.17582517    0.17804658    0.17781440    0.18400514    0.17068160    0.27755768    0.28646119    0.28646119    0.25477656    0.25208157    0.25250538    0.25395995    0.25087048
T6             0.22069057    0.25878170    0.16450810    0.16714112    0.19348606    0.08088882    0.07833052    0.12068179    0.00000000    0.05413163    0.14314933    0.13462158    0.15428213    0.15411282    0.15724453    0.14966934    0.23382723    0.24135972    0.24135972    0.21235715    0.20978464    0.21579958    0.21467114    0.21182819
T14            0.23441316    0.27533247    0.18572624    0.18846776    0.21292378    0.09474704    0.08760959    0.13296567    0.05413163    0.00000000    0.16073860    0.15705180    0.17512460    0.17490837    0.17021778    0.16248305    0.25515751    0.26251023    0.26251023    0.23239645    0.22976391    0.23605107    0.24302489    0.24003729
T19            0.26565813    0.30103847    0.19454268    0.19734585    0.21707870    0.13400005    0.13335613    0.18545788    0.14314933    0.16073860    0.00000000    0.03919213    0.19148535    0.19122443    0.18925413    0.17582517    0.27311868    0.27522279    0.27522279    0.25048697    0.24780004    0.25436318    0.24818416    0.25126410
T0             0.26060584    0.28497441    0.18776143    0.19049539    0.20978464    0.12546207    0.12499120    0.17582517    0.13462158    0.15705180    0.03919213    0.00000000    0.17678460    0.17660505    0.18254974    0.17470083    0.26508541    0.26682303    0.26682303    0.24271040    0.24003729    0.24636419    0.24939722    0.25244881
T1             0.26233186    0.28730917    0.19785149    0.20061568    0.23118035    0.15005565    0.14438395    0.17804658    0.15428213    0.17512460    0.19148535    0.17678460    0.00000000    0.00401105    0.07807796    0.06050890    0.27933538    0.28110184    0.28110184    0.26265917    0.26299710    0.26958222    0.24103711    0.24398051
T3             0.26201521    0.28684629    0.19764034    0.20039688    0.23090098    0.14985841    0.14422435    0.17781440    0.15411282    0.17490837    0.19122443    0.17660505    0.00401105    0.00000000    0.07803278    0.06046809    0.27901547    0.28072639    0.28072639    0.26233186    0.26265917    0.26921421    0.24079411    0.24372883
T5             0.25685652    0.29492045    0.19278831    0.19553730    0.22883381    0.14788245    0.14472759    0.18400514    0.15724453    0.17021778    0.18925413    0.18254974    0.07807796    0.07803278    0.00000000    0.02859736    0.27128309    0.26682303    0.26682303    0.24872163    0.24905432    0.25551917    0.25175462    0.25480616
T4             0.25110160    0.28545917    0.18483224    0.18754389    0.21753038    0.14038096    0.13729356    0.17068160    0.14966934    0.16248305    0.17582517    0.17470083    0.06050890    0.06046809    0.02859736    0.00000000    0.26541156    0.26096582    0.26096582    0.24302489    0.24334949    0.24975031    0.24603050    0.24905432
T7             0.33574872    0.32305283    0.28751878    0.29075846    0.31174239    0.21780651    0.21986604    0.27755768    0.23382723    0.25515751    0.27311868    0.26508541    0.27933538    0.27901547    0.27128309    0.26541156    0.00000000    0.08741247    0.08741247    0.07155694    0.06937989    0.07395294    0.19399641    0.19122443
T23            0.35298713    0.34648607    0.29865378    0.30199106    0.31648260    0.24323651    0.23905679    0.28646119    0.24135972    0.26251023    0.27522279    0.26682303    0.28110184    0.28072639    0.26682303    0.26096582    0.08741247    0.00000000    0.00000000    0.03697626    0.03488905    0.03919213    0.19203389    0.18925413
T20            0.35298713    0.34648607    0.29865378    0.30199106    0.31648260    0.24323651    0.23905679    0.28646119    0.24135972    0.26251023    0.27522279    0.26682303    0.28110184    0.28072639    0.26682303    0.26096582    0.08741247    0.00000000    0.00000000    0.03697626    0.03488905    0.03919213    0.19203389    0.18925413
T11            0.32142276    0.31485081    0.27629654    0.27949479    0.29687364    0.21384394    0.21006447    0.25477656    0.21235715    0.23239645    0.25048697    0.24271040    0.26265917    0.26233186    0.24872163    0.24302489    0.07155694    0.03697626    0.03697626    0.00000000    0.00200301    0.01007283    0.16512308    0.16248305
T17            0.31848951    0.31195092    0.27351810    0.27670615    0.29401933    0.21127674    0.20750245    0.25208157    0.20978464    0.22976391    0.24780004    0.24003729    0.26299710    0.26265917    0.24905432    0.24334949    0.06937989    0.03488905    0.03488905    0.00200301    0.00000000    0.00805155    0.16269793    0.16006486
T21            0.32599883    0.31953030    0.28034546    0.28358528    0.30105607    0.21742185    0.21352789    0.25250538    0.21579958    0.23605107    0.25436318    0.24636419    0.26958222    0.26921421    0.25551917    0.24975031    0.07395294    0.03919213    0.03919213    0.01007283    0.00805155    0.00000000    0.16824360    0.16557530
T9             0.30681896    0.29441353    0.26609597    0.26921421    0.27062471    0.21900619    0.21521643    0.25395995    0.21467114    0.24302489    0.24818416    0.24939722    0.24103711    0.24079411    0.25175462    0.24603050    0.19399641    0.19203389    0.19203389    0.16512308    0.16269793    0.16824360    0.00000000    0.01420019
T16            0.29687364    0.29776213    0.26299710    0.26609597    0.27373313    0.21610529    0.21235715    0.25087048    0.21182819    0.24003729    0.25126410    0.25244881    0.24398051    0.24372883    0.25480616    0.24905432    0.19122443    0.18925413    0.18925413    0.16248305    0.16006486    0.16557530    0.01420019    0.00000000

