24
T14            0.00000000    0.50889839    0.58220125    0.52235784    0.33837478    0.38321092    0.37303905    0.37025179    0.35415577    0.34983146    0.35923258    0.30053645    0.32590687    0.34617949    0.32476774    0.32868757    0.33166803    0.33780720    0.33020554    0.34439914    0.34255402    0.33895467    0.31893413    0.32535306
T5             0.50889839    0.00000000    0.10102444    0.05194613    0.34420659    0.37708493    0.37079897    0.37844921    0.36220457    0.36164704    0.36706521    0.32727945    0.36164704    0.37647215    0.38260781    0.38313830    0.38634142    0.36577820    0.37256466    0.37256466    0.36941666    0.37046500    0.33928016    0.35387821
T1             0.58220125    0.10102444    0.00000000    0.07832660    0.40472116    0.42599486    0.42335069    0.43007958    0.40341342    0.40278144    0.40867656    0.37731866    0.40669037    0.42670746    0.42879066    0.42941161    0.43686100    0.41869173    0.42602939    0.42329833    0.42666554    0.42394936    0.39771264    0.39830050
T6             0.52235784    0.05194613    0.07832660    0.00000000    0.35081000    0.39044996    0.38405303    0.38661596    0.37272442    0.36475455    0.37771131    0.34068352    0.37587298    0.39109332    0.40483674    0.40543986    0.41265464    0.37624329    0.37572636    0.38688592    0.38744460    0.38481409    0.35288117    0.35695943
T8             0.33837478    0.34420659    0.40472116    0.35081000    0.00000000    0.19396793    0.18619972    0.17488684    0.16775592    0.17287074    0.17630972    0.12238793    0.14708862    0.15963922    0.16395251    0.16412294    0.16918930    0.16937352    0.15619883    0.17147209    0.16412294    0.16674133    0.14930069    0.15685057
T4             0.38321092    0.37708493    0.42599486    0.39044996    0.19396793    0.00000000    0.00602414    0.09897689    0.06735235    0.07177103    0.06978280    0.08972254    0.11319232    0.11777483    0.14183761    0.13947273    0.13963526    0.12949553    0.11960801    0.13653927    0.13418336    0.13197121    0.11777483    0.13493277
T10            0.37303905    0.37079897    0.42335069    0.38405303    0.18619972    0.00602414    0.00000000    0.09215394    0.06081307    0.06519299    0.06322036    0.08298455    0.10863997    0.11319232    0.13931824    0.13695969    0.13711588    0.12238793    0.11259714    0.12936591    0.12703207    0.12483932    0.11077647    0.12776757
T22            0.37025179    0.37844921    0.43007958    0.38661596    0.17488684    0.09897689    0.09215394    0.00000000    0.07169167    0.07613440    0.07869190    0.09652172    0.12021426    0.12730280    0.14183761    0.13947273    0.13711588    0.14453707    0.13431729    0.13903348    0.14421058    0.14199848    0.12512916    0.13211490
T17            0.35415577    0.36220457    0.40341342    0.37272442    0.16775592    0.06735235    0.06081307    0.07169167    0.00000000    0.01212491    0.02653137    0.06727619    0.09697328    0.10384302    0.12470609    0.12238793    0.12252292    0.11534725    0.11041392    0.12226070    0.11994851    0.11777483    0.10384302    0.10850238
T23            0.34983146    0.36164704    0.40278144    0.36475455    0.17287074    0.07177103    0.06519299    0.07613440    0.01212491    0.00000000    0.03069776    0.07169167    0.10158950    0.10850238    0.12949553    0.12716350    0.12730280    0.12007753    0.11510512    0.12703207    0.12470609    0.12252292    0.10850238    0.11077647
T15            0.35923258    0.36706521    0.40867656    0.37771131    0.17630972    0.06978280    0.06322036    0.07869190    0.02653137    0.03069776    0.00000000    0.07195054    0.09724271    0.10411735    0.12528571    0.12297427    0.12314009    0.12083782    0.11091240    0.11547978    0.12051077    0.11837431    0.10442103    0.11364024
T7             0.30053645    0.32727945    0.37731866    0.34068352    0.12238793    0.08972254    0.08298455    0.09652172    0.06727619    0.07169167    0.07195054    0.00000000    0.04972804    0.05616814    0.07802956    0.07582727    0.07802956    0.07818634    0.06696490    0.08254463    0.07582727    0.07368142    0.06055443    0.06937692
T2             0.32590687    0.36164704    0.40669037    0.37587298    0.14708862    0.11319232    0.10863997    0.12021426    0.09697328    0.10158950    0.09724271    0.04972804    0.00000000    0.04756809    0.10319820    0.10093372    0.10319820    0.10586264    0.09401415    0.09634000    0.10328696    0.10112263    0.08750217    0.09204841
T0             0.34617949    0.37647215    0.42670746    0.39109332    0.15963922    0.11777483    0.11319232    0.12730280    0.10384302    0.10850238    0.10411735    0.05616814    0.04756809    0.00000000    0.10539104    0.10311699    0.10539104    0.10093372    0.08927471    0.09838082    0.10077480    0.09859152    0.08502083    0.09418499
T21            0.32476774    0.38260781    0.42879066    0.40483674    0.16395251    0.14183761    0.13931824    0.14183761    0.12470609    0.12949553    0.12528571    0.07802956    0.10319820    0.10539104    0.00000000    0.00602719    0.00804435    0.09634000    0.08249659    0.08922579    0.09387288    0.09169909    0.08052587    0.08933102
T18            0.32868757    0.38313830    0.42941161    0.40543986    0.16412294    0.13947273    0.13695969    0.13947273    0.12238793    0.12716350    0.12297427    0.07582727    0.10093372    0.10311699    0.00602719    0.00000000    0.00602719    0.09876938    0.08481757    0.09156850    0.09626025    0.09409589    0.08289332    0.09169909
T13            0.33166803    0.38634142    0.43686100    0.41265464    0.16918930    0.13963526    0.13711588    0.13711588    0.12252292    0.12730280    0.12314009    0.07802956    0.10319820    0.10539104    0.00804435    0.00602719    0.00000000    0.10102444    0.08704247    0.09381340    0.09387288    0.09169909    0.08510304    0.09393981
T19            0.33780720    0.36577820    0.41869173    0.37624329    0.16937352    0.12949553    0.12238793    0.14453707    0.11534725    0.12007753    0.12083782    0.07818634    0.10586264    0.10093372    0.09634000    0.09876938    0.10102444    0.00000000    0.03910318    0.08052587    0.08731993    0.08519243    0.06959976    0.09418499
T9             0.33020554    0.37256466    0.42602939    0.37572636    0.15619883    0.11960801    0.11259714    0.13431729    0.11041392    0.11510512    0.11091240    0.06696490    0.09401415    0.08927471    0.08249659    0.08481757    0.08704247    0.03910318    0.00000000    0.07368142    0.07587446    0.07373780    0.06282144    0.08259995
T16            0.34439914    0.37256466    0.42329833    0.38688592    0.17147209    0.13653927    0.12936591    0.13903348    0.12226070    0.12703207    0.11547978    0.08254463    0.09634000    0.09838082    0.08922579    0.09156850    0.09381340    0.08052587    0.07368142    0.00000000    0.08481757    0.08266250    0.06492218    0.08933102
T11            0.34255402    0.36941666    0.42666554    0.38744460    0.16412294    0.13418336    0.12703207    0.14421058    0.11994851    0.12470609    0.12051077    0.07582727    0.10328696    0.10077480    0.09387288    0.09626025    0.09387288    0.08731993    0.07587446    0.08481757    0.00000000    0.01007277    0.05638789    0.08939470
T12            0.33895467    0.37046500    0.42394936    0.38481409    0.16674133    0.13197121    0.12483932    0.14199848    0.11777483    0.12252292    0.11837431    0.07368142    0.10112263    0.09859152    0.09169909    0.09409589    0.09169909    0.08519243    0.07373780    0.08266250    0.01007277    0.00000000    0.05433041    0.08723965
T3             0.31893413    0.33928016    0.39771264    0.35288117    0.14930069    0.11777483    0.11077647    0.12512916    0.10384302    0.10850238    0.10442103    0.06055443    0.08750217    0.08502083    0.08052587    0.08289332    0.08510304    0.06959976    0.06282144    0.06492218    0.05638789    0.05433041    0.00000000    0.07613440
T20            0.32535306    0.35387821    0.39830050    0.35695943    0.15685057    0.13493277    0.12776757    0.13211490    0.10850238    0.11077647    0.11364024    0.06937692    0.09204841    0.09418499    0.08933102    0.09169909    0.09393981    0.09418499    0.08259995    0.08933102    0.08939470    0.08723965    0.07613440    0.00000000

