24
T5             0.00000000    0.32304036    0.32010644    0.32713319    0.31662982    0.32010644    0.30822591    0.29532815    0.28777327    0.30009705    0.28147850    0.26369625    0.26369625    0.27272088    0.26369625    0.30438201    0.26406597    0.27034150    0.27550041    0.32784368    0.24807921    0.36802280    0.34193649    0.34068401
T8             0.32304036    0.00000000    0.02238915    0.02656487    0.02447264    0.07011294    0.10187447    0.08550834    0.32075506    0.32698351    0.29826992    0.28123015    0.28123015    0.29724464    0.28777327    0.30505789    0.25395245    0.26018901    0.25977644    0.32537970    0.26650450    0.38230672    0.34125056    0.35500927
T2             0.32010644    0.02238915    0.00000000    0.00806483    0.01415462    0.05894543    0.09017175    0.07412871    0.30733586    0.31332014    0.28544967    0.26564985    0.26564985    0.28123015    0.27200549    0.28875374    0.24511615    0.25125680    0.25086316    0.31541618    0.25125680    0.36429412    0.32437474    0.34378664
T13            0.32713319    0.02656487    0.00806483    0.00000000    0.01827008    0.06343082    0.09487915    0.07869609    0.31431388    0.32044790    0.29207983    0.27200549    0.27200549    0.28777327    0.27844312    0.28875374    0.25125680    0.25747397    0.25706098    0.32244314    0.25747397    0.37165694    0.33125553    0.34732449
T16            0.31662982    0.02447264    0.01415462    0.01827008    0.00000000    0.06118309    0.09251990    0.07640717    0.30733586    0.31332014    0.28544967    0.25937416    0.25937416    0.27477173    0.26564985    0.28216734    0.23905016    0.24511615    0.24474139    0.30848681    0.24817703    0.36429412    0.32780327    0.34732449
T20            0.32010644    0.07011294    0.05894543    0.06343082    0.06118309    0.00000000    0.08088812    0.06960276    0.28926033    0.29477803    0.28123015    0.26564985    0.26564985    0.28123015    0.27200549    0.27157359    0.25435570    0.26061185    0.25706098    0.33317270    0.23979236    0.34634881    0.30757681    0.32646415
T0             0.30822591    0.10187447    0.09017175    0.09487915    0.09251990    0.08088812    0.00000000    0.07149772    0.27711739    0.28216734    0.27272088    0.24839149    0.24839149    0.26333706    0.25445717    0.27272088    0.24334232    0.24938974    0.24904678    0.30246470    0.22388799    0.34761206    0.31558916    0.32783889
T1             0.29532815    0.08550834    0.07412871    0.07869609    0.07640717    0.06960276    0.07149772    0.00000000    0.27521392    0.28036053    0.25898220    0.24034588    0.24034588    0.25514964    0.24635687    0.26444622    0.22713502    0.23305702    0.23503215    0.29390749    0.22358541    0.33847243    0.30680778    0.31891474
T19            0.28777327    0.32075506    0.30733586    0.31431388    0.30733586    0.28926033    0.27711739    0.27521392    0.00000000    0.02653179    0.08052911    0.19453839    0.19453839    0.20269373    0.20584635    0.22367373    0.20972234    0.20972234    0.21741653    0.25606989    0.24322976    0.37223058    0.35668616    0.35863719
T12            0.30009705    0.32698351    0.31332014    0.32044790    0.31332014    0.29477803    0.28216734    0.28036053    0.02653179    0.00000000    0.08529331    0.20077429    0.20077429    0.20904087    0.21227791    0.22743843    0.21044019    0.21044019    0.22108310    0.26336378    0.24404956    0.37718330    0.36156426    0.36345024
T18            0.28147850    0.29826992    0.28544967    0.29207983    0.28544967    0.28123015    0.27272088    0.25898220    0.08052911    0.08529331    0.00000000    0.17244572    0.17244572    0.18028415    0.18323402    0.21159790    0.18952991    0.18952991    0.19986687    0.23714515    0.21900065    0.34634881    0.33125553    0.33332115
T7             0.26369625    0.28123015    0.26564985    0.27200549    0.25937416    0.26564985    0.24839149    0.24034588    0.19453839    0.20077429    0.17244572    0.00000000    0.00000000    0.01417431    0.00806483    0.09909761    0.11489988    0.11972070    0.12691649    0.17490473    0.19096816    0.35038062    0.33522699    0.34075579
T21            0.26369625    0.28123015    0.26564985    0.27200549    0.25937416    0.26564985    0.24839149    0.24034588    0.19453839    0.20077429    0.17244572    0.00000000    0.00000000    0.01417431    0.00806483    0.09909761    0.11489988    0.11972070    0.12691649    0.17490473    0.19096816    0.35038062    0.33522699    0.34075579
T22            0.27272088    0.29724464    0.28123015    0.28777327    0.27477173    0.28123015    0.26333706    0.25514964    0.20269373    0.20904087    0.18028415    0.01417431    0.01417431    0.00000000    0.01417431    0.10611073    0.11961467    0.12691649    0.13918192    0.18276633    0.19904079    0.36065305    0.34530848    0.35088760
T15            0.26369625    0.28777327    0.27200549    0.27844312    0.26564985    0.27200549    0.25445717    0.24635687    0.20584635    0.21227791    0.18323402    0.00806483    0.00806483    0.01417431    0.00000000    0.10384975    0.11489988    0.12458856    0.13184441    0.17490473    0.19096816    0.35038062    0.33522699    0.34075579
T9             0.30438201    0.30505789    0.28875374    0.28875374    0.28216734    0.27157359    0.27272088    0.26444622    0.22367373    0.22743843    0.21159790    0.09909761    0.09909761    0.10611073    0.10384975    0.00000000    0.15503985    0.15503985    0.16800298    0.20778773    0.21900065    0.34943007    0.32038291    0.32925295
T17            0.26406597    0.25395245    0.24511615    0.25125680    0.23905016    0.25435570    0.24334232    0.22713502    0.20972234    0.21044019    0.18952991    0.11489988    0.11489988    0.11961467    0.11489988    0.15503985    0.00000000    0.01214666    0.03492705    0.09697946    0.19175100    0.32053429    0.30260484    0.30797906
T10            0.27034150    0.26018901    0.25125680    0.25747397    0.24511615    0.26061185    0.24938974    0.23305702    0.20972234    0.21044019    0.18952991    0.11972070    0.11972070    0.12691649    0.12458856    0.15503985    0.01214666    0.00000000    0.03919197    0.09697946    0.19175100    0.32734459    0.30925649    0.31465282
T11            0.27550041    0.25977644    0.25086316    0.25706098    0.24474139    0.25706098    0.24904678    0.23503215    0.21741653    0.22108310    0.19986687    0.12691649    0.12691649    0.13918192    0.13184441    0.16800298    0.03492705    0.03919197    0.00000000    0.11822222    0.21352265    0.33980428    0.31802347    0.32349312
T4             0.32784368    0.32537970    0.31541618    0.32244314    0.30848681    0.33317270    0.30246470    0.29390749    0.25606989    0.26336378    0.23714515    0.17490473    0.17490473    0.18276633    0.17490473    0.20778773    0.09697946    0.09697946    0.11822222    0.00000000    0.25476909    0.34683020    0.33173851    0.32689820
T14            0.24807921    0.26650450    0.25125680    0.25747397    0.24817703    0.23979236    0.22388799    0.22358541    0.24322976    0.24404956    0.21900065    0.19096816    0.19096816    0.19904079    0.19096816    0.21900065    0.19175100    0.19175100    0.21352265    0.25476909    0.00000000    0.25509144    0.24748552    0.25563473
T6             0.36802280    0.38230672    0.36429412    0.37165694    0.36429412    0.34634881    0.34761206    0.33847243    0.37223058    0.37718330    0.34634881    0.35038062    0.35038062    0.36065305    0.35038062    0.34943007    0.32053429    0.32734459    0.33980428    0.34683020    0.25509144    0.00000000    0.05206543    0.05189867
T23            0.34193649    0.34125056    0.32437474    0.33125553    0.32780327    0.30757681    0.31558916    0.30680778    0.35668616    0.36156426    0.33125553    0.33522699    0.33522699    0.34530848    0.33522699    0.32038291    0.30260484    0.30925649    0.31802347    0.33173851    0.24748552    0.05206543    0.00000000    0.02866590
T3             0.34068401    0.35500927    0.34378664    0.34732449    0.34732449    0.32646415    0.32783889    0.31891474    0.35863719    0.36345024    0.33332115    0.34075579    0.34075579    0.35088760    0.34075579    0.32925295    0.30797906    0.31465282    0.32349312    0.32689820    0.25563473    0.05189867    0.02866590    0.00000000

