24
T3             0.00000000    0.57599673    0.59086050    0.56106365    0.57034525    0.61027273    0.61455236    0.62174745    0.61313038    0.63050989    0.62901212    0.64087295    0.61742652    0.61742652    0.61742652    0.62318571    0.63358285    0.62609347    0.62482766    0.59347763    0.58833621    0.58958678    0.60476241    0.58008730
T22            0.57599673    0.00000000    0.07587779    0.03064652    0.03690720    0.14899221    0.15686235    0.17780601    0.17244193    0.17780601    0.17758336    0.16694071    0.16431512    0.16694071    0.16431512    0.17984629    0.17780601    0.19853158    0.17780601    0.17736945    0.17660169    0.17412693    0.19004838    0.18871020
T6             0.59086050    0.07587779    0.00000000    0.08273573    0.08939912    0.20693894    0.21578553    0.22649524    0.22067822    0.22649524    0.22619496    0.22328649    0.22039486    0.22328649    0.22039486    0.23145752    0.22649524    0.24870686    0.22712483    0.22649524    0.23410352    0.22853203    0.24903825    0.24436433
T8             0.56106365    0.03064652    0.08273573    0.00000000    0.01006771    0.15463974    0.16268971    0.17852607    0.17311837    0.17852607    0.17827739    0.16754886    0.16490236    0.16754886    0.16490236    0.17511677    0.17311837    0.20438345    0.17852607    0.18347447    0.18254276    0.18005867    0.19624799    0.20015034
T4             0.57034525    0.03690720    0.08939912    0.01006771    0.00000000    0.16188364    0.16999112    0.18372936    0.18050981    0.18050981    0.18571692    0.16999112    0.16733760    0.16999112    0.16733760    0.18254276    0.18050981    0.20693894    0.18596174    0.18548096    0.19004838    0.18753755    0.20386725    0.20777889
T13            0.61027273    0.14899221    0.20693894    0.15463974    0.16188364    0.00000000    0.02234684    0.13822784    0.12850265    0.13355486    0.13334853    0.12332001    0.12084404    0.12332001    0.12084404    0.14571930    0.14123034    0.20107271    0.17803736    0.17534084    0.17678039    0.17430740    0.18482645    0.17678039
T0             0.61455236    0.15686235    0.21578553    0.16268971    0.16999112    0.02234684    0.00000000    0.14617426    0.13632085    0.14146416    0.14123034    0.13102237    0.12850265    0.13102237    0.12850265    0.15377884    0.14927984    0.19903476    0.18151684    0.17878339    0.18005867    0.17758336    0.18821435    0.18276246
T21            0.62174745    0.17780601    0.22649524    0.17852607    0.18372936    0.13822784    0.14617426    0.00000000    0.00804439    0.01620803    0.01619036    0.04565781    0.04783196    0.05001563    0.04783196    0.06968988    0.07661982    0.23868185    0.21964468    0.21899026    0.21207782    0.20950370    0.22649524    0.22419068
T10            0.61313038    0.17244193    0.22067822    0.17311837    0.18050981    0.12850265    0.13632085    0.00804439    0.00000000    0.00806478    0.00805153    0.03715908    0.03930521    0.04146060    0.03930521    0.06089619    0.06772725    0.22974798    0.20870190    0.20807736    0.20131833    0.19877860    0.21549030    0.21549030
T5             0.63050989    0.17780601    0.22649524    0.17852607    0.18050981    0.13355486    0.14146416    0.01620803    0.00806478    0.00000000    0.00401106    0.04146060    0.03930521    0.04146060    0.03930521    0.06537116    0.07227354    0.23568610    0.21448541    0.20807736    0.20693894    0.20438345    0.22127367    0.22127367
T7             0.62901212    0.17758336    0.22619496    0.17827739    0.18571692    0.13334853    0.14123034    0.01619036    0.00805153    0.00401106    0.00000000    0.04139591    0.03924516    0.04139591    0.03924516    0.06527957    0.07215972    0.23534985    0.21415183    0.21351252    0.20667752    0.20412073    0.22097116    0.22097116
T23            0.64087295    0.16694071    0.22328649    0.16754886    0.16999112    0.12332001    0.13102237    0.04565781    0.03715908    0.04146060    0.04139591    0.00000000    0.01826997    0.02034046    0.01826997    0.05638924    0.05867366    0.22649524    0.20045184    0.20493658    0.19278172    0.18753755    0.20386725    0.21234597
T11            0.61742652    0.16431512    0.22039486    0.16490236    0.16733760    0.12084404    0.12850265    0.04783196    0.03930521    0.03930521    0.03924516    0.01826997    0.00000000    0.00200402    0.00000000    0.05419118    0.05646097    0.21779493    0.19704752    0.19650546    0.19278172    0.18753755    0.20386725    0.20950370
T18            0.61742652    0.16694071    0.22328649    0.16754886    0.16999112    0.12332001    0.13102237    0.05001563    0.04146060    0.04146060    0.04139591    0.02034046    0.00200402    0.00000000    0.00200402    0.05638924    0.05867366    0.22067822    0.19985786    0.19930004    0.19553012    0.19026344    0.20667752    0.21234597
T15            0.61742652    0.16431512    0.22039486    0.16490236    0.16733760    0.12084404    0.12850265    0.04783196    0.03930521    0.03930521    0.03924516    0.01826997    0.00000000    0.00200402    0.00000000    0.05419118    0.05646097    0.21779493    0.19704752    0.19650546    0.19278172    0.18753755    0.20386725    0.20950370
T14            0.62318571    0.17984629    0.23145752    0.17511677    0.18254276    0.14571930    0.15377884    0.06968988    0.06089619    0.06537116    0.06527957    0.05638924    0.05419118    0.05638924    0.05419118    0.00000000    0.01210026    0.23470690    0.21351252    0.21291051    0.21234597    0.20977315    0.21807951    0.22619496
T19            0.63358285    0.17780601    0.22649524    0.17311837    0.18050981    0.14123034    0.14927984    0.07661982    0.06772725    0.07227354    0.07215972    0.05867366    0.05646097    0.05867366    0.05646097    0.01210026    0.00000000    0.23270821    0.21158528    0.21094417    0.21034006    0.20777889    0.21609018    0.22419068
T2             0.62609347    0.19853158    0.24870686    0.20438345    0.20693894    0.20107271    0.19903476    0.23868185    0.22974798    0.23568610    0.23534985    0.22649524    0.21779493    0.22067822    0.21779493    0.23470690    0.23270821    0.00000000    0.06952071    0.06714685    0.10575868    0.10349212    0.11293742    0.11778123
T17            0.62482766    0.17780601    0.22712483    0.17852607    0.18596174    0.17803736    0.18151684    0.21964468    0.20870190    0.21448541    0.21415183    0.20045184    0.19704752    0.19985786    0.19704752    0.21351252    0.21158528    0.06952071    0.00000000    0.05653940    0.09474375    0.09251741    0.10427008    0.11398171
T1             0.59347763    0.17736945    0.22649524    0.18347447    0.18548096    0.17534084    0.17878339    0.21899026    0.20807736    0.20807736    0.21351252    0.20493658    0.19650546    0.19930004    0.19650546    0.21291051    0.21094417    0.06714685    0.05653940    0.00000000    0.08982625    0.08760743    0.09685353    0.10637980
T12            0.58833621    0.17660169    0.23410352    0.18254276    0.19004838    0.17678039    0.18005867    0.21207782    0.20131833    0.20693894    0.20667752    0.19278172    0.19278172    0.19553012    0.19278172    0.21234597    0.21034006    0.10575868    0.09474375    0.08982625    0.00000000    0.01619036    0.03701212    0.09662795
T16            0.58958678    0.17412693    0.22853203    0.18005867    0.18753755    0.17430740    0.17758336    0.20950370    0.19877860    0.20438345    0.20412073    0.18753755    0.18753755    0.19026344    0.18753755    0.20977315    0.20777889    0.10349212    0.09251741    0.08760743    0.01619036    0.00000000    0.03705464    0.09438918
T20            0.60476241    0.19004838    0.24903825    0.19624799    0.20386725    0.18482645    0.18821435    0.22649524    0.21549030    0.22127367    0.22097116    0.20386725    0.20386725    0.20667752    0.20386725    0.21807951    0.21609018    0.11293742    0.10427008    0.09685353    0.03701212    0.03705464    0.00000000    0.10850758
T9             0.58008730    0.18871020    0.24436433    0.20015034    0.20777889    0.17678039    0.18276246    0.22419068    0.21549030    0.22127367    0.22097116    0.21234597    0.20950370    0.21234597    0.20950370    0.22619496    0.22419068    0.11778123    0.11398171    0.10637980    0.09662795    0.09438918    0.10850758    0.00000000

