24
T18            0.00000000    0.25730824    0.25697764    0.26038199    0.22630185    0.21995296    0.50334877    0.44552153    0.44209050    0.27806817    0.28203680    0.25458508    0.23547064    0.22954225    0.25601649    0.25564300    0.21684323    0.21969675    0.21684323    0.22310563    0.20702788    0.21216945    0.21558930    0.21530143
T4             0.25730824    0.00000000    0.02031507    0.11794778    0.09950667    0.09900055    0.42768514    0.35754404    0.35446990    0.23983665    0.24581809    0.23983665    0.23514179    0.22923108    0.24647764    0.24614274    0.25121713    0.24519968    0.24281839    0.25121713    0.23451400    0.23392626    0.23451400    0.24014318
T16            0.25697764    0.02031507    0.00000000    0.11780858    0.10175190    0.10125270    0.42275805    0.36063118    0.35754404    0.23954030    0.23954030    0.23717032    0.23482290    0.22892977    0.24614274    0.24581809    0.25393215    0.24789654    0.24550373    0.25393215    0.23717032    0.23658517    0.23717032    0.24281839
T2             0.26038199    0.11794778    0.11780858    0.00000000    0.09923882    0.10588932    0.45414457    0.40074205    0.39749723    0.24165881    0.24462262    0.24760419    0.23392626    0.22808526    0.24221803    0.24490597    0.24221803    0.24221803    0.23156750    0.24819931    0.22572634    0.23687268    0.23747805    0.24313392
T7             0.22630185    0.09950667    0.10175190    0.09923882    0.00000000    0.04982867    0.39176888    0.33570769    0.33272207    0.19285420    0.19837178    0.20115369    0.19380549    0.18828763    0.20447111    0.20420651    0.21014617    0.21014617    0.20219874    0.20395124    0.18828763    0.19331156    0.19938523    0.19911804
T1             0.21995296    0.09900055    0.10125270    0.10588932    0.04982867    0.00000000    0.39679008    0.35507019    0.35200836    0.18665245    0.19205006    0.18665245    0.18469087    0.17932212    0.19516957    0.19496561    0.20580594    0.20580594    0.19792064    0.20025787    0.18469087    0.18431489    0.19011818    0.18760615
T19            0.50334877    0.42768514    0.42275805    0.45414457    0.39176888    0.39679008    0.00000000    0.08824342    0.09045422    0.44046386    0.43784777    0.42947917    0.42849544    0.42019601    0.42689031    0.43444467    0.46383274    0.46383274    0.45328624    0.45328624    0.43269766    0.43784777    0.43105717    0.44292034
T11            0.44552153    0.35754404    0.36063118    0.40074205    0.33570769    0.35507019    0.08824342    0.00000000    0.00200303    0.36938235    0.36684493    0.37057478    0.36933563    0.36184725    0.36806338    0.37496370    0.39219195    0.39219195    0.38321991    0.38321991    0.36433340    0.36938235    0.36314283    0.37371559
T22            0.44209050    0.35446990    0.35754404    0.39749723    0.33272207    0.35200836    0.09045422    0.00200303    0.00000000    0.36625591    0.36373144    0.36744743    0.36621931    0.35875887    0.36494871    0.37182153    0.38897908    0.38897908    0.38003803    0.38003803    0.36123260    0.36625591    0.36004300    0.37057478
T20            0.27806817    0.23983665    0.23954030    0.24165881    0.19285420    0.18665245    0.44046386    0.36938235    0.36625591    0.00000000    0.01415498    0.15625596    0.14732544    0.14221778    0.15951111    0.15932786    0.23604061    0.23604061    0.23604061    0.23021693    0.21400598    0.21355547    0.21400598    0.22231202
T5             0.28203680    0.24581809    0.23954030    0.24462262    0.19837178    0.19205006    0.43784777    0.36684493    0.36373144    0.01415498    0.00000000    0.15915313    0.14732544    0.14221778    0.15728893    0.15709561    0.23954030    0.23954030    0.23954030    0.23364749    0.21734887    0.21684323    0.21734887    0.22572634
T6             0.25458508    0.23983665    0.23717032    0.24760419    0.20115369    0.18665245    0.42947917    0.37057478    0.36744743    0.15625596    0.15915313    0.00000000    0.05627181    0.05190344    0.06498924    0.06493165    0.23021693    0.22733045    0.22446062    0.20796083    0.19496561    0.18952366    0.20603139    0.19750686
T15            0.23547064    0.23514179    0.23482290    0.23392626    0.19380549    0.18469087    0.42849544    0.36933563    0.36621931    0.14732544    0.14732544    0.05627181    0.00000000    0.00401616    0.03285032    0.03281015    0.20883671    0.21165795    0.20324179    0.19263930    0.17991007    0.17950915    0.19079510    0.18782427
T0             0.22954225    0.22923108    0.22892977    0.22808526    0.18828763    0.17932212    0.42019601    0.36184725    0.35875887    0.14221778    0.14221778    0.05190344    0.00401616    0.00000000    0.02862992    0.02859871    0.20883671    0.21165795    0.20324179    0.19263930    0.17991007    0.17950915    0.19079510    0.18782427
T8             0.25601649    0.24647764    0.24614274    0.24221803    0.20447111    0.19516957    0.42689031    0.36806338    0.36494871    0.15951111    0.15728893    0.06498924    0.03285032    0.02862992    0.00000000    0.00805167    0.23127735    0.22835683    0.21969675    0.20883671    0.19583710    0.19538282    0.20702788    0.20395124
T9             0.25564300    0.24614274    0.24581809    0.24490597    0.20420651    0.19496561    0.43444467    0.37496370    0.37182153    0.15932786    0.15709561    0.06493165    0.03281015    0.02859871    0.00805167    0.00000000    0.22519027    0.22231202    0.21945033    0.20580594    0.19285420    0.19516957    0.20676461    0.20370535
T12            0.21684323    0.25121713    0.25393215    0.24221803    0.21014617    0.20580594    0.46383274    0.39219195    0.38897908    0.23604061    0.23954030    0.23021693    0.20883671    0.20883671    0.23127735    0.22519027    0.00000000    0.00806501    0.05419712    0.09900055    0.08773279    0.08752065    0.09476364    0.09463735
T17            0.21969675    0.24519968    0.24789654    0.24221803    0.21014617    0.20580594    0.46383274    0.39219195    0.38897908    0.23604061    0.23954030    0.22733045    0.21165795    0.21165795    0.22835683    0.22231202    0.00806501    0.00000000    0.05419712    0.09900055    0.08773279    0.08752065    0.09476364    0.09463735
T23            0.21684323    0.24281839    0.24550373    0.23156750    0.20219874    0.19792064    0.45328624    0.38321991    0.38003803    0.23604061    0.23954030    0.22446062    0.20324179    0.20324179    0.21969675    0.21945033    0.05419712    0.05419712    0.00000000    0.08733756    0.07851025    0.07381367    0.08310015    0.08070635
T21            0.22310563    0.25121713    0.25393215    0.24819931    0.20395124    0.20025787    0.45328624    0.38321991    0.38003803    0.23021693    0.23364749    0.20796083    0.19263930    0.19263930    0.20883671    0.20580594    0.09900055    0.09900055    0.08733756    0.00000000    0.03483424    0.03480370    0.04549824    0.04331026
T10            0.20702788    0.23451400    0.23717032    0.22572634    0.18828763    0.18469087    0.43269766    0.36433340    0.36123260    0.21400598    0.21734887    0.19496561    0.17991007    0.17991007    0.19583710    0.19285420    0.08773279    0.08773279    0.07851025    0.03483424    0.00000000    0.03067076    0.03924882    0.03705753
T13            0.21216945    0.23392626    0.23658517    0.23687268    0.19331156    0.18431489    0.43784777    0.36938235    0.36625591    0.21355547    0.21684323    0.18952366    0.17950915    0.17950915    0.19538282    0.19516957    0.08752065    0.08752065    0.07381367    0.03480370    0.03067076    0.00000000    0.03277645    0.03064803
T3             0.21558930    0.23451400    0.23717032    0.23747805    0.19938523    0.19011818    0.43105717    0.36314283    0.36004300    0.21400598    0.21734887    0.20603139    0.19079510    0.19079510    0.20702788    0.20676461    0.09476364    0.09476364    0.08310015    0.04549824    0.03924882    0.03277645    0.00000000    0.03919489
T14            0.21530143    0.24014318    0.24281839    0.24313392    0.19911804    0.18760615    0.44292034    0.37371559    0.37057478    0.22231202    0.22572634    0.19750686    0.18782427    0.18782427    0.20395124    0.20370535    0.09463735    0.09463735    0.08070635    0.04331026    0.03705753    0.03064803    0.03919489    0.00000000

