24
T2             0.00000000    0.19153766    0.22861480    0.22019712    0.18487717    0.18217862    0.16561496    0.18378938    0.20306135    0.19431930    0.19153766    0.18405487    0.17341511    0.17341511    0.18378938    0.16516112    0.18461214    0.17884221    0.16077690    0.27169853    0.24984051    0.24447111    0.27085843    0.15597189
T9             0.19153766    0.00000000    0.10567214    0.10361952    0.06938583    0.06938583    0.14457963    0.14663339    0.15157708    0.15142234    0.15624476    0.14902371    0.15431340    0.15431340    0.14887553    0.14144126    0.14172382    0.18530768    0.17207887    0.33267036    0.29539685    0.28647814    0.32453911    0.21012671
T7             0.22861480    0.10567214    0.00000000    0.07826418    0.09620432    0.09171419    0.16906875    0.18179879    0.18738128    0.18950693    0.17587956    0.16845063    0.17647392    0.17647392    0.16831823    0.17105726    0.17136245    0.21116427    0.20023931    0.36308039    0.33822814    0.32539644    0.35838611    0.24343303
T14            0.22019712    0.10361952    0.07826418    0.00000000    0.09411227    0.09179086    0.15655537    0.17969072    0.18217862    0.17930744    0.15584303    0.15342164    0.15610226    0.15610226    0.15584303    0.15852813    0.15881784    0.20393273    0.19306171    0.33241079    0.31243183    0.30331815    0.33864778    0.23419031
T12            0.18487717    0.06938583    0.09620432    0.09411227    0.00000000    0.00602420    0.13935630    0.14902371    0.15398224    0.15127602    0.14369373    0.13161993    0.13670701    0.13670701    0.14144126    0.13161993    0.13161993    0.17170307    0.15398224    0.29945065    0.27486767    0.27232877    0.30588263    0.19812389
T17            0.18217862    0.06938583    0.09171419    0.09179086    0.00602420    0.00000000    0.13684789    0.14648337    0.15142234    0.14873573    0.14119174    0.12916112    0.13421744    0.13421744    0.13893923    0.13140361    0.12916112    0.16906875    0.15142234    0.30274729    0.27794972    0.27541090    0.30914646    0.19262249
T11            0.16561496    0.14457963    0.16906875    0.15655537    0.13935630    0.13684789    0.00000000    0.10929382    0.12142188    0.11383482    0.12548430    0.11366948    0.10896464    0.10896464    0.11595269    0.11400767    0.12142188    0.15268079    0.13749222    0.28182661    0.26619518    0.26070189    0.28763700    0.19127580
T10            0.18378938    0.14663339    0.18179879    0.17969072    0.14902371    0.14648337    0.10929382    0.00000000    0.08551949    0.08079720    0.13497100    0.12054180    0.12565735    0.12565735    0.12780257    0.11564788    0.12334831    0.18131146    0.16054315    0.31501373    0.28481320    0.27600748    0.30361607    0.19884261
T8             0.20306135    0.15157708    0.18738128    0.18217862    0.15398224    0.15142234    0.12142188    0.08551949    0.00000000    0.03492881    0.15008736    0.14040958    0.14576012    0.14576012    0.15050777    0.13532840    0.13318333    0.20275869    0.18131146    0.32731960    0.30317586    0.29088008    0.32251356    0.23017054
T19            0.19431930    0.15142234    0.18950693    0.17930744    0.15127602    0.14873573    0.11383482    0.08079720    0.03492881    0.00000000    0.13967511    0.13263085    0.13532840    0.13532840    0.14257329    0.12763888    0.11564788    0.19683905    0.17562657    0.31972542    0.29292214    0.27766596    0.31188106    0.22105345
T3             0.19153766    0.15624476    0.17587956    0.15584303    0.14369373    0.14119174    0.12548430    0.13497100    0.15008736    0.13967511    0.00000000    0.07631880    0.07186823    0.07186823    0.08772959    0.12241720    0.12024356    0.17188659    0.15969181    0.29262551    0.28011649    0.27138441    0.30522174    0.21241950
T16            0.18405487    0.14902371    0.16845063    0.15342164    0.13161993    0.12916112    0.11366948    0.12054180    0.14040958    0.13263085    0.07631880    0.00000000    0.04134078    0.04134078    0.05206944    0.10827274    0.11093833    0.16717855    0.14988944    0.29640896    0.27416967    0.26550837    0.29904467    0.19910063
T20            0.17341511    0.15431340    0.17647392    0.15610226    0.13670701    0.13421744    0.10896464    0.12565735    0.14576012    0.13532840    0.07186823    0.04134078    0.00000000    0.00000000    0.05654560    0.11564788    0.11840571    0.16738270    0.14494068    0.28046357    0.26518114    0.25662725    0.28968971    0.19657062
T18            0.17341511    0.15431340    0.17647392    0.15610226    0.13670701    0.13421744    0.10896464    0.12565735    0.14576012    0.13532840    0.07186823    0.04134078    0.00000000    0.00000000    0.05654560    0.11564788    0.11840571    0.16738270    0.14494068    0.28046357    0.26518114    0.25662725    0.28968971    0.19657062
T0             0.18378938    0.14887553    0.16831823    0.15584303    0.14144126    0.13893923    0.11595269    0.12780257    0.15050777    0.14257329    0.08772959    0.05206944    0.05654560    0.05654560    0.00000000    0.11537368    0.11595269    0.17227989    0.15487306    0.30938931    0.27766596    0.27208872    0.29945065    0.21586614
T5             0.16516112    0.14144126    0.17105726    0.15852813    0.13161993    0.13140361    0.11400767    0.11564788    0.13532840    0.12763888    0.12241720    0.10827274    0.11564788    0.11564788    0.11537368    0.00000000    0.07000568    0.16538381    0.14513341    0.28940612    0.25761929    0.25525055    0.28846582    0.20190568
T21            0.18461214    0.14172382    0.17136245    0.15881784    0.13161993    0.12916112    0.12142188    0.12334831    0.13318333    0.11564788    0.12024356    0.11093833    0.11840571    0.11840571    0.11595269    0.07000568    0.00000000    0.17392946    0.15334416    0.29274764    0.26070189    0.25833323    0.27561802    0.19964416
T22            0.17884221    0.18530768    0.21116427    0.20393273    0.17170307    0.16906875    0.15268079    0.18131146    0.20275869    0.19683905    0.17188659    0.16717855    0.16738270    0.16738270    0.17227989    0.16538381    0.17392946    0.00000000    0.03904411    0.28136138    0.25118831    0.25184363    0.28160146    0.19936782
T6             0.16077690    0.17207887    0.20023931    0.19306171    0.15398224    0.15142234    0.13749222    0.16054315    0.18131146    0.17562657    0.15969181    0.14988944    0.14494068    0.14494068    0.15487306    0.14513341    0.15334416    0.03904411    0.00000000    0.25405761    0.23070258    0.22833319    0.25694738    0.18627603
T23            0.27169853    0.33267036    0.36308039    0.33241079    0.29945065    0.30274729    0.28182661    0.31501373    0.32731960    0.31972542    0.29262551    0.29640896    0.28046357    0.28046357    0.30938931    0.28940612    0.29274764    0.28136138    0.25405761    0.00000000    0.14238715    0.13263085    0.16010069    0.26576487
T1             0.24984051    0.29539685    0.33822814    0.31243183    0.27486767    0.27794972    0.26619518    0.28481320    0.30317586    0.29292214    0.28011649    0.27416967    0.26518114    0.26518114    0.27766596    0.25761929    0.26070189    0.25118831    0.23070258    0.14238715    0.00000000    0.02653278    0.04549737    0.24848440
T13            0.24447111    0.28647814    0.32539644    0.30331815    0.27232877    0.27541090    0.26070189    0.27600748    0.29088008    0.27766596    0.27138441    0.26550837    0.25662725    0.25662725    0.27208872    0.25525055    0.25833323    0.25184363    0.22833319    0.13263085    0.02653278    0.00000000    0.03489058    0.24011717
T15            0.27085843    0.32453911    0.35838611    0.33864778    0.30588263    0.30914646    0.28763700    0.30361607    0.32251356    0.31188106    0.30522174    0.29904467    0.28968971    0.28968971    0.29945065    0.28846582    0.27561802    0.28160146    0.25694738    0.16010069    0.04549737    0.03489058    0.00000000    0.26309345
T4             0.15597189    0.21012671    0.24343303    0.23419031    0.19812389    0.19262249    0.19127580    0.19884261    0.23017054    0.22105345    0.21241950    0.19910063    0.19657062    0.19657062    0.21586614    0.20190568    0.19964416    0.19936782    0.18627603    0.26576487    0.24848440    0.24011717    0.26309345    0.00000000

