24
T22            0.00000000    0.21429153    0.20224666    0.19637105    0.22083416    0.23931185    0.25128404    0.27573908    0.25432274    0.25147117    0.16809263    0.16566040    0.16035950    0.16300288    0.17814109    0.18333777    0.17030368    0.21883893    0.17863586    0.17567598    0.22288276    0.26193124    0.17592030    0.16542802
T14            0.21429153    0.00000000    0.05190580    0.04969802    0.15130682    0.15575701    0.16602803    0.20630941    0.20050615    0.29157788    0.22498610    0.22236055    0.22187798    0.22474145    0.24710865    0.27362092    0.26496766    0.29444228    0.25672576    0.25946240    0.29315721    0.33623062    0.25309406    0.24738168
T8             0.20224666    0.05190580    0.00000000    0.03502701    0.13987671    0.13884179    0.14890565    0.18333777    0.17768151    0.28577849    0.22143728    0.21883893    0.21823356    0.22113087    0.24288175    0.26391451    0.25535515    0.29101620    0.25264367    0.25535515    0.29192983    0.32960826    0.24654709    0.24085307
T3             0.19637105    0.04969802    0.03502701    0.00000000    0.13467202    0.13624878    0.14623657    0.17499552    0.17212195    0.28454299    0.21535305    0.21277026    0.21221760    0.21507321    0.23370253    0.25432274    0.24588382    0.28095880    0.24621030    0.24890415    0.28520938    0.32220802    0.24319907    0.23754029
T6             0.22083416    0.15130682    0.13987671    0.13467202    0.00000000    0.09890216    0.09912669    0.14300424    0.14064722    0.30332403    0.22635859    0.22373990    0.22898702    0.23192705    0.24199152    0.25672576    0.25432274    0.28981897    0.24257470    0.25128404    0.28773506    0.30381145    0.24556767    0.23398291
T1             0.23931185    0.15575701    0.13884179    0.13624878    0.09890216    0.00000000    0.02444562    0.10176462    0.09477470    0.33579476    0.25582425    0.25309406    0.25254361    0.25554522    0.25501956    0.26991859    0.26131664    0.30672035    0.25554522    0.25228447    0.29520577    0.33882092    0.26407901    0.25828763
T9             0.25128404    0.16602803    0.14890565    0.14623657    0.09912669    0.02444562    0.00000000    0.10931578    0.10430960    0.34367534    0.25641456    0.25368718    0.25915250    0.26220967    0.26160342    0.27674522    0.26805326    0.30747199    0.25611404    0.25885339    0.30213742    0.34229418    0.26466047    0.26496766
T16            0.27573908    0.20630941    0.18333777    0.17499552    0.14300424    0.10176462    0.10931578    0.00000000    0.05002508    0.38219489    0.29959204    0.29672201    0.29591547    0.29918372    0.28554072    0.32381640    0.30786589    0.35077132    0.29591547    0.29878710    0.34797700    0.38802123    0.30827180    0.30206607
T18            0.25432274    0.20050615    0.17768151    0.17212195    0.14064722    0.09477470    0.10430960    0.05002508    0.00000000    0.36785024    0.27742680    0.27463010    0.27394618    0.27708040    0.28270938    0.30091440    0.29192983    0.32679226    0.28023454    0.28305343    0.32778438    0.38369243    0.28907814    0.28305343
T21            0.25147117    0.29157788    0.28577849    0.28454299    0.30332403    0.33579476    0.34367534    0.38219489    0.36785024    0.00000000    0.16014133    0.15773013    0.15251278    0.15511460    0.22373990    0.22344438    0.22054718    0.24588382    0.20707517    0.20399526    0.25738015    0.28818023    0.22436023    0.21019689
T4             0.16809263    0.22498610    0.22143728    0.21535305    0.22635859    0.25582425    0.25641456    0.29959204    0.27742680    0.16014133    0.00000000    0.00200303    0.01006792    0.01210059    0.13452055    0.14955150    0.14444170    0.16702363    0.13987671    0.14223971    0.18452995    0.20655519    0.13987671    0.12750733
T13            0.16566040    0.22236055    0.21883893    0.21277026    0.22373990    0.25309406    0.25368718    0.29672201    0.27463010    0.15773013    0.00200303    0.00000000    0.00804454    0.01007308    0.13217487    0.14716572    0.14206895    0.16458402    0.13752175    0.13987671    0.18203053    0.20399526    0.13752175    0.12518536
T19            0.16035950    0.22187798    0.21823356    0.21221760    0.22898702    0.25254361    0.25915250    0.29591547    0.27394618    0.15251278    0.01006792    0.00804454    0.00000000    0.00200404    0.12475789    0.13954004    0.13452055    0.15675856    0.13499915    0.13232807    0.17668787    0.19564422    0.12999206    0.11782302
T0             0.16300288    0.22474145    0.22113087    0.21507321    0.23192705    0.25554522    0.26220967    0.29918372    0.27708040    0.15511460    0.01210059    0.01007308    0.00200404    0.00000000    0.12721793    0.14206895    0.13702396    0.15935337    0.13752175    0.13483156    0.17935202    0.19841233    0.13248929    0.12026502
T5             0.17814109    0.24710865    0.24288175    0.23370253    0.24199152    0.25501956    0.26160342    0.28554072    0.28270938    0.22373990    0.13452055    0.13217487    0.12475789    0.12721793    0.00000000    0.09938100    0.08763157    0.11566850    0.09452827    0.09207745    0.13424196    0.18472358    0.11987409    0.11034718
T15            0.18333777    0.27362092    0.26391451    0.25432274    0.25672576    0.26991859    0.27674522    0.32381640    0.30091440    0.22344438    0.14955150    0.14716572    0.13954004    0.14206895    0.09938100    0.00000000    0.03285165    0.11095746    0.10415974    0.10162801    0.14666356    0.19542046    0.13232807    0.12475789
T11            0.17030368    0.26496766    0.25535515    0.24588382    0.25432274    0.26131664    0.26805326    0.30786589    0.29192983    0.22054718    0.14444170    0.14206895    0.13452055    0.13702396    0.08763157    0.03285165    0.00000000    0.09665544    0.09912669    0.09665544    0.14384823    0.18723026    0.12708519    0.11503784
T23            0.21883893    0.29444228    0.29101620    0.28095880    0.28981897    0.30672035    0.30747199    0.35077132    0.32679226    0.24588382    0.16702363    0.16458402    0.15675856    0.15935337    0.11566850    0.11095746    0.09665544    0.00000000    0.12518536    0.11769089    0.16404151    0.21122741    0.14398410    0.13659938
T2             0.17863586    0.25672576    0.25264367    0.24621030    0.24257470    0.25554522    0.25611404    0.29591547    0.28023454    0.20707517    0.13987671    0.13752175    0.13499915    0.13752175    0.09452827    0.10415974    0.09912669    0.12518536    0.00000000    0.02239066    0.07600826    0.18243031    0.12287118    0.11539296
T10            0.17567598    0.25946240    0.25535515    0.24890415    0.25128404    0.25228447    0.25885339    0.29878710    0.28305343    0.20399526    0.14223971    0.13987671    0.13232807    0.13483156    0.09207745    0.10162801    0.09665544    0.11769089    0.02239066    0.00000000    0.07145926    0.17954009    0.12026502    0.11285450
T20            0.22288276    0.29315721    0.29192983    0.28520938    0.28773506    0.29520577    0.30213742    0.34797700    0.32778438    0.25738015    0.18452995    0.18203053    0.17668787    0.17935202    0.13424196    0.14666356    0.14384823    0.16404151    0.07600826    0.07145926    0.00000000    0.22737852    0.16648632    0.15856111
T7             0.26193124    0.33623062    0.32960826    0.32220802    0.30381145    0.33882092    0.34229418    0.38802123    0.38369243    0.28818023    0.20655519    0.20399526    0.19564422    0.19841233    0.18472358    0.19542046    0.18723026    0.21122741    0.18243031    0.17954009    0.22737852    0.00000000    0.16160532    0.15145381
T12            0.17592030    0.25309406    0.24654709    0.24319907    0.24556767    0.26407901    0.26466047    0.30827180    0.28907814    0.22436023    0.13987671    0.13752175    0.12999206    0.13248929    0.11987409    0.13232807    0.12708519    0.14398410    0.12287118    0.12026502    0.16648632    0.16160532    0.00000000    0.03070093
T17            0.16542802    0.24738168    0.24085307    0.23754029    0.23398291    0.25828763    0.26496766    0.30206607    0.28305343    0.21019689    0.12750733    0.12518536    0.11782302    0.12026502    0.11034718    0.12475789    0.11503784    0.13659938    0.11539296    0.11285450    0.15856111    0.15145381    0.03070093    0.00000000

