24
T22            0.00000000    0.31729437    0.33838246    0.35312047    0.33693387    0.34345972    0.34345972    0.33693387    0.34394185    0.36135875    0.35936759    0.39658749    0.33838246    0.36615137    0.37388492    0.36795358    0.35015089    0.30982993    0.31029153    0.29454879    0.30403992    0.29784454    0.29784454    0.29590417
T4             0.31729437    0.00000000    0.05841173    0.08940799    0.06487865    0.06927105    0.06927105    0.06932447    0.07156235    0.07150390    0.22541876    0.25298924    0.20577829    0.22805011    0.27155110    0.27039582    0.24404840    0.20721389    0.19676899    0.19984158    0.19693308    0.19948896    0.19948896    0.21873988
T15            0.33838246    0.05841173    0.00000000    0.12966234    0.09888623    0.10350538    0.10350538    0.10361693    0.10599923    0.10588198    0.26259053    0.30071117    0.24677741    0.27083529    0.30656361    0.29942719    0.26793170    0.24756291    0.23654701    0.23713076    0.23152980    0.23950087    0.23950087    0.25420784
T20            0.35312047    0.08940799    0.12966234    0.00000000    0.04124292    0.04549693    0.04549693    0.05632830    0.05853162    0.09878592    0.27521946    0.29902234    0.24785457    0.26549189    0.30088657    0.29332544    0.27231758    0.22872021    0.22606251    0.22928565    0.22060306    0.22889842    0.22889842    0.24897771
T14            0.33693387    0.06487865    0.09888623    0.04124292    0.00000000    0.00804347    0.00804347    0.03284951    0.03497308    0.07388096    0.25453873    0.27764706    0.22805011    0.25117303    0.28958607    0.28540473    0.25544144    0.22077756    0.21014444    0.21331612    0.21032725    0.21292509    0.21292509    0.23550115
T11            0.34345972    0.06927105    0.10350538    0.04549693    0.00804347    0.00000000    0.00401615    0.03705654    0.03919376    0.07833696    0.26033348    0.28363217    0.23361057    0.25693146    0.29561756    0.28574465    0.26120790    0.22624288    0.21553270    0.21873988    0.21572134    0.21833679    0.21833679    0.24404840
T12            0.34345972    0.06927105    0.10350538    0.04549693    0.00804347    0.00401615    0.00000000    0.03705654    0.03919376    0.07833696    0.26033348    0.28363217    0.23361057    0.25693146    0.29561756    0.28574465    0.26120790    0.22624288    0.21553270    0.21873988    0.21572134    0.21833679    0.21833679    0.24404840
T3             0.33693387    0.06932447    0.10361693    0.05632830    0.03284951    0.03705654    0.03705654    0.00000000    0.00603643    0.07841793    0.25149462    0.28009873    0.22515628    0.24815661    0.29273546    0.29500565    0.26761754    0.22643345    0.21572134    0.21895627    0.21591986    0.21853338    0.21853338    0.24135659
T6             0.34394185    0.07156235    0.10599923    0.05853162    0.03497308    0.03919376    0.03919376    0.00603643    0.00000000    0.08070200    0.25453873    0.27694899    0.22227917    0.24515833    0.29590489    0.29824752    0.27070864    0.22928565    0.21853338    0.22180047    0.21873988    0.22136138    0.22136138    0.24431032
T8             0.36135875    0.07150390    0.10588198    0.09878592    0.07388096    0.07833696    0.07833696    0.07841793    0.08070200    0.00000000    0.24277691    0.29005358    0.23124034    0.25453873    0.29620413    0.29862911    0.26549189    0.23237155    0.22157596    0.22490369    0.22180047    0.22442828    0.22442828    0.25056112
T2             0.35936759    0.22541876    0.26259053    0.27521946    0.25453873    0.26033348    0.26033348    0.25149462    0.25453873    0.24277691    0.00000000    0.09440074    0.03919376    0.05426224    0.30938012    0.29498925    0.25726124    0.22832105    0.21472249    0.20956304    0.20648150    0.20392245    0.20392245    0.25596650
T23            0.39658749    0.25298924    0.30071117    0.29902234    0.27764706    0.28363217    0.28363217    0.28009873    0.27694899    0.29005358    0.09440074    0.00000000    0.06067645    0.07395867    0.33693387    0.30519850    0.28609595    0.24110343    0.23308455    0.23069133    0.23627030    0.22832105    0.22832105    0.26893951
T17            0.33838246    0.20577829    0.24677741    0.24785457    0.22805011    0.23361057    0.23361057    0.22515628    0.22227917    0.23124034    0.03919376    0.06067645    0.00000000    0.02242039    0.28683253    0.27281547    0.24247234    0.20299749    0.19535752    0.19031026    0.19282933    0.19031026    0.19031026    0.22919319
T1             0.36615137    0.22805011    0.27083529    0.26549189    0.25117303    0.25693146    0.25693146    0.24815661    0.24515833    0.25453873    0.05426224    0.07395867    0.02242039    0.00000000    0.30315020    0.29127470    0.25999421    0.21941858    0.21162774    0.20088846    0.20904990    0.20648150    0.20648150    0.24041820
T5             0.37388492    0.27155110    0.30656361    0.30088657    0.28958607    0.29561756    0.29561756    0.29273546    0.29590489    0.29620413    0.30938012    0.33693387    0.28683253    0.30315020    0.00000000    0.13670346    0.11742898    0.13622318    0.13657111    0.13935205    0.13893617    0.13684395    0.13684395    0.21472249
T18            0.36795358    0.27039582    0.29942719    0.29332544    0.28540473    0.28574465    0.28574465    0.29500565    0.29824752    0.29862911    0.29498925    0.30519850    0.27281547    0.29127470    0.13670346    0.00000000    0.10625631    0.12719152    0.13262560    0.13047069    0.12500794    0.13984119    0.13984119    0.21268637
T21            0.35015089    0.24404840    0.26793170    0.27231758    0.25544144    0.26120790    0.26120790    0.26761754    0.27070864    0.26549189    0.25726124    0.28609595    0.24247234    0.25999421    0.11742898    0.10625631    0.00000000    0.11054827    0.11093471    0.10880727    0.10839299    0.11308059    0.11308059    0.20162872
T13            0.30982993    0.20721389    0.24756291    0.22872021    0.22077756    0.22624288    0.22624288    0.22643345    0.22928565    0.23237155    0.22832105    0.24110343    0.20299749    0.21941858    0.13622318    0.12719152    0.11054827    0.00000000    0.02859820    0.06715206    0.06487865    0.06704817    0.06704817    0.14633813
T7             0.31029153    0.19676899    0.23654701    0.22606251    0.21014444    0.21553270    0.21553270    0.21572134    0.21853338    0.22157596    0.21472249    0.23308455    0.19535752    0.21162774    0.13657111    0.13262560    0.11093471    0.02859820    0.00000000    0.06960841    0.06505105    0.06945245    0.06945245    0.13920525
T10            0.29454879    0.19984158    0.23713076    0.22928565    0.21331612    0.21873988    0.21873988    0.21895627    0.22180047    0.22490369    0.20956304    0.23069133    0.19031026    0.20088846    0.13935205    0.13047069    0.10880727    0.06715206    0.06960841    0.00000000    0.02650586    0.02648554    0.02648554    0.15227324
T9             0.30403992    0.19693308    0.23152980    0.22060306    0.21032725    0.21572134    0.21572134    0.21591986    0.21873988    0.22180047    0.20648150    0.23627030    0.19282933    0.20904990    0.13893617    0.12500794    0.10839299    0.06487865    0.06505105    0.02650586    0.00000000    0.02647165    0.02647165    0.14951268
T0             0.29784454    0.19948896    0.23950087    0.22889842    0.21292509    0.21833679    0.21833679    0.21853338    0.22136138    0.22442828    0.20392245    0.22832105    0.19031026    0.20648150    0.13684395    0.13984119    0.11308059    0.06704817    0.06945245    0.02648554    0.02647165    0.00000000    0.00000000    0.15190617
T19            0.29784454    0.19948896    0.23950087    0.22889842    0.21292509    0.21833679    0.21833679    0.21853338    0.22136138    0.22442828    0.20392245    0.22832105    0.19031026    0.20648150    0.13684395    0.13984119    0.11308059    0.06704817    0.06945245    0.02648554    0.02647165    0.00000000    0.00000000    0.15190617
T16            0.29590417    0.21873988    0.25420784    0.24897771    0.23550115    0.24404840    0.24404840    0.24135659    0.24431032    0.25056112    0.25596650    0.26893951    0.22919319    0.24041820    0.21472249    0.21268637    0.20162872    0.14633813    0.13920525    0.15227324    0.14951268    0.15190617    0.15190617    0.00000000

