24
T7             0.00000000    0.42621516    0.47871945    0.46996731    0.47354157    0.42348262    0.41810620    0.41346460    0.41346460    0.42144704    0.47594193    0.42413513    0.42480316    0.24184286    0.24481278    0.25050600    0.28074538    0.28675776    0.28714218    0.24453057    0.34452352    0.30925998    0.30107571    0.28512257
T10            0.42621516    0.00000000    0.05840900    0.07177567    0.06944849    0.08488430    0.07833195    0.07825821    0.07825821    0.08053150    0.12485333    0.08955102    0.09643529    0.33620805    0.34301878    0.34953687    0.41615284    0.38866314    0.38173365    0.36630921    0.47777761    0.43177219    0.42610558    0.41882308
T14            0.47871945    0.05840900    0.00000000    0.06081654    0.08972968    0.11511681    0.10838292    0.10826011    0.10826011    0.11065909    0.15724971    0.12009049    0.12731744    0.38544280    0.39294489    0.40000171    0.46525435    0.43089216    0.42348262    0.41043933    0.52677843    0.48152842    0.47922431    0.47129880
T15            0.46996731    0.07177567    0.06081654    0.00000000    0.10147119    0.12240132    0.11563230    0.11549194    0.11549194    0.11792603    0.16248843    0.12283015    0.13010869    0.37805187    0.38544280    0.39241410    0.46091621    0.42685267    0.41949157    0.40273466    0.51272625    0.47713325    0.45923730    0.45438739
T3             0.47354157    0.06944849    0.08972968    0.10147119    0.00000000    0.12471994    0.11792603    0.11778738    0.11778738    0.12022741    0.16491531    0.12979379    0.13713303    0.38494018    0.38866314    0.39945669    0.44181803    0.41043933    0.40602752    0.41265851    0.52883422    0.47488659    0.46434461    0.46498654
T19            0.42348262    0.08488430    0.11511681    0.12240132    0.12471994    0.00000000    0.01413393    0.01413293    0.01413293    0.01617380    0.08741419    0.04753736    0.05835938    0.34034383    0.34724895    0.34684752    0.40422998    0.37691661    0.37007102    0.35469035    0.47202886    0.42621516    0.42439683    0.41709993
T23            0.41810620    0.07833195    0.10838292    0.11563230    0.11792603    0.01413393    0.00000000    0.00401106    0.00401106    0.00602722    0.08089001    0.04124153    0.05200398    0.33507886    0.34198419    0.34155465    0.40162630    0.37429870    0.36746676    0.34945363    0.46920368    0.42750586    0.42559333    0.41826488
T18            0.41346460    0.07825821    0.10826011    0.11549194    0.11778738    0.01413293    0.00401106    0.00000000    0.00000000    0.00602417    0.08078972    0.04120281    0.05194847    0.33467319    0.34155465    0.34113806    0.40096436    0.37375298    0.36693462    0.34898646    0.46417541    0.42284563    0.42102799    0.41376200
T17            0.41346460    0.07825821    0.10826011    0.11549194    0.11778738    0.01413293    0.00401106    0.00000000    0.00000000    0.00602417    0.08078972    0.04120281    0.05194847    0.33467319    0.34155465    0.34113806    0.40096436    0.37375298    0.36693462    0.34898646    0.46417541    0.42284563    0.42102799    0.41376200
T16            0.42144704    0.08053150    0.11065909    0.11792603    0.12022741    0.01617380    0.00602722    0.00602417    0.00602417    0.00000000    0.08308924    0.04334442    0.05194847    0.33126773    0.33810205    0.33769739    0.40489283    0.37746232    0.37060307    0.35252480    0.47277646    0.43089216    0.42897812    0.42161829
T6             0.47594193    0.12485333    0.15724971    0.16248843    0.16491531    0.08741419    0.08089001    0.08078972    0.08078972    0.08308924    0.00000000    0.06304422    0.06969244    0.36716684    0.37439707    0.37393515    0.44697614    0.42955929    0.42212958    0.37956242    0.51736647    0.48152842    0.46632270    0.45856179
T5             0.42413513    0.08955102    0.12009049    0.12283015    0.12979379    0.04753736    0.04124153    0.04120281    0.04120281    0.04334442    0.06304422    0.00000000    0.01008416    0.33730563    0.34418698    0.34378444    0.38936125    0.38119945    0.37429870    0.34198419    0.45438739    0.42161829    0.41599692    0.41654067
T22            0.42480316    0.09643529    0.12731744    0.13010869    0.13713303    0.05835938    0.05200398    0.05194847    0.05194847    0.05194847    0.06969244    0.01008416    0.00000000    0.34113806    0.34809141    0.34766359    0.39771321    0.39706659    0.38997793    0.34945363    0.46346481    0.43838332    0.42439683    0.42498721
T13            0.24184286    0.33620805    0.38544280    0.37805187    0.38494018    0.34034383    0.33507886    0.33467319    0.33467319    0.33126773    0.36716684    0.33730563    0.34113806    0.00000000    0.00602417    0.01414119    0.15308433    0.13494973    0.14530761    0.10576308    0.29647770    0.26062121    0.27831824    0.26301348
T4             0.24481278    0.34301878    0.39294489    0.38544280    0.38866314    0.34724895    0.34198419    0.34155465    0.34155465    0.33810205    0.37439707    0.34418698    0.34809141    0.00602417    0.00000000    0.01619046    0.15047860    0.13244225    0.14274208    0.10814487    0.28997674    0.25754123    0.28150643    0.26611256
T1             0.25050600    0.34953687    0.40000171    0.39241410    0.39945669    0.34684752    0.34155465    0.34113806    0.34113806    0.33769739    0.37393515    0.34378444    0.34766359    0.01414119    0.01619046    0.00000000    0.15547671    0.14236336    0.14767977    0.10803720    0.30263806    0.26959862    0.28753780    0.27200235
T8             0.28074538    0.41615284    0.46525435    0.46091621    0.44181803    0.40422998    0.40162630    0.40096436    0.40096436    0.40489283    0.44697614    0.38936125    0.39771321    0.15308433    0.15047860    0.15547671    0.00000000    0.02665012    0.02670210    0.08355411    0.34755614    0.28879165    0.30395210    0.30107571
T21            0.28675776    0.38866314    0.43089216    0.42685267    0.41043933    0.37691661    0.37429870    0.37375298    0.37375298    0.37746232    0.42955929    0.38119945    0.39706659    0.13494973    0.13244225    0.14236336    0.02665012    0.00000000    0.01212506    0.07195549    0.33278005    0.29162372    0.30018724    0.29732142
T0             0.28714218    0.38173365    0.42348262    0.41949157    0.40602752    0.37007102    0.36746676    0.36693462    0.36693462    0.37060307    0.42212958    0.37429870    0.38997793    0.14530761    0.14274208    0.14767977    0.02670210    0.01212506    0.00000000    0.07662336    0.33682564    0.28554109    0.29403885    0.29119511
T9             0.24453057    0.36630921    0.41043933    0.40273466    0.41265851    0.35469035    0.34945363    0.34898646    0.34898646    0.35252480    0.37956242    0.34198419    0.34945363    0.10576308    0.10814487    0.10803720    0.08355411    0.07195549    0.07662336    0.00000000    0.31358264    0.26959862    0.28112038    0.26576543
T12            0.34452352    0.47777761    0.52677843    0.51272625    0.52883422    0.47202886    0.46920368    0.46417541    0.46417541    0.47277646    0.51736647    0.45438739    0.46346481    0.29647770    0.28997674    0.30263806    0.34755614    0.33278005    0.33682564    0.31358264    0.00000000    0.12283015    0.13260990    0.12009049
T2             0.30925998    0.43177219    0.48152842    0.47713325    0.47488659    0.42621516    0.42750586    0.42284563    0.42284563    0.43089216    0.48152842    0.42161829    0.43838332    0.26062121    0.25754123    0.26959862    0.28879165    0.29162372    0.28554109    0.26959862    0.12283015    0.00000000    0.10624628    0.09216167
T11            0.30107571    0.42610558    0.47922431    0.45923730    0.46434461    0.42439683    0.42559333    0.42102799    0.42102799    0.42897812    0.46632270    0.41599692    0.42439683    0.27831824    0.28150643    0.28753780    0.30395210    0.30018724    0.29403885    0.28112038    0.13260990    0.10624628    0.00000000    0.03492740
T20            0.28512257    0.41882308    0.47129880    0.45438739    0.46498654    0.41709993    0.41826488    0.41376200    0.41376200    0.42161829    0.45856179    0.41654067    0.42498721    0.26301348    0.26611256    0.27200235    0.30107571    0.29732142    0.29119511    0.26576543    0.12009049    0.09216167    0.03492740    0.00000000

