24
T20            0.00000000    0.21215576    0.17990048    0.22159316    0.23480566    0.17400214    0.18738692    0.19032398    0.26585702    0.15414727    0.13571918    0.13786445    0.15268336    0.19964880    0.11367070    0.12317529    0.12104822    0.12070400    0.12070400    0.11857688    0.12054341    0.09923579    0.12317529    0.10374018
T8             0.21215576    0.00000000    0.15029586    0.23363120    0.23613970    0.19330027    0.19884794    0.20191082    0.26731510    0.17026162    0.20191082    0.20985168    0.22628595    0.27246764    0.19812999    0.20045609    0.21215576    0.20369297    0.20369297    0.22366802    0.22281633    0.21682940    0.24849348    0.21636305
T21            0.17990048    0.15029586    0.00000000    0.17721638    0.18405844    0.14934832    0.15708822    0.15989521    0.21587181    0.11564944    0.15728140    0.16211732    0.18827675    0.24377661    0.17721638    0.18180462    0.19078401    0.17721638    0.17721638    0.19354249    0.19559401    0.19812999    0.22309047    0.19769780
T11            0.22159316    0.23363120    0.17721638    0.00000000    0.05408203    0.16096784    0.16614068    0.17153346    0.23923704    0.14679487    0.19812999    0.20601894    0.22755690    0.28294691    0.22780834    0.22973211    0.23896132    0.23020150    0.23020150    0.22731548    0.24406979    0.22645055    0.24334556    0.23176826
T15            0.23480566    0.23613970    0.18405844    0.05408203    0.00000000    0.16192733    0.16718241    0.17271178    0.24412236    0.14791650    0.21391676    0.21908170    0.24412236    0.29502733    0.24377661    0.24612378    0.24680321    0.24377661    0.24377661    0.24680321    0.25185245    0.24548531    0.25695740    0.24787804
T9             0.17400214    0.19330027    0.14934832    0.16096784    0.16192733    0.00000000    0.02029491    0.03077743    0.19306718    0.08751841    0.16495035    0.16943481    0.19306718    0.24881673    0.18738692    0.19476021    0.19836005    0.19284325    0.19284325    0.18738692    0.19495472    0.20024636    0.22806976    0.20260580
T7             0.18738692    0.19884794    0.15708822    0.16614068    0.16718241    0.02029491    0.00000000    0.03077743    0.19354249    0.09429996    0.17293866    0.17742277    0.19582559    0.25798000    0.19559401    0.20301228    0.20675160    0.20114155    0.20114155    0.19559401    0.20322974    0.20859065    0.23685566    0.21094989
T14            0.19032398    0.20191082    0.15989521    0.17153346    0.17271178    0.03077743    0.03077743    0.00000000    0.19054945    0.09911304    0.17048990    0.18033669    0.19884794    0.26456527    0.19032398    0.19769780    0.20419373    0.19859937    0.19859937    0.19306718    0.20067522    0.20322974    0.23126114    0.20557788
T3             0.26585702    0.26731510    0.21587181    0.23923704    0.24412236    0.19306718    0.19354249    0.19054945    0.00000000    0.14221169    0.24044178    0.24579941    0.25762860    0.33345705    0.23629121    0.23819575    0.24220040    0.23045135    0.23045135    0.24164159    0.24974430    0.27697848    0.29217845    0.27945460
T12            0.15414727    0.17026162    0.11564944    0.14679487    0.14791650    0.08751841    0.09429996    0.09911304    0.14221169    0.00000000    0.14750986    0.14713591    0.17271178    0.23579132    0.15932044    0.17170793    0.16718241    0.16454794    0.16454794    0.16983090    0.17189120    0.17701885    0.20393867    0.17931295
T22            0.13571918    0.20191082    0.15728140    0.19812999    0.21391676    0.16495035    0.17293866    0.17048990    0.24044178    0.14750986    0.00000000    0.02653286    0.06744558    0.15551006    0.13826634    0.15289613    0.15120138    0.14297176    0.14297176    0.14340009    0.14276964    0.14002851    0.16561788    0.14731879
T2             0.13786445    0.20985168    0.16211732    0.20601894    0.21908170    0.16943481    0.17742277    0.18033669    0.24579941    0.14713591    0.02653286    0.00000000    0.07860374    0.16032057    0.14554520    0.15813778    0.15334632    0.15029586    0.15029586    0.15073234    0.15268336    0.14221169    0.16782001    0.15468124
T1             0.15268336    0.22628595    0.18827675    0.22755690    0.24412236    0.19306718    0.19582559    0.19884794    0.25762860    0.17271178    0.06744558    0.07860374    0.00000000    0.17026162    0.15791118    0.17026162    0.17393237    0.16538689    0.16538689    0.15268336    0.16782001    0.17026162    0.19432363    0.17517054
T4             0.19964880    0.27246764    0.24377661    0.28294691    0.29502733    0.24881673    0.25798000    0.26456527    0.33345705    0.23579132    0.15551006    0.16032057    0.17026162    0.00000000    0.21682009    0.22722189    0.23159629    0.22200199    0.22200199    0.20246987    0.21013225    0.22136421    0.24447822    0.22366802
T17            0.11367070    0.19812999    0.17721638    0.22780834    0.24377661    0.18738692    0.19559401    0.19032398    0.23629121    0.15932044    0.13826634    0.14554520    0.15791118    0.21682009    0.00000000    0.04549767    0.04777045    0.04334656    0.04334656    0.07641656    0.07614639    0.10827435    0.13246462    0.11283872
T0             0.12317529    0.20045609    0.18180462    0.22973211    0.24612378    0.19476021    0.20301228    0.19769780    0.23819575    0.17170793    0.15289613    0.15813778    0.17026162    0.22722189    0.04549767    0.00000000    0.06067781    0.05617430    0.05617430    0.08983993    0.08956023    0.12966857    0.15468124    0.13435488
T6             0.12104822    0.21215576    0.19078401    0.23896132    0.24680321    0.19836005    0.20675160    0.20419373    0.24220040    0.16718241    0.15120138    0.15334632    0.17393237    0.23159629    0.04777045    0.06067781    0.00000000    0.02034131    0.02034131    0.08797119    0.08762079    0.12780439    0.14513572    0.12996865
T23            0.12070400    0.20369297    0.17721638    0.23020150    0.24377661    0.19284325    0.20114155    0.19859937    0.23045135    0.16454794    0.14297176    0.15029586    0.16538689    0.22200199    0.04334656    0.05617430    0.02034131    0.00000000    0.00000000    0.08309806    0.08282318    0.12255496    0.14475869    0.12473850
T18            0.12070400    0.20369297    0.17721638    0.23020150    0.24377661    0.19284325    0.20114155    0.19859937    0.23045135    0.16454794    0.14297176    0.15029586    0.16538689    0.22200199    0.04334656    0.05617430    0.02034131    0.00000000    0.00000000    0.08309806    0.08282318    0.12255496    0.14475869    0.12473850
T16            0.11857688    0.22366802    0.19354249    0.22731548    0.24680321    0.18738692    0.19559401    0.19306718    0.24164159    0.16983090    0.14340009    0.15073234    0.15268336    0.20246987    0.07641656    0.08983993    0.08797119    0.08309806    0.08309806    0.00000000    0.03485906    0.12284958    0.14770910    0.12748514
T13            0.12054341    0.22281633    0.19559401    0.24406979    0.25185245    0.19495472    0.20322974    0.20067522    0.24974430    0.17189120    0.14276964    0.15268336    0.16782001    0.21013225    0.07614639    0.08956023    0.08762079    0.08282318    0.08282318    0.03485906    0.00000000    0.12733733    0.15228256    0.13449739
T5             0.09923579    0.21682940    0.19812999    0.22645055    0.24548531    0.20024636    0.20859065    0.20322974    0.27697848    0.17701885    0.14002851    0.14221169    0.17026162    0.22136421    0.10827435    0.12966857    0.12780439    0.12255496    0.12255496    0.12284958    0.12733733    0.00000000    0.04355998    0.04549767
T19            0.12317529    0.24849348    0.22309047    0.24334556    0.25695740    0.22806976    0.23685566    0.23126114    0.29217845    0.20393867    0.16561788    0.16782001    0.19432363    0.24447822    0.13246462    0.15468124    0.14513572    0.14475869    0.14475869    0.14770910    0.15228256    0.04355998    0.00000000    0.07413747
T10            0.10374018    0.21636305    0.19769780    0.23176826    0.24787804    0.20260580    0.21094989    0.20557788    0.27945460    0.17931295    0.14731879    0.15468124    0.17517054    0.22366802    0.11283872    0.13435488    0.12996865    0.12473850    0.12473850    0.12748514    0.13449739    0.04549767    0.07413747    0.00000000

