24
T17            0.00000000    0.29560160    0.29522036    0.33418824    0.33072596    0.32136088    0.32572769    0.34676581    0.35801859    0.34744015    0.35106586    0.29560160    0.29771967    0.26996688    0.28971819    0.33026916    0.31336636    0.31711198    0.29236372    0.29808843    0.30586822    0.31125391    0.29111769    0.28828642
T16            0.29560160    0.00000000    0.01829802    0.13276996    0.13998583    0.13528944    0.13822134    0.15482421    0.16071965    0.17011539    0.17284860    0.14253097    0.14965491    0.12238895    0.15909412    0.15964107    0.15186696    0.15242816    0.16468736    0.16732660    0.15964107    0.15945035    0.16798650    0.16822335
T18            0.29522036    0.01829802    0.00000000    0.14017237    0.13728142    0.13510784    0.13801758    0.15722849    0.16579399    0.16710922    0.16982016    0.14746230    0.15463042    0.12716460    0.16412476    0.16468736    0.15685229    0.15742907    0.16187285    0.15926802    0.16206199    0.16187285    0.16775807    0.16798650
T0             0.33418824    0.13276996    0.14017237    0.00000000    0.16555588    0.15855563    0.15641022    0.18425324    0.17412943    0.18542972    0.18822406    0.19229404    0.19984305    0.17019844    0.19346176    0.18820033    0.19928477    0.19731780    0.20182129    0.21318954    0.20776257    0.20747307    0.21124384    0.21156918
T23            0.33072596    0.13998583    0.13728142    0.16555588    0.00000000    0.13276996    0.13567616    0.14709018    0.19229404    0.18760301    0.18482423    0.18124010    0.18869671    0.16489186    0.19851538    0.20776257    0.19094847    0.18073615    0.19070606    0.19119981    0.20836915    0.19172920    0.20327940    0.20359816
T1             0.32136088    0.13528944    0.13510784    0.15855563    0.13276996    0.00000000    0.01415451    0.11534818    0.19009199    0.19103413    0.19386009    0.17743190    0.18206083    0.15831390    0.19172920    0.19539972    0.18979539    0.18512267    0.20521120    0.20806127    0.21996852    0.21092770    0.21773710    0.21809788
T13            0.32572769    0.13822134    0.13801758    0.15641022    0.13567616    0.01415451    0.00000000    0.11319326    0.19352936    0.19454768    0.19740600    0.18574536    0.19039733    0.16629520    0.19731780    0.20392593    0.19822565    0.19352936    0.20868619    0.20581974    0.22363943    0.21446891    0.21552545    0.21589600
T7             0.34676581    0.15482421    0.15722849    0.18425324    0.14709018    0.11534818    0.11319326    0.00000000    0.21996852    0.23000857    0.22700416    0.18646508    0.18844409    0.16732660    0.20385006    0.21607249    0.20182129    0.19984305    0.22385996    0.22156700    0.23601107    0.22972747    0.23146698    0.23184370
T19            0.35801859    0.16071965    0.16579399    0.17412943    0.19229404    0.19009199    0.19352936    0.21996852    0.00000000    0.17931263    0.18206083    0.22327050    0.22812235    0.19761150    0.22647481    0.22449216    0.21289293    0.21156918    0.23302470    0.22482257    0.23938057    0.23901540    0.24319054    0.24359442
T21            0.34744015    0.17011539    0.16710922    0.18542972    0.18760301    0.19103413    0.19454768    0.23000857    0.17931263    0.00000000    0.00603633    0.21706255    0.23082937    0.20426267    0.22222009    0.23000857    0.22401772    0.22822213    0.21773710    0.22587082    0.23525255    0.22291095    0.23913177    0.24265335
T9             0.35106586    0.17284860    0.16982016    0.18822406    0.18482423    0.19386009    0.19740600    0.22700416    0.18206083    0.00603633    0.00000000    0.21410261    0.22780677    0.20139619    0.21929491    0.23303116    0.22700416    0.23125392    0.22067954    0.22884833    0.24135312    0.22884833    0.24530782    0.24888723
T14            0.29560160    0.14253097    0.14746230    0.19229404    0.18124010    0.17743190    0.18574536    0.18646508    0.22327050    0.21706255    0.21410261    0.00000000    0.02238886    0.03705418    0.07169202    0.10384383    0.09909242    0.10159029    0.17264730    0.17264730    0.17556200    0.18073615    0.17335009    0.17360140
T8             0.29771967    0.14965491    0.15463042    0.19984305    0.18869671    0.18206083    0.19039733    0.18844409    0.22812235    0.23082937    0.22780677    0.02238886    0.00000000    0.04334293    0.07825330    0.11548073    0.10586341    0.10359900    0.17735656    0.17735656    0.18026699    0.18546724    0.17802529    0.17826554
T12            0.26996688    0.12238895    0.12716460    0.17019844    0.16489186    0.15831390    0.16629520    0.16732660    0.19761150    0.20426267    0.20139619    0.03705418    0.04334293    0.00000000    0.05395629    0.09195069    0.08045453    0.07613479    0.15153408    0.15409878    0.15426768    0.15926802    0.16246554    0.16267989
T15            0.28971819    0.15909412    0.16412476    0.19346176    0.19851538    0.19172920    0.19731780    0.20385006    0.22647481    0.22222009    0.21929491    0.07169202    0.07825330    0.05395629    0.00000000    0.12703313    0.11489455    0.11740645    0.18982630    0.18711550    0.19047261    0.19574441    0.19649051    0.19675729
T5             0.33026916    0.15964107    0.16468736    0.18820033    0.20776257    0.19539972    0.20392593    0.21607249    0.22449216    0.23000857    0.23303116    0.10384383    0.11548073    0.09195069    0.12703313    0.00000000    0.05419013    0.06073849    0.18004551    0.18773953    0.18252901    0.19322073    0.19119981    0.19146006
T2             0.31336636    0.15186696    0.15685229    0.19928477    0.19094847    0.18979539    0.19822565    0.20182129    0.21289293    0.22401772    0.22700416    0.09909242    0.10586341    0.08045453    0.11489455    0.05419013    0.00000000    0.05194631    0.17468201    0.18231784    0.18252901    0.18231784    0.18570349    0.18594856
T10            0.31711198    0.15242816    0.15742907    0.19731780    0.18073615    0.18512267    0.19352936    0.19984305    0.21156918    0.22822213    0.23125392    0.10159029    0.10359900    0.07613479    0.11740645    0.06073849    0.05194631    0.00000000    0.16997987    0.17757077    0.17510472    0.18026699    0.17826554    0.17851442
T11            0.29236372    0.16468736    0.16187285    0.20182129    0.19070606    0.20521120    0.20868619    0.22385996    0.23302470    0.21773710    0.22067954    0.17264730    0.17735656    0.15153408    0.18982630    0.18004551    0.17468201    0.16997987    0.00000000    0.05407635    0.10792770    0.10783529    0.11270174    0.11281320
T22            0.29808843    0.16732660    0.15926802    0.21318954    0.19119981    0.20806127    0.20581974    0.22156700    0.22482257    0.22587082    0.22884833    0.17264730    0.17735656    0.15409878    0.18711550    0.18773953    0.18231784    0.17757077    0.05407635    0.00000000    0.10792770    0.10783529    0.11510599    0.11522325
T6             0.30586822    0.15964107    0.16206199    0.20776257    0.20836915    0.21996852    0.22363943    0.23601107    0.23938057    0.23525255    0.24135312    0.17556200    0.18026699    0.15426768    0.19047261    0.18252901    0.18252901    0.17510472    0.10792770    0.10792770    0.00000000    0.02447228    0.08308341    0.08318886
T4             0.31125391    0.15945035    0.16187285    0.20747307    0.19172920    0.21092770    0.21446891    0.22972747    0.23901540    0.22291095    0.22884833    0.18073615    0.18546724    0.15926802    0.19574441    0.19322073    0.18231784    0.18026699    0.10783529    0.10783529    0.02447228    0.00000000    0.08298504    0.08308341
T3             0.29111769    0.16798650    0.16775807    0.21124384    0.20327940    0.21773710    0.21552545    0.23146698    0.24319054    0.23913177    0.24530782    0.17335009    0.17802529    0.16246554    0.19649051    0.19119981    0.18570349    0.17826554    0.11270174    0.11510599    0.08308341    0.08298504    0.00000000    0.00401105
T20            0.28828642    0.16822335    0.16798650    0.21156918    0.20359816    0.21809788    0.21589600    0.23184370    0.24359442    0.24265335    0.24888723    0.17360140    0.17826554    0.16267989    0.19675729    0.19146006    0.18594856    0.17851442    0.11281320    0.11522325    0.08318886    0.08308341    0.00401105    0.00000000

