24
T2             0.00000000    0.23925491    0.23658641    0.21969728    0.24251520    0.20302340    0.26830810    0.28204385    0.28369241    0.29747907    0.27491039    0.25698024    0.25425644    0.23553450    0.23604005    0.19695315    0.23687481    0.23553450    0.23311929    0.23604005    0.22732872    0.23578216    0.19912156    0.16908126
T13            0.23925491    0.00000000    0.00200302    0.12461680    0.15229175    0.10313993    0.18905479    0.18879105    0.19380897    0.18555395    0.16984145    0.19659137    0.19033588    0.19938943    0.18879105    0.15450332    0.17005321    0.17209295    0.16984145    0.17250473    0.16455729    0.17496487    0.21074177    0.18760702
T11            0.23658641    0.00200302    0.00000000    0.12229594    0.14990139    0.10087267    0.18656038    0.18629543    0.19129554    0.18306318    0.16739701    0.19407022    0.18782578    0.19686047    0.18629543    0.15210315    0.16761026    0.16963834    0.16739701    0.17005321    0.16212678    0.17250473    0.20818067    0.18510435
T9             0.21969728    0.12461680    0.12229594    0.00000000    0.09900117    0.08941190    0.17027362    0.18355129    0.17540857    0.17005321    0.15990544    0.16475491    0.15158741    0.16475491    0.15210315    0.12720248    0.13231075    0.14188690    0.14442136    0.14188690    0.13716322    0.15192287    0.18407474    0.16158046
T15            0.24251520    0.15229175    0.14990139    0.09900117    0.00000000    0.10541479    0.19434053    0.21105145    0.19407022    0.19686047    0.18629543    0.19633140    0.19056218    0.22202499    0.20248836    0.16517581    0.17027362    0.17722657    0.17496487    0.17764969    0.17764969    0.18012575    0.20818067    0.19285501
T16            0.20302340    0.10313993    0.10087267    0.08941190    0.10541479    0.00000000    0.15210315    0.15749328    0.16232596    0.15709722    0.14971123    0.14459003    0.13187630    0.16496109    0.14714404    0.11755358    0.12256021    0.12953542    0.12734288    0.12982061    0.12764740    0.12532746    0.17074022    0.14158716
T23            0.26830810    0.18905479    0.18656038    0.17027362    0.19434053    0.15210315    0.00000000    0.10175354    0.09699891    0.10175354    0.08785096    0.19056218    0.19307979    0.22692195    0.21301290    0.18829043    0.19182955    0.17475616    0.17787446    0.18058123    0.17787446    0.17810802    0.22235930    0.21559372
T14            0.28204385    0.18879105    0.18629543    0.18355129    0.21105145    0.15749328    0.10175354    0.00000000    0.08080057    0.08310093    0.07870909    0.20651254    0.20068739    0.22660890    0.20703112    0.19633140    0.19713867    0.19033588    0.19355679    0.19633140    0.19355679    0.19380897    0.24831484    0.24112962
T3             0.28369241    0.19380897    0.19129554    0.17540857    0.19407022    0.16232596    0.09699891    0.08080057    0.00000000    0.07413994    0.06528977    0.19814232    0.19792070    0.22138512    0.20192747    0.19633140    0.18603936    0.18489305    0.18532466    0.18805359    0.18805359    0.19104204    0.23917529    0.23581620
T10            0.29747907    0.18555395    0.18306318    0.17005321    0.19686047    0.15709722    0.10175354    0.08310093    0.07413994    0.00000000    0.02863003    0.21217198    0.20908104    0.23917529    0.22496352    0.20758723    0.20278261    0.19033588    0.19355679    0.19633140    0.19355679    0.19104204    0.24296893    0.24183530
T7             0.27491039    0.16984145    0.16739701    0.15990544    0.18629543    0.14971123    0.08785096    0.07870909    0.06528977    0.02863003    0.00000000    0.19861345    0.19285501    0.22202499    0.20818067    0.19129554    0.19211001    0.17455624    0.17764969    0.18034907    0.17764969    0.17787446    0.22791952    0.22692195
T20            0.25698024    0.19659137    0.19407022    0.16475491    0.19633140    0.14459003    0.19056218    0.20651254    0.19814232    0.21217198    0.19861345    0.00000000    0.05207093    0.14042109    0.12781147    0.09950843    0.10655406    0.13187630    0.13465427    0.13716322    0.12720248    0.13201309    0.21169878    0.20166088
T19            0.25425644    0.19033588    0.18782578    0.15158741    0.19056218    0.13187630    0.19307979    0.20068739    0.19792070    0.20908104    0.19285501    0.05207093    0.00000000    0.13515571    0.11538006    0.09463853    0.09924002    0.13174756    0.13450316    0.13201309    0.11974635    0.12940481    0.20278261    0.19033588
T8             0.23553450    0.19938943    0.19686047    0.16475491    0.22202499    0.16496109    0.22692195    0.22660890    0.22138512    0.23917529    0.22202499    0.14042109    0.13515571    0.00000000    0.06082310    0.09713110    0.11666260    0.15143227    0.16212678    0.16475491    0.14442136    0.15970472    0.20758723    0.20346956
T18            0.23604005    0.18879105    0.18629543    0.15210315    0.20248836    0.14714404    0.21301290    0.20703112    0.20192747    0.22496352    0.20818067    0.12781147    0.11538006    0.06082310    0.00000000    0.08310093    0.09965365    0.14158716    0.14952934    0.15210315    0.13685641    0.15192287    0.20532638    0.19011869
T21            0.19695315    0.15450332    0.15210315    0.12720248    0.16517581    0.11755358    0.18829043    0.19633140    0.19633140    0.20758723    0.19129554    0.09950843    0.09463853    0.09713110    0.08310093    0.00000000    0.07675358    0.11722833    0.12474316    0.12720248    0.11743732    0.12707003    0.18629543    0.17702829
T5             0.23687481    0.17005321    0.16761026    0.13231075    0.17027362    0.12256021    0.19182955    0.19713867    0.18603936    0.20278261    0.19211001    0.10655406    0.09924002    0.11666260    0.09965365    0.07675358    0.00000000    0.12707003    0.12982061    0.13231075    0.11513606    0.12967403    0.17295131    0.17991131
T22            0.23553450    0.17209295    0.16963834    0.14188690    0.17722657    0.12953542    0.17475616    0.19033588    0.18489305    0.19033588    0.17455624    0.13187630    0.13174756    0.15143227    0.14158716    0.11722833    0.12707003    0.00000000    0.02236570    0.02444505    0.08477921    0.09840096    0.17764969    0.17436515
T6             0.23311929    0.16984145    0.16739701    0.14442136    0.17496487    0.12734288    0.17787446    0.19355679    0.18532466    0.19355679    0.17764969    0.13465427    0.13450316    0.16212678    0.14952934    0.12474316    0.12982061    0.02236570    0.00000000    0.00200403    0.08718319    0.10087267    0.17540857    0.17209295
T0             0.23604005    0.17250473    0.17005321    0.14188690    0.17764969    0.12982061    0.18058123    0.19633140    0.18805359    0.19633140    0.18034907    0.13716322    0.13201309    0.16475491    0.15210315    0.12720248    0.13231075    0.02444505    0.00200403    0.00000000    0.08948339    0.10322167    0.17810802    0.17475616
T12            0.22732872    0.16455729    0.16212678    0.13716322    0.17764969    0.12764740    0.17787446    0.19355679    0.18805359    0.19355679    0.17764969    0.12720248    0.11974635    0.14442136    0.13685641    0.11743732    0.11513606    0.08477921    0.08718319    0.08948339    0.00000000    0.05396205    0.17540857    0.17743371
T4             0.23578216    0.17496487    0.17250473    0.15192287    0.18012575    0.12532746    0.17810802    0.19380897    0.19104204    0.19104204    0.17787446    0.13201309    0.12940481    0.15970472    0.15192287    0.12707003    0.12967403    0.09840096    0.10087267    0.10322167    0.05396205    0.00000000    0.17787446    0.17455624
T1             0.19912156    0.21074177    0.20818067    0.18407474    0.20818067    0.17074022    0.22235930    0.24831484    0.23917529    0.24296893    0.22791952    0.21169878    0.20278261    0.20758723    0.20532638    0.18629543    0.17295131    0.17764969    0.17540857    0.17810802    0.17540857    0.17787446    0.00000000    0.10414801
T17            0.16908126    0.18760702    0.18510435    0.16158046    0.19285501    0.14158716    0.21559372    0.24112962    0.23581620    0.24183530    0.22692195    0.20166088    0.19033588    0.20346956    0.19011869    0.17702829    0.17991131    0.17436515    0.17209295    0.17475616    0.17743371    0.17455624    0.10414801    0.00000000

