24
T5             0.00000000    0.26535167    0.26810012    0.23544671    0.22890803    0.24310921    0.24343457    0.24310921    0.24076197    0.24984139    0.25290504    0.21041736    0.20701011    0.26309622    0.22135883    0.19518157    0.15334359    0.24724296    0.16538390    0.17048673    0.17341496    0.17317089    0.18378938    0.22527563
T16            0.26535167    0.00000000    0.01824855    0.10852706    0.14410078    0.16435686    0.16454516    0.15727880    0.15989251    0.17721319    0.17454359    0.27731439    0.29503008    0.35529474    0.28685671    0.23070579    0.22366264    0.27841283    0.22229243    0.23362556    0.33697438    0.33046035    0.36117180    0.40321464
T4             0.26810012    0.01824855    0.00000000    0.10866532    0.14679271    0.16717953    0.16738343    0.16010093    0.16273541    0.17741953    0.17474272    0.26827704    0.28576729    0.34517325    0.28084007    0.23628547    0.21815990    0.27245956    0.21682461    0.22806440    0.34108914    0.33452447    0.36551397    0.40792081
T19            0.23544671    0.10852706    0.10866532    0.00000000    0.12255345    0.13749242    0.13514580    0.14475650    0.14002641    0.14951902    0.14695907    0.23656256    0.24729796    0.29366053    0.24787164    0.21967753    0.19353853    0.25489974    0.18969876    0.19495094    0.29457636    0.29088246    0.31032243    0.35632414
T9             0.22890803    0.14410078    0.14679271    0.12255345    0.00000000    0.03067042    0.02859841    0.04973267    0.04765788    0.14663462    0.14918143    0.23843489    0.24923052    0.30848348    0.25876146    0.20517085    0.18759222    0.23923112    0.17136497    0.18180135    0.29372832    0.29007857    0.31277300    0.35998388
T20            0.24310921    0.16435686    0.16717953    0.13749242    0.03067042    0.00000000    0.01417465    0.06721569    0.06736169    0.16962557    0.16962557    0.25876146    0.26982204    0.32763925    0.27977806    0.21875172    0.20089957    0.24757959    0.18430193    0.19222300    0.30606902    0.30233423    0.32893276    0.37742209
T12            0.24343457    0.16454516    0.16738343    0.13514580    0.02859841    0.01417465    0.00000000    0.06728521    0.06520197    0.16717953    0.16717953    0.24702679    0.25793489    0.31798935    0.26763691    0.20774951    0.19010395    0.23601853    0.17383546    0.18162530    0.30317860    0.29945411    0.32596096    0.37426794
T14            0.24310921    0.15727880    0.16010093    0.14475650    0.04973267    0.06721569    0.06728521    0.00000000    0.01007296    0.16962557    0.17228099    0.26180600    0.27600541    0.32580186    0.27417383    0.21875172    0.20368869    0.26275757    0.19241926    0.20322557    0.30940973    0.30564161    0.32893276    0.37742209
T23            0.24076197    0.15989251    0.16273541    0.14002641    0.04765788    0.06736169    0.06520197    0.01007296    0.00000000    0.16474205    0.16738343    0.25632167    0.26733325    0.31651078    0.27105295    0.21073319    0.19582162    0.25422659    0.18467760    0.19536778    0.30695907    0.30317860    0.32645799    0.37489793
T1             0.24984139    0.17721319    0.17741953    0.14951902    0.14663462    0.16962557    0.16717953    0.16962557    0.16474205    0.00000000    0.01007296    0.23551525    0.24973797    0.31243986    0.24729796    0.21164005    0.18218056    0.25728065    0.17865236    0.18916001    0.30361827    0.29987114    0.30606902    0.37489793
T13            0.25290504    0.17454359    0.17474272    0.14695907    0.14918143    0.16962557    0.16717953    0.17228099    0.16738343    0.01007296    0.00000000    0.24432604    0.26122558    0.32501967    0.25876146    0.21447678    0.17949663    0.26035357    0.18130046    0.18647625    0.30695907    0.30317860    0.30940973    0.37869730
T10            0.21041736    0.27731439    0.26827704    0.23656256    0.23843489    0.25876146    0.24702679    0.26180600    0.25632167    0.23551525    0.24432604    0.00000000    0.03701422    0.09429908    0.04777020    0.15142394    0.11524875    0.17741953    0.12438324    0.12916268    0.27446228    0.27085912    0.28979311    0.34890143
T8             0.20701011    0.29503008    0.28576729    0.24729796    0.24923052    0.26982204    0.25793489    0.27600541    0.26733325    0.24973797    0.26122558    0.03701422    0.00000000    0.08733471    0.04982771    0.16628979    0.12449320    0.19835600    0.13870437    0.14357740    0.27045792    0.26692666    0.28564447    0.34052979
T15            0.26309622    0.35529474    0.34517325    0.29366053    0.30848348    0.32763925    0.31798935    0.32580186    0.31651078    0.31243986    0.32501967    0.09429908    0.08733471    0.00000000    0.10827318    0.21593125    0.17647662    0.23869004    0.19168996    0.19153096    0.32113430    0.31732363    0.34802862    0.40977214
T6             0.22135883    0.28685671    0.28084007    0.24787164    0.25876146    0.27977806    0.26763691    0.27417383    0.27105295    0.24729796    0.25876146    0.04777020    0.04982771    0.10827318    0.00000000    0.17721319    0.13464612    0.20445365    0.14902512    0.15398379    0.28979311    0.28607568    0.30549309    0.34771769
T11            0.19518157    0.23070579    0.23628547    0.21967753    0.20517085    0.21875172    0.20774951    0.21875172    0.21073319    0.21164005    0.21447678    0.15142394    0.16628979    0.21593125    0.17721319    0.00000000    0.06753541    0.13299109    0.09869546    0.10330748    0.25176482    0.24827701    0.27625831    0.32731741
T3             0.15334359    0.22366264    0.21815990    0.19353853    0.18759222    0.20089957    0.19010395    0.20368869    0.19582162    0.18218056    0.17949663    0.11524875    0.12449320    0.17647662    0.13464612    0.06753541    0.00000000    0.10236428    0.06952830    0.07396017    0.21784746    0.21457358    0.23498648    0.29610900
T0             0.24724296    0.27841283    0.27245956    0.25489974    0.23923112    0.24757959    0.23601853    0.26275757    0.25422659    0.25728065    0.26035357    0.17741953    0.19835600    0.23869004    0.20445365    0.13299109    0.10236428    0.00000000    0.13749242    0.14238743    0.30235146    0.29842178    0.33634991    0.37727688
T17            0.16538390    0.22229243    0.21682461    0.18969876    0.17136497    0.18430193    0.17383546    0.19241926    0.18467760    0.17865236    0.18130046    0.12438324    0.13870437    0.19168996    0.14902512    0.09869546    0.06952830    0.13749242    0.00000000    0.01623250    0.23086093    0.22754749    0.24521322    0.29790162
T7             0.17048673    0.23362556    0.22806440    0.19495094    0.18180135    0.19222300    0.18162530    0.20322557    0.19536778    0.18916001    0.18647625    0.12916268    0.14357740    0.19153096    0.15398379    0.10330748    0.07396017    0.14238743    0.01623250    0.00000000    0.24254473    0.23914163    0.25716881    0.31098613
T21            0.17341496    0.33697438    0.34108914    0.29457636    0.29372832    0.30606902    0.30317860    0.30940973    0.30695907    0.30361827    0.30695907    0.27446228    0.27045792    0.32113430    0.28979311    0.25176482    0.21784746    0.30235146    0.23086093    0.24254473    0.00000000    0.00602726    0.04549747    0.14410078
T2             0.17317089    0.33046035    0.33452447    0.29088246    0.29007857    0.30233423    0.29945411    0.30564161    0.30317860    0.29987114    0.30317860    0.27085912    0.26692666    0.31732363    0.28607568    0.24827701    0.21457358    0.29842178    0.22754749    0.23914163    0.00602726    0.00000000    0.04761173    0.14144283
T18            0.18378938    0.36117180    0.36551397    0.31032243    0.31277300    0.32893276    0.32596096    0.32893276    0.32645799    0.30606902    0.30940973    0.28979311    0.28564447    0.34802862    0.30549309    0.27625831    0.23498648    0.33634991    0.24521322    0.25716881    0.04549747    0.04761173    0.00000000    0.15398379
T22            0.22527563    0.40321464    0.40792081    0.35632414    0.35998388    0.37742209    0.37426794    0.37742209    0.37489793    0.37489793    0.37869730    0.34890143    0.34052979    0.40977214    0.34771769    0.32731741    0.29610900    0.37727688    0.29790162    0.31098613    0.14410078    0.14144283    0.15398379    0.00000000

