24
T21            0.00000000    0.24402461    0.24672643    0.25569149    0.26340924    0.24647708    0.25268519    0.25627585    0.26270753    0.22566905    0.21470252    0.24455790    0.16559260    0.16271477    0.16271477    0.16492721    0.20080448    0.15948295    0.16472238    0.16826146    0.27250572    0.26612700    0.27850368    0.24822453
T3             0.24402461    0.00000000    0.00602724    0.06504933    0.06915189    0.06721276    0.06282653    0.07177783    0.12472665    0.17680651    0.16922784    0.19183567    0.26339331    0.26304509    0.26304509    0.27168033    0.28557890    0.24753732    0.25053466    0.26963195    0.39779042    0.39005178    0.41292776    0.36495334
T20            0.24672643    0.00602724    0.00000000    0.06721276    0.07133981    0.06938312    0.06498500    0.07395638    0.12705338    0.17928886    0.17168558    0.19201282    0.26614496    0.26579776    0.26579776    0.27446422    0.28840112    0.25024492    0.25325127    0.27240313    0.40104289    0.39327419    0.41624201    0.36807741
T11            0.25569149    0.06504933    0.06721276    0.00000000    0.05613431    0.09205956    0.07850335    0.08772362    0.13698474    0.18735974    0.17967040    0.20534058    0.25690259    0.25658394    0.25658394    0.26270753    0.28194019    0.25627585    0.25931891    0.27240313    0.40634374    0.39845188    0.41223281    0.37549930
T5             0.26340924    0.06915189    0.07133981    0.05613431    0.00000000    0.09613551    0.08029067    0.09171008    0.14632996    0.19183567    0.18410671    0.19964564    0.27691618    0.27036562    0.27036562    0.28221207    0.29938635    0.27006438    0.27315445    0.28642252    0.40825560    0.40039511    0.42627540    0.38016388
T4             0.24647708    0.06721276    0.06938312    0.09205956    0.09613551    0.00000000    0.03274827    0.04545478    0.13714115    0.18446310    0.17415206    0.20514457    0.26206447    0.25931891    0.25931891    0.27100109    0.27594965    0.23815352    0.24108042    0.26270753    0.38883199    0.38126960    0.40366133    0.36387510
T9             0.25268519    0.06282653    0.06498500    0.07850335    0.08029067    0.03274827    0.00000000    0.03701328    0.13229003    0.17397996    0.16643254    0.19709201    0.26614496    0.26579776    0.26579776    0.27761296    0.27954765    0.24725659    0.25024492    0.26926422    0.39714341    0.38943477    0.41223281    0.37177454
T8             0.25627585    0.07177783    0.07395638    0.08772362    0.09171008    0.04545478    0.03701328    0.00000000    0.14202560    0.18465491    0.17699456    0.20021627    0.26304509    0.26270753    0.26270753    0.27446422    0.27634826    0.24428606    0.24725659    0.26614496    0.38562469    0.37809079    0.39779042    0.36076440
T15            0.26270753    0.12472665    0.12705338    0.13698474    0.14632996    0.13714115    0.13229003    0.14202560    0.00000000    0.17719146    0.16172552    0.19492622    0.27278079    0.26687146    0.26687146    0.27556192    0.28319796    0.25485033    0.25792163    0.27039962    0.39266190    0.38492293    0.40377976    0.36727094
T12            0.22566905    0.17680651    0.17928886    0.18735974    0.19183567    0.18446310    0.17397996    0.18465491    0.17719146    0.00000000    0.04765635    0.10804223    0.22685429    0.22362477    0.22362477    0.23475811    0.26024144    0.21703960    0.21703960    0.22392711    0.33935504    0.33935504    0.35679133    0.32637141
T13            0.21470252    0.16922784    0.17168558    0.17967040    0.18410671    0.17415206    0.16643254    0.17699456    0.16172552    0.04765635    0.00000000    0.09878211    0.21583010    0.21266570    0.21266570    0.22362477    0.24861871    0.20110854    0.20671602    0.22163350    0.32984961    0.32984961    0.35066044    0.32046618
T0             0.24455790    0.19183567    0.19201282    0.20534058    0.19964564    0.20514457    0.19709201    0.20021627    0.19492622    0.10804223    0.09878211    0.00000000    0.23977139    0.24306511    0.24306511    0.25450962    0.27121010    0.23865194    0.24455790    0.24876392    0.37234779    0.36863686    0.38684351    0.34438134
T6             0.16559260    0.26339331    0.26614496    0.25690259    0.27691618    0.26206447    0.26614496    0.26304509    0.27278079    0.22685429    0.21583010    0.23977139    0.00000000    0.02439660    0.02439660    0.03481464    0.09949406    0.10826511    0.11307512    0.11610491    0.28222949    0.27572595    0.29497855    0.27020224
T14            0.16271477    0.26304509    0.26579776    0.25658394    0.27036562    0.25931891    0.26579776    0.26270753    0.26687146    0.22362477    0.21266570    0.24306511    0.02439660    0.00000000    0.00000000    0.01007290    0.09488555    0.10361244    0.10838792    0.11138290    0.27206322    0.26570490    0.28455444    0.26024144
T23            0.16271477    0.26304509    0.26579776    0.25658394    0.27036562    0.25931891    0.26579776    0.26270753    0.26687146    0.22362477    0.21266570    0.24306511    0.02439660    0.00000000    0.00000000    0.01007290    0.09488555    0.10361244    0.10838792    0.11138290    0.27206322    0.26570490    0.28455444    0.26024144
T2             0.16492721    0.27168033    0.27446422    0.26270753    0.28221207    0.27100109    0.27761296    0.27446422    0.27556192    0.23475811    0.22362477    0.25450962    0.03481464    0.01007290    0.01007290    0.00000000    0.10653766    0.11054330    0.11536491    0.11839405    0.28736433    0.28083969    0.30016822    0.27527305
T19            0.20080448    0.28557890    0.28840112    0.28194019    0.29938635    0.27594965    0.27954765    0.27634826    0.28319796    0.26024144    0.24861871    0.27121010    0.09949406    0.09488555    0.09488555    0.10653766    0.00000000    0.14295253    0.14811093    0.15167763    0.30800869    0.30119413    0.30405960    0.30912678
T7             0.15948295    0.24753732    0.25024492    0.25627585    0.27006438    0.23815352    0.24725659    0.24428606    0.25485033    0.21703960    0.20110854    0.23865194    0.10826511    0.10361244    0.10361244    0.11054330    0.14295253    0.00000000    0.00806488    0.07395638    0.28039813    0.27397856    0.28644955    0.27483084
T10            0.16472238    0.25053466    0.25325127    0.25931891    0.27315445    0.24108042    0.25024492    0.24725659    0.25792163    0.21703960    0.20671602    0.24455790    0.11307512    0.10838792    0.10838792    0.11536491    0.14811093    0.00806488    0.00000000    0.08309217    0.28690143    0.28039813    0.29301705    0.28129212
T18            0.16826146    0.26963195    0.27240313    0.27240313    0.28642252    0.26270753    0.26926422    0.26614496    0.27039962    0.22392711    0.22163350    0.24876392    0.11610491    0.11138290    0.11138290    0.11839405    0.15167763    0.07395638    0.08309217    0.00000000    0.28222949    0.27572595    0.28832313    0.27666374
T17            0.27250572    0.39779042    0.40104289    0.40634374    0.40825560    0.38883199    0.39714341    0.38562469    0.39266190    0.33935504    0.32984961    0.37234779    0.28222949    0.27206322    0.27206322    0.28736433    0.30800869    0.28039813    0.28690143    0.28222949    0.00000000    0.00401613    0.05185880    0.05190082
T22            0.26612700    0.39005178    0.39327419    0.39845188    0.40039511    0.38126960    0.38943477    0.37809079    0.38492293    0.33935504    0.32984961    0.36863686    0.27572595    0.26570490    0.26570490    0.28083969    0.30119413    0.27397856    0.28039813    0.27572595    0.00401613    0.00000000    0.04753838    0.04757100
T16            0.27850368    0.41292776    0.41624201    0.41223281    0.42627540    0.40366133    0.41223281    0.39779042    0.40377976    0.35679133    0.35066044    0.38684351    0.29497855    0.28455444    0.28455444    0.30016822    0.30405960    0.28644955    0.29301705    0.28832313    0.05185880    0.04753838    0.00000000    0.06492761
T1             0.24822453    0.36495334    0.36807741    0.37549930    0.38016388    0.36387510    0.37177454    0.36076440    0.36727094    0.32637141    0.32046618    0.34438134    0.27020224    0.26024144    0.26024144    0.27527305    0.30912678    0.27483084    0.28129212    0.27666374    0.05190082    0.04757100    0.06492761    0.00000000

