24
T23            0.00000000    0.38990625    0.33305943    0.34499170    0.33563683    0.33866097    0.33350614    0.33096851    0.32597016    0.34909513    0.34752892    0.34412308    0.32252503    0.38441806    0.34499170    0.34350251    0.35749805    0.31910359    0.31080573    0.34659659    0.33492199    0.34856010    0.37428196    0.33592876
T2             0.38990625    0.00000000    0.19242068    0.19032238    0.18366002    0.18617757    0.18617757    0.16110404    0.18033577    0.18509153    0.18916038    0.29719974    0.29366285    0.34914023    0.29304732    0.31732820    0.31946764    0.28164213    0.27600793    0.29975146    0.30623713    0.28621797    0.30202086    0.29079731
T10            0.33305943    0.19242068    0.00000000    0.06715329    0.10095345    0.10321866    0.10557856    0.06715329    0.11322013    0.12748469    0.13421935    0.23656563    0.23097862    0.27452354    0.22421902    0.24627718    0.26070919    0.22229470    0.21189354    0.23952030    0.23952030    0.23285232    0.25968872    0.23656563
T0             0.34499170    0.19032238    0.06715329    0.00000000    0.09420270    0.09644552    0.10114321    0.07186873    0.10640091    0.11595403    0.13215137    0.24279800    0.23419618    0.27488012    0.22444245    0.24651719    0.26418224    0.22543573    0.21500740    0.24279800    0.24279800    0.23310089    0.25695455    0.23685323
T9             0.33563683    0.18366002    0.10095345    0.09420270    0.00000000    0.00602731    0.06271705    0.06061612    0.11513165    0.12473774    0.13376242    0.23261393    0.22137421    0.26095325    0.22625438    0.24876584    0.24730044    0.21614105    0.21094688    0.22685854    0.24137373    0.23773194    0.25847738    0.23551677
T19            0.33866097    0.18617757    0.10321866    0.09644552    0.00602731    0.00000000    0.06487958    0.06276972    0.11743290    0.12706460    0.13612746    0.23528010    0.22400561    0.26371592    0.22890990    0.25149457    0.24460137    0.21875271    0.21353913    0.22950810    0.24406557    0.24042050    0.26122763    0.23819139
T16            0.33350614    0.18617757    0.10557856    0.10114321    0.06271705    0.06487958    0.00000000    0.05846936    0.11502158    0.12217086    0.14108172    0.23285232    0.21919666    0.25876413    0.22116894    0.24604776    0.24817781    0.21116913    0.20601666    0.22755364    0.23628815    0.23505371    0.25573783    0.23576369
T5             0.33096851    0.16110404    0.06715329    0.07186873    0.06061612    0.06276972    0.05846936    0.00000000    0.09451554    0.10386675    0.11743290    0.20814989    0.20004312    0.24137373    0.19933570    0.22625438    0.23390726    0.19730005    0.18718501    0.21375967    0.21658845    0.21593205    0.23602083    0.21658845
T4             0.32597016    0.18033577    0.11322013    0.10640091    0.11513165    0.11743290    0.11502158    0.09451554    0.00000000    0.04124347    0.07808594    0.23745871    0.22891185    0.26693260    0.21635986    0.24702886    0.24343933    0.22020228    0.20985049    0.23449512    0.23745871    0.23656563    0.25762642    0.23745871
T14            0.34909513    0.18509153    0.12748469    0.11595403    0.12473774    0.12706460    0.12217086    0.10386675    0.04124347    0.00000000    0.08711513    0.23715093    0.22862037    0.26656236    0.21614105    0.24676776    0.25834036    0.21993624    0.20957909    0.23715093    0.23715093    0.23044815    0.25119513    0.23125887
T17            0.34752892    0.18916038    0.13421935    0.13215137    0.13376242    0.13612746    0.14108172    0.11743290    0.07808594    0.08711513    0.00000000    0.25300888    0.24432827    0.28612354    0.23176269    0.26598062    0.27139249    0.23261393    0.22204973    0.25000989    0.24702886    0.24923156    0.26733585    0.25300888
T22            0.34412308    0.29719974    0.23656563    0.24279800    0.23261393    0.23528010    0.23285232    0.20814989    0.23745871    0.23715093    0.25300888    0.00000000    0.05413565    0.10557856    0.06704908    0.09395651    0.08540877    0.06483595    0.05403490    0.07156372    0.07593968    0.11272613    0.13480608    0.11550828
T13            0.32252503    0.29366285    0.23097862    0.23419618    0.22137421    0.22400561    0.21919666    0.20004312    0.22891185    0.22862037    0.24432827    0.05413565    0.00000000    0.08964575    0.05846936    0.08511759    0.06989687    0.04757232    0.04344007    0.06074613    0.06728552    0.09411320    0.11550828    0.09675280
T12            0.38441806    0.34914023    0.27452354    0.27488012    0.26095325    0.26371592    0.25876413    0.24137373    0.26693260    0.26656236    0.28612354    0.10557856    0.08964575    0.00000000    0.08489167    0.11491931    0.10600318    0.08934594    0.08274554    0.10104456    0.10794970    0.12449363    0.14441351    0.12981409
T8             0.34499170    0.29304732    0.22421902    0.22444245    0.22625438    0.22890990    0.22116894    0.19933570    0.21635986    0.21614105    0.23176269    0.06704908    0.05846936    0.08489167    0.00000000    0.05186036    0.07404549    0.05828401    0.04757232    0.07388267    0.07374815    0.09614036    0.11502158    0.09869575
T21            0.34350251    0.31732820    0.24627718    0.24651719    0.24876584    0.25149457    0.24604776    0.22625438    0.24702886    0.24676776    0.26598062    0.09395651    0.08511759    0.11491931    0.05186036    0.00000000    0.10136301    0.08483099    0.07374815    0.10114321    0.10095345    0.13150962    0.15157949    0.13435393
T18            0.35749805    0.31946764    0.26070919    0.26418224    0.24730044    0.24460137    0.24817781    0.23390726    0.24343933    0.25834036    0.27139249    0.08540877    0.06989687    0.10600318    0.07404549    0.10136301    0.00000000    0.07178195    0.06313664    0.08331717    0.09006281    0.12516312    0.13767528    0.12815504
T3             0.31910359    0.28164213    0.22229470    0.22543573    0.21614105    0.21875271    0.21116913    0.19730005    0.22020228    0.21993624    0.23261393    0.06483595    0.04757232    0.08934594    0.05828401    0.08483099    0.07178195    0.00000000    0.02233581    0.05186036    0.05396144    0.09627791    0.11767257    0.09888938
T7             0.31080573    0.27600793    0.21189354    0.21500740    0.21094688    0.21353913    0.20601666    0.18718501    0.20985049    0.20957909    0.22204973    0.05403490    0.04344007    0.08274554    0.04757232    0.07374815    0.06313664    0.02233581    0.00000000    0.04554575    0.04761182    0.08751820    0.10852809    0.09018520
T11            0.34659659    0.29975146    0.23952030    0.24279800    0.22685854    0.22950810    0.22755364    0.21375967    0.23449512    0.23715093    0.25000989    0.07156372    0.06074613    0.10104456    0.07388267    0.10114321    0.08331717    0.05186036    0.04554575    0.00000000    0.04765802    0.11780406    0.14021590    0.12070395
T15            0.33492199    0.30623713    0.23952030    0.24279800    0.24137373    0.24406557    0.23628815    0.21658845    0.23745871    0.23715093    0.24702886    0.07593968    0.06728552    0.10794970    0.07374815    0.10095345    0.09006281    0.05396144    0.04761182    0.04765802    0.00000000    0.11754884    0.13984864    0.12284933
T1             0.34856010    0.28621797    0.23285232    0.23310089    0.23773194    0.24042050    0.23505371    0.21593205    0.23656563    0.23044815    0.24923156    0.11272613    0.09411320    0.12449363    0.09614036    0.13150962    0.12516312    0.09627791    0.08751820    0.11780406    0.11754884    0.00000000    0.02444483    0.03069968
T20            0.37428196    0.30202086    0.25968872    0.25695455    0.25847738    0.26122763    0.25573783    0.23602083    0.25762642    0.25119513    0.26733585    0.13480608    0.11550828    0.14441351    0.11502158    0.15157949    0.13767528    0.11767257    0.10852809    0.14021590    0.13984864    0.02444483    0.00000000    0.05206970
T6             0.33592876    0.29079731    0.23656563    0.23685323    0.23551677    0.23819139    0.23576369    0.21658845    0.23745871    0.23125887    0.25300888    0.11550828    0.09675280    0.12981409    0.09869575    0.13435393    0.12815504    0.09888938    0.09018520    0.12070395    0.12284933    0.03069968    0.05206970    0.00000000

