24
T18            0.00000000    0.19806919    0.19784915    0.16365297    0.16625146    0.16609999    0.24748968    0.23860764    0.21157473    0.25174852    0.28035585    0.21936191    0.21960735    0.20618739    0.22109970    0.19300887    0.22273789    0.26059102    0.25783925    0.22747707    0.09643249    0.09419010    0.10814134    0.10586924
T15            0.19806919    0.00000000    0.02238913    0.10187397    0.11153943    0.11137339    0.21707167    0.20616333    0.22420013    0.26881585    0.29487732    0.25705917    0.24817539    0.24322710    0.23648007    0.21095377    0.24474047    0.28994918    0.28071967    0.24635783    0.18945959    0.19236673    0.22329383    0.22068577
T14            0.19784915    0.02238913    0.00000000    0.10412443    0.11381330    0.11364875    0.21900005    0.21383763    0.22681446    0.27157221    0.29116704    0.25977492    0.25086181    0.24589313    0.24508601    0.21932323    0.25355829    0.29279444    0.28353318    0.25208999    0.19198443    0.19489718    0.22591151    0.22329383
T8             0.16365297    0.10187397    0.10412443    0.00000000    0.03722146    0.03715952    0.19373275    0.17781115    0.20978019    0.25626492    0.27234487    0.23042557    0.21900005    0.21416258    0.20039467    0.19175041    0.21579416    0.26170532    0.25291292    0.21752628    0.16595724    0.17132419    0.18193959    0.17945086
T12            0.16625146    0.11153943    0.11381330    0.03722146    0.00000000    0.00805154    0.20211794    0.18596800    0.22128261    0.27200353    0.27948562    0.23869330    0.22713480    0.22224934    0.21675659    0.20808649    0.23271854    0.27719862    0.26816946    0.23440813    0.17643330    0.17926449    0.20107784    0.19853692
T9             0.16609999    0.11137339    0.11364875    0.03715952    0.00805154    0.00000000    0.20184415    0.18299632    0.22097941    0.26839470    0.27588958    0.23535998    0.22388841    0.21900005    0.21369276    0.20494461    0.22650378    0.27062027    0.26170532    0.22825865    0.17891853    0.17908704    0.20084084    0.19829846
T21            0.24748968    0.21707167    0.21900005    0.19373275    0.20211794    0.20184415    0.00000000    0.08750673    0.28551403    0.34930023    0.34176056    0.33489293    0.32488498    0.32303674    0.32097404    0.29959909    0.30485448    0.38231052    0.37166092    0.32235025    0.25958378    0.26232689    0.29074985    0.28791724
T22            0.23860764    0.20616333    0.21383763    0.17781115    0.18596800    0.18299632    0.08750673    0.00000000    0.27034188    0.32193958    0.32187942    0.30822503    0.29532775    0.29011698    0.29526937    0.27115149    0.29248576    0.35141089    0.34125401    0.29401025    0.24451140    0.24720892    0.28109454    0.27829291
T11            0.21157473    0.22420013    0.22681446    0.20978019    0.22128261    0.22097941    0.28551403    0.27034188    0.00000000    0.10202393    0.12498978    0.19426039    0.18897864    0.17879060    0.18175497    0.15809493    0.17557937    0.23117607    0.22273789    0.18821988    0.21960735    0.21133434    0.23089715    0.22825865
T6             0.25174852    0.26881585    0.27157221    0.25626492    0.27200353    0.26839470    0.34930023    0.32193958    0.10202393    0.00000000    0.12546005    0.21095377    0.20839479    0.20077248    0.21416089    0.18427335    0.21383763    0.27034188    0.26369767    0.23008682    0.26957488    0.26059914    0.28187734    0.27907715
T19            0.28035585    0.29487732    0.29116704    0.27234487    0.27948562    0.27588958    0.34176056    0.32187942    0.12498978    0.12546005    0.00000000    0.23146489    0.23768507    0.22681446    0.23835320    0.21263103    0.24034722    0.28599595    0.27685585    0.24570156    0.28919360    0.28635779    0.30508262    0.30882211
T17            0.21936191    0.25705917    0.25977492    0.23042557    0.23869330    0.23535998    0.33489293    0.30822503    0.19426039    0.21095377    0.23146489    0.00000000    0.05413139    0.04559721    0.13847523    0.11320018    0.13712726    0.18391590    0.18141271    0.14914993    0.23676632    0.22535819    0.25141735    0.24871588
T1             0.21960735    0.24817539    0.25086181    0.21900005    0.22713480    0.22388841    0.32488498    0.29532775    0.18897864    0.20839479    0.23768507    0.05413139    0.00000000    0.04133810    0.13119929    0.10134746    0.12978864    0.17088148    0.16841496    0.14169669    0.23411065    0.21986248    0.25412910    0.25141735
T4             0.20618739    0.24322710    0.24589313    0.21416258    0.22224934    0.21900005    0.32303674    0.29011698    0.17879060    0.20077248    0.22681446    0.04559721    0.04133810    0.00000000    0.12193440    0.09462008    0.12282549    0.15836481    0.15593769    0.12471521    0.22329383    0.20924937    0.24602462    0.24334347
T23            0.22109970    0.23648007    0.24508601    0.20039467    0.21675659    0.21369276    0.32097404    0.29526937    0.18175497    0.21416089    0.23835320    0.13847523    0.13119929    0.12193440    0.00000000    0.07593202    0.09851924    0.15046315    0.14308431    0.10760988    0.21547860    0.19912841    0.23188417    0.22922409
T13            0.19300887    0.21095377    0.21932323    0.19175041    0.20808649    0.20494461    0.29959909    0.27115149    0.15809493    0.18427335    0.21263103    0.11320018    0.10134746    0.09462008    0.07593202    0.00000000    0.06537231    0.11260438    0.10793361    0.07631025    0.21263103    0.19324112    0.22620279    0.22358630
T7             0.22273789    0.24474047    0.25355829    0.21579416    0.23271854    0.22650378    0.30485448    0.29248576    0.17557937    0.21383763    0.24034722    0.13712726    0.12978864    0.12282549    0.09851924    0.06537231    0.00000000    0.13948442    0.13462003    0.10159600    0.23736884    0.22012728    0.25141735    0.24871588
T16            0.26059102    0.28994918    0.29279444    0.26170532    0.27719862    0.27062027    0.38231052    0.35141089    0.23117607    0.27034188    0.28599595    0.18391590    0.17088148    0.15836481    0.15046315    0.11260438    0.13948442    0.00000000    0.00602721    0.06282371    0.27279557    0.24642905    0.27870349    0.27589392
T3             0.25783925    0.28071967    0.28353318    0.25291292    0.26816946    0.26170532    0.37166092    0.34125401    0.22273789    0.26369767    0.27685585    0.18141271    0.16841496    0.15593769    0.14308431    0.10793361    0.13462003    0.00602721    0.00000000    0.05626631    0.27000668    0.23787503    0.27589392    0.27309546
T10            0.22747707    0.24635783    0.25208999    0.21752628    0.23440813    0.22825865    0.32235025    0.29401025    0.18821988    0.23008682    0.24570156    0.14914993    0.14169669    0.12471521    0.10760988    0.07631025    0.10159600    0.06282371    0.05626631    0.00000000    0.24210770    0.21392203    0.24479357    0.24210770
T20            0.09643249    0.18945959    0.19198443    0.16595724    0.17643330    0.17891853    0.25958378    0.24451140    0.21960735    0.26957488    0.28919360    0.23676632    0.23411065    0.22329383    0.21547860    0.21263103    0.23736884    0.27279557    0.27000668    0.24210770    0.00000000    0.05194768    0.10085624    0.09859702
T0             0.09419010    0.19236673    0.19489718    0.17132419    0.17926449    0.17908704    0.26232689    0.24720892    0.21133434    0.26059914    0.28635779    0.22535819    0.21986248    0.20924937    0.19912841    0.19324112    0.22012728    0.24642905    0.23787503    0.21392203    0.05194768    0.00000000    0.11281978    0.11053438
T5             0.10814134    0.22329383    0.22591151    0.18193959    0.20107784    0.20084084    0.29074985    0.28109454    0.23089715    0.28187734    0.30508262    0.25141735    0.25412910    0.24602462    0.23188417    0.22620279    0.25141735    0.27870349    0.27589392    0.24479357    0.10085624    0.11281978    0.00000000    0.00602721
T2             0.10586924    0.22068577    0.22329383    0.17945086    0.19853692    0.19829846    0.28791724    0.27829291    0.22825865    0.27907715    0.30882211    0.24871588    0.25141735    0.24334347    0.22922409    0.22358630    0.24871588    0.27589392    0.27309546    0.24210770    0.09859702    0.11053438    0.00602721    0.00000000

