24
T23            0.00000000    0.27662870    0.25474567    0.27506327    0.26879232    0.26844760    0.25953100    0.25375895    0.25203653    0.26568610    0.25648165    0.29844811    0.30051200    0.30102783    0.29003777    0.29003777    0.32293353    0.31307771    0.30729358    0.30000738    0.30102783    0.33070994    0.28306112    0.18943479
T14            0.27662870    0.00000000    0.07849402    0.10610174    0.09897522    0.09886799    0.12497763    0.12297091    0.12083412    0.13276455    0.13528370    0.30132686    0.27882703    0.29250415    0.26558283    0.26558283    0.28721882    0.28441078    0.30102783    0.28488232    0.27929871    0.30337527    0.25349951    0.27434545
T20            0.25474567    0.07849402    0.00000000    0.09428005    0.08731898    0.08723889    0.10546946    0.11052540    0.10597760    0.11764194    0.12007523    0.29412875    0.28769028    0.29481895    0.27427008    0.27427008    0.28630864    0.27704697    0.29333892    0.28395005    0.27513942    0.28115265    0.23829779    0.27749075
T0             0.27506327    0.10610174    0.09428005    0.00000000    0.02660342    0.02656418    0.13405572    0.12949328    0.12730016    0.14436643    0.14691122    0.30965783    0.29666203    0.30389129    0.28630864    0.28630864    0.27747595    0.27469944    0.29431456    0.28161354    0.28256750    0.30813748    0.26126939    0.27614683
T17            0.26879232    0.09897522    0.08731898    0.02660342    0.00000000    0.00805149    0.12668400    0.12213962    0.11994648    0.13680890    0.13931540    0.30965783    0.29666203    0.30389129    0.28630864    0.28630864    0.28721882    0.27791563    0.29099145    0.27836600    0.27282457    0.30476961    0.25509524    0.28491818
T19            0.26844760    0.09886799    0.08723889    0.02656418    0.00805149    0.00000000    0.12658457    0.11960681    0.11740399    0.13666908    0.13916931    0.30929447    0.29617978    0.30337527    0.28586996    0.28586996    0.28675827    0.27747595    0.29050912    0.27791563    0.27882703    0.30429904    0.25474567    0.28460276
T6             0.25953100    0.12497763    0.10546946    0.13405572    0.12668400    0.12658457    0.00000000    0.12213962    0.11269944    0.12202830    0.11960681    0.31222248    0.29240755    0.30624983    0.28544223    0.28544223    0.28704720    0.27785417    0.29067817    0.28141391    0.27900984    0.28988050    0.25375895    0.27554112
T18            0.25375895    0.12297091    0.11052540    0.12949328    0.12213962    0.11960681    0.12213962    0.00000000    0.03277387    0.09185811    0.09185811    0.29126875    0.29951397    0.30000738    0.28586996    0.28586996    0.28586996    0.27662870    0.28630864    0.27385135    0.27150382    0.30189503    0.25238699    0.27960171
T22            0.25203653    0.12083412    0.10597760    0.12730016    0.11994648    0.11740399    0.11269944    0.03277387    0.00000000    0.08052510    0.08280832    0.28808338    0.29382122    0.29431456    0.28350016    0.28350016    0.28350016    0.27427008    0.27747595    0.26517323    0.26284756    0.30287055    0.24700100    0.28346878
T1             0.26568610    0.13276455    0.11764194    0.14436643    0.13680890    0.13666908    0.12202830    0.09185811    0.08052510    0.00000000    0.02648437    0.30460630    0.29903179    0.30624983    0.28544223    0.28544223    0.29195850    0.28263296    0.29666203    0.28395005    0.28395005    0.30574502    0.26126939    0.28558293
T9             0.25648165    0.13528370    0.12007523    0.14691122    0.13931540    0.13916931    0.11960681    0.09185811    0.08280832    0.02648437    0.00000000    0.29161573    0.30237713    0.30965211    0.28868975    0.28868975    0.29195850    0.28263296    0.29666203    0.28395005    0.28395005    0.31152820    0.26438531    0.27927244
T7             0.29844811    0.30132686    0.29412875    0.30965783    0.30965783    0.30929447    0.31222248    0.29126875    0.28808338    0.30460630    0.29161573    0.00000000    0.25746512    0.26400704    0.25407750    0.25407750    0.27822850    0.27861373    0.28502549    0.26951386    0.25474567    0.29234390    0.22148445    0.34229429
T12            0.30051200    0.27882703    0.28769028    0.29666203    0.29666203    0.29617978    0.29240755    0.29951397    0.29382122    0.29903179    0.30237713    0.25746512    0.00000000    0.03087741    0.01619021    0.02031399    0.26097436    0.25512475    0.24891215    0.23483649    0.22289332    0.27469944    0.21031015    0.31103485
T10            0.30102783    0.29250415    0.29481895    0.30389129    0.30389129    0.30337527    0.30624983    0.30000738    0.29431456    0.30624983    0.30965211    0.26400704    0.03087741    0.00000000    0.02660342    0.03082295    0.26141556    0.25555628    0.25555628    0.24133002    0.22920573    0.28817263    0.22220388    0.31494209
T16            0.29003777    0.26558283    0.27427008    0.28630864    0.28630864    0.28586996    0.28544223    0.28586996    0.28350016    0.28544223    0.28868975    0.25407750    0.01619021    0.02660342    0.00000000    0.00401609    0.25740787    0.25159703    0.24850995    0.23445148    0.22254389    0.27108465    0.20154632    0.29721572
T4             0.29003777    0.26558283    0.27427008    0.28630864    0.28630864    0.28586996    0.28544223    0.28586996    0.28350016    0.28544223    0.28868975    0.25407750    0.02031399    0.03082295    0.00401609    0.00000000    0.25740787    0.25159703    0.24850995    0.23445148    0.22254389    0.27108465    0.20154632    0.29721572
T2             0.32293353    0.28721882    0.28630864    0.27747595    0.28721882    0.28675827    0.28704720    0.28586996    0.28350016    0.29195850    0.29195850    0.27822850    0.26097436    0.26141556    0.25740787    0.25740787    0.00000000    0.01617357    0.06295981    0.05200106    0.05200106    0.19370155    0.15481763    0.32915870
T15            0.31307771    0.28441078    0.27704697    0.27469944    0.27791563    0.27747595    0.27785417    0.27662870    0.27427008    0.28263296    0.28263296    0.27861373    0.25512475    0.25555628    0.25159703    0.25159703    0.01617357    0.00000000    0.05418933    0.04338577    0.04338577    0.18072673    0.14252497    0.32274125
T13            0.30729358    0.30102783    0.29333892    0.29431456    0.29099145    0.29050912    0.29067817    0.28630864    0.27747595    0.29666203    0.29666203    0.28502549    0.24891215    0.25555628    0.24850995    0.24850995    0.06295981    0.05418933    0.00000000    0.02650463    0.04338577    0.19395999    0.15242152    0.31253421
T8             0.30000738    0.28488232    0.28395005    0.28161354    0.27836600    0.27791563    0.28141391    0.27385135    0.26517323    0.28395005    0.28395005    0.26951386    0.23483649    0.24133002    0.23445148    0.23445148    0.05200106    0.04338577    0.02650463    0.00000000    0.03277387    0.18320608    0.14234031    0.29965500
T3             0.30102783    0.27929871    0.27513942    0.28256750    0.27282457    0.27882703    0.27900984    0.27150382    0.26284756    0.28395005    0.28395005    0.25474567    0.22289332    0.22920573    0.22254389    0.22254389    0.05200106    0.04338577    0.04338577    0.03277387    0.00000000    0.16488459    0.12760162    0.30383992
T21            0.33070994    0.30337527    0.28115265    0.30813748    0.30476961    0.30429904    0.28988050    0.30189503    0.30287055    0.30574502    0.31152820    0.29234390    0.27469944    0.28817263    0.27108465    0.27108465    0.19370155    0.18072673    0.19395999    0.18320608    0.16488459    0.00000000    0.10878213    0.34627829
T5             0.28306112    0.25349951    0.23829779    0.26126939    0.25509524    0.25474567    0.25375895    0.25238699    0.24700100    0.26126939    0.26438531    0.22148445    0.21031015    0.22220388    0.20154632    0.20154632    0.15481763    0.14252497    0.15242152    0.14234031    0.12760162    0.10878213    0.00000000    0.28141391
T11            0.18943479    0.27434545    0.27749075    0.27614683    0.28491818    0.28460276    0.27554112    0.27960171    0.28346878    0.28558293    0.27927244    0.34229429    0.31103485    0.31494209    0.29721572    0.29721572    0.32915870    0.32274125    0.31253421    0.29965500    0.30383992    0.34627829    0.28141391    0.00000000

