24
T6             0.00000000    0.34760231    0.31035358    0.28434314    0.28351921    0.30466417    0.32436005    0.24055102    0.24102553    0.25290239    0.24422979    0.14100593    0.14335931    0.17470418    0.16338364    0.20394333    0.14902787    0.16630653    0.17441881    0.17012824    0.15592620    0.16121965    0.17744536    0.16121965
T17            0.34760231    0.00000000    0.13948122    0.08750547    0.15264059    0.17020947    0.16733711    0.24913191    0.26539418    0.26169396    0.25591630    0.35246108    0.35554427    0.39249975    0.36440983    0.41677157    0.35651533    0.38216114    0.37948764    0.38547385    0.37263102    0.37263102    0.40164018    0.37631124
T0             0.31035358    0.13948122    0.00000000    0.07599264    0.13461704    0.13904171    0.15154244    0.23764251    0.25290239    0.24396836    0.23834405    0.32113710    0.32411466    0.35154179    0.33615109    0.38751754    0.33160630    0.35295016    0.35728573    0.35554427    0.34028542    0.34718790    0.36754728    0.34372473
T18            0.28434314    0.08750547    0.07599264    0.00000000    0.08529215    0.10360288    0.10586744    0.19688237    0.21391458    0.21391458    0.20294288    0.29812305    0.30100332    0.33123917    0.31595566    0.37025617    0.30177413    0.31890616    0.32305921    0.32481809    0.31674086    0.32348058    0.34328964    0.32688488
T2             0.28351921    0.15264059    0.13461704    0.08529215    0.00000000    0.07891964    0.11626257    0.20107104    0.22745514    0.21867762    0.20748978    0.28874832    0.29157968    0.32191911    0.30301744    0.35600210    0.29246946    0.30590543    0.31353120    0.30870176    0.30725148    0.31062147    0.33377172    0.31062147
T7             0.30466417    0.17020947    0.13904171    0.10360288    0.07891964    0.00000000    0.12794562    0.22328518    0.24704340    0.23800104    0.22942901    0.30345500    0.30634250    0.33025950    0.31800931    0.36463395    0.30725148    0.31421592    0.31845619    0.32036347    0.31305980    0.31645266    0.34225779    0.31215234
T8             0.32436005    0.16733711    0.15154244    0.10586744    0.11626257    0.12794562    0.00000000    0.20874897    0.24366699    0.24066203    0.23206254    0.32233111    0.32186057    0.36092613    0.33821442    0.39211683    0.32626520    0.32986785    0.33423303    0.34333331    0.34173893    0.34173893    0.35861573    0.35246430
T22            0.24055102    0.24913191    0.23764251    0.19688237    0.20107104    0.22328518    0.20874897    0.00000000    0.08732312    0.14948274    0.13918011    0.24127825    0.24396836    0.27439214    0.26692529    0.27718544    0.23567276    0.26970453    0.27651130    0.27474674    0.24937963    0.26139938    0.28246477    0.25836720
T19            0.24102553    0.26539418    0.25290239    0.21391458    0.22745514    0.24704340    0.24366699    0.08732312    0.00000000    0.14985200    0.14454629    0.24181444    0.24450154    0.27196530    0.26751956    0.28993437    0.24209786    0.28280507    0.28671648    0.28508087    0.25290239    0.26506874    0.28634361    0.26506874
T13            0.25290239    0.26169396    0.24396836    0.21391458    0.21867762    0.23800104    0.24066203    0.14948274    0.14985200    0.00000000    0.04783215    0.23886287    0.24154123    0.26956189    0.26139938    0.30301744    0.24507586    0.28280507    0.28034228    0.27866558    0.25894850    0.26199924    0.28955114    0.27439214
T12            0.24422979    0.25591630    0.23834405    0.20294288    0.20748978    0.22942901    0.23206254    0.13918011    0.14454629    0.04783215    0.00000000    0.23326900    0.23592865    0.26607716    0.25562951    0.30345500    0.23942229    0.27684286    0.27439214    0.27906293    0.24719889    0.25925510    0.28351921    0.26849227
T1             0.14100593    0.35246108    0.32113710    0.29812305    0.28874832    0.30345500    0.32233111    0.24127825    0.24181444    0.23886287    0.23326900    0.00000000    0.00200301    0.04565796    0.02855420    0.08539591    0.03715923    0.06960190    0.07891964    0.05894425    0.03919164    0.04349320    0.05425817    0.06282309
T3             0.14335931    0.35554427    0.32411466    0.30100332    0.29157968    0.30634250    0.32186057    0.24396836    0.24450154    0.24154123    0.23592865    0.00200301    0.00000000    0.04776629    0.03063014    0.08760745    0.03924529    0.07177326    0.08110836    0.06107997    0.04128601    0.04559684    0.05638929    0.06498132
T10            0.17470418    0.39249975    0.35154179    0.33123917    0.32191911    0.33025950    0.36092613    0.27439214    0.27196530    0.26956189    0.26607716    0.04565796    0.04776629    0.00000000    0.06288933    0.12084472    0.07227413    0.09697757    0.10684261    0.08602105    0.07640597    0.07869476    0.09004814    0.09685362
T16            0.16338364    0.36440983    0.33615109    0.31595566    0.30301744    0.31800931    0.33821442    0.26692529    0.26751956    0.26139938    0.25562951    0.02855420    0.03063014    0.06288933    0.00000000    0.10123264    0.05419120    0.07840998    0.09227053    0.07650965    0.05835786    0.06276372    0.06709103    0.08045681
T21            0.20394333    0.41677157    0.38751754    0.37025617    0.35600210    0.36463395    0.39211683    0.27718544    0.28993437    0.30301744    0.30345500    0.08539591    0.08760745    0.12084472    0.10123264    0.00000000    0.06743742    0.11791942    0.12562937    0.11153698    0.09909602    0.10384784    0.11319800    0.12267230
T9             0.14902787    0.35651533    0.33160630    0.30177413    0.29246946    0.30725148    0.32626520    0.23567276    0.24209786    0.24507586    0.23942229    0.03715923    0.03924529    0.07227413    0.05419120    0.06743742    0.00000000    0.07195293    0.08135787    0.06354299    0.05433181    0.05875730    0.07205312    0.07185963
T20            0.16630653    0.38216114    0.35295016    0.31890616    0.30590543    0.31421592    0.32986785    0.26970453    0.28280507    0.28280507    0.27684286    0.06960190    0.07177326    0.09697757    0.07840998    0.11791942    0.07195293    0.00000000    0.02648469    0.03488877    0.07387402    0.08760745    0.09909602    0.10360288
T11            0.17441881    0.37948764    0.35728573    0.32305921    0.31353120    0.31845619    0.33423303    0.27651130    0.28671648    0.28034228    0.27439214    0.07891964    0.08110836    0.10684261    0.09227053    0.12562937    0.08135787    0.02648469    0.00000000    0.04355615    0.08319147    0.09724727    0.10894311    0.11348937
T15            0.17012824    0.38547385    0.35554427    0.32481809    0.30870176    0.32036347    0.34333331    0.27474674    0.28508087    0.27866558    0.27906293    0.05894425    0.06107997    0.08602105    0.07650965    0.11153698    0.06354299    0.03488877    0.04355615    0.00000000    0.07216020    0.08135787    0.09754588    0.09962887
T4             0.15592620    0.37263102    0.34028542    0.31674086    0.30725148    0.31305980    0.34173893    0.24937963    0.25290239    0.25894850    0.24719889    0.03919164    0.04128601    0.07640597    0.05835786    0.09909602    0.05433181    0.07387402    0.08319147    0.07216020    0.00000000    0.02862825    0.05200273    0.07380351
T23            0.16121965    0.37263102    0.34718790    0.32348058    0.31062147    0.31645266    0.34173893    0.26139938    0.26506874    0.26199924    0.25925510    0.04349320    0.04559684    0.07869476    0.06276372    0.10384784    0.05875730    0.08760745    0.09724727    0.08135787    0.02862825    0.00000000    0.05638929    0.07606121
T14            0.17744536    0.40164018    0.36754728    0.34328964    0.33377172    0.34225779    0.35861573    0.28246477    0.28634361    0.28955114    0.28351921    0.05425817    0.05638929    0.09004814    0.06709103    0.11319800    0.07205312    0.09909602    0.10894311    0.09754588    0.05200273    0.05638929    0.00000000    0.09662764
T5             0.16121965    0.37631124    0.34372473    0.32688488    0.31062147    0.31215234    0.35246430    0.25836720    0.26506874    0.27439214    0.26849227    0.06282309    0.06498132    0.09685362    0.08045681    0.12267230    0.07185963    0.10360288    0.11348937    0.09962887    0.07380351    0.07606121    0.09662764    0.00000000

