24
T6             0.00000000    0.45341339    0.46265157    0.45700361    0.45183842    0.23969341    0.27471484    0.26990672    0.19451234    0.20805752    0.21349161    0.19983962    0.19983962    0.21576434    0.21490735    0.22037289    0.22037289    0.17264557    0.14272220    0.13043828    0.13528780    0.14056708    0.13821908    0.13567406
T12            0.45341339    0.00000000    0.00805150    0.09612440    0.10304475    0.49924572    0.54291754    0.55182650    0.44791789    0.45913114    0.47131605    0.46421746    0.46421746    0.44576081    0.45620726    0.45551820    0.46396287    0.48777648    0.48737928    0.46974322    0.48654116    0.47409421    0.46189398    0.45763569
T10            0.46265157    0.00805150    0.00000000    0.09387403    0.10077603    0.50295250    0.54877504    0.55794103    0.45718635    0.46856852    0.48098482    0.47380451    0.47380451    0.45487282    0.46542980    0.46468779    0.47331477    0.49753806    0.49733370    0.47929966    0.49643640    0.48374750    0.47131605    0.46696503
T13            0.45700361    0.09612440    0.09387403    0.00000000    0.01829795    0.48819361    0.52846078    0.54549062    0.44316805    0.45438595    0.46668937    0.45965713    0.45965713    0.42264332    0.43275776    0.43205930    0.44029536    0.48274030    0.47829686    0.45183842    0.46842795    0.46489251    0.45267132    0.44837628
T3             0.45183842    0.10304475    0.10077603    0.01829795    0.00000000    0.46939585    0.50847001    0.52463670    0.43130385    0.44232616    0.45438595    0.44746315    0.44746315    0.41129723    0.42126829    0.42060367    0.42867345    0.47738598    0.47287592    0.44676339    0.46316269    0.45964907    0.45183842    0.44332143
T19            0.23969341    0.49924572    0.50295250    0.48819361    0.46939585    0.00000000    0.11777523    0.12544987    0.15926742    0.17202098    0.17715038    0.16956747    0.16956747    0.17448314    0.17658770    0.18173807    0.18173807    0.25780541    0.22675927    0.23351508    0.23911512    0.24236750    0.24267053    0.23969341
T20            0.27471484    0.54291754    0.54877504    0.52846078    0.50847001    0.11777523    0.00000000    0.03483174    0.19574316    0.21205756    0.21749852    0.20105459    0.20105459    0.20616360    0.21389738    0.22506824    0.21933599    0.29031282    0.27681236    0.26812830    0.27715412    0.27750687    0.27787057    0.27471484
T11            0.26990672    0.55182650    0.55794103    0.54549062    0.52463670    0.12544987    0.03483174    0.00000000    0.19396822    0.21031995    0.21061720    0.20491751    0.20491751    0.20719027    0.21490735    0.22617174    0.22037289    0.29736261    0.28143114    0.27584123    0.28504359    0.28546068    0.28588876    0.28265119
T7             0.19451234    0.44791789    0.45718635    0.44316805    0.43130385    0.15926742    0.19574316    0.19396822    0.00000000    0.03710302    0.03705406    0.02866526    0.02866526    0.12297421    0.12993209    0.13980608    0.13476739    0.23114517    0.19648808    0.17510315    0.18844191    0.18869416    0.18619974    0.18619974
T14            0.20805752    0.45913114    0.46856852    0.45438595    0.44232616    0.17202098    0.21205756    0.21031995    0.03710302    0.00000000    0.00805150    0.04565688    0.04565688    0.12793785    0.13493297    0.14489611    0.13980608    0.24835747    0.21003198    0.19928212    0.20747014    0.20775923    0.20520769    0.20520769
T9             0.21349161    0.47131605    0.48098482    0.46668937    0.45438595    0.17715038    0.21749852    0.21061720    0.03705406    0.00805150    0.00000000    0.04559587    0.04559587    0.13276846    0.13980608    0.14984204    0.14471283    0.25105967    0.21546925    0.20463649    0.21288993    0.21318611    0.21061720    0.21061720
T8             0.19983962    0.46421746    0.47380451    0.45965713    0.44746315    0.16956747    0.20105459    0.20491751    0.02866526    0.04565688    0.04559587    0.00000000    0.00000000    0.12776757    0.13980608    0.14984204    0.14471283    0.24566550    0.20747014    0.18297606    0.19094646    0.19119743    0.18869416    0.18869416
T21            0.19983962    0.46421746    0.47380451    0.45965713    0.44746315    0.16956747    0.20105459    0.20491751    0.02866526    0.04565688    0.04559587    0.00000000    0.00000000    0.12776757    0.13980608    0.14984204    0.14471283    0.24566550    0.20747014    0.18297606    0.19094646    0.19119743    0.18869416    0.18869416
T15            0.21576434    0.44576081    0.45487282    0.42264332    0.41129723    0.17448314    0.20616360    0.20719027    0.12297421    0.12793785    0.13276846    0.12776757    0.12776757    0.00000000    0.03069778    0.04128527    0.03277407    0.23274466    0.20314405    0.18752186    0.19551302    0.19574316    0.19321928    0.19321928
T23            0.21490735    0.45620726    0.46542980    0.43275776    0.42126829    0.17658770    0.21389738    0.21490735    0.12993209    0.13493297    0.13980608    0.13980608    0.13980608    0.03069778    0.00000000    0.01008405    0.00602719    0.22919878    0.20806510    0.20059114    0.20873208    0.20897331    0.20640630    0.20640630
T1             0.22037289    0.45551820    0.46468779    0.43205930    0.42060367    0.18173807    0.22506824    0.22617174    0.13980608    0.14489611    0.14984204    0.14984204    0.14984204    0.04128527    0.01008405    0.00000000    0.01620792    0.24053150    0.21910094    0.21154971    0.21983515    0.22009922    0.21749852    0.21749852
T5             0.22037289    0.46396287    0.47331477    0.44029536    0.42867345    0.18173807    0.21933599    0.22037289    0.13476739    0.13980608    0.14471283    0.14471283    0.14471283    0.03277407    0.00602719    0.01620792    0.00000000    0.23473281    0.21064795    0.20593025    0.21413557    0.21438332    0.21179891    0.21179891
T16            0.17264557    0.48777648    0.49753806    0.48274030    0.47738598    0.25780541    0.29031282    0.29736261    0.23114517    0.24835747    0.25105967    0.24566550    0.24566550    0.23274466    0.22919878    0.24053150    0.23473281    0.00000000    0.10085155    0.14930161    0.15426706    0.14930161    0.15462922    0.15204474
T0             0.14272220    0.48737928    0.49733370    0.47829686    0.47287592    0.22675927    0.27681236    0.28143114    0.19648808    0.21003198    0.21546925    0.20747014    0.20747014    0.20314405    0.20806510    0.21910094    0.21064795    0.10085155    0.00000000    0.10371712    0.10597985    0.11091245    0.11105572    0.10863991
T18            0.13043828    0.46974322    0.47929966    0.45183842    0.44676339    0.23351508    0.26812830    0.27584123    0.17510315    0.19928212    0.20463649    0.18297606    0.18297606    0.18752186    0.20059114    0.21154971    0.20593025    0.14930161    0.10371712    0.00000000    0.02866526    0.03082322    0.02875897    0.02664917
T2             0.13528780    0.48654116    0.49643640    0.46842795    0.46316269    0.23911512    0.27715412    0.28504359    0.18844191    0.20747014    0.21288993    0.19094646    0.19094646    0.19551302    0.20873208    0.21983515    0.21413557    0.15426706    0.10597985    0.02866526    0.00000000    0.02656434    0.02450709    0.02241934
T22            0.14056708    0.47409421    0.48374750    0.46489251    0.45964907    0.24236750    0.27750687    0.28546068    0.18869416    0.20775923    0.21318611    0.19119743    0.19119743    0.19574316    0.20897331    0.22009922    0.21438332    0.14930161    0.11091245    0.03082322    0.02656434    0.00000000    0.01008405    0.00805150
T17            0.13821908    0.46189398    0.47131605    0.45267132    0.45183842    0.24267053    0.27787057    0.28588876    0.18619974    0.20520769    0.21061720    0.18869416    0.18869416    0.19321928    0.20640630    0.21749852    0.21179891    0.15462922    0.11105572    0.02875897    0.02450709    0.01008405    0.00000000    0.00603632
T4             0.13567406    0.45763569    0.46696503    0.44837628    0.44332143    0.23969341    0.27471484    0.28265119    0.18619974    0.20520769    0.21061720    0.18869416    0.18869416    0.19321928    0.20640630    0.21749852    0.21179891    0.15204474    0.10863991    0.02664917    0.02241934    0.00805150    0.00603632    0.00000000

