24
T8             0.00000000    0.37586684    0.31417776    0.32387344    0.34676682    0.34676682    0.32260985    0.32856658    0.34372379    0.34372379    0.35801989    0.34581978    0.33582717    0.33841692    0.34277590    0.30537159    0.33457317    0.34887653    0.35812519    0.38635371    0.30462848    0.31460107    0.24664598    0.23832286
T18            0.37586684    0.00000000    0.16228635    0.22291172    0.23975641    0.23975641    0.20747356    0.20975607    0.27703640    0.27703640    0.29024652    0.26920425    0.26329307    0.26794254    0.26014677    0.24738299    0.24203870    0.27932893    0.28118077    0.27794272    0.21704403    0.22961326    0.27932893    0.28030632
T5             0.31417776    0.16228635    0.00000000    0.17468224    0.19024841    0.19024841    0.17676659    0.17115261    0.20948624    0.20948624    0.21806106    0.20593088    0.19508037    0.20528583    0.19234730    0.19487725    0.18674467    0.20850066    0.21064705    0.24064006    0.16674340    0.16977009    0.20948624    0.20436736
T10            0.32387344    0.22291172    0.17468224    0.00000000    0.05412991    0.05412991    0.09909252    0.11077748    0.13314416    0.13314416    0.14335126    0.13259491    0.12281741    0.13461055    0.12035990    0.11562104    0.15153421    0.17488930    0.17695455    0.18731471    0.12716471    0.12745124    0.20640788    0.20130218
T19            0.34676682    0.23975641    0.19024841    0.05412991    0.00000000    0.00000000    0.12035990    0.12745124    0.14786707    0.14786707    0.15831428    0.14727241    0.13728161    0.14421213    0.13476847    0.13963684    0.17183063    0.19876311    0.19804837    0.20640788    0.14421213    0.14709039    0.22560240    0.21464243
T1             0.34676682    0.23975641    0.19024841    0.05412991    0.00000000    0.00000000    0.12035990    0.12745124    0.14786707    0.14786707    0.15831428    0.14727241    0.13728161    0.14421213    0.13476847    0.13963684    0.17183063    0.19876311    0.19804837    0.20640788    0.14421213    0.14709039    0.22560240    0.21464243
T6             0.32260985    0.20747356    0.17676659    0.09909252    0.12035990    0.12035990    0.00000000    0.11041479    0.14528906    0.14528906    0.15568192    0.14471423    0.13476847    0.14168631    0.13009434    0.12963434    0.15338010    0.18773981    0.18982648    0.19529268    0.13418461    0.13446058    0.21131059    0.20897465
T17            0.32856658    0.20975607    0.17115261    0.11077748    0.12745124    0.12745124    0.11041479    0.00000000    0.14234614    0.14234614    0.16313399    0.14691650    0.14200008    0.15409892    0.14453875    0.12936708    0.16623718    0.19322105    0.19024841    0.20593088    0.13418461    0.14421213    0.21366860    0.20850066
T22            0.34372379    0.27703640    0.20948624    0.13314416    0.14786707    0.14786707    0.14528906    0.14234614    0.00000000    0.00000000    0.02870912    0.04565717    0.03710322    0.06081341    0.03924470    0.10623672    0.19003292    0.21835552    0.22037527    0.21697833    0.15945056    0.16510510    0.24599108    0.23468509
T7             0.34372379    0.27703640    0.20948624    0.13314416    0.14786707    0.14786707    0.14528906    0.14234614    0.00000000    0.00000000    0.02870912    0.04565717    0.03710322    0.06081341    0.03924470    0.10623672    0.19003292    0.21835552    0.22037527    0.21697833    0.15945056    0.16510510    0.24599108    0.23468509
T14            0.35801989    0.29024652    0.21806106    0.14335126    0.15831428    0.15831428    0.15568192    0.16313399    0.02870912    0.02870912    0.00000000    0.05441094    0.04572478    0.06978328    0.04790363    0.11348461    0.19876311    0.22777437    0.22678568    0.22271113    0.16468761    0.17042587    0.24599108    0.24064006
T13            0.34581978    0.26920425    0.20593088    0.13259491    0.14727241    0.14727241    0.14471423    0.14691650    0.04565717    0.04565717    0.05441094    0.00000000    0.00805151    0.06504417    0.04554156    0.10825052    0.18139559    0.20897465    0.21107987    0.22481707    0.15635084    0.16187304    0.25106198    0.24566836
T16            0.33582717    0.26329307    0.19508037    0.12281741    0.13728161    0.13728161    0.13476847    0.14200008    0.03710322    0.03710322    0.04572478    0.00805151    0.00000000    0.05626473    0.03701162    0.09887017    0.17625572    0.20360580    0.20570644    0.21366860    0.14630290    0.15169653    0.23940089    0.23408080
T0             0.33841692    0.26794254    0.20528583    0.13461055    0.14421213    0.14421213    0.14168631    0.15409892    0.06081341    0.06081341    0.06978328    0.06504417    0.05626473    0.00000000    0.04334294    0.11777592    0.18893095    0.21673156    0.21887488    0.23565208    0.16363915    0.16919140    0.25316656    0.24774748
T3             0.34277590    0.26014677    0.19234730    0.12035990    0.13476847    0.13476847    0.13009434    0.14453875    0.03924470    0.03924470    0.04790363    0.04554156    0.03701162    0.04334294    0.00000000    0.09909252    0.17625572    0.20360580    0.20570644    0.22219446    0.14378348    0.15426785    0.23940089    0.23408080
T4             0.30537159    0.24738299    0.19487725    0.11562104    0.13963684    0.13963684    0.12963434    0.12936708    0.10623672    0.10623672    0.11348461    0.10825052    0.09887017    0.11777592    0.09909252    0.00000000    0.17874239    0.20616470    0.20314446    0.21910073    0.14617013    0.15153421    0.23034072    0.22506907
T21            0.33457317    0.24203870    0.18674467    0.15153421    0.17183063    0.17183063    0.15338010    0.16623718    0.19003292    0.19003292    0.19876311    0.18139559    0.17625572    0.18893095    0.17625572    0.17874239    0.00000000    0.05852593    0.06055467    0.15650965    0.11994957    0.12484051    0.23969564    0.23437800
T15            0.34887653    0.27932893    0.20850066    0.17488930    0.19876311    0.19876311    0.18773981    0.19322105    0.21835552    0.21835552    0.22777437    0.20897465    0.20360580    0.21673156    0.20360580    0.20616470    0.05852593    0.00000000    0.01824793    0.18546756    0.14471423    0.14984376    0.26365868    0.25819234
T12            0.35812519    0.28118077    0.21064705    0.17695455    0.19804837    0.19804837    0.18982648    0.19024841    0.22037527    0.22037527    0.22678568    0.21107987    0.20570644    0.21887488    0.20570644    0.20314446    0.06055467    0.01824793    0.00000000    0.18752277    0.14675078    0.15186714    0.26261575    0.25714375
T2             0.38635371    0.27794272    0.24064006    0.18731471    0.20640788    0.20640788    0.19529268    0.20593088    0.21697833    0.21697833    0.22271113    0.22481707    0.21366860    0.23565208    0.22219446    0.21910073    0.15650965    0.18546756    0.18752277    0.00000000    0.14675078    0.15703645    0.27750972    0.27193713
T11            0.30462848    0.21704403    0.16674340    0.12716471    0.14421213    0.14421213    0.13418461    0.13418461    0.15945056    0.15945056    0.16468761    0.15635084    0.14630290    0.16363915    0.14378348    0.14617013    0.11994957    0.14471423    0.14675078    0.14675078    0.00000000    0.03914394    0.21205964    0.20692217
T20            0.31460107    0.22961326    0.16977009    0.12745124    0.14709039    0.14709039    0.13446058    0.14421213    0.16510510    0.16510510    0.17042587    0.16187304    0.15169653    0.16919140    0.15426785    0.15153421    0.12484051    0.14984376    0.15186714    0.15703645    0.03914394    0.00000000    0.22125523    0.21607307
T9             0.24664598    0.27932893    0.20948624    0.20640788    0.22560240    0.22560240    0.21131059    0.21366860    0.24599108    0.24599108    0.24599108    0.25106198    0.23940089    0.25316656    0.23940089    0.23034072    0.23969564    0.26365868    0.26261575    0.27750972    0.21205964    0.22125523    0.00000000    0.01210947
T23            0.23832286    0.28030632    0.20436736    0.20130218    0.21464243    0.21464243    0.20897465    0.20850066    0.23468509    0.23468509    0.24064006    0.24566836    0.23408080    0.24774748    0.23408080    0.22506907    0.23437800    0.25819234    0.25714375    0.27193713    0.20692217    0.21607307    0.01210947    0.00000000

