24
T5             0.00000000    0.21568876    0.20341409    0.22042887    0.21210890    0.20953471    0.20953471    0.16940570    0.17806162    0.16190074    0.24038045    0.22361519    0.22653374    0.23804493    0.24908410    0.23011950    0.22194850    0.22455264    0.23179419    0.18527721    0.17928033    0.18177105    0.14492143    0.16513597
T14            0.21568876    0.00000000    0.10312759    0.25869798    0.25899486    0.26236409    0.26236409    0.22726193    0.22462695    0.20790403    0.28786089    0.27313363    0.27624292    0.28852735    0.30763444    0.29531726    0.28640316    0.28923948    0.29208709    0.25239927    0.24328336    0.24598963    0.19491590    0.23039622
T18            0.20341409    0.10312759    0.00000000    0.24305295    0.24337789    0.26448912    0.26448912    0.19218896    0.19238518    0.18445400    0.26480256    0.25353445    0.25656822    0.26544470    0.28395302    0.27202032    0.26337889    0.26612980    0.26723756    0.23385260    0.22775451    0.23039622    0.17225372    0.20389559
T11            0.22042887    0.25869798    0.24305295    0.00000000    0.03705573    0.05654241    0.05654241    0.21552551    0.21294561    0.19627613    0.27953363    0.26723756    0.27038641    0.28275363    0.27674440    0.25178493    0.24337789    0.23771795    0.29631986    0.24104243    0.24605941    0.24875105    0.19456134    0.21871535
T4             0.21210890    0.25899486    0.24337789    0.03705573    0.00000000    0.03919285    0.03919285    0.20724188    0.20186794    0.18550539    0.26723756    0.25518911    0.25826988    0.27038641    0.27396592    0.23414087    0.22594000    0.22623200    0.28362637    0.23539333    0.24038045    0.24305295    0.18375712    0.21037505
T2             0.20953471    0.26236409    0.26448912    0.05654241    0.03919285    0.00000000    0.00000000    0.21612819    0.21067384    0.19401445    0.27716532    0.26488029    0.26802920    0.28038538    0.26802920    0.24337789    0.23506536    0.23539333    0.27759702    0.22684519    0.23474727    0.23740093    0.19514404    0.22522559
T10            0.20953471    0.26236409    0.26448912    0.05654241    0.03919285    0.00000000    0.00000000    0.21612819    0.21067384    0.19401445    0.27716532    0.26488029    0.26802920    0.28038538    0.26802920    0.24337789    0.23506536    0.23539333    0.27759702    0.22684519    0.23474727    0.23740093    0.19514404    0.22522559
T20            0.16940570    0.22726193    0.19218896    0.21552551    0.20724188    0.21612819    0.21612819    0.00000000    0.03705573    0.07833316    0.15725600    0.13982904    0.14236874    0.15245471    0.20271875    0.17290739    0.16535811    0.17045935    0.25014458    0.21008559    0.20980546    0.21237837    0.14768617    0.17023145
T9             0.17806162    0.22462695    0.19238518    0.21294561    0.20186794    0.21067384    0.21067384    0.03705573    0.00000000    0.07387760    0.16228876    0.13965788    0.14219111    0.15225875    0.20587256    0.16779056    0.16029350    0.16535811    0.24745648    0.20468755    0.21008559    0.21265728    0.15309185    0.17584018
T23            0.16190074    0.20790403    0.18445400    0.19627613    0.18550539    0.19401445    0.19401445    0.07833316    0.07387760    0.00000000    0.12253994    0.11079076    0.11320742    0.12283417    0.19765999    0.16007699    0.15265890    0.15505397    0.22978962    0.18278575    0.18527721    0.18777756    0.13531108    0.16007699
T13            0.24038045    0.28786089    0.26480256    0.27953363    0.26723756    0.27716532    0.27716532    0.15725600    0.16228876    0.12253994    0.00000000    0.02238943    0.02031455    0.03073440    0.24104243    0.23506536    0.22684519    0.22946948    0.31022679    0.26648840    0.26373839    0.26648840    0.21676855    0.25014458
T12            0.22361519    0.27313363    0.25353445    0.26723756    0.25518911    0.26488029    0.26488029    0.13982904    0.13965788    0.11079076    0.02238943    0.00000000    0.00200402    0.01212512    0.23011950    0.21552551    0.20752319    0.21008559    0.28838557    0.24908410    0.25247989    0.25518911    0.20556255    0.23309028
T1             0.22653374    0.27624292    0.25656822    0.27038641    0.25826988    0.26802920    0.26802920    0.14236874    0.14219111    0.11320742    0.02031455    0.00200402    0.00000000    0.01008419    0.23309028    0.21841033    0.21037505    0.21294561    0.29164765    0.25212726    0.25555119    0.25826988    0.20842266    0.23607886
T17            0.23804493    0.28852735    0.26544470    0.28275363    0.27038641    0.28038538    0.28038538    0.15245471    0.15225875    0.12283417    0.03073440    0.01212512    0.01008419    0.00000000    0.24174439    0.22684519    0.21871535    0.22131194    0.29121812    0.25483737    0.26762808    0.27038641    0.21968724    0.24783102
T16            0.24908410    0.30763444    0.28395302    0.27674440    0.27396592    0.26802920    0.26802920    0.20271875    0.20587256    0.19765999    0.24104243    0.23011950    0.23309028    0.24174439    0.00000000    0.18127972    0.17363843    0.17069578    0.33142766    0.28275363    0.29538283    0.29823655    0.23416499    0.26929591
T7             0.23011950    0.29531726    0.27202032    0.25178493    0.23414087    0.24337789    0.24337789    0.17290739    0.16779056    0.16007699    0.23506536    0.21552551    0.21841033    0.22684519    0.18127972    0.00000000    0.01007287    0.01824826    0.29823655    0.25284279    0.24942739    0.25212726    0.22003008    0.24515363
T3             0.22194850    0.28640316    0.26337889    0.24337789    0.22594000    0.23506536    0.23506536    0.16535811    0.16029350    0.15265890    0.22684519    0.20752319    0.21037505    0.21871535    0.17363843    0.01007287    0.00000000    0.01212512    0.28599456    0.25051843    0.24405805    0.24673768    0.21196173    0.23680368
T0             0.22455264    0.28923948    0.26612980    0.23771795    0.22623200    0.23539333    0.23539333    0.17045935    0.16535811    0.15505397    0.22946948    0.21008559    0.21294561    0.22131194    0.17069578    0.01824826    0.01212512    0.00000000    0.29538283    0.25321594    0.24673768    0.24942739    0.21452764    0.23945209
T6             0.23179419    0.29208709    0.26723756    0.29631986    0.28362637    0.27759702    0.27759702    0.25014458    0.24745648    0.22978962    0.31022679    0.28838557    0.29164765    0.29121812    0.33142766    0.29823655    0.28599456    0.29538283    0.00000000    0.09216382    0.18375712    0.18624322    0.20271875    0.23011950
T19            0.18527721    0.25239927    0.23385260    0.24104243    0.23539333    0.22684519    0.22684519    0.21008559    0.20468755    0.18278575    0.26648840    0.24908410    0.25212726    0.25483737    0.28275363    0.25284279    0.25051843    0.25321594    0.09216382    0.00000000    0.13011323    0.13244675    0.15225875    0.18848458
T15            0.17928033    0.24328336    0.22775451    0.24605941    0.24038045    0.23474727    0.23474727    0.20980546    0.21008559    0.18527721    0.26373839    0.25247989    0.25555119    0.26762808    0.29538283    0.24942739    0.24405805    0.24673768    0.18375712    0.13011323    0.00000000    0.00200301    0.14949864    0.18550539
T21            0.18177105    0.24598963    0.23039622    0.24875105    0.24305295    0.23740093    0.23740093    0.21237837    0.21265728    0.18777756    0.26648840    0.25518911    0.25826988    0.27038641    0.29823655    0.25212726    0.24673768    0.24942739    0.18624322    0.13244675    0.00200301    0.00000000    0.15189160    0.18800427
T8             0.14492143    0.19491590    0.17225372    0.19456134    0.18375712    0.19514404    0.19514404    0.14768617    0.15309185    0.13531108    0.21676855    0.20556255    0.20842266    0.21968724    0.23416499    0.22003008    0.21196173    0.21452764    0.20271875    0.15225875    0.14949864    0.15189160    0.00000000    0.05426048
T22            0.16513597    0.23039622    0.20389559    0.21871535    0.21037505    0.22522559    0.22522559    0.17023145    0.17584018    0.16007699    0.25014458    0.23309028    0.23607886    0.24783102    0.26929591    0.24515363    0.23680368    0.23945209    0.23011950    0.18848458    0.18550539    0.18800427    0.05426048    0.00000000

