24
T17            0.00000000    0.32344372    0.38690360    0.36267279    0.24640247    0.26968333    0.25731590    0.26332385    0.24717985    0.25533406    0.24126077    0.29485523    0.22698287    0.22698287    0.21887881    0.22149696    0.22482001    0.23186244    0.22271252    0.17983385    0.16712416    0.18231914    0.17715225    0.16430481
T21            0.32344372    0.00000000    0.09618971    0.08946695    0.23703271    0.25783211    0.24237108    0.24836120    0.24097366    0.25681673    0.24331032    0.27123956    0.42463389    0.42463389    0.42061510    0.42800351    0.40545778    0.42482856    0.38957825    0.36369308    0.33672943    0.35697286    0.35646888    0.34776606
T23            0.38690360    0.09618971    0.00000000    0.03064617    0.26881193    0.29070177    0.27193814    0.27436575    0.26991098    0.28631488    0.27230361    0.30135150    0.46423134    0.46423134    0.45991763    0.46777241    0.45215340    0.46397751    0.45136285    0.40999875    0.39243836    0.39891910    0.40607465    0.39831772
T6             0.36267279    0.08946695    0.03064617    0.00000000    0.25748323    0.27903173    0.25511328    0.25748323    0.25856100    0.27471945    0.26091970    0.29199709    0.45066380    0.45066380    0.44647665    0.45414841    0.43889075    0.45486031    0.42087349    0.38482905    0.36788837    0.37417177    0.38106742    0.38106742
T0             0.24640247    0.23703271    0.26881193    0.25748323    0.00000000    0.04760772    0.03902088    0.04114411    0.06519319    0.07368242    0.06296085    0.15667772    0.31555019    0.31555019    0.30896844    0.31518903    0.30280263    0.32278061    0.28347575    0.27369107    0.25923264    0.27337016    0.26749682    0.24988746
T1             0.26968333    0.25783211    0.29070177    0.27903173    0.04760772    0.00000000    0.02855405    0.03064617    0.08771348    0.09867809    0.08539301    0.18252991    0.34842970    0.34842970    0.34145760    0.34799030    0.33157120    0.33578144    0.31189820    0.30463159    0.27996310    0.30097293    0.29485523    0.27337016
T9             0.25731590    0.24237108    0.27193814    0.25511328    0.03902088    0.02855405    0.00000000    0.01006872    0.07840791    0.08933263    0.07840791    0.17164969    0.32076058    0.32076058    0.31417890    0.32042682    0.31123407    0.32821844    0.29809437    0.28493962    0.26109536    0.28148811    0.27556097    0.25481507
T22            0.26332385    0.24836120    0.27436575    0.25748323    0.04114411    0.03064617    0.01006872    0.00000000    0.08069124    0.09163170    0.08069124    0.17429576    0.32743014    0.32743014    0.32076058    0.32707417    0.31779416    0.33484362    0.30446617    0.29129133    0.26719506    0.28777980    0.28179380    0.26082305
T3             0.24717985    0.24097366    0.26991098    0.25856100    0.06519319    0.08771348    0.07840791    0.08069124    0.00000000    0.07161986    0.06527791    0.17042490    0.32684667    0.32684667    0.32006379    0.32641488    0.30793336    0.33043131    0.30025080    0.28105115    0.26330095    0.27123956    0.26536987    0.26605113
T5             0.25533406    0.25681673    0.28631488    0.27471945    0.07368242    0.09867809    0.08933263    0.09163170    0.07161986    0.00000000    0.06937752    0.16674450    0.32146543    0.32146543    0.31484007    0.31779416    0.30862890    0.33951145    0.29925560    0.27996310    0.26846700    0.28277833    0.27681724    0.26442825
T11            0.24126077    0.24331032    0.27230361    0.26091970    0.06296085    0.08539301    0.07840791    0.08069124    0.06527791    0.06937752    0.00000000    0.16468768    0.32261551    0.32261551    0.31592352    0.31887388    0.30968356    0.32444155    0.30605069    0.27402295    0.25649915    0.27058434    0.26473139    0.26229183
T2             0.29485523    0.27123956    0.30135150    0.29199709    0.15667772    0.18252991    0.17164969    0.17429576    0.17042490    0.16674450    0.16468768    0.00000000    0.37159078    0.37159078    0.36436670    0.37111592    0.36844115    0.37890122    0.35458504    0.33072888    0.31084588    0.33282463    0.31965496    0.31711623
T13            0.22698287    0.42463389    0.46423134    0.45066380    0.31555019    0.34842970    0.32076058    0.32743014    0.32684667    0.32146543    0.32261551    0.37159078    0.00000000    0.00000000    0.02648454    0.02855405    0.05194639    0.13630263    0.25708503    0.23274826    0.21910406    0.22676283    0.22128326    0.20850302
T18            0.22698287    0.42463389    0.46423134    0.45066380    0.31555019    0.34842970    0.32076058    0.32743014    0.32684667    0.32146543    0.32261551    0.37159078    0.00000000    0.00000000    0.02648454    0.02855405    0.05194639    0.13630263    0.25708503    0.23274826    0.21910406    0.22676283    0.22128326    0.20850302
T4             0.21887881    0.42061510    0.45991763    0.44647665    0.30896844    0.34145760    0.31417890    0.32076058    0.32006379    0.31484007    0.31592352    0.36436670    0.02648454    0.02648454    0.00000000    0.00805151    0.04554154    0.13654192    0.23990357    0.22457845    0.21108260    0.21866334    0.21324348    0.19508255
T10            0.22149696    0.42800351    0.46777241    0.45414841    0.31518903    0.34799030    0.32042682    0.32707417    0.32641488    0.31779416    0.31887388    0.37111592    0.02855405    0.02855405    0.00805151    0.00000000    0.04982296    0.13394258    0.24843731    0.21866334    0.20528947    0.21285395    0.20748689    0.19487993
T7             0.22482001    0.40545778    0.45215340    0.43889075    0.30280263    0.33157120    0.31123407    0.31779416    0.30793336    0.30862890    0.30968356    0.36844115    0.05194639    0.05194639    0.04554154    0.04982296    0.00000000    0.13667373    0.24887849    0.22823204    0.21464333    0.22219701    0.21673392    0.19298988
T14            0.23186244    0.42482856    0.46397751    0.45486031    0.32278061    0.33578144    0.32821844    0.33484362    0.33043131    0.33951145    0.32444155    0.37890122    0.13630263    0.13630263    0.13654192    0.13394258    0.13667373    0.00000000    0.26517522    0.24593644    0.23785070    0.22598309    0.22616289    0.22698287
T20            0.22271252    0.38957825    0.45136285    0.42087349    0.28347575    0.31189820    0.29809437    0.30446617    0.30025080    0.29925560    0.30605069    0.35458504    0.25708503    0.25708503    0.23990357    0.24843731    0.24887849    0.26517522    0.00000000    0.22745284    0.21673392    0.23009556    0.22172050    0.19783049
T19            0.17983385    0.36369308    0.40999875    0.38482905    0.27369107    0.30463159    0.28493962    0.29129133    0.28105115    0.27996310    0.27402295    0.33072888    0.23274826    0.23274826    0.22457845    0.21866334    0.22823204    0.24593644    0.22745284    0.00000000    0.03289385    0.04770617    0.04343602    0.13998546
T12            0.16712416    0.33672943    0.39243836    0.36788837    0.25923264    0.27996310    0.26109536    0.26719506    0.26330095    0.26846700    0.25649915    0.31084588    0.21910406    0.21910406    0.21108260    0.20528947    0.21464333    0.23785070    0.21673392    0.03289385    0.00000000    0.03073328    0.02656437    0.13043917
T15            0.18231914    0.35697286    0.39891910    0.37417177    0.27337016    0.30097293    0.28148811    0.28777980    0.27123956    0.28277833    0.27058434    0.33282463    0.22676283    0.22676283    0.21866334    0.21285395    0.22219701    0.22598309    0.23009556    0.04770617    0.03073328    0.00000000    0.01212491    0.14489725
T16            0.17715225    0.35646888    0.40607465    0.38106742    0.26749682    0.29485523    0.27556097    0.28179380    0.26536987    0.27681724    0.26473139    0.31965496    0.22128326    0.22128326    0.21324348    0.20748689    0.21673392    0.22616289    0.22172050    0.04343602    0.02656437    0.01212491    0.00000000    0.13745332
T8             0.16430481    0.34776606    0.39831772    0.38106742    0.24988746    0.27337016    0.25481507    0.26082305    0.26605113    0.26442825    0.26229183    0.31711623    0.20850302    0.20850302    0.19508255    0.19487993    0.19298988    0.22698287    0.19783049    0.13998546    0.13043917    0.14489725    0.13745332    0.00000000

