24
T21            0.00000000    0.48203589    0.48123636    0.44157988    0.50096218    0.45266027    0.46110230    0.43682821    0.41532547    0.42140930    0.41356361    0.41594312    0.41594312    0.46337249    0.45634614    0.49182565    0.45959287    0.37153904    0.37992398    0.36625892    0.37992398    0.38900554    0.37674861    0.39063436
T1             0.48203589    0.00000000    0.00401105    0.08740623    0.12544616    0.10359636    0.09438348    0.07605804    0.09215221    0.11534493    0.11534493    0.12050743    0.13294698    0.26054184    0.22531879    0.26811293    0.21776295    0.22878598    0.25104598    0.26811293    0.26259837    0.25832925    0.25375831    0.25014900
T7             0.48123636    0.00401105    0.00000000    0.08962851    0.12811181    0.10112116    0.09662203    0.07825222    0.09438348    0.11764181    0.11764181    0.12281285    0.13528343    0.26328118    0.22794838    0.27088630    0.22036223    0.22849699    0.25073664    0.26778976    0.26227284    0.25805553    0.25345019    0.24987075
T16            0.44157988    0.08740623    0.08962851    0.00000000    0.10878195    0.08519115    0.07621592    0.06937632    0.08528750    0.10371479    0.10371479    0.11090967    0.11820964    0.26400613    0.23142143    0.26778976    0.21002182    0.21463067    0.23350369    0.25679836    0.25136563    0.25014900    0.24503890    0.24446646
T12            0.50096218    0.12544616    0.12811181    0.10878195    0.00000000    0.06081215    0.05213165    0.10863718    0.12579714    0.14252468    0.14252468    0.14548889    0.15854594    0.30189365    0.27662761    0.29234304    0.24700014    0.24630596    0.25679836    0.28987957    0.28422409    0.28912695    0.29436138    0.29678888
T3             0.45266027    0.10359636    0.10112116    0.08519115    0.06081215    0.00000000    0.01210944    0.07825222    0.10145952    0.12497746    0.12497746    0.12035564    0.13781532    0.26328118    0.23968093    0.27025329    0.22325284    0.24029885    0.25073664    0.26227284    0.25679836    0.25861362    0.26019418    0.26259837
T11            0.46110230    0.09438348    0.09662203    0.07621592    0.05213165    0.01210944    0.00000000    0.06937632    0.09226476    0.11547718    0.11547718    0.11090967    0.12811181    0.26400613    0.24029885    0.26778976    0.22384524    0.23796216    0.24834395    0.26227284    0.25679836    0.25861362    0.26019418    0.26259837
T15            0.43682821    0.07605804    0.07825222    0.06937632    0.10863718    0.07825222    0.06937632    0.00000000    0.06944351    0.09401337    0.09401337    0.09418376    0.11077401    0.25746434    0.22821778    0.26747738    0.20921450    0.21154037    0.23323711    0.24099342    0.23856578    0.23761312    0.23298052    0.23831230
T4             0.41532547    0.09215221    0.09438348    0.08528750    0.12579714    0.10145952    0.09226476    0.06944351    0.00000000    0.06282084    0.06282084    0.06295976    0.07422202    0.23003921    0.19622210    0.24329338    0.19118902    0.19345164    0.21463067    0.22218379    0.21696741    0.21604105    0.21437363    0.21672136
T6             0.42140930    0.11534493    0.11764181    0.10371479    0.14252468    0.12497746    0.11547718    0.09401337    0.06282084    0.00000000    0.00401609    0.05418929    0.06959868    0.25238614    0.22036223    0.25985701    0.19927293    0.20947428    0.23113369    0.25375831    0.24834395    0.24419561    0.24565214    0.24803342
T23            0.41356361    0.11534493    0.11764181    0.10371479    0.14252468    0.12497746    0.11547718    0.09401337    0.06282084    0.00401609    0.00000000    0.05418929    0.06959868    0.25238614    0.22036223    0.25985701    0.19927293    0.20947428    0.23113369    0.25375831    0.24834395    0.24419561    0.24565214    0.24803342
T0             0.41594312    0.12050743    0.12281285    0.11090967    0.14548889    0.12035564    0.11090967    0.09418376    0.06295976    0.05418929    0.05418929    0.00000000    0.06303942    0.24396929    0.21231560    0.24534044    0.19927293    0.20718049    0.22878598    0.25440568    0.24899567    0.24474757    0.24630596    0.24866471
T2             0.41594312    0.13294698    0.13528343    0.11820964    0.15854594    0.13781532    0.12811181    0.11077401    0.07422202    0.06959868    0.06959868    0.06303942    0.00000000    0.27193233    0.23864170    0.27941570    0.22810388    0.22447595    0.24664801    0.26126848    0.25892085    0.24834395    0.25620458    0.26164741
T9             0.46337249    0.26054184    0.26328118    0.26400613    0.30189365    0.26328118    0.26400613    0.25746434    0.23003921    0.25238614    0.25238614    0.24396929    0.27193233    0.00000000    0.05653713    0.18868586    0.14807315    0.24736232    0.25781294    0.30189365    0.29617838    0.29109269    0.28026195    0.27941570
T22            0.45634614    0.22531879    0.22794838    0.23142143    0.27662761    0.23968093    0.24029885    0.22821778    0.19622210    0.22036223    0.22036223    0.21231560    0.23864170    0.05653713    0.00000000    0.15702985    0.11576445    0.23003921    0.24029885    0.27344224    0.26791833    0.26328118    0.25582427    0.25817190
T10            0.49182565    0.26811293    0.27088630    0.26778976    0.29234304    0.27025329    0.26778976    0.26747738    0.24329338    0.25985701    0.25985701    0.24534044    0.27941570    0.18868586    0.15702985    0.00000000    0.10319730    0.25712614    0.26778976    0.30541843    0.30962326    0.29806798    0.29678888    0.29924022
T17            0.45959287    0.21776295    0.22036223    0.21002182    0.24700014    0.22325284    0.22384524    0.20921450    0.19118902    0.19927293    0.19927293    0.19927293    0.22810388    0.14807315    0.11576445    0.10319730    0.00000000    0.21091274    0.22093780    0.25620458    0.25699583    0.25545420    0.25119424    0.25349852
T5             0.37153904    0.22878598    0.22849699    0.21463067    0.24630596    0.24029885    0.23796216    0.21154037    0.19345164    0.20947428    0.20947428    0.20718049    0.22447595    0.24736232    0.23003921    0.25712614    0.21091274    0.00000000    0.03481302    0.14528169    0.14056209    0.13666894    0.13061831    0.13276429
T18            0.37992398    0.25104598    0.25073664    0.23350369    0.25679836    0.25073664    0.24834395    0.23323711    0.21463067    0.23113369    0.23113369    0.22878598    0.24664801    0.25781294    0.24029885    0.26778976    0.22093780    0.03481302    0.00000000    0.14216342    0.14252468    0.14629915    0.13476345    0.13695657
T8             0.36625892    0.26811293    0.26778976    0.25679836    0.28987957    0.26227284    0.26227284    0.24099342    0.22218379    0.25375831    0.25375831    0.25440568    0.26126848    0.30189365    0.27344224    0.30541843    0.25620458    0.14528169    0.14216342    0.00000000    0.02450692    0.04972780    0.05867130    0.06519200
T13            0.37992398    0.26259837    0.26227284    0.25136563    0.28422409    0.25679836    0.25679836    0.23856578    0.21696741    0.24834395    0.24834395    0.24899567    0.25892085    0.29617838    0.26791833    0.30962326    0.25699583    0.14056209    0.14252468    0.02450692    0.00000000    0.04120118    0.05440963    0.06089361
T20            0.38900554    0.25832925    0.25805553    0.25014900    0.28912695    0.25861362    0.25861362    0.23761312    0.21604105    0.24419561    0.24419561    0.24474757    0.24834395    0.29109269    0.26328118    0.29806798    0.25545420    0.13666894    0.14629915    0.04972780    0.04120118    0.00000000    0.05831354    0.06482809
T19            0.37674861    0.25375831    0.25345019    0.24503890    0.29436138    0.26019418    0.26019418    0.23298052    0.21437363    0.24565214    0.24565214    0.24630596    0.25620458    0.28026195    0.25582427    0.29678888    0.25119424    0.13061831    0.13476345    0.05867130    0.05440963    0.05831354    0.00000000    0.03073301
T14            0.39063436    0.25014900    0.24987075    0.24446646    0.29678888    0.26259837    0.26259837    0.23831230    0.21672136    0.24803342    0.24803342    0.24866471    0.26164741    0.27941570    0.25817190    0.29924022    0.25349852    0.13276429    0.13695657    0.06519200    0.06089361    0.06482809    0.03073301    0.00000000

