24
T14            0.00000000    0.23539698    0.23806951    0.23539698    0.21804861    0.24716435    0.22127088    0.22170815    0.27994292    0.27367185    0.23058874    0.23058874    0.23539698    0.23616252    0.19976846    0.19976846    0.20785386    0.21344136    0.24419643    0.24803478    0.15393391    0.15722240    0.20835596    0.19171861
T9             0.23539698    0.00000000    0.08710048    0.07818586    0.11561746    0.13313826    0.12331003    0.12331003    0.29126938    0.28177332    0.25015000    0.25015000    0.25505261    0.24689484    0.20766014    0.20766014    0.21583395    0.21024647    0.26471348    0.25833007    0.31374450    0.30295769    0.34066424    0.31123173
T21            0.23806951    0.08710048    0.00000000    0.04116915    0.11281074    0.13476396    0.12035610    0.12497787    0.30542086    0.29884013    0.26502731    0.26502731    0.26688591    0.26471348    0.22106703    0.22106703    0.22653973    0.23227137    0.27056558    0.26717678    0.32089077    0.31501129    0.34115636    0.31253593
T8             0.23539698    0.07818586    0.04116915    0.00000000    0.10359663    0.12281334    0.11319005    0.10837032    0.28876913    0.27927303    0.25921550    0.25921550    0.26411805    0.25890976    0.21563617    0.21563617    0.22106703    0.22106703    0.26779105    0.26136098    0.31794505    0.31884815    0.34520829    0.31638502
T19            0.21804861    0.11561746    0.11281074    0.10359663    0.00000000    0.12544675    0.11576494    0.11363730    0.29480187    0.28826411    0.24397133    0.24397133    0.24866638    0.24362822    0.22008993    0.22008993    0.22270005    0.22270005    0.26164984    0.25509644    0.28784779    0.29286980    0.32079742    0.29856290
T1             0.24716435    0.13313826    0.13476396    0.12281334    0.12544675    0.00000000    0.02859673    0.04338580    0.33116802    0.31751146    0.26844850    0.26844850    0.27335099    0.26811439    0.23273458    0.23273458    0.23539698    0.23539698    0.25921550    0.25587884    0.32133583    0.31638502    0.37076992    0.34683606
T20            0.22127088    0.12331003    0.12035610    0.11319005    0.11576494    0.02859673    0.00000000    0.03914356    0.31457712    0.30460740    0.25648238    0.25648238    0.26747851    0.25617536    0.21865129    0.21865129    0.22127088    0.22127088    0.24393571    0.24663571    0.29844918    0.29679147    0.34573823    0.32274328
T15            0.22170815    0.12331003    0.12497787    0.10837032    0.11363730    0.04338580    0.03914356    0.00000000    0.31208941    0.30211966    0.26019597    0.26019597    0.25890976    0.25985864    0.21625870    0.21625870    0.21886678    0.22456577    0.24744419    0.25015000    0.31253593    0.30096675    0.34325064    0.32029227
T2             0.27994292    0.29126938    0.30542086    0.28876913    0.29480187    0.33116802    0.31457712    0.31208941    0.00000000    0.05200111    0.16976313    0.16976313    0.17694823    0.16692321    0.23938824    0.23938824    0.26019597    0.26019597    0.30096675    0.29965648    0.34066424    0.32274328    0.40209816    0.37329519
T4             0.27367185    0.28177332    0.29884013    0.27927303    0.28826411    0.31751146    0.30460740    0.30211966    0.05200111    0.00000000    0.16186721    0.16186721    0.16378795    0.15908919    0.24178076    0.24178076    0.25043880    0.25648238    0.29027507    0.28912871    0.33024416    0.31931761    0.39041999    0.36217978
T22            0.23058874    0.25015000    0.26502731    0.25921550    0.24397133    0.26844850    0.25648238    0.26019597    0.16976313    0.16186721    0.00000000    0.00000000    0.02857209    0.02859673    0.18191610    0.18191610    0.19024049    0.20921557    0.22531984    0.23436454    0.30874401    0.29810310    0.34270823    0.33018312
T16            0.23058874    0.25015000    0.26502731    0.25921550    0.24397133    0.26844850    0.25648238    0.26019597    0.16976313    0.16186721    0.00000000    0.00000000    0.02857209    0.02859673    0.18191610    0.18191610    0.19024049    0.20921557    0.22531984    0.23436454    0.30874401    0.29810310    0.34270823    0.33018312
T6             0.23539698    0.25505261    0.26688591    0.26411805    0.24866638    0.27335099    0.26747851    0.25890976    0.17694823    0.16378795    0.02857209    0.02857209    0.00000000    0.03271212    0.18656775    0.18656775    0.19214533    0.21388884    0.24178076    0.23910425    0.32726250    0.30962626    0.36217978    0.34217837
T13            0.23616252    0.24689484    0.26471348    0.25890976    0.24362822    0.26811439    0.25617536    0.25985864    0.16692321    0.15908919    0.02859673    0.02859673    0.03271212    0.00000000    0.18210908    0.18210908    0.19046448    0.20665012    0.23085688    0.23467094    0.32179295    0.29436422    0.35657255    0.33668572
T0             0.19976846    0.20766014    0.22106703    0.21563617    0.22008993    0.23273458    0.21865129    0.21625870    0.23938824    0.24178076    0.18191610    0.18191610    0.18656775    0.18210908    0.00000000    0.00000000    0.03492607    0.04565645    0.09633916    0.09162966    0.26383651    0.25587884    0.30790859    0.28629368
T18            0.19976846    0.20766014    0.22106703    0.21563617    0.22008993    0.23273458    0.21865129    0.21625870    0.23938824    0.24178076    0.18191610    0.18191610    0.18656775    0.18210908    0.00000000    0.00000000    0.03492607    0.04565645    0.09633916    0.09162966    0.26383651    0.25587884    0.30790859    0.28629368
T10            0.20785386    0.21583395    0.22653973    0.22106703    0.22270005    0.23539698    0.22127088    0.21886678    0.26019597    0.25043880    0.19024049    0.19024049    0.19214533    0.19046448    0.03492607    0.03492607    0.00000000    0.04776475    0.10348559    0.10084979    0.27583882    0.26471348    0.31082062    0.29234493
T3             0.21344136    0.21024647    0.23227137    0.22106703    0.22270005    0.23539698    0.22127088    0.22456577    0.26019597    0.25648238    0.20921557    0.20921557    0.21388884    0.20665012    0.04565645    0.04565645    0.04776475    0.00000000    0.11522059    0.10792586    0.27583882    0.25861460    0.31082062    0.28912871
T12            0.24419643    0.26471348    0.27056558    0.26779105    0.26164984    0.25921550    0.24393571    0.24744419    0.30096675    0.29027507    0.22531984    0.22531984    0.24178076    0.23085688    0.09633916    0.09633916    0.10348559    0.11522059    0.00000000    0.04538936    0.31628283    0.31457712    0.35745568    0.34825088
T23            0.24803478    0.25833007    0.26717678    0.26136098    0.25509644    0.25587884    0.24663571    0.25015000    0.29965648    0.28912871    0.23436454    0.23436454    0.23910425    0.23467094    0.09162966    0.09162966    0.10084979    0.10792586    0.04538936    0.00000000    0.30674370    0.30832044    0.36162332    0.34878088
T5             0.15393391    0.31374450    0.32089077    0.31794505    0.28784779    0.32133583    0.29844918    0.31253593    0.34066424    0.33024416    0.30874401    0.30874401    0.32726250    0.32179295    0.26383651    0.26383651    0.27583882    0.27583882    0.31628283    0.30674370    0.00000000    0.12470410    0.19597502    0.16692321
T11            0.15722240    0.30295769    0.31501129    0.31884815    0.29286980    0.31638502    0.29679147    0.30096675    0.32274328    0.31931761    0.29810310    0.29810310    0.30962626    0.29436422    0.25587884    0.25587884    0.26471348    0.25861460    0.31457712    0.30832044    0.12470410    0.00000000    0.21412081    0.18672587
T17            0.20835596    0.34066424    0.34115636    0.34520829    0.32079742    0.37076992    0.34573823    0.34325064    0.40209816    0.39041999    0.34270823    0.34270823    0.36217978    0.35657255    0.30790859    0.30790859    0.31082062    0.31082062    0.35745568    0.36162332    0.19597502    0.21412081    0.00000000    0.05412925
T7             0.19171861    0.31123173    0.31253593    0.31638502    0.29856290    0.34683606    0.32274328    0.32029227    0.37329519    0.36217978    0.33018312    0.33018312    0.34217837    0.33668572    0.28629368    0.28629368    0.29234493    0.28912871    0.34825088    0.34878088    0.16692321    0.18672587    0.05412925    0.00000000

