24
T1             0.00000000    0.37109555    0.37156988    0.37156988    0.31687514    0.32030091    0.32030091    0.33317296    0.36645260    0.36645260    0.14405926    0.29575051    0.16412234    0.16412234    0.16623600    0.19741429    0.19827250    0.19851005    0.19622654    0.12760322    0.11837212    0.12066842    0.12313784    0.12497922
T12            0.37109555    0.00000000    0.00200301    0.00200301    0.18156091    0.17890097    0.17890097    0.20016198    0.22297701    0.22297701    0.36389883    0.56234650    0.40933776    0.39657591    0.42084591    0.44851923    0.46540633    0.45339171    0.46340068    0.41868456    0.39009710    0.38208878    0.38208878    0.39876711
T17            0.37156988    0.00200301    0.00000000    0.00000000    0.18173584    0.17906879    0.17906879    0.20037026    0.22325873    0.22325873    0.36434714    0.56309390    0.40996931    0.39713303    0.42143328    0.44920567    0.46616445    0.45411222    0.46419111    0.41930250    0.39065423    0.38260359    0.38260359    0.39929473
T16            0.37156988    0.00200301    0.00000000    0.00000000    0.18173584    0.17906879    0.17906879    0.20037026    0.22325873    0.22325873    0.36434714    0.56309390    0.40996931    0.39713303    0.42143328    0.44920567    0.46616445    0.45411222    0.46419111    0.41930250    0.39065423    0.38260359    0.38260359    0.39929473
T20            0.31687514    0.18156091    0.18173584    0.18173584    0.00000000    0.01826978    0.01826978    0.03497055    0.15615218    0.15615218    0.30340221    0.47035066    0.34933440    0.33865416    0.35854086    0.37155644    0.39173163    0.38852397    0.38215030    0.34326067    0.32775270    0.33072141    0.33424376    0.32180271
T0             0.32030091    0.17890097    0.17906879    0.17906879    0.01826978    0.00000000    0.00000000    0.02236453    0.15090199    0.15090199    0.30673655    0.47035066    0.35294582    0.34218894    0.36586967    0.38538874    0.40350192    0.40024826    0.39378365    0.35409534    0.32426720    0.33424376    0.33779112    0.32522845
T8             0.32030091    0.17890097    0.17906879    0.17906879    0.01826978    0.00000000    0.00000000    0.02236453    0.15090199    0.15090199    0.30673655    0.47035066    0.35294582    0.34218894    0.36586967    0.38538874    0.40350192    0.40024826    0.39378365    0.35409534    0.32426720    0.33424376    0.33779112    0.32522845
T2             0.33317296    0.20016198    0.20037026    0.20037026    0.03497055    0.02236453    0.02236453    0.00000000    0.17439728    0.17439728    0.32275250    0.47897567    0.36645260    0.35545911    0.37962027    0.39950687    0.41812094    0.41480591    0.40822012    0.36393935    0.33370224    0.34381536    0.34381536    0.33465196
T7             0.36645260    0.22297701    0.22325873    0.22325873    0.15615218    0.15090199    0.15090199    0.17439728    0.00000000    0.00000000    0.36765827    0.56375067    0.42710741    0.41887286    0.42220449    0.45181033    0.46851824    0.46498760    0.46690993    0.42455581    0.39128313    0.39845011    0.39845011    0.39954761
T19            0.36645260    0.22297701    0.22325873    0.22325873    0.15615218    0.15090199    0.15090199    0.17439728    0.00000000    0.00000000    0.36765827    0.56375067    0.42710741    0.41887286    0.42220449    0.45181033    0.46851824    0.46498760    0.46690993    0.42455581    0.39128313    0.39845011    0.39845011    0.39954761
T10            0.14405926    0.36389883    0.36434714    0.36434714    0.30340221    0.30673655    0.30673655    0.32275250    0.36765827    0.36765827    0.00000000    0.27498999    0.14420986    0.14420986    0.14127612    0.18156091    0.18004108    0.18026197    0.17801950    0.16937244    0.15186400    0.15426492    0.15684924    0.15877035
T11            0.29575051    0.56234650    0.56309390    0.56309390    0.47035066    0.47035066    0.47035066    0.47897567    0.56375067    0.56375067    0.27498999    0.00000000    0.32479650    0.31812792    0.32307468    0.35873257    0.34634782    0.34673423    0.33719831    0.32009274    0.31744582    0.32041364    0.31060695    0.31273125
T18            0.16412234    0.40933776    0.40996931    0.40996931    0.34933440    0.35294582    0.35294582    0.36645260    0.42710741    0.42710741    0.14420986    0.32479650    0.00000000    0.04972811    0.11052669    0.13681095    0.12993029    0.13259136    0.13043602    0.19024403    0.18026197    0.16937244    0.17201832    0.18191972
T13            0.16412234    0.39657591    0.39713303    0.39713303    0.33865416    0.34218894    0.34218894    0.35545911    0.41887286    0.41887286    0.14420986    0.31812792    0.04972811    0.00000000    0.10575298    0.13183526    0.12744863    0.12760322    0.12544787    0.18211252    0.17221768    0.16151783    0.16412234    0.17393971
T14            0.16623600    0.42084591    0.42143328    0.42143328    0.35854086    0.36586967    0.36586967    0.37962027    0.42220449    0.42220449    0.14127612    0.32307468    0.11052669    0.10575298    0.00000000    0.07803048    0.07387154    0.07621656    0.07185668    0.18231422    0.18231422    0.17714759    0.17982896    0.18139498
T4             0.19741429    0.44851923    0.44920567    0.44920567    0.37155644    0.38538874    0.38538874    0.39950687    0.45181033    0.45181033    0.18156091    0.35873257    0.13681095    0.13183526    0.07803048    0.00000000    0.09626075    0.09867685    0.09418480    0.21909751    0.21389381    0.21085601    0.21366548    0.21284857
T6             0.19827250    0.46540633    0.46616445    0.46616445    0.39173163    0.40350192    0.40350192    0.41812094    0.46851824    0.46851824    0.18004108    0.34634782    0.12993029    0.12744863    0.07387154    0.09626075    0.00000000    0.01413279    0.01617362    0.21205309    0.20409769    0.20665405    0.20947943    0.20570310
T9             0.19851005    0.45339171    0.45411222    0.45411222    0.38852397    0.40024826    0.40024826    0.41480591    0.46498760    0.46498760    0.18026197    0.34673423    0.13259136    0.12760322    0.07621656    0.09867685    0.01413279    0.00000000    0.01823222    0.21232088    0.20436005    0.19901256    0.20181419    0.20592679
T15            0.19622654    0.46340068    0.46419111    0.46419111    0.38215030    0.39378365    0.39378365    0.40822012    0.46690993    0.46690993    0.17801950    0.33719831    0.13043602    0.12544787    0.07185668    0.09418480    0.01617362    0.01823222    0.00000000    0.20718544    0.19927746    0.20181419    0.20463162    0.20081467
T21            0.12760322    0.41868456    0.41930250    0.41930250    0.34326067    0.35409534    0.35409534    0.36393935    0.42455581    0.42455581    0.16937244    0.32009274    0.19024403    0.18211252    0.18231422    0.21909751    0.21205309    0.21232088    0.20718544    0.00000000    0.03066867    0.04977201    0.05194601    0.05831399
T23            0.11837212    0.39009710    0.39065423    0.39065423    0.32775270    0.32426720    0.32426720    0.33370224    0.39128313    0.39128313    0.15186400    0.31744582    0.18026197    0.17221768    0.18231422    0.21389381    0.20409769    0.20436005    0.19927746    0.03066867    0.00000000    0.03919071    0.04133671    0.04760742
T3             0.12066842    0.38208878    0.38260359    0.38260359    0.33072141    0.33424376    0.33424376    0.34381536    0.39845011    0.39845011    0.15426492    0.32041364    0.16937244    0.16151783    0.17714759    0.21085601    0.20665405    0.19901256    0.20181419    0.04977201    0.03919071    0.00000000    0.01419985    0.04541760
T22            0.12313784    0.38208878    0.38260359    0.38260359    0.33424376    0.33779112    0.33779112    0.34381536    0.39845011    0.39845011    0.15684924    0.31060695    0.17201832    0.16412234    0.17982896    0.21366548    0.20947943    0.20181419    0.20463162    0.05194601    0.04133671    0.01419985    0.00000000    0.04756820
T5             0.12497922    0.39876711    0.39929473    0.39929473    0.32180271    0.32522845    0.32522845    0.33465196    0.39954761    0.39954761    0.15877035    0.31273125    0.18191972    0.17393971    0.18139498    0.21284857    0.20570310    0.20592679    0.20081467    0.05831399    0.04760742    0.04541760    0.04756820    0.00000000

