24
T12            0.00000000    0.37077898    0.39107368    0.34988769    0.49469654    0.49443055    0.46497798    0.47301543    0.42375087    0.39771719    0.39771719    0.42405327    0.41665939    0.41334696    0.39308146    0.40168683    0.39954409    0.39562120    0.41249673    0.33325191    0.31669388    0.32430459    0.32476042    0.32342949
T21            0.37077898    0.00000000    0.03272651    0.15393726    0.25783246    0.27376083    0.24397534    0.24969453    0.20435985    0.17982944    0.17982944    0.23644483    0.21130767    0.20872950    0.18773563    0.20129627    0.18004130    0.18274433    0.46232802    0.39450125    0.38294471    0.38753420    0.39279137    0.39499905
T3             0.39107368    0.03272651    0.00000000    0.17115382    0.27748161    0.29382662    0.25713475    0.26294359    0.21130767    0.18982466    0.18982466    0.24717352    0.22171616    0.21909952    0.19782615    0.21154679    0.19003014    0.19276272    0.48946859    0.41249673    0.40056104    0.40433567    0.40311840    0.40153916
T13            0.34988769    0.15393726    0.17115382    0.00000000    0.24624014    0.26056966    0.22883173    0.23445423    0.18921933    0.16956511    0.16956511    0.23114094    0.20616075    0.20360137    0.18274433    0.19070076    0.17778829    0.18049133    0.43727669    0.37426571    0.36305100    0.35681110    0.36169065    0.36749028
T9             0.49469654    0.25783246    0.27748161    0.24624014    0.00000000    0.03914366    0.05835680    0.06492251    0.12100936    0.27053428    0.27053428    0.32821336    0.30783721    0.30496146    0.28078025    0.29021359    0.26874265    0.26552648    0.56375132    0.50656345    0.48735095    0.46853995    0.48270493    0.48907674
T0             0.49443055    0.27376083    0.29382662    0.26056966    0.03914366    0.00000000    0.06303969    0.06968696    0.12178284    0.27248222    0.27248222    0.33667109    0.31589462    0.31299386    0.29185472    0.30150398    0.28289890    0.27957579    0.54784050    0.51323692    0.49362416    0.48360702    0.49835864    0.50477023
T15            0.46497798    0.24397534    0.25713475    0.22883173    0.05835680    0.06303969    0.00000000    0.00602719    0.10397472    0.24544547    0.24544547    0.29952024    0.28350620    0.28070813    0.25741172    0.27282859    0.24891539    0.24583785    0.54196218    0.48651494    0.46394605    0.46113394    0.46773162    0.47407056
T7             0.47301543    0.24969453    0.26294359    0.23445423    0.06492251    0.06968696    0.00602719    0.00000000    0.10863817    0.25119923    0.25119923    0.30575168    0.28958384    0.28676426    0.26327211    0.27883136    0.25470681    0.25160059    0.55076847    0.49466934    0.47179053    0.46896247    0.47128990    0.48206869
T8             0.42375087    0.20435985    0.21130767    0.18921933    0.12100936    0.12178284    0.10397472    0.10863817    0.00000000    0.19423027    0.19423027    0.25005555    0.23234922    0.22971668    0.20805068    0.22220711    0.20295843    0.20012514    0.53898200    0.47049685    0.44852375    0.44160932    0.45637255    0.45835323
T6             0.39771719    0.17982944    0.18982466    0.16956511    0.27053428    0.27248222    0.24544547    0.25119923    0.19423027    0.00000000    0.00000000    0.07169142    0.04538990    0.04327637    0.03069769    0.04128505    0.03502125    0.03715806    0.48480331    0.42540823    0.40917507    0.41808684    0.42797302    0.43004342
T17            0.39771719    0.17982944    0.18982466    0.16956511    0.27053428    0.27248222    0.24544547    0.25119923    0.19423027    0.00000000    0.00000000    0.07169142    0.04538990    0.04327637    0.03069769    0.04128505    0.03502125    0.03715806    0.48480331    0.42540823    0.40917507    0.41808684    0.42797302    0.43004342
T1             0.42405327    0.23644483    0.24717352    0.23114094    0.32821336    0.33667109    0.29952024    0.30575168    0.25005555    0.07169142    0.07169142    0.00000000    0.03069769    0.02862777    0.04545227    0.06066993    0.08280925    0.08510295    0.54237505    0.44594681    0.44129403    0.43441601    0.44852375    0.45901928
T19            0.41665939    0.21130767    0.22171616    0.20616075    0.30783721    0.31589462    0.28350620    0.28958384    0.23234922    0.04538990    0.04538990    0.03069769    0.00000000    0.00200301    0.01821979    0.03274703    0.05398983    0.05616855    0.50773657    0.41692945    0.40864945    0.41750046    0.42730844    0.42940953
T10            0.41334696    0.20872950    0.21909952    0.20360137    0.30496146    0.31299386    0.28070813    0.28676426    0.22971668    0.04327637    0.04327637    0.02862777    0.00200301    0.00000000    0.01617368    0.03066871    0.05185566    0.05402963    0.50398580    0.41637386    0.40813903    0.41692945    0.42665944    0.42879140
T4             0.39308146    0.18773563    0.19782615    0.18274433    0.28078025    0.29185472    0.25741172    0.26327211    0.20805068    0.03069769    0.03069769    0.04545227    0.01821979    0.01617368    0.00000000    0.01417407    0.03914366    0.04128505    0.48990220    0.41027180    0.40205066    0.41084286    0.42058576    0.42265812
T18            0.40168683    0.20129627    0.21154679    0.19070076    0.29021359    0.30150398    0.27282859    0.27883136    0.22220711    0.04128505    0.04128505    0.06066993    0.03274703    0.03066871    0.01417407    0.00000000    0.04987974    0.05206323    0.50251101    0.43750954    0.42879140    0.43817640    0.44864440    0.45062954
T14            0.39954409    0.18004130    0.19003014    0.17778829    0.26874265    0.28289890    0.24891539    0.25470681    0.20295843    0.03502125    0.03502125    0.08280925    0.05398983    0.05185566    0.03914366    0.04987974    0.00000000    0.00200401    0.49284730    0.42480605    0.41637386    0.42540823    0.43544145    0.43750954
T20            0.39562120    0.18274433    0.19276272    0.18049133    0.26552648    0.27957579    0.24583785    0.25160059    0.20012514    0.03715806    0.03715806    0.08510295    0.05616855    0.05402963    0.04128505    0.05206323    0.00200401    0.00000000    0.49284730    0.42480605    0.41637386    0.42540823    0.43544145    0.43750954
T2             0.41249673    0.46232802    0.48946859    0.43727669    0.56375132    0.54784050    0.54196218    0.55076847    0.53898200    0.48480331    0.48480331    0.54237505    0.50773657    0.50398580    0.48990220    0.50251101    0.49284730    0.49284730    0.00000000    0.16120134    0.15063634    0.15823203    0.15123455    0.15848461
T11            0.33325191    0.39450125    0.41249673    0.37426571    0.50656345    0.51323692    0.48651494    0.49466934    0.47049685    0.42540823    0.42540823    0.44594681    0.41692945    0.41637386    0.41027180    0.43750954    0.42480605    0.42480605    0.16120134    0.00000000    0.02859681    0.06504367    0.05894106    0.06089382
T5             0.31669388    0.38294471    0.40056104    0.36305100    0.48735095    0.49362416    0.46394605    0.47179053    0.44852375    0.40917507    0.40917507    0.44129403    0.40864945    0.40813903    0.40205066    0.42879140    0.41637386    0.41637386    0.15063634    0.02859681    0.00000000    0.05398983    0.04783044    0.04982258
T23            0.32430459    0.38753420    0.40433567    0.35681110    0.46853995    0.48360702    0.46113394    0.46896247    0.44160932    0.41808684    0.41808684    0.43441601    0.41750046    0.41692945    0.41084286    0.43817640    0.42540823    0.42540823    0.15823203    0.06504367    0.05398983    0.00000000    0.03485677    0.03690675
T22            0.32476042    0.39279137    0.40311840    0.36169065    0.48270493    0.49835864    0.46773162    0.47128990    0.45637255    0.42797302    0.42797302    0.44852375    0.42730844    0.42665944    0.42058576    0.44864440    0.43544145    0.43544145    0.15123455    0.05894106    0.04783044    0.03485677    0.00000000    0.02238874
T16            0.32342949    0.39499905    0.40153916    0.36749028    0.48907674    0.50477023    0.47407056    0.48206869    0.45835323    0.43004342    0.43004342    0.45901928    0.42940953    0.42879140    0.42265812    0.45062954    0.43750954    0.43750954    0.15848461    0.06089382    0.04982258    0.03690675    0.02238874    0.00000000

