24
T9             0.00000000    0.24440815    0.17718311    0.17718311    0.17986599    0.19831780    0.22750219    0.22176651    0.23890027    0.27065675    0.23650781    0.23946056    0.23623133    0.23209987    0.19932772    0.19960304    0.19150004    0.22828456    0.21210652    0.21676387    0.19988746    0.14932483    0.15706168    0.19555317
T8             0.24440815    0.00000000    0.14949741    0.15465528    0.15725437    0.17246119    0.24273513    0.23679437    0.24605572    0.30020516    0.24070245    0.24977608    0.23739760    0.25112831    0.23804081    0.25051278    0.21523540    0.26612593    0.23709098    0.23837735    0.22391442    0.22684132    0.22684132    0.26174559
T13            0.17718311    0.14949741    0.00000000    0.01617903    0.01823252    0.04977460    0.16154603    0.15929373    0.16138208    0.21418332    0.16433116    0.17225220    0.16415181    0.19280379    0.16715241    0.17583744    0.14932483    0.19533133    0.17910216    0.18077137    0.16228708    0.15380938    0.15125695    0.20670486
T7             0.17718311    0.15465528    0.01617903    0.00000000    0.01007287    0.05413276    0.16677129    0.16677129    0.16659366    0.21988636    0.16959785    0.17760367    0.16940460    0.19831780    0.17246119    0.18624030    0.15446937    0.19533133    0.17910216    0.18349834    0.16756782    0.15380938    0.15637495    0.20389347
T10            0.17986599    0.15725437    0.01823252    0.01007287    0.00000000    0.05632620    0.16940460    0.16940460    0.16659366    0.22276253    0.17225220    0.18030110    0.17205189    0.20109784    0.17513692    0.18899743    0.15706168    0.20364839    0.18177060    0.18899743    0.16492046    0.15637495    0.15895378    0.20670486
T16            0.19831780    0.17246119    0.04977460    0.05413276    0.05632620    0.00000000    0.16659366    0.16695755    0.17661840    0.22775306    0.18235179    0.19051026    0.18214911    0.22593725    0.19350126    0.20781013    0.17492076    0.22042620    0.20341264    0.20555848    0.18624030    0.17946627    0.17946627    0.22885552
T14            0.22750219    0.24273513    0.16154603    0.16677129    0.16940460    0.16659366    0.00000000    0.05190009    0.10123915    0.13933900    0.09910250    0.10624849    0.10372870    0.24482326    0.21963096    0.22276253    0.20877743    0.26144420    0.23813632    0.23506150    0.21495808    0.21914937    0.21677949    0.27409910
T5             0.22176651    0.23679437    0.15929373    0.16677129    0.16940460    0.16695755    0.05190009    0.00000000    0.10360976    0.14185927    0.10385509    0.11107001    0.10851548    0.24482326    0.21677949    0.22331910    0.20597400    0.25841079    0.23233408    0.23209987    0.21210652    0.21349495    0.22775306    0.26480059
T20            0.23890027    0.24605572    0.16138208    0.16659366    0.16659366    0.17661840    0.10123915    0.10360976    0.00000000    0.10814682    0.06735731    0.07413137    0.07403971    0.24696828    0.21892322    0.23946056    0.20810798    0.24870751    0.22924911    0.23709098    0.21702668    0.21328483    0.21892322    0.27065675
T1             0.27065675    0.30020516    0.21418332    0.21988636    0.22276253    0.22775306    0.13933900    0.14185927    0.10814682    0.00000000    0.06504828    0.06728099    0.07169708    0.30069629    0.25625728    0.27376582    0.24967829    0.28328902    0.27254310    0.28394876    0.26236144    0.25512982    0.25214187    0.31975929
T11            0.23650781    0.24070245    0.16433116    0.16959785    0.17225220    0.18235179    0.09910250    0.10385509    0.06735731    0.06504828    0.00000000    0.01007287    0.03077628    0.25353214    0.20020470    0.22828456    0.19745539    0.23746492    0.22112293    0.22303596    0.20341264    0.21654196    0.21371475    0.27131475
T12            0.23946056    0.24977608    0.17225220    0.17760367    0.18030110    0.19051026    0.10624849    0.11107001    0.07413137    0.06728099    0.01007287    0.00000000    0.03289523    0.26268859    0.20854476    0.23709098    0.20574921    0.24621915    0.22967718    0.22885552    0.21184686    0.21938529    0.22224492    0.28076012
T17            0.23623133    0.23739760    0.16415181    0.16940460    0.17205189    0.18214911    0.10372870    0.10851548    0.07403971    0.07169708    0.03077628    0.03289523    0.00000000    0.27166010    0.22538331    0.24273513    0.21112498    0.25787152    0.24106296    0.24942301    0.22885552    0.21631414    0.22486864    0.26544177
T6             0.23209987    0.25112831    0.19280379    0.19831780    0.20109784    0.22593725    0.24482326    0.24482326    0.24696828    0.30069629    0.25353214    0.26268859    0.27166010    0.00000000    0.13683141    0.14967823    0.11984223    0.16381893    0.14344905    0.14170619    0.12718071    0.22071059    0.21782604    0.27314991
T22            0.19932772    0.23804081    0.16715241    0.17246119    0.17513692    0.19350126    0.21963096    0.21677949    0.21892322    0.25625728    0.20020470    0.20854476    0.22538331    0.13683141    0.00000000    0.05646335    0.05654202    0.10103497    0.08266939    0.08551190    0.06753063    0.17760367    0.18030110    0.23474380
T23            0.19960304    0.25051278    0.17583744    0.18624030    0.18899743    0.20781013    0.22276253    0.22331910    0.23946056    0.27376582    0.22828456    0.23709098    0.24273513    0.14967823    0.05646335    0.00000000    0.07216420    0.11066126    0.09429082    0.10218717    0.08368969    0.18598579    0.18375410    0.24405339
T15            0.19150004    0.21523540    0.14932483    0.15446937    0.15706168    0.17492076    0.20877743    0.20597400    0.20810798    0.24967829    0.19745539    0.20574921    0.21112498    0.11984223    0.05654202    0.07216420    0.00000000    0.08053252    0.06926793    0.07651387    0.05875989    0.16735584    0.17001023    0.22071059
T4             0.22828456    0.26612593    0.19533133    0.19533133    0.20364839    0.22042620    0.26144420    0.25841079    0.24870751    0.28328902    0.23746492    0.24621915    0.25787152    0.16381893    0.10103497    0.11066126    0.08053252    0.00000000    0.04982539    0.10587454    0.09674308    0.21418332    0.21702668    0.27592973
T18            0.21210652    0.23709098    0.17910216    0.17910216    0.18177060    0.20341264    0.23813632    0.23233408    0.22924911    0.27254310    0.22112293    0.22967718    0.24106296    0.14344905    0.08266939    0.09429082    0.06926793    0.04982539    0.00000000    0.09195899    0.07841387    0.19511870    0.19511870    0.25721398
T21            0.21676387    0.23837735    0.18077137    0.18349834    0.18899743    0.20555848    0.23506150    0.23209987    0.23709098    0.28394876    0.22303596    0.22885552    0.24942301    0.14170619    0.08551190    0.10218717    0.07651387    0.10587454    0.09195899    0.00000000    0.03716034    0.19428020    0.20555848    0.26885599
T2             0.19988746    0.22391442    0.16228708    0.16756782    0.16492046    0.18624030    0.21495808    0.21210652    0.21702668    0.26236144    0.20341264    0.21184686    0.22885552    0.12718071    0.06753063    0.08368969    0.05875989    0.09674308    0.07841387    0.03716034    0.00000000    0.17805924    0.18349834    0.24745112
T0             0.14932483    0.22684132    0.15380938    0.15380938    0.15637495    0.17946627    0.21914937    0.21349495    0.21328483    0.25512982    0.21654196    0.21938529    0.21631414    0.22071059    0.17760367    0.18598579    0.16735584    0.21418332    0.19511870    0.19428020    0.17805924    0.00000000    0.12253915    0.18755848
T19            0.15706168    0.22684132    0.15125695    0.15637495    0.15895378    0.17946627    0.21677949    0.22775306    0.21892322    0.25214187    0.21371475    0.22224492    0.22486864    0.21782604    0.18030110    0.18375410    0.17001023    0.21702668    0.19511870    0.20555848    0.18349834    0.12253915    0.00000000    0.18214911
T3             0.19555317    0.26174559    0.20670486    0.20389347    0.20670486    0.22885552    0.27409910    0.26480059    0.27065675    0.31975929    0.27131475    0.28076012    0.26544177    0.27314991    0.23474380    0.24405339    0.22071059    0.27592973    0.25721398    0.26885599    0.24745112    0.18755848    0.18214911    0.00000000

