24
T20            0.00000000    0.22132844    0.25131625    0.23345607    0.22980739    0.23276960    0.24877402    0.23681878    0.20498380    0.19990371    0.23009668    0.22229649    0.25092245    0.22335036    0.19513576    0.18528990    0.19052561    0.20366626    0.23094701    0.19304310    0.23773802    0.22044684    0.21114521    0.15948703
T8             0.22132844    0.00000000    0.06735908    0.05195002    0.05632746    0.05853068    0.24176338    0.23276960    0.22075817    0.20976340    0.21379161    0.19264788    0.21645851    0.20653247    0.18428624    0.17187311    0.20111511    0.21161628    0.23625637    0.20087809    0.21633590    0.19201931    0.20239496    0.22132844
T21            0.25131625    0.06735908    0.00000000    0.03919328    0.07404186    0.07631541    0.25712337    0.25401326    0.25343714    0.24187502    0.24728863    0.23353868    0.25568824    0.23312212    0.20903849    0.20188187    0.23276960    0.24373359    0.26651450    0.22655169    0.24245657    0.22278407    0.22540557    0.25053882
T22            0.23345607    0.05195002    0.03919328    0.00000000    0.05846742    0.06067551    0.24823495    0.23910375    0.23838706    0.22708950    0.22012550    0.21011819    0.22856307    0.21854676    0.19810542    0.18551764    0.20982096    0.22044684    0.24245657    0.20955069    0.22514362    0.21161628    0.21656331    0.24176338
T14            0.22980739    0.05632746    0.07404186    0.05846742    0.00000000    0.00401212    0.24747653    0.23840096    0.23455914    0.22335036    0.22831247    0.20303323    0.22132844    0.22075817    0.19220560    0.17699971    0.20928985    0.21990746    0.23892615    0.20903849    0.21894579    0.20320468    0.20812823    0.23212247
T2             0.23276960    0.05853068    0.07631541    0.06067551    0.00401212    0.00000000    0.25053882    0.24140782    0.23758445    0.22632163    0.23134722    0.20303323    0.22132844    0.22372063    0.19493270    0.17699971    0.21212563    0.22278407    0.24187932    0.21186618    0.21894579    0.20555339    0.21051088    0.23508463
T11            0.24877402    0.24176338    0.25712337    0.24823495    0.24747653    0.25053882    0.00000000    0.03489001    0.17269102    0.16209999    0.21488556    0.23381400    0.26297971    0.21873117    0.22683461    0.22226707    0.23653252    0.24814009    0.27659745    0.24216281    0.26759996    0.24429631    0.22662433    0.25418993
T5             0.23681878    0.23276960    0.25401326    0.23910375    0.23840096    0.24140782    0.03489001    0.00000000    0.16472672    0.15172936    0.21197500    0.21904531    0.25672045    0.21010064    0.21273647    0.21092409    0.23067805    0.23920084    0.26423561    0.23041912    0.26147617    0.23840750    0.22378078    0.24216281
T19            0.20498380    0.22075817    0.25343714    0.23838706    0.23455914    0.23758445    0.17269102    0.16472672    0.00000000    0.02871050    0.19676719    0.20214829    0.23838706    0.19264788    0.17646252    0.18236610    0.20136143    0.21239458    0.23653252    0.21239458    0.23742156    0.21730394    0.20812823    0.22164155
T12            0.19990371    0.20976340    0.24187502    0.22708950    0.22335036    0.22632163    0.16209999    0.15172936    0.02871050    0.00000000    0.19176896    0.19359090    0.22931071    0.18765923    0.16889007    0.17472623    0.19628961    0.20725669    0.23122596    0.20161702    0.22917782    0.20928985    0.20022313    0.21068813
T6             0.23009668    0.21379161    0.24728863    0.22012550    0.22831247    0.23134722    0.21488556    0.21197500    0.19676719    0.19176896    0.00000000    0.13297956    0.16271906    0.14125613    0.19654789    0.18678990    0.20049982    0.20527514    0.22686267    0.20019723    0.21554149    0.20215594    0.19580048    0.21163935
T1             0.22229649    0.19264788    0.23353868    0.21011819    0.20303323    0.20303323    0.23381400    0.21904531    0.20214829    0.19359090    0.13297956    0.00000000    0.04765671    0.11536702    0.18216366    0.17784008    0.19457319    0.20498380    0.21497763    0.18599990    0.21186618    0.19580048    0.19240116    0.20725669
T10            0.25092245    0.21645851    0.25568824    0.22856307    0.22132844    0.22132844    0.26297971    0.25672045    0.23838706    0.22931071    0.16271906    0.04765671    0.00000000    0.14678145    0.20834145    0.20672293    0.21784604    0.22858758    0.24485008    0.20903849    0.23041912    0.21680048    0.22178945    0.23742156
T0             0.22335036    0.20653247    0.23312212    0.21854676    0.22075817    0.22372063    0.21873117    0.21010064    0.19264788    0.18765923    0.14125613    0.11536702    0.14678145    0.00000000    0.19833468    0.18849663    0.19934402    0.20982096    0.22567737    0.19351684    0.22017230    0.20391113    0.19810542    0.21614337
T16            0.19513576    0.18428624    0.20903849    0.19810542    0.19220560    0.19493270    0.22683461    0.21273647    0.17646252    0.16889007    0.19654789    0.18216366    0.20834145    0.19833468    0.00000000    0.02859800    0.09627405    0.11013800    0.12168536    0.10776734    0.14118558    0.11944191    0.12161379    0.19747349
T4             0.18528990    0.17187311    0.20188187    0.18551764    0.17699971    0.17699971    0.22226707    0.21092409    0.18236610    0.17472623    0.18678990    0.17784008    0.20672293    0.18849663    0.02859800    0.00000000    0.09206090    0.10113765    0.11731837    0.09878370    0.12693247    0.10794420    0.11243180    0.17948051
T9             0.19052561    0.20111511    0.23276960    0.20982096    0.20928985    0.21212563    0.23653252    0.23067805    0.20136143    0.19628961    0.20049982    0.19457319    0.21784604    0.19934402    0.09627405    0.09206090    0.00000000    0.02442217    0.10135656    0.08784136    0.15967802    0.13714414    0.13669921    0.19882094
T18            0.20366626    0.21161628    0.24373359    0.22044684    0.21990746    0.22278407    0.24814009    0.23920084    0.21239458    0.20725669    0.20527514    0.20498380    0.22858758    0.20982096    0.11013800    0.10113765    0.02442217    0.00000000    0.11295031    0.09686361    0.16696937    0.14424170    0.14409059    0.20982096
T15            0.23094701    0.23625637    0.26651450    0.24245657    0.23892615    0.24187932    0.27659745    0.26423561    0.23653252    0.23122596    0.22686267    0.21497763    0.24485008    0.22567737    0.12168536    0.11731837    0.10135656    0.11295031    0.00000000    0.06728280    0.19008528    0.16434269    0.16873201    0.23151487
T17            0.19304310    0.20087809    0.22655169    0.20955069    0.20903849    0.21186618    0.24216281    0.23041912    0.21239458    0.20161702    0.20019723    0.18599990    0.20903849    0.19351684    0.10776734    0.09878370    0.08784136    0.09686361    0.06728280    0.00000000    0.15913049    0.13950190    0.14381321    0.20698513
T3             0.23773802    0.21633590    0.24245657    0.22514362    0.21894579    0.21894579    0.26759996    0.26147617    0.23742156    0.22917782    0.21554149    0.21186618    0.23041912    0.22017230    0.14118558    0.12693247    0.15967802    0.16696937    0.19008528    0.15913049    0.00000000    0.06282716    0.08751347    0.22887777
T23            0.22044684    0.19201931    0.22278407    0.21161628    0.20320468    0.20555339    0.24429631    0.23840750    0.21730394    0.20928985    0.20215594    0.19580048    0.21680048    0.20391113    0.11944191    0.10794420    0.13714414    0.14424170    0.16434269    0.13950190    0.06282716    0.00000000    0.06282716    0.20022313
T13            0.21114521    0.20239496    0.22540557    0.21656331    0.20812823    0.21051088    0.22662433    0.22378078    0.20812823    0.20022313    0.19580048    0.19240116    0.22178945    0.19810542    0.12161379    0.11243180    0.13669921    0.14409059    0.16873201    0.14381321    0.08751347    0.06282716    0.00000000    0.19965297
T7             0.15948703    0.22132844    0.25053882    0.24176338    0.23212247    0.23508463    0.25418993    0.24216281    0.22164155    0.21068813    0.21163935    0.20725669    0.23742156    0.21614337    0.19747349    0.17948051    0.19882094    0.20982096    0.23151487    0.20698513    0.22887777    0.20022313    0.19965297    0.00000000

