24
T16            0.00000000    0.42352449    0.43827690    0.42911764    0.44431132    0.37722024    0.33036200    0.33428322    0.34334338    0.35205280    0.35251867    0.35251867    0.23802504    0.27291482    0.26696048    0.25049351    0.25748673    0.26062470    0.25294227    0.27116896    0.26800121    0.27522922    0.28450730    0.23043787
T23            0.42352449    0.00000000    0.03077594    0.02862857    0.03701263    0.18649306    0.42283528    0.41552228    0.41766700    0.46844394    0.47352603    0.46488946    0.40559723    0.42011645    0.41552228    0.44249314    0.43837100    0.44249314    0.44431132    0.46717250    0.46285416    0.45582451    0.46363072    0.44196321
T20            0.43827690    0.03077594    0.00000000    0.00602722    0.01414119    0.19012191    0.42478991    0.41742712    0.42749380    0.46639430    0.47152853    0.46285416    0.41145579    0.42617056    0.42547249    0.45310629    0.44886128    0.45310629    0.44252223    0.46961012    0.46523486    0.45819437    0.46606244    0.44431132
T8             0.42911764    0.02862857    0.00602722    0.00000000    0.00804441    0.18704518    0.41614197    0.40889060    0.41886087    0.45710732    0.46209462    0.45360484    0.40293656    0.41742712    0.41677692    0.44391621    0.43975965    0.44391621    0.43327450    0.46010587    0.45582451    0.44886128    0.45659778    0.43512906
T22            0.44431132    0.03701263    0.01414119    0.00804441    0.00000000    0.19483234    0.42684160    0.41948096    0.42959051    0.46416282    0.46918906    0.46488946    0.41742712    0.42412284    0.42347129    0.45506793    0.45084102    0.45506793    0.44857467    0.47592294    0.47152853    0.46442429    0.47234305    0.45041758
T5             0.37722024    0.18649306    0.19012191    0.18704518    0.19483234    0.00000000    0.40356919    0.39642225    0.40621561    0.44391621    0.44886128    0.43098956    0.37059433    0.39059550    0.39381745    0.38996544    0.39381745    0.39769942    0.40840845    0.44272985    0.43853822    0.44008409    0.44351256    0.40624653
T4             0.33036200    0.42283528    0.42478991    0.41614197    0.42684160    0.40356919    0.00000000    0.02665000    0.03710428    0.06721068    0.06952255    0.07403827    0.36800273    0.42090638    0.41757575    0.39381745    0.41095927    0.41499846    0.38483643    0.44272985    0.43853822    0.44008409    0.45203934    0.40487851
T3             0.33428322    0.41552228    0.41742712    0.40889060    0.41948096    0.39642225    0.02665000    0.00000000    0.02238924    0.06952255    0.06960380    0.06960380    0.36122510    0.41353663    0.41023722    0.39059550    0.40368240    0.40767316    0.37406831    0.43512906    0.43098956    0.43249724    0.44857467    0.39769942
T6             0.34334338    0.41766700    0.42749380    0.41886087    0.42959051    0.40621561    0.03710428    0.02238924    0.00000000    0.07606364    0.07613921    0.07613921    0.37059433    0.42761315    0.42425214    0.40030416    0.41757575    0.42164783    0.38356510    0.44963124    0.44540418    0.44695700    0.46337397    0.41145579
T15            0.35205280    0.46844394    0.46639430    0.45710732    0.46416282    0.44391621    0.06721068    0.06952255    0.07606364    0.00000000    0.00401106    0.03697655    0.38934956    0.43293370    0.42688411    0.39905472    0.42018013    0.42425214    0.40161184    0.45659778    0.45233467    0.45819437    0.46606244    0.43025914
T14            0.35251867    0.47352603    0.47152853    0.46209462    0.46918906    0.44886128    0.06952255    0.06960380    0.07613921    0.00401106    0.00000000    0.03701263    0.38234951    0.42547249    0.41946907    0.39196822    0.41282809    0.41685089    0.39446247    0.44886128    0.44465208    0.45041758    0.45819437    0.42281218
T17            0.35251867    0.46488946    0.46285416    0.45360484    0.46488946    0.43098956    0.07403827    0.06960380    0.07613921    0.03697655    0.03701263    0.00000000    0.39905472    0.43778914    0.43173559    0.40749691    0.43327450    0.43746630    0.39835964    0.46606244    0.46170623    0.46776864    0.47577455    0.41213447
T1             0.23802504    0.40559723    0.41145579    0.40293656    0.41742712    0.37059433    0.36800273    0.36122510    0.37059433    0.38934956    0.38234951    0.39905472    0.00000000    0.13713187    0.13010734    0.11753267    0.13729611    0.13982251    0.13512213    0.16208270    0.15947039    0.15724793    0.15966112    0.15206393
T13            0.27291482    0.42011645    0.42617056    0.41742712    0.42412284    0.39059550    0.42090638    0.41353663    0.42761315    0.43293370    0.42547249    0.43778914    0.13713187    0.00000000    0.01619045    0.05395881    0.08299028    0.08529504    0.15525561    0.19175880    0.18898683    0.19232421    0.20047031    0.17313117
T11            0.26696048    0.41552228    0.42547249    0.41677692    0.42347129    0.39381745    0.41757575    0.41023722    0.42425214    0.42688411    0.41946907    0.43173559    0.13010734    0.01619045    0.00000000    0.05189962    0.08099667    0.08330680    0.14809872    0.18428085    0.18153174    0.18208819    0.19292509    0.16581611
T10            0.25049351    0.44249314    0.45310629    0.44391621    0.45506793    0.38996544    0.39381745    0.39059550    0.40030416    0.39905472    0.39196822    0.40749691    0.11753267    0.05395881    0.05189962    0.00000000    0.08061015    0.08289903    0.14510573    0.17829088    0.17558652    0.18153174    0.18676473    0.16006780
T21            0.25748673    0.43837100    0.44886128    0.43975965    0.45084102    0.39381745    0.41095927    0.40368240    0.41757575    0.42018013    0.41282809    0.43327450    0.13729611    0.08299028    0.08099667    0.08061015    0.00000000    0.00200402    0.15547425    0.18100999    0.17829088    0.17337417    0.18126652    0.16006780
T2             0.26062470    0.44249314    0.45310629    0.44391621    0.45506793    0.39769942    0.41499846    0.40767316    0.42164783    0.42425214    0.41685089    0.43746630    0.13982251    0.08529504    0.08330680    0.08289903    0.00200402    0.00000000    0.15810040    0.18374399    0.18100999    0.17607857    0.18400805    0.16270084
T12            0.25294227    0.44431132    0.44252223    0.43327450    0.44857467    0.40840845    0.38483643    0.37406831    0.38356510    0.40161184    0.39446247    0.39835964    0.13512213    0.15525561    0.14809872    0.14510573    0.15547425    0.15810040    0.00000000    0.15005802    0.14747939    0.16098127    0.16874546    0.14788419
T0             0.27116896    0.46717250    0.46961012    0.46010587    0.47592294    0.44272985    0.44272985    0.43512906    0.44963124    0.45659778    0.44886128    0.46606244    0.16208270    0.19175880    0.18428085    0.17829088    0.18100999    0.18374399    0.15005802    0.00000000    0.00200402    0.06944826    0.07613921    0.11260808
T18            0.26800121    0.46285416    0.46523486    0.45582451    0.47152853    0.43853822    0.43853822    0.43098956    0.44540418    0.45233467    0.44465208    0.46170623    0.15947039    0.18898683    0.18153174    0.17558652    0.17829088    0.18100999    0.14747939    0.00200402    0.00000000    0.06721068    0.07387627    0.11022072
T7             0.27522922    0.45582451    0.45819437    0.44886128    0.46442429    0.44008409    0.44008409    0.43249724    0.44695700    0.45819437    0.45041758    0.46776864    0.15724793    0.19232421    0.18208819    0.18153174    0.17337417    0.17607857    0.16098127    0.06944826    0.06721068    0.00000000    0.02238924    0.11765574
T19            0.28450730    0.46363072    0.46606244    0.45659778    0.47234305    0.44351256    0.45203934    0.44857467    0.46337397    0.46606244    0.45819437    0.47577455    0.15966112    0.20047031    0.19292509    0.18676473    0.18126652    0.18400805    0.16874546    0.07613921    0.07387627    0.02238924    0.00000000    0.12240062
T9             0.23043787    0.44196321    0.44431132    0.43512906    0.45041758    0.40624653    0.40487851    0.39769942    0.41145579    0.43025914    0.42281218    0.41213447    0.15206393    0.17313117    0.16581611    0.16006780    0.16006780    0.16270084    0.14788419    0.11260808    0.11022072    0.11765574    0.12240062    0.00000000

