24
T21            0.00000000    0.27027134    0.27621416    0.25853608    0.25853608    0.22064133    0.21489339    0.21636785    0.20490451    0.20490451    0.22775231    0.16752795    0.19118627    0.17018780    0.16711430    0.18320312    0.18370359    0.20042030    0.19369819    0.20690670    0.27704007    0.33263348    0.32568742    0.13510094
T13            0.27027134    0.00000000    0.05185486    0.33950512    0.33950512    0.32939115    0.32586918    0.31126146    0.28114571    0.28440368    0.31415981    0.26053753    0.27513280    0.25200340    0.26917187    0.27558341    0.28535763    0.29532682    0.29003028    0.29286001    0.33422180    0.41073728    0.40931320    0.28180188
T1             0.27621416    0.05185486    0.00000000    0.33534174    0.33534174    0.30812883    0.30141595    0.28721154    0.27746910    0.28069553    0.29665423    0.25388504    0.26516697    0.24238736    0.25311280    0.27192707    0.27513280    0.28487526    0.27982747    0.28262566    0.34323699    0.39559231    0.39426409    0.28140637
T14            0.25853608    0.33950512    0.33534174    0.00000000    0.00000000    0.14453151    0.13695502    0.11305470    0.10585991    0.11090880    0.12296965    0.16289211    0.17825334    0.16025332    0.17041444    0.14946700    0.18122684    0.19227834    0.18843113    0.19093544    0.29435444    0.36216453    0.34065090    0.25203063
T16            0.25853608    0.33950512    0.33534174    0.00000000    0.00000000    0.14453151    0.13695502    0.11305470    0.10585991    0.11090880    0.12296965    0.16289211    0.17825334    0.16025332    0.17041444    0.14946700    0.18122684    0.19227834    0.18843113    0.19093544    0.29435444    0.36216453    0.34065090    0.25203063
T23            0.22064133    0.32939115    0.30812883    0.14453151    0.14453151    0.00000000    0.00603630    0.05852472    0.07630499    0.08782679    0.09238396    0.15044875    0.17629918    0.15137952    0.15522702    0.16578256    0.17384813    0.18480878    0.17875873    0.19450047    0.29239981    0.36391265    0.34930950    0.22676577
T4             0.21489339    0.32586918    0.30141595    0.13695502    0.13695502    0.00603630    0.00000000    0.05194549    0.06951728    0.08088189    0.08539048    0.14528027    0.17089312    0.14615701    0.15003169    0.16047692    0.16845665    0.17929841    0.17604102    0.18894419    0.28912047    0.36022167    0.34572442    0.22093400
T9             0.21636785    0.31126146    0.28721154    0.11305470    0.11305470    0.05852472    0.05194549    0.00000000    0.04776452    0.05449617    0.06762022    0.12848964    0.15089809    0.12387354    0.13566820    0.13821296    0.14852357    0.16439961    0.15023617    0.17384813    0.27192707    0.33776874    0.32372955    0.20745687
T8             0.20490451    0.28114571    0.27746910    0.10585991    0.10585991    0.07630499    0.06951728    0.04776452    0.00000000    0.02653118    0.05645862    0.11889797    0.14312517    0.11642864    0.12313520    0.13061723    0.14077074    0.15113480    0.14765195    0.16047692    0.25619974    0.33069985    0.31685511    0.19344867
T10            0.20490451    0.28440368    0.28069553    0.11090880    0.11090880    0.08782679    0.08088189    0.05449617    0.02653118    0.00000000    0.06312562    0.12387354    0.14829366    0.12137957    0.13313633    0.13313633    0.14592591    0.15639856    0.15283383    0.16578256    0.26243141    0.33776874    0.32372955    0.19344867
T12            0.22775231    0.31415981    0.29665423    0.12296965    0.12296965    0.09238396    0.08539048    0.06762022    0.05645862    0.06312562    0.00000000    0.14356608    0.16654541    0.13886997    0.13587291    0.14570274    0.16145367    0.18047997    0.17114512    0.18451951    0.27558341    0.34797020    0.33368013    0.20717717
T11            0.16752795    0.26053753    0.25388504    0.16289211    0.16289211    0.15044875    0.14528027    0.12848964    0.11889797    0.12387354    0.14356608    0.00000000    0.08318615    0.06081192    0.06959835    0.06959835    0.07868990    0.09264504    0.08519058    0.09908897    0.19647631    0.26712613    0.25780756    0.16467810
T5             0.19118627    0.27513280    0.26516697    0.17825334    0.17825334    0.17629918    0.17089312    0.15089809    0.14312517    0.14829366    0.16654541    0.08318615    0.00000000    0.05194549    0.06951728    0.07840582    0.07840582    0.09226418    0.08723812    0.10585991    0.23233938    0.30050837    0.29067013    0.18818787
T15            0.17018780    0.25200340    0.24238736    0.16025332    0.16025332    0.15137952    0.14615701    0.12387354    0.11642864    0.12137957    0.13886997    0.06081192    0.05194549    0.00000000    0.05407553    0.05626378    0.05846165    0.07185578    0.06708837    0.08510135    0.20717717    0.26950701    0.26018846    0.17263661
T7             0.16711430    0.26917187    0.25311280    0.17041444    0.17041444    0.15522702    0.15003169    0.13566820    0.12313520    0.13313633    0.13587291    0.06959835    0.06951728    0.05407553    0.00000000    0.05835584    0.06276128    0.07621549    0.07144331    0.08494444    0.20383616    0.27505599    0.26878528    0.16692023
T22            0.18320312    0.27558341    0.27192707    0.14946700    0.14946700    0.16578256    0.16047692    0.13821296    0.13061723    0.13313633    0.14570274    0.06959835    0.07840582    0.05626378    0.05835584    0.00000000    0.06288660    0.07640146    0.07155283    0.08510135    0.21231197    0.28783848    0.28140637    0.18296599
T20            0.18370359    0.28535763    0.27513280    0.18122684    0.18122684    0.17384813    0.16845665    0.14852357    0.14077074    0.14592591    0.16145367    0.07868990    0.07840582    0.05846165    0.06276128    0.06288660    0.00000000    0.04128478    0.03690612    0.06492137    0.21804343    0.28868209    0.27900260    0.18344899
T19            0.20042030    0.29532682    0.28487526    0.19227834    0.19227834    0.18480878    0.17929841    0.16439961    0.15113480    0.15639856    0.18047997    0.09264504    0.09226418    0.07185578    0.07621549    0.07640146    0.04128478    0.00000000    0.04972757    0.07387046    0.24165003    0.30095647    0.29435444    0.20011921
T2             0.19369819    0.29003028    0.27982747    0.18843113    0.18843113    0.17875873    0.17604102    0.15023617    0.14765195    0.15283383    0.17114512    0.08519058    0.08723812    0.06708837    0.07144331    0.07155283    0.03690612    0.04972757    0.00000000    0.07139913    0.22908052    0.29764456    0.28703920    0.19621908
T3             0.20690670    0.29286001    0.28262566    0.19093544    0.19093544    0.19450047    0.18894419    0.17384813    0.16047692    0.16578256    0.18451951    0.09908897    0.10585991    0.08510135    0.08494444    0.08510135    0.06492137    0.07387046    0.07139913    0.00000000    0.23998006    0.31883657    0.30210934    0.20664549
T0             0.27704007    0.33422180    0.34323699    0.29435444    0.29435444    0.29239981    0.28912047    0.27192707    0.25619974    0.26243141    0.27558341    0.19647631    0.23233938    0.20717717    0.20383616    0.21231197    0.21804343    0.24165003    0.22908052    0.23998006    0.00000000    0.17675734    0.15876475    0.27581732
T6             0.33263348    0.41073728    0.39559231    0.36216453    0.36216453    0.36391265    0.36022167    0.33776874    0.33069985    0.33776874    0.34797020    0.26712613    0.30050837    0.26950701    0.27505599    0.28783848    0.28868209    0.30095647    0.29764456    0.31883657    0.17675734    0.00000000    0.03277377    0.32178114
T17            0.32568742    0.40931320    0.39426409    0.34065090    0.34065090    0.34930950    0.34572442    0.32372955    0.31685511    0.32372955    0.33368013    0.25780756    0.29067013    0.26018846    0.26878528    0.28140637    0.27900260    0.29435444    0.28703920    0.30210934    0.15876475    0.03277377    0.00000000    0.31837908
T18            0.13510094    0.28180188    0.28140637    0.25203063    0.25203063    0.22676577    0.22093400    0.20745687    0.19344867    0.19344867    0.20717717    0.16467810    0.18818787    0.17263661    0.16692023    0.18296599    0.18344899    0.20011921    0.19621908    0.20664549    0.27581732    0.32178114    0.31837908    0.00000000

