24
T20            0.00000000    0.26332642    0.29341148    0.28032795    0.27114492    0.26797795    0.25514681    0.29958965    0.27843168    0.27073555    0.30582393    0.28919678    0.26968072    0.33978430    0.33823001    0.33273515    0.27073555    0.30821651    0.28593679    0.28032795    0.28356682    0.29341148    0.14217887    0.14472430
T3             0.26332642    0.00000000    0.14747276    0.24628921    0.23752141    0.23449814    0.22518729    0.25434620    0.27306376    0.21999200    0.24321949    0.24016852    0.23695775    0.32358955    0.31502553    0.29958965    0.23791646    0.27288847    0.25788583    0.24937794    0.23713609    0.25705199    0.22518729    0.23339872
T14            0.29341148    0.14747276    0.00000000    0.26060100    0.25165052    0.24856183    0.25124794    0.27520323    0.28034401    0.23008243    0.24066911    0.26606216    0.25561332    0.33844378    0.33325326    0.32088094    0.25124794    0.29773677    0.28543535    0.27658976    0.27565477    0.29341148    0.24437125    0.25279894
T12            0.28032795    0.24628921    0.26060100    0.00000000    0.01417425    0.01212499    0.10398238    0.12298258    0.14666413    0.17223683    0.20132270    0.21034509    0.19763031    0.28593679    0.26024790    0.25208664    0.19733667    0.27628266    0.25208664    0.24669718    0.23471297    0.24904512    0.23535613    0.23176134
T22            0.27114492    0.23752141    0.25165052    0.01417425    0.00000000    0.00200402    0.09697838    0.11577496    0.13912370    0.16978444    0.19878289    0.20778385    0.20076740    0.28637632    0.25751709    0.24938683    0.19481978    0.27033682    0.24635453    0.24100360    0.22912626    0.24334053    0.22681100    0.22329192
T5             0.26797795    0.23449814    0.24856183    0.01212499    0.00200402    0.00000000    0.09461931    0.11334116    0.13655192    0.16713785    0.19600374    0.21064261    0.19793292    0.28312693    0.25445696    0.24635453    0.19202498    0.26718985    0.24334053    0.23800767    0.22620057    0.24034463    0.22388527    0.22040012
T15            0.25514681    0.22518729    0.25124794    0.10398238    0.09697838    0.09461931    0.00000000    0.10123410    0.13123235    0.16207530    0.20412525    0.20466010    0.18924574    0.27391258    0.24508560    0.23410943    0.18572072    0.23647994    0.22247452    0.20875631    0.20362747    0.22772852    0.21208267    0.20875631
T21            0.29958965    0.25434620    0.27520323    0.12298258    0.11577496    0.11334116    0.10123410    0.00000000    0.12350299    0.18548468    0.22975398    0.23868846    0.21383297    0.31111507    0.26540560    0.25717837    0.21291560    0.25412760    0.24569967    0.23736660    0.23146332    0.25109537    0.24401763    0.24334053
T10            0.27843168    0.27306376    0.28034401    0.14666413    0.13912370    0.13655192    0.13123235    0.12350299    0.00000000    0.21706618    0.24856183    0.25876046    0.23915981    0.32008953    0.27948000    0.28728836    0.23488399    0.28312693    0.26797795    0.25936693    0.26249425    0.27989854    0.24549214    0.23868846
T19            0.27073555    0.21999200    0.23008243    0.17223683    0.16978444    0.16713785    0.16207530    0.18548468    0.21706618    0.00000000    0.15170840    0.14948573    0.13010230    0.22068356    0.19198669    0.18175636    0.12964284    0.22300974    0.19257214    0.18483003    0.17945139    0.21157462    0.21493320    0.21208267
T7             0.30582393    0.24321949    0.24066911    0.20132270    0.19878289    0.19600374    0.20412525    0.22975398    0.24856183    0.15170840    0.00000000    0.20523182    0.18484048    0.26757861    0.25479670    0.24367405    0.18897555    0.28187289    0.26369423    0.26132401    0.24003019    0.26920473    0.25587802    0.24367405
T9             0.28919678    0.24016852    0.26606216    0.21034509    0.20778385    0.21064261    0.20466010    0.23868846    0.25876046    0.14948573    0.20523182    0.00000000    0.07841081    0.17223683    0.15352100    0.13879374    0.09898240    0.28593679    0.25822585    0.24973874    0.24066911    0.27310566    0.25587802    0.24066911
T13            0.26968072    0.23695775    0.25561332    0.19763031    0.20076740    0.19793292    0.18924574    0.21383297    0.23915981    0.13010230    0.18484048    0.07841081    0.00000000    0.13948397    0.12669567    0.11490212    0.07177384    0.27199552    0.24473489    0.23639472    0.22451713    0.25936693    0.23940880    0.22746013
T23            0.33978430    0.32358955    0.33844378    0.28593679    0.28637632    0.28312693    0.27391258    0.31111507    0.32008953    0.22068356    0.26757861    0.17223683    0.13948397    0.00000000    0.18627855    0.17088478    0.12471527    0.35667653    0.32578415    0.31988086    0.29318557    0.34227255    0.32088094    0.30726243
T6             0.33823001    0.31502553    0.33325326    0.26024790    0.25751709    0.25445696    0.24508560    0.26540560    0.27948000    0.19198669    0.25479670    0.15352100    0.12669567    0.18627855    0.00000000    0.01210028    0.09376813    0.33473026    0.30758195    0.29851816    0.28635685    0.32011690    0.28791270    0.28071780
T8             0.33273515    0.29958965    0.32088094    0.25208664    0.24938683    0.24635453    0.23410943    0.25717837    0.28728836    0.18175636    0.24367405    0.13879374    0.11490212    0.17088478    0.01210028    0.00000000    0.08024403    0.32578415    0.29890948    0.28994685    0.27475804    0.30798239    0.28187289    0.27549862
T0             0.27073555    0.23791646    0.25124794    0.19733667    0.19481978    0.19202498    0.18572072    0.21291560    0.23488399    0.12964284    0.18897555    0.09898240    0.07177384    0.12471527    0.09376813    0.08024403    0.00000000    0.25514681    0.22882706    0.22358377    0.21208267    0.24602201    0.23238691    0.22358377
T18            0.30821651    0.27288847    0.29773677    0.27628266    0.27033682    0.26718985    0.23647994    0.25412760    0.28312693    0.22300974    0.28187289    0.28593679    0.27199552    0.35667653    0.33473026    0.32578415    0.25514681    0.00000000    0.04343694    0.03710381    0.07833015    0.10825631    0.27073555    0.26757861
T16            0.28593679    0.25788583    0.28543535    0.25208664    0.24635453    0.24334053    0.22247452    0.24569967    0.26797795    0.19257214    0.26369423    0.25822585    0.24473489    0.32578415    0.30758195    0.29890948    0.22882706    0.04343694    0.00000000    0.01007283    0.06720953    0.09195500    0.26209375    0.25279894
T1             0.28032795    0.24937794    0.27658976    0.24669718    0.24100360    0.23800767    0.20875631    0.23736660    0.25936693    0.18483003    0.26132401    0.24973874    0.23639472    0.31988086    0.29851816    0.28994685    0.22358377    0.03710381    0.01007283    0.00000000    0.06067220    0.08289721    0.25047307    0.24741284
T17            0.28356682    0.23713609    0.27565477    0.23471297    0.22912626    0.22620057    0.20362747    0.23146332    0.26249425    0.17945139    0.24003019    0.24066911    0.22451713    0.29318557    0.28635685    0.27475804    0.21208267    0.07833015    0.06720953    0.06067220    0.00000000    0.07606220    0.24437125    0.23834311
T2             0.29341148    0.25705199    0.29341148    0.24904512    0.24334053    0.24034463    0.22772852    0.25109537    0.27989854    0.21157462    0.26920473    0.27310566    0.25936693    0.34227255    0.32011690    0.30798239    0.24602201    0.10825631    0.09195500    0.08289721    0.07606220    0.00000000    0.25518082    0.25434620
T11            0.14217887    0.22518729    0.24437125    0.23535613    0.22681100    0.22388527    0.21208267    0.24401763    0.24549214    0.21493320    0.25587802    0.25587802    0.23940880    0.32088094    0.28791270    0.28187289    0.23238691    0.27073555    0.26209375    0.25047307    0.24437125    0.25518082    0.00000000    0.05182189
T4             0.14472430    0.23339872    0.25279894    0.23176134    0.22329192    0.22040012    0.20875631    0.24334053    0.23868846    0.21208267    0.24367405    0.24066911    0.22746013    0.30726243    0.28071780    0.27549862    0.22358377    0.26757861    0.25279894    0.24741284    0.23834311    0.25434620    0.05182189    0.00000000

