24
T19            0.00000000    0.33011500    0.34754791    0.30107472    0.30684066    0.38231944    0.32101548    0.27614510    0.27661785    0.28037275    0.28316090    0.23870996    0.23307206    0.20396057    0.20396057    0.19606516    0.19857879    0.19857879    0.19262057    0.22816680    0.15225295    0.15484486    0.15026391    0.15547493
T8             0.33011500    0.00000000    0.04338781    0.22683071    0.26252023    0.28231139    0.26027554    0.19890816    0.19574389    0.19262057    0.20363280    0.39845997    0.38579812    0.28640787    0.28640787    0.29061251    0.30011821    0.29677003    0.27672063    0.32251031    0.30977080    0.31319948    0.30453454    0.31139214
T21            0.34754791    0.04338781    0.00000000    0.23473476    0.26760636    0.28754063    0.27165195    0.21450766    0.20904901    0.21160691    0.21708321    0.42477707    0.41149890    0.31506400    0.31506400    0.31267037    0.31903390    0.31903390    0.29820893    0.33492514    0.32196874    0.32545727    0.32362920    0.33070545
T10            0.30107472    0.22683071    0.23473476    0.00000000    0.16171671    0.19532916    0.16108185    0.12964950    0.12485444    0.12746522    0.12979458    0.35544160    0.35483355    0.27951057    0.27951057    0.28035804    0.30298332    0.29962389    0.28685820    0.32438566    0.29077999    0.29404052    0.27591551    0.28231139
T20            0.30684066    0.26252023    0.26760636    0.16171671    0.00000000    0.15026391    0.12009141    0.16512821    0.16006943    0.16557882    0.15745031    0.41891718    0.40188296    0.30488279    0.30488279    0.30825350    0.32491545    0.32143909    0.30825350    0.34698258    0.31406421    0.32092140    0.30777092    0.31455821
T17            0.38231944    0.28231139    0.28754063    0.19532916    0.15026391    0.00000000    0.10587346    0.19073884    0.18549806    0.19123172    0.17204917    0.46974698    0.46878801    0.32682645    0.32682645    0.33629290    0.35365622    0.35002837    0.34698258    0.38039787    0.33878275    0.34232054    0.33577514    0.34285087
T9             0.32101548    0.26027554    0.27165195    0.16108185    0.12009141    0.10587346    0.00000000    0.15622519    0.15125760    0.15911812    0.15380966    0.42241478    0.42165960    0.29244761    0.29244761    0.30222920    0.31177159    0.30843487    0.30222920    0.34839868    0.30471955    0.30802312    0.28886993    0.29530671
T11            0.27614510    0.19890816    0.21450766    0.12964950    0.16512821    0.19073884    0.15622519    0.00000000    0.00401107    0.06098621    0.06537311    0.32069329    0.30977080    0.25437008    0.25437008    0.25520453    0.27062186    0.26741345    0.25748824    0.29544373    0.25667512    0.25979324    0.24858453    0.25478222
T1             0.27661785    0.19574389    0.20904901    0.12485444    0.16006943    0.18549806    0.15125760    0.00401107    0.00000000    0.05662601    0.06547153    0.31429261    0.30348901    0.25167375    0.25167375    0.25250899    0.26787595    0.26467780    0.25478222    0.29159009    0.25087893    0.25396812    0.24284695    0.24898749
T4             0.28037275    0.19262057    0.21160691    0.12746522    0.16557882    0.19123172    0.15911812    0.06098621    0.05662601    0.00000000    0.06783975    0.31253066    0.30850314    0.25520453    0.25520453    0.25607958    0.26514039    0.26195244    0.24982348    0.29209545    0.25437008    0.25748824    0.25250899    0.25250899
T23            0.28316090    0.20363280    0.21708321    0.12979458    0.15745031    0.17204917    0.15380966    0.06537311    0.06547153    0.06783975    0.00000000    0.33318791    0.33254921    0.26105787    0.26105787    0.26195244    0.28418158    0.28087754    0.27062186    0.30507436    0.26970761    0.27291597    0.26150002    0.26787595
T12            0.23870996    0.39845997    0.42477707    0.35544160    0.41891718    0.46974698    0.42241478    0.32069329    0.31429261    0.31253066    0.33318791    0.00000000    0.02447274    0.26062601    0.26062601    0.26787595    0.27062186    0.26741345    0.24284695    0.28124901    0.22945562    0.23240772    0.23044035    0.23641540
T13            0.23307206    0.38579812    0.41149890    0.35483355    0.40188296    0.46878801    0.42165960    0.30977080    0.30348901    0.30850314    0.33254921    0.02447274    0.00000000    0.26970761    0.26970761    0.27710124    0.27987865    0.27661785    0.25167375    0.29061251    0.23209028    0.23505111    0.23307206    0.23906502
T5             0.20396057    0.28640787    0.31506400    0.27951057    0.30488279    0.32682645    0.29244761    0.25437008    0.25167375    0.25520453    0.26105787    0.26062601    0.26970761    0.00000000    0.00000000    0.01620815    0.06061246    0.05840948    0.04966317    0.12227577    0.18076433    0.18349074    0.18153256    0.18704577
T22            0.20396057    0.28640787    0.31506400    0.27951057    0.30488279    0.32682645    0.29244761    0.25437008    0.25167375    0.25520453    0.26105787    0.26062601    0.26970761    0.00000000    0.00000000    0.01620815    0.06061246    0.05840948    0.04966317    0.12227577    0.18076433    0.18349074    0.18153256    0.18704577
T16            0.19606516    0.29061251    0.31267037    0.28035804    0.30825350    0.33629290    0.30222920    0.25520453    0.25250899    0.25607958    0.26195244    0.26787595    0.27710124    0.01620815    0.01620815    0.00000000    0.05852874    0.05632573    0.04757054    0.12009141    0.17582971    0.17854133    0.18485244    0.19042731
T18            0.19857879    0.30011821    0.31903390    0.30298332    0.32491545    0.35365622    0.31177159    0.27062186    0.26787595    0.26514039    0.28418158    0.27062186    0.27987865    0.06061246    0.06061246    0.05852874    0.00000000    0.00200402    0.03910465    0.12731840    0.18925871    0.19203829    0.19574389    0.20142989
T14            0.19857879    0.29677003    0.31903390    0.29962389    0.32143909    0.35002837    0.30843487    0.26741345    0.26467780    0.26195244    0.28087754    0.26741345    0.27661785    0.05840948    0.05840948    0.05632573    0.00200402    0.00000000    0.03697677    0.12485444    0.18649453    0.18925871    0.19292500    0.19857879
T15            0.19262057    0.27672063    0.29820893    0.28685820    0.30825350    0.34698258    0.30222920    0.25748824    0.25478222    0.24982348    0.27062186    0.24284695    0.25167375    0.04966317    0.04966317    0.04757054    0.03910465    0.03697677    0.00000000    0.11741979    0.17267336    0.17535580    0.17388616    0.17933917
T7             0.22816680    0.32251031    0.33492514    0.32438566    0.34698258    0.38039787    0.34839868    0.29544373    0.29159009    0.29209545    0.30507436    0.28124901    0.29061251    0.12227577    0.12227577    0.12009141    0.12731840    0.12485444    0.11741979    0.00000000    0.20751078    0.21611300    0.21128169    0.21708321
T0             0.15225295    0.30977080    0.32196874    0.29077999    0.31406421    0.33878275    0.30471955    0.25667512    0.25087893    0.25437008    0.26970761    0.22945562    0.23209028    0.18076433    0.18076433    0.17582971    0.18925871    0.18649453    0.17267336    0.20751078    0.00000000    0.01210960    0.04338781    0.04770806
T3             0.15484486    0.31319948    0.32545727    0.29404052    0.32092140    0.34232054    0.30802312    0.25979324    0.25396812    0.25748824    0.27291597    0.23240772    0.23505111    0.18349074    0.18349074    0.17854133    0.19203829    0.18925871    0.17535580    0.21611300    0.01210960    0.00000000    0.05206604    0.05646241
T6             0.15026391    0.30453454    0.32362920    0.27591551    0.30777092    0.33577514    0.28886993    0.24858453    0.24284695    0.25250899    0.26150002    0.23044035    0.23307206    0.18153256    0.18153256    0.18485244    0.19574389    0.19292500    0.17388616    0.21128169    0.04338781    0.05206604    0.00000000    0.00401612
T2             0.15547493    0.31139214    0.33070545    0.28231139    0.31455821    0.34285087    0.29530671    0.25478222    0.24898749    0.25250899    0.26787595    0.23641540    0.23906502    0.18704577    0.18704577    0.19042731    0.20142989    0.19857879    0.17933917    0.21708321    0.04770806    0.05646241    0.00401612    0.00000000

