24
T21            0.00000000    0.34379702    0.36232959    0.36031392    0.36542090    0.40501060    0.35780750    0.28118838    0.31399096    0.30578813    0.38673544    0.39677358    0.37654820    0.34506673    0.32833293    0.34078704    0.30578813    0.33518831    0.33921549    0.33974454    0.20411337    0.22589583    0.22881224    0.23469662
T9             0.34379702    0.00000000    0.07661801    0.07403500    0.08281176    0.12659447    0.10102865    0.14454321    0.15410599    0.15704181    0.23205275    0.24365524    0.22679433    0.17489624    0.18797384    0.19371899    0.16977644    0.21985028    0.22881224    0.20898672    0.18820779    0.20106649    0.21807032    0.21807032
T3             0.36232959    0.07661801    0.00000000    0.08808375    0.11105823    0.15668383    0.13259739    0.17877515    0.19649756    0.19201121    0.28491859    0.28772752    0.27285750    0.21671545    0.22482894    0.23711326    0.21124837    0.25857352    0.26836142    0.25934249    0.22222570    0.22973652    0.25391955    0.25702643
T23            0.36031392    0.07403500    0.08808375    0.00000000    0.10112635    0.14605565    0.12745448    0.18620750    0.20131144    0.19676346    0.27388628    0.28961624    0.27473373    0.22157452    0.22973652    0.23601869    0.20748045    0.25139799    0.26093364    0.23469662    0.22417964    0.24065115    0.25277747    0.25585561
T4             0.36542090    0.08281176    0.11105823    0.10112635    0.00000000    0.04966175    0.11764866    0.15764143    0.18027396    0.17042983    0.24132822    0.25007927    0.24508583    0.19424425    0.20210150    0.20806683    0.19173399    0.23469662    0.24399786    0.21207039    0.21897891    0.23236955    0.25045050    0.25045050
T16            0.40501060    0.12659447    0.15668383    0.14605565    0.04966175    0.00000000    0.15849470    0.20641897    0.22771712    0.21724742    0.29641996    0.29928700    0.28748231    0.23971062    0.24869602    0.25206718    0.23704571    0.27650839    0.28633579    0.25262523    0.26755440    0.28426550    0.30388466    0.30388466
T11            0.35780750    0.10102865    0.13259739    0.12745448    0.11764866    0.15849470    0.00000000    0.16469339    0.17944446    0.17489624    0.27625758    0.28225389    0.27071031    0.20156561    0.20949606    0.21836370    0.19071429    0.25139799    0.26093364    0.22534552    0.23469662    0.24837576    0.26367316    0.26678967
T14            0.28118838    0.14454321    0.17877515    0.18620750    0.15764143    0.20641897    0.16469339    0.00000000    0.08963257    0.08078532    0.19902703    0.23040136    0.19956541    0.16313628    0.16005164    0.16822641    0.14509194    0.17183952    0.18005335    0.17222893    0.15723336    0.16957580    0.18845067    0.18571020
T2             0.31399096    0.15410599    0.19649756    0.20131144    0.18027396    0.22771712    0.17944446    0.08963257    0.00000000    0.04549416    0.21778647    0.24702931    0.20976481    0.17511110    0.17202988    0.18845067    0.16469339    0.19489129    0.20338288    0.18983852    0.19299875    0.19805996    0.21778647    0.21492025
T1             0.30578813    0.15704181    0.19201121    0.19676346    0.17042983    0.21724742    0.17489624    0.08078532    0.04549416    0.00000000    0.22482894    0.25162489    0.21381591    0.17335358    0.17020348    0.18398441    0.16026672    0.18753282    0.19599296    0.18253763    0.18571020    0.19624072    0.21836370    0.21548092
T22            0.38673544    0.23205275    0.28491859    0.27388628    0.24132822    0.29641996    0.27625758    0.19902703    0.21778647    0.22482894    0.00000000    0.07215803    0.04790350    0.24168171    0.23501235    0.23832411    0.21836370    0.25443862    0.25477736    0.24837576    0.27071031    0.27071031    0.27945386    0.26992574
T19            0.39677358    0.24365524    0.28772752    0.28961624    0.25007927    0.29928700    0.28225389    0.23040136    0.24702931    0.25162489    0.07215803    0.00000000    0.03919119    0.25662591    0.25895283    0.26246880    0.23866853    0.27904736    0.27945386    0.27586129    0.29386026    0.29386026    0.30291255    0.28961624
T0             0.37654820    0.22679433    0.27285750    0.27473373    0.24508583    0.28748231    0.27071031    0.19956541    0.20976481    0.21381591    0.04790350    0.03919119    0.00000000    0.23337864    0.23269615    0.23601869    0.20806683    0.24600428    0.24633583    0.24001408    0.26836142    0.26836142    0.27708257    0.26755440
T8             0.34506673    0.17489624    0.21671545    0.22157452    0.19424425    0.23971062    0.20156561    0.16313628    0.17511110    0.17335358    0.24168171    0.25662591    0.23337864    0.00000000    0.03694654    0.04124057    0.04554191    0.14200465    0.14984733    0.13728507    0.22157452    0.22911057    0.24399786    0.24399786
T6             0.32833293    0.18797384    0.22482894    0.22973652    0.20210150    0.24869602    0.20949606    0.16005164    0.17202988    0.17020348    0.23501235    0.25895283    0.23269615    0.03694654    0.00000000    0.03692368    0.04330701    0.13667888    0.14437654    0.13197746    0.21519585    0.22272472    0.24032760    0.24032760
T12            0.34078704    0.19371899    0.23711326    0.23601869    0.20806683    0.25206718    0.21836370    0.16822641    0.18845067    0.18398441    0.23832411    0.26246880    0.23601869    0.04124057    0.03692368    0.00000000    0.04765412    0.14437654    0.15223725    0.13964084    0.21897891    0.22589583    0.24971818    0.24971818
T7             0.30578813    0.16977644    0.21124837    0.20748045    0.19173399    0.23704571    0.19071429    0.14509194    0.16469339    0.16026672    0.21836370    0.23866853    0.20806683    0.04554191    0.04330701    0.04765412    0.00000000    0.11983295    0.12730790    0.10825331    0.20182897    0.20923669    0.22648513    0.22648513
T10            0.33518831    0.21985028    0.25857352    0.25139799    0.23469662    0.27650839    0.25139799    0.17183952    0.19489129    0.18753282    0.25443862    0.27904736    0.24600428    0.14200465    0.13667888    0.14437654    0.11983295    0.00000000    0.01008406    0.09662651    0.23061656    0.23542880    0.25925057    0.25620998
T13            0.33921549    0.22881224    0.26836142    0.26093364    0.24399786    0.28633579    0.26093364    0.18005335    0.20338288    0.19599296    0.25477736    0.27945386    0.24633583    0.14984733    0.14437654    0.15223725    0.12730790    0.01008406    0.00000000    0.09909417    0.23971062    0.24449953    0.26882908    0.26572229
T5             0.33974454    0.20898672    0.25934249    0.23469662    0.21207039    0.25262523    0.22534552    0.17222893    0.18983852    0.18253763    0.24837576    0.27586129    0.24001408    0.13728507    0.13197746    0.13964084    0.10825331    0.09662651    0.09909417    0.00000000    0.23409487    0.24477999    0.25989217    0.25379233
T20            0.20411337    0.18820779    0.22222570    0.22417964    0.21897891    0.26755440    0.23469662    0.15723336    0.19299875    0.18571020    0.27071031    0.29386026    0.26836142    0.22157452    0.21519585    0.21897891    0.20182897    0.23061656    0.23971062    0.23409487    0.00000000    0.06055605    0.05846356    0.06055605
T17            0.22589583    0.20106649    0.22973652    0.24065115    0.23236955    0.28426550    0.24837576    0.16957580    0.19805996    0.19624072    0.27071031    0.29386026    0.26836142    0.22911057    0.22272472    0.22589583    0.20923669    0.23542880    0.24449953    0.24477999    0.06055605    0.00000000    0.04972916    0.04972916
T18            0.22881224    0.21807032    0.25391955    0.25277747    0.25045050    0.30388466    0.26367316    0.18845067    0.21778647    0.21836370    0.27945386    0.30291255    0.27708257    0.24399786    0.24032760    0.24971818    0.22648513    0.25925057    0.26882908    0.25989217    0.05846356    0.04972916    0.00000000    0.02444378
T15            0.23469662    0.21807032    0.25702643    0.25585561    0.25045050    0.30388466    0.26678967    0.18571020    0.21492025    0.21548092    0.26992574    0.28961624    0.26755440    0.24399786    0.24032760    0.24971818    0.22648513    0.25620998    0.26572229    0.25379233    0.06055605    0.04972916    0.02444378    0.00000000

