24
T23            0.00000000    0.34237959    0.33532510    0.32836904    0.34237959    0.26546561    0.24675089    0.22858186    0.21729897    0.20698011    0.22298184    0.22263084    0.20049379    0.21196787    0.23773119    0.24372616    0.24675089    0.23046864    0.24071966    0.21325221    0.21583167    0.20619782    0.21969495    0.22540038
T21            0.34237959    0.00000000    0.08520231    0.08520231    0.08520231    0.38047376    0.37184320    0.33583194    0.34594463    0.31753448    0.33199363    0.30591210    0.29066067    0.30406112    0.33635130    0.34458354    0.36293651    0.34273907    0.34704703    0.31411589    0.31703910    0.31325695    0.31170001    0.35307517
T13            0.33532510    0.08520231    0.00000000    0.00401613    0.00806489    0.37793483    0.38103856    0.32637517    0.34237959    0.30734825    0.31201761    0.29586235    0.28084156    0.29397717    0.33283645    0.33742745    0.36915258    0.34636931    0.36046536    0.31072059    0.31363223    0.30982642    0.30591210    0.34458354
T19            0.32836904    0.08520231    0.00401613    0.00000000    0.00806489    0.37040072    0.37326865    0.31949093    0.33532510    0.30067127    0.30513247    0.28927334    0.27440131    0.28736610    0.32588024    0.33037264    0.36167461    0.33913509    0.35315213    0.30399858    0.30688756    0.30303537    0.29918981    0.34458354
T17            0.34237959    0.08520231    0.00806489    0.00806489    0.00000000    0.38558456    0.38893149    0.33335582    0.34953536    0.31411589    0.31201761    0.30253962    0.28736610    0.30067709    0.33989110    0.34458354    0.37674442    0.35371006    0.36046536    0.31753448    0.32046941    0.31671126    0.31272628    0.35184385
T0             0.26546561    0.38047376    0.37793483    0.37040072    0.38558456    0.00000000    0.07380871    0.19239786    0.20002037    0.18257393    0.20333764    0.20812128    0.17830876    0.17830876    0.19767133    0.20087398    0.24071966    0.23046864    0.23476052    0.19075525    0.19881638    0.18599551    0.19961402    0.30643855
T10            0.24675089    0.37184320    0.38103856    0.37326865    0.38893149    0.07380871    0.00000000    0.17783629    0.19075525    0.16029810    0.18893395    0.19076449    0.15356022    0.15884162    0.17493012    0.17268741    0.22195740    0.21196787    0.21613708    0.17094534    0.17881606    0.17172988    0.17635547    0.29018711
T5             0.22858186    0.33583194    0.32637517    0.31949093    0.33335582    0.19239786    0.17783629    0.00000000    0.08281858    0.05646413    0.15287507    0.15266307    0.13028580    0.13028580    0.15638381    0.15638381    0.19052168    0.16514149    0.17472303    0.13919893    0.13906071    0.12995529    0.14202662    0.23386856
T14            0.21729897    0.34594463    0.34237959    0.33532510    0.34953536    0.20002037    0.19075525    0.08281858    0.00000000    0.06289298    0.15226379    0.15726152    0.14492560    0.14749143    0.16139158    0.16399067    0.19534440    0.18008915    0.18716336    0.14886497    0.15126560    0.13698580    0.15172706    0.24007950
T3             0.20698011    0.31753448    0.30734825    0.30067127    0.31411589    0.18257393    0.16029810    0.05646413    0.06289298    0.00000000    0.13590719    0.13570162    0.11382350    0.11874042    0.13934531    0.14950417    0.16736412    0.14749143    0.15688510    0.11766316    0.11996843    0.10865651    0.12037884    0.21212063
T12            0.22298184    0.33199363    0.31201761    0.30513247    0.31201761    0.20333764    0.18893395    0.15287507    0.15226379    0.13590719    0.00000000    0.07216540    0.12224583    0.12730002    0.15048916    0.15309528    0.16583187    0.14856512    0.15309528    0.13846001    0.14080725    0.13192020    0.13634187    0.21936211
T6             0.22263084    0.30591210    0.29586235    0.28927334    0.30253962    0.20812128    0.19076449    0.15266307    0.15726152    0.13570162    0.07216540    0.00000000    0.12202500    0.12706638    0.15027577    0.15287507    0.17417234    0.15670546    0.15595041    0.13316828    0.13550392    0.12662189    0.13104091    0.23154372
T15            0.20049379    0.29066067    0.28084156    0.27440131    0.28736610    0.17830876    0.15356022    0.13028580    0.14492560    0.11382350    0.12224583    0.12202500    0.00000000    0.00806489    0.08039871    0.08725020    0.12268655    0.10160393    0.11536561    0.08069958    0.08290267    0.07662607    0.08089298    0.22298184
T8             0.21196787    0.30406112    0.29397717    0.28736610    0.30067709    0.17830876    0.15884162    0.13028580    0.14749143    0.11874042    0.12730002    0.12706638    0.00806489    0.00000000    0.08495589    0.08955511    0.12762759    0.10639096    0.12023427    0.08529893    0.08751262    0.07662607    0.08551372    0.23493729
T1             0.23773119    0.33635130    0.33283645    0.32588024    0.33989110    0.19767133    0.17493012    0.15638381    0.16139158    0.13934531    0.15048916    0.15027577    0.08039871    0.08495589    0.00000000    0.11005478    0.15880597    0.13669754    0.14607534    0.11005478    0.11235072    0.10103858    0.11022733    0.25214218
T9             0.24372616    0.34458354    0.33742745    0.33037264    0.34458354    0.20087398    0.17268741    0.15638381    0.16399067    0.14950417    0.15309528    0.15287507    0.08725020    0.08955511    0.11005478    0.00000000    0.16399067    0.14423966    0.14859559    0.11721766    0.11953073    0.11054403    0.11984721    0.26215616
T4             0.24675089    0.36293651    0.36915258    0.36167461    0.37674442    0.24071966    0.22195740    0.19052168    0.19534440    0.16736412    0.16583187    0.17417234    0.12268655    0.12762759    0.15880597    0.16399067    0.00000000    0.03485834    0.11793256    0.12965640    0.13199545    0.11807882    0.12995529    0.25828477
T11            0.23046864    0.34273907    0.34636931    0.33913509    0.35371006    0.23046864    0.21196787    0.16514149    0.18008915    0.14749143    0.14856512    0.15670546    0.10160393    0.10639096    0.13669754    0.14423966    0.03485834    0.00000000    0.09698647    0.10838844    0.11066493    0.09949426    0.10865651    0.24478934
T7             0.24071966    0.34704703    0.36046536    0.35315213    0.36046536    0.23476052    0.21613708    0.17472303    0.18716336    0.15688510    0.15309528    0.15595041    0.11536561    0.12023427    0.14607534    0.14859559    0.11793256    0.09698647    0.00000000    0.11261495    0.11491242    0.09888284    0.11282994    0.26450400
T18            0.21325221    0.31411589    0.31072059    0.30399858    0.31753448    0.19075525    0.17094534    0.13919893    0.14886497    0.11766316    0.13846001    0.13316828    0.08069958    0.08529893    0.11005478    0.11721766    0.12965640    0.10838844    0.11261495    0.00000000    0.01417445    0.02442212    0.03483332    0.22654542
T16            0.21583167    0.31703910    0.31363223    0.30688756    0.32046941    0.19881638    0.17881606    0.13906071    0.15126560    0.11996843    0.14080725    0.13550392    0.08290267    0.08751262    0.11235072    0.11953073    0.13199545    0.11066493    0.11491242    0.01417445    0.00000000    0.02648540    0.03692480    0.22333447
T22            0.20619782    0.31325695    0.30982642    0.30303537    0.31671126    0.18599551    0.17172988    0.12995529    0.13698580    0.10865651    0.13192020    0.12662189    0.07662607    0.07662607    0.10103858    0.11054403    0.11807882    0.09949426    0.09888284    0.02442212    0.02648540    0.00000000    0.02866648    0.21355868
T20            0.21969495    0.31170001    0.30591210    0.29918981    0.31272628    0.19961402    0.17635547    0.14202662    0.15172706    0.12037884    0.13634187    0.13104091    0.08089298    0.08551372    0.11022733    0.11984721    0.12995529    0.10865651    0.11282994    0.03483332    0.03692480    0.02866648    0.00000000    0.21842055
T2             0.22540038    0.35307517    0.34458354    0.34458354    0.35184385    0.30643855    0.29018711    0.23386856    0.24007950    0.21212063    0.21936211    0.23154372    0.22298184    0.23493729    0.25214218    0.26215616    0.25828477    0.24478934    0.26450400    0.22654542    0.22333447    0.21355868    0.21842055    0.00000000

