24
T5             0.00000000    0.28983259    0.31433976    0.31143905    0.28931527    0.28650523    0.29348175    0.31070937    0.29680891    0.28501923    0.28501923    0.28091749    0.29483409    0.29824112    0.28222020    0.31034412    0.30640731    0.36165821    0.36630174    0.38445460    0.31311088    0.35313748    0.32883949    0.34042169
T18            0.28983259    0.00000000    0.11536433    0.11066374    0.08299326    0.08540194    0.09643923    0.12448371    0.11549687    0.08711131    0.08711131    0.09239771    0.08551286    0.08783932    0.08061299    0.10587700    0.10339710    0.28363144    0.28370600    0.30310139    0.25325002    0.26763474    0.26175730    0.26254925
T16            0.31433976    0.11536433    0.00000000    0.02454926    0.03701321    0.07841513    0.11032421    0.13173070    0.12485944    0.10548531    0.10548531    0.10865518    0.09663553    0.09898937    0.09419639    0.11753886    0.11742364    0.28474724    0.28782911    0.31683566    0.27565682    0.30353893    0.29001142    0.28435136
T9             0.31143905    0.11066374    0.02454926    0.00000000    0.03705580    0.07395612    0.10566593    0.12692979    0.11523948    0.10086425    0.10086425    0.09922646    0.09205917    0.09439647    0.08963995    0.11523948    0.11512236    0.28839481    0.28501923    0.31389694    0.26977491    0.29735621    0.28396663    0.27834932
T7             0.28931527    0.08299326    0.03701321    0.03705580    0.00000000    0.04124217    0.07374497    0.09620074    0.08741717    0.06922351    0.06922351    0.07195721    0.06289259    0.06512032    0.05841042    0.07599779    0.08046262    0.26100729    0.26065674    0.28641935    0.24108097    0.26100729    0.24843889    0.24306180
T4             0.28650523    0.08540194    0.07841513    0.07395612    0.04124217    0.00000000    0.07606620    0.10330099    0.09450754    0.07150228    0.07150228    0.06528330    0.06296564    0.06519838    0.06067477    0.08061299    0.08281799    0.27397197    0.27713880    0.30642829    0.24483858    0.26763474    0.25791728    0.25248686
T23            0.29348175    0.09643923    0.11032421    0.10566593    0.07374497    0.07606620    0.00000000    0.04765626    0.03722246    0.07356332    0.07356332    0.08290203    0.07599779    0.07826084    0.06922351    0.09395183    0.09388523    0.27167709    0.26175730    0.30072125    0.25764111    0.28359309    0.26822352    0.26890378
T10            0.31070937    0.12448371    0.13173070    0.12692979    0.09620074    0.10330099    0.04765626    0.00000000    0.04765626    0.10060860    0.10060860    0.10804214    0.10321247    0.10321247    0.09382615    0.11227751    0.11221301    0.28925685    0.27594430    0.32159842    0.27739955    0.30726558    0.29139906    0.29210570
T1             0.29680891    0.11549687    0.12485944    0.11523948    0.08741717    0.09450754    0.03722246    0.04765626    0.00000000    0.09171037    0.09171037    0.10160277    0.08973276    0.09205917    0.08732973    0.10804214    0.10794234    0.26855823    0.25864796    0.30726558    0.25465324    0.28359309    0.26822352    0.27518089
T22            0.28501923    0.08711131    0.10548531    0.10086425    0.06922351    0.07150228    0.07356332    0.10060860    0.09171037    0.00000000    0.00000000    0.07826084    0.07145116    0.07368880    0.06476867    0.08472928    0.08469123    0.27834932    0.27804305    0.31018224    0.26644466    0.27133263    0.25627429    0.26237843
T17            0.28501923    0.08711131    0.10548531    0.10086425    0.06922351    0.07150228    0.07356332    0.10060860    0.09171037    0.00000000    0.00000000    0.07826084    0.07145116    0.07368880    0.06476867    0.08472928    0.08469123    0.27834932    0.27804305    0.31018224    0.26644466    0.27133263    0.25627429    0.26237843
T12            0.28091749    0.09239771    0.10865518    0.09922646    0.07195721    0.06528330    0.08290203    0.10804214    0.10160277    0.07826084    0.07826084    0.00000000    0.05632680    0.05852994    0.06289259    0.08983287    0.08973276    0.27482325    0.27813962    0.30733740    0.24483858    0.24606800    0.23150349    0.23211015
T20            0.29483409    0.08551286    0.09663553    0.09205917    0.06289259    0.06296564    0.07599779    0.10321247    0.08973276    0.07145116    0.07145116    0.05632680    0.00000000    0.00200402    0.05621700    0.08511227    0.08503017    0.27120336    0.27437178    0.30022306    0.25658179    0.26724535    0.25213533    0.25284871
T19            0.29824112    0.08783932    0.09898937    0.09439647    0.06512032    0.06519838    0.07826084    0.10321247    0.09205917    0.07368880    0.07368880    0.05852994    0.00200402    0.00000000    0.05841042    0.08741717    0.08732973    0.27439224    0.27763390    0.30353893    0.25963386    0.27039390    0.25519690    0.25592925
T2             0.28222020    0.08061299    0.09419639    0.08963995    0.05841042    0.06067477    0.06922351    0.09382615    0.08732973    0.06476867    0.06476867    0.06289259    0.05621700    0.05841042    0.00000000    0.07819444    0.07813524    0.27000524    0.26655171    0.29247629    0.24133309    0.26064807    0.24574525    0.24640097
T15            0.31034412    0.10587700    0.11753886    0.11523948    0.07599779    0.08061299    0.09395183    0.11227751    0.10804214    0.08472928    0.08472928    0.08983287    0.08511227    0.08741717    0.07819444    0.00000000    0.01212511    0.28926344    0.27943194    0.31138221    0.26118082    0.26614124    0.25722849    0.25791728
T0             0.30640731    0.10339710    0.11742364    0.11512236    0.08046262    0.08281799    0.09388523    0.11221301    0.10794234    0.08469123    0.08469123    0.08973276    0.08503017    0.08732973    0.07813524    0.01212511    0.00000000    0.28882354    0.27249757    0.31097023    0.26394180    0.27203246    0.26304171    0.25756763
T14            0.36165821    0.28363144    0.28474724    0.28839481    0.26100729    0.27397197    0.27167709    0.28925685    0.26855823    0.27834932    0.27834932    0.27482325    0.27120336    0.27439224    0.27000524    0.28926344    0.28882354    0.00000000    0.12299387    0.39975136    0.31567792    0.31138221    0.30353893    0.30353893
T3             0.36630174    0.28370600    0.28782911    0.28501923    0.26065674    0.27713880    0.26175730    0.27594430    0.25864796    0.27804305    0.27804305    0.27813962    0.27437178    0.27763390    0.26655171    0.27943194    0.27249757    0.12299387    0.00000000    0.36128875    0.30436078    0.32045735    0.30829318    0.30829318
T11            0.38445460    0.30310139    0.31683566    0.31389694    0.28641935    0.30642829    0.30072125    0.32159842    0.30726558    0.31018224    0.31018224    0.30733740    0.30022306    0.30353893    0.29247629    0.31138221    0.31097023    0.39975136    0.36128875    0.00000000    0.17878489    0.22304683    0.20621844    0.20671386
T6             0.31311088    0.25325002    0.27565682    0.26977491    0.24108097    0.24483858    0.25764111    0.27739955    0.25465324    0.26644466    0.26644466    0.24483858    0.25658179    0.25963386    0.24133309    0.26118082    0.26394180    0.31567792    0.30436078    0.17878489    0.00000000    0.17492707    0.15670728    0.16229206
T21            0.35313748    0.26763474    0.30353893    0.29735621    0.26100729    0.26763474    0.28359309    0.30726558    0.28359309    0.27133263    0.27133263    0.24606800    0.26724535    0.27039390    0.26064807    0.26614124    0.27203246    0.31138221    0.32045735    0.22304683    0.17492707    0.00000000    0.03692472    0.04124217
T8             0.32883949    0.26175730    0.29001142    0.28396663    0.24843889    0.25791728    0.26822352    0.29139906    0.26822352    0.25627429    0.25627429    0.23150349    0.25213533    0.25519690    0.24574525    0.25722849    0.26304171    0.30353893    0.30829318    0.20621844    0.15670728    0.03692472    0.00000000    0.02029462
T13            0.34042169    0.26254925    0.28435136    0.27834932    0.24306180    0.25248686    0.26890378    0.29210570    0.27518089    0.26237843    0.26237843    0.23211015    0.25284871    0.25592925    0.24640097    0.25791728    0.25756763    0.30353893    0.30829318    0.20671386    0.16229206    0.04124217    0.02029462    0.00000000

