24
T16            0.00000000    0.29400160    0.31846754    0.31758986    0.32053833    0.32437415    0.33173165    0.29816728    0.28790871    0.30679756    0.29442754    0.28750400    0.27935495    0.27935495    0.26880028    0.29488208    0.17266048    0.16999290    0.17223629    0.19278607    0.18373005    0.20465743    0.14235444    0.16207463
T12            0.29400160    0.00000000    0.14529642    0.13477650    0.13212479    0.13511502    0.13822738    0.13822738    0.13260177    0.16049676    0.14314069    0.15329850    0.25243381    0.25550296    0.26095139    0.27753199    0.27791344    0.27791344    0.27406220    0.32349896    0.31110694    0.31216303    0.25479416    0.29486478
T2             0.31846754    0.14529642    0.00000000    0.07819076    0.07813177    0.08060847    0.08298806    0.16799745    0.15946286    0.19398674    0.17043723    0.17827834    0.28508631    0.28508631    0.29074223    0.30820791    0.29851863    0.29204224    0.28815201    0.33848818    0.32924140    0.32690260    0.28428664    0.31015554
T8             0.31758986    0.13477650    0.07819076    0.00000000    0.01617390    0.05610209    0.06271249    0.15928128    0.15621606    0.18213428    0.15652345    0.16675847    0.27791344    0.27791344    0.28353143    0.29158397    0.29707413    0.29068078    0.29006940    0.34805945    0.31892445    0.32349896    0.27719870    0.30178859
T20            0.32053833    0.13212479    0.07813177    0.01617390    0.00000000    0.05391357    0.06266727    0.15395205    0.15098477    0.18194186    0.15380073    0.16137214    0.27127747    0.27127747    0.27685788    0.28468093    0.29674221    0.29036928    0.28978117    0.34763452    0.31846754    0.32307979    0.27373121    0.30139932
T9             0.32437415    0.13511502    0.08060847    0.05610209    0.05391357    0.00000000    0.04338706    0.15187840    0.14129000    0.18525690    0.16207463    0.16713724    0.27867212    0.27867212    0.28108987    0.30149178    0.30758317    0.30102174    0.30030177    0.35157067    0.33872991    0.33288407    0.28353143    0.30839347
T1             0.33173165    0.13822738    0.08298806    0.06271249    0.06266727    0.04338706    0.00000000    0.15985130    0.15668985    0.19372851    0.17021079    0.17803877    0.28550277    0.28550277    0.28790871    0.30532043    0.30468002    0.29814004    0.30065588    0.35202115    0.33572290    0.32988711    0.28390346    0.31553229
T5             0.29816728    0.13822738    0.16799745    0.15928128    0.15395205    0.15187840    0.15985130    0.00000000    0.05206484    0.08319130    0.05867360    0.06978468    0.25009573    0.25009573    0.25786328    0.25704428    0.27549566    0.26920273    0.26298811    0.31423197    0.29531329    0.29074223    0.26095139    0.30820791
T17            0.28790871    0.13260177    0.15946286    0.15621606    0.15098477    0.14129000    0.15668985    0.05206484    0.00000000    0.08308612    0.06067211    0.07177357    0.24904256    0.24904256    0.25380883    0.26131968    0.27127747    0.26817023    0.25896286    0.31636402    0.30058486    0.29604054    0.25684988    0.30014859
T13            0.30679756    0.16049676    0.19398674    0.18213428    0.18194186    0.18525690    0.19372851    0.08319130    0.08308612    0.00000000    0.04343676    0.06743732    0.27310125    0.27310125    0.26920273    0.28593027    0.28147388    0.27512092    0.26574051    0.31971062    0.28832457    0.29604054    0.27233928    0.30103259
T10            0.29442754    0.14314069    0.17043723    0.15652345    0.15380073    0.16207463    0.17021079    0.05867360    0.06067211    0.04343676    0.00000000    0.03919157    0.25279424    0.25279424    0.24904256    0.26522427    0.27512092    0.26884778    0.26265246    0.32053833    0.29158397    0.29358698    0.25751502    0.29115748
T14            0.28750400    0.15329850    0.17827834    0.16675847    0.16137214    0.16713724    0.17803877    0.06978468    0.07177357    0.06743732    0.03919157    0.00000000    0.24635154    0.24635154    0.24808150    0.26169843    0.27162055    0.26540598    0.25622679    0.31342507    0.28147388    0.28750400    0.25109503    0.29400160
T0             0.27935495    0.25243381    0.28508631    0.27791344    0.27127747    0.27867212    0.28550277    0.25009573    0.24904256    0.27310125    0.25279424    0.24635154    0.00000000    0.02029437    0.07621999    0.09977890    0.26169843    0.25550296    0.26405871    0.32331318    0.28355888    0.31110694    0.24816171    0.29388409
T22            0.27935495    0.25550296    0.28508631    0.27791344    0.27127747    0.27867212    0.28550277    0.25009573    0.24904256    0.27310125    0.25279424    0.24635154    0.02029437    0.00000000    0.08519634    0.10910187    0.25859109    0.25243381    0.26718548    0.32331318    0.28355888    0.31110694    0.24510190    0.29057056
T6             0.26880028    0.26095139    0.29074223    0.28353143    0.27685788    0.28108987    0.28790871    0.25786328    0.25380883    0.26920273    0.24904256    0.24808150    0.07621999    0.08519634    0.00000000    0.08539597    0.27349839    0.26718548    0.26333438    0.32233980    0.30244440    0.31353626    0.24436622    0.28311996
T4             0.29488208    0.27753199    0.30820791    0.29158397    0.28468093    0.30149178    0.30532043    0.25704428    0.26131968    0.28593027    0.26522427    0.26169843    0.09977890    0.10910187    0.08539597    0.00000000    0.28400872    0.27753199    0.26718548    0.33026287    0.31134081    0.32245798    0.26374847    0.30395872
T15            0.17266048    0.27791344    0.29851863    0.29707413    0.29674221    0.30758317    0.30468002    0.27549566    0.27127747    0.28147388    0.27512092    0.27162055    0.26169843    0.25859109    0.27349839    0.28400872    0.00000000    0.00401611    0.07433086    0.19785096    0.19147507    0.20749151    0.15743946    0.18028210
T19            0.16999290    0.27791344    0.29204224    0.29068078    0.29036928    0.30102174    0.29814004    0.26920273    0.26817023    0.27512092    0.26884778    0.26540598    0.25550296    0.25243381    0.26718548    0.27753199    0.00401611    0.00000000    0.06978468    0.19236954    0.18596323    0.20183935    0.15224301    0.18028210
T7             0.17223629    0.27406220    0.28815201    0.29006940    0.28978117    0.30030177    0.30065588    0.26298811    0.25896286    0.26574051    0.26265246    0.25622679    0.26405871    0.26718548    0.26333438    0.26718548    0.07433086    0.06978468    0.00000000    0.18659718    0.18548346    0.19853504    0.15445646    0.17984957
T23            0.19278607    0.32349896    0.33848818    0.34805945    0.34763452    0.35157067    0.35202115    0.31423197    0.31636402    0.31971062    0.32053833    0.31342507    0.32331318    0.32331318    0.32233980    0.33026287    0.19785096    0.19236954    0.18659718    0.00000000    0.12717309    0.14393069    0.16658201    0.21466578
T3             0.18373005    0.31110694    0.32924140    0.31892445    0.31846754    0.33872991    0.33572290    0.29531329    0.30058486    0.28832457    0.29158397    0.28147388    0.28355888    0.28355888    0.30244440    0.31134081    0.19147507    0.18596323    0.18548346    0.12717309    0.00000000    0.09016939    0.15243771    0.20268470
T11            0.20465743    0.31216303    0.32690260    0.32349896    0.32307979    0.33288407    0.32988711    0.29074223    0.29604054    0.29604054    0.29358698    0.28750400    0.31110694    0.31110694    0.31353626    0.32245798    0.20749151    0.20183935    0.19853504    0.14393069    0.09016939    0.00000000    0.17557465    0.21899144
T18            0.14235444    0.25479416    0.28428664    0.27719870    0.27373121    0.28353143    0.28390346    0.26095139    0.25684988    0.27233928    0.25751502    0.25109503    0.24816171    0.24510190    0.24436622    0.26374847    0.15743946    0.15224301    0.15445646    0.16658201    0.15243771    0.17557465    0.00000000    0.13697046
T21            0.16207463    0.29486478    0.31015554    0.30178859    0.30139932    0.30839347    0.31553229    0.30820791    0.30014859    0.30103259    0.29115748    0.29400160    0.29388409    0.29057056    0.28311996    0.30395872    0.18028210    0.18028210    0.17984957    0.21466578    0.20268470    0.21899144    0.13697046    0.00000000

