24
T22            0.00000000    0.24907217    0.33309515    0.20840879    0.22421796    0.19602017    0.20670053    0.18374750    0.18126976    0.18623397    0.25209109    0.25127544    0.26293538    0.22014743    0.21728005    0.26173353    0.24369979    0.15864918    0.19006795    0.20318527    0.21754550    0.20926728    0.21442906    0.13655910
T0             0.24907217    0.00000000    0.21810520    0.13010927    0.13965447    0.13198887    0.13669078    0.15446705    0.14693636    0.15171822    0.20467793    0.19028293    0.20134010    0.20553446    0.20832171    0.20574877    0.20276271    0.25112326    0.26647543    0.29244965    0.30929742    0.29976692    0.30974499    0.22652304
T18            0.33309515    0.21810520    0.00000000    0.21161006    0.21933908    0.20585833    0.19959587    0.21967126    0.21128460    0.21933908    0.28498797    0.26800935    0.28080291    0.26027776    0.25789535    0.28923369    0.26336697    0.31650966    0.33278505    0.34643261    0.35791371    0.34755802    0.35366278    0.32144515
T23            0.20840879    0.13010927    0.21161006    0.00000000    0.04545427    0.09898642    0.10113292    0.13278556    0.13045489    0.13010927    0.18101348    0.17245771    0.17829436    0.17432384    0.17167696    0.17946551    0.17738623    0.19578088    0.20926728    0.24102873    0.25667910    0.24781242    0.25939624    0.19987947
T7             0.22421796    0.13965447    0.21933908    0.04545427    0.00000000    0.11294405    0.11753499    0.13982488    0.13747050    0.13213231    0.19123341    0.17185905    0.17760013    0.17414351    0.17150365    0.19280182    0.18755651    0.22275901    0.23384670    0.25825495    0.27436512    0.26526161    0.27714367    0.22130020
T14            0.19602017    0.13198887    0.20585833    0.09898642    0.11294405    0.00000000    0.05419267    0.11307055    0.11078834    0.11053939    0.14677096    0.15412159    0.15929208    0.15353186    0.15099275    0.16138226    0.15125765    0.19765700    0.21962905    0.22511915    0.24541408    0.23679015    0.24572614    0.19555076
T11            0.20670053    0.13669078    0.19959587    0.10113292    0.11753499    0.05419267    0.00000000    0.11523568    0.11294405    0.11271407    0.15155631    0.15380978    0.16415090    0.16352286    0.16611471    0.17644925    0.15353186    0.20553446    0.22486786    0.23330331    0.25383731    0.24511228    0.24751807    0.20063116
T3             0.18374750    0.15446705    0.21967126    0.13278556    0.13982488    0.11307055    0.11523568    0.00000000    0.00602722    0.03077600    0.15833626    0.15787729    0.16849403    0.14932316    0.14677096    0.16695555    0.14932316    0.19855275    0.22360531    0.23148668    0.24672358    0.23803216    0.24941388    0.18549931
T21            0.18126976    0.14693636    0.21128460    0.13045489    0.13747050    0.11078834    0.11294405    0.00602722    0.00000000    0.02870985    0.15593803    0.15547648    0.16606511    0.14693636    0.14439066    0.16979664    0.14693636    0.19602017    0.22390681    0.23178464    0.24707641    0.23836764    0.24976581    0.18300882
T2             0.18623397    0.15171822    0.21933908    0.13010927    0.13213231    0.11053939    0.11271407    0.03077600    0.02870985    0.00000000    0.16074271    0.15504785    0.16558046    0.14408108    0.14156113    0.16677003    0.14156113    0.20109450    0.21468632    0.24005536    0.25553568    0.24672358    0.25825495    0.18799867
T10            0.25209109    0.20467793    0.28498797    0.18101348    0.19123341    0.14677096    0.15155631    0.15833626    0.15593803    0.16074271    0.00000000    0.07413030    0.08330735    0.20185905    0.19905599    0.22331349    0.19302433    0.23739112    0.24272966    0.28190798    0.28879445    0.27951435    0.27951435    0.22652304
T13            0.25127544    0.19028293    0.26800935    0.17245771    0.17185905    0.15412159    0.15380978    0.15787729    0.15547648    0.15504785    0.07413030    0.00000000    0.01617909    0.20696197    0.20414312    0.22856046    0.19808634    0.23679015    0.25720756    0.28112694    0.28794942    0.27870987    0.28754368    0.23473686
T15            0.26293538    0.20134010    0.28080291    0.17829436    0.17760013    0.15929208    0.16415090    0.16849403    0.16606511    0.16558046    0.08330735    0.01617909    0.00000000    0.21839939    0.21551536    0.24036976    0.20926728    0.24272966    0.26098461    0.28432499    0.29119959    0.28190798    0.29078327    0.24369979
T16            0.22014743    0.20553446    0.26027776    0.17432384    0.17414351    0.15353186    0.16352286    0.14932316    0.14693636    0.14408108    0.20185905    0.20696197    0.21839939    0.00000000    0.01620817    0.16094441    0.16366685    0.21569346    0.25595829    0.27034375    0.27515645    0.26611860    0.27969803    0.22486786
T20            0.21728005    0.20832171    0.25789535    0.17167696    0.17150365    0.15099275    0.16611471    0.14677096    0.14439066    0.14156113    0.19905599    0.20414312    0.21551536    0.01620817    0.00000000    0.16352286    0.16108170    0.21289850    0.24696901    0.26726423    0.27200881    0.26301982    0.27656041    0.22200056
T9             0.26173353    0.20574877    0.28923369    0.17946551    0.19280182    0.16138226    0.17644925    0.16695555    0.16979664    0.16677003    0.22331349    0.22856046    0.24036976    0.16094441    0.16352286    0.00000000    0.18929943    0.25383731    0.27794925    0.30843765    0.31558064    0.30596039    0.31513406    0.24572614
T1             0.24369979    0.20276271    0.26336697    0.17738623    0.18755651    0.15125765    0.15353186    0.14932316    0.14693636    0.14156113    0.19302433    0.19808634    0.20926728    0.16366685    0.16108170    0.18929943    0.00000000    0.23039423    0.25352897    0.28676586    0.30596039    0.29648475    0.30553576    0.23413344
T19            0.15864918    0.25112326    0.31650966    0.19578088    0.22275901    0.19765700    0.20553446    0.19855275    0.19602017    0.20109450    0.23739112    0.23679015    0.24272966    0.21569346    0.21289850    0.25383731    0.23039423    0.00000000    0.13933790    0.13643557    0.14408108    0.13669078    0.14646497    0.12194239
T6             0.19006795    0.26647543    0.33278505    0.20926728    0.23384670    0.21962905    0.22486786    0.22360531    0.22390681    0.21468632    0.24272966    0.25720756    0.26098461    0.25595829    0.24696901    0.27794925    0.25352897    0.13933790    0.00000000    0.15155631    0.16471246    0.15705902    0.15929208    0.14455775
T4             0.20318527    0.29244965    0.34643261    0.24102873    0.25825495    0.22511915    0.23330331    0.23148668    0.23178464    0.24005536    0.28190798    0.28112694    0.28432499    0.27034375    0.26726423    0.30843765    0.28676586    0.13643557    0.15155631    0.00000000    0.03064705    0.02440607    0.05836009    0.15911856
T12            0.21754550    0.30929742    0.35791371    0.25667910    0.27436512    0.24541408    0.25383731    0.24672358    0.24707641    0.25553568    0.28879445    0.28794942    0.29119959    0.27515645    0.27200881    0.31558064    0.30596039    0.14408108    0.16471246    0.03064705    0.00000000    0.00602722    0.06519697    0.17245771
T8             0.20926728    0.29976692    0.34755802    0.24781242    0.26526161    0.23679015    0.24511228    0.23803216    0.23836764    0.24672358    0.27951435    0.27870987    0.28190798    0.26611860    0.26301982    0.30596039    0.29648475    0.13669078    0.15705902    0.02440607    0.00602722    0.00000000    0.06289140    0.16471246
T5             0.21442906    0.30974499    0.35366278    0.25939624    0.27714367    0.24572614    0.24751807    0.24941388    0.24976581    0.25825495    0.27951435    0.28754368    0.29078327    0.27969803    0.27656041    0.31513406    0.30553576    0.14646497    0.15929208    0.05836009    0.06519697    0.06289140    0.00000000    0.16171723
T17            0.13655910    0.22652304    0.32144515    0.19987947    0.22130020    0.19555076    0.20063116    0.18549931    0.18300882    0.18799867    0.22652304    0.23473686    0.24369979    0.22486786    0.22200056    0.24572614    0.23413344    0.12194239    0.14455775    0.15911856    0.17245771    0.16471246    0.16171723    0.00000000

