24
T7             0.00000000    0.19602958    0.20469233    0.19350690    0.20389837    0.30266813    0.30888489    0.30225120    0.16122635    0.16626393    0.15412415    0.16826210    0.13433735    0.13949603    0.15706504    0.17001492    0.18777962    0.16960096    0.18848845    0.19856132    0.20086396    0.25353670    0.17492473    0.15706504
T1             0.19602958    0.00000000    0.01829864    0.01417450    0.02233527    0.32741743    0.33385475    0.33040017    0.20553420    0.19981262    0.21496424    0.21009048    0.18235457    0.18256703    0.18756129    0.20110220    0.24006881    0.21755568    0.23805121    0.23679990    0.23679990    0.29896717    0.21811951    0.19906823
T2             0.20469233    0.01829864    0.00000000    0.00806491    0.03280889    0.33831450    0.34487375    0.34133322    0.21418626    0.20276150    0.22392359    0.21324932    0.19074933    0.19099321    0.19602958    0.20980966    0.24943398    0.22653897    0.24442132    0.24006881    0.24606464    0.29937321    0.22717307    0.20781962
T15            0.19350690    0.01417450    0.00806491    0.00000000    0.02859775    0.32444695    0.33086011    0.32741743    0.20297010    0.19726196    0.21238226    0.20187234    0.17986919    0.18008318    0.19051446    0.20415376    0.23740558    0.21496424    0.23539993    0.23414426    0.24006881    0.28961719    0.21553051    0.19653912
T0             0.20389837    0.02233527    0.03280889    0.02859775    0.00000000    0.34386814    0.35046544    0.34691242    0.21394608    0.20810773    0.22304177    0.21811951    0.19007184    0.19028862    0.19533370    0.20902353    0.24843225    0.21989045    0.24639955    0.24274205    0.24875590    0.30555701    0.22623647    0.20697369
T17            0.30266813    0.32741743    0.33831450    0.32444695    0.34386814    0.00000000    0.00602723    0.00200301    0.22886262    0.24038557    0.28455703    0.25631576    0.26100583    0.25519586    0.28926815    0.28882596    0.29407034    0.27913256    0.30445176    0.31268566    0.30845751    0.35971409    0.28153385    0.27000422
T13            0.30888489    0.33385475    0.34487375    0.33086011    0.35046544    0.00602723    0.00000000    0.00804440    0.23444330    0.24606464    0.29066126    0.26215264    0.26686475    0.26100583    0.29539460    0.29494189    0.30021989    0.28515338    0.31071202    0.30555701    0.30145225    0.35921913    0.28114591    0.27594287
T8             0.30225120    0.33040017    0.34133322    0.32741743    0.34691242    0.00200301    0.00804440    0.00000000    0.23149853    0.24305770    0.28736597    0.25903269    0.26374492    0.25791500    0.29209946    0.29165764    0.29692489    0.28193281    0.30733893    0.31560809    0.31136975    0.36282338    0.28193281    0.27039503
T19            0.16122635    0.20553420    0.21418626    0.20297010    0.21394608    0.22886262    0.23444330    0.23149853    0.00000000    0.01212516    0.15027549    0.14275132    0.13448016    0.13463099    0.15207298    0.16229125    0.18527956    0.15967129    0.18599255    0.17471646    0.17966403    0.22439298    0.17514172    0.16513924
T3             0.16626393    0.19981262    0.20276150    0.19726196    0.20810773    0.24038557    0.24606464    0.24305770    0.01212516    0.00000000    0.15526856    0.14768941    0.13934059    0.13949603    0.15706504    0.16736009    0.19051446    0.16471934    0.19124606    0.17986919    0.18484881    0.22990580    0.18301858    0.17291102
T20            0.15412415    0.21496424    0.22392359    0.21238226    0.22304177    0.28455703    0.29066126    0.28736597    0.15027549    0.15526856    0.00000000    0.15670949    0.13261696    0.14039393    0.15811524    0.16850877    0.20019147    0.17609624    0.18984776    0.19150788    0.19933540    0.25145737    0.18706693    0.17417475
T12            0.16826210    0.21009048    0.21324932    0.20187234    0.21811951    0.25631576    0.26215264    0.25903269    0.14275132    0.14768941    0.15670949    0.00000000    0.13316924    0.13590904    0.15356255    0.16124824    0.18984776    0.17417475    0.18517603    0.18678515    0.19177862    0.24338348    0.17964503    0.15884453
T22            0.13433735    0.18235457    0.19074933    0.17986919    0.19007184    0.26100583    0.26686475    0.26374492    0.13448016    0.13934059    0.13261696    0.13316924    0.00000000    0.05185784    0.07162484    0.07380692    0.11054123    0.08963854    0.10639095    0.13965956    0.14439457    0.19786993    0.14001074    0.12796117
T6             0.13949603    0.18256703    0.19099321    0.18008318    0.19028862    0.25519586    0.26100583    0.25791500    0.13463099    0.13949603    0.14039393    0.13590904    0.05185784    0.00000000    0.04765605    0.04760980    0.07380692    0.06061286    0.08089285    0.15226115    0.15706504    0.20318812    0.13513129    0.12814041
T21            0.15706504    0.18756129    0.19602958    0.19051446    0.19533370    0.28926815    0.29539460    0.29209946    0.15207298    0.15706504    0.15811524    0.15356255    0.07162484    0.04765605    0.00000000    0.02447309    0.09686181    0.08299305    0.10653841    0.17291102    0.17246553    0.22828933    0.15788861    0.15071200
T11            0.17001492    0.20110220    0.20980966    0.20415376    0.20902353    0.28882596    0.29494189    0.29165764    0.16229125    0.16736009    0.16850877    0.16124824    0.07380692    0.04760980    0.02447309    0.00000000    0.09674457    0.07833336    0.10639095    0.18077796    0.18030600    0.23679990    0.15767025    0.15048969
T10            0.18777962    0.24006881    0.24943398    0.23740558    0.24843225    0.29407034    0.30021989    0.29692489    0.18527956    0.19051446    0.20019147    0.18984776    0.11054123    0.07380692    0.09686181    0.09674457    0.00000000    0.07859833    0.14275132    0.20724638    0.21238226    0.25323620    0.19205827    0.18458435
T14            0.16960096    0.21755568    0.22653897    0.21496424    0.21989045    0.27913256    0.28515338    0.28193281    0.15967129    0.16471934    0.17609624    0.17417475    0.08963854    0.06061286    0.08299305    0.07833336    0.07859833    0.00000000    0.11578598    0.18624793    0.19124606    0.23740558    0.16779411    0.16052251
T4             0.18848845    0.23805121    0.24442132    0.23539993    0.24639955    0.30445176    0.31071202    0.30733893    0.18599255    0.19124606    0.18984776    0.18517603    0.10639095    0.08089285    0.10653841    0.10639095    0.14275132    0.11578598    0.00000000    0.18848845    0.19906823    0.25416911    0.17855735    0.16583244
T9             0.19856132    0.23679990    0.24006881    0.23414426    0.24274205    0.31268566    0.30555701    0.31560809    0.17471646    0.17986919    0.19150788    0.18678515    0.13965956    0.15226115    0.17291102    0.18077796    0.20724638    0.18624793    0.18848845    0.00000000    0.01827035    0.14932709    0.14408244    0.13949603
T16            0.20086396    0.23679990    0.24606464    0.24006881    0.24875590    0.30845751    0.30145225    0.31136975    0.17966403    0.18484881    0.19933540    0.19177862    0.14439457    0.15706504    0.17246553    0.18030600    0.21238226    0.19124606    0.19906823    0.01827035    0.00000000    0.15155820    0.15140329    0.14423441
T5             0.25353670    0.29896717    0.29937321    0.28961719    0.30555701    0.35971409    0.35921913    0.36282338    0.22439298    0.22990580    0.25145737    0.24338348    0.19786993    0.20318812    0.22828933    0.23679990    0.25323620    0.23740558    0.25416911    0.14932709    0.15155820    0.00000000    0.20810773    0.19765796
T23            0.17492473    0.21811951    0.22717307    0.21553051    0.22623647    0.28153385    0.28114591    0.28193281    0.17514172    0.18301858    0.18706693    0.17964503    0.14001074    0.13513129    0.15788861    0.15767025    0.19205827    0.16779411    0.17855735    0.14408244    0.15140329    0.20810773    0.00000000    0.02238951
T18            0.15706504    0.19906823    0.20781962    0.19653912    0.20697369    0.27000422    0.27594287    0.27039503    0.16513924    0.17291102    0.17417475    0.15884453    0.12796117    0.12814041    0.15071200    0.15048969    0.18458435    0.16052251    0.16583244    0.13949603    0.14423441    0.19765796    0.02238951    0.00000000

