24
T5             0.00000000    0.41115822    0.41420852    0.43338575    0.41265359    0.38248210    0.38566567    0.37998360    0.28428736    0.28428736    0.29096890    0.28815760    0.28202743    0.28989770    0.21938772    0.23543215    0.18010310    0.17930308    0.20336096    0.20274749    0.14951378    0.19991893    0.18378048    0.18929679
T11            0.41115822    0.00000000    0.15881475    0.16140086    0.14860253    0.11944503    0.12418491    0.10991628    0.38117896    0.38500622    0.37738090    0.37184676    0.38755648    0.36870834    0.36191141    0.37389074    0.37557359    0.35005313    0.38820273    0.39853993    0.38755648    0.43677819    0.42261677    0.43090818
T16            0.41420852    0.15881475    0.00000000    0.10639681    0.09923232    0.11963290    0.12438042    0.11482252    0.35131473    0.36237309    0.35865962    0.33889586    0.35744775    0.34297116    0.35937350    0.36394218    0.37676466    0.34651181    0.40282314    0.40936221    0.38384075    0.42501487    0.41913722    0.42749914
T7             0.43338575    0.16140086    0.10639681    0.00000000    0.01420054    0.12719229    0.12952524    0.11985243    0.38525488    0.40923881    0.39067364    0.39092899    0.39559475    0.39164584    0.39737301    0.40972240    0.40387396    0.39076621    0.44716533    0.44716533    0.42246630    0.46907142    0.46493407    0.47406198
T18            0.41265359    0.14860253    0.09923232    0.01420054    0.00000000    0.11261917    0.11732185    0.10548946    0.37368259    0.38917285    0.37123369    0.37171567    0.38384075    0.37235778    0.37801092    0.39013344    0.38054824    0.36814762    0.42164716    0.42164716    0.39809272    0.44655613    0.44282047    0.45154844
T20            0.38248210    0.11944503    0.11963290    0.12719229    0.11261917    0.00000000    0.00804348    0.04542093    0.33341288    0.34407659    0.33341288    0.32248824    0.33941682    0.32890351    0.33537922    0.34699357    0.34351752    0.31815912    0.37301343    0.38315449    0.35865962    0.40842852    0.39092899    0.39882678
T13            0.38566567    0.12418491    0.12438042    0.12952524    0.11732185    0.00804348    0.00000000    0.04969490    0.32939981    0.33995040    0.33640864    0.31860755    0.33537922    0.32497588    0.33140361    0.34299549    0.34297116    0.31772284    0.37235778    0.38248210    0.36174676    0.41171111    0.39414395    0.40207304
T4             0.37998360    0.10991628    0.11482252    0.11985243    0.10548946    0.04542093    0.04969490    0.00000000    0.33920103    0.35621024    0.34886511    0.33995040    0.35131473    0.34049659    0.34711038    0.35881327    0.33748814    0.31815912    0.37436526    0.38454088    0.35621024    0.41419293    0.40436683    0.41252361
T14            0.28428736    0.38117896    0.35131473    0.38525488    0.37368259    0.33341288    0.32939981    0.33920103    0.00000000    0.04790844    0.05450428    0.06537816    0.05876277    0.05654465    0.22822472    0.24445536    0.24105997    0.25094735    0.25346698    0.26203856    0.23841289    0.30868704    0.29265788    0.29950037
T15            0.28428736    0.38500622    0.36237309    0.40923881    0.38917285    0.34407659    0.33995040    0.35621024    0.04790844    0.00000000    0.05229594    0.07216866    0.05654465    0.06773541    0.22822472    0.24445536    0.24105997    0.25094735    0.24722484    0.25571736    0.23234188    0.28815760    0.28590813    0.28590813
T22            0.29096890    0.37738090    0.35865962    0.39067364    0.37123369    0.33341288    0.33640864    0.34886511    0.05450428    0.05229594    0.00000000    0.07905304    0.06773541    0.07457259    0.24331068    0.25986714    0.25033613    0.25715012    0.25661764    0.26522951    0.24766047    0.29606737    0.29265788    0.29950037
T10            0.28815760    0.37184676    0.33889586    0.39092899    0.37171567    0.32248824    0.31860755    0.33995040    0.06537816    0.07216866    0.07905304    0.00000000    0.06313508    0.06074494    0.22720245    0.23744040    0.24906009    0.24678048    0.26158360    0.27346857    0.24947539    0.29324957    0.29096890    0.29774130
T8             0.28202743    0.38755648    0.35744775    0.39559475    0.38384075    0.33941682    0.33537922    0.35131473    0.05876277    0.05654465    0.06773541    0.06313508    0.00000000    0.06528611    0.23647606    0.24982484    0.25258660    0.25635300    0.26203856    0.27071180    0.24371681    0.29042781    0.28481682    0.29152095
T23            0.28989770    0.36870834    0.34297116    0.39164584    0.37235778    0.32890351    0.32497588    0.34049659    0.05654465    0.06773541    0.07457259    0.06074494    0.06528611    0.00000000    0.23347734    0.24982484    0.24638350    0.25635300    0.26522951    0.27394407    0.24679918    0.30058646    0.29490716    0.30174944
T6             0.21938772    0.36191141    0.35937350    0.39737301    0.37801092    0.33537922    0.33140361    0.34711038    0.22822472    0.22822472    0.24331068    0.22720245    0.23647606    0.23347734    0.00000000    0.01822335    0.14475141    0.15173621    0.16295232    0.17047927    0.18104507    0.22561281    0.20368138    0.20943683
T12            0.23543215    0.37389074    0.36394218    0.40972240    0.39013344    0.34699357    0.34299549    0.35881327    0.24445536    0.24445536    0.25986714    0.23744040    0.24982484    0.24982484    0.01822335    0.00000000    0.15931217    0.16156487    0.17561891    0.18327686    0.19630266    0.24178569    0.21938772    0.22526159
T3             0.18010310    0.37557359    0.37676466    0.40387396    0.38054824    0.34351752    0.34297116    0.33748814    0.24105997    0.24105997    0.25033613    0.24906009    0.25258660    0.24638350    0.14475141    0.15931217    0.00000000    0.05846843    0.10852421    0.11067009    0.15747412    0.21101316    0.20304965    0.20877189
T17            0.17930308    0.35005313    0.34651181    0.39076621    0.36814762    0.31815912    0.31772284    0.31815912    0.25094735    0.25094735    0.25715012    0.24678048    0.25635300    0.25635300    0.15173621    0.16156487    0.05846843    0.00000000    0.11283478    0.11501860    0.15931217    0.20417912    0.19909152    0.20471653
T1             0.20336096    0.38820273    0.40282314    0.44716533    0.42164716    0.37301343    0.37235778    0.37436526    0.25346698    0.24722484    0.25661764    0.26158360    0.26203856    0.26522951    0.16295232    0.17561891    0.10852421    0.11283478    0.00000000    0.01823275    0.16367374    0.21525956    0.19929818    0.20505390
T0             0.20274749    0.39853993    0.40936221    0.44716533    0.42164716    0.38315449    0.38248210    0.38454088    0.26203856    0.25571736    0.26522951    0.27346857    0.27071180    0.27394407    0.17047927    0.18327686    0.11067009    0.11501860    0.01823275    0.00000000    0.16584682    0.22337190    0.21233968    0.21819665
T2             0.14951378    0.38755648    0.38384075    0.42246630    0.39809272    0.35865962    0.36174676    0.35621024    0.23841289    0.23234188    0.24766047    0.24947539    0.24371681    0.24679918    0.18104507    0.19630266    0.15747412    0.15931217    0.16367374    0.16584682    0.00000000    0.11754528    0.11295416    0.11779990
T9             0.19991893    0.43677819    0.42501487    0.46907142    0.44655613    0.40842852    0.41171111    0.41419293    0.30868704    0.28815760    0.29606737    0.29324957    0.29042781    0.30058646    0.22561281    0.24178569    0.21101316    0.20417912    0.21525956    0.22337190    0.11754528    0.00000000    0.08290543    0.08751590
T21            0.18378048    0.42261677    0.41913722    0.46493407    0.44282047    0.39092899    0.39414395    0.40436683    0.29265788    0.28590813    0.29265788    0.29096890    0.28481682    0.29490716    0.20368138    0.21938772    0.20304965    0.19909152    0.19929818    0.21233968    0.11295416    0.08290543    0.00000000    0.00401615
T19            0.18929679    0.43090818    0.42749914    0.47406198    0.45154844    0.39882678    0.40207304    0.41252361    0.29950037    0.28590813    0.29950037    0.29774130    0.29152095    0.30174944    0.20943683    0.22526159    0.20877189    0.20471653    0.20505390    0.21819665    0.11779990    0.08751590    0.00401615    0.00000000

