24
T21            0.00000000    0.27110802    0.25783921    0.24064490    0.27030382    0.27070060    0.24434237    0.24132056    0.23533120    0.24238181    0.24837112    0.24299496    0.26022311    0.22196708    0.23592582    0.23276468    0.27509468    0.36768995    0.37457571    0.27387601    0.26440969    0.27030382    0.28258689    0.27268768
T11            0.27110802    0.00000000    0.06960020    0.09205021    0.15945462    0.15964416    0.13947747    0.15263143    0.12021702    0.18701324    0.16798620    0.15523595    0.17042597    0.16532624    0.17510806    0.17222664    0.22125723    0.30289739    0.30577324    0.21996385    0.21996385    0.23146123    0.22180422    0.23975097
T8             0.25783921    0.06960020    0.00000000    0.08266599    0.15138773    0.15154048    0.13917859    0.14709269    0.11995292    0.18098378    0.15964416    0.14709269    0.15685689    0.15187103    0.16449614    0.16430986    0.21439485    0.29030861    0.29641221    0.21289553    0.21576963    0.22125723    0.21738007    0.22356362
T19            0.24064490    0.09205021    0.08266599    0.00000000    0.14169142    0.14184315    0.12471105    0.12993459    0.10825245    0.15763804    0.14437508    0.13211931    0.14675530    0.13461333    0.15170159    0.15154048    0.21233361    0.30240524    0.30866053    0.22031324    0.22031324    0.22586487    0.23040182    0.23337029
T23            0.27030382    0.15945462    0.15138773    0.14169142    0.00000000    0.00401106    0.08281148    0.10411725    0.08069200    0.18869793    0.17468799    0.16187800    0.17715807    0.15927350    0.16380247    0.16624829    0.24599859    0.32525946    0.32479257    0.26245833    0.25622623    0.25584698    0.27425613    0.25584698
T9             0.27070060    0.15964416    0.15154048    0.14184315    0.00401106    0.00000000    0.08289502    0.10667475    0.08078456    0.18895807    0.17489368    0.16206592    0.17736217    0.15945462    0.16396300    0.16640695    0.24632940    0.32573853    0.32525946    0.26286735    0.25661574    0.25622623    0.27474797    0.25622623
T15            0.24434237    0.13947747    0.13917859    0.12471105    0.08281148    0.08289502    0.00000000    0.06978250    0.06304045    0.16555488    0.15242898    0.13998629    0.15482575    0.13711987    0.15170159    0.14421695    0.23268915    0.31739194    0.32377527    0.23672913    0.24279118    0.24240867    0.24485149    0.24545816
T22            0.24132056    0.15263143    0.14709269    0.12993459    0.10411725    0.10667475    0.06978250    0.00000000    0.07205022    0.18177504    0.15984210    0.14727366    0.16226231    0.14984467    0.15945462    0.15668251    0.23866062    0.29573657    0.30192445    0.23073974    0.23372546    0.23337029    0.24176429    0.24545816
T6             0.23533120    0.12021702    0.11995292    0.10825245    0.08069200    0.08078456    0.06304045    0.07205022    0.00000000    0.15545340    0.14471580    0.13242863    0.14709269    0.12993459    0.13932398    0.13667834    0.22386363    0.29155104    0.29768490    0.22847549    0.22847549    0.22811883    0.23343285    0.23337029
T17            0.24238181    0.18701324    0.18098378    0.15763804    0.18869793    0.18895807    0.16555488    0.18177504    0.15545340    0.00000000    0.11065074    0.10371867    0.12021702    0.10349013    0.11500117    0.11490023    0.24702142    0.33240226    0.33895802    0.25202441    0.25514046    0.26099114    0.27026065    0.24167333
T2             0.24837112    0.16798620    0.15964416    0.14437508    0.17468799    0.17489368    0.15242898    0.15984210    0.14471580    0.11065074    0.00000000    0.01007281    0.02442159    0.08502359    0.09394491    0.09387877    0.22910534    0.33372843    0.34027019    0.23901422    0.23901422    0.24167333    0.25646274    0.25082200
T14            0.24299496    0.15523595    0.14709269    0.13211931    0.16187800    0.16206592    0.13998629    0.14727366    0.13242863    0.10371867    0.01007281    0.00000000    0.01414112    0.07606081    0.09177919    0.08939926    0.21519127    0.31739194    0.32377527    0.22482127    0.22482127    0.23039346    0.24795787    0.23636496
T3             0.26022311    0.17042597    0.15685689    0.14675530    0.17715807    0.17736217    0.15482575    0.16226231    0.14709269    0.12021702    0.02442159    0.01414112    0.00000000    0.08972447    0.10338710    0.10093848    0.22589166    0.33672292    0.34328969    0.23566597    0.23566597    0.24132056    0.25916731    0.24813507
T16            0.22196708    0.16532624    0.15187103    0.13461333    0.15927350    0.15945462    0.13711987    0.14984467    0.12993459    0.10349013    0.08502359    0.07606081    0.08972447    0.00000000    0.07621804    0.07162095    0.22327326    0.32429072    0.33074620    0.22188812    0.22255701    0.22221783    0.24485149    0.22972995
T10            0.23592582    0.17510806    0.16449614    0.15170159    0.16380247    0.16396300    0.15170159    0.15945462    0.13932398    0.11500117    0.09394491    0.09177919    0.10338710    0.07621804    0.00000000    0.02238884    0.23088108    0.34687513    0.34992011    0.23831691    0.23005686    0.22972995    0.24933897    0.23798309
T5             0.23276468    0.17222664    0.16430986    0.15154048    0.16624829    0.16640695    0.14421695    0.15668251    0.13667834    0.11490023    0.09387877    0.08939926    0.10093848    0.07162095    0.02238884    0.00000000    0.22771526    0.34632177    0.34936653    0.23500628    0.22972995    0.22941277    0.24892768    0.23469124
T18            0.27509468    0.22125723    0.21439485    0.21233361    0.24599859    0.24632940    0.23268915    0.23866062    0.22386363    0.24702142    0.22910534    0.21519127    0.22589166    0.22327326    0.23088108    0.22771526    0.00000000    0.25046895    0.25924729    0.16902508    0.15124335    0.15878100    0.16206592    0.22011019
T12            0.36768995    0.30289739    0.29030861    0.30240524    0.32525946    0.32573853    0.31739194    0.29573657    0.29155104    0.33240226    0.33372843    0.31739194    0.33672292    0.32429072    0.34687513    0.34632177    0.25046895    0.00000000    0.00805150    0.18945511    0.19216552    0.19743121    0.18774639    0.30676184
T4             0.37457571    0.30577324    0.29641221    0.30866053    0.32479257    0.32525946    0.32377527    0.30192445    0.29768490    0.33895802    0.34027019    0.32377527    0.34328969    0.33074620    0.34992011    0.34936653    0.25924729    0.00805150    0.00000000    0.19469857    0.19743121    0.20273625    0.19299625    0.31302955
T13            0.27387601    0.21996385    0.21289553    0.22031324    0.26245833    0.26286735    0.23672913    0.23073974    0.22847549    0.25202441    0.23901422    0.22482127    0.23566597    0.22188812    0.23831691    0.23500628    0.16902508    0.18945511    0.19469857    0.00000000    0.04972916    0.05840733    0.10201578    0.21806536
T1             0.26440969    0.21996385    0.21576963    0.22031324    0.25622623    0.25661574    0.24279118    0.23372546    0.22847549    0.25514046    0.23901422    0.22482127    0.23566597    0.22255701    0.23005686    0.22972995    0.15124335    0.19216552    0.19743121    0.04972916    0.00000000    0.00805150    0.09487218    0.21233361
T7             0.27030382    0.23146123    0.22125723    0.22586487    0.25584698    0.25622623    0.24240867    0.23337029    0.22811883    0.26099114    0.24167333    0.23039346    0.24132056    0.22221783    0.22972995    0.22941277    0.15878100    0.19743121    0.20273625    0.05840733    0.00805150    0.00000000    0.09947973    0.21260987
T20            0.28258689    0.22180422    0.21738007    0.23040182    0.27425613    0.27474797    0.24485149    0.24176429    0.23343285    0.27026065    0.25646274    0.24795787    0.25916731    0.24485149    0.24933897    0.24892768    0.16206592    0.18774639    0.19299625    0.10201578    0.09487218    0.09947973    0.00000000    0.22847549
T0             0.27268768    0.23975097    0.22356362    0.23337029    0.25584698    0.25622623    0.24545816    0.24545816    0.23337029    0.24167333    0.25082200    0.23636496    0.24813507    0.22972995    0.23798309    0.23469124    0.22011019    0.30676184    0.31302955    0.21806536    0.21233361    0.21260987    0.22847549    0.00000000

