24
T12            0.00000000    0.30208260    0.29638686    0.26791743    0.23037529    0.21517480    0.22549040    0.24543766    0.19927318    0.20129345    0.19550837    0.20592636    0.19741558    0.19395957    0.15481761    0.16692477    0.18843438    0.19069811    0.17924609    0.18460828    0.22962521    0.22218970    0.23202791    0.21604930
T0             0.30208260    0.00000000    0.01617885    0.18048849    0.17167328    0.15742188    0.15590504    0.16578292    0.14528080    0.27236834    0.27836055    0.29003344    0.28305893    0.28635218    0.25869398    0.27558404    0.28739033    0.28967475    0.26477253    0.27747258    0.33722185    0.32939287    0.28816559    0.31202837
T22            0.29638686    0.01617885    0.00000000    0.17825524    0.16951742    0.15522799    0.15375847    0.16360821    0.14312492    0.27236834    0.27836055    0.29003344    0.27983286    0.28406776    0.25329566    0.27006274    0.28512670    0.28406776    0.25930918    0.26874412    0.32773751    0.31999168    0.28584927    0.30964551
T16            0.26791743    0.18048849    0.17825524    0.00000000    0.05626433    0.11463822    0.10792762    0.12690900    0.12446395    0.26951574    0.27228577    0.28705112    0.26845291    0.27662748    0.23531177    0.25169847    0.27426719    0.27662748    0.25680363    0.26603526    0.31839315    0.31735556    0.28026035    0.28502624
T7             0.23037529    0.17167328    0.16951742    0.05626433    0.00000000    0.09409617    0.09697065    0.10610176    0.10133970    0.24165314    0.24736132    0.26164730    0.24297342    0.23335167    0.19450192    0.21575350    0.24316363    0.24543766    0.22064711    0.22939418    0.28868884    0.27791121    0.23899460    0.24899797
T13            0.21517480    0.15742188    0.15522799    0.11463822    0.09409617    0.00000000    0.05621306    0.06487240    0.08260121    0.21749119    0.22297433    0.23672639    0.22481311    0.22971153    0.19118934    0.20154725    0.22155100    0.22384602    0.20872762    0.21722684    0.28705112    0.26675638    0.22646145    0.23350944
T8             0.22549040    0.15590504    0.15375847    0.10792762    0.09697065    0.05621306    0.00000000    0.06089330    0.08528762    0.23370692    0.23935814    0.25349678    0.24095726    0.24356587    0.20390567    0.21444870    0.22919996    0.23144324    0.22155100    0.23037529    0.27941620    0.26243441    0.24238866    0.24329540
T23            0.24543766    0.16578292    0.16360821    0.12690900    0.10610176    0.06487240    0.06089330    0.00000000    0.09194955    0.23267030    0.23300612    0.24700002    0.23998816    0.25469784    0.21444870    0.22514248    0.24316363    0.24543766    0.22415580    0.23829704    0.30862670    0.29665661    0.24811401    0.25509600
T5             0.19927318    0.14528080    0.14312492    0.12446395    0.10133970    0.08260121    0.08528762    0.09194955    0.00000000    0.21575350    0.21545944    0.22908655    0.21722684    0.21927695    0.18122793    0.19647974    0.20265388    0.20490734    0.19298262    0.20129345    0.27266062    0.25274683    0.22708853    0.23113786
T19            0.20129345    0.27236834    0.27236834    0.26951574    0.24165314    0.21749119    0.23370692    0.23267030    0.21575350    0.00000000    0.07613388    0.08731980    0.08266326    0.18728941    0.14570235    0.15762976    0.18789085    0.18451918    0.15963528    0.15963528    0.25618158    0.24206808    0.24329540    0.22985235
T9             0.19550837    0.27836055    0.27836055    0.27228577    0.24736132    0.22297433    0.23935814    0.23300612    0.21545944    0.07613388    0.00000000    0.01414104    0.03902108    0.16312322    0.12281289    0.13197023    0.16312322    0.16003979    0.14659096    0.15169321    0.23857396    0.23644217    0.21957604    0.21545930
T3             0.20592636    0.29003344    0.29003344    0.28705112    0.26164730    0.23672639    0.25349678    0.24700002    0.22908655    0.08731980    0.01414104    0.00000000    0.04539003    0.17579284    0.13476404    0.14405923    0.17579284    0.17263949    0.15634960    0.16151779    0.24961318    0.24745043    0.23033669    0.22616323
T2             0.19741558    0.28305893    0.27983286    0.26845291    0.24297342    0.22481311    0.24095726    0.23998816    0.21722684    0.08266326    0.03902108    0.04539003    0.00000000    0.16976376    0.13460697    0.14644264    0.17333901    0.17509737    0.15109807    0.15620032    0.23517216    0.23832152    0.23008953    0.20931571
T1             0.19395957    0.28635218    0.28406776    0.27662748    0.23335167    0.22971153    0.24356587    0.25469784    0.21927695    0.18728941    0.16312322    0.17579284    0.16976376    0.00000000    0.03705370    0.07394849    0.13100796    0.13061720    0.12977632    0.13476404    0.25618158    0.23968515    0.23796306    0.22457265
T20            0.15481761    0.25869398    0.25329566    0.23531177    0.19450192    0.19118934    0.20390567    0.21444870    0.18122793    0.14570235    0.12281289    0.13476404    0.13460697    0.03705370    0.00000000    0.03485676    0.09042711    0.09016333    0.09194955    0.09428060    0.21366635    0.19804325    0.19900895    0.18944063
T18            0.16692477    0.27558404    0.27006274    0.25169847    0.21575350    0.20154725    0.21444870    0.22514248    0.19647974    0.15762976    0.13197023    0.14405923    0.14644264    0.07394849    0.03485676    0.00000000    0.09238412    0.08750106    0.10319935    0.11030863    0.21584286    0.21085722    0.20896782    0.21044675
T4             0.18843438    0.28739033    0.28512670    0.27426719    0.24316363    0.22155100    0.22919996    0.24316363    0.20265388    0.18789085    0.16312322    0.17579284    0.17333901    0.13100796    0.09042711    0.09238412    0.00000000    0.01823225    0.12266312    0.13008923    0.24475413    0.22850056    0.23267030    0.21085722
T10            0.19069811    0.28967475    0.28406776    0.27662748    0.24543766    0.22384602    0.23144324    0.24543766    0.20490734    0.18451918    0.16003979    0.17263949    0.17509737    0.13061720    0.09016333    0.08750106    0.01823225    0.00000000    0.11994771    0.12483786    0.24420426    0.22795375    0.24095726    0.22457265
T21            0.17924609    0.26477253    0.25930918    0.25680363    0.22064711    0.20872762    0.22155100    0.22415580    0.19298262    0.15963528    0.14659096    0.15634960    0.15109807    0.12977632    0.09194955    0.10319935    0.12266312    0.11994771    0.00000000    0.04128489    0.22370979    0.21304161    0.20872762    0.20473081
T11            0.18460828    0.27747258    0.26874412    0.26603526    0.22939418    0.21722684    0.23037529    0.23829704    0.20129345    0.15963528    0.15169321    0.16151779    0.15620032    0.13476404    0.09428060    0.11030863    0.13008923    0.12483786    0.04128489    0.00000000    0.23473527    0.21865990    0.22244152    0.21826055
T6             0.22962521    0.33722185    0.32773751    0.31839315    0.28868884    0.28705112    0.27941620    0.30862670    0.27266062    0.25618158    0.23857396    0.24961318    0.23517216    0.25618158    0.21366635    0.21584286    0.24475413    0.24420426    0.22370979    0.23473527    0.00000000    0.04338582    0.24504445    0.25833973
T15            0.22218970    0.32939287    0.31999168    0.31735556    0.27791121    0.26675638    0.26243441    0.29665661    0.25274683    0.24206808    0.23644217    0.24745043    0.23832152    0.23968515    0.19804325    0.21085722    0.22850056    0.22795375    0.21304161    0.21865990    0.04338582    0.00000000    0.23998816    0.25074258
T17            0.23202791    0.28816559    0.28584927    0.28026035    0.23899460    0.22646145    0.24238866    0.24811401    0.22708853    0.24329540    0.21957604    0.23033669    0.23008953    0.23796306    0.19900895    0.20896782    0.23267030    0.24095726    0.20872762    0.22244152    0.24504445    0.23998816    0.00000000    0.13061720
T14            0.21604930    0.31202837    0.30964551    0.28502624    0.24899797    0.23350944    0.24329540    0.25509600    0.23113786    0.22985235    0.21545930    0.22616323    0.20931571    0.22457265    0.18944063    0.21044675    0.21085722    0.22457265    0.20473081    0.21826055    0.25833973    0.25074258    0.13061720    0.00000000

