24
T6             0.00000000    0.18895118    0.24469252    0.20640672    0.15651099    0.22646902    0.21031591    0.19321880    0.20463337    0.19875959    0.21777211    0.22940195    0.23004636    0.18274684    0.18252807    0.21958336    0.21834844    0.20746656    0.20410084    0.20155319    0.20746656    0.19901472    0.17242775    0.28706373
T12            0.18895118    0.00000000    0.19319390    0.13903680    0.09195075    0.15722583    0.22030425    0.20835859    0.23445461    0.22289637    0.22776172    0.23445461    0.23827283    0.21348610    0.21961470    0.25747754    0.24506459    0.22776172    0.23004636    0.23335970    0.23599961    0.22481147    0.16225697    0.32030440
T9             0.24469252    0.19319390    0.00000000    0.17286840    0.11837182    0.16004344    0.29250762    0.28536954    0.28488813    0.28536954    0.29716232    0.29818043    0.29924305    0.26833630    0.27605575    0.31104738    0.26478302    0.25621313    0.25239664    0.25583372    0.26478302    0.25312624    0.22776172    0.37898527
T21            0.20640672    0.13903680    0.17286840    0.00000000    0.06709041    0.12691141    0.26055491    0.25106046    0.25075219    0.25714038    0.26536753    0.26604600    0.26676709    0.23673485    0.24236863    0.28277760    0.25987221    0.25441900    0.25137907    0.25475720    0.25747754    0.24598567    0.19508318    0.35748000
T22            0.15651099    0.09195075    0.11837182    0.06709041    0.00000000    0.07640239    0.21031591    0.19321880    0.20410084    0.19875959    0.20922393    0.21260058    0.21318158    0.18231815    0.19070342    0.23060196    0.20922393    0.20410084    0.20360530    0.20665773    0.21205711    0.20129941    0.14421239    0.29029007
T3             0.22646902    0.15722583    0.16004344    0.12691141    0.07640239    0.00000000    0.28115965    0.26792817    0.28350899    0.26792817    0.28588074    0.29004617    0.29099779    0.25855146    0.26833630    0.29313491    0.27623255    0.27386078    0.26990237    0.27345376    0.27623255    0.27386078    0.21576031    0.37078556
T11            0.21031591    0.22030425    0.29250762    0.26055491    0.21031591    0.28115965    0.00000000    0.02454800    0.08329935    0.07879928    0.08561964    0.08771215    0.09264588    0.08528863    0.10637323    0.26753058    0.24737039    0.24737039    0.24363626    0.24700908    0.24130886    0.23004636    0.20042649    0.34858637
T10            0.19321880    0.20835859    0.28536954    0.25106046    0.19321880    0.26792817    0.02454800    0.00000000    0.07858935    0.07412439    0.08088302    0.08298438    0.08782789    0.07605954    0.09673260    0.24566480    0.23499486    0.22909433    0.22560105    0.22879646    0.22326265    0.21232414    0.19450739    0.33019562
T23            0.20463337    0.23445461    0.28488813    0.25075219    0.20410084    0.28350899    0.08329935    0.07858935    0.00000000    0.06968704    0.07849490    0.08078333    0.08329935    0.08740790    0.10158824    0.25747754    0.24363626    0.24363626    0.23999679    0.24330423    0.23235219    0.22646902    0.20265985    0.33424538
T1             0.19875959    0.22289637    0.28536954    0.25714038    0.19875959    0.26792817    0.07879928    0.07412439    0.06968704    0.00000000    0.03485694    0.03910332    0.04133665    0.07605954    0.10384208    0.26091200    0.24700908    0.24700908    0.24330423    0.24665784    0.24096587    0.22971930    0.20295927    0.34079892
T19            0.21777211    0.22776172    0.29716232    0.26536753    0.20922393    0.28588074    0.08561964    0.08088302    0.07849490    0.03485694    0.00000000    0.04972858    0.05200145    0.09418599    0.11547947    0.27862718    0.25510573    0.25510573    0.25137907    0.25475720    0.24298226    0.23172938    0.21061218    0.33917708
T20            0.22940195    0.23445461    0.29818043    0.26604600    0.21260058    0.29004617    0.08771215    0.08298438    0.08078333    0.03910332    0.04972858    0.00000000    0.01007279    0.09652254    0.11547947    0.26604600    0.27068566    0.27386078    0.26365135    0.26714354    0.25893017    0.25275634    0.21928399    0.35716847
T4             0.23004636    0.23827283    0.29924305    0.26676709    0.21318158    0.29099779    0.09264588    0.08782789    0.08329935    0.04133665    0.05200145    0.01007279    0.00000000    0.09909121    0.11333278    0.26990237    0.27151143    0.27470686    0.26439529    0.26792817    0.26518121    0.25350634    0.21995479    0.35836775
T2             0.18274684    0.21348610    0.26833630    0.23673485    0.18231815    0.25855146    0.08528863    0.07605954    0.08740790    0.07605954    0.09418599    0.09652254    0.09909121    0.00000000    0.08724115    0.24267039    0.23437426    0.23437426    0.22507114    0.22823010    0.23143271    0.22037213    0.18843952    0.30876164
T15            0.18252807    0.21961470    0.27605575    0.24236863    0.19070342    0.26833630    0.10637323    0.09673260    0.10158824    0.10384208    0.11547947    0.11547947    0.11333278    0.08724115    0.00000000    0.24598567    0.24737039    0.24737039    0.24363626    0.24096587    0.23235219    0.22709611    0.19760130    0.32722628
T0             0.21958336    0.25747754    0.31104738    0.28277760    0.23060196    0.29313491    0.26753058    0.24566480    0.25747754    0.26091200    0.27862718    0.26604600    0.26990237    0.24267039    0.24598567    0.00000000    0.20410084    0.20129941    0.20129941    0.20436249    0.19574323    0.18796342    0.24030981    0.35854949
T7             0.21834844    0.24506459    0.26478302    0.25987221    0.20922393    0.27623255    0.24737039    0.23499486    0.24363626    0.24700908    0.25510573    0.27068566    0.27151143    0.23437426    0.24737039    0.20410084    0.00000000    0.05638756    0.04756871    0.04977232    0.05626477    0.04549361    0.23038310    0.33466108
T17            0.20746656    0.22776172    0.25621313    0.25441900    0.20410084    0.27386078    0.24737039    0.22909433    0.24363626    0.24700908    0.25510573    0.27386078    0.27470686    0.23437426    0.24737039    0.20129941    0.05638756    0.00000000    0.04549361    0.04770586    0.05626477    0.04549361    0.21928399    0.33565523
T14            0.20410084    0.23004636    0.25239664    0.25137907    0.20360530    0.26990237    0.24363626    0.22560105    0.23999679    0.24330423    0.25137907    0.26365135    0.26439529    0.22507114    0.24363626    0.20129941    0.04756871    0.04549361    0.00000000    0.00602719    0.04966127    0.03902135    0.21002892    0.31417666
T16            0.20155319    0.23335970    0.25583372    0.25475720    0.20665773    0.27345376    0.24700908    0.22879646    0.24330423    0.24665784    0.25475720    0.26714354    0.26792817    0.22823010    0.24096587    0.20436249    0.04977232    0.04770586    0.00602719    0.00000000    0.05185610    0.04116979    0.21318158    0.31796490
T13            0.20746656    0.23599961    0.26478302    0.25747754    0.21205711    0.27623255    0.24130886    0.22326265    0.23235219    0.24096587    0.24298226    0.25893017    0.26518121    0.23143271    0.23235219    0.19574323    0.05626477    0.05626477    0.04966127    0.05185610    0.00000000    0.01617890    0.21805552    0.32091195
T8             0.19901472    0.22481147    0.25312624    0.24598567    0.20129941    0.27386078    0.23004636    0.21232414    0.22646902    0.22971930    0.23172938    0.25275634    0.25350634    0.22037213    0.22709611    0.18796342    0.04549361    0.04549361    0.03902135    0.04116979    0.01617890    0.00000000    0.20436249    0.31502986
T5             0.17242775    0.16225697    0.22776172    0.19508318    0.14421239    0.21576031    0.20042649    0.19450739    0.20265985    0.20295927    0.21061218    0.21928399    0.21995479    0.18843952    0.19760130    0.24030981    0.23038310    0.21928399    0.21002892    0.21318158    0.21805552    0.20436249    0.00000000    0.22622229
T18            0.28706373    0.32030440    0.37898527    0.35748000    0.29029007    0.37078556    0.34858637    0.33019562    0.33424538    0.34079892    0.33917708    0.35716847    0.35836775    0.30876164    0.32722628    0.35854949    0.33466108    0.33565523    0.31417666    0.31796490    0.32091195    0.31502986    0.22622229    0.00000000

