24
T3             0.00000000    0.30384215    0.30384215    0.33592132    0.34010713    0.30237318    0.32587076    0.31944026    0.31443529    0.34078194    0.35171075    0.35283407    0.33236245    0.32348713    0.34739834    0.34739834    0.34739834    0.35774269    0.32759509    0.38303949    0.31931982    0.32029034    0.31638602    0.29286430
T17            0.30384215    0.00000000    0.00401609    0.17943322    0.20105070    0.16692612    0.18274318    0.17756498    0.19003079    0.18982602    0.18843515    0.19345424    0.18026044    0.17509826    0.22506662    0.19977989    0.19977989    0.20509551    0.17448147    0.20265393    0.18692759    0.16869390    0.16885066    0.15409749
T0             0.30384215    0.00401609    0.00000000    0.17943322    0.20105070    0.16692612    0.18274318    0.17756498    0.19003079    0.18982602    0.18843515    0.19345424    0.18026044    0.17509826    0.22506662    0.19977989    0.19977989    0.20509551    0.17448147    0.20265393    0.18692759    0.16869390    0.16885066    0.15409749
T23            0.33592132    0.17943322    0.17943322    0.00000000    0.03280737    0.09844703    0.11012285    0.10547296    0.11951386    0.12893272    0.14604967    0.15592989    0.14436858    0.12949591    0.19276308    0.17131175    0.17131175    0.18173946    0.17850306    0.21702304    0.17429332    0.16674157    0.16395462    0.15444116
T13            0.34010713    0.20105070    0.20105070    0.03280737    0.00000000    0.12703282    0.13431787    0.12949591    0.14913684    0.15892881    0.17429332    0.18192237    0.17242441    0.15983393    0.22064865    0.19804551    0.19804551    0.20336769    0.20042025    0.23220181    0.17676651    0.18252466    0.17962678    0.16997348
T19            0.30237318    0.16692612    0.16692612    0.09844703    0.12703282    0.00000000    0.06714509    0.06276246    0.07363428    0.08502141    0.11480301    0.13406015    0.12716330    0.10792859    0.17131175    0.15123625    0.15123625    0.15877316    0.16774978    0.20104745    0.16674157    0.15926557    0.15909295    0.14234056
T2             0.32587076    0.18274318    0.18274318    0.11012285    0.13431787    0.06714509    0.00000000    0.00401105    0.08273307    0.10122767    0.13695881    0.14453481    0.13727716    0.11547796    0.18751977    0.15877316    0.15877316    0.17164777    0.17875920    0.21293594    0.17756498    0.16774978    0.16753110    0.15283435
T9             0.31944026    0.17756498    0.17756498    0.10547296    0.12949591    0.06276246    0.00401105    0.00000000    0.07825354    0.09662295    0.13211389    0.13963292    0.13242309    0.11077459    0.18231500    0.15378731    0.15378731    0.16656562    0.17358902    0.20747431    0.17242441    0.16267176    0.16245865    0.14785809
T8             0.31443529    0.19003079    0.19003079    0.11951386    0.14913684    0.07363428    0.08273307    0.07825354    0.00000000    0.10555890    0.14391890    0.15378731    0.15444116    0.13183645    0.18944379    0.17115691    0.17115691    0.17890591    0.18370528    0.21736358    0.18480970    0.17714818    0.17695294    0.15462548
T4             0.34078194    0.18982602    0.18982602    0.12893272    0.15892881    0.08502141    0.10122767    0.09662295    0.10555890    0.00000000    0.16430140    0.17982919    0.16774978    0.14421050    0.20292866    0.18963034    0.18963034    0.20037336    0.20236389    0.22882327    0.19597728    0.18546062    0.19024462    0.16797694
T10            0.35171075    0.18843515    0.18843515    0.14604967    0.17429332    0.11480301    0.13695881    0.13211389    0.14391890    0.16430140    0.00000000    0.05859467    0.12497870    0.10085295    0.19046749    0.18156553    0.18156553    0.18944379    0.19396017    0.22882327    0.19597728    0.17735220    0.17982919    0.16797694
T11            0.35283407    0.19345424    0.19345424    0.15592989    0.18192237    0.13406015    0.14453481    0.13963292    0.15378731    0.17982919    0.05859467    0.00000000    0.12226125    0.10539464    0.19827287    0.17859917    0.18124472    0.19450372    0.19622438    0.23107720    0.20665310    0.18546062    0.18795958    0.17555279
T1             0.33236245    0.18026044    0.18026044    0.14436858    0.17242441    0.12716330    0.13727716    0.13242309    0.15444116    0.16774978    0.12497870    0.12226125    0.00000000    0.08972201    0.20105070    0.16639831    0.16639831    0.18480970    0.18176373    0.21549964    0.18048923    0.16976479    0.16956468    0.15262384
T5             0.32348713    0.17509826    0.17509826    0.12949591    0.15983393    0.10792859    0.11547796    0.11077459    0.13183645    0.14421050    0.10085295    0.10539464    0.08972201    0.00000000    0.18795958    0.16395462    0.16395462    0.17164777    0.17875920    0.21293594    0.18297052    0.16468234    0.16976479    0.15283435
T15            0.34739834    0.22506662    0.22506662    0.19276308    0.22064865    0.17131175    0.18751977    0.18231500    0.18944379    0.20292866    0.19046749    0.19827287    0.20105070    0.18795958    0.00000000    0.14947072    0.14947072    0.15186380    0.22036682    0.25349704    0.22769863    0.21389706    0.21933579    0.20129498
T18            0.34739834    0.19977989    0.19977989    0.17131175    0.19804551    0.15123625    0.15877316    0.15378731    0.17115691    0.18963034    0.18156553    0.17859917    0.16639831    0.16395462    0.14947072    0.00000000    0.00401609    0.04362337    0.19003079    0.23899479    0.20549335    0.18406731    0.18926639    0.16919034
T21            0.34739834    0.19977989    0.19977989    0.17131175    0.19804551    0.15123625    0.15877316    0.15378731    0.17115691    0.18963034    0.18156553    0.18124472    0.16639831    0.16395462    0.14947072    0.00401609    0.00000000    0.04362337    0.18731334    0.23599170    0.20549335    0.18406731    0.18926639    0.16919034
T12            0.35774269    0.20509551    0.20509551    0.18173946    0.20336769    0.15877316    0.17164777    0.16656562    0.17890591    0.20037336    0.18944379    0.19450372    0.18480970    0.17164777    0.15186380    0.04362337    0.04362337    0.00000000    0.19529064    0.24468394    0.21086086    0.18926639    0.19450372    0.17962678
T22            0.32759509    0.17448147    0.17448147    0.17850306    0.20042025    0.16774978    0.17875920    0.17358902    0.18370528    0.20236389    0.19396017    0.19622438    0.18176373    0.17875920    0.22036682    0.19003079    0.18731334    0.19529064    0.00000000    0.07161941    0.14644419    0.13170971    0.13159099    0.11534625
T20            0.38303949    0.20265393    0.20265393    0.21702304    0.23220181    0.20104745    0.21293594    0.20747431    0.21736358    0.22882327    0.22882327    0.23107720    0.21549964    0.21293594    0.25349704    0.23899479    0.23599170    0.24468394    0.07161941    0.00000000    0.16997348    0.15501895    0.15481808    0.14291659
T7             0.31931982    0.18692759    0.18692759    0.17429332    0.17676651    0.16674157    0.17756498    0.17242441    0.18480970    0.19597728    0.19597728    0.20665310    0.18048923    0.18297052    0.22769863    0.20549335    0.20549335    0.21086086    0.14644419    0.16997348    0.00000000    0.04972843    0.04969146    0.05189764
T14            0.32029034    0.16869390    0.16869390    0.16674157    0.18252466    0.15926557    0.16774978    0.16267176    0.17714818    0.18546062    0.17735220    0.18546062    0.16976479    0.16468234    0.21389706    0.18406731    0.18406731    0.18926639    0.13170971    0.15501895    0.04972843    0.00000000    0.01210024    0.03914357
T6             0.31638602    0.16885066    0.16885066    0.16395462    0.17962678    0.15909295    0.16753110    0.16245865    0.17695294    0.19024462    0.17982919    0.18795958    0.16956468    0.16976479    0.21933579    0.18926639    0.18926639    0.19450372    0.13159099    0.15481808    0.04969146    0.01210024    0.00000000    0.04330648
T16            0.29286430    0.15409749    0.15409749    0.15444116    0.16997348    0.14234056    0.15283435    0.14785809    0.15462548    0.16797694    0.16797694    0.17555279    0.15262384    0.15283435    0.20129498    0.16919034    0.16919034    0.17962678    0.11534625    0.14291659    0.05189764    0.03914357    0.04330648    0.00000000

