24
T7             0.00000000    0.23299961    0.23563992    0.22645493    0.22324870    0.23334526    0.18501139    0.22123413    0.22123413    0.23266367    0.22970502    0.24393536    0.22984394    0.23731739    0.26602564    0.27303966    0.26165228    0.23938411    0.21648430    0.23202102    0.23202102    0.23058608    0.19422181    0.18772882
T15            0.23299961    0.00000000    0.00200301    0.10802529    0.10555617    0.13546943    0.10597657    0.18894184    0.19227452    0.19478217    0.19198883    0.22035847    0.21001698    0.21060045    0.24596865    0.26018891    0.24898987    0.23299961    0.20154206    0.21287418    0.21287418    0.21722034    0.17603834    0.33623656
T18            0.23563992    0.00200301    0.00000000    0.11030683    0.10783404    0.13781240    0.10824686    0.19144398    0.19478217    0.19729871    0.19449754    0.22296762    0.21258823    0.21316947    0.24865970    0.26292959    0.25169008    0.23563992    0.20408931    0.21545362    0.21545362    0.21982258    0.17849933    0.33925624
T16            0.22645493    0.10802529    0.11030683    0.00000000    0.00602718    0.13196785    0.09851376    0.18795364    0.19118487    0.19701516    0.18048447    0.22456489    0.20615274    0.22093271    0.25745872    0.25587644    0.24177799    0.22878174    0.19826557    0.20664578    0.20664578    0.20232954    0.16976006    0.33797465
T6             0.22324870    0.10555617    0.10783404    0.00602718    0.00000000    0.12936364    0.09612383    0.18230864    0.18545509    0.19118487    0.17755985    0.22719945    0.20313468    0.21775891    0.25407251    0.25258842    0.23856524    0.22558643    0.19528286    0.20359343    0.20359343    0.19941957    0.16692102    0.34100953
T1             0.23334526    0.13546943    0.13781240    0.13196785    0.12936364    0.00000000    0.08731874    0.19198883    0.19256903    0.20072557    0.19789265    0.21258823    0.19674057    0.20519162    0.24328772    0.23589547    0.23377737    0.22383974    0.19850257    0.21605137    0.21605137    0.20383674    0.16554271    0.34017422
T9             0.18501139    0.10597657    0.10824686    0.09851376    0.09612383    0.08731874    0.00000000    0.14929566    0.15222400    0.15762687    0.15501586    0.17641245    0.16135128    0.17982327    0.21412442    0.21303398    0.20527918    0.19550309    0.17146860    0.17714226    0.17714226    0.16323042    0.13492688    0.30311929
T4             0.22123413    0.18894184    0.19144398    0.18795364    0.18230864    0.19198883    0.14929566    0.00000000    0.03066856    0.09438272    0.09673016    0.18593420    0.17286052    0.21060045    0.25816463    0.26259434    0.25440055    0.22938755    0.20664578    0.22154507    0.22154507    0.21722034    0.17875577    0.34519226
T19            0.22123413    0.19227452    0.19478217    0.19118487    0.18545509    0.19256903    0.15222400    0.03066856    0.00000000    0.08068900    0.08298260    0.18593420    0.17286052    0.21122090    0.25581589    0.26018891    0.25202945    0.23003218    0.20435110    0.21060045    0.21060045    0.22353942    0.17656211    0.34876381
T5             0.23266367    0.19478217    0.19729871    0.19701516    0.19118487    0.20072557    0.15762687    0.09438272    0.08068900    0.00000000    0.02029406    0.20180515    0.18843000    0.21030408    0.23731739    0.24773055    0.23967726    0.22093271    0.19573244    0.20180515    0.20180515    0.22035847    0.18728559    0.35435998
T17            0.22970502    0.19198883    0.19449754    0.18048447    0.17755985    0.19789265    0.15501586    0.09673016    0.08298260    0.02029406    0.00000000    0.19900398    0.18569023    0.20745502    0.23141751    0.24177799    0.23377737    0.21516885    0.19023780    0.20180515    0.20180515    0.22035847    0.17902081    0.34721679
T0             0.24393536    0.22035847    0.22296762    0.22456489    0.22719945    0.21258823    0.17641245    0.18593420    0.18593420    0.20180515    0.19900398    0.00000000    0.07169046    0.22768747    0.27614532    0.27471990    0.26633881    0.24393536    0.22675117    0.24474541    0.24474541    0.24638815    0.19803773    0.34100953
T10            0.22984394    0.21001698    0.21258823    0.20615274    0.20313468    0.19674057    0.16135128    0.17286052    0.17286052    0.18843000    0.18569023    0.07169046    0.00000000    0.21153837    0.26195566    0.26054596    0.25232304    0.23032874    0.21064010    0.23406310    0.23406310    0.23273417    0.18795364    0.32814956
T20            0.23731739    0.21060045    0.21316947    0.22093271    0.21775891    0.20519162    0.17982327    0.21060045    0.21122090    0.21030408    0.20745502    0.22768747    0.21153837    0.00000000    0.14233778    0.13680802    0.12977417    0.12083142    0.09449328    0.20235870    0.20235870    0.20104339    0.15544281    0.31552236
T12            0.26602564    0.24596865    0.24865970    0.25745872    0.25407251    0.24328772    0.21412442    0.25816463    0.25581589    0.23731739    0.23141751    0.27614532    0.26195566    0.14233778    0.00000000    0.04338560    0.03710240    0.12962943    0.10085022    0.22035847    0.22035847    0.21672003    0.18868150    0.39767443
T11            0.27303966    0.26018891    0.26292959    0.25587644    0.25258842    0.23589547    0.21303398    0.26259434    0.26018891    0.24773055    0.24177799    0.27471990    0.26054596    0.13680802    0.04338560    0.00000000    0.03910290    0.12213944    0.09832721    0.21956909    0.21956909    0.21844726    0.18210743    0.39773529
T2             0.26165228    0.24898987    0.25169008    0.24177799    0.23856524    0.23377737    0.20527918    0.25440055    0.25202945    0.23967726    0.23377737    0.26633881    0.25232304    0.12977417    0.03710240    0.03910290    0.00000000    0.11740378    0.08927557    0.21982258    0.21982258    0.21344127    0.18545509    0.38428637
T14            0.23938411    0.23299961    0.23563992    0.22878174    0.22558643    0.22383974    0.19550309    0.22938755    0.23003218    0.22093271    0.21516885    0.24393536    0.23032874    0.12083142    0.12962943    0.12213944    0.11740378    0.00000000    0.05840560    0.20717602    0.20717602    0.20592024    0.18148806    0.35809372
T3             0.21648430    0.20154206    0.20408931    0.19826557    0.19528286    0.19850257    0.17146860    0.20664578    0.20435110    0.19573244    0.19023780    0.22675117    0.21064010    0.09449328    0.10085022    0.09832721    0.08927557    0.05840560    0.00000000    0.19069341    0.19069341    0.18423112    0.15501586    0.32814956
T21            0.23202102    0.21287418    0.21545362    0.20664578    0.20359343    0.21605137    0.17714226    0.22154507    0.21060045    0.20180515    0.20180515    0.24474541    0.23406310    0.20235870    0.22035847    0.21956909    0.21982258    0.20717602    0.19069341    0.00000000    0.00000000    0.13445544    0.13313429    0.34533384
T23            0.23202102    0.21287418    0.21545362    0.20664578    0.20359343    0.21605137    0.17714226    0.22154507    0.21060045    0.20180515    0.20180515    0.24474541    0.23406310    0.20235870    0.22035847    0.21956909    0.21982258    0.20717602    0.19069341    0.00000000    0.00000000    0.13445544    0.13313429    0.34533384
T13            0.23058608    0.21722034    0.21982258    0.20232954    0.19941957    0.20383674    0.16323042    0.21722034    0.22353942    0.22035847    0.22035847    0.24638815    0.23273417    0.20104339    0.21672003    0.21844726    0.21344127    0.20592024    0.18423112    0.13445544    0.13445544    0.00000000    0.14233778    0.34142303
T22            0.19422181    0.17603834    0.17849933    0.16976006    0.16692102    0.16554271    0.13492688    0.17875577    0.17656211    0.18728559    0.17902081    0.19803773    0.18795364    0.15544281    0.18868150    0.18210743    0.18545509    0.18148806    0.15501586    0.13313429    0.13313429    0.14233778    0.00000000    0.29883220
T8             0.18772882    0.33623656    0.33925624    0.33797465    0.34100953    0.34017422    0.30311929    0.34519226    0.34876381    0.35435998    0.34721679    0.34100953    0.32814956    0.31552236    0.39767443    0.39773529    0.38428637    0.35809372    0.32814956    0.34533384    0.34533384    0.34142303    0.29883220    0.00000000

