24
T5             0.00000000    0.36646605    0.35855983    0.34472230    0.34168990    0.33867013    0.34168990    0.32729808    0.31348240    0.30385952    0.30098260    0.24747040    0.22964685    0.24127561    0.23519494    0.24153543    0.28424832    0.28707246    0.31057135    0.26370090    0.24868333    0.25855448    0.26091680    0.26128327
T21            0.36646605    0.00000000    0.08992949    0.08519325    0.09934166    0.09710227    0.09934166    0.20237039    0.27282686    0.27007069    0.27282686    0.29681343    0.25988038    0.29811710    0.29111342    0.28870517    0.29153776    0.30098260    0.31945495    0.29766289    0.29681343    0.29526294    0.29438155    0.29723661
T3             0.35855983    0.08992949    0.00000000    0.04760816    0.08750275    0.08528904    0.08750275    0.19648743    0.25660316    0.26012723    0.26918295    0.28105330    0.23326181    0.27902705    0.27230383    0.26677230    0.27902705    0.28182831    0.31653211    0.28395781    0.28105330    0.27943171    0.27230383    0.26881584
T17            0.34472230    0.08519325    0.04760816    0.00000000    0.08954692    0.08732215    0.08954692    0.20130337    0.26478533    0.26204756    0.26478533    0.29275441    0.24422556    0.29070029    0.28386719    0.27508575    0.28746390    0.29681343    0.32533604    0.28676755    0.29926944    0.29438155    0.28386719    0.28032246
T2             0.34168990    0.09934166    0.08750275    0.08954692    0.00000000    0.00200303    0.00401213    0.15444606    0.25119974    0.24851321    0.25741125    0.27158893    0.22459083    0.26953271    0.26295742    0.26990723    0.27267750    0.27545854    0.29618931    0.26875482    0.26847354    0.26990723    0.26295742    0.26571013
T10            0.33867013    0.09710227    0.08528904    0.08732215    0.00200303    0.00000000    0.00200303    0.15204597    0.25159976    0.24891373    0.25783062    0.26881584    0.22196475    0.26677230    0.26021533    0.26714765    0.26990723    0.27267750    0.29334689    0.26600820    0.26571013    0.26714765    0.26021533    0.26295742
T16            0.34168990    0.09934166    0.08750275    0.08954692    0.00401213    0.00200303    0.00000000    0.15444606    0.25429585    0.25159976    0.26054619    0.27158893    0.22459083    0.26953271    0.26295742    0.26990723    0.27267750    0.27545854    0.29618931    0.26875482    0.26847354    0.26990723    0.26295742    0.26571013
T1             0.32729808    0.20237039    0.19648743    0.20130337    0.15444606    0.15204597    0.15444606    0.00000000    0.27282686    0.26370090    0.26962158    0.26262359    0.22771210    0.25748376    0.25106841    0.25171375    0.27306194    0.27584219    0.30238759    0.26204756    0.24990232    0.24805625    0.25714772    0.25988038
T4             0.31348240    0.27282686    0.25660316    0.26478533    0.25119974    0.25159976    0.25429585    0.27282686    0.00000000    0.04124029    0.08539199    0.25275901    0.22746448    0.24567117    0.23940890    0.25818717    0.26640758    0.26916891    0.28223232    0.24544559    0.26056081    0.26204756    0.25442554    0.24868333
T6             0.30385952    0.27007069    0.26012723    0.26204756    0.24851321    0.24891373    0.25159976    0.26370090    0.04124029    0.00000000    0.05852570    0.24330884    0.21911567    0.24298789    0.23674207    0.25546793    0.25748376    0.26021533    0.27943171    0.24277844    0.24567117    0.24701141    0.24935142    0.24363988
T20            0.30098260    0.27282686    0.26918295    0.26478533    0.25741125    0.25783062    0.26054619    0.26962158    0.08539199    0.05852570    0.00000000    0.25205190    0.22220573    0.24330884    0.23703524    0.24970078    0.24868333    0.25138591    0.27029243    0.23709074    0.24363988    0.25043000    0.24901226    0.24330884
T0             0.24747040    0.29681343    0.28105330    0.29275441    0.27158893    0.26881584    0.27158893    0.26262359    0.25275901    0.24330884    0.25205190    0.00000000    0.08039326    0.08266601    0.08488228    0.09897782    0.13980589    0.14216837    0.15784946    0.16267600    0.16624778    0.15909911    0.16624778    0.17165542
T23            0.22964685    0.25988038    0.23326181    0.24422556    0.22459083    0.22196475    0.22459083    0.22771210    0.22746448    0.21911567    0.22220573    0.08039326    0.00000000    0.05846302    0.05403074    0.05852570    0.10825128    0.10598052    0.13276638    0.13211760    0.13128973    0.13394899    0.13847942    0.13857513
T8             0.24127561    0.29811710    0.27902705    0.29070029    0.26953271    0.26677230    0.26953271    0.25748376    0.24567117    0.24298789    0.24330884    0.08266601    0.05846302    0.00000000    0.00805149    0.02875844    0.12528481    0.12760468    0.15067148    0.15763383    0.15606944    0.15153903    0.15863360    0.16396172
T13            0.23519494    0.29111342    0.27230383    0.28386719    0.26295742    0.26021533    0.26295742    0.25106841    0.23940890    0.23674207    0.23703524    0.08488228    0.05403074    0.00805149    0.00000000    0.02450684    0.12021527    0.12252471    0.14528363    0.15223153    0.15086168    0.14631045    0.15339337    0.15863360
T9             0.24153543    0.28870517    0.26677230    0.27508575    0.26990723    0.26714765    0.26990723    0.25171375    0.25818717    0.25546793    0.24970078    0.09897782    0.05852570    0.02875844    0.02450684    0.00000000    0.13043566    0.13276638    0.15614881    0.16312668    0.16136426    0.15685448    0.16396172    0.16413036
T18            0.28424832    0.29153776    0.27902705    0.28746390    0.27267750    0.26990723    0.27267750    0.27306194    0.26640758    0.25748376    0.24868333    0.13980589    0.10825128    0.12528481    0.12021527    0.13043566    0.00000000    0.01619031    0.05449580    0.18176780    0.17779234    0.18097809    0.19876297    0.19901732
T22            0.28707246    0.30098260    0.28182831    0.29681343    0.27545854    0.27267750    0.27545854    0.27584219    0.26916891    0.26021533    0.25138591    0.14216837    0.10598052    0.12760468    0.12252471    0.13276638    0.01619031    0.00000000    0.05662173    0.18424323    0.18026675    0.18345711    0.19025291    0.19047527
T11            0.31057135    0.31945495    0.31653211    0.32533604    0.29618931    0.29334689    0.29618931    0.30238759    0.28223232    0.27943171    0.27029243    0.15784946    0.13276638    0.15067148    0.14528363    0.15614881    0.05449580    0.05662173    0.00000000    0.20424418    0.20491483    0.20612378    0.22448369    0.22481180
T19            0.26370090    0.29766289    0.28395781    0.28676755    0.26875482    0.26600820    0.26875482    0.26204756    0.24544559    0.24277844    0.23709074    0.16267600    0.13211760    0.15763383    0.15223153    0.16312668    0.18176780    0.18424323    0.20424418    0.00000000    0.13043566    0.12367776    0.13043566    0.13313799
T7             0.24868333    0.29681343    0.28105330    0.29926944    0.26847354    0.26571013    0.26847354    0.24990232    0.26056081    0.24567117    0.24363988    0.16624778    0.13128973    0.15606944    0.15086168    0.16136426    0.17779234    0.18026675    0.20491483    0.13043566    0.00000000    0.04982293    0.10329131    0.10338653
T15            0.25855448    0.29526294    0.27943171    0.29438155    0.26990723    0.26714765    0.26990723    0.24805625    0.26204756    0.24701141    0.25043000    0.15909911    0.13394899    0.15153903    0.14631045    0.15685448    0.18097809    0.18345711    0.20612378    0.12367776    0.04982293    0.00000000    0.09662485    0.09909174
T12            0.26091680    0.29438155    0.27230383    0.28386719    0.26295742    0.26021533    0.26295742    0.25714772    0.25442554    0.24935142    0.24901226    0.16624778    0.13847942    0.15863360    0.15339337    0.16396172    0.19876297    0.19025291    0.22448369    0.13043566    0.10329131    0.09662485    0.00000000    0.01414112
T14            0.26128327    0.29723661    0.26881584    0.28032246    0.26571013    0.26295742    0.26571013    0.25988038    0.24868333    0.24363988    0.24330884    0.17165542    0.13857513    0.16396172    0.15863360    0.16413036    0.19901732    0.19047527    0.22481180    0.13313799    0.10338653    0.09909174    0.01414112    0.00000000

