24
T13            0.00000000    0.32263595    0.33121195    0.30464706    0.31461791    0.34778206    0.30464706    0.31086210    0.30464706    0.29130878    0.29848706    0.29812324    0.30102978    0.31064843    0.30771115    0.30157992    0.32093343    0.24331702    0.31257339    0.31257339    0.30425894    0.30425894    0.28068905    0.27437773
T22            0.32263595    0.00000000    0.08308378    0.16640503    0.16640503    0.19256075    0.22173143    0.22150875    0.21606436    0.21867524    0.21346320    0.23475272    0.23992245    0.22353460    0.22656711    0.22109304    0.28669905    0.19575082    0.26847834    0.26847834    0.26415151    0.25808913    0.23252474    0.22677620
T4             0.33121195    0.08308378    0.00000000    0.16977380    0.17779697    0.20464267    0.20337921    0.20315442    0.20337921    0.21155989    0.20641511    0.21888986    0.22392654    0.21628075    0.21934843    0.21390911    0.27473044    0.20237908    0.27625001    0.27625001    0.26606076    0.25988590    0.23352805    0.22771254
T15            0.30464706    0.16640503    0.16977380    0.00000000    0.04541840    0.08298578    0.21109155    0.21934843    0.21390911    0.22220627    0.21698808    0.23834019    0.24055127    0.23187850    0.22636809    0.22942491    0.29030807    0.21062263    0.27030544    0.27030544    0.26262834    0.25651021    0.22746352    0.22173143
T8             0.31461791    0.16640503    0.17779697    0.04541840    0.00000000    0.07403449    0.21109155    0.21934843    0.21109155    0.22508055    0.21698808    0.23252474    0.23475272    0.22335371    0.21791539    0.22090008    0.27752342    0.20492308    0.26641644    0.26641644    0.25651021    0.25046610    0.22508055    0.21934843
T11            0.34778206    0.19256075    0.20464267    0.08298578    0.07403449    0.00000000    0.23674593    0.24837004    0.24268237    0.25988590    0.25139209    0.25534907    0.26057949    0.26057949    0.25483221    0.25808913    0.30878201    0.23302702    0.30480385    0.30480385    0.29641154    0.28991561    0.26538139    0.25924449
T3             0.30464706    0.22173143    0.20337921    0.21109155    0.21109155    0.23674593    0.00000000    0.02245609    0.01833225    0.05632342    0.04554173    0.12913744    0.13620073    0.13373737    0.13630763    0.13642271    0.25590849    0.16977380    0.24747124    0.24747124    0.24449423    0.23859290    0.20851132    0.20293901
T18            0.31086210    0.22150875    0.20315442    0.21934843    0.21934843    0.24837004    0.02245609    0.00000000    0.00805151    0.05846327    0.05200200    0.13642271    0.14354728    0.13857148    0.13620073    0.13630763    0.24963375    0.16957321    0.25318206    0.25318206    0.25017820    0.24422414    0.21390911    0.20828980
T6             0.30464706    0.21606436    0.20337921    0.21390911    0.21109155    0.24268237    0.01833225    0.00805151    0.00000000    0.05413031    0.04770634    0.13159475    0.13867629    0.13373737    0.13138087    0.13148377    0.24396438    0.16449571    0.24747124    0.24747124    0.24449423    0.23859290    0.20851132    0.20293901
T7             0.29130878    0.21867524    0.21155989    0.22220627    0.22508055    0.25988590    0.05632342    0.05846327    0.05413031    0.00000000    0.02648475    0.13394713    0.14105319    0.14354728    0.13867629    0.13878934    0.25562347    0.17489344    0.25017820    0.25017820    0.23834019    0.23834019    0.20828980    0.20273299
T21            0.29848706    0.21346320    0.20641511    0.21698808    0.21698808    0.25139209    0.04554173    0.05200200    0.04770634    0.02648475    0.00000000    0.12925042    0.13630763    0.13878934    0.13642271    0.13654594    0.25017820    0.16998297    0.25076440    0.25076440    0.23885579    0.23300627    0.20315442    0.19762832
T16            0.29812324    0.23475272    0.21888986    0.23834019    0.23252474    0.25534907    0.12913744    0.13642271    0.13159475    0.13394713    0.12925042    0.00000000    0.00804342    0.08710456    0.08260321    0.08266531    0.25688660    0.20253641    0.27249196    0.27249196    0.26285834    0.25688660    0.23149878    0.22583180
T14            0.30102978    0.23992245    0.22392654    0.24055127    0.23475272    0.26057949    0.13620073    0.14354728    0.13867629    0.14105319    0.13630763    0.00804342    0.00000000    0.09151954    0.08699612    0.08704665    0.26221439    0.21026988    0.27529419    0.27529419    0.27122592    0.26520021    0.23955564    0.23384008
T20            0.31064843    0.22353460    0.21628075    0.23187850    0.22335371    0.26057949    0.13373737    0.13857148    0.13373737    0.14354728    0.13878934    0.08710456    0.09151954    0.00000000    0.02238887    0.01826984    0.27426625    0.21066146    0.28779864    0.28779864    0.26263261    0.25964678    0.23417399    0.22849091
T19            0.30771115    0.22656711    0.21934843    0.22636809    0.21791539    0.25483221    0.13630763    0.13620073    0.13138087    0.13867629    0.13642271    0.08260321    0.08699612    0.02238887    0.00000000    0.01212490    0.27145667    0.20807780    0.28495744    0.28495744    0.25986355    0.25688660    0.24012162    0.23435655
T5             0.30157992    0.22109304    0.21390911    0.22942491    0.22090008    0.25808913    0.13642271    0.13630763    0.13148377    0.13878934    0.13654594    0.08266531    0.08704665    0.01826984    0.01212490    0.00000000    0.26563640    0.20273299    0.27899180    0.27899180    0.26009128    0.25710543    0.23454948    0.22883387
T2             0.32093343    0.28669905    0.27473044    0.29030807    0.27752342    0.30878201    0.25590849    0.24963375    0.24396438    0.25562347    0.25017820    0.25688660    0.26221439    0.27426625    0.27145667    0.26563640    0.00000000    0.19731830    0.26129504    0.26129504    0.24477461    0.23885579    0.23941204    0.23646138
T23            0.24331702    0.19575082    0.20237908    0.21062263    0.20492308    0.23302702    0.16977380    0.16957321    0.16449571    0.17489344    0.16998297    0.20253641    0.21026988    0.21066146    0.20807780    0.20273299    0.19731830    0.00000000    0.16775977    0.16775977    0.16732993    0.16206573    0.15763899    0.15242964
T9             0.31257339    0.26847834    0.27625001    0.27030544    0.26641644    0.30480385    0.24747124    0.25318206    0.24747124    0.25017820    0.25076440    0.27249196    0.27529419    0.28779864    0.28495744    0.27899180    0.26129504    0.16775977    0.00000000    0.00000000    0.22771254    0.23061183    0.22299179    0.22010920
T1             0.31257339    0.26847834    0.27625001    0.27030544    0.26641644    0.30480385    0.24747124    0.25318206    0.24747124    0.25017820    0.25076440    0.27249196    0.27529419    0.28779864    0.28495744    0.27899180    0.26129504    0.16775977    0.00000000    0.00000000    0.22771254    0.23061183    0.22299179    0.22010920
T12            0.30425894    0.26415151    0.26606076    0.26262834    0.25651021    0.29641154    0.24449423    0.25017820    0.24449423    0.23834019    0.23885579    0.26285834    0.27122592    0.26263261    0.25986355    0.26009128    0.24477461    0.16732993    0.22771254    0.22771254    0.00000000    0.00401610    0.20315442    0.19762832
T0             0.30425894    0.25808913    0.25988590    0.25651021    0.25046610    0.28991561    0.23859290    0.24422414    0.23859290    0.23834019    0.23300627    0.25688660    0.26520021    0.25964678    0.25688660    0.25710543    0.23885579    0.16206573    0.23061183    0.23061183    0.00401610    0.00000000    0.19762832    0.19216268
T10            0.28068905    0.23252474    0.23352805    0.22746352    0.22508055    0.26538139    0.20851132    0.21390911    0.20851132    0.20828980    0.20315442    0.23149878    0.23955564    0.23417399    0.24012162    0.23454948    0.23941204    0.15763899    0.22299179    0.22299179    0.20315442    0.19762832    0.00000000    0.00401610
T17            0.27437773    0.22677620    0.22771254    0.22173143    0.21934843    0.25924449    0.20293901    0.20828980    0.20293901    0.20273299    0.19762832    0.22583180    0.23384008    0.22849091    0.23435655    0.22883387    0.23646138    0.15242964    0.22010920    0.22010920    0.19762832    0.19216268    0.00401610    0.00000000

