24
T19            0.00000000    0.29433741    0.27665565    0.27944528    0.28224578    0.27268920    0.23268981    0.21003857    0.21233462    0.21233462    0.25262757    0.26140119    0.24938649    0.25172308    0.26022489    0.27473404    0.20182509    0.13259534    0.13259534    0.18425031    0.11260355    0.10825276    0.10825276    0.10813849
T20            0.29433741    0.00000000    0.04349218    0.17310760    0.17020049    0.17510868    0.30627702    0.27429413    0.28308812    0.28308812    0.32731266    0.32942747    0.31339901    0.33538577    0.32377655    0.33268710    0.31739313    0.27838740    0.27838740    0.35242328    0.32777704    0.32647223    0.32647223    0.32590914
T4             0.27665565    0.04349218    0.00000000    0.16977462    0.16169948    0.16657544    0.30480150    0.27307433    0.28184105    0.28184105    0.32346891    0.31228366    0.29993958    0.33482148    0.32327340    0.32526187    0.31595445    0.27387681    0.27387681    0.35046073    0.30921862    0.31106849    0.31106849    0.31058848
T15            0.27944528    0.17310760    0.16977462    0.00000000    0.02859708    0.03697598    0.30627702    0.27665565    0.29198866    0.29198866    0.32731266    0.32264602    0.31008697    0.34384408    0.33218428    0.34222348    0.32920179    0.27903990    0.27903990    0.34983177    0.31303140    0.31058848    0.31058848    0.31012015
T8             0.28224578    0.17020049    0.16169948    0.02859708    0.00000000    0.02440586    0.30240580    0.27944528    0.28829425    0.28829425    0.32687115    0.32225308    0.30971403    0.34687661    0.33169381    0.34882814    0.32526187    0.26917938    0.26917938    0.34557790    0.30921862    0.30342939    0.30342939    0.30299509
T18            0.27268920    0.17510868    0.16657544    0.03697598    0.02440586    0.00000000    0.30577372    0.27944528    0.28829425    0.28829425    0.32687115    0.32225308    0.30971403    0.33973149    0.33517911    0.34882814    0.32526187    0.26606346    0.26606346    0.34921544    0.30588444    0.30342939    0.30342939    0.30299509
T7             0.23268981    0.30627702    0.30480150    0.30627702    0.30240580    0.30577372    0.00000000    0.04139494    0.04343605    0.04343605    0.11730499    0.11961599    0.11242112    0.23601098    0.23533199    0.23734661    0.29527897    0.24132124    0.24132124    0.28443354    0.27509663    0.26479803    0.26479803    0.26441070
T16            0.21003857    0.27429413    0.27307433    0.27665565    0.27944528    0.27944528    0.04139494    0.00000000    0.01415451    0.01415451    0.09387944    0.09613047    0.09152191    0.20182509    0.20130902    0.20060418    0.27986154    0.21835885    0.21835885    0.25351946    0.24806390    0.23500727    0.23500727    0.23469243
T6             0.21233462    0.28308812    0.28184105    0.29198866    0.28829425    0.28829425    0.04343605    0.01415451    0.00000000    0.00401609    0.09376983    0.09602529    0.09143790    0.20976123    0.20923466    0.21132490    0.27665565    0.21491743    0.21491743    0.25584775    0.24747685    0.23734661    0.23734661    0.23704287
T5             0.21233462    0.28308812    0.28184105    0.29198866    0.28829425    0.28829425    0.04343605    0.01415451    0.00401609    0.00000000    0.09376983    0.09602529    0.09143790    0.20976123    0.20923466    0.21132490    0.27665565    0.21491743    0.21491743    0.25584775    0.24747685    0.23734661    0.23734661    0.23704287
T2             0.25262757    0.32731266    0.32346891    0.32731266    0.32687115    0.32687115    0.11730499    0.09387944    0.09376983    0.09376983    0.00000000    0.07140417    0.06043571    0.23619182    0.24693127    0.25210942    0.33868888    0.26199536    0.26199536    0.30921862    0.30717077    0.29166269    0.29166269    0.29131789
T13            0.26140119    0.32942747    0.31228366    0.32264602    0.32225308    0.32225308    0.11961599    0.09613047    0.09602529    0.09602529    0.07140417    0.00000000    0.03483247    0.26416031    0.26059078    0.25987825    0.34679493    0.26721900    0.26721900    0.30717077    0.31928950    0.30028053    0.30028053    0.29993958
T1             0.24938649    0.31339901    0.29993958    0.31008697    0.30971403    0.30971403    0.11242112    0.09152191    0.09143790    0.09143790    0.06043571    0.03483247    0.00000000    0.23787481    0.23456101    0.23974799    0.32687115    0.25262757    0.25262757    0.30465335    0.30028053    0.27308537    0.27308537    0.27278872
T10            0.25172308    0.33538577    0.33482148    0.34384408    0.34687661    0.33973149    0.23601098    0.20182509    0.20976123    0.20976123    0.23619182    0.26416031    0.23787481    0.00000000    0.03284748    0.06073869    0.32134564    0.26366764    0.26366764    0.31497407    0.29601335    0.30099842    0.30099842    0.30055214
T3             0.26022489    0.32377655    0.32327340    0.33218428    0.33169381    0.33517911    0.23533199    0.20130902    0.20923466    0.20923466    0.24693127    0.26059078    0.23456101    0.03284748    0.00000000    0.05840747    0.31349942    0.25683059    0.25683059    0.31642214    0.28246252    0.29031075    0.29031075    0.28991938
T23            0.27473404    0.33268710    0.32526187    0.34222348    0.34882814    0.34882814    0.23734661    0.20060418    0.21132490    0.21132490    0.25210942    0.25987825    0.23974799    0.06073869    0.05840747    0.00000000    0.32777704    0.27195130    0.27195130    0.33320225    0.30137389    0.31213078    0.31213078    0.31169823
T11            0.20182509    0.31739313    0.31595445    0.32920179    0.32526187    0.32526187    0.29527897    0.27986154    0.27665565    0.27665565    0.33868888    0.34679493    0.32687115    0.32134564    0.31349942    0.32777704    0.00000000    0.15964471    0.15964471    0.21003857    0.23646544    0.25512057    0.25512057    0.25477247
T17            0.13259534    0.27838740    0.27387681    0.27903990    0.26917938    0.26606346    0.24132124    0.21835885    0.21491743    0.21491743    0.26199536    0.26721900    0.25262757    0.26366764    0.25683059    0.27195130    0.15964471    0.00000000    0.00000000    0.12252669    0.16413317    0.16712879    0.16712879    0.16693573
T14            0.13259534    0.27838740    0.27387681    0.27903990    0.26917938    0.26606346    0.24132124    0.21835885    0.21491743    0.21491743    0.26199536    0.26721900    0.25262757    0.26366764    0.25683059    0.27195130    0.15964471    0.00000000    0.00000000    0.12252669    0.16413317    0.16712879    0.16712879    0.16693573
T9             0.18425031    0.35242328    0.35046073    0.34983177    0.34557790    0.34921544    0.28443354    0.25351946    0.25584775    0.25584775    0.30921862    0.30717077    0.30465335    0.31497407    0.31642214    0.33320225    0.21003857    0.12252669    0.12252669    0.00000000    0.21866093    0.20776360    0.20776360    0.20747576
T12            0.11260355    0.32777704    0.30921862    0.31303140    0.30921862    0.30588444    0.27509663    0.24806390    0.24747685    0.24747685    0.30717077    0.31928950    0.30028053    0.29601335    0.28246252    0.30137389    0.23646544    0.16413317    0.16413317    0.21866093    0.00000000    0.09177961    0.09177961    0.09170405
T22            0.10825276    0.32647223    0.31106849    0.31058848    0.30342939    0.30342939    0.26479803    0.23500727    0.23734661    0.23734661    0.29166269    0.30028053    0.27308537    0.30099842    0.29031075    0.31213078    0.25512057    0.16712879    0.16712879    0.20776360    0.09177961    0.00000000    0.00401609    0.00200302
T0             0.10825276    0.32647223    0.31106849    0.31058848    0.30342939    0.30342939    0.26479803    0.23500727    0.23734661    0.23734661    0.29166269    0.30028053    0.27308537    0.30099842    0.29031075    0.31213078    0.25512057    0.16712879    0.16712879    0.20776360    0.09177961    0.00401609    0.00000000    0.00401106
T21            0.10813849    0.32590914    0.31058848    0.31012015    0.30299509    0.30299509    0.26441070    0.23469243    0.23704287    0.23704287    0.29131789    0.29993958    0.27278872    0.30055214    0.28991938    0.31169823    0.25477247    0.16693573    0.16693573    0.20747576    0.09170405    0.00200302    0.00401106    0.00000000

