24
T18            0.00000000    0.23093409    0.19485641    0.19151025    0.22969684    0.29066543    0.28690614    0.28737022    0.27390647    0.31997144    0.32444431    0.21197221    0.22371831    0.23154827    0.23092040    0.21560016    0.16986822    0.19962747    0.19045406    0.19676675    0.19426358    0.19676675    0.21420269    0.18402908
T6             0.23093409    0.00000000    0.12037847    0.12009602    0.21871333    0.28099330    0.27762938    0.27481268    0.26421363    0.30748703    0.30485549    0.20477213    0.21030189    0.22660450    0.22177406    0.29407796    0.24876190    0.29494839    0.28193962    0.28516012    0.28883210    0.28193962    0.29247338    0.28717700
T9             0.19485641    0.12037847    0.00000000    0.00804442    0.18574877    0.24543191    0.24214830    0.24244313    0.22947933    0.27066999    0.27132977    0.18030883    0.18574877    0.20160993    0.19151025    0.23909742    0.20334083    0.23758089    0.23681604    0.24368744    0.24103124    0.23758089    0.25053140    0.25322894
T3             0.19151025    0.12009602    0.00804442    0.00000000    0.19075266    0.25083006    0.24753112    0.24782331    0.23475718    0.27625423    0.27690910    0.17987266    0.18528297    0.20110645    0.19099621    0.23609036    0.20049661    0.23455545    0.23380891    0.24062482    0.23797797    0.23455545    0.24746896    0.24943904
T17            0.22969684    0.21871333    0.18574877    0.19075266    0.00000000    0.11984462    0.11731396    0.11501119    0.10611916    0.17134202    0.16904878    0.12564557    0.12564557    0.14789783    0.13846249    0.26701012    0.23797797    0.27439236    0.26701012    0.27115049    0.27163630    0.26792957    0.28690614    0.27619762
T2             0.29066543    0.28099330    0.24543191    0.25083006    0.11984462    0.00000000    0.00401106    0.02027342    0.03483287    0.22338434    0.22093330    0.16472178    0.16736250    0.18054013    0.18874500    0.32097744    0.28972656    0.32552253    0.32444431    0.32203128    0.32257611    0.32552253    0.32836101    0.35125001
T1             0.28690614    0.27762938    0.24214830    0.24753112    0.11731396    0.00401106    0.00000000    0.01617381    0.03064698    0.22040767    0.21794439    0.16190498    0.16452486    0.17761097    0.18574877    0.31703742    0.28601103    0.32149839    0.32046845    0.31804350    0.31856433    0.32149839    0.32445820    0.34704680
T12            0.28737022    0.27481268    0.24244313    0.24782331    0.11501119    0.02027342    0.01617381    0.00000000    0.03066974    0.22057281    0.21812172    0.15948194    0.16209497    0.18279149    0.17783492    0.32097744    0.28645307    0.31856433    0.31753452    0.31512133    0.31564204    0.31856433    0.32149928    0.34043563
T23            0.27390647    0.26421363    0.22947933    0.23475718    0.10611916    0.03483287    0.03064698    0.03066974    0.00000000    0.20771473    0.20533403    0.15245914    0.15505863    0.17560374    0.16583362    0.31727459    0.27619762    0.30801962    0.30694478    0.30460000    0.30514277    0.30801962    0.31411522    0.33316156
T5             0.31997144    0.30748703    0.27066999    0.27625423    0.17134202    0.22338434    0.22040767    0.22057281    0.20771473    0.00000000    0.01617904    0.20855239    0.21136418    0.23066410    0.22886763    0.34084883    0.31561757    0.34540641    0.33734577    0.34185331    0.33634863    0.33935538    0.35305463    0.36075805
T11            0.32444431    0.30485549    0.27132977    0.27690910    0.16904878    0.22093330    0.21794439    0.21812172    0.20533403    0.01617904    0.00000000    0.20621659    0.20342052    0.22829523    0.22947933    0.35258951    0.31997144    0.35009183    0.34185331    0.34648725    0.34099456    0.34401441    0.36023720    0.36183976
T15            0.21197221    0.20477213    0.18030883    0.17987266    0.12564557    0.16472178    0.16190498    0.15948194    0.15245914    0.20855239    0.20621659    0.00000000    0.05846672    0.07162545    0.07631468    0.26383037    0.22594855    0.25525011    0.24516653    0.24902934    0.24944455    0.25213002    0.26764222    0.26887877
T13            0.22371831    0.21030189    0.18574877    0.18528297    0.12564557    0.16736250    0.16452486    0.16209497    0.15505863    0.21136418    0.20342052    0.05846672    0.00000000    0.04969338    0.07859868    0.26383037    0.22892879    0.25525011    0.24822903    0.25525011    0.25568485    0.25838986    0.27718110    0.25711708
T20            0.23154827    0.22660450    0.20160993    0.20110645    0.14789783    0.18054013    0.17761097    0.18279149    0.17560374    0.23066410    0.22829523    0.07162545    0.04969338    0.00000000    0.09450834    0.27851015    0.23681604    0.26656604    0.25943002    0.26656604    0.26701012    0.26975593    0.28234907    0.27718110
T8             0.23092040    0.22177406    0.19151025    0.19099621    0.13846249    0.18874500    0.18574877    0.17783492    0.16583362    0.22886763    0.22947933    0.07631468    0.07859868    0.09450834    0.00000000    0.27067514    0.23231529    0.25883456    0.24862417    0.25255493    0.24986975    0.25255493    0.28084445    0.27573296
T19            0.21560016    0.29407796    0.23909742    0.23609036    0.26701012    0.32097744    0.31703742    0.32097744    0.31727459    0.34084883    0.35258951    0.26383037    0.26383037    0.27851015    0.27067514    0.00000000    0.12053128    0.15027664    0.14474104    0.14255841    0.14275236    0.14511789    0.16472178    0.26975593
T0             0.16986822    0.24876190    0.20334083    0.20049661    0.23797797    0.28972656    0.28601103    0.28645307    0.27619762    0.31561757    0.31997144    0.22594855    0.22892879    0.23681604    0.23231529    0.12053128    0.00000000    0.05206751    0.05413338    0.04988355    0.04994779    0.05206751    0.13983261    0.24762991
T10            0.19962747    0.29494839    0.23758089    0.23455545    0.27439236    0.32552253    0.32149839    0.31856433    0.30801962    0.34540641    0.35009183    0.25525011    0.25525011    0.26656604    0.25883456    0.15027664    0.05206751    0.00000000    0.04334503    0.04343856    0.03919317    0.04128757    0.17314848    0.28145816
T22            0.19045406    0.28193962    0.23681604    0.23380891    0.26701012    0.32444431    0.32046845    0.31753452    0.30694478    0.33734577    0.34185331    0.24516653    0.24822903    0.25943002    0.24862417    0.14474104    0.05413338    0.04334503    0.00000000    0.02027342    0.01617381    0.01821994    0.17001730    0.25883456
T14            0.19676675    0.28516012    0.24368744    0.24062482    0.27115049    0.32203128    0.31804350    0.31512133    0.30460000    0.34185331    0.34648725    0.24902934    0.25525011    0.26656604    0.25255493    0.14255841    0.04988355    0.04343856    0.02027342    0.00000000    0.01619055    0.01823256    0.16514114    0.27488879
T21            0.19426358    0.28883210    0.24103124    0.23797797    0.27163630    0.32257611    0.31856433    0.31564204    0.30514277    0.33634863    0.34099456    0.24944455    0.25568485    0.26701012    0.24986975    0.14275236    0.04994779    0.03919317    0.01617381    0.01619055    0.00000000    0.00602723    0.16802549    0.26566964
T4             0.19676675    0.28193962    0.23758089    0.23455545    0.26792957    0.32552253    0.32149839    0.31856433    0.30801962    0.33935538    0.34401441    0.25213002    0.25838986    0.26975593    0.25255493    0.14511789    0.05206751    0.04128757    0.01821994    0.01823256    0.00602723    0.00000000    0.17046504    0.26840490
T16            0.21420269    0.29247338    0.25053140    0.24746896    0.28690614    0.32836101    0.32445820    0.32149928    0.31411522    0.35305463    0.36023720    0.26764222    0.27718110    0.28234907    0.28084445    0.16472178    0.13983261    0.17314848    0.17001730    0.16514114    0.16802549    0.17046504    0.00000000    0.28737022
T7             0.18402908    0.28717700    0.25322894    0.24943904    0.27619762    0.35125001    0.34704680    0.34043563    0.33316156    0.36075805    0.36183976    0.26887877    0.25711708    0.27718110    0.27573296    0.26975593    0.24762991    0.28145816    0.25883456    0.27488879    0.26566964    0.26840490    0.28737022    0.00000000

