24
T5             0.00000000    0.22187781    0.23635300    0.27705543    0.24330497    0.22219978    0.24665800    0.20155371    0.20491320    0.24202353    0.19876022    0.19675064    0.21260095    0.15926887    0.13406263    0.21131497    0.22298308    0.17677075    0.19094488    0.19901503    0.20181634    0.21749943    0.20775432    0.18157020
T0             0.22187781    0.00000000    0.05831529    0.10093678    0.26401852    0.24805020    0.25204788    0.21805599    0.22155781    0.26285230    0.22448203    0.20520214    0.23004590    0.21348546    0.22254624    0.28631741    0.29004454    0.24432995    0.26097565    0.26370080    0.26370080    0.26165727    0.25783067    0.26165727
T3             0.23635300    0.05831529    0.00000000    0.09652291    0.27623273    0.26295144    0.26714382    0.22355377    0.22709580    0.26875342    0.24130854    0.22155781    0.24096595    0.21896212    0.22585348    0.28588031    0.29287559    0.26244357    0.27007097    0.27605295    0.27605295    0.26833522    0.26370080    0.25818346
T17            0.27705543    0.10093678    0.09652291    0.00000000    0.33181348    0.31255310    0.31737039    0.27109241    0.27663869    0.32184918    0.28307030    0.26518033    0.28588031    0.26792754    0.27559314    0.33669859    0.33723841    0.29481244    0.30625584    0.31599316    0.30914291    0.31104671    0.30287705    0.30674241
T12            0.24330497    0.26401852    0.27623273    0.33181348    0.00000000    0.07593101    0.09186075    0.09177778    0.09662411    0.12730371    0.12744989    0.13009157    0.14708859    0.23352021    0.23673673    0.31125542    0.30834244    0.27507974    0.27623273    0.27663869    0.27663869    0.28424212    0.27623273    0.25808295
T4             0.22219978    0.24805020    0.26295144    0.31255310    0.07593101    0.00000000    0.08052713    0.08704667    0.08716934    0.12214477    0.12936952    0.12238948    0.13917517    0.23591568    0.22458376    0.29809542    0.30174100    0.26504754    0.26055601    0.26091263    0.26091263    0.27715969    0.26365227    0.25808295
T11            0.24665800    0.25204788    0.26714382    0.31737039    0.09186075    0.08052713    0.00000000    0.08954587    0.09204867    0.12744989    0.13226673    0.12035788    0.13711636    0.23087113    0.23408042    0.29847268    0.29236726    0.27158203    0.25546467    0.26204522    0.26204522    0.28142964    0.26165727    0.26504754
T2             0.20155371    0.21805599    0.22355377    0.27109241    0.09177778    0.08704667    0.08954587    0.00000000    0.01007280    0.03910338    0.10825032    0.09673268    0.11293238    0.18983092    0.19551546    0.25377610    0.26880949    0.23969555    0.22588185    0.22617079    0.22617079    0.24775144    0.22879752    0.23010125
T19            0.20491320    0.22155781    0.22709580    0.27663869    0.09662411    0.08716934    0.09204867    0.01007280    0.00000000    0.03705386    0.11091126    0.09934152    0.11561893    0.19298930    0.19876022    0.25747880    0.27267270    0.23733427    0.22355377    0.22385359    0.22385359    0.24535599    0.22646945    0.22770578
T6             0.24202353    0.26285230    0.26875342    0.32184918    0.12730371    0.12214477    0.12744989    0.03910338    0.03705386    0.00000000    0.14489422    0.13276597    0.14984028    0.22271225    0.23830527    0.29353892    0.30629704    0.28182336    0.27028878    0.26753040    0.27068528    0.29029183    0.27345366    0.26504754
T13            0.19876022    0.22448203    0.24130854    0.28307030    0.12744989    0.12936952    0.13226673    0.10825032    0.11091126    0.14489422    0.00000000    0.01619028    0.03064644    0.20130026    0.19551546    0.26846648    0.26880949    0.24566625    0.23764800    0.24096595    0.24096595    0.25075469    0.23468040    0.23591568
T21            0.19675064    0.20520214    0.22155781    0.26518033    0.13009157    0.12238948    0.12035788    0.09673268    0.09934152    0.13276597    0.01619028    0.00000000    0.01823233    0.19598226    0.19622933    0.26329657    0.25747880    0.24063333    0.22385359    0.22709580    0.22709580    0.23969555    0.22385359    0.22219978
T22            0.21260095    0.23004590    0.24096595    0.28588031    0.14708859    0.13917517    0.13711636    0.11293238    0.11561893    0.14984028    0.03064644    0.01823233    0.00000000    0.21232486    0.20975173    0.27824461    0.26916326    0.25818346    0.24031071    0.24363659    0.24363659    0.25650012    0.24031071    0.23858637
T9             0.15926887    0.21348546    0.21896212    0.26792754    0.23352021    0.23591568    0.23087113    0.18983092    0.19298930    0.22271225    0.20130026    0.19598226    0.21232486    0.00000000    0.12266540    0.18523920    0.18819745    0.16225726    0.17756902    0.18004462    0.18274748    0.19529577    0.19119467    0.17907724
T20            0.13406263    0.22254624    0.22585348    0.27559314    0.23673673    0.22458376    0.23408042    0.19551546    0.19876022    0.23830527    0.19551546    0.19622933    0.20975173    0.12266540    0.00000000    0.16449111    0.17264396    0.13460999    0.17825952    0.18619574    0.18895074    0.20155371    0.19821140    0.17925295
T1             0.21131497    0.28631741    0.28588031    0.33669859    0.31125542    0.29809542    0.29847268    0.25377610    0.25747880    0.29353892    0.26846648    0.26329657    0.27824461    0.18523920    0.16449111    0.00000000    0.10893448    0.10683297    0.22010102    0.23143404    0.22850984    0.25681587    0.24969779    0.22392331
T16            0.22298308    0.29004454    0.29287559    0.33723841    0.30834244    0.30174100    0.29236726    0.26880949    0.27267270    0.30629704    0.26880949    0.25747880    0.26916326    0.18819745    0.17264396    0.10893448    0.00000000    0.10943421    0.22385359    0.23531994    0.23531994    0.26714382    0.25389520    0.24448658
T15            0.17677075    0.24432995    0.26244357    0.29481244    0.27507974    0.26504754    0.27158203    0.23969555    0.23733427    0.28182336    0.24566625    0.24063333    0.25818346    0.16225726    0.13460999    0.10683297    0.10943421    0.00000000    0.21002907    0.21834855    0.22124733    0.24031071    0.23335872    0.19705328
T23            0.19094488    0.26097565    0.27007097    0.30625584    0.27623273    0.26055601    0.25546467    0.22588185    0.22355377    0.27028878    0.23764800    0.22385359    0.24031071    0.17756902    0.17825952    0.22010102    0.22385359    0.21002907    0.00000000    0.02447210    0.02031404    0.05200146    0.04355445    0.14437125
T14            0.19901503    0.26370080    0.27605295    0.31599316    0.27663869    0.26091263    0.26204522    0.22617079    0.22385359    0.26753040    0.24096595    0.22709580    0.24363659    0.18004462    0.18619574    0.23143404    0.23531994    0.21834855    0.02447210    0.00000000    0.00806470    0.05632283    0.05220676    0.15444421
T18            0.20181634    0.26370080    0.27605295    0.30914291    0.27663869    0.26091263    0.26204522    0.22617079    0.22385359    0.27068528    0.24096595    0.22709580    0.24363659    0.18274748    0.18895074    0.22850984    0.23531994    0.22124733    0.02031404    0.00806470    0.00000000    0.05194637    0.04783029    0.14930254
T8             0.21749943    0.26165727    0.26833522    0.31104671    0.28424212    0.27715969    0.28142964    0.24775144    0.24535599    0.29029183    0.25075469    0.23969555    0.25650012    0.19529577    0.20155371    0.25681587    0.26714382    0.24031071    0.05200146    0.05632283    0.05194637    0.00000000    0.07185666    0.16692975
T7             0.20775432    0.25783067    0.26370080    0.30287705    0.27623273    0.26365227    0.26165727    0.22879752    0.22646945    0.27345366    0.23468040    0.22385359    0.24031071    0.19119467    0.19821140    0.24969779    0.25389520    0.23335872    0.04355445    0.05220676    0.04783029    0.07185666    0.00000000    0.15722604
T10            0.18157020    0.26165727    0.25818346    0.30674241    0.25808295    0.25808295    0.26504754    0.23010125    0.22770578    0.26504754    0.23591568    0.22219978    0.23858637    0.17907724    0.17925295    0.22392331    0.24448658    0.19705328    0.14437125    0.15444421    0.14930254    0.16692975    0.15722604    0.00000000

