24
T20            0.00000000    0.25317391    0.24302345    0.25209244    0.26921278    0.23677291    0.23146954    0.25381762    0.24539530    0.23176682    0.23176682    0.25486332    0.26477875    0.26754576    0.22924269    0.24966352    0.24993062    0.25265018    0.24635991    0.23801209    0.23503420    0.13764348    0.20329962    0.11730932
T17            0.25317391    0.00000000    0.03492700    0.10412329    0.22746249    0.19958111    0.20015615    0.19651261    0.18648313    0.19763096    0.19763096    0.21961520    0.24100784    0.24367885    0.21134204    0.22329715    0.21726566    0.22854403    0.35539692    0.35664965    0.34928925    0.26290717    0.32193266    0.27792417
T1             0.24302345    0.03492700    0.00000000    0.09877667    0.22358831    0.19878678    0.19373356    0.19576899    0.18572352    0.19122049    0.19122049    0.21849297    0.23648817    0.23915623    0.20751948    0.22248192    0.20809811    0.21630277    0.35113669    0.34505684    0.33788158    0.25860045    0.32383321    0.27374149
T18            0.25209244    0.10412329    0.09877667    0.00000000    0.22650532    0.19324411    0.18822144    0.19576899    0.19625563    0.19122049    0.19122049    0.22510463    0.22301568    0.22563556    0.19181857    0.22536518    0.22510463    0.22485393    0.32730842    0.31795263    0.31452511    0.25718630    0.31355040    0.26754576
T21            0.26921278    0.22746249    0.22358831    0.22650532    0.00000000    0.08053077    0.08069495    0.09877667    0.09898336    0.08078774    0.08078774    0.21891244    0.21726566    0.21986895    0.18644024    0.22301568    0.20619325    0.21726566    0.32383321    0.32730842    0.32038202    0.28391470    0.35478986    0.28185030
T9             0.23677291    0.19958111    0.19878678    0.19324411    0.08053077    0.00000000    0.01827000    0.06051008    0.06504670    0.05194797    0.05194797    0.19490575    0.18733913    0.18985221    0.16842522    0.20339871    0.19764659    0.20295831    0.29075414    0.29401382    0.28751561    0.27550626    0.31161428    0.26724493
T22            0.23146954    0.20015615    0.19373356    0.18822144    0.08069495    0.01827000    0.00000000    0.06051008    0.06504670    0.04988153    0.04988153    0.19764659    0.19049568    0.19301299    0.16351677    0.19553939    0.19531896    0.20061973    0.29075414    0.29401382    0.28751561    0.26995504    0.31263593    0.26171888
T14            0.25381762    0.19651261    0.19576899    0.19576899    0.09877667    0.06051008    0.06051008    0.00000000    0.02857284    0.05399206    0.05399206    0.19945758    0.19764659    0.20019473    0.17585433    0.20552347    0.19980726    0.20512439    0.30592872    0.30926458    0.30261500    0.28072785    0.33326134    0.27872342
T13            0.24539530    0.18648313    0.18572352    0.19625563    0.09898336    0.06504670    0.06504670    0.02857284    0.00000000    0.05407831    0.05407831    0.19980726    0.19807494    0.20061973    0.17612998    0.21158110    0.20573727    0.21111253    0.30681100    0.31016933    0.30347511    0.27272527    0.32730842    0.27002426
T4             0.23176682    0.19763096    0.19122049    0.19122049    0.08078774    0.05194797    0.04988153    0.05399206    0.05407831    0.00000000    0.00000000    0.18695219    0.17185066    0.17431543    0.15850416    0.19027211    0.18194618    0.18714112    0.28469231    0.28792039    0.28148497    0.25480313    0.30871509    0.24695286
T19            0.23176682    0.19763096    0.19122049    0.19122049    0.08078774    0.05194797    0.04988153    0.05399206    0.05407831    0.00000000    0.00000000    0.18695219    0.17185066    0.17431543    0.15850416    0.19027211    0.18194618    0.18714112    0.28469231    0.28792039    0.28148497    0.25480313    0.30871509    0.24695286
T23            0.25486332    0.21961520    0.21849297    0.22510463    0.21891244    0.19490575    0.19764659    0.19945758    0.19980726    0.18695219    0.18695219    0.00000000    0.17204108    0.16958668    0.15125198    0.18929088    0.18377264    0.18896270    0.33680471    0.33680471    0.32990254    0.27787288    0.32229301    0.28665604
T11            0.26477875    0.24100784    0.23648817    0.22301568    0.21726566    0.18733913    0.19049568    0.19764659    0.19807494    0.17185066    0.17185066    0.17204108    0.00000000    0.00602721    0.10566011    0.18714112    0.18158825    0.18677238    0.33982586    0.34332526    0.33635081    0.29528207    0.34638737    0.28752588
T16            0.26754576    0.24367885    0.23915623    0.22563556    0.21986895    0.18985221    0.19301299    0.20019473    0.20061973    0.17431543    0.17431543    0.16958668    0.00602721    0.00000000    0.10793645    0.18965593    0.18409044    0.18929088    0.34285973    0.34637142    0.33937257    0.29815241    0.34943260    0.29038086
T3             0.22924269    0.21134204    0.20751948    0.19181857    0.18644024    0.16842522    0.16351677    0.17585433    0.17612998    0.15850416    0.15850416    0.15125198    0.10566011    0.10793645    0.00000000    0.17117665    0.16842522    0.16829445    0.30938831    0.31932940    0.31268006    0.26695502    0.30103436    0.25395853
T0             0.24966352    0.22329715    0.22248192    0.22536518    0.22301568    0.20339871    0.19553939    0.20552347    0.21158110    0.19027211    0.19027211    0.18929088    0.18714112    0.18965593    0.17117665    0.00000000    0.06743791    0.07186030    0.34943052    0.33893207    0.33205378    0.30509319    0.32976181    0.28752588
T6             0.24993062    0.21726566    0.20809811    0.22510463    0.20619325    0.19764659    0.19531896    0.19980726    0.20573727    0.18194618    0.18194618    0.18377264    0.18158825    0.18409044    0.16842522    0.06743791    0.00000000    0.01417423    0.34285973    0.33590960    0.32905488    0.29242322    0.31988903    0.28154570
T10            0.25265018    0.22854403    0.21630277    0.22485393    0.21726566    0.20295831    0.20061973    0.20512439    0.21111253    0.18714112    0.18714112    0.18896270    0.18677238    0.18929088    0.16829445    0.07186030    0.01417423    0.00000000    0.34240708    0.33548108    0.32864985    0.28884682    0.32283548    0.28437931
T5             0.24635991    0.35539692    0.35113669    0.32730842    0.32383321    0.29075414    0.29075414    0.30592872    0.30681100    0.28469231    0.28469231    0.33680471    0.33982586    0.34285973    0.30938831    0.34943052    0.34285973    0.34240708    0.00000000    0.01827000    0.01620806    0.27391691    0.31846945    0.26785750
T7             0.23801209    0.35664965    0.34505684    0.31795263    0.32730842    0.29401382    0.29401382    0.30926458    0.31016933    0.28792039    0.28792039    0.33680471    0.34332526    0.34637142    0.31932940    0.33893207    0.33590960    0.33548108    0.01827000    0.00000000    0.00603634    0.26839099    0.32193266    0.26233688
T15            0.23503420    0.34928925    0.33788158    0.31452511    0.32038202    0.28751561    0.28751561    0.30261500    0.30347511    0.28148497    0.28148497    0.32990254    0.33635081    0.33937257    0.31268006    0.33205378    0.32905488    0.32864985    0.01620806    0.00603634    0.00000000    0.26209734    0.31503010    0.25623572
T8             0.13764348    0.26290717    0.25860045    0.25718630    0.28391470    0.27550626    0.26995504    0.28072785    0.27272527    0.25480313    0.25480313    0.27787288    0.29528207    0.29815241    0.26695502    0.30509319    0.29242322    0.28884682    0.27391691    0.26839099    0.26209734    0.00000000    0.15285490    0.08488451
T12            0.20329962    0.32193266    0.32383321    0.31355040    0.35478986    0.31161428    0.31263593    0.33326134    0.32730842    0.30871509    0.30871509    0.32229301    0.34638737    0.34943260    0.30103436    0.32976181    0.31988903    0.32283548    0.31846945    0.32193266    0.31503010    0.15285490    0.00000000    0.15395511
T2             0.11730932    0.27792417    0.27374149    0.26754576    0.28185030    0.26724493    0.26171888    0.27872342    0.27002426    0.24695286    0.24695286    0.28665604    0.28752588    0.29038086    0.25395853    0.28752588    0.28154570    0.28437931    0.26785750    0.26233688    0.25623572    0.08488451    0.15395511    0.00000000

