24
T4             0.00000000    0.45977978    0.47413749    0.48016595    0.47413749    0.46978809    0.52839871    0.51982421    0.51982421    0.51424101    0.53418536    0.51466671    0.51927681    0.51009875    0.48707475    0.54112804    0.51706402    0.53272394    0.50482647    0.52169958    0.50569161    0.50569161    0.50197381    0.52096082
T18            0.45977978    0.00000000    0.03284742    0.03701173    0.04972915    0.05616990    0.15651616    0.15410443    0.15154009    0.14884272    0.16449539    0.16121136    0.16380227    0.15863381    0.13904113    0.25046777    0.19530200    0.17243288    0.16919881    0.19004150    0.17983860    0.16693418    0.16449539    0.19198069
T20            0.47413749    0.03284742    0.00000000    0.04572400    0.05859558    0.06959998    0.16206511    0.15964330    0.16226137    0.15945389    0.17556146    0.16938156    0.17202734    0.16674972    0.14691928    0.26022099    0.20130674    0.18922517    0.18026972    0.20719477    0.19675674    0.18346110    0.18098220    0.19783913
T23            0.48016595    0.03701173    0.04572400    0.00000000    0.04559584    0.05638800    0.15204799    0.14965629    0.14709195    0.14437452    0.15482479    0.15410443    0.15668198    0.15668198    0.13711928    0.23087991    0.17715734    0.17876817    0.17532989    0.19371342    0.18346110    0.17532989    0.17334741    0.18462080
T10            0.47413749    0.04972915    0.05859558    0.04559584    0.00000000    0.02648485    0.15910038    0.15668198    0.15410443    0.15138746    0.16712724    0.16121136    0.16380227    0.15863381    0.13904113    0.24806036    0.19805715    0.18869636    0.17757400    0.20666554    0.19623542    0.18524466    0.18321619    0.18927770
T15            0.46978809    0.05616990    0.06959998    0.05638800    0.02648485    0.00000000    0.17715734    0.17468720    0.17202734    0.16919881    0.18547048    0.17696220    0.17963628    0.17430234    0.15685623    0.25715298    0.21156054    0.20776114    0.19902130    0.22617903    0.21547388    0.20410822    0.20209459    0.20530288
T11            0.52839871    0.15651616    0.16206511    0.15204799    0.15910038    0.17715734    0.00000000    0.00602720    0.00805150    0.01007281    0.02238882    0.16350746    0.16609836    0.16609836    0.15365212    0.27249867    0.21346662    0.22095419    0.21439377    0.23970496    0.22880599    0.20692550    0.22038104    0.21847576
T0             0.51982421    0.15410443    0.15964330    0.14965629    0.15668198    0.17468720    0.00602720    0.00000000    0.00603631    0.00805150    0.02034021    0.16106632    0.16365053    0.16365053    0.15124321    0.26970684    0.22173477    0.21835615    0.21180824    0.23703966    0.22617903    0.20436953    0.21778055    0.21586247
T9             0.51982421    0.15154009    0.16226137    0.14709195    0.15410443    0.17202734    0.00805150    0.00603631    0.00000000    0.00602720    0.01826979    0.16365053    0.16624817    0.16624817    0.14870493    0.26664825    0.21889350    0.21547388    0.20898301    0.23408936    0.22327162    0.20156017    0.21491482    0.21306101
T6             0.51424101    0.14884272    0.15945389    0.14437452    0.15138746    0.16919881    0.01007281    0.00805150    0.00602720    0.00000000    0.02031410    0.16092992    0.16350746    0.16350746    0.14605644    0.26335068    0.21586247    0.21233207    0.20594180    0.23087991    0.22010888    0.19852087    0.21180824    0.21009472
T7             0.53418536    0.16449539    0.17556146    0.15482479    0.16712724    0.18547048    0.02238882    0.02034021    0.01826979    0.02031410    0.00000000    0.17412309    0.17677588    0.17412309    0.15635878    0.27278426    0.22746624    0.22710403    0.22038104    0.24599652    0.23500412    0.20719477    0.22647768    0.22436230
T13            0.51466671    0.16121136    0.16938156    0.15410443    0.16121136    0.17696220    0.16350746    0.16106632    0.16365053    0.16092992    0.17412309    0.00000000    0.00200401    0.03277433    0.06727700    0.27222422    0.21847576    0.22010888    0.21650918    0.24477612    0.23970496    0.21650918    0.22534153    0.22600935
T14            0.51927681    0.16380227    0.17202734    0.15668198    0.16380227    0.17963628    0.16609836    0.16365053    0.16624817    0.16350746    0.17677588    0.00200401    0.00000000    0.03488854    0.06951925    0.26916563    0.22130097    0.22299114    0.21935046    0.24776166    0.23674593    0.21935046    0.22824049    0.22884255
T5             0.51009875    0.15863381    0.16674972    0.15668198    0.15863381    0.17430234    0.16609836    0.16365053    0.16624817    0.16350746    0.17412309    0.03277433    0.03488854    0.00000000    0.05840728    0.26916563    0.21566644    0.22824049    0.22459229    0.24776166    0.23970496    0.21650918    0.22245929    0.22354199
T21            0.48707475    0.13904113    0.14691928    0.13711928    0.13904113    0.15685623    0.15365212    0.15124321    0.14870493    0.14605644    0.15635878    0.06727700    0.06951925    0.05840728    0.00000000    0.25535386    0.19998083    0.21518962    0.20315594    0.23674593    0.22589011    0.20130674    0.20666554    0.21287281
T19            0.54112804    0.25046777    0.26022099    0.23087991    0.24806036    0.25715298    0.27249867    0.26970684    0.26664825    0.26335068    0.27278426    0.27222422    0.26916563    0.26916563    0.25535386    0.00000000    0.13696416    0.25139100    0.24449665    0.25318428    0.24806036    0.25107289    0.25443102    0.25509111
T17            0.51706402    0.19530200    0.20130674    0.17715734    0.19805715    0.21156054    0.21346662    0.22173477    0.21889350    0.21586247    0.22746624    0.21847576    0.22130097    0.21566644    0.19998083    0.13696416    0.00000000    0.19322560    0.18712652    0.20898301    0.20130674    0.19299528    0.19876651    0.20492448
T3             0.53272394    0.17243288    0.18922517    0.17876817    0.18869636    0.20776114    0.22095419    0.21835615    0.21547388    0.21233207    0.22710403    0.22010888    0.22299114    0.22824049    0.21518962    0.25139100    0.19322560    0.00000000    0.04770618    0.09215484    0.08318816    0.07859019    0.08771318    0.15463222
T22            0.50482647    0.16919881    0.18026972    0.17532989    0.17757400    0.19902130    0.21439377    0.21180824    0.20898301    0.20594180    0.22038104    0.21650918    0.21935046    0.22459229    0.20315594    0.24449665    0.18712652    0.04770618    0.00000000    0.08724289    0.07832840    0.07155601    0.07599279    0.15154009
T2             0.52169958    0.19004150    0.20719477    0.19371342    0.20666554    0.22617903    0.23970496    0.23703966    0.23408936    0.23087991    0.24599652    0.24477612    0.24776166    0.24776166    0.23674593    0.25318428    0.20898301    0.09215484    0.08724289    0.00000000    0.01619032    0.07587830    0.08717060    0.16136501
T16            0.50569161    0.17983860    0.19675674    0.18346110    0.19623542    0.21547388    0.22880599    0.22617903    0.22327162    0.22010888    0.23500412    0.23970496    0.23674593    0.23970496    0.22589011    0.24806036    0.20130674    0.08318816    0.07832840    0.01619032    0.00000000    0.07155601    0.07825533    0.15154009
T1             0.50569161    0.16693418    0.18346110    0.17532989    0.18524466    0.20410822    0.20692550    0.20436953    0.20156017    0.19852087    0.20719477    0.21650918    0.21935046    0.21650918    0.20130674    0.25107289    0.19299528    0.07859019    0.07155601    0.07587830    0.07155601    0.00000000    0.06492410    0.14169105
T8             0.50197381    0.16449539    0.18098220    0.17334741    0.18321619    0.20209459    0.22038104    0.21778055    0.21491482    0.21180824    0.22647768    0.22534153    0.22824049    0.22245929    0.20666554    0.25443102    0.19876651    0.08771318    0.07599279    0.08717060    0.07825533    0.06492410    0.00000000    0.15394523
T12            0.52096082    0.19198069    0.19783913    0.18462080    0.18927770    0.20530288    0.21847576    0.21586247    0.21306101    0.21009472    0.22436230    0.22600935    0.22884255    0.22354199    0.21287281    0.25509111    0.20492448    0.15463222    0.15154009    0.16136501    0.15154009    0.14169105    0.15394523    0.00000000

