24
T17            0.00000000    0.27710464    0.26838250    0.27198936    0.25124256    0.24239930    0.27390758    0.27710464    0.27753396    0.32627197    0.34279647    0.35053984    0.31015613    0.36966644    0.37340133    0.32627197    0.35725078    0.33572327    0.34226648    0.25393887    0.26880246    0.07195286    0.07650947    0.07422596
T4             0.27710464    0.00000000    0.01007283    0.05194759    0.04120239    0.07144786    0.09195484    0.09428627    0.09461868    0.20668068    0.21182281    0.21493153    0.19049034    0.39138928    0.39533065    0.33324644    0.36463795    0.34997132    0.35302893    0.28262907    0.29824451    0.27349926    0.27989341    0.27668610
T11            0.26838250    0.01007283    0.00000000    0.04554242    0.03488891    0.06487464    0.08732439    0.08963425    0.08993387    0.20157583    0.20668068    0.20412363    0.18006107    0.39285450    0.39682728    0.33079411    0.36216144    0.34749465    0.35053984    0.27381553    0.28923492    0.26482638    0.27113974    0.26797309
T23            0.27198936    0.05194759    0.04554242    0.00000000    0.05220892    0.07162221    0.08993387    0.09227078    0.09474405    0.20977599    0.20924705    0.22388260    0.19903720    0.40813466    0.41222122    0.34807550    0.37659320    0.36153953    0.37213605    0.28855219    0.29757709    0.26605616    0.27243007    0.26923294
T8             0.25124256    0.04120239    0.03488891    0.05220892    0.00000000    0.06067207    0.08308623    0.08539612    0.08342332    0.20721226    0.21234906    0.20465779    0.18051174    0.38646138    0.39040284    0.32139117    0.34866901    0.33431826    0.33731281    0.26929033    0.27806233    0.25393887    0.26017352    0.25704646
T10            0.24239930    0.07144786    0.06487464    0.07162221    0.06067207    0.00000000    0.07575986    0.07799723    0.08039399    0.18895498    0.19944894    0.19998868    0.17102410    0.36966644    0.37340133    0.31422964    0.33377816    0.32011529    0.32988412    0.25316612    0.26169939    0.25412577    0.26024555    0.25717628
T18            0.27390758    0.09195484    0.08732439    0.08993387    0.08308623    0.07575986    0.00000000    0.00200402    0.03697622    0.21652066    0.22747876    0.22247383    0.20295097    0.39641715    0.40035842    0.33472575    0.35247299    0.34174913    0.35192997    0.27288134    0.27519674    0.28964086    0.29624650    0.29293276
T22            0.27710464    0.09428627    0.08963425    0.09227078    0.08539612    0.07799723    0.00200402    0.00000000    0.03485744    0.21936282    0.23037028    0.22535703    0.20572987    0.40035842    0.40433105    0.33822509    0.35609941    0.34529822    0.35554325    0.27610948    0.27842485    0.29293276    0.29958239    0.29624650
T15            0.27753396    0.09461868    0.08993387    0.09474405    0.08342332    0.08039399    0.03697622    0.03485744    0.00000000    0.21725834    0.22247383    0.21466502    0.19531270    0.39711734    0.40107426    0.33872995    0.35666859    0.34226648    0.35247299    0.27658180    0.27888639    0.28682052    0.29340442    0.29010162
T19            0.32627197    0.20668068    0.20157583    0.20977599    0.20721226    0.18895498    0.21652066    0.21936282    0.21725834    0.00000000    0.02034047    0.14870900    0.12914176    0.47122797    0.47567835    0.41404049    0.44687609    0.42204917    0.43357872    0.30007631    0.31606403    0.32677725    0.33026446    0.32677725
T5             0.34279647    0.21182281    0.20668068    0.20924705    0.21234906    0.19944894    0.22747876    0.23037028    0.22247383    0.02034047    0.00000000    0.16121641    0.13631233    0.48469991    0.48016875    0.41802877    0.45976840    0.43430833    0.44609390    0.31262475    0.32891948    0.34692648    0.35053984    0.34692648
T14            0.35053984    0.21493153    0.20412363    0.22388260    0.20465779    0.19998868    0.22247383    0.22535703    0.21466502    0.14870900    0.16121641    0.00000000    0.06952101    0.45893087    0.46328427    0.42274406    0.46328427    0.43771569    0.44955234    0.34261430    0.35232209    0.34504247    0.34866901    0.34504247
T20            0.31015613    0.19049034    0.18006107    0.19903720    0.18051174    0.17102410    0.20295097    0.20572987    0.19531270    0.12914176    0.13631233    0.06952101    0.00000000    0.41139242    0.41538075    0.36324292    0.40351008    0.38058330    0.38377483    0.30244682    0.31160233    0.29816847    0.30149320    0.29816847
T16            0.36966644    0.39138928    0.39285450    0.40813466    0.38646138    0.36966644    0.39641715    0.40035842    0.39711734    0.47122797    0.48469991    0.45893087    0.41139242    0.00000000    0.00200402    0.10850821    0.13027001    0.11306478    0.12513714    0.36900963    0.36900963    0.38413580    0.39183606    0.38797109
T21            0.37340133    0.39533065    0.39682728    0.41222122    0.39040284    0.37340133    0.40035842    0.40433105    0.40107426    0.47567835    0.48016875    0.46328427    0.41538075    0.00200402    0.00000000    0.10610958    0.13277702    0.11548667    0.12761306    0.36526061    0.36526061    0.38797109    0.39573119    0.39183606
T7             0.32627197    0.33324644    0.33079411    0.34807550    0.32139117    0.31422964    0.33472575    0.33822509    0.33872995    0.41404049    0.41802877    0.42274406    0.36324292    0.10850821    0.10610958    0.00000000    0.07869470    0.06960207    0.07630948    0.32782417    0.31743466    0.34333908    0.35053984    0.34692648
T6             0.35725078    0.36463795    0.36216144    0.37659320    0.34866901    0.33377816    0.35247299    0.35609941    0.35666859    0.44687609    0.45976840    0.46328427    0.40351008    0.13027001    0.13277702    0.07869470    0.00000000    0.02660395    0.03289430    0.33133595    0.32433693    0.36526061    0.37278701    0.36900963
T13            0.33572327    0.34997132    0.34749465    0.36153953    0.33431826    0.32011529    0.34174913    0.34529822    0.34226648    0.42204917    0.43430833    0.43771569    0.38058330    0.11306478    0.11548667    0.06960207    0.02660395    0.00000000    0.01417422    0.31401898    0.30725694    0.34333908    0.35053984    0.34692648
T3             0.34226648    0.35302893    0.35053984    0.37213605    0.33731281    0.32988412    0.35192997    0.35554325    0.35247299    0.43357872    0.44609390    0.44955234    0.38377483    0.12513714    0.12761306    0.07630948    0.03289430    0.01417422    0.00000000    0.32729466    0.32036849    0.34997132    0.35725078    0.35359779
T12            0.25393887    0.28262907    0.27381553    0.28855219    0.26929033    0.25316612    0.27288134    0.27610948    0.27658180    0.30007631    0.31262475    0.34261430    0.30244682    0.36900963    0.36526061    0.32782417    0.33133595    0.31401898    0.32729466    0.00000000    0.01415458    0.25124256    0.25745783    0.25434052
T2             0.26880246    0.29824451    0.28923492    0.29757709    0.27806233    0.26169939    0.27519674    0.27842485    0.27888639    0.31606403    0.32891948    0.35232209    0.31160233    0.36900963    0.36526061    0.31743466    0.32433693    0.30725694    0.32036849    0.01415458    0.00000000    0.26605616    0.27243007    0.26923294
T0             0.07195286    0.27349926    0.26482638    0.26605616    0.25393887    0.25412577    0.28964086    0.29293276    0.28682052    0.32677725    0.34692648    0.34504247    0.29816847    0.38413580    0.38797109    0.34333908    0.36526061    0.34333908    0.34997132    0.25124256    0.26605616    0.00000000    0.00401611    0.00200402
T9             0.07650947    0.27989341    0.27113974    0.27243007    0.26017352    0.26024555    0.29624650    0.29958239    0.29340442    0.33026446    0.35053984    0.34866901    0.30149320    0.39183606    0.39573119    0.35053984    0.37278701    0.35053984    0.35725078    0.25745783    0.27243007    0.00401611    0.00000000    0.00200402
T1             0.07422596    0.27668610    0.26797309    0.26923294    0.25704646    0.25717628    0.29293276    0.29624650    0.29010162    0.32677725    0.34692648    0.34504247    0.29816847    0.38797109    0.39183606    0.34692648    0.36900963    0.34692648    0.35359779    0.25434052    0.26923294    0.00200402    0.00200402    0.00000000

