24
T1             0.00000000    0.36434280    0.35940141    0.40297695    0.39500629    0.38931982    0.40222252    0.38858633    0.38858633    0.26538949    0.26420845    0.26695860    0.24754863    0.25800201    0.26587583    0.21449245    0.21994982    0.23846483    0.22138234    0.19406817    0.17475360    0.20370311    0.19285152    0.15488433
T16            0.36434280    0.00000000    0.10827740    0.14514422    0.14003592    0.12549249    0.14751813    0.12285499    0.12285499    0.22138234    0.22923165    0.23186749    0.23846483    0.30034012    0.26278248    0.36313282    0.36623507    0.36069888    0.36069888    0.32567057    0.32738737    0.29837021    0.30123645    0.30794477
T15            0.35940141    0.10827740    0.00000000    0.05419728    0.04982868    0.03705767    0.05195226    0.11580328    0.11580328    0.23388281    0.23581335    0.23846483    0.23317168    0.27923672    0.25425094    0.36069888    0.36756310    0.37068069    0.35326357    0.31286813    0.31566051    0.29267157    0.29221666    0.31340323
T9             0.40297695    0.14514422    0.05419728    0.00000000    0.00804447    0.03281019    0.04761230    0.16079169    0.16079169    0.26483246    0.26985867    0.27261592    0.27261592    0.32863035    0.29883592    0.40452933    0.42014868    0.39106836    0.38467918    0.33871833    0.35284763    0.31424493    0.31716843    0.36004361
T23            0.39500629    0.14003592    0.04982868    0.00804447    0.00000000    0.02859867    0.04330989    0.15552097    0.15552097    0.25848653    0.26349274    0.26622965    0.26622965    0.32163912    0.29221666    0.39252443    0.40779614    0.38328482    0.37695578    0.33160218    0.34543931    0.31766826    0.32060352    0.35263612
T5             0.38931982    0.12549249    0.03705767    0.03281019    0.02859867    0.00000000    0.02653310    0.13552933    0.13552933    0.25264761    0.25450038    0.25720726    0.25720726    0.31183309    0.28287276    0.39082877    0.39006729    0.40127685    0.38295200    0.34051567    0.33643312    0.31578007    0.31870371    0.33990411
T13            0.40222252    0.14751813    0.05195226    0.04761230    0.04330989    0.02653310    0.00000000    0.15792189    0.15792189    0.26666552    0.26855203    0.27131027    0.27131027    0.32355070    0.29747309    0.40779614    0.41517770    0.41437334    0.39574300    0.34897334    0.35590190    0.33105348    0.33403719    0.34474957
T11            0.38858633    0.12285499    0.11580328    0.16079169    0.15552097    0.13552933    0.15792189    0.00000000    0.00000000    0.25534367    0.26034007    0.27261592    0.27353963    0.32623077    0.29551528    0.38763441    0.39082877    0.41024036    0.39160426    0.35966195    0.33942296    0.33034864    0.32623077    0.35390387
T17            0.38858633    0.12285499    0.11580328    0.16079169    0.15552097    0.13552933    0.15792189    0.00000000    0.00000000    0.25534367    0.26034007    0.27261592    0.27353963    0.32623077    0.29551528    0.38763441    0.39082877    0.41024036    0.39160426    0.35966195    0.33942296    0.33034864    0.32623077    0.35390387
T12            0.26538949    0.22138234    0.23388281    0.26483246    0.25848653    0.25264761    0.26666552    0.25534367    0.25534367    0.00000000    0.05868193    0.06082298    0.11401600    0.16539778    0.13985570    0.24603254    0.25578062    0.26577758    0.25398943    0.22496593    0.20982584    0.20474686    0.20503105    0.22462767
T19            0.26420845    0.22923165    0.23581335    0.26985867    0.26349274    0.25450038    0.26855203    0.26034007    0.26034007    0.05868193    0.00000000    0.06520411    0.11351854    0.17005134    0.14441966    0.24792553    0.25450038    0.26985867    0.25804983    0.22305526    0.20880995    0.19836982    0.19861033    0.22368441
T22            0.26695860    0.23186749    0.23846483    0.27261592    0.26622965    0.25720726    0.27131027    0.27261592    0.27261592    0.06082298    0.06520411    0.00000000    0.11336785    0.16193391    0.13671321    0.24450222    0.25409406    0.28235176    0.27031537    0.23766120    0.22010784    0.20650890    0.20676381    0.22630194
T0             0.24754863    0.23846483    0.23317168    0.27261592    0.26622965    0.25720726    0.27131027    0.27353963    0.27353963    0.11401600    0.11351854    0.11336785    0.00000000    0.13671321    0.11492142    0.22791746    0.23954174    0.25222055    0.24377336    0.20659035    0.19615091    0.18579002    0.18603745    0.21301029
T3             0.25800201    0.30034012    0.27923672    0.32863035    0.32163912    0.31183309    0.32355070    0.32623077    0.32623077    0.16539778    0.17005134    0.16193391    0.13671321    0.00000000    0.05200818    0.26898853    0.27490395    0.28485116    0.28245008    0.24346036    0.22078032    0.23392294    0.22021695    0.23658103
T6             0.26587583    0.26278248    0.25425094    0.29883592    0.29221666    0.28287276    0.29747309    0.29551528    0.29551528    0.13985570    0.14441966    0.13671321    0.11492142    0.05200818    0.00000000    0.23983429    0.24550108    0.26347413    0.26109554    0.22630194    0.20702812    0.20537630    0.20046301    0.21683851
T10            0.21449245    0.36313282    0.36069888    0.40452933    0.39252443    0.39082877    0.40779614    0.38763441    0.38763441    0.24603254    0.24792553    0.24450222    0.22791746    0.26898853    0.23983429    0.00000000    0.04988652    0.24450222    0.22430358    0.21104966    0.18878918    0.19583577    0.18782282    0.18782282
T8             0.21994982    0.36623507    0.36756310    0.42014868    0.40779614    0.39006729    0.41517770    0.39082877    0.39082877    0.25578062    0.25450038    0.25409406    0.23954174    0.27490395    0.24550108    0.04988652    0.00000000    0.25331219    0.23283084    0.20787719    0.18629377    0.19836982    0.19033265    0.17683551
T7             0.23846483    0.36069888    0.37068069    0.39106836    0.38328482    0.40127685    0.41437334    0.41024036    0.41024036    0.26577758    0.26985867    0.28235176    0.25222055    0.28485116    0.26347413    0.24450222    0.25331219    0.00000000    0.07623115    0.10429727    0.15792189    0.16212482    0.15709543    0.20730180
T20            0.22138234    0.36069888    0.35326357    0.38467918    0.37695578    0.38295200    0.39574300    0.39160426    0.39160426    0.25398943    0.25804983    0.27031537    0.24377336    0.28245008    0.26109554    0.22430358    0.23283084    0.07623115    0.00000000    0.09240999    0.14534570    0.14441966    0.14204756    0.20220111
T21            0.19406817    0.32567057    0.31286813    0.33871833    0.33160218    0.34051567    0.34897334    0.35966195    0.35966195    0.22496593    0.22305526    0.23766120    0.20659035    0.24346036    0.22630194    0.21104966    0.20787719    0.10429727    0.09240999    0.00000000    0.11595999    0.11525301    0.11055556    0.17518030
T4             0.17475360    0.32738737    0.31566051    0.35284763    0.34543931    0.33643312    0.35590190    0.33942296    0.33942296    0.20982584    0.20880995    0.22010784    0.19615091    0.22078032    0.20702812    0.18878918    0.18629377    0.15792189    0.14534570    0.11595999    0.00000000    0.10104671    0.09644753    0.15174888
T2             0.20370311    0.29837021    0.29267157    0.31424493    0.31766826    0.31578007    0.33105348    0.33034864    0.33034864    0.20474686    0.19836982    0.20650890    0.18579002    0.23392294    0.20537630    0.19583577    0.19836982    0.16212482    0.14441966    0.11525301    0.10104671    0.00000000    0.02442252    0.17171305
T18            0.19285152    0.30123645    0.29221666    0.31716843    0.32060352    0.31870371    0.33403719    0.32623077    0.32623077    0.20503105    0.19861033    0.20676381    0.18603745    0.22021695    0.20046301    0.18782282    0.19033265    0.15709543    0.14204756    0.11055556    0.09644753    0.02442252    0.00000000    0.16662731
T14            0.15488433    0.30794477    0.31340323    0.36004361    0.35263612    0.33990411    0.34474957    0.35390387    0.35390387    0.22462767    0.22368441    0.22630194    0.21301029    0.23658103    0.21683851    0.18782282    0.17683551    0.20730180    0.20220111    0.17518030    0.15174888    0.17171305    0.16662731    0.00000000

