24
T23            0.00000000    0.33736473    0.39471896    0.39069861    0.36026068    0.36701524    0.31225836    0.31609030    0.37810706    0.37610132    0.43841248    0.35491218    0.36981399    0.36916138    0.34954316    0.44709649    0.47511267    0.49225519    0.43526025    0.43526025    0.42700943    0.44021940    0.24641102    0.28558659
T12            0.33736473    0.00000000    0.09419758    0.08784061    0.08947726    0.10339851    0.21186388    0.21497495    0.24754506    0.23948298    0.29408774    0.20043047    0.21161418    0.21137403    0.22226501    0.35260204    0.34044293    0.36609898    0.29981155    0.29981155    0.29981155    0.30355475    0.19493131    0.23067576
T6             0.39471896    0.09419758    0.00000000    0.11043137    0.12886311    0.14356861    0.27168874    0.27519322    0.30653719    0.30110247    0.35407763    0.26759715    0.28007446    0.28607063    0.28926985    0.41821153    0.40499005    0.41689453    0.35049978    0.35049978    0.35049978    0.35459656    0.25542452    0.28505399
T8             0.39069861    0.08784061    0.11043137    0.00000000    0.12951971    0.13966349    0.26687855    0.27040648    0.29981155    0.29367113    0.34291903    0.24513963    0.25115261    0.25691013    0.26856948    0.41035313    0.40524978    0.43340578    0.35988886    0.35988886    0.35988886    0.35680353    0.25485695    0.28799132
T1             0.36026068    0.08947726    0.12886311    0.12951971    0.00000000    0.02866651    0.23919831    0.24245364    0.28255169    0.27412938    0.33184181    0.23892383    0.25084231    0.25054243    0.25902070    0.39006784    0.38111205    0.41225045    0.33784622    0.33784622    0.33784622    0.34186771    0.23359425    0.25691013
T18            0.36701524    0.10339851    0.14356861    0.13966349    0.02866651    0.00000000    0.24783587    0.25115261    0.28607063    0.27379677    0.34899819    0.25054243    0.26271548    0.26238892    0.27101018    0.40895161    0.39200280    0.42364785    0.35875866    0.35875866    0.35875866    0.36298731    0.24813705    0.27836207
T22            0.31225836    0.21186388    0.27168874    0.26687855    0.23919831    0.24783587    0.00000000    0.00602724    0.18182665    0.17173129    0.23270855    0.14316338    0.15094144    0.14552653    0.14769106    0.27993155    0.27438651    0.29447798    0.23719218    0.23719218    0.23719218    0.24062195    0.21009759    0.23806060
T10            0.31609030    0.21497495    0.27519322    0.27040648    0.24245364    0.25115261    0.00602724    0.00000000    0.18487462    0.17473706    0.23615871    0.14596671    0.15380598    0.14833525    0.15049029    0.28372185    0.27815501    0.29834625    0.24062195    0.24062195    0.24062195    0.24409899    0.21325474    0.24140341
T11            0.37810706    0.24754506    0.30653719    0.29981155    0.28255169    0.28607063    0.18182665    0.18487462    0.00000000    0.02031464    0.22229207    0.14492669    0.15266428    0.15246052    0.15767275    0.31145810    0.30227142    0.31964109    0.26024667    0.26024667    0.26110239    0.27020743    0.22464760    0.25598689
T21            0.37610132    0.23948298    0.30110247    0.29367113    0.27412938    0.27379677    0.17173129    0.17473706    0.02031464    0.00000000    0.21745553    0.13531503    0.14295398    0.14275259    0.14789769    0.30282365    0.29712351    0.31435907    0.25212762    0.25212762    0.25298526    0.26199933    0.22251840    0.25386699
T19            0.43841248    0.29408774    0.35407763    0.34291903    0.33184181    0.34899819    0.23270855    0.23615871    0.22229207    0.21745553    0.00000000    0.10911540    0.11645476    0.11627651    0.12582541    0.31909820    0.30642496    0.33091113    0.26138868    0.26138868    0.26764716    0.27121644    0.29737137    0.31656184
T3             0.35491218    0.20043047    0.26759715    0.24513963    0.23892383    0.25054243    0.14316338    0.14596671    0.14492669    0.13531503    0.10911540    0.00000000    0.01833300    0.01829855    0.03069906    0.26656492    0.26199933    0.28503455    0.21677881    0.21677881    0.22263354    0.22594665    0.21212311    0.24307129
T13            0.36981399    0.21161418    0.28007446    0.25115261    0.25084231    0.26271548    0.15094144    0.15380598    0.15266428    0.14295398    0.11645476    0.01833300    0.00000000    0.01623224    0.03705601    0.26975433    0.27162978    0.29498485    0.22558689    0.22558689    0.23154661    0.22892651    0.21784320    0.25520780
T14            0.36916138    0.21137403    0.28607063    0.25691013    0.25054243    0.26238892    0.14552653    0.14833525    0.15246052    0.14275259    0.11627651    0.01829855    0.01623224    0.00000000    0.03701341    0.28223532    0.27114517    0.30120079    0.23117859    0.23117859    0.23719218    0.23455340    0.21756757    0.25485695
T0             0.34954316    0.22226501    0.28926985    0.26856948    0.25902070    0.27101018    0.14769106    0.15049029    0.15767275    0.14789769    0.12582541    0.03069906    0.03705601    0.03701341    0.00000000    0.28129840    0.27666906    0.30017534    0.23047162    0.23047162    0.23644906    0.23984070    0.22858478    0.26031030
T2             0.44709649    0.35260204    0.41821153    0.41035313    0.39006784    0.40895161    0.27993155    0.28372185    0.31145810    0.30282365    0.31909820    0.26656492    0.26975433    0.28223532    0.28129840    0.00000000    0.05433478    0.06055962    0.08319832    0.08319832    0.07859887    0.08100063    0.33936647    0.36496786
T9             0.47511267    0.34044293    0.40499005    0.40524978    0.38111205    0.39200280    0.27438651    0.27815501    0.30227142    0.29712351    0.30642496    0.26199933    0.27162978    0.27114517    0.27666906    0.05433478    0.00000000    0.04765658    0.07880998    0.07880998    0.07423159    0.07662631    0.32740836    0.34899819
T20            0.49225519    0.36609898    0.41689453    0.43340578    0.41225045    0.42364785    0.29447798    0.29834625    0.31964109    0.31435907    0.33091113    0.28503455    0.29498485    0.30120079    0.30017534    0.06055962    0.04765658    0.00000000    0.09206040    0.09206040    0.08741824    0.08983408    0.35988886    0.37610132
T16            0.43526025    0.29981155    0.35049978    0.35988886    0.33784622    0.35875866    0.23719218    0.24062195    0.26024667    0.25212762    0.26138868    0.21677881    0.22558689    0.23117859    0.23047162    0.08319832    0.07880998    0.09206040    0.00000000    0.00000000    0.01007291    0.01417446    0.30400422    0.30476539
T17            0.43526025    0.29981155    0.35049978    0.35988886    0.33784622    0.35875866    0.23719218    0.24062195    0.26024667    0.25212762    0.26138868    0.21677881    0.22558689    0.23117859    0.23047162    0.08319832    0.07880998    0.09206040    0.00000000    0.00000000    0.01007291    0.01417446    0.30400422    0.30476539
T4             0.42700943    0.29981155    0.35049978    0.35988886    0.33784622    0.35875866    0.23719218    0.24062195    0.26110239    0.25298526    0.26764716    0.22263354    0.23154661    0.23719218    0.23644906    0.07859887    0.07423159    0.08741824    0.01007291    0.01007291    0.00000000    0.01008421    0.30400422    0.30148194
T5             0.44021940    0.30355475    0.35459656    0.35680353    0.34186771    0.36298731    0.24062195    0.24409899    0.27020743    0.26199933    0.27121644    0.22594665    0.22892651    0.23455340    0.23984070    0.08100063    0.07662631    0.08983408    0.01417446    0.01417446    0.01008421    0.00000000    0.30782642    0.31182216
T15            0.24641102    0.19493131    0.25542452    0.25485695    0.23359425    0.24813705    0.21009759    0.21325474    0.22464760    0.22251840    0.29737137    0.21212311    0.21784320    0.21756757    0.22858478    0.33936647    0.32740836    0.35988886    0.30400422    0.30400422    0.30400422    0.30782642    0.00000000    0.08331102
T7             0.28558659    0.23067576    0.28505399    0.28799132    0.25691013    0.27836207    0.23806060    0.24140341    0.25598689    0.25386699    0.31656184    0.24307129    0.25520780    0.25485695    0.26031030    0.36496786    0.34899819    0.37610132    0.30476539    0.30476539    0.30148194    0.31182216    0.08331102    0.00000000

