24
T21            0.00000000    0.40116607    0.37488998    0.37868971    0.38388104    0.37679392    0.36056308    0.35997459    0.36307281    0.31731009    0.31731009    0.30741513    0.30741513    0.32105483    0.35381732    0.37868971    0.38319293    0.37553477    0.39564012    0.37111902    0.38823669    0.39418549    0.11550621    0.12981133
T20            0.40116607    0.00000000    0.09475965    0.09217088    0.22413930    0.22007789    0.21935776    0.22712995    0.22154816    0.28804085    0.28804085    0.28415801    0.28743346    0.26576220    0.30938574    0.33982968    0.31917613    0.32616348    0.34345030    0.31519688    0.33807491    0.32912318    0.40613232    0.42010263
T19            0.37488998    0.09475965    0.00000000    0.05393415    0.18577217    0.18237949    0.17833131    0.18851547    0.18328313    0.26455253    0.26455253    0.25727346    0.26655019    0.24278754    0.28763169    0.32696035    0.31031521    0.31370169    0.33045372    0.30316998    0.32546626    0.31662496    0.38375972    0.40116235
T14            0.37868971    0.09217088    0.05393415    0.00000000    0.18530539    0.18198122    0.17785622    0.18803360    0.18281353    0.27630298    0.27630298    0.26895260    0.27840524    0.25727346    0.29413920    0.33643221    0.31615049    0.32299316    0.33997520    0.30563130    0.33142106    0.32595206    0.37996022    0.39725877
T7             0.38388104    0.22413930    0.18577217    0.18530539    0.00000000    0.03910593    0.07423575    0.08309700    0.07860285    0.25846318    0.25846318    0.26417086    0.27362401    0.25020230    0.28120814    0.32211133    0.29546502    0.30887564    0.33266649    0.29831960    0.32054456    0.30837716    0.39026609    0.38570194
T9             0.37679392    0.22007789    0.18237949    0.18198122    0.03910593    0.00000000    0.07170133    0.08053739    0.07606914    0.26370010    0.26370010    0.26242035    0.27172562    0.25150642    0.28258426    0.32299316    0.29657646    0.30985201    0.33343682    0.30274102    0.32499271    0.31276411    0.38314030    0.38253489
T23            0.36056308    0.21935776    0.17833131    0.17785622    0.07423575    0.07170133    0.00000000    0.03697780    0.03277591    0.25271628    0.25271628    0.25218312    0.26143149    0.23843344    0.25967612    0.30118550    0.28521802    0.29172571    0.30789031    0.29129462    0.31662496    0.30452662    0.37425880    0.37741210
T17            0.35997459    0.22712995    0.18851547    0.18803360    0.08309700    0.08053739    0.03697780    0.00000000    0.00401107    0.26093803    0.26093803    0.26343870    0.26968125    0.24342950    0.26794085    0.32349132    0.30695161    0.31370169    0.33045372    0.31322697    0.33943999    0.32696035    0.38889906    0.38439314
T18            0.36307281    0.22154816    0.18328313    0.18281353    0.07860285    0.07606914    0.03277591    0.00401107    0.00000000    0.25517895    0.25517895    0.25761500    0.26379947    0.23776722    0.26210232    0.31711137    0.30073291    0.30741513    0.32400159    0.30695161    0.33291426    0.32054456    0.39211015    0.38758843
T16            0.31731009    0.28804085    0.26455253    0.27630298    0.25846318    0.26370010    0.25271628    0.26093803    0.25517895    0.00000000    0.00000000    0.13140146    0.13386023    0.11963269    0.17701135    0.20624385    0.21447100    0.20321936    0.22280512    0.19241327    0.22832923    0.21188550    0.30330891    0.31610588
T10            0.31731009    0.28804085    0.26455253    0.27630298    0.25846318    0.26370010    0.25271628    0.26093803    0.25517895    0.00000000    0.00000000    0.13140146    0.13386023    0.11963269    0.17701135    0.20624385    0.21447100    0.20321936    0.22280512    0.19241327    0.22832923    0.21188550    0.30330891    0.31610588
T11            0.30741513    0.28415801    0.25727346    0.26895260    0.26417086    0.26242035    0.25218312    0.26343870    0.25761500    0.13140146    0.13140146    0.00000000    0.01420063    0.11824295    0.16054231    0.22007789    0.21973387    0.21391024    0.23121969    0.20275719    0.24293051    0.22896960    0.28846123    0.30361059
T12            0.30741513    0.28743346    0.26655019    0.27840524    0.27362401    0.27172562    0.26143149    0.26968125    0.26379947    0.13386023    0.13386023    0.01420063    0.00000000    0.12565691    0.17392876    0.22896960    0.22859908    0.22267143    0.24027288    0.21134221    0.25217984    0.23196915    0.28521802    0.30361059
T15            0.32105483    0.26576220    0.24278754    0.25727346    0.25020230    0.25150642    0.23843344    0.24342950    0.23776722    0.11963269    0.11963269    0.11824295    0.12565691    0.00000000    0.12123044    0.18768514    0.19580165    0.19017507    0.20979667    0.18213689    0.21527364    0.20183250    0.29986230    0.29371998
T13            0.35381732    0.30938574    0.28763169    0.29413920    0.28120814    0.28258426    0.25967612    0.26794085    0.26210232    0.17701135    0.17701135    0.16054231    0.17392876    0.12123044    0.00000000    0.24293051    0.25176404    0.24559800    0.26706618    0.23685841    0.26029853    0.24293051    0.35883724    0.37303738
T22            0.37868971    0.33982968    0.32696035    0.33643221    0.32211133    0.32299316    0.30118550    0.32349132    0.31711137    0.20624385    0.20624385    0.22007789    0.22896960    0.18768514    0.24293051    0.00000000    0.02656595    0.01414135    0.02862956    0.05213854    0.07881495    0.06773693    0.37868971    0.37425880
T1             0.38319293    0.31917613    0.31031521    0.31615049    0.29546502    0.29657646    0.28521802    0.30695161    0.30073291    0.21447100    0.21447100    0.21973387    0.22859908    0.19580165    0.25176404    0.02656595    0.00000000    0.01214700    0.02665139    0.05867990    0.08563794    0.07445468    0.38706665    0.37868971
T0             0.37553477    0.32616348    0.31370169    0.32299316    0.30887564    0.30985201    0.29172571    0.31370169    0.30741513    0.20321936    0.20321936    0.21391024    0.22267143    0.19017507    0.24559800    0.01414135    0.01214700    0.00000000    0.01417466    0.04554545    0.07186804    0.06090306    0.37934913    0.37868971
T3             0.39564012    0.34345030    0.33045372    0.33997520    0.33266649    0.33343682    0.30789031    0.33045372    0.32400159    0.22280512    0.22280512    0.23121969    0.24027288    0.20979667    0.26706618    0.02862956    0.02665139    0.01417466    0.00000000    0.06082093    0.08320311    0.07663135    0.38776995    0.38706665
T2             0.37111902    0.31519688    0.30316998    0.30563130    0.29831960    0.30274102    0.29129462    0.31322697    0.30695161    0.19241327    0.19241327    0.20275719    0.21134221    0.18213689    0.23685841    0.05213854    0.05867990    0.04554545    0.06082093    0.00000000    0.05853236    0.04777018    0.37488998    0.37425880
T5             0.38823669    0.33807491    0.32546626    0.33142106    0.32054456    0.32499271    0.31662496    0.33943999    0.33291426    0.22832923    0.22832923    0.24293051    0.25217984    0.21527364    0.26029853    0.07881495    0.08563794    0.07186804    0.08320311    0.05853236    0.00000000    0.03502471    0.39601399    0.39144682
T6             0.39418549    0.32912318    0.31662496    0.32595206    0.30837716    0.31276411    0.30452662    0.32696035    0.32054456    0.21188550    0.21188550    0.22896960    0.23196915    0.20183250    0.24293051    0.06773693    0.07445468    0.06090306    0.07663135    0.04777018    0.03502471    0.00000000    0.39813600    0.39347950
T8             0.11550621    0.40613232    0.38375972    0.37996022    0.39026609    0.38314030    0.37425880    0.38889906    0.39211015    0.30330891    0.30330891    0.28846123    0.28521802    0.29986230    0.35883724    0.37868971    0.38706665    0.37934913    0.38776995    0.37488998    0.39601399    0.39813600    0.00000000    0.04988520
T4             0.12981133    0.42010263    0.40116235    0.39725877    0.38570194    0.38253489    0.37741210    0.38439314    0.38758843    0.31610588    0.31610588    0.30361059    0.30361059    0.29371998    0.37303738    0.37425880    0.37868971    0.37868971    0.38706665    0.37425880    0.39144682    0.39347950    0.04988520    0.00000000

