24
T23            0.00000000    0.27536356    0.29124801    0.21168535    0.22529168    0.21072929    0.24909946    0.20117580    0.21103866    0.17123243    0.18354207    0.18081335    0.17613053    0.20370759    0.18462309    0.18682407    0.13515078    0.16782446    0.13572334    0.14277342    0.13985175    0.14513935    0.10881473    0.13263563
T18            0.27536356    0.00000000    0.05613603    0.23513196    0.26382212    0.24681223    0.33927374    0.30365345    0.28566628    0.25910846    0.28243279    0.27922018    0.26457610    0.29977827    0.28746234    0.28654216    0.28609867    0.29459878    0.29742259    0.28936404    0.29834980    0.26419380    0.26578645    0.27008573
T9             0.29124801    0.05613603    0.00000000    0.24681223    0.27922018    0.26108157    0.35586199    0.32735603    0.31180908    0.28093125    0.30168064    0.29834980    0.28005383    0.33031732    0.31047546    0.30941947    0.30552131    0.30988408    0.31047546    0.30552131    0.31472089    0.27963153    0.28465188    0.29219699
T4             0.21168535    0.23513196    0.24681223    0.00000000    0.06952936    0.07388330    0.27259571    0.23500656    0.22723036    0.18655053    0.21329951    0.21042927    0.19209938    0.21236916    0.19801586    0.20307398    0.20219213    0.23018576    0.21751019    0.20219213    0.21587906    0.19911105    0.19965542    0.20729302
T15            0.22529168    0.26382212    0.27922018    0.06952936    0.00000000    0.08718157    0.29408031    0.24994261    0.25022317    0.20247691    0.23216787    0.22922133    0.21103866    0.23804334    0.22304147    0.22825601    0.22429241    0.23811380    0.23123810    0.21558121    0.22429241    0.21529288    0.21650320    0.22723036
T2             0.21072929    0.24681223    0.26108157    0.07388330    0.08718157    0.00000000    0.26183707    0.23087759    0.22397861    0.18852678    0.22629215    0.22338010    0.20473798    0.22234491    0.20277087    0.20786727    0.20701991    0.23513196    0.22234491    0.21271105    0.21788417    0.19607069    0.20165022    0.22020877
T12            0.24909946    0.33927374    0.35586199    0.27259571    0.29408031    0.26183707    0.00000000    0.17123243    0.17228703    0.13480879    0.18531599    0.18260228    0.18106289    0.19405999    0.19181919    0.19684984    0.25407748    0.28524501    0.24523197    0.25950260    0.27129257    0.24681223    0.24218611    0.26183707
T13            0.20117580    0.30365345    0.32735603    0.23500656    0.24994261    0.23087759    0.17123243    0.00000000    0.07588538    0.08061863    0.15268740    0.15009364    0.14041548    0.15268740    0.13767871    0.14239253    0.21168535    0.24791029    0.20691686    0.20879830    0.21168535    0.22009462    0.20624840    0.22201093
T10            0.21103866    0.28566628    0.31180908    0.22723036    0.25022317    0.22397861    0.17228703    0.07588538    0.00000000    0.07804081    0.14188202    0.13936064    0.12487365    0.16212014    0.13967994    0.14441624    0.20502161    0.25059865    0.21103866    0.21300056    0.22397861    0.22137170    0.20816834    0.22397861
T22            0.17123243    0.25910846    0.28093125    0.18655053    0.20247691    0.18852678    0.13480879    0.08061863    0.07804081    0.00000000    0.11033327    0.10795066    0.09899875    0.12024711    0.10362205    0.10815956    0.17809951    0.21529288    0.17342397    0.17809951    0.18852678    0.18329382    0.17073205    0.19128569
T0             0.18354207    0.28243279    0.30168064    0.21329951    0.23216787    0.22629215    0.18531599    0.15268740    0.14188202    0.11033327    0.00000000    0.00200403    0.07150540    0.14663801    0.12940098    0.12916408    0.19937866    0.22953301    0.19741476    0.20786727    0.21877432    0.20473798    0.19684984    0.21013861
T21            0.18081335    0.27922018    0.29834980    0.21042927    0.22922133    0.22338010    0.18260228    0.15009364    0.13936064    0.10795066    0.00200403    0.00000000    0.07374853    0.14410385    0.12694191    0.12671716    0.19658100    0.22659513    0.19460911    0.20502161    0.21587906    0.20191656    0.19405999    0.20729302
T8             0.17613053    0.26457610    0.28005383    0.19209938    0.21103866    0.20473798    0.18106289    0.14041548    0.12487365    0.09899875    0.07150540    0.07374853    0.00000000    0.13013313    0.11780600    0.12242055    0.19405999    0.22048500    0.18655053    0.19684984    0.20757548    0.19103244    0.18655053    0.20191656
T11            0.20370759    0.29977827    0.33031732    0.21236916    0.23804334    0.22234491    0.19405999    0.15268740    0.16212014    0.12024711    0.14663801    0.14410385    0.13013313    0.00000000    0.03694843    0.04114681    0.19994132    0.22659513    0.20657806    0.20561660    0.21941548    0.20816834    0.18904482    0.19937866
T17            0.18462309    0.28746234    0.31047546    0.19801586    0.22304147    0.20277087    0.19181919    0.13767871    0.13967994    0.10362205    0.12940098    0.12694191    0.11780600    0.03694843    0.00000000    0.00602420    0.18655053    0.20191656    0.18739759    0.18655053    0.19712777    0.18904482    0.17587849    0.19379898
T7             0.18682407    0.28654216    0.30941947    0.20307398    0.22825601    0.20786727    0.19684984    0.14239253    0.14441624    0.10815956    0.12916408    0.12671716    0.12242055    0.04114681    0.00602420    0.00000000    0.18878133    0.20701991    0.19238850    0.19154795    0.20219213    0.19405999    0.18081335    0.19885263
T1             0.13515078    0.28609867    0.30552131    0.20219213    0.22429241    0.20701991    0.25407748    0.21168535    0.20502161    0.17809951    0.19937866    0.19658100    0.19405999    0.19994132    0.18655053    0.18878133    0.00000000    0.11537680    0.09045354    0.08309912    0.09217347    0.09463612    0.13480879    0.14410385
T20            0.16782446    0.29459878    0.30988408    0.23018576    0.23811380    0.23513196    0.28524501    0.24791029    0.25059865    0.21529288    0.22953301    0.22659513    0.22048500    0.22659513    0.20191656    0.20701991    0.11537680    0.00000000    0.09451699    0.09187665    0.10340558    0.09644642    0.16174770    0.18468269
T6             0.13572334    0.29742259    0.31047546    0.21751019    0.23123810    0.22234491    0.24523197    0.20691686    0.21103866    0.17342397    0.19741476    0.19460911    0.18655053    0.20657806    0.18739759    0.19238850    0.09045354    0.09451699    0.00000000    0.05646763    0.05853339    0.06305032    0.13281216    0.14970545
T16            0.14277342    0.28936404    0.30552131    0.20219213    0.21558121    0.21271105    0.25950260    0.20879830    0.21300056    0.17809951    0.20786727    0.20502161    0.19684984    0.20561660    0.18655053    0.19154795    0.08309912    0.09187665    0.05646763    0.00000000    0.02648571    0.06952936    0.13230634    0.14663801
T14            0.13985175    0.29834980    0.31472089    0.21587906    0.22429241    0.21788417    0.27129257    0.21168535    0.22397861    0.18852678    0.21877432    0.21587906    0.20757548    0.21941548    0.19712777    0.20219213    0.09217347    0.10340558    0.05853339    0.02648571    0.00000000    0.07404637    0.13951623    0.15398716
T19            0.14513935    0.26419380    0.27963153    0.19911105    0.21529288    0.19607069    0.24681223    0.22009462    0.22137170    0.18329382    0.20473798    0.20191656    0.19103244    0.20816834    0.18904482    0.19405999    0.09463612    0.09644642    0.06305032    0.06952936    0.07404637    0.00000000    0.13215365    0.15158199
T3             0.10881473    0.26578645    0.28465188    0.19965542    0.21650320    0.20165022    0.24218611    0.20624840    0.20816834    0.17073205    0.19684984    0.19405999    0.18655053    0.18904482    0.17587849    0.18081335    0.13480879    0.16174770    0.13281216    0.13230634    0.13951623    0.13215365    0.00000000    0.05195185
T5             0.13263563    0.27008573    0.29219699    0.20729302    0.22723036    0.22020877    0.26183707    0.22201093    0.22397861    0.19128569    0.21013861    0.20729302    0.20191656    0.19937866    0.19379898    0.19885263    0.14410385    0.18468269    0.14970545    0.14663801    0.15398716    0.15158199    0.05195185    0.00000000

