24
T10            0.00000000    0.31484347    0.32174400    0.33110278    0.33410050    0.30783968    0.41858379    0.39750113    0.34413147    0.33062498    0.33062498    0.37011080    0.33414841    0.33414841    0.33414841    0.33171465    0.31776786    0.30824665    0.36447682    0.28014826    0.28058411    0.26545877    0.29419414    0.33116364
T22            0.31484347    0.00000000    0.01617940    0.25064949    0.24143145    0.23315569    0.33318666    0.31201075    0.25913304    0.24586946    0.24286742    0.27496990    0.21479176    0.21479176    0.23886874    0.23288200    0.19563443    0.20583396    0.26740778    0.23901771    0.23929604    0.21479176    0.26079392    0.27572195
T0             0.32174400    0.01617940    0.00000000    0.26284151    0.25336681    0.24494976    0.33318666    0.31201075    0.25913304    0.24586946    0.24286742    0.27496990    0.22053589    0.22053589    0.24420083    0.23817803    0.20118610    0.20305056    0.26427308    0.24494976    0.24524598    0.21765552    0.26702391    0.28211202
T7             0.33110278    0.25064949    0.26284151    0.00000000    0.03697934    0.04554821    0.18908708    0.16883333    0.11337953    0.10463066    0.10221799    0.13341272    0.14005377    0.14005377    0.16785650    0.16035522    0.12257149    0.13163708    0.22665201    0.27953175    0.27986669    0.23958463    0.26526622    0.27705880
T20            0.33410050    0.24143145    0.25336681    0.03697934    0.00000000    0.04334830    0.17790042    0.15794579    0.10363267    0.09728015    0.09490785    0.12568142    0.13734395    0.13734395    0.16498338    0.15751431    0.12735494    0.13398986    0.22634723    0.27297940    0.27328331    0.22760587    0.26188069    0.27359840
T3             0.30783968    0.23315569    0.24494976    0.04554821    0.04334830    0.00000000    0.17297701    0.15315162    0.10388051    0.09997743    0.09758217    0.12856318    0.12518230    0.12518230    0.14972928    0.14241483    0.11538996    0.12196697    0.21534305    0.26129431    0.26158206    0.22522664    0.26251044    0.27113759
T1             0.41858379    0.33318666    0.33318666    0.18908708    0.17790042    0.17297701    0.00000000    0.07894225    0.14954654    0.14773878    0.14516387    0.17567041    0.20196185    0.20196185    0.23254975    0.22142780    0.19636293    0.19817040    0.29755573    0.34881852    0.34927897    0.29121057    0.34975266    0.35854204
T14            0.39750113    0.31201075    0.31201075    0.16883333    0.15794579    0.15315162    0.07894225    0.00000000    0.12503159    0.12355564    0.12107068    0.14536606    0.18908708    0.18908708    0.20762462    0.20822084    0.18358088    0.18808116    0.28619704    0.31368463    0.31408992    0.28695988    0.33857559    0.35432595
T23            0.34413147    0.25913304    0.25913304    0.11337953    0.10363267    0.10388051    0.14954654    0.12503159    0.00000000    0.06305509    0.06082642    0.09464640    0.14223555    0.14223555    0.15992656    0.15250855    0.12503159    0.13659367    0.23552509    0.28202974    0.28235203    0.23901771    0.26526622    0.28202974
T18            0.33062498    0.24586946    0.24586946    0.10463066    0.09728015    0.09997743    0.14773878    0.12355564    0.06305509    0.00000000    0.00200404    0.07217941    0.14816478    0.14816478    0.16883333    0.16398520    0.13321155    0.13717766    0.23094446    0.26836145    0.26870109    0.24084088    0.28252530    0.29712261
T11            0.33062498    0.24286742    0.24286742    0.10221799    0.09490785    0.09758217    0.14516387    0.12107068    0.06082642    0.00200404    0.00000000    0.06990477    0.14557636    0.14557636    0.16614699    0.16131321    0.13068880    0.13466791    0.22796888    0.26526622    0.26559612    0.23784772    0.27930954    0.29384342
T2             0.37011080    0.27496990    0.27496990    0.13341272    0.12568142    0.12856318    0.17567041    0.14536606    0.09464640    0.07217941    0.06990477    0.00000000    0.17616855    0.17616855    0.18936099    0.18438286    0.15794579    0.15934705    0.23519380    0.30576240    0.30619385    0.26665078    0.29426560    0.31583238
T6             0.33414841    0.21479176    0.22053589    0.14005377    0.13734395    0.12518230    0.20196185    0.18908708    0.14223555    0.14816478    0.14557636    0.17616855    0.00000000    0.00000000    0.06961645    0.06305509    0.05434200    0.09900858    0.21174354    0.25976532    0.26009753    0.22314669    0.24888975    0.26115806
T9             0.33414841    0.21479176    0.22053589    0.14005377    0.13734395    0.12518230    0.20196185    0.18908708    0.14223555    0.14816478    0.14557636    0.17616855    0.00000000    0.00000000    0.06961645    0.06305509    0.05434200    0.09900858    0.21174354    0.25976532    0.26009753    0.22314669    0.24888975    0.26115806
T13            0.33414841    0.23886874    0.24420083    0.16785650    0.16498338    0.14972928    0.23254975    0.20762462    0.15992656    0.16883333    0.16614699    0.18936099    0.06961645    0.06961645    0.00000000    0.01827113    0.06980173    0.11581564    0.23167930    0.26836145    0.26870109    0.24318547    0.25430673    0.29058574
T8             0.33171465    0.23288200    0.23817803    0.16035522    0.15751431    0.14241483    0.22142780    0.20822084    0.15250855    0.16398520    0.16131321    0.18438286    0.06305509    0.06305509    0.01827113    0.00000000    0.06323718    0.11337953    0.22644739    0.25976532    0.26009753    0.22897498    0.23988343    0.27218607
T5             0.31776786    0.19563443    0.20118610    0.12257149    0.12735494    0.11538996    0.19636293    0.18358088    0.12503159    0.13321155    0.13068880    0.15794579    0.05434200    0.05434200    0.06980173    0.06323718    0.00000000    0.08062468    0.19243569    0.24226210    0.24255962    0.19817040    0.23752747    0.24824790
T17            0.30824665    0.20583396    0.20305056    0.13163708    0.13398986    0.12196697    0.19817040    0.18808116    0.13659367    0.13717766    0.13466791    0.15934705    0.09900858    0.09900858    0.11581564    0.11337953    0.08062468    0.00000000    0.19636293    0.24953886    0.24980062    0.20520915    0.25366954    0.26771500
T4             0.36447682    0.26740778    0.26427308    0.22665201    0.22634723    0.21534305    0.29755573    0.28619704    0.23552509    0.23094446    0.22796888    0.23519380    0.21174354    0.21174354    0.23167930    0.22644739    0.19243569    0.19636293    0.00000000    0.28979716    0.29018574    0.24318547    0.27611447    0.28492549
T15            0.28014826    0.23901771    0.24494976    0.27953175    0.27297940    0.26129431    0.34881852    0.31368463    0.28202974    0.26836145    0.26526622    0.30576240    0.25976532    0.25976532    0.26836145    0.25976532    0.24226210    0.24953886    0.28979716    0.00000000    0.00401108    0.13398986    0.17192082    0.19266499
T16            0.28058411    0.23929604    0.24524598    0.27986669    0.27328331    0.26158206    0.34927897    0.31408992    0.28235203    0.26870109    0.26559612    0.30619385    0.26009753    0.26009753    0.26870109    0.26009753    0.24255962    0.24980062    0.29018574    0.00401108    0.00000000    0.13410919    0.17211456    0.19288170
T19            0.26545877    0.21479176    0.21765552    0.23958463    0.22760587    0.22522664    0.29121057    0.28695988    0.23901771    0.24084088    0.23784772    0.26665078    0.22314669    0.22314669    0.24318547    0.22897498    0.19817040    0.20520915    0.24318547    0.13398986    0.13410919    0.00000000    0.09912482    0.12026199
T21            0.29419414    0.26079392    0.26702391    0.26526622    0.26188069    0.26251044    0.34975266    0.33857559    0.26526622    0.28252530    0.27930954    0.29426560    0.24888975    0.24888975    0.25430673    0.23988343    0.23752747    0.25366954    0.27611447    0.17192082    0.17211456    0.09912482    0.00000000    0.12012352
T12            0.33116364    0.27572195    0.28211202    0.27705880    0.27359840    0.27113759    0.35854204    0.35432595    0.28202974    0.29712261    0.29384342    0.31583238    0.26115806    0.26115806    0.29058574    0.27218607    0.24824790    0.26771500    0.28492549    0.19266499    0.19288170    0.12026199    0.12012352    0.00000000

