24
T22            0.00000000    0.28751123    0.22301070    0.22650476    0.27477457    0.22068630    0.23382200    0.25563653    0.26416398    0.26995454    0.27034405    0.26210287    0.25395488    0.15985481    0.13746464    0.17336918    0.16490735    0.17044314    0.21064853    0.21352429    0.16073673    0.19175231    0.07662207    0.07662207
T7             0.28751123    0.00000000    0.08078794    0.10398398    0.12812825    0.11065539    0.11730480    0.18798480    0.20083995    0.20466401    0.18871814    0.25898460    0.25706350    0.28281593    0.27791682    0.32976455    0.33573855    0.33523087    0.37342362    0.37718856    0.30303491    0.33174226    0.28751123    0.28751123
T3             0.22301070    0.08078794    0.00000000    0.04994588    0.08123173    0.06511763    0.07599312    0.14692778    0.15946390    0.16027915    0.14747528    0.20523767    0.20330740    0.23593508    0.22012675    0.25412849    0.26095985    0.26995454    0.29359420    0.29686562    0.23706229    0.26540470    0.22591142    0.22591142
T2             0.22650476    0.10398398    0.04994588    0.00000000    0.05875836    0.06752860    0.07841096    0.14985661    0.15985481    0.15285814    0.14273679    0.21159962    0.20395573    0.23647860    0.21493490    0.26095985    0.26719633    0.26995454    0.29686562    0.30015864    0.22591142    0.26608941    0.22943964    0.22943964
T13            0.27477457    0.12812825    0.08123173    0.05875836    0.00000000    0.09739592    0.10864800    0.18675926    0.20016181    0.19857456    0.18484841    0.24363716    0.24802000    0.28509747    0.26524075    0.31318117    0.32011059    0.33009633    0.35114835    0.35480315    0.27712019    0.30392368    0.27477457    0.27477457
T8             0.22068630    0.11065539    0.06511763    0.06752860    0.09739592    0.00000000    0.02442160    0.13712733    0.15464374    0.15025934    0.13764523    0.20584794    0.20395573    0.23062623    0.21208387    0.25787061    0.25787061    0.26681674    0.30347353    0.30681059    0.23176394    0.26299063    0.22943964    0.22943964
T6             0.23382200    0.11730480    0.07599312    0.07841096    0.10864800    0.02442160    0.00000000    0.14899311    0.16675716    0.15965516    0.14948653    0.21006077    0.20808880    0.23860456    0.22509444    0.27162154    0.27162154    0.28071890    0.31802676    0.32142045    0.24508464    0.27061715    0.24570142    0.24570142
T12            0.25563653    0.18798480    0.14692778    0.14985661    0.18675926    0.13712733    0.14899311    0.00000000    0.06055624    0.18028519    0.16450567    0.23117532    0.22912949    0.26722461    0.25263116    0.29132845    0.28182586    0.29099082    0.34238337    0.34588403    0.27340280    0.30644373    0.27405914    0.27405914
T10            0.26416398    0.20083995    0.15946390    0.15985481    0.20016181    0.15464374    0.16675716    0.06055624    0.00000000    0.19348282    0.18276737    0.24904882    0.24939184    0.28465591    0.27030414    0.30028935    0.29385232    0.30318320    0.35756244    0.36119044    0.29241008    0.32988426    0.27965845    0.27965845
T21            0.26995454    0.20466401    0.16027915    0.15285814    0.19857456    0.15025934    0.15965516    0.18028519    0.19348282    0.00000000    0.03697613    0.24367906    0.23869585    0.29241008    0.25823157    0.31355244    0.31017013    0.31989074    0.36968688    0.37342362    0.30392368    0.34228213    0.29579372    0.29579372
T17            0.27034405    0.18871814    0.14747528    0.14273679    0.18484841    0.13764523    0.14948653    0.16450567    0.18276737    0.03697613    0.00000000    0.23503400    0.23305897    0.28635614    0.25244334    0.30059771    0.30727196    0.31355244    0.37028720    0.37403802    0.29773328    0.33926416    0.28313734    0.28313734
T9             0.26210287    0.25898460    0.20523767    0.21159962    0.24363716    0.20584794    0.21006077    0.23117532    0.24904882    0.24367906    0.23503400    0.00000000    0.03492709    0.25078447    0.22882910    0.26644776    0.25787061    0.26920756    0.32283554    0.32628802    0.25209100    0.28109450    0.25666066    0.25666066
T1             0.25395488    0.25706350    0.20330740    0.20395573    0.24802000    0.20395573    0.20808880    0.22912949    0.24939184    0.23869585    0.23305897    0.03492709    0.00000000    0.24570142    0.22388968    0.25823157    0.25280593    0.26406835    0.31403671    0.31745379    0.24402388    0.27272338    0.26104769    0.26104769
T16            0.15985481    0.28281593    0.23593508    0.23647860    0.28509747    0.23062623    0.23860456    0.26722461    0.28465591    0.29241008    0.28635614    0.25078447    0.24570142    0.00000000    0.07359207    0.13477833    0.12950483    0.13461999    0.17469805    0.17737334    0.12994241    0.15985481    0.17582277    0.17582277
T4             0.13746464    0.27791682    0.22012675    0.21493490    0.26524075    0.21208387    0.22509444    0.25263116    0.27030414    0.25823157    0.25244334    0.22882910    0.22388968    0.07359207    0.00000000    0.10385011    0.09652690    0.10134758    0.14931380    0.15187912    0.09898277    0.13461999    0.14254322    0.14254322
T23            0.17336918    0.32976455    0.25412849    0.26095985    0.31318117    0.25787061    0.27162154    0.29132845    0.30028935    0.31355244    0.30059771    0.26644776    0.25823157    0.13477833    0.10385011    0.00000000    0.05433266    0.05441309    0.20016181    0.20299678    0.14273679    0.17828492    0.19261521    0.19261521
T5             0.16490735    0.33573855    0.26095985    0.26719633    0.32011059    0.25787061    0.27162154    0.28182586    0.29385232    0.31017013    0.30727196    0.25787061    0.25280593    0.12950483    0.09652690    0.05433266    0.00000000    0.02447266    0.19399334    0.19122141    0.14235766    0.17781174    0.18373803    0.18373803
T11            0.17044314    0.33523087    0.26995454    0.26995454    0.33009633    0.26681674    0.28071890    0.29099082    0.30318320    0.31989074    0.31355244    0.26920756    0.26406835    0.13461999    0.10134758    0.05441309    0.02447266    0.00000000    0.19426208    0.19705732    0.14767402    0.18075569    0.19512188    0.19512188
T0             0.21064853    0.37342362    0.29359420    0.29686562    0.35114835    0.30347353    0.31802676    0.34238337    0.35756244    0.36968688    0.37028720    0.32283554    0.31403671    0.17469805    0.14931380    0.20016181    0.19399334    0.19426208    0.00000000    0.00200402    0.09673870    0.13227726    0.21352429    0.21352429
T20            0.21352429    0.37718856    0.29686562    0.30015864    0.35480315    0.30681059    0.32142045    0.34588403    0.36119044    0.37342362    0.37403802    0.32628802    0.31745379    0.17737334    0.15187912    0.20299678    0.19122141    0.19705732    0.00200402    0.00000000    0.09909792    0.13477833    0.21641672    0.21641672
T14            0.16073673    0.30303491    0.23706229    0.22591142    0.27712019    0.23176394    0.24508464    0.27340280    0.29241008    0.30392368    0.29773328    0.25209100    0.24402388    0.12994241    0.09898277    0.14273679    0.14235766    0.14767402    0.09673870    0.09909792    0.00000000    0.07186078    0.17143886    0.17143886
T15            0.19175231    0.33174226    0.26540470    0.26608941    0.30392368    0.26299063    0.27061715    0.30644373    0.32988426    0.34228213    0.33926416    0.28109450    0.27272338    0.15985481    0.13461999    0.17828492    0.17781174    0.18075569    0.13227726    0.13477833    0.07186078    0.00000000    0.20299678    0.20299678
T18            0.07662207    0.28751123    0.22591142    0.22943964    0.27477457    0.22943964    0.24570142    0.27405914    0.27965845    0.29579372    0.28313734    0.25666066    0.26104769    0.17582277    0.14254322    0.19261521    0.18373803    0.19512188    0.21352429    0.21641672    0.17143886    0.20299678    0.00000000    0.00000000
T19            0.07662207    0.28751123    0.22591142    0.22943964    0.27477457    0.22943964    0.24570142    0.27405914    0.27965845    0.29579372    0.28313734    0.25666066    0.26104769    0.17582277    0.14254322    0.19261521    0.18373803    0.19512188    0.21352429    0.21641672    0.17143886    0.20299678    0.00000000    0.00000000

