24
T8             0.00000000    0.34767428    0.32551807    0.31623109    0.31328943    0.32591916    0.26978179    0.26494560    0.25770498    0.22186182    0.23817489    0.21793255    0.19942135    0.24117697    0.21479003    0.22053383    0.24050884    0.21914447    0.18190412    0.19775722    0.18060667    0.22053383    0.19889277    0.20629699
T17            0.34767428    0.00000000    0.15642174    0.14371361    0.14610352    0.15116058    0.27137761    0.28057873    0.28013072    0.31957556    0.31368208    0.29441373    0.28657905    0.32378426    0.30378130    0.34818717    0.34717443    0.35708189    0.32364596    0.34428575    0.33505975    0.36414478    0.35073467    0.37673113
T10            0.32551807    0.15642174    0.00000000    0.05393670    0.05608222    0.06044126    0.21793255    0.24050884    0.22174132    0.29889929    0.31328943    0.29087999    0.27986477    0.30997833    0.29056235    0.30925178    0.32774604    0.33409619    0.31200671    0.32858905    0.31328943    0.36432565    0.34836898    0.35368486
T16            0.31623109    0.14371361    0.05393670    0.00000000    0.01006786    0.01414155    0.21973025    0.23396692    0.21822112    0.28113178    0.30668917    0.28455287    0.26740717    0.28802545    0.27494276    0.30342164    0.32177404    0.32126177    0.29303022    0.31244851    0.30088526    0.34751557    0.33190950    0.33112428
T20            0.31328943    0.14610352    0.05608222    0.01006786    0.00000000    0.00804451    0.22234536    0.23662569    0.22082118    0.27830534    0.30378130    0.28171829    0.26711180    0.29342995    0.27468613    0.29983845    0.31808777    0.32422368    0.29915741    0.31876485    0.30705968    0.35059355    0.33836035    0.34364848
T7             0.32591916    0.15116058    0.06044126    0.01414155    0.00804451    0.00000000    0.22812215    0.24255761    0.22664934    0.28770636    0.31368208    0.29120932    0.27639638    0.30307398    0.28396962    0.30633073    0.32475377    0.33457164    0.30575850    0.32561622    0.31368208    0.35763712    0.34530603    0.35059355
T3             0.26978179    0.27137761    0.21793255    0.21973025    0.22234536    0.22812215    0.00000000    0.08726121    0.07178786    0.25580291    0.28210786    0.26043751    0.23784488    0.26940986    0.24794081    0.26869859    0.28621274    0.30803151    0.25879895    0.27096248    0.26940986    0.32764910    0.30909224    0.30668917
T15            0.26494560    0.28057873    0.24050884    0.23396692    0.23662569    0.24255761    0.08726121    0.00000000    0.04344240    0.25499633    0.27147373    0.25035466    0.23396692    0.25307352    0.23824419    0.27776181    0.28905214    0.31093277    0.25842377    0.27373266    0.26904878    0.33409619    0.31537429    0.29983845
T22            0.25770498    0.28013072    0.22174132    0.21822112    0.22082118    0.22664934    0.07178786    0.04344240    0.00000000    0.25064786    0.26740376    0.24619384    0.23287868    0.25192562    0.23691530    0.27055813    0.28170607    0.29703150    0.23922508    0.25415435    0.25570344    0.31970702    0.30131818    0.29226713
T6             0.22186182    0.31957556    0.29889929    0.28113178    0.27830534    0.28770636    0.25580291    0.25499633    0.25064786    0.00000000    0.18148748    0.16330178    0.16112663    0.19189094    0.17069115    0.18650556    0.19426031    0.23341536    0.20679876    0.21506062    0.19460569    0.23510257    0.22448997    0.22895148
T12            0.23817489    0.31368208    0.31328943    0.30668917    0.30378130    0.31368208    0.28210786    0.27147373    0.26740376    0.18148748    0.00000000    0.01824893    0.06754227    0.10162568    0.08062448    0.22025621    0.22839571    0.25105860    0.22240292    0.22434769    0.22372671    0.26940986    0.25227116    0.26559383
T0             0.21793255    0.29441373    0.29087999    0.28455287    0.28171829    0.29120932    0.26043751    0.25035466    0.24619384    0.16330178    0.01824893    0.00000000    0.05207313    0.08531292    0.06493387    0.20629699    0.21712485    0.23552187    0.20821784    0.21018566    0.20398376    0.24824582    0.23161033    0.24466266
T23            0.19942135    0.28657905    0.27986477    0.26740717    0.26711180    0.27639638    0.23784488    0.23396692    0.23287868    0.16112663    0.06754227    0.05207313    0.00000000    0.07435045    0.05419966    0.19358520    0.20706382    0.21655707    0.18993255    0.19465237    0.18581898    0.23486984    0.21275853    0.22260197
T1             0.24117697    0.32378426    0.30997833    0.28802545    0.29342995    0.30307398    0.26940986    0.25307352    0.25192562    0.19189094    0.10162568    0.08531292    0.07435045    0.00000000    0.04129095    0.21506062    0.21793255    0.24723610    0.21947139    0.22434769    0.21506062    0.26009497    0.25227116    0.25398071
T2             0.21479003    0.30378130    0.29056235    0.27494276    0.27468613    0.28396962    0.24794081    0.23824419    0.23691530    0.17069115    0.08062448    0.06493387    0.05419966    0.04129095    0.00000000    0.20094492    0.20654315    0.23817489    0.21077922    0.21563057    0.20373614    0.24494818    0.23721505    0.24438755
T5             0.22053383    0.34818717    0.30925178    0.30342164    0.29983845    0.30633073    0.26869859    0.27776181    0.27055813    0.18650556    0.22025621    0.20629699    0.19358520    0.21506062    0.20094492    0.00000000    0.09218202    0.24956971    0.22467274    0.22958927    0.21452907    0.26559383    0.24255761    0.24255761
T18            0.24050884    0.34717443    0.32774604    0.32177404    0.31808777    0.32475377    0.28621274    0.28905214    0.28170607    0.19426031    0.22839571    0.21712485    0.20706382    0.21793255    0.20654315    0.09218202    0.00000000    0.25736142    0.24188546    0.25299342    0.23721505    0.28695673    0.27890279    0.26009497
T21            0.21914447    0.35708189    0.33409619    0.32126177    0.32422368    0.33457164    0.30803151    0.31093277    0.29703150    0.23341536    0.25105860    0.23552187    0.21655707    0.24723610    0.23817489    0.24956971    0.25736142    0.00000000    0.08332675    0.08995744    0.09654991    0.14904783    0.13202475    0.13872002
T9             0.18190412    0.32364596    0.31200671    0.29303022    0.29915741    0.30575850    0.25879895    0.25842377    0.23922508    0.20679876    0.22240292    0.20821784    0.18993255    0.21947139    0.21077922    0.22467274    0.24188546    0.08332675    0.00000000    0.04566496    0.07424394    0.11781941    0.10387987    0.10322767
T11            0.19775722    0.34428575    0.32858905    0.31244851    0.31876485    0.32561622    0.27096248    0.27373266    0.25415435    0.21506062    0.22434769    0.21018566    0.19465237    0.22434769    0.21563057    0.22958927    0.25299342    0.08995744    0.04566496    0.00000000    0.08774007    0.13217014    0.12040747    0.11964808
T4             0.18060667    0.33505975    0.31328943    0.30088526    0.30705968    0.31368208    0.26940986    0.26904878    0.25570344    0.19460569    0.22372671    0.20398376    0.18581898    0.21506062    0.20373614    0.21452907    0.23721505    0.09654991    0.07424394    0.08774007    0.00000000    0.08047221    0.06722038    0.06915671
T19            0.22053383    0.36414478    0.36432565    0.34751557    0.35059355    0.35763712    0.32764910    0.33409619    0.31970702    0.23510257    0.26940986    0.24824582    0.23486984    0.26009497    0.24494818    0.26559383    0.28695673    0.14904783    0.11781941    0.13217014    0.08047221    0.00000000    0.05419966    0.08935181
T14            0.19889277    0.35073467    0.34836898    0.33190950    0.33836035    0.34530603    0.30909224    0.31537429    0.30131818    0.22448997    0.25227116    0.23161033    0.21275853    0.25227116    0.23721505    0.24255761    0.27890279    0.13202475    0.10387987    0.12040747    0.06722038    0.05419966    0.00000000    0.08047221
T13            0.20629699    0.37673113    0.35368486    0.33112428    0.34364848    0.35059355    0.30668917    0.29983845    0.29226713    0.22895148    0.26559383    0.24466266    0.22260197    0.25398071    0.24438755    0.24255761    0.26009497    0.13872002    0.10322767    0.11964808    0.06915671    0.08935181    0.08047221    0.00000000

