24
T7             0.00000000    0.20862080    0.25462059    0.26700033    0.24464685    0.26591498    0.26282037    0.27180273    0.25093470    0.26282037    0.31333991    0.25852529    0.26769446    0.19309650    0.19035178    0.17704121    0.20505613    0.35534893    0.29796981    0.17724021    0.17992568    0.18784168    0.17744808    0.21333716
T19            0.20862080    0.00000000    0.14936557    0.20628582    0.20243875    0.22734805    0.23023587    0.23580344    0.20225770    0.20759005    0.25668837    0.19969439    0.21036497    0.16985509    0.16720530    0.15916379    0.20006988    0.36071743    0.29053989    0.20027185    0.19987738    0.20797336    0.19459606    0.20910036
T20            0.25462059    0.14936557    0.00000000    0.27178186    0.24887013    0.27291521    0.28249809    0.28531071    0.25157326    0.26351366    0.29511400    0.26351366    0.27291521    0.20535024    0.20251123    0.19382816    0.25124876    0.42860271    0.35428481    0.24920609    0.24854451    0.24522800    0.24585052    0.25768673
T17            0.26700033    0.20628582    0.27178186    0.00000000    0.12765565    0.15793708    0.16057307    0.16034643    0.12998340    0.13231900    0.17542440    0.12954220    0.14174112    0.22957472    0.22957472    0.21017354    0.25124876    0.40725058    0.34815244    0.24854451    0.25701057    0.26591498    0.25496496    0.27569711
T9             0.24464685    0.20243875    0.24887013    0.12765565    0.00000000    0.07642256    0.07871267    0.07860969    0.04761337    0.04542233    0.15750620    0.11986621    0.12968129    0.21477774    0.21477774    0.19309650    0.22976244    0.39382446    0.33875161    0.24168153    0.24707253    0.24978361    0.24437187    0.25365052
T3             0.26591498    0.22734805    0.27291521    0.15793708    0.07642256    0.00000000    0.01010200    0.02447423    0.05207241    0.05860658    0.18658030    0.14189564    0.15211416    0.24955238    0.24955238    0.22663523    0.26801170    0.43065297    0.37352432    0.27145378    0.27703603    0.28300696    0.27423943    0.28732287
T22            0.26282037    0.23023587    0.28249809    0.16057307    0.07871267    0.01010200    0.00000000    0.02656682    0.05426653    0.06082517    0.18934827    0.14443063    0.15470197    0.24651420    0.24651420    0.22371304    0.27111581    0.43882312    0.37722928    0.26833989    0.27390262    0.27984368    0.27111581    0.28410825
T12            0.27180273    0.23580344    0.28531071    0.16034643    0.07860969    0.02447423    0.02656682    0.00000000    0.05419890    0.06074951    0.18134954    0.14205836    0.15230337    0.25531978    0.25531978    0.23220983    0.26461923    0.43540044    0.37037157    0.27423943    0.27984368    0.28583579    0.27703603    0.29015907
T16            0.25093470    0.20225770    0.25157326    0.12998340    0.04761337    0.05207241    0.05426653    0.05419890    0.00000000    0.01824885    0.15250090    0.11733360    0.12707636    0.22603640    0.22603640    0.20397270    0.23822943    0.40362310    0.34527308    0.23847645    0.23847645    0.24410731    0.24115968    0.24437187
T21            0.26282037    0.20759005    0.26351366    0.13231900    0.04542233    0.05860658    0.06082517    0.06074951    0.01824885    0.00000000    0.16012819    0.12450384    0.13436735    0.22866521    0.22866521    0.20653185    0.24978361    0.41864426    0.35897471    0.25305660    0.25305660    0.25881407    0.25578564    0.25911362
T23            0.31333991    0.25668837    0.29511400    0.17542440    0.15750620    0.18658030    0.18934827    0.18134954    0.15250090    0.16012819    0.00000000    0.04783935    0.05663571    0.28707030    0.28707030    0.26269539    0.30371558    0.46064259    0.40598109    0.29340514    0.29667255    0.29954132    0.28977111    0.32016663
T14            0.25852529    0.19969439    0.26351366    0.12954220    0.11986621    0.14189564    0.14443063    0.14205836    0.11733360    0.12450384    0.04783935    0.00000000    0.01210988    0.22575173    0.22575173    0.20372521    0.24734602    0.39273459    0.33616353    0.24707253    0.25250518    0.26127563    0.24385322    0.28091429
T15            0.26769446    0.21036497    0.27291521    0.14174112    0.12968129    0.15211416    0.15470197    0.15230337    0.12707636    0.13436735    0.05663571    0.01210988    0.00000000    0.23454391    0.23454391    0.21504819    0.25334826    0.40034216    0.34313245    0.25607588    0.26156292    0.27047292    0.25277556    0.29055843
T0             0.19309650    0.16985509    0.20535024    0.22957472    0.21477774    0.24955238    0.24651420    0.25531978    0.22603640    0.22866521    0.28707030    0.22575173    0.23454391    0.00000000    0.00200404    0.02234774    0.20732654    0.37146259    0.30950750    0.20194852    0.19585646    0.20397270    0.19888215    0.20477130
T6             0.19035178    0.16720530    0.20251123    0.22957472    0.21477774    0.24955238    0.24651420    0.25531978    0.22603640    0.22866521    0.28707030    0.22575173    0.23454391    0.00200404    0.00000000    0.02234774    0.20449577    0.36777114    0.30616318    0.19914169    0.19309650    0.20117391    0.19609895    0.20194852
T13            0.17704121    0.15916379    0.19382816    0.21017354    0.19309650    0.22663523    0.22371304    0.23220983    0.20397270    0.20653185    0.26269539    0.20372521    0.21504819    0.02234774    0.02234774    0.00000000    0.19081509    0.36099478    0.29996159    0.18557062    0.18241210    0.19035178    0.18534055    0.18830792
T4             0.20505613    0.20006988    0.25124876    0.25124876    0.22976244    0.26801170    0.27111581    0.26461923    0.23822943    0.24978361    0.30371558    0.24734602    0.25334826    0.20732654    0.20449577    0.19081509    0.00000000    0.20048327    0.14411688    0.13769428    0.13952978    0.14697863    0.14477732    0.16276409
T1             0.35534893    0.36071743    0.42860271    0.40725058    0.39382446    0.43065297    0.43882312    0.43540044    0.40362310    0.41864426    0.46064259    0.39273459    0.40034216    0.37146259    0.36777114    0.36099478    0.20048327    0.00000000    0.06488186    0.28410825    0.29224388    0.30161758    0.30242159    0.33154297
T11            0.29796981    0.29053989    0.35428481    0.34815244    0.33875161    0.37352432    0.37722928    0.37037157    0.34527308    0.35897471    0.40598109    0.33616353    0.34313245    0.30950750    0.30616318    0.29996159    0.14411688    0.06488186    0.00000000    0.21764095    0.23395233    0.24254183    0.22838183    0.26041894
T2             0.17724021    0.20027185    0.24920609    0.24854451    0.24168153    0.27145378    0.26833989    0.27423943    0.23847645    0.25305660    0.29340514    0.24707253    0.25607588    0.20194852    0.19914169    0.18557062    0.13769428    0.28410825    0.21764095    0.00000000    0.03073632    0.03919601    0.02866825    0.14697863
T18            0.17992568    0.19987738    0.24854451    0.25701057    0.24707253    0.27703603    0.27390262    0.27984368    0.23847645    0.25305660    0.29667255    0.25250518    0.26156292    0.19585646    0.19309650    0.18241210    0.13952978    0.29224388    0.23395233    0.03073632    0.00000000    0.00805172    0.02650654    0.14159483
T8             0.18784168    0.20797336    0.24522800    0.26591498    0.24978361    0.28300696    0.27984368    0.28583579    0.24410731    0.25881407    0.29954132    0.26127563    0.27047292    0.20397270    0.20117391    0.19035178    0.14697863    0.30161758    0.24254183    0.03919601    0.00805172    0.00000000    0.03489164    0.14904221
T10            0.17744808    0.19459606    0.24585052    0.25496496    0.24437187    0.27423943    0.27111581    0.27703603    0.24115968    0.25578564    0.28977111    0.24385322    0.25277556    0.19888215    0.19609895    0.18534055    0.14477732    0.30242159    0.22838183    0.02866825    0.02650654    0.03489164    0.00000000    0.14681107
T5             0.21333716    0.20910036    0.25768673    0.27569711    0.25365052    0.28732287    0.28410825    0.29015907    0.24437187    0.25911362    0.32016663    0.28091429    0.29055843    0.20477130    0.20194852    0.18830792    0.16276409    0.33154297    0.26041894    0.14697863    0.14159483    0.14904221    0.14681107    0.00000000

