24
T20            0.00000000    0.39564511    0.38864594    0.42683435    0.42748809    0.41551462    0.42220536    0.40218568    0.38492302    0.40218568    0.36315081    0.35649801    0.35339679    0.31857172    0.34723437    0.35072307    0.19959232    0.18101087    0.19374186    0.17388762    0.16874728    0.16800980    0.18374504    0.19427005
T12            0.39564511    0.00000000    0.00401106    0.05189940    0.04760915    0.10894858    0.11593509    0.10638513    0.39839208    0.41597573    0.37261521    0.38029167    0.37709785    0.36589721    0.40326151    0.39943877    0.47489507    0.43293167    0.45506415    0.42617002    0.41877270    0.41409954    0.45552503    0.45389618
T7             0.38864594    0.00401106    0.00000000    0.04760915    0.04334424    0.10427585    0.11609829    0.10173402    0.39137790    0.40878588    0.36588319    0.37346973    0.37030315    0.35917217    0.39617617    0.39239684    0.46691127    0.42547053    0.44736676    0.41877270    0.41145533    0.40684641    0.44776232    0.44617416
T1             0.42683435    0.05189940    0.04760915    0.00000000    0.01617373    0.14573064    0.15833573    0.14294237    0.43516641    0.45372189    0.40397880    0.41987297    0.41652011    0.40111982    0.42159889    0.41765533    0.50236336    0.46961206    0.49300147    0.45389618    0.45204473    0.44540436    0.49400674    0.48481042
T17            0.42748809    0.04760915    0.04334424    0.01617373    0.00000000    0.14079707    0.15331151    0.13803386    0.43577372    0.45436358    0.40068431    0.41652011    0.41318269    0.40170967    0.43021938    0.42619627    0.50607584    0.47046056    0.49390050    0.45470236    0.45552503    0.44617416    0.49035251    0.48844017
T18            0.41551462    0.10894858    0.10427585    0.14573064    0.14079707    0.00000000    0.01827015    0.02656502    0.42100798    0.42718481    0.40931560    0.40496328    0.40167021    0.39024062    0.42496715    0.42496715    0.48027506    0.42954308    0.45582236    0.43930624    0.43173855    0.42688498    0.46248782    0.46072143
T11            0.42220536    0.11593509    0.11609829    0.15833573    0.15331151    0.01827015    0.00000000    0.03280844    0.41318269    0.41932891    0.40547825    0.40496328    0.40167021    0.39024062    0.42496715    0.42496715    0.48297558    0.43222994    0.45856824    0.44617416    0.43853984    0.43364916    0.46955174    0.46777442
T8             0.40218568    0.10638513    0.10173402    0.14294237    0.13803386    0.02656502    0.03280844    0.00000000    0.41652011    0.42269769    0.39740484    0.39321087    0.38995922    0.37852530    0.41263801    0.41263801    0.46010452    0.42346491    0.44940566    0.44121205    0.43364916    0.42076326    0.45552503    0.44963220
T3             0.38492302    0.39839208    0.39137790    0.43516641    0.43577372    0.42100798    0.41318269    0.41652011    0.00000000    0.04545368    0.15286282    0.22160798    0.21901256    0.18374504    0.22592343    0.22302250    0.42619627    0.40439703    0.42958077    0.42281235    0.40749581    0.38758182    0.42954308    0.40950488
T21            0.40218568    0.41597573    0.40878588    0.45372189    0.45436358    0.42718481    0.41932891    0.42269769    0.04545368    0.00000000    0.16534854    0.22069744    0.21809882    0.18847258    0.23677909    0.23383543    0.44179831    0.42619627    0.45219805    0.44540436    0.42954308    0.40888462    0.44810556    0.43427519
T14            0.36315081    0.37261521    0.36588319    0.40397880    0.40068431    0.40931560    0.40547825    0.39740484    0.15286282    0.16534854    0.00000000    0.19374186    0.19122936    0.17558709    0.20363725    0.20084976    0.41551462    0.40054470    0.40986054    0.41877270    0.39966982    0.38007958    0.41344864    0.40827934
T0             0.35649801    0.38029167    0.37346973    0.41987297    0.41652011    0.40496328    0.40496328    0.39321087    0.22160798    0.22069744    0.19374186    0.00000000    0.00200301    0.15139668    0.20531644    0.20255221    0.40827934    0.39460928    0.40768905    0.40749581    0.40421609    0.37320711    0.42211399    0.40888462
T2             0.35339679    0.37709785    0.37030315    0.41652011    0.41318269    0.40167021    0.40167021    0.38995922    0.21901256    0.21809882    0.19122936    0.00200301    0.00000000    0.14899865    0.20275041    0.19999379    0.40498711    0.39137568    0.40439703    0.40421609    0.40095097    0.37005760    0.41877270    0.40559205
T23            0.31857172    0.36589721    0.35917217    0.40111982    0.40170967    0.39024062    0.39024062    0.37852530    0.18374504    0.18847258    0.17558709    0.15139668    0.14899865    0.00000000    0.08482282    0.08254959    0.38758182    0.35966484    0.37954744    0.38038732    0.36232801    0.33428056    0.36800036    0.35966484
T4             0.34723437    0.40326151    0.39617617    0.42159889    0.43021938    0.42496715    0.42496715    0.41263801    0.22592343    0.23677909    0.20363725    0.20531644    0.20275041    0.08482282    0.00000000    0.00200402    0.41042069    0.38542619    0.40600835    0.40816000    0.38934802    0.36640267    0.40559205    0.38647546
T13            0.35072307    0.39943877    0.39239684    0.41765533    0.42619627    0.42496715    0.42496715    0.41263801    0.22302250    0.23383543    0.20084976    0.20255221    0.19999379    0.08254959    0.00200402    0.00000000    0.41431806    0.38916308    0.40986054    0.41213533    0.39318576    0.37005760    0.40559205    0.38647546
T10            0.19959232    0.47489507    0.46691127    0.50236336    0.50607584    0.48027506    0.48297558    0.46010452    0.42619627    0.44179831    0.41551462    0.40827934    0.40498711    0.38758182    0.41042069    0.41431806    0.00000000    0.08088963    0.09439250    0.10443175    0.09978523    0.09462231    0.11106681    0.11535813
T19            0.18101087    0.43293167    0.42547053    0.46961206    0.47046056    0.42954308    0.43222994    0.42346491    0.40439703    0.42619627    0.40054470    0.39460928    0.39137568    0.35966484    0.38542619    0.38916308    0.08088963    0.00000000    0.02444409    0.07433412    0.06537351    0.06735616    0.08308880    0.08963596
T16            0.19374186    0.45506415    0.44736676    0.49300147    0.49390050    0.45582236    0.45856824    0.44940566    0.42958077    0.45219805    0.40986054    0.40768905    0.40439703    0.37954744    0.40600835    0.40986054    0.09439250    0.02444409    0.00000000    0.08771988    0.07403832    0.08060987    0.09663121    0.09859883
T15            0.17388762    0.42617002    0.41877270    0.45389618    0.45470236    0.43930624    0.44617416    0.44121205    0.42281235    0.44540436    0.41877270    0.40749581    0.40421609    0.38038732    0.40816000    0.41213533    0.10443175    0.07433412    0.08771988    0.00000000    0.02238926    0.05654117    0.06978737    0.07622181
T6             0.16874728    0.41877270    0.41145533    0.45204473    0.45552503    0.43173855    0.43853984    0.43364916    0.40749581    0.42954308    0.39966982    0.40421609    0.40095097    0.36232801    0.38934802    0.39318576    0.09978523    0.06537351    0.07403832    0.02238926    0.00000000    0.04565893    0.05867540    0.06296403
T5             0.16800980    0.41409954    0.40684641    0.44540436    0.44617416    0.42688498    0.43364916    0.42076326    0.38758182    0.40888462    0.38007958    0.37320711    0.37005760    0.33428056    0.36640267    0.37005760    0.09462231    0.06735616    0.08060987    0.05654117    0.04565893    0.00000000    0.04776729    0.05407840
T9             0.18374504    0.45552503    0.44776232    0.49400674    0.49035251    0.46248782    0.46955174    0.45552503    0.42954308    0.44810556    0.41344864    0.42211399    0.41877270    0.36800036    0.40559205    0.40559205    0.11106681    0.08308880    0.09663121    0.06978737    0.05867540    0.04776729    0.00000000    0.03907019
T22            0.19427005    0.45389618    0.44617416    0.48481042    0.48844017    0.46072143    0.46777442    0.44963220    0.40950488    0.43427519    0.40827934    0.40888462    0.40559205    0.35966484    0.38647546    0.38647546    0.11535813    0.08963596    0.09859883    0.07622181    0.06296403    0.05407840    0.03907019    0.00000000

