24
T16            0.00000000    0.15223105    0.13998395    0.13998395    0.14965326    0.15186579    0.14930125    0.19983860    0.19790865    0.20581425    0.19622992    0.19622992    0.18796338    0.16004517    0.16267728    0.19258439    0.19539412    0.23033981    0.23033981    0.22149325    0.24420696    0.24151857    0.42647900    0.41815229
T22            0.15223105    0.00000000    0.04545229    0.04545229    0.13528734    0.13745188    0.14036440    0.16336932    0.15567825    0.16313033    0.17962791    0.17164749    0.17429350    0.15462874    0.15462874    0.17903364    0.18177403    0.26055589    0.26055589    0.25649401    0.25713954    0.25441889    0.43500802    0.42760766
T5             0.13998395    0.04545229    0.00000000    0.00000000    0.12331273    0.12544948    0.12793743    0.14570892    0.13354594    0.14036440    0.16692795    0.16430279    0.16169135    0.14234417    0.14234417    0.16897980    0.17168314    0.25475831    0.25475831    0.25441889    0.25441889    0.25170857    0.41809523    0.41750739
T0             0.13998395    0.04545229    0.00000000    0.00000000    0.12331273    0.12544948    0.12793743    0.14570892    0.13354594    0.14036440    0.16692795    0.16430279    0.16169135    0.14234417    0.14234417    0.16897980    0.17168314    0.25475831    0.25475831    0.25441889    0.25441889    0.25170857    0.41809523    0.41750739
T15            0.14965326    0.13528734    0.12331273    0.12331273    0.00000000    0.00401207    0.06921744    0.19008657    0.18264519    0.19039151    0.18546496    0.18004369    0.17735495    0.15722663    0.15722663    0.19288843    0.19570610    0.28264923    0.28264923    0.27583954    0.27583954    0.27306078    0.42819574    0.43561224
T6             0.15186579    0.13745188    0.12544948    0.12544948    0.00401207    0.00000000    0.07359089    0.19008657    0.18264519    0.19039151    0.18773788    0.18231664    0.17962791    0.15944899    0.15944899    0.19509100    0.19790865    0.28504175    0.28504175    0.27824364    0.27824364    0.27545335    0.42819574    0.43561224
T20            0.14930125    0.14036440    0.12793743    0.12793743    0.06921744    0.07359089    0.00000000    0.19228914    0.17657500    0.17876794    0.19276455    0.18731376    0.18731376    0.16206045    0.16206045    0.18673214    0.18397665    0.29069491    0.29069491    0.28385699    0.28067116    0.27786911    0.42203021    0.42933746
T23            0.19983860    0.16336932    0.14570892    0.14570892    0.19008657    0.19008657    0.19228914    0.00000000    0.07177100    0.08298456    0.22094793    0.22094793    0.21805696    0.19172514    0.19731320    0.22104092    0.22400924    0.32534883    0.32534883    0.31445782    0.31788399    0.32186288    0.48571582    0.48491382
T10            0.19790865    0.15567825    0.13354594    0.13354594    0.18264519    0.18264519    0.17657500    0.07177100    0.00000000    0.03710298    0.20746914    0.20746914    0.20463555    0.18424876    0.18979036    0.20749204    0.21039991    0.31548010    0.31548010    0.30144304    0.31154865    0.30865106    0.45763135    0.46542527
T17            0.20581425    0.16313033    0.14036440    0.14036440    0.19039151    0.19039151    0.17876794    0.08298456    0.03710298    0.00000000    0.22416651    0.22416651    0.22125022    0.18646114    0.19200272    0.21259270    0.21551758    0.31788399    0.31788399    0.30053507    0.31737867    0.31445782    0.44786482    0.44721069
T8             0.19622992    0.17962791    0.16692795    0.16692795    0.18546496    0.18773788    0.19276455    0.22094793    0.20746914    0.22416651    0.00000000    0.03277405    0.02857223    0.11777498    0.11777498    0.16579047    0.17115364    0.32276248    0.32276248    0.31886676    0.33166868    0.32868779    0.46042547    0.45134539
T3             0.19622992    0.17164749    0.16430279    0.16430279    0.18004369    0.18231664    0.18731376    0.22094793    0.20746914    0.22416651    0.03277405    0.00000000    0.02444362    0.11777498    0.11777498    0.16846486    0.17115364    0.31348233    0.31348233    0.30629794    0.31886676    0.31593355    0.45354901    0.44475948
T9             0.18796338    0.17429350    0.16169135    0.16169135    0.17735495    0.17962791    0.18731376    0.21805696    0.20463555    0.22125022    0.02857223    0.02444362    0.00000000    0.11293171    0.11293171    0.16313033    0.16579047    0.31593355    0.31593355    0.30876132    0.32135467    0.31840912    0.45354901    0.44475948
T13            0.16004517    0.15462874    0.14234417    0.14234417    0.15722663    0.15944899    0.16206045    0.19172514    0.18424876    0.18646114    0.11777498    0.11777498    0.11293171    0.00000000    0.00401610    0.14334773    0.14593222    0.26228645    0.26228645    0.25589044    0.27435980    0.27157760    0.42819574    0.41972931
T7             0.16267728    0.15462874    0.14234417    0.14234417    0.15722663    0.15944899    0.16206045    0.19731320    0.18979036    0.19200272    0.11777498    0.11777498    0.11293171    0.00401610    0.00000000    0.14334773    0.14593222    0.26536434    0.26536434    0.25892164    0.27123376    0.26846131    0.42422531    0.41583624
T1             0.19258439    0.17903364    0.16897980    0.16897980    0.19288843    0.19509100    0.18673214    0.22104092    0.20749204    0.21259270    0.16579047    0.16846486    0.16313033    0.14334773    0.14334773    0.00000000    0.00603632    0.31947056    0.31947056    0.31445782    0.33182859    0.32885927    0.46542527    0.45620340
T11            0.19539412    0.18177403    0.17168314    0.17168314    0.19570610    0.19790865    0.18397665    0.22400924    0.21039991    0.21551758    0.17115364    0.17115364    0.16579047    0.14593222    0.14593222    0.00603632    0.00000000    0.32295653    0.32295653    0.31788399    0.33537641    0.33239455    0.47847823    0.46897817
T14            0.23033981    0.26055589    0.25475831    0.25475831    0.28264923    0.28504175    0.29069491    0.32534883    0.31548010    0.31788399    0.32276248    0.31348233    0.31593355    0.26228645    0.26536434    0.31947056    0.32295653    0.00000000    0.00000000    0.02855400    0.05645950    0.05213225    0.38634768    0.37474269
T19            0.23033981    0.26055589    0.25475831    0.25475831    0.28264923    0.28504175    0.29069491    0.32534883    0.31548010    0.31788399    0.32276248    0.31348233    0.31593355    0.26228645    0.26536434    0.31947056    0.32295653    0.00000000    0.00000000    0.02855400    0.05645950    0.05213225    0.38634768    0.37474269
T18            0.22149325    0.25649401    0.25441889    0.25441889    0.27583954    0.27824364    0.28385699    0.31445782    0.30144304    0.30053507    0.31886676    0.30629794    0.30876132    0.25589044    0.25892164    0.31445782    0.31788399    0.02855400    0.02855400    0.00000000    0.05846255    0.05632285    0.38480279    0.37336212
T2             0.24420696    0.25713954    0.25441889    0.25441889    0.27583954    0.27824364    0.28067116    0.31788399    0.31154865    0.31737867    0.33166868    0.31886676    0.32135467    0.27435980    0.27123376    0.33182859    0.33537641    0.05645950    0.05645950    0.05846255    0.00000000    0.00401105    0.39447087    0.39010897
T12            0.24151857    0.25441889    0.25170857    0.25170857    0.27306078    0.27545335    0.27786911    0.32186288    0.30865106    0.31445782    0.32868779    0.31593355    0.31840912    0.27157760    0.26846131    0.32885927    0.33239455    0.05213225    0.05213225    0.05632285    0.00401105    0.00000000    0.38744872    0.38314391
T4             0.42647900    0.43500802    0.41809523    0.41809523    0.42819574    0.42819574    0.42203021    0.48571582    0.45763135    0.44786482    0.46042547    0.45354901    0.45354901    0.42819574    0.42422531    0.46542527    0.47847823    0.38634768    0.38634768    0.38480279    0.39447087    0.38744872    0.00000000    0.00805150
T21            0.41815229    0.42760766    0.41750739    0.41750739    0.43561224    0.43561224    0.42933746    0.48491382    0.46542527    0.44721069    0.45134539    0.44475948    0.44475948    0.41972931    0.41583624    0.45620340    0.46897817    0.37474269    0.37474269    0.37336212    0.39010897    0.38314391    0.00805150    0.00000000

