24
T22            0.00000000    0.28844196    0.27616622    0.27402325    0.26504541    0.23299443    0.25233783    0.24961843    0.51711453    0.51625819    0.49360873    0.29243619    0.26715508    0.27387602    0.28546830    0.28224088    0.27555942    0.26749636    0.25260462    0.26109419    0.12703398    0.13917411    0.13903588    0.12760646
T19            0.28844196    0.00000000    0.01008406    0.03483176    0.06714514    0.18524116    0.18963117    0.18711753    0.50498196    0.50872163    0.46612759    0.22823249    0.20897631    0.22066016    0.23733927    0.23437955    0.23228355    0.22412369    0.20786366    0.21025613    0.28493861    0.28746396    0.29031673    0.28631556
T13            0.27616622    0.01008406    0.00000000    0.03274704    0.06498006    0.17735780    0.18173972    0.17924953    0.49224334    0.49592335    0.44596684    0.22560418    0.20640935    0.21806201    0.23468635    0.23173537    0.23251042    0.22434582    0.20806721    0.21044825    0.27276002    0.27527271    0.27808482    0.27402325
T17            0.27402325    0.03483176    0.03274704    0.00000000    0.04760770    0.16206293    0.16639887    0.16395583    0.48858158    0.49224334    0.44250410    0.21491095    0.19047404    0.20182239    0.21806201    0.21518742    0.21044825    0.20252539    0.18674702    0.18909455    0.26749636    0.26690293    0.26968186    0.26881301
T0             0.26504541    0.06714514    0.06498006    0.04760770    0.00000000    0.17019914    0.18253036    0.18004672    0.50476369    0.50849439    0.46117034    0.22678639    0.20464024    0.21638746    0.23601200    0.23302569    0.22770253    0.21958377    0.20337225    0.20570868    0.27402325    0.27648626    0.27929256    0.27546130
T21            0.23299443    0.18524116    0.17735780    0.16206293    0.17019914    0.00000000    0.05840647    0.05626485    0.44448282    0.44793582    0.39068093    0.18073687    0.16532662    0.17631250    0.19200761    0.18922890    0.17362582    0.16869250    0.16395583    0.16105643    0.23274740    0.23808263    0.24369910    0.22560418
T8             0.25233783    0.18963117    0.18173972    0.16639887    0.18253036    0.05840647    0.00000000    0.00200301    0.45066766    0.45415194    0.39660106    0.19322212    0.17489014    0.18594936    0.19623393    0.19346297    0.18878276    0.18374560    0.17890415    0.17596241    0.25506776    0.25456933    0.26030849    0.23009489
T12            0.24961843    0.18711753    0.17924953    0.16395583    0.18004672    0.05626485    0.00200301    0.00000000    0.44719978    0.45066766    0.39335459    0.19070730    0.17243113    0.18346250    0.19371283    0.19094953    0.18625958    0.18124072    0.17641920    0.17348047    0.25233783    0.25183595    0.25755547    0.22745235
T2             0.51711453    0.50498196    0.49224334    0.48858158    0.50476369    0.44448282    0.45066766    0.44719978    0.00000000    0.00200301    0.08298524    0.46052636    0.45440988    0.46858073    0.50255997    0.49781527    0.45342978    0.44648003    0.42800693    0.43072403    0.52561360    0.54782525    0.55375755    0.56710382
T4             0.51625819    0.50872163    0.49592335    0.49224334    0.50849439    0.44793582    0.45415194    0.45066766    0.00200301    0.00000000    0.08519318    0.46404248    0.45789564    0.47212838    0.50626795    0.50150063    0.45692943    0.44994670    0.43139178    0.43412376    0.52651400    0.54686997    0.55275681    0.56598732
T7             0.49360873    0.46612759    0.44596684    0.44250410    0.46117034    0.39068093    0.39660106    0.39335459    0.08298524    0.08519318    0.00000000    0.42337106    0.41338983    0.42636770    0.44922926    0.44495181    0.42543269    0.42268557    0.40485734    0.40369616    0.49287420    0.50925617    0.51759788    0.52179216
T6             0.29243619    0.22823249    0.22560418    0.21491095    0.22678639    0.18073687    0.19322212    0.19070730    0.46052636    0.46404248    0.42337106    0.00000000    0.02238887    0.03284760    0.06536975    0.06312735    0.14453926    0.13980775    0.12776910    0.12498198    0.29198639    0.29527761    0.29482814    0.28164216
T9             0.26715508    0.20897631    0.20640935    0.19047404    0.20464024    0.16532662    0.17489014    0.17243113    0.45440988    0.45789564    0.41338983    0.02238887    0.00000000    0.01417415    0.05009192    0.04790354    0.11764557    0.11305940    0.10146270    0.09887052    0.26366025    0.26677692    0.26640935    0.25352113
T15            0.27387602    0.22066016    0.21806201    0.20182239    0.21638746    0.17631250    0.18594936    0.18346250    0.46858073    0.47212838    0.42636770    0.03284760    0.01417415    0.00000000    0.06107829    0.05884591    0.13259506    0.12297567    0.11608682    0.11333531    0.27665355    0.27986027    0.27944180    0.27285189
T18            0.28546830    0.23733927    0.23468635    0.21806201    0.23601200    0.19200761    0.19623393    0.19371283    0.50255997    0.50626795    0.44922926    0.06536975    0.05009192    0.06107829    0.00000000    0.00200401    0.14984404    0.14508949    0.13295318    0.13009453    0.28828873    0.28505086    0.28464443    0.26835284
T5             0.28224088    0.23437955    0.23173537    0.21518742    0.23302569    0.18922890    0.19346297    0.19094953    0.49781527    0.50150063    0.44495181    0.06312735    0.04790354    0.05884591    0.00200401    0.00000000    0.14727273    0.14253133    0.13044005    0.12760646    0.28505086    0.28505086    0.28464443    0.27152900
T20            0.27555942    0.23228355    0.23251042    0.21044825    0.22770253    0.17362582    0.18878276    0.18625958    0.45342978    0.45692943    0.42543269    0.14453926    0.11764557    0.13259506    0.14984404    0.14727273    0.00000000    0.01617881    0.03919107    0.03697558    0.27897384    0.28210998    0.29129071    0.25863108
T11            0.26749636    0.22412369    0.22434582    0.20252539    0.21958377    0.16869250    0.18374560    0.18124072    0.44648003    0.44994670    0.42268557    0.13980775    0.11305940    0.12297567    0.14508949    0.14253133    0.01617881    0.00000000    0.03502173    0.03280766    0.27336966    0.27648626    0.28560456    0.26537039
T1             0.25260462    0.20786366    0.20806721    0.18674702    0.20337225    0.16395583    0.17890415    0.17641920    0.42800693    0.43139178    0.40485734    0.12776910    0.10146270    0.11608682    0.13295318    0.13044005    0.03919107    0.03502173    0.00000000    0.02241941    0.25288193    0.25892664    0.26780935    0.24207847
T3             0.26109419    0.21025613    0.21044825    0.18909455    0.20570868    0.16105643    0.17596241    0.17348047    0.43072403    0.43412376    0.40369616    0.12498198    0.09887052    0.11333531    0.13009453    0.12760646    0.03697558    0.03280766    0.02241941    0.00000000    0.26137764    0.25533295    0.26413489    0.25045475
T14            0.12703398    0.28493861    0.27276002    0.26749636    0.27402325    0.23274740    0.25506776    0.25233783    0.52561360    0.52651400    0.49287420    0.29198639    0.26366025    0.27665355    0.28828873    0.28505086    0.27897384    0.27336966    0.25288193    0.26137764    0.00000000    0.08732082    0.08954502    0.11764557
T10            0.13917411    0.28746396    0.27527271    0.26690293    0.27648626    0.23808263    0.25456933    0.25183595    0.54782525    0.54686997    0.50925617    0.29527761    0.26677692    0.27986027    0.28505086    0.28505086    0.28210998    0.27648626    0.25892664    0.25533295    0.08732082    0.00000000    0.01008406    0.12498198
T23            0.13903588    0.29031673    0.27808482    0.26968186    0.27929256    0.24369910    0.26030849    0.25755547    0.55375755    0.55275681    0.51759788    0.29482814    0.26640935    0.27944180    0.28464443    0.28464443    0.29129071    0.28560456    0.26780935    0.26413489    0.08954502    0.01008406    0.00000000    0.12484103
T16            0.12760646    0.28631556    0.27402325    0.26881301    0.27546130    0.22560418    0.23009489    0.22745235    0.56710382    0.56598732    0.52179216    0.28164216    0.25352113    0.27285189    0.26835284    0.27152900    0.25863108    0.26537039    0.24207847    0.25045475    0.11764557    0.12498198    0.12484103    0.00000000

