24
T1             0.00000000    0.36370084    0.27929567    0.32136954    0.26504827    0.26781224    0.27897689    0.28211313    0.39184754    0.38370761    0.31168602    0.30503772    0.31126240    0.32344882    0.32775384    0.35134793    0.30350186    0.29485881    0.27616924    0.26413760    0.29063317    0.33628005    0.32302800    0.40148291
T23            0.36370084    0.00000000    0.17378115    0.21698222    0.17448633    0.17695718    0.17890532    0.18156560    0.28707497    0.28669139    0.20975891    0.20692501    0.21233122    0.21777933    0.22066228    0.23765738    0.20922899    0.20385343    0.17411616    0.16901838    0.19805159    0.23468877    0.20616814    0.29968599
T3             0.27929567    0.17378115    0.00000000    0.05413011    0.04765375    0.04977244    0.05179205    0.04969114    0.19598703    0.19025123    0.12281825    0.12036073    0.11777685    0.12716597    0.12498263    0.14984504    0.14630500    0.14644590    0.11259923    0.10320001    0.13159084    0.15909637    0.14140700    0.24299092
T15            0.32136954    0.21698222    0.05413011    0.00000000    0.08318925    0.08539364    0.08732111    0.08519348    0.22880396    0.22271502    0.16268161    0.16004928    0.15204753    0.16187500    0.15444676    0.19703554    0.17429687    0.17715376    0.14392010    0.13406045    0.16379510    0.19276902    0.16885160    0.27585137
T19            0.26504827    0.17448633    0.04765375    0.08318925    0.00000000    0.00602719    0.03280770    0.03492647    0.19928752    0.19346458    0.13062533    0.12811846    0.12545216    0.13493536    0.13277103    0.15808178    0.13932120    0.14965652    0.11522437    0.10575495    0.13183821    0.15945236    0.14421378    0.23236345
T11            0.26781224    0.17695718    0.04977244    0.08539364    0.00602719    0.00000000    0.03488844    0.03701170    0.20747604    0.20156002    0.12794029    0.12545216    0.12036073    0.12978097    0.12760717    0.15523797    0.14168796    0.15204753    0.11752308    0.10802879    0.13171052    0.15667882    0.14659505    0.23269099
T9             0.27897689    0.17890532    0.05179205    0.08732111    0.03280770    0.03488844    0.00000000    0.01415452    0.20082258    0.19508380    0.12978097    0.12730520    0.11982949    0.12924700    0.12703459    0.16226148    0.14869818    0.15394045    0.11951264    0.11003929    0.13867078    0.16120380    0.14354134    0.23438190
T13            0.28211313    0.18156560    0.04969114    0.08519348    0.03492647    0.03701170    0.01415452    0.00000000    0.20360902    0.19783191    0.12978097    0.12730520    0.12470848    0.13418626    0.13197388    0.16226148    0.15123681    0.15138231    0.12192850    0.11241494    0.13619507    0.16379510    0.14856751    0.24331447
T14            0.39184754    0.28707497    0.19598703    0.22880396    0.19928752    0.20747604    0.20082258    0.20360902    0.00000000    0.00805151    0.15263308    0.15004171    0.14984504    0.15964297    0.16268161    0.18098589    0.25171775    0.25511813    0.22617813    0.22066228    0.24702340    0.27268520    0.24836469    0.34027497
T6             0.38370761    0.28669139    0.19025123    0.22271502    0.19346458    0.20156002    0.19508380    0.19783191    0.00805151    0.00000000    0.14727368    0.14471550    0.14454014    0.15426965    0.15723027    0.17533120    0.24536041    0.24868610    0.22010474    0.21464587    0.24064374    0.26295801    0.24805353    0.33268485
T5             0.31168602    0.20975891    0.12281825    0.16268161    0.13062533    0.12794029    0.12978097    0.12978097    0.15263308    0.14727368    0.00000000    0.00603633    0.01829803    0.03073337    0.03082343    0.09293934    0.18346404    0.18371904    0.14727368    0.13980861    0.16775994    0.19120235    0.17779598    0.25277103
T4             0.30503772    0.20692501    0.12036073    0.16004928    0.12811846    0.12545216    0.12730520    0.12730520    0.15004171    0.14471550    0.00603633    0.00000000    0.01623184    0.02862800    0.02870914    0.09057484    0.18073836    0.18098589    0.14471550    0.13728276    0.16510664    0.18844660    0.18049953    0.24971149
T22            0.31126240    0.21233122    0.11777685    0.15204753    0.12545216    0.12036073    0.11982949    0.12470848    0.14984504    0.14454014    0.01829803    0.01623184    0.00000000    0.01210020    0.01212493    0.09043185    0.18049953    0.18346404    0.14454014    0.13711864    0.16489380    0.18820297    0.17757318    0.24632785
T10            0.32344882    0.21777933    0.12716597    0.16187500    0.13493536    0.12978097    0.12924700    0.13418626    0.15964297    0.15426965    0.03073337    0.02862800    0.01210020    0.00000000    0.02029417    0.10426699    0.19070885    0.18820297    0.15426965    0.14675244    0.17489142    0.19851854    0.18774244    0.25748753
T12            0.32775384    0.22066228    0.12498263    0.15444676    0.13277103    0.12760717    0.12703459    0.13197388    0.16268161    0.15723027    0.03082343    0.02870914    0.01212493    0.02029417    0.00000000    0.09977662    0.18844660    0.19146248    0.15204753    0.14454014    0.16732868    0.19623561    0.18546985    0.24599523
T16            0.35134793    0.23765738    0.14984504    0.19703554    0.15808178    0.15523797    0.16226148    0.16226148    0.18098589    0.17533120    0.09293934    0.09057484    0.09043185    0.10426699    0.09977662    0.00000000    0.21032613    0.21062367    0.16998197    0.16226148    0.19120235    0.20692501    0.19598703    0.26678011
T7             0.30350186    0.20922899    0.14630500    0.17429687    0.13932120    0.14168796    0.14869818    0.15123681    0.25171775    0.24536041    0.18346404    0.18073836    0.18049953    0.19070885    0.18844660    0.21032613    0.00000000    0.04133722    0.06735297    0.06296118    0.08750326    0.12281825    0.10598117    0.23173769
T20            0.29485881    0.20385343    0.14644590    0.17715376    0.14965652    0.15204753    0.15394045    0.15138231    0.25511813    0.24868610    0.18371904    0.18098589    0.18346404    0.18820297    0.19146248    0.21062367    0.04133722    0.00000000    0.07422425    0.06527837    0.08760514    0.12545216    0.10850403    0.24702340
T2             0.27616924    0.17411616    0.11259923    0.14392010    0.11522437    0.11752308    0.11951264    0.12192850    0.22617813    0.22010474    0.14727368    0.14471550    0.14454014    0.15426965    0.15204753    0.16998197    0.06735297    0.07422425    0.00000000    0.01212493    0.05419032    0.08308384    0.06504447    0.21547540
T8             0.26413760    0.16901838    0.10320001    0.13406045    0.10575495    0.10802879    0.11003929    0.11241494    0.22066228    0.21464587    0.13980861    0.13728276    0.13711864    0.14675244    0.14454014    0.16226148    0.06296118    0.06527837    0.01212493    0.00000000    0.04554168    0.07859088    0.06067068    0.20437001
T18            0.29063317    0.19805159    0.13159084    0.16379510    0.13183821    0.13171052    0.13867078    0.13619507    0.24702340    0.24064374    0.16775994    0.16510664    0.16489380    0.17489142    0.16732868    0.19120235    0.08750326    0.08760514    0.05419032    0.04554168    0.00000000    0.10371846    0.08740858    0.24364807
T17            0.33628005    0.23468877    0.15909637    0.19276902    0.15945236    0.15667882    0.16120380    0.16379510    0.27268520    0.26295801    0.19120235    0.18844660    0.18820297    0.19851854    0.19623561    0.20692501    0.12281825    0.12545216    0.08308384    0.07859088    0.10371846    0.00000000    0.04988044    0.26056589
T21            0.32302800    0.20616814    0.14140700    0.16885160    0.14421378    0.14659505    0.14354134    0.14856751    0.24836469    0.24805353    0.17779598    0.18049953    0.17757318    0.18774244    0.18546985    0.19598703    0.10598117    0.10850403    0.06504447    0.06067068    0.08740858    0.04988044    0.00000000    0.25171775
T0             0.40148291    0.29968599    0.24299092    0.27585137    0.23236345    0.23269099    0.23438190    0.24331447    0.34027497    0.33268485    0.25277103    0.24971149    0.24632785    0.25748753    0.24599523    0.26678011    0.23173769    0.24702340    0.21547540    0.20437001    0.24364807    0.26056589    0.25171775    0.00000000

