24
T21            0.00000000    0.30713905    0.30423707    0.30713905    0.38431568    0.37019475    0.36795549    0.36795549    0.38431568    0.34187782    0.34277419    0.35388672    0.34324157    0.33974302    0.35901719    0.33267524    0.34802009    0.31948275    0.32187409    0.08260036    0.08704294    0.10319885    0.10338389    0.07363246
T15            0.30713905    0.00000000    0.00602720    0.05846268    0.15378598    0.13158898    0.12214218    0.12192684    0.14898238    0.15685210    0.16290224    0.17164774    0.16120104    0.16379230    0.38425160    0.36942592    0.38282140    0.36901406    0.35548018    0.30313735    0.30313735    0.32182792    0.31260325    0.29380995
T0             0.30423707    0.00602720    0.00000000    0.05206385    0.15138001    0.12924526    0.11982810    0.12425267    0.14659302    0.14965469    0.15568119    0.16692894    0.15650939    0.15909397    0.37472520    0.36006256    0.37333286    0.36221365    0.34881227    0.29701654    0.29701654    0.31554202    0.30639623    0.29094878
T1             0.30713905    0.05846268    0.05206385    0.00000000    0.17429392    0.14630277    0.14140493    0.14617006    0.15892855    0.17042517    0.18398026    0.18231762    0.17695419    0.17962870    0.39691414    0.37678375    0.39432461    0.37157716    0.35801730    0.30059983    0.30059983    0.31925120    0.30349215    0.29449183
T2             0.38431568    0.15378598    0.15138001    0.17429392    0.00000000    0.07613475    0.08732039    0.08732039    0.10371760    0.18731432    0.21179982    0.22634627    0.22069482    0.22351255    0.43904457    0.40763953    0.41476395    0.41360118    0.39930783    0.37610632    0.37610632    0.39680894    0.38660418    0.35873312
T10            0.37019475    0.13158898    0.12924526    0.14630277    0.07613475    0.00000000    0.06060910    0.05840627    0.07859043    0.17411310    0.18752231    0.20455870    0.19910766    0.20182575    0.42604201    0.39877846    0.40606922    0.40484806    0.39067235    0.35524695    0.35524695    0.37528435    0.36538558    0.34186380
T6             0.36795549    0.12214218    0.11982810    0.14140493    0.08732039    0.06060910    0.00000000    0.05835667    0.07849557    0.17164774    0.17962870    0.19654941    0.19385333    0.19654941    0.42942443    0.39450200    0.40157245    0.40425965    0.39280084    0.35639895    0.35639895    0.37653861    0.36660842    0.34291274
T3             0.36795549    0.12192684    0.12425267    0.14617006    0.08732039    0.05840627    0.05835667    0.00000000    0.04994423    0.17735631    0.18773926    0.19385333    0.19117172    0.19385333    0.44854204    0.41249941    0.41995882    0.41598752    0.40157245    0.36347018    0.36347018    0.38384241    0.37380702    0.34635097
T23            0.38431568    0.14898238    0.14659302    0.15892855    0.10371760    0.07859043    0.07849557    0.04994423    0.00000000    0.19598370    0.20719234    0.21545409    0.21266778    0.21545409    0.44721437    0.41918626    0.43071366    0.42542138    0.40697610    0.37250711    0.37250711    0.39680894    0.38660418    0.36224380
T19            0.34187782    0.15685210    0.14965469    0.17042517    0.18731432    0.17411310    0.17164774    0.17735631    0.19598370    0.00000000    0.05846268    0.18731432    0.18192197    0.18461087    0.40606922    0.38314832    0.39305026    0.38541102    0.37157716    0.31416733    0.31154998    0.33307906    0.33041998    0.31449265
T12            0.34277419    0.16290224    0.15568119    0.18398026    0.21179982    0.18752231    0.17962870    0.18773926    0.20719234    0.05846268    0.00000000    0.20384972    0.19551360    0.19827688    0.40999376    0.39447730    0.40080815    0.39305026    0.38282140    0.32480222    0.32221213    0.34407983    0.34144889    0.32518535
T18            0.35388672    0.17164774    0.16692894    0.18231762    0.22634627    0.20455870    0.19654941    0.19385333    0.21545409    0.18731432    0.20384972    0.00000000    0.01620794    0.01826986    0.40938003    0.37101899    0.37709496    0.38470525    0.36707471    0.33281858    0.33281858    0.34887493    0.33582569    0.32640911
T11            0.34324157    0.16120104    0.15650939    0.17695419    0.22069482    0.19910766    0.19385333    0.19117172    0.21266778    0.18192197    0.19551360    0.01620794    0.00000000    0.00200401    0.40146850    0.36734008    0.36959889    0.37709496    0.35968941    0.32260865    0.32260865    0.33841568    0.32558090    0.31630244
T7             0.33974302    0.16379230    0.15909397    0.17962870    0.22351255    0.20182575    0.19654941    0.19385333    0.21545409    0.18461087    0.19827688    0.01826986    0.00200401    0.00000000    0.40540860    0.36734008    0.37333286    0.38088561    0.36336841    0.31925120    0.31925120    0.33497737    0.32221213    0.31297850
T9             0.35901719    0.38425160    0.37472520    0.39691414    0.43904457    0.42604201    0.42942443    0.44854204    0.44721437    0.40606922    0.40999376    0.40938003    0.40146850    0.40540860    0.00000000    0.08045452    0.11364110    0.08982314    0.09215447    0.31841174    0.32428857    0.32622055    0.33426688    0.31789387
T5             0.33267524    0.36942592    0.36006256    0.37678375    0.40763953    0.39877846    0.39450200    0.41249941    0.41918626    0.38314832    0.39447730    0.37101899    0.36734008    0.36734008    0.08045452    0.00000000    0.08289373    0.06931682    0.07155416    0.29723961    0.30297995    0.30834185    0.31594027    0.29681288
T16            0.34802009    0.38282140    0.37333286    0.39432461    0.41476395    0.40606922    0.40157245    0.41995882    0.43071366    0.39305026    0.40080815    0.37709496    0.36959889    0.37333286    0.11364110    0.08289373    0.00000000    0.08771362    0.09004496    0.32536060    0.32777506    0.33671687    0.34498861    0.32481862
T8             0.31948275    0.36901406    0.36221365    0.37157716    0.41360118    0.40484806    0.40425965    0.41598752    0.42542138    0.38541102    0.39305026    0.38470525    0.37709496    0.38088561    0.08982314    0.06931682    0.08771362    0.00000000    0.02653142    0.28678411    0.29243340    0.29767767    0.30528053    0.28633353
T4             0.32187409    0.35548018    0.34881227    0.35801730    0.39930783    0.39067235    0.39280084    0.40157245    0.40697610    0.37157716    0.38282140    0.36707471    0.35968941    0.36336841    0.09215447    0.07155416    0.09004496    0.02653142    0.00000000    0.28352504    0.28915295    0.29438645    0.30192291    0.28308507
T13            0.08260036    0.30313735    0.29701654    0.30059983    0.37610632    0.35524695    0.35639895    0.36347018    0.37250711    0.31416733    0.32480222    0.33281858    0.32260865    0.31925120    0.31841174    0.29723961    0.32536060    0.28678411    0.28352504    0.00000000    0.00401206    0.03064604    0.03069782    0.02855392
T20            0.08704294    0.30313735    0.29701654    0.30059983    0.37610632    0.35524695    0.35639895    0.36347018    0.37250711    0.31154998    0.32221213    0.33281858    0.32260865    0.31925120    0.32428857    0.30297995    0.32777506    0.29243340    0.28915295    0.00401206    0.00000000    0.03481307    0.03485676    0.03271215
T22            0.10319885    0.32182792    0.31554202    0.31925120    0.39680894    0.37528435    0.37653861    0.38384241    0.39680894    0.33307906    0.34407983    0.34887493    0.33841568    0.33497737    0.32622055    0.30834185    0.33671687    0.29767767    0.29438645    0.03064604    0.03481307    0.00000000    0.01620794    0.04756823
T14            0.10338389    0.31260325    0.30639623    0.30349215    0.38660418    0.36538558    0.36660842    0.37380702    0.38660418    0.33041998    0.34144889    0.33582569    0.32558090    0.32221213    0.33426688    0.31594027    0.34498861    0.30528053    0.30192291    0.03069782    0.03485676    0.01620794    0.00000000    0.04765356
T17            0.07363246    0.29380995    0.29094878    0.29449183    0.35873312    0.34186380    0.34291274    0.34635097    0.36224380    0.31449265    0.32518535    0.32640911    0.31630244    0.31297850    0.31789387    0.29681288    0.32481862    0.28633353    0.28308507    0.02855392    0.03271215    0.04756823    0.04765356    0.00000000

