24
T10            0.00000000    0.23409289    0.23704440    0.22534163    0.24600511    0.24032866    0.25172802    0.26367513    0.24633836    0.24600511    0.25315543    0.25315543    0.25278326    0.26717142    0.24703516    0.28591682    0.27930435    0.34190423    0.28106854    0.26331650    0.25620272    0.25107585    0.26814549    0.24668172
T3             0.23409289    0.00000000    0.03082374    0.07832824    0.08750443    0.08069262    0.20720338    0.24509565    0.22813715    0.19956976    0.21482579    0.21414823    0.21382333    0.24400294    0.21125641    0.24600511    0.23970831    0.31462371    0.24001347    0.22618646    0.21108870    0.21414591    0.23674806    0.20976629
T4             0.23704440    0.03082374    0.00000000    0.08045569    0.09195245    0.08972483    0.19599300    0.23903106    0.22223383    0.19398037    0.20902525    0.20838124    0.20807297    0.23799318    0.20552254    0.24001347    0.23674806    0.30795180    0.23409289    0.22038618    0.20549955    0.20850940    0.23087970    0.21548361
T14            0.22534163    0.07832824    0.08045569    0.00000000    0.03694613    0.03485698    0.18192876    0.23237327    0.20720338    0.17715789    0.18595727    0.18547534    0.18524765    0.21984678    0.18820879    0.22435215    0.22172623    0.29416354    0.22482723    0.21414591    0.20786862    0.20253011    0.22458476    0.18442602
T16            0.24600511    0.08750443    0.09195245    0.03694613    0.00000000    0.01829814    0.19552220    0.23832927    0.22744847    0.19347066    0.20838124    0.20777389    0.20748402    0.23735072    0.20493149    0.23010214    0.23325986    0.29810820    0.23704440    0.22852204    0.22196048    0.21650370    0.23912816    0.20361465
T6             0.24032866    0.08069262    0.08972483    0.03485698    0.01829814    0.00000000    0.19299699    0.24168919    0.22483640    0.19095730    0.20583175    0.20522245    0.20493149    0.23469790    0.20238811    0.23325986    0.23352757    0.30755020    0.23439045    0.22589512    0.21934597    0.21390692    0.23646171    0.20106493
T21            0.25172802    0.20720338    0.19599300    0.18192876    0.19552220    0.19299699    0.00000000    0.14235089    0.12993698    0.11270420    0.11548383    0.11791758    0.11293505    0.13903847    0.11065165    0.20720338    0.19575305    0.25893716    0.18547534    0.16998679    0.15379058    0.15651450    0.18298588    0.13197603
T2             0.26367513    0.24509565    0.23903106    0.23237327    0.23832927    0.24168919    0.14235089    0.00000000    0.11319633    0.10586580    0.09909475    0.11106000    0.10610743    0.12703636    0.09438781    0.22126717    0.21519712    0.26538288    0.19071458    0.17511202    0.17489605    0.16489841    0.18322379    0.16776522
T8             0.24633836    0.22813715    0.22223383    0.20720338    0.22744847    0.22483640    0.12993698    0.11319633    0.00000000    0.08281102    0.08539503    0.09238963    0.08760648    0.11041716    0.08308510    0.21639950    0.20748402    0.26642414    0.18050520    0.17311511    0.17511202    0.16733321    0.19676724    0.15832113
T19            0.24600511    0.19956976    0.19398037    0.17715789    0.19347066    0.19095730    0.11270420    0.10586580    0.08281102    0.00000000    0.04124052    0.04338664    0.04120179    0.05824937    0.03485698    0.21320139    0.19877209    0.24972316    0.18674618    0.15786170    0.16511162    0.15743523    0.18099239    0.14727746
T13            0.25315543    0.21482579    0.20902525    0.18595727    0.20838124    0.20583175    0.11548383    0.09909475    0.08539503    0.04124052    0.00000000    0.03284789    0.03069803    0.05616885    0.03073357    0.19985378    0.20238811    0.24568199    0.18426287    0.16072693    0.16268666    0.15503236    0.18124901    0.15306962
T1             0.25315543    0.21414823    0.20838124    0.18547534    0.20777389    0.20522245    0.11791758    0.11106000    0.09238963    0.04338664    0.03284789    0.00000000    0.03069803    0.05835726    0.03497121    0.20552254    0.19956976    0.25477872    0.18426287    0.15546158    0.16533324    0.15503236    0.18399003    0.15046443
T12            0.25278326    0.21382333    0.20807297    0.18524765    0.20748402    0.20493149    0.11293505    0.10610743    0.08760648    0.04120179    0.03069803    0.03069803    0.00000000    0.05831443    0.03280788    0.20807297    0.19650013    0.25139679    0.18399003    0.15004606    0.16247205    0.15483008    0.18099239    0.15025119
T7             0.26717142    0.24400294    0.23799318    0.21984678    0.23735072    0.23469790    0.13903847    0.12703636    0.11041716    0.05824937    0.05616885    0.05835726    0.05831443    0.00000000    0.03690648    0.23567938    0.22648748    0.27683008    0.21290440    0.18571189    0.19048082    0.18253647    0.19852441    0.17511202
T15            0.24703516    0.21125641    0.20552254    0.18820879    0.20493149    0.20238811    0.11065165    0.09438781    0.08308510    0.03485698    0.03073357    0.03497121    0.03280788    0.03690648    0.00000000    0.20268012    0.19956976    0.24032866    0.17932214    0.15329776    0.15786170    0.15025119    0.17632109    0.14787276
T9             0.28591682    0.24600511    0.24001347    0.22435215    0.23010214    0.23325986    0.20720338    0.22126717    0.21639950    0.21320139    0.19985378    0.20552254    0.20807297    0.23567938    0.20268012    0.00000000    0.13334783    0.26606640    0.18124901    0.17878077    0.16206799    0.14966022    0.19146954    0.19956976
T22            0.27930435    0.23970831    0.23674806    0.22172623    0.23325986    0.23352757    0.19575305    0.21519712    0.20748402    0.19877209    0.20238811    0.19956976    0.19650013    0.22648748    0.19956976    0.13334783    0.00000000    0.26198777    0.17511202    0.16733321    0.15893368    0.14659755    0.18524765    0.19322931
T18            0.34190423    0.31462371    0.30795180    0.29416354    0.29810820    0.30755020    0.25893716    0.26538288    0.26642414    0.24972316    0.24568199    0.25477872    0.25139679    0.27683008    0.24032866    0.26606640    0.26198777    0.00000000    0.17715789    0.16712995    0.16624226    0.14366065    0.16869567    0.25620272
T23            0.28106854    0.24001347    0.23409289    0.22482723    0.23704440    0.23439045    0.18547534    0.19071458    0.18050520    0.18674618    0.18426287    0.18426287    0.18399003    0.21290440    0.17932214    0.18124901    0.17511202    0.17715789    0.00000000    0.09461743    0.08732193    0.07613602    0.09887217    0.17222832
T0             0.26331650    0.22618646    0.22038618    0.21414591    0.22852204    0.22589512    0.16998679    0.17511202    0.17311511    0.15786170    0.16072693    0.15546158    0.15004606    0.18571189    0.15329776    0.17878077    0.16733321    0.16712995    0.09461743    0.00000000    0.08298662    0.07395082    0.09215656    0.15704190
T5             0.25620272    0.21108870    0.20549955    0.20786862    0.22196048    0.21934597    0.15379058    0.17489605    0.17511202    0.16511162    0.16268666    0.16533324    0.16247205    0.19048082    0.15786170    0.16206799    0.15893368    0.16624226    0.08732193    0.08298662    0.00000000    0.04969124    0.07162062    0.15394296
T11            0.25107585    0.21414591    0.20850940    0.20253011    0.21650370    0.21390692    0.15651450    0.16489841    0.16733321    0.15743523    0.15503236    0.15503236    0.15483008    0.18253647    0.15025119    0.14966022    0.14659755    0.14366065    0.07613602    0.07395082    0.04969124    0.00000000    0.06498067    0.13641981
T17            0.26814549    0.23674806    0.23087970    0.22458476    0.23912816    0.23646171    0.18298588    0.18322379    0.19676724    0.18099239    0.18124901    0.18399003    0.18099239    0.19852441    0.17632109    0.19146954    0.18524765    0.16869567    0.09887217    0.09215656    0.07162062    0.06498067    0.00000000    0.16938163
T20            0.24668172    0.20976629    0.21548361    0.18442602    0.20361465    0.20106493    0.13197603    0.16776522    0.15832113    0.14727746    0.15306962    0.15046443    0.15025119    0.17511202    0.14787276    0.19956976    0.19322931    0.25620272    0.17222832    0.15704190    0.15394296    0.13641981    0.16938163    0.00000000

