24
T21            0.00000000    0.13477085    0.16412866    0.15668023    0.15927165    0.16169592    0.13745625    0.16187659    0.22560947    0.37903985    0.15243145    0.16072339    0.16072339    0.12830588    0.12811990    0.11548259    0.12513249    0.10623816    0.11105851    0.10637745    0.10637745    0.13211858    0.13711986    0.10371920
T17            0.13477085    0.00000000    0.08260138    0.07368256    0.08045547    0.07812819    0.12703544    0.14856838    0.21108629    0.35814472    0.14644697    0.15964469    0.15187023    0.18570844    0.17510911    0.16412866    0.18253381    0.15427107    0.15945397    0.15187023    0.15187023    0.19277117    0.19277117    0.17827010
T16            0.16412866    0.08260138    0.00000000    0.02648455    0.03277423    0.03064618    0.15580412    0.17583006    0.24962382    0.37627622    0.17074117    0.18424168    0.17890668    0.20315032    0.19783402    0.19197065    0.21390428    0.17907505    0.18442436    0.17925234    0.17925234    0.21605607    0.21605607    0.20617063
T2             0.15668023    0.07368256    0.02648455    0.00000000    0.00603634    0.00401105    0.14343231    0.16803572    0.24077023    0.37794378    0.16323535    0.17394564    0.16608987    0.19529803    0.18461604    0.17890668    0.20037923    0.16624122    0.17147836    0.16640125    0.16640125    0.20807087    0.20807087    0.19551942
T14            0.15927165    0.08045547    0.03277423    0.00603634    0.00000000    0.00602720    0.15097184    0.17321841    0.24962382    0.38906396    0.17100954    0.18192699    0.17394564    0.19805385    0.18731964    0.18156706    0.20315032    0.16364310    0.16885293    0.16379635    0.16379635    0.21086519    0.21086519    0.19828288
T7             0.16169592    0.07812819    0.03064618    0.00401105    0.00602720    0.00000000    0.14833202    0.17309977    0.24640585    0.38482774    0.16827283    0.17907505    0.16854532    0.20059746    0.18983160    0.18406804    0.20571252    0.16608987    0.17131330    0.16624122    0.16624122    0.21345582    0.21345582    0.20082496
T1             0.13745625    0.12703544    0.15580412    0.14343231    0.15097184    0.14833202    0.00000000    0.08298599    0.16226330    0.29561482    0.09685144    0.10667819    0.09948226    0.17510911    0.16957249    0.15620401    0.17695892    0.14644697    0.15153739    0.14406393    0.13903754    0.18712066    0.19255733    0.16510868
T3             0.16187659    0.14856838    0.17583006    0.16803572    0.17321841    0.17309977    0.08298599    0.00000000    0.16364310    0.31338147    0.12239106    0.12266885    0.12021731    0.19255733    0.19277117    0.17626040    0.19762343    0.17115701    0.17642173    0.16869475    0.16349850    0.21045174    0.21605607    0.18502628
T19            0.22560947    0.21108629    0.24962382    0.24077023    0.24962382    0.24640585    0.16226330    0.16364310    0.00000000    0.33218728    0.16937963    0.17510911    0.15668023    0.27472867    0.26571355    0.25288780    0.27403080    0.24775623    0.25076067    0.24506187    0.24506187    0.27306606    0.27929987    0.24032318
T23            0.37903985    0.35814472    0.37627622    0.37794378    0.38906396    0.38482774    0.29561482    0.31338147    0.33218728    0.00000000    0.31888967    0.33023119    0.30631914    0.42268252    0.42198609    0.38854812    0.43074500    0.39127087    0.38747978    0.38805282    0.39185837    0.45917545    0.46780579    0.42603868
T4             0.15243145    0.14644697    0.17074117    0.16323535    0.17100954    0.16827283    0.09685144    0.12239106    0.16937963    0.31888967    0.00000000    0.03710339    0.04559635    0.18774462    0.18752764    0.17378243    0.19508579    0.16674724    0.17202596    0.16656994    0.16656994    0.20549758    0.20549758    0.18027165
T10            0.16072339    0.15964469    0.18424168    0.17394564    0.18192699    0.17907505    0.10667819    0.12266885    0.17510911    0.33023119    0.03710339    0.00000000    0.05449820    0.19095371    0.19071129    0.17943853    0.19828288    0.16977395    0.17510911    0.16957249    0.16957249    0.19762343    0.20315032    0.17533345
T6             0.16072339    0.15187023    0.17890668    0.16608987    0.17394564    0.16854532    0.09948226    0.12021731    0.15668023    0.30631914    0.04559635    0.05449820    0.00000000    0.18820542    0.19071129    0.17677102    0.19828288    0.17468640    0.18005017    0.17222586    0.17222586    0.21155708    0.21724125    0.18398565
T8             0.12830588    0.18570844    0.20315032    0.19529803    0.19805385    0.20059746    0.17510911    0.19255733    0.27472867    0.42268252    0.18774462    0.19095371    0.18820542    0.00000000    0.06743634    0.09909378    0.11333688    0.12036177    0.12528909    0.12297756    0.12297756    0.16937963    0.17468640    0.14454151
T11            0.12811990    0.17510911    0.19783402    0.18461604    0.18731964    0.18983160    0.16957249    0.19277117    0.26571355    0.42198609    0.18752764    0.19071129    0.19071129    0.06743634    0.00000000    0.07605998    0.10146390    0.10360049    0.10837472    0.10610631    0.10610631    0.16957249    0.17489341    0.14727525
T0             0.11548259    0.16412866    0.19197065    0.17890668    0.18156706    0.18406804    0.15620401    0.17626040    0.25288780    0.38854812    0.17378243    0.17943853    0.17677102    0.09909378    0.07605998    0.00000000    0.05840676    0.09867875    0.10338545    0.09409772    0.09409772    0.15877539    0.16395821    0.14437416
T9             0.12513249    0.18253381    0.21390428    0.20037923    0.20315032    0.20571252    0.17695892    0.19762343    0.27403080    0.43074500    0.19508579    0.19828288    0.19828288    0.11333688    0.10146390    0.05840676    0.00000000    0.11306077    0.11791622    0.11077907    0.10598190    0.16901982    0.17429850    0.16489573
T13            0.10623816    0.15427107    0.17907505    0.16624122    0.16364310    0.16608987    0.14644697    0.17115701    0.24775623    0.39127087    0.16674724    0.16977395    0.17468640    0.12036177    0.10360049    0.09867875    0.11306077    0.00000000    0.00401611    0.01417419    0.01829807    0.14644697    0.15153739    0.13728407
T22            0.11105851    0.15945397    0.18442436    0.17147836    0.16885293    0.17131330    0.15153739    0.17642173    0.25076067    0.38747978    0.17202596    0.17510911    0.18005017    0.12528909    0.10837472    0.10338545    0.11791622    0.00401611    0.00000000    0.01829807    0.02245630    0.15153739    0.15668023    0.14234878
T20            0.10637745    0.15187023    0.17925234    0.16640125    0.16379635    0.16624122    0.14406393    0.16869475    0.24506187    0.38805282    0.16656994    0.16957249    0.17222586    0.12297756    0.10610631    0.09409772    0.11077907    0.01417419    0.01829807    0.00000000    0.00806477    0.14406393    0.14914142    0.13493668
T15            0.10637745    0.15187023    0.17925234    0.16640125    0.16379635    0.16624122    0.13903754    0.16349850    0.24506187    0.39185837    0.16656994    0.16957249    0.17222586    0.12297756    0.10610631    0.09409772    0.10598190    0.01829807    0.02245630    0.00806477    0.00000000    0.14406393    0.14914142    0.13493668
T12            0.13211858    0.19277117    0.21605607    0.20807087    0.21086519    0.21345582    0.18712066    0.21045174    0.27306606    0.45917545    0.20549758    0.19762343    0.21155708    0.16937963    0.16957249    0.15877539    0.16901982    0.14644697    0.15153739    0.14406393    0.14406393    0.00000000    0.00401611    0.13932232
T5             0.13711986    0.19277117    0.21605607    0.20807087    0.21086519    0.21345582    0.19255733    0.21605607    0.27929987    0.46780579    0.20549758    0.20315032    0.21724125    0.17468640    0.17489341    0.16395821    0.17429850    0.15153739    0.15668023    0.14914142    0.14914142    0.00401611    0.00000000    0.14437416
T18            0.10371920    0.17827010    0.20617063    0.19551942    0.19828288    0.20082496    0.16510868    0.18502628    0.24032318    0.42603868    0.18027165    0.17533345    0.18398565    0.14454151    0.14727525    0.14437416    0.16489573    0.13728407    0.14234878    0.13493668    0.13493668    0.13932232    0.14437416    0.00000000

