24
T11            0.00000000    0.19622416    0.17694892    0.17694892    0.19804102    0.18155764    0.19345359    0.19254559    0.24866787    0.31187490    0.27122240    0.28065895    0.26845020    0.23672445    0.24150959    0.23856783    0.25315505    0.15426319    0.16623331    0.16656136    0.17428897    0.17182527    0.14658948    0.11534556
T15            0.19622416    0.00000000    0.04783052    0.04783052    0.04972788    0.06714423    0.07832596    0.09662246    0.14964997    0.23616378    0.18819253    0.19094025    0.18843582    0.20718288    0.21804977    0.20665113    0.23113616    0.17714523    0.18210981    0.18252243    0.18819253    0.18569563    0.22243861    0.18274201
T16            0.17694892    0.04783052    0.00000000    0.00000000    0.04760724    0.06055416    0.08068984    0.08972154    0.13711334    0.22720101    0.19069830    0.19345359    0.19094025    0.19901017    0.20691237    0.19850732    0.22270120    0.17962311    0.18191683    0.18501481    0.18252243    0.18274201    0.22218573    0.18252243
T17            0.17694892    0.04783052    0.00000000    0.00000000    0.04760724    0.06055416    0.08068984    0.08972154    0.13711334    0.22720101    0.19069830    0.19345359    0.19094025    0.19901017    0.20691237    0.19850732    0.22270120    0.17962311    0.18191683    0.18501481    0.18252243    0.18274201    0.22218573    0.18252243
T20            0.19804102    0.04972788    0.04760724    0.04760724    0.00000000    0.06696501    0.08716621    0.09393944    0.15153022    0.23564329    0.19826959    0.19826959    0.19573677    0.19550670    0.21130262    0.20569938    0.23008338    0.17906572    0.18673988    0.18982037    0.19002632    0.18751608    0.22961673    0.18692038
T3             0.18155764    0.06714423    0.06055416    0.06055416    0.06696501    0.00000000    0.07363206    0.08464922    0.13183381    0.22106806    0.17942845    0.17410851    0.17694892    0.19298149    0.19254559    0.18173276    0.20527984    0.17100180    0.17073403    0.16839731    0.17641284    0.17393683    0.20730234    0.17641284
T12            0.19345359    0.07832596    0.08068984    0.08068984    0.08716621    0.07363206    0.00000000    0.07818598    0.12483744    0.22369942    0.18730851    0.19550670    0.18751608    0.19648143    0.20154799    0.19046532    0.20872488    0.18210981    0.18173276    0.18751608    0.19275900    0.19024131    0.22769083    0.18773263
T2             0.19254559    0.09662246    0.08972154    0.08972154    0.09393944    0.08464922    0.07818598    0.00000000    0.15153022    0.23432540    0.18925703    0.19196013    0.18943569    0.20896604    0.21130262    0.19467792    0.21865231    0.19214612    0.18373917    0.18943569    0.20569938    0.20313729    0.21064075    0.19234128
T9             0.24866787    0.14964997    0.13711334    0.13711334    0.15153022    0.13183381    0.12483744    0.15153022    0.00000000    0.27895651    0.24235755    0.24834693    0.23968365    0.24665155    0.25509806    0.24297350    0.26879506    0.21982709    0.23142406    0.23498856    0.24297350    0.24329658    0.25833155    0.23113616
T21            0.31187490    0.23616378    0.22720101    0.22720101    0.23564329    0.22106806    0.22369942    0.23432540    0.27895651    0.00000000    0.09662246    0.10112156    0.09185835    0.29483473    0.29029866    0.29029866    0.30796313    0.29634826    0.28942988    0.29061139    0.31296198    0.31334841    0.35019473    0.30894564
T8             0.27122240    0.18819253    0.19069830    0.19069830    0.19826959    0.17942845    0.18730851    0.18925703    0.24235755    0.09662246    0.00000000    0.06999193    0.06107702    0.26293789    0.25559431    0.25861611    0.27864937    0.25588032    0.24934745    0.25648391    0.27156622    0.27192083    0.29770390    0.26227585
T1             0.28065895    0.19094025    0.19345359    0.19345359    0.19826959    0.17410851    0.19550670    0.19196013    0.24834693    0.10112156    0.06999193    0.00000000    0.00805149    0.26675822    0.26845020    0.26227585    0.28242022    0.25891128    0.25232424    0.25345293    0.27470179    0.27506628    0.30422036    0.27156622
T0             0.26845020    0.18843582    0.19094025    0.19094025    0.19573677    0.17694892    0.18751608    0.18943569    0.23968365    0.09185835    0.06107702    0.00805149    0.00000000    0.25474836    0.25648391    0.25044023    0.27025599    0.24716572    0.24075350    0.24773576    0.26260157    0.26293789    0.29807182    0.25953338
T22            0.23672445    0.20718288    0.19901017    0.19901017    0.19550670    0.19298149    0.19648143    0.20896604    0.24665155    0.29483473    0.26293789    0.26675822    0.25474836    0.00000000    0.07185644    0.05859498    0.07840659    0.22795056    0.23033169    0.23672445    0.24235755    0.24266048    0.27614907    0.24235755
T4             0.24150959    0.21804977    0.20691237    0.20691237    0.21130262    0.19254559    0.20154799    0.21130262    0.25509806    0.29029866    0.25559431    0.26845020    0.25648391    0.07185644    0.00000000    0.04549324    0.08280853    0.21886782    0.21844659    0.22744097    0.23589850    0.23323923    0.26688748    0.23883163
T7             0.23856783    0.20665113    0.19850732    0.19850732    0.20569938    0.18173276    0.19046532    0.19467792    0.24297350    0.29029866    0.25861611    0.26227585    0.25044023    0.05859498    0.04549324    0.00000000    0.06937649    0.21886782    0.22127192    0.22744097    0.23589850    0.23323923    0.26938781    0.23883163
T23            0.25315505    0.23113616    0.22270120    0.22270120    0.23008338    0.20527984    0.20872488    0.21865231    0.26879506    0.30796313    0.27864937    0.28242022    0.27025599    0.07840659    0.08280853    0.06937649    0.00000000    0.23938957    0.23883163    0.24534327    0.25044023    0.24534327    0.29093562    0.25953338
T14            0.15426319    0.17714523    0.17962311    0.17962311    0.17906572    0.17100180    0.18210981    0.19214612    0.21982709    0.29634826    0.25588032    0.25891128    0.24716572    0.22795056    0.21886782    0.21886782    0.23938957    0.00000000    0.05626417    0.06303969    0.06951788    0.06527696    0.19761149    0.15667228
T6             0.16623331    0.18210981    0.18191683    0.18191683    0.18673988    0.17073403    0.18173276    0.18373917    0.23142406    0.28942988    0.24934745    0.25232424    0.24075350    0.23033169    0.21844659    0.22127192    0.23883163    0.05626417    0.00000000    0.03488812    0.07373747    0.06720646    0.21064075    0.16901116
T10            0.16656136    0.18252243    0.18501481    0.18501481    0.18982037    0.16839731    0.18751608    0.18943569    0.23498856    0.29061139    0.25648391    0.25345293    0.24773576    0.23672445    0.22744097    0.22744097    0.24534327    0.06303969    0.03488812    0.00000000    0.08068984    0.07412416    0.21107246    0.17201613
T13            0.17428897    0.18819253    0.18252243    0.18252243    0.19002632    0.17641284    0.19275900    0.20569938    0.24297350    0.31296198    0.27156622    0.27470179    0.26260157    0.24235755    0.23589850    0.23589850    0.25044023    0.06951788    0.07373747    0.08068984    0.00000000    0.00602721    0.21932806    0.17942845
T5             0.17182527    0.18569563    0.18274201    0.18274201    0.18751608    0.17393683    0.19024131    0.20313729    0.24329658    0.31334841    0.27192083    0.27506628    0.26293789    0.24266048    0.23323923    0.23323923    0.24534327    0.06527696    0.06720646    0.07412416    0.00602721    0.00000000    0.21388985    0.17201613
T19            0.14658948    0.22243861    0.22218573    0.22218573    0.22961673    0.20730234    0.22769083    0.21064075    0.25833155    0.35019473    0.29770390    0.30422036    0.29807182    0.27614907    0.26688748    0.26938781    0.29093562    0.19761149    0.21064075    0.21107246    0.21932806    0.21388985    0.00000000    0.06050667
T18            0.11534556    0.18274201    0.18252243    0.18252243    0.18692038    0.17641284    0.18773263    0.19234128    0.23113616    0.30894564    0.26227585    0.27156622    0.25953338    0.24235755    0.23883163    0.23883163    0.25953338    0.15667228    0.16901116    0.17201613    0.17942845    0.17201613    0.06050667    0.00000000

