24
T9             0.00000000    0.34410026    0.36080541    0.25017225    0.26296407    0.27159368    0.26167910    0.26167910    0.31798683    0.43892109    0.40160289    0.20437409    0.18212086    0.18027246    0.19828364    0.14914178    0.18870293    0.17827113    0.14168937    0.15153771    0.15877560    0.14168937    0.13712029    0.12963691
T14            0.34410026    0.00000000    0.01413379    0.26262689    0.23087685    0.25107212    0.24746632    0.24746632    0.29276060    0.37532442    0.34374364    0.31299552    0.29703152    0.28880031    0.29991480    0.30605851    0.35599453    0.35804179    0.31299552    0.31555906    0.33541505    0.31045808    0.30754500    0.30098334
T20            0.36080541    0.01413379    0.00000000    0.26814163    0.23618270    0.25650732    0.25288856    0.25288856    0.29848398    0.38427941    0.35243304    0.32223015    0.30280980    0.29450680    0.30897592    0.31190533    0.36219857    0.36060489    0.31299552    0.31555906    0.34844310    0.32303597    0.32007657    0.31338303
T4             0.25017225    0.26262689    0.26814163    0.00000000    0.11120994    0.11608925    0.11333728    0.11333728    0.15068343    0.25477415    0.22618294    0.21233543    0.20923271    0.21836333    0.24032465    0.22482500    0.27124896    0.26954606    0.22220221    0.23034906    0.25076180    0.23380221    0.22299195    0.22299195
T5             0.26296407    0.23087685    0.23618270    0.11120994    0.00000000    0.06944534    0.07155494    0.07155494    0.11041662    0.22386872    0.19649719    0.21577579    0.19346809    0.20238461    0.22096032    0.20037972    0.24208529    0.23734693    0.20337694    0.21131758    0.21439192    0.20106254    0.19623931    0.19071217
T22            0.27159368    0.25107212    0.25650732    0.11608925    0.06944534    0.00000000    0.01415454    0.01415454    0.06735342    0.23734693    0.20949326    0.23501109    0.21206680    0.22126329    0.23144423    0.21345617    0.25590213    0.24506296    0.21650173    0.22458279    0.22150026    0.20807121    0.20593751    0.20037972
T19            0.26167910    0.24746632    0.25288856    0.11333728    0.07155494    0.01415454    0.00000000    0.00401206    0.07395048    0.23970485    0.20898153    0.23144423    0.21439192    0.21778371    0.22220221    0.21025949    0.25533914    0.24746632    0.21324627    0.22128593    0.22676562    0.21045190    0.20828458    0.20272684
T13            0.26167910    0.24746632    0.25288856    0.11333728    0.07155494    0.01415454    0.00401206    0.00000000    0.07395048    0.24268255    0.20898153    0.23144423    0.21439192    0.21778371    0.22220221    0.21025949    0.25533914    0.24746632    0.21324627    0.22128593    0.22676562    0.21045190    0.20828458    0.20272684
T2             0.31798683    0.29276060    0.29848398    0.15068343    0.11041662    0.06735342    0.07395048    0.07395048    0.00000000    0.29355921    0.26331182    0.26331182    0.24237885    0.26057237    0.26198438    0.25208706    0.29450680    0.27997262    0.25533914    0.26385937    0.26968857    0.25234368    0.25017225    0.24421693
T18            0.43892109    0.37532442    0.38427941    0.25477415    0.22386872    0.23734693    0.23970485    0.24268255    0.29355921    0.00000000    0.05449836    0.37160366    0.34423688    0.36962593    0.39308051    0.37259937    0.42466364    0.42199114    0.36581157    0.38317535    0.37735515    0.36683400    0.36846882    0.35751023
T12            0.40160289    0.34374364    0.35243304    0.22618294    0.19649719    0.20949326    0.20898153    0.20898153    0.26331182    0.05449836    0.00000000    0.33420801    0.31419403    0.32183746    0.34727998    0.32520362    0.37576157    0.36683400    0.31888346    0.33499695    0.33976401    0.32984355    0.33121461    0.32093280
T8             0.20437409    0.31299552    0.32223015    0.21233543    0.21577579    0.23501109    0.23144423    0.23144423    0.26331182    0.37160366    0.33420801    0.00000000    0.06312810    0.07195187    0.09215596    0.12703565    0.17222650    0.16247005    0.12716716    0.13432133    0.14930584    0.12963691    0.12513291    0.12021766
T15            0.18212086    0.29703152    0.30280980    0.20923271    0.19346809    0.21206680    0.21439192    0.21439192    0.24237885    0.34423688    0.31419403    0.06312810    0.00000000    0.06304146    0.08550529    0.11259987    0.14930584    0.14234936    0.11270370    0.11971683    0.13183933    0.11270370    0.10825231    0.10586518
T0             0.18027246    0.28880031    0.29450680    0.21836333    0.20238461    0.22126329    0.21778371    0.21778371    0.26057237    0.36962593    0.32183746    0.07195187    0.06304146    0.00000000    0.06762317    0.10825231    0.14454200    0.13009703    0.10598216    0.11293432    0.13243024    0.11319540    0.10878805    0.10637785
T10            0.19828364    0.29991480    0.30897592    0.24032465    0.22096032    0.23144423    0.22220221    0.22220221    0.26198438    0.39308051    0.34727998    0.09215596    0.08550529    0.06762317    0.00000000    0.13696400    0.17222650    0.16247005    0.13461334    0.14184223    0.15444882    0.14217225    0.13763699    0.13511100
T7             0.14914178    0.30605851    0.31190533    0.22482500    0.20037972    0.21345617    0.21025949    0.21025949    0.25208706    0.37259937    0.32520362    0.12703565    0.11259987    0.10825231    0.13696400    0.00000000    0.06282231    0.05646047    0.03274712    0.03904180    0.10802951    0.08281071    0.08539443    0.07849664
T17            0.18870293    0.35599453    0.36219857    0.27124896    0.24208529    0.25590213    0.25533914    0.25533914    0.29450680    0.42466364    0.37576157    0.17222650    0.14930584    0.14454200    0.17222650    0.06282231    0.00000000    0.05200220    0.06720792    0.06931754    0.14421531    0.12008084    0.12297806    0.11562315
T11            0.17827113    0.35804179    0.36060489    0.26954606    0.23734693    0.24506296    0.24746632    0.24746632    0.27997262    0.42199114    0.36683400    0.16247005    0.14234936    0.13009703    0.16247005    0.05646047    0.05200220    0.00000000    0.05859643    0.06511599    0.13477131    0.11577096    0.11872341    0.11136841
T3             0.14168937    0.31299552    0.31299552    0.22220221    0.20337694    0.21650173    0.21324627    0.21324627    0.25533914    0.36581157    0.31888346    0.12716716    0.11270370    0.10598216    0.13461334    0.03274712    0.06720792    0.05859643    0.00000000    0.02236466    0.10102666    0.07606006    0.07859155    0.07177224
T1             0.15153771    0.31555906    0.31555906    0.23034906    0.21131758    0.22458279    0.22128593    0.22128593    0.26385937    0.38317535    0.33499695    0.13432133    0.11971683    0.11293432    0.14184223    0.03904180    0.06931754    0.06511599    0.02236466    0.00000000    0.10792947    0.07818763    0.08529069    0.07840876
T16            0.15877560    0.33541505    0.34844310    0.25076180    0.21439192    0.22150026    0.22676562    0.22676562    0.26968857    0.37735515    0.33976401    0.14930584    0.13183933    0.13243024    0.15444882    0.10802951    0.14421531    0.13477131    0.10102666    0.10792947    0.00000000    0.05840680    0.05859643    0.05200220
T23            0.14168937    0.31045808    0.32303597    0.23380221    0.20106254    0.20807121    0.21045190    0.21045190    0.25234368    0.36683400    0.32984355    0.12963691    0.11270370    0.11319540    0.14217225    0.08281071    0.12008084    0.11577096    0.07606006    0.07818763    0.05840680    0.00000000    0.03715893    0.03077537
T6             0.13712029    0.30754500    0.32007657    0.22299195    0.19623931    0.20593751    0.20828458    0.20828458    0.25017225    0.36846882    0.33121461    0.12513291    0.10825231    0.10878805    0.13763699    0.08539443    0.12297806    0.11872341    0.07859155    0.08529069    0.05859643    0.03715893    0.00000000    0.01010149
T21            0.12963691    0.30098334    0.31338303    0.22299195    0.19071217    0.20037972    0.20272684    0.20272684    0.24421693    0.35751023    0.32093280    0.12021766    0.10586518    0.10637785    0.13511100    0.07849664    0.11562315    0.11136841    0.07177224    0.07840876    0.05200220    0.03077537    0.01010149    0.00000000

