24
T20            0.00000000    0.30638289    0.31552795    0.29634866    0.30860654    0.32970747    0.31711071    0.34534624    0.41807202    0.34101621    0.33154678    0.33455627    0.33537856    0.34230188    0.34230188    0.35810479    0.36576665    0.35644316    0.36004191    0.28242212    0.28776130    0.28808734    0.23565450    0.21865020
T9             0.30638289    0.00000000    0.07432813    0.10926298    0.08088321    0.16448710    0.16225519    0.16246099    0.23702227    0.17042030    0.16289767    0.16267515    0.16578863    0.16578863    0.16048246    0.17555650    0.18950047    0.18645855    0.19200009    0.23732789    0.24900237    0.25408265    0.38722853    0.37585850
T18            0.31552795    0.07432813    0.00000000    0.12579976    0.09909079    0.18004034    0.17778836    0.18026162    0.25074156    0.18843796    0.17801975    0.18049164    0.18371065    0.18371065    0.18371065    0.19370536    0.20805310    0.20208745    0.20775467    0.25105144    0.25986306    0.26811843    0.42815829    0.40798237
T3             0.29634866    0.10926298    0.12579976    0.00000000    0.12035730    0.19573836    0.19345555    0.22448279    0.27435101    0.21288492    0.20775467    0.19901245    0.20805310    0.21091920    0.21091920    0.22124594    0.23336137    0.23301455    0.23900446    0.25315668    0.26503105    0.27025736    0.40606885    0.39429700
T5             0.30860654    0.08088321    0.09909079    0.12035730    0.00000000    0.16656197    0.15393491    0.17735162    0.23910723    0.17509963    0.17242529    0.16956390    0.17264224    0.17264224    0.17264224    0.17714633    0.19370536    0.19345555    0.19901245    0.22769209    0.23910723    0.24716692    0.38919032    0.37045223
T4             0.32970747    0.16448710    0.18004034    0.19573836    0.16656197    0.00000000    0.07169124    0.21366202    0.26330714    0.20528011    0.20292184    0.20548545    0.20640087    0.20640087    0.20640087    0.21672441    0.22850171    0.22532272    0.23113825    0.26108014    0.27304394    0.27835376    0.38850064    0.37017538
T8             0.31711071    0.16225519    0.17778836    0.19345555    0.15393491    0.07169124    0.00000000    0.20015882    0.24934774    0.20015882    0.19782260    0.19487187    0.18751724    0.19298293    0.19298293    0.19804224    0.21463476    0.21154373    0.21154373    0.25617870    0.26811843    0.27647052    0.36747316    0.37108485
T11            0.34534624    0.16246099    0.18026162    0.22448279    0.17735162    0.21366202    0.20015882    0.00000000    0.10565056    0.06081268    0.05213210    0.04987986    0.07403319    0.07403319    0.07403319    0.08280870    0.09449532    0.09204768    0.09673204    0.26569164    0.27786069    0.28311287    0.38219641    0.38219641
T19            0.41807202    0.23702227    0.25074156    0.27435101    0.23910723    0.26330714    0.24934774    0.10565056    0.00000000    0.12716222    0.12007632    0.11751990    0.14140235    0.14140235    0.14140235    0.15096562    0.16395055    0.15861997    0.16378880    0.33280174    0.34019254    0.35904674    0.44026961    0.44443886
T22            0.34101621    0.17042030    0.18843796    0.21288492    0.17509963    0.20528011    0.20015882    0.06081268    0.12716222    0.00000000    0.03701139    0.03064594    0.06714428    0.06714428    0.06714428    0.07587418    0.08502032    0.08494538    0.08954349    0.27192425    0.27786069    0.29273185    0.39240846    0.38479985
T16            0.33154678    0.16289767    0.17801975    0.20775467    0.17242529    0.20292184    0.19782260    0.05213210    0.12007632    0.03701139    0.00000000    0.02650466    0.06727581    0.06727581    0.06727581    0.07598988    0.08750150    0.08510248    0.08972187    0.27266657    0.27862139    0.28384813    0.39753138    0.38219641
T21            0.33455627    0.16267515    0.18049164    0.19901245    0.16956390    0.20548545    0.19487187    0.04987986    0.11751990    0.03064594    0.02650466    0.00000000    0.06497927    0.06497927    0.06497927    0.07144385    0.08510248    0.08273180    0.08731937    0.25986306    0.26260425    0.27714366    0.39429700    0.39302377
T14            0.33537856    0.16578863    0.18371065    0.20805310    0.17264224    0.20640087    0.18751724    0.07403319    0.14140235    0.06714428    0.06727581    0.06497927    0.00000000    0.00401610    0.00401610    0.02029407    0.02656428    0.02444357    0.02862781    0.26364601    0.27583222    0.28103638    0.38660041    0.37902060
T1             0.34230188    0.16578863    0.18371065    0.21091920    0.17264224    0.20640087    0.19298293    0.07403319    0.14140235    0.06714428    0.06727581    0.06497927    0.00401610    0.00000000    0.00401610    0.02029407    0.02656428    0.02444357    0.02862781    0.26364601    0.27583222    0.27786069    0.39429700    0.38660041
T0             0.34230188    0.16048246    0.18371065    0.21091920    0.17264224    0.20640087    0.19298293    0.07403319    0.14140235    0.06714428    0.06727581    0.06497927    0.00401610    0.00401610    0.00000000    0.02029407    0.02656428    0.02444357    0.02862781    0.26364601    0.27583222    0.28103638    0.39429700    0.38660041
T2             0.35810479    0.17555650    0.19370536    0.22124594    0.17714633    0.21672441    0.19804224    0.08280870    0.15096562    0.07587418    0.07598988    0.07144385    0.02029407    0.02029407    0.02029407    0.00000000    0.03910307    0.03694576    0.04120125    0.27470505    0.28705438    0.29235010    0.41526195    0.40732079
T13            0.36576665    0.18950047    0.20805310    0.23336137    0.19370536    0.22850171    0.21463476    0.09449532    0.16395055    0.08502032    0.08750150    0.08510248    0.02656428    0.02656428    0.02656428    0.03910307    0.00000000    0.02650466    0.03069768    0.28142141    0.29722485    0.30585218    0.40798237    0.40013474
T10            0.35644316    0.18645855    0.20208745    0.23301455    0.19345555    0.22532272    0.21154373    0.09204768    0.15861997    0.08494538    0.08510248    0.08273180    0.02444357    0.02444357    0.02444357    0.03694576    0.02650466    0.00000000    0.00401610    0.27862139    0.29437182    0.29638344    0.41407373    0.40606885
T12            0.36004191    0.19200009    0.20775467    0.23900446    0.19901245    0.23113825    0.21154373    0.09673204    0.16378880    0.08954349    0.08972187    0.08731937    0.02862781    0.02862781    0.02862781    0.04120125    0.03069768    0.00401610    0.00000000    0.28503401    0.30097512    0.30296494    0.42220894    0.41407373
T6             0.28242212    0.23732789    0.25105144    0.25315668    0.22769209    0.26108014    0.25617870    0.26569164    0.33280174    0.27192425    0.27266657    0.25986306    0.26364601    0.26364601    0.26364601    0.27470505    0.28142141    0.27862139    0.28503401    0.00000000    0.01619022    0.04994378    0.35776284    0.34438568
T7             0.28776130    0.24900237    0.25986306    0.26503105    0.23910723    0.27304394    0.26811843    0.27786069    0.34019254    0.27786069    0.27862139    0.26260425    0.27583222    0.27583222    0.27583222    0.28705438    0.29722485    0.29437182    0.30097512    0.01619022    0.00000000    0.06073788    0.37078377    0.35716737
T15            0.28808734    0.25408265    0.26811843    0.27025736    0.24716692    0.27835376    0.27647052    0.28311287    0.35904674    0.29273185    0.28384813    0.27714366    0.28103638    0.27786069    0.28103638    0.29235010    0.30585218    0.29638344    0.30296494    0.04994378    0.06073788    0.00000000    0.37769553    0.35658481
T23            0.23565450    0.38722853    0.42815829    0.40606885    0.38919032    0.38850064    0.36747316    0.38219641    0.44026961    0.39240846    0.39753138    0.39429700    0.38660041    0.39429700    0.39429700    0.41526195    0.40798237    0.41407373    0.42220894    0.35776284    0.37078377    0.37769553    0.00000000    0.02862781
T17            0.21865020    0.37585850    0.40798237    0.39429700    0.37045223    0.37017538    0.37108485    0.38219641    0.44443886    0.38479985    0.38219641    0.39302377    0.37902060    0.38660041    0.38660041    0.40732079    0.40013474    0.40606885    0.41407373    0.34438568    0.35716737    0.35658481    0.02862781    0.00000000

