24
T3             0.00000000    0.31480904    0.32143306    0.32555514    0.30673899    0.34060358    0.38980678    0.38980678    0.38247872    0.32936431    0.35693218    0.34673150    0.34978729    0.36054330    0.36166454    0.36166454    0.26440695    0.28208630    0.29862321    0.26054043    0.29151799    0.29240514    0.18296798    0.16509630
T23            0.31480904    0.00000000    0.00401609    0.04994338    0.09934074    0.12050725    0.15443839    0.15443839    0.15702935    0.09723993    0.11152702    0.10201360    0.10909372    0.11152702    0.13547237    0.13294686    0.29197078    0.29311447    0.31221808    0.28666139    0.32225681    0.31637990    0.42862431    0.41389748
T19            0.32143306    0.00401609    0.00000000    0.04559538    0.09934074    0.11561683    0.14929644    0.14929644    0.15186080    0.09251142    0.10667220    0.09723993    0.10426237    0.10667220    0.13043404    0.12793380    0.29844473    0.29311447    0.31221808    0.28987752    0.32569412    0.31979374    0.43682417    0.42190040
T7             0.32555514    0.04994338    0.04559538    0.00000000    0.08318655    0.10597726    0.14391358    0.14391358    0.14643907    0.08782724    0.09947727    0.08782724    0.09473756    0.09710180    0.12793380    0.12544600    0.30252830    0.29393346    0.31627780    0.29393346    0.33017746    0.32425322    0.43415034    0.41925487
T18            0.30673899    0.09934074    0.09934074    0.08318655    0.00000000    0.08731869    0.12912842    0.12912842    0.13158561    0.06735133    0.07858855    0.06959863    0.07630532    0.07858855    0.11820950    0.11576431    0.28102673    0.26878977    0.29126517    0.27582202    0.31007998    0.30429628    0.39238812    0.38217681
T14            0.34060358    0.12050725    0.11561683    0.10597726    0.08731869    0.00000000    0.12182851    0.12182851    0.12424998    0.06511409    0.07630532    0.06511409    0.06727530    0.07403247    0.13431424    0.12936330    0.30965374    0.30347032    0.30415604    0.29844473    0.33716089    0.33116243    0.41865589    0.41593830
T2             0.38980678    0.15443839    0.14929644    0.14391358    0.12912842    0.12182851    0.00000000    0.00000000    0.00602414    0.08716571    0.09633874    0.08946468    0.09633874    0.09633874    0.17942622    0.17675925    0.33415475    0.34489391    0.35637153    0.31846997    0.35903274    0.35642841    0.49917667    0.48731368
T13            0.38980678    0.15443839    0.14929644    0.14391358    0.12912842    0.12182851    0.00000000    0.00000000    0.00602414    0.08716571    0.09633874    0.08946468    0.09633874    0.09633874    0.17942622    0.17675925    0.33415475    0.34489391    0.35637153    0.31846997    0.35903274    0.35642841    0.49917667    0.48731368
T11            0.38247872    0.15702935    0.15186080    0.14643907    0.13158561    0.12424998    0.00602414    0.00602414    0.00000000    0.08946468    0.09867532    0.09177427    0.09867532    0.09867532    0.17942622    0.17942622    0.33756852    0.34839130    0.35989353    0.32180404    0.35546036    0.36002652    0.50376588    0.49182014
T9             0.32936431    0.09723993    0.09251142    0.08782724    0.06735133    0.06511409    0.08716571    0.08716571    0.08946468    0.00000000    0.02656416    0.02034017    0.02656416    0.02866505    0.11576431    0.11333101    0.28346583    0.28704434    0.29447095    0.28461711    0.32618712    0.32028698    0.40665198    0.39623552
T6             0.35693218    0.11152702    0.10667220    0.09947727    0.07858855    0.07630532    0.09633874    0.09633874    0.09867532    0.02656416    0.00000000    0.02238870    0.02862770    0.03073301    0.13043404    0.12544600    0.29596937    0.28987752    0.31295480    0.29067539    0.33264049    0.32669219    0.42190040    0.41523737
T8             0.34673150    0.10201360    0.09723993    0.08782724    0.06959863    0.06511409    0.08946468    0.08946468    0.09177427    0.02034017    0.02238870    0.00000000    0.00602718    0.00805149    0.12313609    0.12066672    0.29311447    0.28704434    0.31002919    0.29109111    0.33315772    0.32720933    0.41059032    0.40402034
T20            0.34978729    0.10909372    0.10426237    0.09473756    0.07630532    0.06727530    0.09633874    0.09633874    0.09867532    0.02656416    0.02862770    0.00602718    0.00000000    0.01415444    0.13043404    0.12793380    0.29596937    0.29311447    0.31627780    0.30051401    0.34324449    0.33722176    0.41389748    0.40729798
T4             0.36054330    0.11152702    0.10667220    0.09710180    0.07858855    0.07403247    0.09633874    0.09633874    0.09867532    0.02866505    0.03073301    0.00805149    0.01415444    0.00000000    0.13043404    0.12793380    0.30584033    0.29965196    0.32299084    0.30383706    0.34682976    0.34078150    0.42330492    0.41925487
T5             0.36166454    0.13547237    0.13043404    0.12793380    0.11820950    0.13431424    0.17942622    0.17942622    0.17942622    0.11576431    0.13043404    0.12313609    0.13043404    0.13043404    0.00000000    0.02027301    0.33069436    0.32771328    0.33797172    0.30584033    0.35129986    0.34877458    0.44296056    0.44024306
T17            0.36166454    0.13294686    0.12793380    0.12544600    0.11576431    0.12936330    0.17675925    0.17675925    0.17942622    0.11333101    0.12544600    0.12066672    0.12793380    0.12793380    0.02027301    0.00000000    0.32725707    0.32428776    0.33454625    0.30252830    0.35129986    0.34520214    0.43882681    0.43610930
T22            0.26440695    0.29197078    0.29844473    0.30252830    0.28102673    0.30965374    0.33415475    0.33415475    0.33756852    0.28346583    0.29596937    0.29311447    0.29596937    0.30584033    0.33069436    0.32725707    0.00000000    0.05001383    0.09418350    0.24933569    0.28461711    0.27900742    0.38857012    0.36840157
T15            0.28208630    0.29311447    0.29311447    0.29393346    0.26878977    0.30347032    0.34489391    0.34489391    0.34839130    0.28704434    0.28987752    0.28704434    0.29311447    0.29965196    0.32771328    0.32428776    0.05001383    0.00000000    0.10371461    0.25509321    0.29721290    0.28825992    0.39562049    0.37525451
T1             0.29862321    0.31221808    0.31221808    0.31627780    0.29126517    0.30415604    0.35637153    0.35637153    0.35989353    0.29447095    0.31295480    0.31002919    0.31627780    0.32299084    0.33797172    0.33454625    0.09418350    0.10371461    0.00000000    0.28987752    0.33069436    0.32133060    0.42200671    0.40480231
T12            0.26054043    0.28666139    0.28987752    0.29393346    0.27582202    0.29844473    0.31846997    0.31846997    0.32180404    0.28461711    0.29067539    0.29109111    0.30051401    0.30383706    0.30584033    0.30252830    0.24933569    0.25509321    0.28987752    0.00000000    0.05398908    0.04972771    0.36274253    0.33968477
T21            0.29151799    0.32225681    0.32569412    0.33017746    0.31007998    0.33716089    0.35903274    0.35903274    0.35546036    0.32618712    0.33264049    0.33315772    0.34324449    0.34682976    0.35129986    0.35129986    0.28461711    0.29721290    0.33069436    0.05398908    0.00000000    0.00602414    0.39952546    0.37896467
T0             0.29240514    0.31637990    0.31979374    0.32425322    0.30429628    0.33116243    0.35642841    0.35642841    0.36002652    0.32028698    0.32669219    0.32720933    0.33722176    0.34078150    0.34877458    0.34520214    0.27900742    0.28825992    0.32133060    0.04972771    0.00602414    0.00000000    0.39306454    0.37267369
T10            0.18296798    0.42862431    0.43682417    0.43415034    0.39238812    0.41865589    0.49917667    0.49917667    0.50376588    0.40665198    0.42190040    0.41059032    0.41389748    0.42330492    0.44296056    0.43882681    0.38857012    0.39562049    0.42200671    0.36274253    0.39952546    0.39306454    0.00000000    0.02857205
T16            0.16509630    0.41389748    0.42190040    0.41925487    0.38217681    0.41593830    0.48731368    0.48731368    0.49182014    0.39623552    0.41523737    0.40402034    0.40729798    0.41925487    0.44024306    0.43610930    0.36840157    0.37525451    0.40480231    0.33968477    0.37896467    0.37267369    0.02857205    0.00000000

