24
T13            0.00000000    0.35406845    0.36514147    0.33667110    0.40393033    0.10575069    0.11521917    0.15241924    0.16094833    0.17263631    0.14929503    0.11547605    0.09673026    0.09673026    0.17041404    0.12992697    0.09684660    0.10597653    0.08298265    0.11269821    0.11790929    0.17531752    0.17801319    0.17755973
T3             0.35406845    0.00000000    0.05638692    0.07598915    0.12313494    0.37075182    0.38529791    0.40346619    0.42199083    0.44738775    0.42706705    0.36273255    0.35348728    0.35348728    0.43883798    0.39951260    0.36888767    0.34986331    0.35348728    0.37209613    0.35077401    0.43720802    0.43302271    0.43982590
T23            0.36514147    0.05638692    0.00000000    0.07176957    0.11853798    0.38346569    0.39841553    0.40641783    0.44068696    0.43627389    0.42451604    0.38915987    0.36953680    0.36953680    0.45792901    0.41706285    0.39197438    0.37580084    0.37961857    0.39882627    0.38400371    0.47201537    0.47654179    0.47463314
T4             0.33667110    0.07598915    0.07176957    0.00000000    0.07630492    0.36142314    0.37580084    0.38734264    0.42451526    0.42615873    0.40641783    0.34519337    0.32322318    0.32322318    0.40818357    0.36701962    0.35833972    0.33967596    0.33614168    0.35435897    0.34164656    0.43641650    0.44061940    0.43904818
T20            0.40393033    0.12313494    0.11853798    0.07630492    0.00000000    0.42786178    0.44410365    0.46884931    0.48598249    0.49944209    0.47698253    0.40893037    0.38877469    0.38877469    0.48056499    0.41706285    0.43299263    0.41949091    0.40719174    0.42293364    0.41298007    0.50242768    0.50721416    0.50507311
T0             0.10575069    0.37075182    0.38346569    0.36142314    0.42786178    0.00000000    0.01210016    0.07630492    0.07868979    0.09673026    0.07605753    0.14016439    0.12348885    0.12348885    0.20104842    0.15830258    0.13842371    0.13276282    0.10849887    0.15203774    0.15003137    0.19982649    0.19422359    0.19926948
T2             0.11521917    0.38529791    0.39841553    0.37580084    0.44410365    0.01210016    0.00000000    0.08078186    0.08088179    0.09662123    0.07598915    0.15023581    0.12829601    0.12829601    0.20644454    0.15806953    0.14852304    0.14271561    0.11805508    0.15702772    0.15762804    0.21317135    0.21030569    0.21545451
T14            0.15241924    0.40346619    0.40641783    0.38734264    0.46884931    0.07630492    0.08078186    0.00000000    0.09251075    0.13781373    0.11318858    0.17358829    0.17223620    0.17223620    0.25061336    0.19852690    0.18079555    0.17656519    0.15305273    0.19701719    0.19227764    0.24201279    0.23899122    0.24431697
T8             0.16094833    0.42199083    0.44068696    0.42451526    0.48598249    0.07868979    0.08088179    0.09251075    0.00000000    0.14312475    0.12313494    0.19101519    0.17802514    0.17802514    0.25737531    0.21038484    0.18047904    0.18510582    0.15854381    0.20011852    0.20104842    0.25782192    0.26096709    0.26642571
T11            0.17263631    0.44738775    0.43627389    0.42615873    0.49944209    0.09673026    0.09662123    0.13781373    0.14312475    0.00000000    0.02245590    0.21154894    0.19037971    0.19037971    0.27099476    0.22920015    0.20137625    0.20326078    0.17333753    0.21347658    0.22548901    0.26832098    0.26516590    0.27066843
T12            0.14929503    0.42706705    0.42451604    0.40641783    0.47698253    0.07605753    0.07598915    0.11318858    0.12313494    0.02245590    0.00000000    0.18645062    0.16602798    0.16602798    0.24931767    0.19759434    0.17929772    0.17850123    0.14983505    0.19395623    0.19982649    0.24396401    0.24095155    0.24630053
T5             0.11547605    0.36273255    0.38915987    0.34519337    0.40893037    0.14016439    0.15023581    0.17358829    0.19101519    0.21154894    0.18645062    0.00000000    0.05412894    0.05412894    0.12744542    0.08946425    0.09238382    0.09204618    0.07858811    0.11534380    0.11090865    0.16955887    0.16692013    0.16655780
T17            0.09673026    0.35348728    0.36953680    0.32322318    0.38877469    0.12348885    0.12829601    0.17223620    0.17802514    0.19037971    0.16602798    0.05412894    0.00000000    0.00000000    0.08318604    0.04760696    0.08110270    0.07849343    0.06081186    0.08501931    0.09461159    0.15702772    0.15443684    0.15925994
T10            0.09673026    0.35348728    0.36953680    0.32322318    0.38877469    0.12348885    0.12829601    0.17223620    0.17802514    0.19037971    0.16602798    0.05412894    0.00000000    0.00000000    0.08318604    0.04760696    0.08110270    0.07849343    0.06081186    0.08501931    0.09461159    0.15702772    0.15443684    0.15925994
T7             0.17041404    0.43883798    0.45792901    0.40818357    0.48056499    0.20104842    0.20644454    0.25061336    0.25737531    0.27099476    0.24931767    0.12744542    0.08318604    0.08318604    0.00000000    0.08078186    0.15854381    0.15784468    0.13510069    0.16186431    0.17309526    0.23300232    0.23003457    0.23530652
T6             0.12992697    0.39951260    0.41706285    0.36701962    0.41706285    0.15830258    0.15806953    0.19852690    0.21038484    0.22920015    0.19759434    0.08946425    0.04760696    0.04760696    0.08078186    0.00000000    0.11608082    0.11561591    0.09438273    0.12213817    0.12497613    0.17755973    0.17755973    0.18251793
T9             0.09684660    0.36888767    0.39197438    0.35833972    0.43299263    0.13842371    0.14852304    0.18079555    0.18047904    0.20137625    0.17929772    0.09238382    0.08110270    0.08110270    0.15854381    0.11608082    0.00000000    0.07422157    0.06968622    0.10359545    0.09921078    0.16245562    0.16509437    0.16467790
T15            0.10597653    0.34986331    0.37580084    0.33967596    0.41949091    0.13276282    0.14271561    0.17656519    0.18510582    0.20326078    0.17850123    0.09204618    0.07849343    0.07849343    0.15784468    0.11561591    0.07422157    0.00000000    0.07169037    0.10564902    0.10122567    0.15963210    0.16225012    0.16186431
T22            0.08298265    0.35348728    0.37961857    0.33614168    0.40719174    0.10849887    0.11805508    0.15305273    0.15854381    0.17333753    0.14983505    0.07858811    0.06081186    0.06081186    0.13510069    0.09438273    0.06968622    0.07169037    0.00000000    0.04972758    0.04770537    0.12238426    0.12483539    0.12457733
T18            0.11269821    0.37209613    0.39882627    0.35435897    0.42293364    0.15203774    0.15702772    0.19701719    0.20011852    0.21347658    0.19395623    0.11534380    0.08501931    0.08501931    0.16186431    0.12213817    0.10359545    0.10564902    0.04972758    0.00000000    0.06937590    0.15185932    0.15443684    0.15409155
T1             0.11790929    0.35077401    0.38400371    0.34164656    0.41298007    0.15003137    0.15762804    0.19227764    0.20104842    0.22548901    0.19982649    0.11090865    0.09461159    0.09461159    0.17309526    0.12497613    0.09921078    0.10122567    0.04770537    0.06937590    0.00000000    0.15168915    0.14913142    0.15393141
T19            0.17531752    0.43720802    0.47201537    0.43641650    0.50242768    0.19982649    0.21317135    0.24201279    0.25782192    0.26832098    0.24396401    0.16955887    0.15702772    0.15702772    0.23300232    0.17755973    0.16245562    0.15963210    0.12238426    0.15185932    0.15168915    0.00000000    0.01419981    0.01415443
T16            0.17801319    0.43302271    0.47654179    0.44061940    0.50721416    0.19422359    0.21030569    0.23899122    0.26096709    0.26516590    0.24095155    0.16692013    0.15443684    0.15443684    0.23003457    0.17755973    0.16509437    0.16225012    0.12483539    0.15443684    0.14913142    0.01419981    0.00000000    0.01210943
T21            0.17755973    0.43982590    0.47463314    0.43904818    0.50507311    0.19926948    0.21545451    0.24431697    0.26642571    0.27066843    0.24630053    0.16655780    0.15925994    0.15925994    0.23530652    0.18251793    0.16467790    0.16186431    0.12457733    0.15409155    0.15393141    0.01415443    0.01210943    0.00000000

