24
T0             0.00000000    0.17735669    0.19298893    0.17757078    0.18546723    0.21289264    0.20666010    0.19423840    0.22449162    0.37233210    0.27885345    0.22156653    0.22255994    0.19955901    0.18321526    0.22095166    0.20692172    0.17287280    0.16412508    0.18502156    0.18231811    0.17264718    0.16997979    0.18844391
T10            0.17735669    0.00000000    0.01617358    0.00401105    0.08308335    0.07832706    0.07592932    0.12470729    0.14406122    0.30340604    0.21996760    0.20410390    0.19094836    0.18274905    0.16468736    0.21032277    0.19598408    0.16206203    0.14883544    0.17183077    0.16656629    0.14421218    0.14675079    0.16225951
T13            0.19298893    0.01617358    0.00000000    0.01209709    0.08972312    0.08494645    0.08254533    0.13418484    0.15378651    0.31206426    0.22777292    0.21180043    0.19851550    0.19024841    0.16937574    0.22095166    0.20640778    0.17202191    0.15862381    0.17924816    0.17658793    0.15393858    0.15393858    0.17222171
T8             0.17757078    0.00401105    0.01209709    0.00000000    0.07859044    0.07387214    0.07149592    0.11994961    0.13917335    0.29718504    0.21446799    0.19876273    0.18570336    0.17757078    0.15964105    0.20492025    0.19070607    0.15703625    0.14391845    0.16674351    0.16152031    0.13931972    0.14183913    0.15722842
T7             0.18546723    0.08308335    0.08972312    0.07859044    0.00000000    0.11120751    0.11576849    0.16822293    0.18620208    0.34336558    0.26059556    0.23302411    0.21929424    0.21349491    0.19451518    0.24507792    0.22156653    0.19172875    0.17222171    0.19346173    0.19070607    0.17826523    0.17826523    0.19200664
T18            0.21289264    0.07832706    0.08494645    0.07387214    0.11120751    0.00000000    0.03066874    0.14691639    0.16732657    0.31602020    0.23409417    0.21777566    0.20436682    0.20436682    0.18844391    0.22065852    0.21289264    0.18570336    0.17183077    0.19851550    0.19024841    0.16712368    0.16976986    0.18594832
T21            0.20666010    0.07592932    0.08254533    0.07149592    0.11576849    0.03066874    0.00000000    0.13931972    0.15722842    0.31497333    0.23337111    0.21438470    0.20105604    0.19827741    0.17983300    0.21155093    0.20385021    0.17715132    0.16623773    0.19529288    0.18441994    0.15892905    0.16412508    0.17468218
T17            0.19423840    0.12470729    0.13418484    0.11994961    0.16822293    0.14691639    0.13931972    0.00000000    0.04327619    0.31825367    0.23262435    0.22417088    0.21638616    0.19649030    0.18346152    0.23302411    0.21576723    0.17580318    0.17488909    0.19955901    0.17983300    0.15964105    0.16267964    0.18646463
T11            0.22449162    0.14406122    0.15378651    0.13917335    0.18620208    0.16732657    0.15722842    0.04327619    0.00000000    0.33120814    0.25872585    0.25584435    0.24167275    0.22678478    0.21318912    0.25894172    0.24701868    0.20521071    0.19851550    0.22125434    0.20410390    0.18049707    0.19145972    0.21349491
T3             0.37233210    0.30340604    0.31206426    0.29718504    0.34336558    0.31602020    0.31497333    0.31825367    0.33120814    0.00000000    0.08760458    0.39204574    0.37093851    0.37860731    0.33240730    0.34686999    0.35106435    0.33596832    0.33838294    0.36273718    0.32428879    0.33655981    0.32003549    0.35855669
T19            0.27885345    0.21996760    0.22777292    0.21446799    0.26059556    0.23409417    0.23337111    0.23262435    0.25872585    0.08760458    0.00000000    0.31420347    0.29873465    0.29201927    0.26416401    0.28397583    0.28117834    0.27055713    0.25391113    0.28164005    0.25313760    0.25203062    0.25602196    0.29306237
T14            0.22156653    0.20410390    0.21180043    0.19876273    0.23302411    0.21777566    0.21438470    0.22417088    0.25584435    0.39204574    0.31420347    0.00000000    0.01210019    0.04988027    0.14691639    0.18570336    0.17735669    0.14691639    0.14406122    0.17715132    0.15393858    0.14199995    0.12703335    0.14709016
T22            0.22255994    0.19094836    0.19851550    0.18570336    0.21929424    0.20436682    0.20105604    0.21638616    0.24167275    0.37093851    0.29873465    0.01210019    0.00000000    0.04139532    0.13728136    0.17556174    0.16732657    0.13728136    0.12949684    0.16187299    0.13917335    0.12745107    0.11764507    0.13242723
T6             0.19955901    0.18274905    0.19024841    0.17757078    0.21349491    0.20436682    0.19827741    0.19649030    0.22678478    0.37860731    0.29201927    0.04988027    0.04139532    0.00000000    0.12238906    0.15964105    0.15169656    0.11752202    0.12458194    0.15153437    0.12924566    0.11764507    0.10802789    0.12226188
T15            0.18321526    0.16468736    0.16937574    0.15964105    0.19451518    0.18844391    0.17983300    0.18346152    0.21318912    0.33240730    0.26416401    0.14691639    0.13728136    0.12238906    0.00000000    0.06944462    0.05831403    0.04559603    0.10112341    0.12745107    0.10802789    0.09438578    0.08298503    0.10598034
T4             0.22095166    0.21032277    0.22095166    0.20492025    0.24507792    0.22065852    0.21155093    0.23302411    0.25894172    0.34686999    0.28397583    0.18570336    0.17556174    0.15964105    0.06944462    0.00000000    0.05632305    0.08539312    0.14437131    0.16956850    0.14406122    0.13476827    0.12977971    0.14709016
T12            0.20692172    0.19598408    0.20640778    0.19070607    0.22156653    0.21289264    0.20385021    0.21576723    0.24701868    0.35106435    0.28117834    0.17735669    0.16732657    0.15169656    0.05831403    0.05632305    0.00000000    0.07613482    0.13418484    0.15892905    0.14140540    0.12963433    0.12226188    0.13183686
T20            0.17287280    0.16206203    0.17202191    0.15703625    0.19172875    0.18570336    0.17715132    0.17580318    0.20521071    0.33596832    0.27055713    0.14691639    0.13728136    0.11752202    0.04559603    0.08539312    0.07613482    0.00000000    0.10112341    0.12963433    0.10565225    0.09673353    0.09204901    0.11562081
T5             0.16412508    0.14883544    0.15862381    0.14391845    0.17222171    0.17183077    0.16623773    0.17488909    0.19851550    0.33838294    0.25391113    0.14406122    0.12949684    0.12458194    0.10112341    0.14437131    0.13418484    0.10112341    0.00000000    0.11960927    0.10077578    0.08494645    0.08724028    0.10575410
T16            0.18502156    0.17183077    0.17924816    0.16674351    0.19346173    0.19851550    0.19529288    0.19955901    0.22125434    0.36273718    0.28164005    0.17715132    0.16187299    0.15153437    0.12745107    0.16956850    0.15892905    0.12963433    0.11960927    0.00000000    0.13405900    0.11752202    0.12238906    0.13947416
T1             0.18231811    0.16656629    0.17658793    0.16152031    0.19070607    0.19024841    0.18441994    0.17983300    0.20410390    0.32428879    0.25313760    0.15393858    0.13917335    0.12924566    0.10802789    0.14406122    0.14140540    0.10565225    0.10077578    0.13405900    0.00000000    0.05206385    0.08528946    0.10146241
T9             0.17264718    0.14421218    0.15393858    0.13931972    0.17826523    0.16712368    0.15892905    0.15964105    0.18049707    0.33655981    0.25203062    0.14199995    0.12745107    0.11764507    0.09438578    0.13476827    0.12963433    0.09673353    0.08494645    0.11752202    0.05206385    0.00000000    0.06978310    0.08562174
T2             0.16997979    0.14675079    0.15393858    0.14183913    0.17826523    0.16976986    0.16412508    0.16267964    0.19145972    0.32003549    0.25602196    0.12703335    0.11764507    0.10802789    0.08298503    0.12977971    0.12226188    0.09204901    0.08724028    0.12238906    0.08528946    0.06978310    0.00000000    0.06960007
T23            0.18844391    0.16225951    0.17222171    0.15722842    0.19200664    0.18594832    0.17468218    0.18646463    0.21349491    0.35855669    0.29306237    0.14709016    0.13242723    0.12226188    0.10598034    0.14709016    0.13183686    0.11562081    0.10575410    0.13947416    0.10146241    0.08562174    0.06960007    0.00000000

