24
T18            0.00000000    0.35663264    0.36029898    0.26296322    0.26537777    0.27617221    0.24237797    0.26229911    0.28506258    0.25988453    0.29113239    0.25548541    0.26441816    0.25784292    0.25784292    0.26093117    0.26678680    0.31085682    0.29164603    0.26130097    0.25241611    0.31303744    0.27347883    0.26366964
T5             0.35663264    0.00000000    0.00200402    0.27788586    0.27788586    0.31505176    0.28506258    0.30966794    0.32779716    0.30632102    0.33541337    0.28962025    0.30818556    0.30434387    0.29769443    0.31350892    0.32328458    0.34883525    0.32137794    0.29484161    0.29860549    0.35781304    0.28225273    0.28106246
T7             0.36029898    0.00200402    0.00000000    0.28106246    0.27788586    0.31505176    0.28506258    0.30966794    0.32779716    0.30632102    0.33541337    0.28962025    0.30818556    0.30434387    0.29769443    0.31350892    0.32328458    0.35243548    0.32479348    0.29814431    0.30194130    0.36150655    0.28548072    0.28425940
T14            0.26296322    0.27788586    0.28106246    0.00000000    0.08060609    0.10123045    0.06735342    0.08289478    0.12314408    0.11091540    0.12084178    0.08760589    0.09921628    0.09438716    0.08972427    0.10623853    0.10371941    0.16489632    0.14437431    0.12252624    0.10598206    0.17489380    0.12021754    0.11522513
T9             0.26537777    0.27788586    0.27788586    0.08060609    0.00000000    0.09401574    0.05846319    0.07380229    0.11577099    0.10112471    0.11806276    0.08069216    0.08750388    0.08740905    0.08281058    0.09909400    0.09662567    0.17287815    0.15723251    0.12993571    0.12021754    0.18524514    0.13259771    0.12963666
T6             0.27617221    0.31505176    0.31505176    0.10123045    0.09401574    0.00000000    0.06714543    0.08266370    0.12730636    0.11510776    0.13461315    0.09642898    0.10813693    0.10328896    0.09859326    0.10565348    0.10792914    0.18253407    0.16152352    0.15668023    0.13681539    0.21233506    0.14947793    0.15153725
T4             0.24237797    0.28506258    0.28506258    0.06735342    0.05846319    0.06714543    0.00000000    0.02233497    0.08539444    0.08060609    0.08760589    0.05632354    0.06735342    0.06282225    0.05840672    0.07403500    0.07169277    0.16268450    0.13963973    0.12528956    0.10864294    0.17803068    0.12297809    0.11791652
T16            0.26229911    0.30966794    0.30966794    0.08289478    0.07380229    0.08266370    0.02233497    0.00000000    0.10134362    0.09642898    0.10360061    0.07162029    0.08289478    0.07825407    0.07373877    0.08972427    0.08732144    0.17779888    0.15427118    0.13963973    0.12513284    0.19071184    0.13981046    0.13461315
T22            0.28506258    0.32779716    0.32779716    0.12314408    0.11577099    0.12730636    0.08539444    0.10134362    0.00000000    0.09215592    0.10652468    0.08110706    0.09004652    0.08550534    0.08088554    0.07859156    0.08078532    0.22517223    0.19676407    0.18398708    0.16313862    0.22778346    0.17877796    0.17311262
T8             0.25988453    0.30632102    0.30632102    0.11091540    0.10112471    0.11510776    0.08060609    0.09642898    0.09215592    0.00000000    0.08740905    0.07630808    0.08519401    0.08069216    0.07613562    0.08993191    0.08750388    0.21004223    0.18253407    0.16246997    0.14746605    0.21608090    0.16533098    0.15984437
T13            0.29113239    0.33541337    0.33541337    0.12084178    0.11806276    0.13461315    0.08760589    0.10360061    0.10652468    0.08740905    0.00000000    0.08795479    0.09934587    0.09238891    0.08771506    0.10426860    0.10172736    0.22483200    0.20210186    0.18098965    0.16822861    0.23567471    0.18124618    0.17020333
T23            0.25548541    0.28962025    0.28962025    0.08760589    0.08069216    0.09642898    0.05632354    0.07162029    0.08110706    0.07630808    0.08795479    0.00000000    0.03069796    0.02653154    0.02236465    0.04776585    0.04124041    0.18398708    0.16005198    0.14529267    0.12314408    0.19424553    0.14037053    0.13763703
T2             0.26441816    0.30818556    0.30818556    0.09921628    0.08750388    0.10813693    0.06735342    0.08289478    0.09004652    0.08519401    0.09934587    0.03069796    0.00000000    0.02650485    0.02234665    0.05852643    0.05189788    0.20107602    0.17360715    0.15545947    0.13802124    0.20806925    0.15306752    0.14766442
T0             0.25784292    0.30434387    0.30434387    0.09438716    0.08740905    0.10328896    0.06282225    0.07825407    0.08550534    0.08069216    0.09238891    0.02653154    0.02650485    0.00000000    0.00401611    0.05200219    0.04330643    0.19510365    0.16799156    0.15263577    0.13277311    0.19929159    0.14509288    0.14490112
T17            0.25784292    0.29769443    0.29769443    0.08972427    0.08281058    0.09859326    0.05840672    0.07373877    0.08088554    0.07613562    0.08771506    0.02236465    0.02234665    0.00401611    0.00000000    0.04765391    0.04116953    0.18951443    0.16268450    0.14746605    0.12777164    0.19929159    0.13998919    0.13981046
T15            0.26093117    0.31350892    0.31350892    0.10623853    0.09909400    0.10565348    0.07403500    0.08972427    0.07859156    0.08993191    0.10426860    0.04776585    0.05852643    0.05200219    0.04765391    0.00000000    0.01829810    0.21093600    0.18322113    0.16533098    0.14509288    0.22157579    0.16290739    0.15482821
T21            0.26678680    0.32328458    0.32328458    0.10371941    0.09662567    0.10792914    0.07169277    0.08732144    0.08078532    0.08750388    0.10172736    0.04124041    0.05189788    0.04330643    0.04116953    0.01829810    0.00000000    0.19929159    0.17222616    0.16510944    0.13728446    0.21836318    0.16005198    0.15204943
T20            0.31085682    0.34883525    0.35243548    0.16489632    0.17287815    0.18253407    0.16268450    0.17779888    0.22517223    0.21004223    0.22483200    0.18398708    0.20107602    0.19510365    0.18951443    0.21093600    0.19929159    0.00000000    0.03715896    0.21866733    0.18570920    0.26795482    0.22189789    0.21004223
T12            0.29164603    0.32137794    0.32479348    0.14437431    0.15723251    0.16152352    0.13963973    0.15427118    0.19676407    0.18253407    0.20210186    0.16005198    0.17360715    0.16799156    0.16268450    0.18322113    0.17222616    0.03715896    0.00000000    0.19623907    0.16449543    0.25277794    0.19649706    0.18797101
T19            0.26130097    0.29484161    0.29814431    0.12252624    0.12993571    0.15668023    0.12528956    0.13963973    0.18398708    0.16246997    0.18098965    0.14529267    0.15545947    0.15263577    0.14746605    0.16533098    0.16510944    0.21866733    0.19623907    0.00000000    0.07177221    0.14217212    0.07613562    0.07380229
T11            0.25241611    0.29860549    0.30194130    0.10598206    0.12021754    0.13681539    0.10864294    0.12513284    0.16313862    0.14746605    0.16822861    0.12314408    0.13802124    0.13277311    0.12777164    0.14509288    0.13728446    0.18570920    0.16449543    0.07177221    0.00000000    0.13009700    0.06960093    0.06060961
T1             0.31303744    0.35781304    0.36150655    0.17489380    0.18524514    0.21233506    0.17803068    0.19071184    0.22778346    0.21608090    0.23567471    0.19424553    0.20806925    0.19929159    0.19929159    0.22157579    0.21836318    0.26795482    0.25277794    0.14217212    0.13009700    0.00000000    0.13477118    0.13712011
T10            0.27347883    0.28225273    0.28548072    0.12021754    0.13259771    0.14947793    0.12297809    0.13981046    0.17877796    0.16533098    0.18124618    0.14037053    0.15306752    0.14509288    0.13998919    0.16290739    0.16005198    0.22189789    0.19649706    0.07613562    0.06960093    0.13477118    0.00000000    0.06050744
T3             0.26366964    0.28106246    0.28425940    0.11522513    0.12963666    0.15153725    0.11791652    0.13461315    0.17311262    0.15984437    0.17020333    0.13763703    0.14766442    0.14490112    0.13981046    0.15482821    0.15204943    0.21004223    0.18797101    0.07380229    0.06060961    0.13712011    0.06050744    0.00000000

