24
T9             0.00000000    0.30019048    0.33778171    0.32493079    0.36663608    0.36224504    0.31749103    0.39651258    0.40045771    0.31857661    0.32650374    0.30154345    0.31897092    0.28316666    0.29078046    0.29119884    0.28641779    0.27591782    0.29491158    0.27910652    0.26761216    0.27037007    0.29298433    0.29298433
T21            0.30019048    0.00000000    0.10339220    0.11765637    0.14967489    0.14438875    0.11753280    0.17450883    0.17717733    0.18714324    0.18463839    0.11511631    0.13172195    0.16735151    0.19374636    0.18799647    0.17045321    0.23649691    0.25789366    0.24907017    0.22622060    0.23178217    0.24976709    0.24369976
T8             0.33778171    0.10339220    0.00000000    0.16189494    0.19626771    0.18776967    0.16695256    0.20019570    0.20296023    0.23091324    0.23356158    0.16171357    0.18483984    0.20213359    0.23606677    0.23209153    0.20440515    0.25655279    0.30552851    0.29037332    0.25993372    0.26576552    0.28150870    0.27832005
T19            0.32493079    0.11765637    0.16189494    0.00000000    0.03930658    0.03497211    0.03502316    0.10398770    0.10638686    0.17363214    0.16582195    0.08342836    0.10173566    0.17805484    0.21066431    0.20751387    0.18899295    0.24841413    0.27672732    0.27077064    0.24707860    0.25282867    0.27160370    0.26212783
T1             0.36663608    0.14967489    0.19626771    0.03930658    0.00000000    0.02031447    0.06322520    0.14058969    0.14315545    0.20332281    0.20079106    0.10668860    0.14337314    0.21934351    0.24820227    0.24781766    0.22817645    0.28794782    0.31507780    0.31559784    0.29345860    0.29963849    0.31667306    0.30638265
T12            0.36224504    0.14438875    0.18776967    0.03497211    0.02031447    0.00000000    0.05867599    0.13278696    0.13530731    0.20586358    0.19765174    0.10653403    0.13803707    0.21323351    0.24173166    0.24137566    0.22193789    0.27794322    0.30441908    0.30489276    0.28316666    0.28923799    0.30587456    0.29582616
T15            0.31749103    0.11753280    0.16695256    0.03502316    0.06322520    0.05867599    0.00000000    0.10412908    0.10653403    0.17880428    0.17093462    0.08796135    0.10879761    0.18873049    0.21901952    0.21581202    0.19707109    0.26336308    0.27951612    0.27993660    0.24976709    0.25553670    0.27437067    0.26486477
T16            0.39651258    0.17450883    0.20019570    0.10398770    0.14058969    0.13278696    0.10412908    0.00000000    0.00200402    0.23307848    0.22161482    0.15048107    0.16007158    0.23770536    0.25789366    0.25448127    0.24976709    0.31557620    0.32879990    0.32929601    0.30350629    0.30974323    0.33032495    0.31992791
T6             0.40045771    0.17717733    0.20296023    0.10638686    0.14315545    0.13530731    0.10653403    0.00200402    0.00000000    0.23606677    0.22454173    0.15308702    0.16270498    0.23473497    0.25482273    0.25143847    0.24672420    0.31897092    0.33227746    0.33278577    0.30684430    0.31311507    0.33383936    0.32336956
T4             0.31857661    0.18714324    0.23091324    0.17363214    0.20332281    0.20586358    0.17880428    0.23307848    0.23606677    0.00000000    0.05194846    0.14019136    0.15525995    0.22537358    0.25351932    0.24722554    0.23412837    0.30722080    0.33729868    0.31052542    0.29529645    0.30142682    0.32145660    0.30142682
T0             0.32650374    0.18463839    0.23356158    0.16582195    0.20079106    0.19765174    0.17093462    0.22161482    0.22454173    0.05194846    0.00000000    0.13278696    0.14768164    0.22855586    0.25993372    0.25655279    0.23738826    0.31345104    0.32396736    0.30431795    0.28284248    0.28885764    0.30842896    0.28885764
T2             0.30154345    0.11511631    0.16171357    0.08342836    0.10668860    0.10653403    0.08796135    0.15048107    0.15308702    0.14019136    0.13278696    0.00000000    0.08099811    0.17022527    0.19905556    0.19601804    0.17782237    0.23974551    0.27077064    0.25862671    0.23241073    0.23803242    0.25320186    0.23803242
T22            0.31897092    0.13172195    0.18483984    0.10173566    0.14337314    0.13803707    0.10879761    0.16007158    0.16270498    0.15525995    0.14768164    0.08099811    0.00000000    0.17470791    0.18985520    0.18695252    0.17965551    0.25594538    0.29078046    0.27515166    0.24841413    0.25415020    0.26960094    0.24810151
T20            0.28316666    0.16735151    0.20213359    0.17805484    0.21934351    0.21323351    0.18873049    0.23770536    0.23473497    0.22537358    0.22855586    0.17022527    0.17470791    0.00000000    0.10443390    0.09474956    0.08750923    0.19532378    0.23505313    0.22130126    0.18549786    0.19073833    0.21611812    0.21323351
T14            0.29078046    0.19374636    0.23606677    0.21066431    0.24820227    0.24173166    0.21901952    0.25789366    0.25482273    0.25351932    0.25993372    0.19905556    0.18985520    0.10443390    0.00000000    0.03280856    0.11807327    0.20620013    0.24976709    0.22977808    0.20467846    0.21007597    0.22161482    0.21870498
T11            0.29119884    0.18799647    0.23209153    0.20751387    0.24781766    0.24137566    0.21581202    0.25448127    0.25143847    0.24722554    0.25655279    0.19601804    0.18695252    0.09474956    0.03280856    0.00000000    0.10826020    0.20040548    0.23148264    0.21781829    0.19325340    0.19854979    0.21551534    0.21264736
T5             0.28641779    0.17045321    0.20440515    0.18899295    0.22817645    0.22193789    0.19707109    0.24976709    0.24672420    0.23412837    0.23738826    0.17782237    0.17965551    0.08750923    0.11807327    0.10826020    0.00000000    0.18444595    0.22914743    0.21264736    0.18823223    0.19349536    0.21323351    0.20810435
T7             0.27591782    0.23649691    0.25655279    0.24841413    0.28794782    0.27794322    0.26336308    0.31557620    0.31897092    0.30722080    0.31345104    0.23974551    0.25594538    0.19532378    0.20620013    0.20040548    0.18444595    0.00000000    0.14967489    0.12778415    0.10598994    0.11065930    0.12530144    0.11792663
T13            0.29491158    0.25789366    0.30552851    0.27672732    0.31507780    0.30441908    0.27951612    0.32879990    0.33227746    0.33729868    0.32396736    0.27077064    0.29078046    0.23505313    0.24976709    0.23148264    0.22914743    0.14967489    0.00000000    0.05413229    0.05407858    0.05840885    0.07403899    0.06952302
T10            0.27910652    0.24907017    0.29037332    0.27077064    0.31559784    0.30489276    0.27993660    0.32929601    0.33278577    0.31052542    0.30431795    0.25862671    0.27515166    0.22130126    0.22977808    0.21781829    0.21264736    0.12778415    0.05413229    0.00000000    0.03910447    0.04334436    0.05859905    0.05639103
T23            0.26761216    0.22622060    0.25993372    0.24707860    0.29345860    0.28316666    0.24976709    0.30350629    0.30684430    0.29529645    0.28284248    0.23241073    0.24841413    0.18549786    0.20467846    0.19325340    0.18823223    0.10598994    0.05407858    0.03910447    0.00000000    0.00401106    0.03492749    0.03280856
T18            0.27037007    0.23178217    0.26576552    0.25282867    0.29963849    0.28923799    0.25553670    0.30974323    0.31311507    0.30142682    0.28885764    0.23803242    0.25415020    0.19073833    0.21007597    0.19854979    0.19349536    0.11065930    0.05840885    0.04334436    0.00401106    0.00000000    0.03914525    0.03701275
T17            0.29298433    0.24976709    0.28150870    0.27160370    0.31667306    0.30587456    0.27437067    0.33032495    0.33383936    0.32145660    0.30842896    0.25320186    0.26960094    0.21611812    0.22161482    0.21551534    0.21323351    0.12530144    0.07403899    0.05859905    0.03492749    0.03914525    0.00000000    0.03701275
T3             0.29298433    0.24369976    0.27832005    0.26212783    0.30638265    0.29582616    0.26486477    0.31992791    0.32336956    0.30142682    0.28885764    0.23803242    0.24810151    0.21323351    0.21870498    0.21264736    0.20810435    0.11792663    0.06952302    0.05639103    0.03280856    0.03701275    0.03701275    0.00000000

