24
T18            0.00000000    0.19275957    0.19995862    0.24099462    0.24689590    0.28537625    0.27192304    0.20849339    0.22506036    0.21957328    0.24716582    0.24178258    0.24363240    0.24969491    0.16246061    0.20336333    0.14140199    0.14378038    0.14140199    0.16119722    0.19550741    0.15378246    0.15876785    0.14897899
T23            0.19275957    0.00000000    0.08992905    0.12497874    0.12992997    0.28013494    0.27560019    0.22187882    0.23900365    0.23336061    0.25239281    0.24934308    0.24012759    0.24624588    0.25239281    0.26915303    0.21437652    0.21982795    0.21154298    0.23589864    0.26845175    0.23643998    0.23616429    0.22480863
T1             0.19995862    0.08992905    0.00000000    0.10575220    0.11052604    0.27101426    0.26090665    0.23267663    0.24397589    0.23830340    0.25680293    0.25680293    0.25042892    0.25660385    0.24773664    0.27056773    0.21366119    0.22194262    0.21085158    0.23516224    0.26196144    0.23856778    0.23831376    0.22697025
T21            0.24099462    0.12497874    0.10575220    0.00000000    0.00401610    0.32822539    0.31639232    0.27228886    0.27862017    0.27266541    0.30253815    0.30253815    0.28869805    0.29525798    0.28558626    0.31042493    0.25206719    0.25779321    0.24909907    0.27471528    0.33236887    0.28775973    0.28744507    0.27525536
T3             0.24689590    0.12992997    0.11052604    0.00401610    0.00000000    0.33539749    0.32324457    0.27228886    0.27862017    0.27266541    0.30918527    0.30918527    0.29525798    0.30190519    0.29197822    0.31709414    0.25805686    0.26383721    0.24909907    0.28088992    0.33926826    0.29413127    0.29379634    0.28146843
T22            0.28537625    0.28013494    0.27101426    0.32822539    0.33539749    0.00000000    0.10893593    0.21845658    0.23564433    0.23301802    0.24202574    0.22776291    0.21003500    0.21588475    0.33242428    0.35349293    0.28722909    0.29334953    0.29818852    0.33653627    0.35224088    0.30966461    0.30914758    0.30288201
T9             0.27192304    0.27560019    0.26090665    0.31639232    0.32324457    0.10893593    0.00000000    0.21031452    0.23004554    0.22448207    0.22456672    0.21085158    0.20718476    0.21288425    0.31347169    0.34116344    0.27714234    0.28311150    0.28744764    0.32134164    0.34723592    0.30542593    0.30501283    0.29884450
T0             0.20849339    0.22187882    0.23267663    0.27228886    0.27228886    0.21845658    0.21031452    0.00000000    0.03914366    0.03492617    0.19321414    0.18546106    0.17385468    0.17930557    0.24565696    0.27785942    0.23939063    0.24504263    0.23407071    0.25315554    0.30052505    0.25137061    0.25105040    0.23939063
T8             0.22506036    0.23900365    0.24397589    0.27862017    0.27862017    0.23564433    0.23004554    0.03914366    0.00000000    0.00401105    0.20718476    0.19927719    0.18978761    0.19539131    0.25408160    0.29638201    0.25074049    0.25648500    0.24534471    0.25861617    0.31300112    0.26293982    0.26260310    0.25074049
T7             0.21957328    0.23336061    0.23830340    0.27266541    0.27266541    0.23301802    0.22448207    0.03492617    0.00401105    0.00000000    0.20181364    0.19396360    0.18452700    0.19008396    0.24834858    0.29027998    0.24504263    0.25074049    0.23968507    0.25286771    0.30673491    0.25713129    0.25680293    0.24504263
T20            0.24716582    0.25239281    0.25680293    0.30253815    0.30918527    0.24202574    0.22456672    0.19321414    0.20718476    0.20181364    0.00000000    0.02029407    0.09194933    0.09662271    0.29558601    0.31082474    0.26383721    0.26966536    0.25833119    0.28744507    0.31187372    0.27614908    0.27584007    0.26383721
T5             0.24178258    0.24934308    0.25680293    0.30253815    0.30918527    0.22776291    0.21085158    0.18546106    0.19927719    0.19396360    0.02029407    0.00000000    0.07832603    0.08289265    0.28988612    0.31082474    0.25833119    0.26411921    0.25286771    0.28177461    0.30602779    0.26441200    0.26411921    0.25232350
T13            0.24363240    0.24012759    0.25042892    0.28869805    0.29525798    0.21003500    0.20718476    0.17385468    0.18978761    0.18452700    0.09194933    0.07832603    0.00000000    0.00401610    0.27068357    0.29110129    0.23085898    0.24235880    0.23142562    0.25345382    0.30253815    0.26019972    0.25986195    0.24803749
T14            0.24969491    0.24624588    0.25660385    0.29525798    0.30190519    0.21588475    0.21288425    0.17930557    0.19539131    0.19008396    0.09662271    0.08289265    0.00401610    0.00000000    0.27068357    0.29110129    0.23672568    0.24834858    0.23732700    0.25953469    0.30918527    0.26639369    0.26603677    0.25408160
T4             0.16246061    0.25239281    0.24773664    0.28558626    0.29197822    0.33242428    0.31347169    0.24565696    0.25408160    0.24834858    0.29558601    0.28988612    0.27068357    0.27068357    0.00000000    0.09867591    0.15926378    0.16956345    0.16711874    0.17735112    0.23267663    0.18819389    0.19069954    0.18274309
T6             0.20336333    0.26915303    0.27056773    0.31042493    0.31709414    0.35349293    0.34116344    0.27785942    0.29638201    0.29027998    0.31082474    0.31082474    0.29110129    0.29110129    0.09867591    0.00000000    0.18908656    0.19976851    0.19449302    0.21064018    0.25015171    0.20232804    0.20489702    0.19686246
T2             0.14140199    0.21437652    0.21366119    0.25206719    0.25805686    0.28722909    0.27714234    0.23939063    0.25074049    0.24504263    0.26383721    0.25833119    0.23085898    0.23672568    0.15926378    0.18908656    0.00000000    0.01008404    0.02653130    0.05835620    0.13211317    0.08731925    0.08723901    0.07818586
T17            0.14378038    0.21982795    0.22194262    0.25779321    0.26383721    0.29334953    0.28311150    0.24504263    0.25648500    0.25074049    0.26966536    0.26411921    0.24235880    0.24834858    0.16956345    0.19976851    0.01008404    0.00000000    0.03280744    0.06937650    0.14199642    0.09886851    0.09876850    0.08954336
T15            0.14140199    0.21154298    0.21085158    0.24909907    0.24909907    0.29818852    0.28744764    0.23407071    0.24534471    0.23968507    0.25833119    0.25286771    0.23142562    0.23732700    0.16711874    0.19449302    0.02653130    0.03280744    0.00000000    0.05626421    0.13711394    0.09194933    0.09185838    0.08273168
T12            0.16119722    0.23589864    0.23516224    0.27471528    0.28088992    0.33653627    0.32134164    0.25315554    0.25861617    0.25286771    0.28744507    0.28177461    0.25345382    0.25953469    0.17735112    0.21064018    0.05835620    0.06937650    0.05626421    0.00000000    0.14405766    0.10802592    0.10792599    0.09859075
T11            0.19550741    0.26845175    0.26196144    0.33236887    0.33926826    0.35224088    0.34723592    0.30052505    0.31300112    0.30673491    0.31187372    0.30602779    0.30253815    0.30918527    0.23267663    0.25015171    0.13211317    0.14199642    0.13711394    0.14405766    0.00000000    0.10348600    0.10338229    0.09642635
T16            0.15378246    0.23643998    0.23856778    0.28775973    0.29413127    0.30966461    0.30542593    0.25137061    0.26293982    0.25713129    0.27614908    0.26441200    0.26019972    0.26639369    0.18819389    0.20232804    0.08731925    0.09886851    0.09194933    0.10802592    0.10348600    0.00000000    0.00401105    0.01415447
T10            0.15876785    0.23616429    0.23831376    0.28744507    0.29379634    0.30914758    0.30501283    0.25105040    0.26260310    0.25680293    0.27584007    0.26411921    0.25986195    0.26603677    0.19069954    0.20489702    0.08723901    0.09876850    0.09185838    0.10792599    0.10338229    0.00401105    0.00000000    0.01414101
T19            0.14897899    0.22480863    0.22697025    0.27525536    0.28146843    0.30288201    0.29884450    0.23939063    0.25074049    0.24504263    0.26383721    0.25232350    0.24803749    0.25408160    0.18274309    0.19686246    0.07818586    0.08954336    0.08273168    0.09859075    0.09642635    0.01415447    0.01414101    0.00000000

