24
T16            0.00000000    0.30976620    0.30641623    0.31653443    0.29978311    0.31514982    0.29121917    0.23039365    0.24213721    0.23889924    0.25051672    0.23863338    0.24482310    0.26173764    0.22262600    0.20752420    0.22361558    0.21496049    0.19533123    0.19375503    0.15125564    0.15879534    0.18714971    0.16452008
T6             0.30976620    0.00000000    0.00602416    0.05859988    0.37790907    0.36237665    0.34759796    0.31022841    0.32045047    0.31653443    0.31946815    0.30352834    0.31653443    0.31808465    0.35434814    0.32095956    0.34456564    0.31995332    0.31222688    0.31802604    0.29449224    0.30065195    0.31899497    0.29449224
T17            0.30641623    0.00602416    0.00000000    0.05639177    0.37412724    0.35871973    0.34399368    0.30686712    0.31701977    0.31313882    0.31606098    0.30021178    0.31313882    0.31471216    0.35065006    0.31751698    0.34097431    0.31653443    0.30887698    0.31459527    0.29121917    0.29734635    0.31559944    0.29121917
T3             0.31653443    0.05859988    0.05639177    0.00000000    0.37540001    0.36475330    0.35612232    0.31118796    0.32148059    0.31751698    0.32045047    0.30444242    0.31751698    0.30887698    0.35568531    0.33256038    0.35919546    0.32791688    0.32686228    0.32606158    0.28556585    0.29493325    0.31313882    0.29870223
T11            0.29978311    0.37790907    0.37412724    0.37540001    0.00000000    0.15309328    0.14102555    0.13550228    0.14574038    0.14552373    0.14274910    0.13261524    0.13279133    0.16558995    0.37567301    0.29978311    0.32834123    0.32339583    0.30224399    0.29691715    0.29364414    0.28113942    0.29649936    0.29364414
T5             0.31514982    0.36237665    0.35871973    0.36475330    0.15309328    0.00000000    0.07186374    0.12778807    0.14039168    0.14019625    0.13495489    0.12746881    0.12268331    0.14456121    0.35983404    0.30266051    0.33132323    0.31267694    0.29531471    0.30308864    0.28999605    0.29778694    0.31022841    0.28039747
T4             0.29121917    0.34759796    0.34399368    0.35612232    0.14102555    0.07186374    0.00000000    0.11645403    0.12893200    0.12872209    0.12103343    0.11365779    0.11138243    0.14059505    0.36014112    0.29209076    0.32045047    0.29870223    0.28473682    0.28925940    0.27315656    0.28971227    0.31459527    0.27633578
T12            0.23039365    0.31022841    0.30686712    0.31118796    0.13550228    0.12778807    0.11645403    0.00000000    0.02236506    0.02234699    0.03066956    0.02440581    0.03705579    0.09698535    0.29833513    0.24639408    0.26961775    0.25555254    0.23679578    0.24673882    0.21728468    0.22623211    0.25483760    0.22303791
T1             0.24213721    0.32045047    0.31701977    0.32148059    0.14574038    0.14039168    0.12893200    0.02236506    0.00000000    0.00805159    0.04559855    0.03488956    0.04783433    0.11138243    0.30171960    0.24942824    0.27276681    0.26488243    0.24573506    0.25592550    0.22593962    0.23506609    0.26410946    0.22593962
T19            0.23889924    0.31653443    0.31313882    0.31751698    0.14552373    0.14019625    0.12872209    0.02234699    0.00805159    0.00000000    0.04554379    0.03485782    0.04776824    0.11122330    0.30118851    0.24908441    0.27238783    0.26449068    0.24542084    0.25555254    0.22565689    0.23474751    0.26373879    0.22565689
T8             0.25051672    0.31946815    0.31606098    0.32045047    0.14274910    0.13495489    0.12103343    0.03066956    0.04559855    0.04554379    0.00000000    0.02648500    0.04338819    0.10624979    0.31782523    0.26410946    0.28796746    0.27355708    0.25416414    0.26449068    0.23709331    0.24337827    0.26648846    0.23709331
T2             0.23863338    0.30352834    0.30021178    0.30444242    0.13261524    0.12746881    0.11365779    0.02440581    0.03488956    0.03485782    0.02648500    0.00000000    0.03697677    0.09910333    0.30066868    0.24273745    0.26578073    0.25178491    0.23330370    0.24305280    0.21963080    0.23149429    0.26028821    0.22249907
T10            0.24482310    0.31653443    0.31313882    0.31751698    0.13279133    0.12268331    0.11138243    0.03705579    0.04783433    0.04776824    0.04338819    0.03697677    0.00000000    0.09922608    0.29781553    0.25212780    0.27554684    0.25827091    0.24243224    0.25248098    0.21988706    0.23179422    0.26063867    0.22276362
T20            0.26173764    0.31808465    0.31471216    0.30887698    0.16558995    0.14456121    0.14059505    0.09698535    0.11138243    0.11122330    0.10624979    0.09910333    0.09922608    0.00000000    0.31034810    0.25688631    0.28039747    0.26236206    0.24723716    0.25721677    0.22750049    0.23414008    0.25994828    0.22750049
T7             0.22262600    0.35434814    0.35065006    0.35568531    0.37567301    0.35983404    0.36014112    0.29833513    0.30171960    0.30118851    0.31782523    0.30066868    0.29781553    0.31034810    0.00000000    0.17200785    0.18517125    0.18458006    0.17094227    0.16957523    0.16582923    0.16029449    0.18350208    0.16051962
T9             0.20752420    0.32095956    0.31751698    0.33256038    0.29978311    0.30266051    0.29209076    0.24639408    0.24942824    0.24908441    0.26410946    0.24273745    0.25212780    0.25688631    0.17200785    0.00000000    0.02236506    0.05200469    0.04120300    0.04349491    0.14456121    0.14439303    0.17225344    0.14711398
T21            0.22361558    0.34456564    0.34097431    0.35919546    0.32834123    0.33132323    0.32045047    0.26961775    0.27276681    0.27238783    0.28796746    0.26578073    0.27554684    0.28039747    0.18517125    0.02236506    0.00000000    0.06735774    0.05626779    0.05867690    0.15929423    0.16433159    0.19302822    0.16715369
T22            0.21496049    0.31995332    0.31653443    0.32791688    0.32339583    0.31267694    0.29870223    0.25555254    0.26488243    0.26449068    0.27355708    0.25178491    0.25827091    0.26236206    0.18458006    0.05200469    0.06735774    0.00000000    0.05189999    0.05426064    0.15966915    0.15653367    0.18484655    0.16715369
T18            0.19533123    0.31222688    0.30887698    0.32686228    0.30224399    0.29531471    0.28473682    0.23679578    0.24573506    0.24542084    0.25416414    0.23330370    0.24243224    0.24723716    0.17094227    0.04120300    0.05626779    0.05189999    0.00000000    0.04338819    0.15155678    0.14632266    0.17414248    0.15412261
T15            0.19375503    0.31802604    0.31459527    0.32606158    0.29691715    0.30308864    0.28925940    0.24673882    0.25592550    0.25555254    0.26449068    0.24305280    0.25248098    0.25721677    0.16957523    0.04349491    0.05867690    0.05426064    0.04338819    0.00000000    0.15505470    0.14456121    0.17246304    0.15505470
T14            0.15125564    0.29449224    0.29121917    0.28556585    0.29364414    0.28999605    0.27315656    0.21728468    0.22593962    0.22565689    0.23709331    0.21963080    0.21988706    0.22750049    0.16582923    0.14456121    0.15929423    0.15966915    0.15155678    0.15505470    0.00000000    0.10103464    0.12459650    0.10548036
T13            0.15879534    0.30065195    0.29734635    0.29493325    0.28113942    0.29778694    0.28971227    0.22623211    0.23506609    0.23474751    0.24337827    0.23149429    0.23179422    0.23414008    0.16029449    0.14439303    0.16433159    0.15653367    0.14632266    0.14456121    0.10103464    0.00000000    0.04334470    0.11251282
T23            0.18714971    0.31899497    0.31559944    0.31313882    0.29649936    0.31022841    0.31459527    0.25483760    0.26410946    0.26373879    0.26648846    0.26028821    0.26063867    0.25994828    0.18350208    0.17225344    0.19302822    0.18484655    0.17414248    0.17246304    0.12459650    0.04334470    0.00000000    0.12193973
T0             0.16452008    0.29449224    0.29121917    0.29870223    0.29364414    0.28039747    0.27633578    0.22303791    0.22593962    0.22565689    0.23709331    0.22249907    0.22276362    0.22750049    0.16051962    0.14711398    0.16715369    0.16715369    0.15412261    0.15505470    0.10548036    0.11251282    0.12193973    0.00000000

