24
T12            0.00000000    0.24968925    0.25311910    0.23732262    0.31652892    0.22064574    0.22064574    0.19093875    0.18795660    0.23531244    0.20336081    0.19573506    0.23142168    0.22297125    0.17182388    0.17164165    0.19345202    0.19597428    0.18274058    0.27822822    0.27156279    0.27156279    0.26844681    0.34979060
T16            0.24968925    0.00000000    0.02442124    0.15152912    0.23936240    0.14405654    0.14405654    0.15443904    0.13903086    0.19069676    0.22908532    0.21545931    0.23796309    0.23466993    0.19622256    0.19597428    0.22187389    0.20208314    0.18593889    0.34418395    0.33669670    0.33669670    0.31708737    0.39827072
T0             0.25311910    0.02442124    0.00000000    0.14658846    0.24130181    0.13666871    0.13666871    0.14691109    0.13170541    0.18545839    0.22646087    0.21288022    0.23531244    0.23202709    0.19093875    0.19069676    0.21637248    0.19674621    0.18072695    0.34468868    0.34418395    0.34418395    0.32429077    0.40665727
T6             0.23732262    0.15152912    0.14658846    0.00000000    0.14765405    0.08528761    0.08528761    0.14470849    0.13946943    0.18868660    0.21259345    0.20490851    0.22646087    0.21804779    0.18003747    0.17982514    0.20435576    0.18795660    0.18025857    0.30211764    0.30171582    0.30171582    0.29519942    0.37154966
T21            0.31652892    0.23936240    0.24130181    0.14765405    0.00000000    0.17065238    0.17065238    0.23072552    0.21864506    0.24397045    0.30102984    0.28585986    0.31361939    0.30051379    0.25870346    0.25826189    0.27053287    0.25826189    0.24665130    0.40493406    0.40420283    0.40420283    0.37960445    0.48630425
T18            0.22064574    0.14405654    0.13666871    0.08528761    0.17065238    0.00000000    0.00000000    0.12760169    0.11764180    0.16245833    0.20208314    0.19730581    0.22447718    0.22187389    0.16468048    0.16448479    0.19954782    0.18545839    0.17778529    0.29924066    0.29883809    0.29883809    0.27646479    0.35146433
T14            0.22064574    0.14405654    0.13666871    0.08528761    0.17065238    0.00000000    0.00000000    0.12760169    0.11764180    0.16245833    0.20208314    0.19730581    0.22447718    0.22187389    0.16468048    0.16448479    0.19954782    0.18545839    0.17778529    0.29924066    0.29883809    0.29883809    0.27646479    0.35146433
T2             0.19093875    0.15443904    0.14691109    0.14470849    0.23072552    0.12760169    0.12760169    0.00000000    0.03705378    0.07879922    0.15722199    0.15784750    0.18729364    0.18481244    0.13727649    0.13711255    0.16531821    0.15242168    0.14726635    0.26603143    0.26568546    0.26568546    0.25953019    0.32936689
T10            0.18795660    0.13903086    0.13170541    0.13946943    0.21864506    0.11764180    0.11764180    0.03705378    0.00000000    0.06066953    0.14929700    0.15242168    0.17065238    0.17089603    0.13211199    0.13196851    0.16245833    0.14708465    0.13695659    0.26879176    0.26844681    0.26844681    0.25073642    0.32894817
T15            0.23531244    0.19069676    0.18545839    0.18868660    0.24397045    0.16245833    0.16245833    0.07879922    0.06066953    0.00000000    0.19093875    0.19730581    0.22289437    0.22325334    0.18072695    0.17509672    0.21379644    0.19702153    0.18593889    0.31931581    0.31884621    0.31884621    0.29883809    0.37674849
T5             0.20336081    0.22908532    0.22646087    0.21259345    0.30102984    0.20208314    0.20208314    0.15722199    0.14929700    0.19093875    0.00000000    0.03919060    0.12035588    0.12050776    0.10813272    0.10802533    0.13727649    0.12225851    0.11764180    0.27960030    0.27614507    0.27614507    0.27614507    0.34489647
T1             0.19573506    0.21545931    0.21288022    0.20490851    0.28585986    0.19730581    0.19730581    0.15784750    0.15242168    0.19730581    0.03919060    0.00000000    0.10863748    0.10878233    0.10850007    0.10837012    0.13276477    0.12266288    0.11805653    0.28384080    0.28029260    0.28029260    0.27713728    0.35238120
T11            0.23142168    0.23796309    0.23531244    0.22646087    0.31361939    0.22447718    0.22447718    0.18729364    0.17065238    0.22289437    0.12035588    0.10863748    0.00000000    0.03280736    0.13476365    0.13460601    0.16267233    0.14726635    0.14470849    0.30541885    0.30500616    0.30500616    0.30500616    0.37621864
T4             0.22297125    0.23466993    0.23202709    0.21804779    0.30051379    0.22187389    0.22187389    0.18481244    0.17089603    0.22325334    0.12050776    0.10878233    0.03280736    0.00000000    0.13242265    0.13226338    0.16289468    0.14489173    0.14234040    0.29678980    0.29637513    0.29637513    0.29311695    0.36677526
T8             0.17182388    0.19622256    0.19093875    0.18003747    0.25870346    0.16468048    0.16468048    0.13727649    0.13211199    0.18072695    0.10813272    0.10850007    0.13476365    0.13242265    0.00000000    0.00805149    0.05213176    0.04977171    0.04123977    0.24393381    0.24368330    0.24368330    0.24368330    0.30181977
T9             0.17164165    0.19597428    0.19069676    0.17982514    0.25826189    0.16448479    0.16448479    0.13711255    0.13196851    0.17509672    0.10802533    0.10837012    0.13460601    0.13226338    0.00805149    0.00000000    0.05206310    0.04972775    0.04120115    0.25258727    0.25232073    0.25232073    0.25232073    0.30473081
T3             0.19345202    0.22187389    0.21637248    0.20435576    0.27053287    0.19954782    0.19954782    0.16531821    0.16245833    0.21379644    0.13727649    0.13276477    0.16267233    0.16289468    0.05213176    0.05206310    0.00000000    0.06073751    0.05206310    0.29678980    0.29637513    0.29637513    0.29067805    0.34625593
T7             0.19597428    0.20208314    0.19674621    0.18795660    0.25826189    0.18545839    0.18545839    0.15242168    0.14708465    0.19702153    0.12225851    0.12266288    0.14726635    0.14489173    0.04977171    0.04972775    0.06073751    0.00000000    0.02862772    0.27960030    0.27927077    0.27927077    0.27366982    0.33454837
T19            0.18274058    0.18593889    0.18072695    0.18025857    0.24665130    0.17778529    0.17778529    0.14726635    0.13695659    0.18593889    0.11764180    0.11805653    0.14470849    0.14234040    0.04123977    0.04120115    0.05206310    0.02862772    0.00000000    0.27400176    0.27366982    0.27366982    0.26195734    0.32854189
T23            0.27822822    0.34418395    0.34468868    0.30211764    0.40493406    0.29924066    0.29924066    0.26603143    0.26879176    0.31931581    0.27960030    0.28384080    0.30541885    0.29678980    0.24393381    0.25258727    0.29678980    0.27960030    0.27400176    0.00000000    0.01623172    0.01623172    0.10651891    0.16797818
T20            0.27156279    0.33669670    0.34418395    0.30171582    0.40420283    0.29883809    0.29883809    0.26568546    0.26844681    0.31884621    0.27614507    0.28029260    0.30500616    0.29637513    0.24368330    0.25232073    0.29637513    0.27927077    0.27366982    0.01623172    0.00000000    0.00000000    0.11120387    0.16775012
T13            0.27156279    0.33669670    0.34418395    0.30171582    0.40420283    0.29883809    0.29883809    0.26568546    0.26844681    0.31884621    0.27614507    0.28029260    0.30500616    0.29637513    0.24368330    0.25232073    0.29637513    0.27927077    0.27366982    0.01623172    0.00000000    0.00000000    0.11120387    0.16775012
T17            0.26844681    0.31708737    0.32429077    0.29519942    0.37960445    0.27646479    0.27646479    0.25953019    0.25073642    0.29883809    0.27614507    0.27713728    0.30500616    0.29311695    0.24368330    0.25232073    0.29067805    0.27366982    0.26195734    0.10651891    0.11120387    0.11120387    0.00000000    0.14436626
T22            0.34979060    0.39827072    0.40665727    0.37154966    0.48630425    0.35146433    0.35146433    0.32936689    0.32894817    0.37674849    0.34489647    0.35238120    0.37621864    0.36677526    0.30181977    0.30473081    0.34625593    0.33454837    0.32854189    0.16797818    0.16775012    0.16775012    0.14436626    0.00000000

