24
T17            0.00000000    0.18195012    0.15380537    0.16189633    0.12459450    0.15465291    0.19279868    0.15745335    0.18375184    0.19960003    0.16940076    0.13198740    0.16351520    0.16871314    0.19006433    0.17892738    0.22658761    0.17661309    0.16921581    0.16397679    0.11500702    0.13879732    0.13655554    0.11961999
T21            0.18195012    0.00000000    0.19532582    0.19855192    0.15653035    0.19050594    0.22537634    0.18847884    0.21264984    0.21934623    0.20596772    0.18573688    0.21677238    0.22249183    0.23708422    0.24242315    0.27903664    0.19532582    0.20296244    0.19786212    0.16451587    0.19554810    0.19554810    0.16414792
T1             0.15380537    0.19532582    0.00000000    0.05846563    0.05846563    0.17782408    0.19808283    0.15725203    0.18029777    0.20213584    0.17986192    0.14438985    0.17946140    0.18484166    0.19855192    0.20364300    0.25021698    0.17679288    0.18234736    0.18505208    0.12951090    0.16381428    0.16414792    0.13643107
T18            0.16189633    0.19855192    0.05846563    0.00000000    0.06511921    0.18101733    0.20926587    0.16028953    0.18076874    0.20271231    0.17760030    0.14986540    0.18527144    0.19074030    0.21036794    0.21551790    0.25322309    0.17986192    0.18278020    0.19098365    0.12485414    0.17738527    0.17513387    0.14932210
T20            0.12459450    0.15653035    0.05846563    0.06511921    0.00000000    0.15006289    0.17717900    0.13028019    0.15766299    0.17338156    0.14949497    0.12037357    0.15428881    0.15947349    0.17535906    0.17760030    0.23064632    0.15687441    0.15705904    0.15966493    0.10599053    0.14423004    0.14201826    0.11753351
T9             0.15465291    0.19050594    0.17782408    0.18101733    0.15006289    0.00000000    0.14423004    0.10653465    0.13549845    0.14294684    0.12979497    0.16582348    0.18549972    0.19098365    0.21643626    0.21007840    0.24810489    0.19652857    0.17805656    0.17313782    0.14255130    0.17224876    0.16778613    0.15725203
T23            0.19279868    0.22537634    0.19808283    0.20926587    0.17717900    0.14423004    0.00000000    0.08732670    0.11282399    0.11294351    0.12227425    0.19074030    0.22249183    0.22827764    0.23708422    0.24841754    0.27591787    0.20040764    0.21134938    0.20620242    0.17738527    0.20574245    0.20340679    0.17661309
T13            0.15745335    0.18847884    0.15725203    0.16028953    0.13028019    0.10653465    0.08732670    0.00000000    0.07205681    0.08575524    0.08540034    0.15331706    0.18349575    0.18899493    0.20873417    0.20241951    0.23413138    0.18029777    0.18052888    0.17559290    0.13549845    0.17290265    0.17069127    0.14491815
T16            0.18375184    0.21264984    0.18029777    0.18076874    0.15766299    0.13549845    0.11282399    0.07205681    0.00000000    0.06089899    0.10611538    0.17907317    0.20186132    0.20751624    0.22194067    0.22422240    0.27553358    0.20133980    0.20780689    0.20271231    0.16582348    0.20496330    0.20271231    0.17022684
T15            0.19960003    0.21934623    0.20213584    0.20271231    0.17338156    0.14294684    0.11294351    0.08575524    0.06089899    0.00000000    0.12299060    0.19263129    0.21870764    0.22454456    0.23642749    0.23274275    0.29447615    0.21810695    0.21902221    0.21385966    0.17363383    0.21612073    0.21385966    0.18349575
T6             0.16940076    0.20596772    0.17986192    0.17760030    0.14949497    0.12979497    0.12227425    0.08540034    0.10611538    0.12299060    0.00000000    0.16735301    0.18527144    0.19074030    0.21036794    0.21210127    0.25812330    0.18947007    0.20952734    0.20440744    0.15188776    0.18234736    0.18007544    0.14900115
T0             0.13198740    0.18573688    0.14438985    0.14986540    0.12037357    0.16582348    0.19074030    0.15331706    0.17907317    0.19263129    0.16735301    0.00000000    0.09450533    0.09922426    0.11822829    0.12994885    0.18714511    0.13933646    0.12485414    0.12514511    0.11349765    0.14455782    0.14236555    0.11536006
T3             0.16351520    0.21677238    0.17946140    0.18527144    0.15428881    0.18549972    0.22249183    0.18349575    0.20186132    0.21870764    0.18527144    0.09450533    0.00000000    0.00401613    0.05450155    0.10587317    0.22966689    0.16596415    0.17204808    0.17245809    0.13697761    0.16414792    0.16189633    0.13643107
T14            0.16871314    0.22249183    0.18484166    0.19074030    0.15947349    0.19098365    0.22827764    0.18899493    0.20751624    0.22454456    0.19074030    0.09922426    0.00401613    0.00000000    0.05894728    0.11065994    0.23255127    0.17117564    0.17738527    0.17782408    0.14201826    0.16940076    0.16714925    0.14142114
T2             0.19006433    0.23708422    0.19855192    0.21036794    0.17535906    0.21643626    0.23708422    0.20873417    0.22194067    0.23642749    0.21036794    0.11822829    0.05450155    0.05894728    0.00000000    0.13244399    0.25624743    0.19258398    0.19932432    0.19988480    0.16007297    0.18823414    0.18873245    0.15929047
T5             0.17892738    0.24242315    0.20364300    0.21551790    0.17760030    0.21007840    0.24841754    0.20241951    0.22422240    0.23274275    0.21210127    0.12994885    0.10587317    0.11065994    0.13244399    0.00000000    0.24915909    0.19490886    0.19050594    0.19098365    0.16940076    0.18734490    0.18505208    0.16351520
T19            0.22658761    0.27903664    0.25021698    0.25322309    0.23064632    0.24810489    0.27591787    0.23413138    0.27553358    0.29447615    0.25812330    0.18714511    0.22966689    0.23255127    0.25624743    0.24915909    0.00000000    0.22394770    0.21089578    0.20340679    0.21417667    0.21891454    0.21653433    0.20255572
T10            0.17661309    0.19532582    0.17679288    0.17986192    0.15687441    0.19652857    0.20040764    0.18029777    0.20133980    0.21810695    0.18947007    0.13933646    0.16596415    0.17117564    0.19258398    0.19490886    0.22394770    0.00000000    0.14393503    0.14646165    0.15411927    0.18158871    0.18195012    0.15352524
T11            0.16921581    0.20296244    0.18234736    0.18278020    0.15705904    0.17805656    0.21134938    0.18052888    0.20780689    0.21902221    0.20952734    0.12485414    0.17204808    0.17738527    0.19932432    0.19050594    0.21089578    0.14393503    0.00000000    0.02444418    0.15206727    0.16887197    0.16921581    0.14885313
T4             0.16397679    0.19786212    0.18505208    0.19098365    0.15966493    0.17313782    0.20620242    0.17559290    0.20271231    0.21385966    0.20440744    0.12514511    0.17245809    0.17782408    0.19988480    0.19098365    0.20340679    0.14646165    0.02444418    0.00000000    0.15245107    0.16921581    0.16959437    0.14915748
T22            0.11500702    0.16451587    0.12951090    0.12485414    0.10599053    0.14255130    0.17738527    0.13549845    0.16582348    0.17363383    0.15188776    0.11349765    0.13697761    0.14201826    0.16007297    0.16940076    0.21417667    0.15411927    0.15206727    0.15245107    0.00000000    0.11065994    0.10851453    0.08079042
T12            0.13879732    0.19554810    0.16381428    0.17738527    0.14423004    0.17224876    0.20574245    0.17290265    0.20496330    0.21612073    0.18234736    0.14455782    0.16414792    0.16940076    0.18823414    0.18734490    0.21891454    0.18158871    0.16887197    0.16921581    0.11065994    0.00000000    0.00804851    0.08732670
T8             0.13655554    0.19554810    0.16414792    0.17513387    0.14201826    0.16778613    0.20340679    0.17069127    0.20271231    0.21385966    0.18007544    0.14236555    0.16189633    0.16714925    0.18873245    0.18505208    0.21653433    0.18195012    0.16921581    0.16959437    0.10851453    0.00804851    0.00000000    0.08519937
T7             0.11961999    0.16414792    0.13643107    0.14932210    0.11753351    0.15725203    0.17661309    0.14491815    0.17022684    0.18349575    0.14900115    0.11536006    0.13643107    0.14142114    0.15929047    0.16351520    0.20255572    0.15352524    0.14885313    0.14915748    0.08079042    0.08732670    0.08519937    0.00000000

