24
T12            0.00000000    0.27980907    0.26554447    0.27213142    0.27288445    0.34234492    0.32979328    0.34505423    0.33461212    0.34061628    0.35511280    0.34477764    0.34175613    0.34117991    0.33517501    0.24148652    0.23847632    0.24648948    0.24380842    0.22758657    0.22758657    0.23813634    0.24488352    0.24719442
T17            0.27980907    0.00000000    0.03914782    0.12905859    0.11953909    0.31575695    0.30612337    0.38324933    0.36873791    0.36748468    0.40478264    0.38719949    0.38401350    0.38332137    0.37699296    0.28940202    0.28940202    0.30459840    0.29507822    0.29647984    0.29647984    0.30459840    0.28332410    0.28658054
T1             0.26554447    0.03914782    0.00000000    0.10777288    0.10322037    0.29336852    0.29377884    0.34505423    0.33107826    0.33705726    0.36499125    0.34840161    0.34536700    0.34477764    0.33517501    0.27175245    0.27175245    0.28658054    0.27729935    0.27863883    0.27863883    0.28658054    0.26899489    0.27132679
T18            0.27213142    0.12905859    0.10777288    0.00000000    0.04982905    0.31530366    0.30902462    0.36513966    0.36938467    0.36810457    0.38719949    0.37384903    0.37453732    0.37384903    0.36007870    0.27132679    0.27132679    0.28940202    0.28008887    0.27910696    0.27910696    0.28703721    0.26460538    0.26697102
T9             0.27288445    0.11953909    0.10322037    0.04982905    0.00000000    0.29705637    0.29336852    0.37374986    0.36692870    0.36562376    0.38332137    0.37523915    0.37210589    0.37140547    0.35765860    0.27863883    0.27863883    0.29696967    0.28750496    0.28007557    0.28007557    0.28798375    0.27175245    0.27409534
T13            0.34234492    0.31575695    0.29336852    0.31530366    0.29705637    0.00000000    0.10362534    0.41061268    0.41604958    0.42269416    0.42105719    0.44057858    0.43717408    0.43626270    0.40864710    0.34117464    0.33755022    0.36518136    0.35832748    0.34312601    0.34312601    0.35900932    0.35154274    0.35765860
T21            0.32979328    0.30612337    0.29377884    0.30902462    0.29336852    0.10362534    0.00000000    0.38650608    0.40619293    0.39653934    0.37947327    0.41358342    0.41029548    0.40946396    0.37523915    0.32741867    0.32388437    0.34721109    0.33693788    0.32567575    0.32567575    0.34117464    0.34614134    0.35220924
T15            0.34505423    0.38324933    0.34505423    0.36513966    0.37374986    0.41061268    0.38650608    0.00000000    0.07813879    0.08483116    0.10558070    0.08274719    0.08054049    0.08503699    0.08503699    0.31669956    0.31329875    0.31963467    0.32258173    0.30459840    0.30459840    0.31622226    0.34900431    0.35144884
T3             0.33461212    0.36873791    0.33107826    0.36938467    0.36692870    0.41604958    0.40619293    0.07813879    0.00000000    0.02444510    0.06932658    0.06061733    0.05847073    0.06061733    0.06520503    0.30999326    0.30658031    0.31185555    0.31580500    0.29798321    0.29798321    0.30946869    0.34246312    0.34482569
T5             0.34061628    0.36748468    0.33705726    0.36810457    0.36562376    0.42269416    0.39653934    0.08483116    0.02444510    0.00000000    0.08046788    0.06938770    0.06721748    0.07163109    0.07404850    0.32274993    0.31926534    0.32461041    0.32865695    0.30710467    0.30710467    0.31872833    0.35594255    0.35832748
T2             0.35511280    0.40478264    0.36499125    0.38719949    0.38332137    0.42105719    0.37947327    0.10558070    0.06932658    0.08046788    0.00000000    0.09440816    0.09217663    0.09440816    0.08995233    0.33933525    0.33575027    0.34117991    0.34536700    0.31634174    0.31634174    0.32810705    0.37742579    0.37983314
T23            0.34477764    0.38719949    0.34840161    0.37384903    0.37523915    0.44057858    0.41358342    0.08274719    0.06061733    0.06938770    0.09440816    0.00000000    0.00200301    0.01007299    0.03924964    0.31289334    0.30946869    0.32166343    0.31872833    0.30083765    0.30083765    0.31236858    0.34916905    0.35154274
T11            0.34175613    0.38401350    0.34536700    0.37453732    0.37210589    0.43717408    0.41029548    0.08054049    0.05847073    0.06721748    0.09217663    0.00200301    0.00000000    0.00805170    0.03716354    0.31342981    0.30999326    0.32220069    0.31926534    0.30136157    0.30136157    0.31289334    0.34984698    0.35220924
T0             0.34117991    0.38332137    0.34477764    0.37384903    0.37140547    0.43626270    0.40946396    0.08503699    0.06061733    0.07163109    0.09440816    0.01007299    0.00805170    0.00000000    0.04140104    0.31981424    0.31634174    0.32865695    0.32569747    0.30764056    0.30764056    0.31926534    0.34916905    0.35154274
T6             0.33517501    0.37699296    0.33517501    0.36007870    0.35765860    0.40864710    0.37523915    0.08503699    0.06520503    0.07404850    0.08995233    0.03924964    0.03716354    0.04140104    0.00000000    0.31052945    0.30710467    0.31926534    0.31634174    0.29850688    0.29850688    0.30999326    0.33946127    0.34181266
T16            0.24148652    0.28940202    0.27175245    0.27132679    0.27863883    0.34117464    0.32741867    0.31669956    0.30999326    0.32274993    0.33933525    0.31289334    0.31342981    0.31981424    0.31052945    0.00000000    0.00200403    0.02866797    0.02242112    0.04783856    0.04783856    0.05633091    0.15313441    0.15052631
T20            0.23847632    0.28940202    0.27175245    0.27132679    0.27863883    0.33755022    0.32388437    0.31329875    0.30658031    0.31926534    0.33575027    0.30946869    0.30999326    0.31634174    0.30710467    0.00200403    0.00000000    0.02656658    0.02034168    0.04566365    0.04566365    0.05413692    0.15052631    0.14793182
T19            0.24648948    0.30459840    0.28658054    0.28940202    0.29696967    0.36518136    0.34721109    0.31963467    0.31185555    0.32461041    0.34117991    0.32166343    0.32220069    0.32865695    0.31926534    0.02866797    0.02656658    0.00000000    0.01006778    0.05860535    0.05860535    0.06721748    0.16563614    0.16297937
T4             0.24380842    0.29507822    0.27729935    0.28008887    0.28750496    0.35832748    0.33693788    0.32258173    0.31580500    0.32865695    0.34536700    0.31872833    0.31926534    0.32569747    0.31634174    0.02242112    0.02034168    0.01006778    0.00000000    0.05207144    0.05207144    0.06061733    0.15792773    0.15530595
T22            0.22758657    0.29647984    0.27863883    0.27910696    0.28007557    0.34312601    0.32567575    0.30459840    0.29798321    0.30710467    0.31634174    0.30083765    0.30136157    0.30764056    0.29850688    0.04783856    0.04566365    0.05860535    0.05207144    0.00000000    0.00000000    0.01413405    0.13828167    0.13573362
T7             0.22758657    0.29647984    0.27863883    0.27910696    0.28007557    0.34312601    0.32567575    0.30459840    0.29798321    0.30710467    0.31634174    0.30083765    0.30136157    0.30764056    0.29850688    0.04783856    0.04566365    0.05860535    0.05207144    0.00000000    0.00000000    0.01413405    0.13828167    0.13573362
T8             0.23813634    0.30459840    0.28658054    0.28703721    0.28798375    0.35900932    0.34117464    0.31622226    0.30946869    0.31872833    0.32810705    0.31236858    0.31289334    0.31926534    0.30999326    0.05633091    0.05413692    0.06721748    0.06061733    0.01413405    0.01413405    0.00000000    0.14514882    0.14258779
T10            0.24488352    0.28332410    0.26899489    0.26460538    0.27175245    0.35154274    0.34614134    0.34900431    0.34246312    0.35594255    0.37742579    0.34916905    0.34984698    0.34916905    0.33946127    0.15313441    0.15052631    0.16563614    0.15792773    0.13828167    0.13828167    0.14514882    0.00000000    0.00804855
T14            0.24719442    0.28658054    0.27132679    0.26697102    0.27409534    0.35765860    0.35220924    0.35144884    0.34482569    0.35832748    0.37983314    0.35154274    0.35220924    0.35154274    0.34181266    0.15052631    0.14793182    0.16297937    0.15530595    0.13573362    0.13573362    0.14258779    0.00804855    0.00000000

