24
T9             0.00000000    0.28754261    0.29645025    0.27065788    0.27226242    0.27534294    0.26236376    0.26236376    0.25869686    0.26511772    0.24213867    0.21678035    0.20902133    0.17186104    0.16452050    0.16715406    0.17760581    0.20526295    0.15172039    0.15125659    0.18777762    0.20276114    0.19259020    0.17167770
T18            0.28754261    0.00000000    0.04120306    0.09410493    0.18505793    0.18505793    0.15788557    0.16582873    0.15485169    0.39466279    0.36696746    0.32272296    0.29745673    0.29936728    0.28755992    0.28755992    0.30021243    0.31361261    0.27833855    0.25930193    0.29569992    0.33294354    0.33132468    0.28603986
T21            0.29645025    0.04120306    0.00000000    0.10094390    0.19007042    0.19007042    0.16271124    0.17069670    0.16492273    0.40894246    0.38442804    0.33551941    0.30977970    0.30931666    0.29734680    0.29734680    0.30686750    0.32390457    0.29039352    0.27098225    0.31136424    0.33897331    0.33732628    0.29896199
T7             0.27065788    0.09410493    0.10094390    0.00000000    0.16535887    0.16535887    0.14316058    0.14573983    0.13765625    0.36804887    0.34842972    0.29609446    0.28114048    0.27674628    0.26528409    0.26528409    0.28318675    0.30302303    0.26488212    0.24842848    0.28838716    0.31946866    0.31459466    0.26613025
T23            0.27226242    0.18505793    0.19007042    0.16535887    0.00000000    0.00804441    0.10826277    0.11066200    0.10329778    0.37378711    0.35045779    0.30395942    0.27937054    0.25625880    0.24811569    0.25113129    0.26373932    0.28838716    0.26373932    0.25051848    0.29449249    0.30887829    0.30732967    0.26820799
T10            0.27534294    0.18505793    0.19007042    0.16535887    0.00804441    0.00000000    0.10826277    0.11066200    0.10329778    0.36644708    0.34337808    0.29745673    0.27313216    0.26236376    0.25416525    0.25721778    0.26373932    0.28838716    0.26373932    0.25051848    0.29449249    0.30887829    0.30732967    0.26820799
T16            0.26236376    0.15788557    0.16271124    0.14316058    0.10826277    0.10826277    0.00000000    0.01010167    0.05213609    0.33830553    0.32289914    0.28114048    0.25721778    0.26528409    0.25399520    0.25710509    0.26929877    0.27571881    0.24515575    0.22915979    0.26175282    0.30065226    0.29917603    0.25555255
T14            0.26236376    0.16582873    0.17069670    0.14573983    0.11066200    0.11066200    0.01010167    0.00000000    0.05433447    0.34183296    0.32289914    0.28114048    0.25721778    0.26528409    0.25399520    0.25710509    0.26929877    0.28222262    0.24515575    0.22915979    0.26175282    0.30397978    0.29917603    0.25555255
T2             0.25869686    0.15485169    0.16492273    0.13765625    0.10329778    0.10329778    0.05213609    0.05433447    0.00000000    0.34082885    0.32194201    0.28357809    0.25962041    0.25519018    0.24405939    0.24709350    0.26214492    0.27482201    0.22653456    0.22276464    0.25790955    0.29650048    0.29164942    0.23975878
T5             0.26511772    0.39466279    0.40894246    0.36804887    0.37378711    0.36644708    0.33830553    0.34183296    0.34082885    0.00000000    0.11042686    0.17513927    0.17584111    0.28318675    0.26844317    0.27804231    0.28083022    0.29966168    0.24405939    0.24006492    0.24842848    0.30021243    0.27912550    0.25212819
T4             0.24213867    0.36696746    0.38442804    0.34842972    0.35045779    0.34337808    0.32289914    0.32289914    0.32194201    0.11042686    0.00000000    0.14456141    0.14255498    0.25941808    0.24515575    0.24821791    0.26974236    0.29497140    0.23046077    0.22947042    0.25902538    0.28556585    0.26803118    0.22423172
T8             0.21678035    0.32272296    0.33551941    0.29609446    0.30395942    0.29745673    0.28114048    0.28114048    0.28357809    0.17513927    0.14456141    0.00000000    0.03289545    0.21098341    0.19766152    0.20048934    0.22557850    0.24287442    0.20018632    0.18550576    0.21582319    0.23242367    0.22653456    0.19602687
T15            0.20902133    0.29745673    0.30977970    0.28114048    0.27937054    0.27313216    0.25721778    0.25721778    0.25962041    0.17584111    0.14255498    0.03289545    0.00000000    0.20333330    0.19014042    0.19294445    0.20907035    0.22593905    0.18429682    0.17001254    0.19960740    0.22162675    0.21582319    0.18574304
T17            0.17186104    0.29936728    0.30931666    0.27674628    0.25625880    0.26236376    0.26528409    0.26528409    0.25519018    0.28318675    0.25941808    0.21098341    0.20333330    0.00000000    0.01824827    0.02447301    0.08123598    0.11190389    0.12068927    0.11320765    0.15526572    0.16959929    0.15465708    0.13478838
T13            0.16452050    0.28755992    0.29734680    0.26528409    0.24811569    0.25416525    0.25399520    0.25399520    0.24405939    0.26844317    0.24515575    0.19766152    0.19014042    0.01824827    0.00000000    0.00603640    0.07674371    0.10719963    0.11873953    0.10638954    0.14295071    0.15706330    0.14492191    0.12530507
T0             0.16715406    0.28755992    0.29734680    0.26528409    0.25113129    0.25721778    0.25710509    0.25710509    0.24709350    0.27804231    0.24821791    0.20048934    0.19294445    0.02447301    0.00603640    0.00000000    0.08369126    0.11455727    0.12620718    0.11365752    0.15070863    0.16492273    0.15265958    0.13279114
T20            0.17760581    0.30021243    0.30686750    0.28318675    0.26373932    0.26373932    0.26929877    0.26929877    0.26214492    0.28083022    0.26974236    0.22557850    0.20907035    0.08123598    0.07674371    0.08369126    0.00000000    0.04355800    0.12851932    0.11807648    0.15048663    0.17536457    0.16293490    0.14316058
T3             0.20526295    0.31361261    0.32390457    0.30302303    0.28838716    0.28838716    0.27571881    0.28222262    0.27482201    0.29966168    0.29497140    0.24287442    0.22593905    0.11190389    0.10719963    0.11455727    0.04355800    0.00000000    0.15644450    0.14531478    0.17390053    0.20526295    0.18678057    0.17172790
T6             0.15172039    0.27833855    0.29039352    0.26488212    0.26373932    0.26373932    0.24515575    0.24515575    0.22653456    0.24405939    0.23046077    0.20018632    0.18429682    0.12068927    0.11873953    0.12620718    0.12851932    0.15644450    0.00000000    0.03697681    0.10895357    0.12995178    0.11578447    0.11807648
T22            0.15125659    0.25930193    0.27098225    0.24842848    0.25051848    0.25051848    0.22915979    0.22915979    0.22276464    0.24006492    0.22947042    0.18550576    0.17001254    0.11320765    0.10638954    0.11365752    0.11807648    0.14531478    0.03697681    0.00000000    0.09195930    0.11972839    0.10339446    0.10566283
T11            0.18777762    0.29569992    0.31136424    0.28838716    0.29449249    0.29449249    0.26175282    0.26175282    0.25790955    0.24842848    0.25902538    0.21582319    0.19960740    0.15526572    0.14295071    0.15070863    0.15048663    0.17390053    0.10895357    0.09195930    0.00000000    0.14236915    0.12547007    0.14986940
T1             0.20276114    0.33294354    0.33897331    0.31946866    0.30887829    0.30887829    0.30065226    0.30397978    0.29650048    0.30021243    0.28556585    0.23242367    0.22162675    0.16959929    0.15706330    0.16492273    0.17536457    0.20526295    0.12995178    0.11972839    0.14236915    0.00000000    0.03694711    0.17471475
T19            0.19259020    0.33132468    0.33732628    0.31459466    0.30732967    0.30732967    0.29917603    0.29917603    0.29164942    0.27912550    0.26803118    0.22653456    0.21582319    0.15465708    0.14492191    0.15265958    0.16293490    0.18678057    0.11578447    0.10339446    0.12547007    0.03694711    0.00000000    0.14677318
T12            0.17167770    0.28603986    0.29896199    0.26613025    0.26820799    0.26820799    0.25555255    0.25555255    0.23975878    0.25212819    0.22423172    0.19602687    0.18574304    0.13478838    0.12530507    0.13279114    0.14316058    0.17172790    0.11807648    0.10566283    0.14986940    0.17471475    0.14677318    0.00000000

