24
T7             0.00000000    0.31615193    0.31079356    0.38058324    0.37304028    0.38058324    0.38759271    0.35828890    0.29087558    0.30317059    0.31817262    0.30896056    0.34299900    0.31908679    0.23308609    0.25020500    0.29593430    0.26034617    0.24516554    0.24516554    0.21188456    0.25027427    0.20930888    0.21421919
T21            0.31615193    0.00000000    0.03280969    0.27723018    0.27074184    0.27397543    0.28890339    0.26345527    0.19378786    0.22983903    0.24109632    0.22689267    0.24521546    0.21527863    0.32400598    0.33870880    0.36993170    0.31419213    0.30650083    0.30650083    0.28933935    0.32892441    0.28240838    0.29087558
T18            0.31079356    0.03280969    0.00000000    0.26389094    0.25758759    0.26072929    0.26981898    0.25136308    0.17539146    0.21041654    0.22135735    0.20756299    0.21940236    0.19077693    0.30165343    0.31212103    0.37198459    0.29217145    0.29129628    0.29129628    0.26809986    0.30650083    0.26143340    0.26968191
T4             0.38058324    0.27723018    0.26389094    0.00000000    0.01420069    0.01420069    0.04146476    0.06528755    0.22199725    0.26303001    0.26937335    0.24216990    0.26030367    0.24447114    0.37175659    0.37269562    0.41507676    0.38638605    0.35631800    0.35631800    0.32054844    0.36193596    0.32004920    0.32203361
T15            0.37304028    0.27074184    0.25758759    0.01420069    0.00000000    0.00806500    0.03930886    0.05860294    0.21617321    0.25988841    0.26619157    0.23914286    0.25096689    0.24447114    0.36056831    0.36129235    0.41920854    0.37869702    0.34907650    0.34907650    0.31711476    0.35828890    0.31662737    0.31862367
T12            0.38058324    0.27397543    0.26072929    0.01420069    0.00806500    0.00000000    0.03930886    0.06304936    0.22493503    0.26619157    0.27257560    0.24521546    0.25717191    0.25058086    0.36799915    0.36886542    0.42757646    0.38638605    0.34907650    0.34907650    0.32400598    0.36560994    0.32349472    0.32546708
T11            0.38759271    0.28890339    0.26981898    0.04146476    0.03930886    0.03930886    0.00000000    0.06074573    0.22460161    0.25948350    0.26261517    0.23878423    0.27257560    0.25637141    0.38252669    0.36438273    0.43094019    0.37805010    0.35575501    0.35575501    0.33397674    0.36873373    0.32645299    0.32843779
T23            0.35828890    0.26345527    0.25136308    0.06528755    0.05860294    0.06304936    0.06074573    0.00000000    0.21041654    0.25058086    0.25676651    0.23314345    0.26116522    0.24447114    0.36056831    0.36129235    0.40288332    0.35997865    0.33490213    0.33490213    0.31031765    0.34396220    0.30317059    0.30521283
T9             0.29087558    0.19378786    0.17539146    0.22199725    0.21617321    0.22493503    0.22460161    0.21041654    0.00000000    0.07622841    0.08309727    0.07186830    0.10414226    0.07186830    0.28521973    0.29506602    0.32913105    0.29129628    0.26583991    0.26583991    0.25253861    0.28684569    0.24310343    0.24816485
T20            0.30317059    0.22983903    0.21041654    0.26303001    0.25988841    0.26619157    0.25948350    0.25058086    0.07622841    0.00000000    0.01617912    0.05190186    0.14021434    0.10852675    0.32696425    0.33807420    0.36681635    0.31956198    0.29944359    0.29944359    0.29217145    0.32843779    0.28199712    0.28082971
T2             0.31817262    0.24109632    0.22135735    0.26937335    0.26619157    0.27257560    0.26261517    0.25676651    0.08309727    0.01617912    0.00000000    0.05627014    0.14533501    0.11579667    0.33397674    0.34537022    0.38072014    0.33240592    0.31187308    0.31187308    0.30453000    0.34142785    0.29414038    0.29291421
T0             0.30896056    0.22689267    0.20756299    0.24216990    0.23914286    0.24521546    0.23878423    0.23314345    0.07186830    0.05190186    0.05627014    0.00000000    0.13551998    0.10640019    0.31322891    0.32379542    0.34951872    0.31615193    0.28968137    0.28968137    0.28240838    0.31479741    0.27245263    0.27137628
T3             0.34299900    0.24521546    0.21940236    0.26030367    0.25096689    0.25717191    0.27257560    0.26116522    0.10414226    0.14021434    0.14533501    0.13551998    0.00000000    0.08511609    0.31615193    0.31973015    0.35997049    0.32250851    0.30563042    0.30563042    0.29501469    0.31773367    0.28480907    0.29006811
T13            0.31908679    0.21527863    0.19077693    0.24447114    0.24447114    0.25058086    0.25637141    0.24447114    0.07186830    0.10852675    0.11579667    0.10640019    0.08511609    0.00000000    0.29006811    0.29309156    0.33045815    0.29616819    0.27382485    0.27382485    0.25727278    0.28930600    0.24786088    0.25299165
T10            0.23308609    0.32400598    0.30165343    0.37175659    0.36056831    0.36799915    0.38252669    0.36056831    0.28521973    0.32696425    0.33397674    0.31322891    0.31615193    0.29006811    0.00000000    0.06090343    0.13786322    0.11595325    0.10361879    0.10124750    0.07178130    0.10095041    0.07395970    0.08053703
T19            0.25020500    0.33870880    0.31212103    0.37269562    0.36129235    0.36886542    0.36438273    0.36129235    0.29506602    0.33807420    0.34537022    0.32379542    0.31973015    0.29309156    0.06090343    0.00000000    0.16690035    0.12895059    0.12602817    0.12353192    0.09328272    0.11840641    0.09074714    0.09741234
T8             0.29593430    0.36993170    0.37198459    0.41507676    0.41920854    0.42757646    0.43094019    0.40288332    0.32913105    0.36681635    0.38072014    0.34951872    0.35997049    0.33045815    0.13786322    0.16690035    0.00000000    0.13299211    0.11295541    0.11054979    0.12334930    0.15467705    0.13318456    0.14021434
T1             0.26034617    0.31419213    0.29217145    0.38638605    0.37869702    0.38638605    0.37805010    0.35997865    0.29129628    0.31956198    0.33240592    0.31615193    0.32250851    0.29616819    0.11595325    0.12895059    0.13299211    0.00000000    0.06056040    0.05836184    0.09031475    0.12269588    0.08784690    0.09451453
T22            0.24516554    0.30650083    0.29129628    0.35631800    0.34907650    0.34907650    0.35575501    0.33490213    0.26583991    0.29944359    0.31187308    0.28968137    0.30563042    0.27382485    0.10361879    0.12602817    0.11295541    0.06056040    0.00000000    0.00200403    0.07622841    0.11032890    0.07388156    0.07833751
T16            0.24516554    0.30650083    0.29129628    0.35631800    0.34907650    0.34907650    0.35575501    0.33490213    0.26583991    0.29944359    0.31187308    0.28968137    0.30563042    0.27382485    0.10124750    0.12353192    0.11054979    0.05836184    0.00200403    0.00000000    0.07395970    0.10794637    0.07162827    0.07606885
T5             0.21188456    0.28933935    0.26809986    0.32054844    0.31711476    0.32400598    0.33397674    0.31031765    0.25253861    0.29217145    0.30453000    0.28240838    0.29501469    0.25727278    0.07178130    0.09328272    0.12334930    0.09031475    0.07622841    0.07395970    0.00000000    0.06492900    0.03919434    0.04549717
T17            0.25027427    0.32892441    0.30650083    0.36193596    0.35828890    0.36560994    0.36873373    0.34396220    0.28684569    0.32843779    0.34142785    0.31479741    0.31773367    0.28930600    0.10095041    0.11840641    0.15467705    0.12269588    0.11032890    0.10794637    0.06492900    0.00000000    0.06266982    0.06927038
T6             0.20930888    0.28240838    0.26143340    0.32004920    0.31662737    0.32349472    0.32645299    0.30317059    0.24310343    0.28199712    0.29414038    0.27245263    0.28480907    0.24786088    0.07395970    0.09074714    0.13318456    0.08784690    0.07388156    0.07162827    0.03919434    0.06266982    0.00000000    0.01210033
T14            0.21421919    0.29087558    0.26968191    0.32203361    0.31862367    0.32546708    0.32843779    0.30521283    0.24816485    0.28082971    0.29291421    0.27137628    0.29006811    0.25299165    0.08053703    0.09741234    0.14021434    0.09451453    0.07833751    0.07606885    0.04549717    0.06927038    0.01210033    0.00000000

