24
T21            0.00000000    0.21752575    0.22853826    0.20721674    0.21064663    0.21352222    0.23077445    0.21707224    0.23869350    0.23535995    0.25047908    0.29116670    0.25244157    0.26209998    0.28672977    0.25626520    0.24741839    0.26406657    0.23271860    0.22975777    0.14948628    0.17044200    0.18427376    0.14985591
T22            0.21752575    0.00000000    0.02648476    0.09898265    0.08982745    0.08982745    0.18100263    0.17853298    0.18299616    0.18821968    0.21868639    0.26209998    0.19531210    0.21182400    0.25291130    0.20808675    0.22224976    0.22068545    0.19072573    0.20132370    0.18733246    0.19553386    0.20977995    0.17132326
T14            0.22853826    0.02648476    0.00000000    0.10349310    0.09215907    0.09215907    0.17879092    0.17633103    0.18622230    0.19148101    0.21932359    0.26291312    0.19806849    0.21466673    0.25592558    0.21095409    0.22519319    0.22943827    0.19904116    0.20977995    0.19278506    0.19829790    0.21549813    0.17660280
T17            0.20721674    0.09898265    0.10349310    0.00000000    0.06304303    0.06304303    0.17933260    0.17687485    0.18675730    0.19482422    0.21416309    0.24741839    0.19072573    0.19878426    0.24508500    0.20299444    0.21999845    0.21838198    0.19122031    0.19677935    0.17244618    0.17781102    0.19734086    0.16450554
T16            0.21064663    0.08982745    0.09215907    0.06304303    0.00000000    0.01210955    0.17227128    0.16983968    0.17687485    0.18484579    0.20395248    0.25519052    0.17534609    0.18871689    0.24034681    0.19857137    0.20972052    0.20808675    0.18400077    0.18952914    0.18100263    0.17828366    0.19511944    0.16227382
T20            0.21352222    0.08982745    0.09215907    0.06304303    0.01210955    0.00000000    0.16684785    0.16443092    0.17414839    0.18208158    0.20395248    0.25519052    0.18075457    0.19426052    0.24635755    0.19573652    0.20682817    0.20523579    0.18125938    0.18675730    0.18100263    0.17828366    0.19793826    0.16227382
T3             0.23077445    0.18100263    0.17879092    0.17933260    0.17227128    0.16684785    0.00000000    0.02238914    0.06952140    0.07395241    0.13278000    0.18373649    0.19148101    0.20523579    0.24904769    0.20330475    0.21519393    0.19426052    0.17557943    0.18100263    0.17804300    0.19734086    0.20330475    0.16999561
T13            0.21707224    0.17853298    0.17633103    0.17687485    0.16983968    0.16443092    0.02238914    0.00000000    0.06960274    0.07403703    0.12546015    0.18400077    0.17804300    0.19148101    0.23440760    0.19231646    0.20972052    0.18348095    0.16248012    0.16777390    0.16534172    0.18703794    0.19511944    0.15744281
T18            0.23869350    0.18299616    0.18622230    0.18675730    0.17687485    0.17414839    0.06952140    0.06960274    0.00000000    0.03485732    0.13477799    0.17758774    0.18525811    0.19878426    0.24210663    0.20808675    0.22888145    0.19904116    0.17758774    0.18299616    0.18276696    0.20211797    0.21095409    0.16675744
T15            0.23535995    0.18821968    0.19148101    0.19482422    0.18484579    0.18208158    0.07395241    0.07403703    0.03485732    0.00000000    0.14728404    0.18006279    0.19600480    0.21263085    0.25685026    0.22519319    0.24363266    0.20157928    0.18548587    0.19096854    0.18525811    0.20466277    0.20778752    0.17449937
T9             0.25047908    0.21868639    0.21932359    0.21416309    0.20395248    0.20395248    0.13278000    0.12546015    0.13477799    0.14728404    0.00000000    0.13296338    0.20157928    0.20466277    0.25991081    0.22519319    0.25606714    0.23640085    0.21641447    0.21932359    0.19625393    0.20808675    0.21932359    0.18525811
T4             0.29116670    0.26209998    0.26291312    0.24741839    0.25519052    0.25519052    0.18373649    0.18400077    0.17758774    0.18006279    0.13296338    0.00000000    0.26369724    0.27272184    0.32097264    0.28683555    0.30060206    0.28920405    0.26758402    0.27074147    0.26406657    0.26798429    0.29011760    0.25786928
T0             0.25244157    0.19531210    0.19806849    0.19072573    0.17534609    0.18075457    0.19148101    0.17804300    0.18525811    0.19600480    0.20157928    0.26369724    0.00000000    0.06296308    0.10575950    0.20412656    0.22159548    0.19489615    0.17412836    0.17945015    0.19278506    0.18733246    0.21549813    0.17395605
T11            0.26209998    0.21182400    0.21466673    0.19878426    0.18871689    0.19426052    0.20523579    0.19148101    0.19878426    0.21263085    0.20466277    0.27272184    0.06296308    0.00000000    0.09898265    0.21291862    0.23376192    0.21700270    0.19278506    0.19829790    0.20132370    0.19576477    0.22452162    0.17945015
T19            0.28672977    0.25291130    0.25592558    0.24508500    0.24034681    0.24635755    0.24904769    0.23440760    0.24210663    0.25685026    0.25991081    0.32097264    0.10575950    0.09898265    0.00000000    0.26095830    0.27711695    0.25291130    0.23620270    0.23620270    0.23887096    0.23301899    0.26644669    0.21306119
T1             0.25626520    0.20808675    0.21095409    0.20299444    0.19857137    0.19573652    0.20330475    0.19231646    0.20808675    0.22519319    0.22519319    0.28683555    0.20412656    0.21291862    0.26095830    0.00000000    0.05662560    0.14948628    0.11792173    0.12498966    0.20439005    0.21868639    0.21900027    0.18233510
T6             0.24741839    0.22224976    0.22519319    0.21999845    0.20972052    0.20682817    0.21519393    0.20972052    0.22888145    0.24363266    0.25606714    0.30060206    0.22159548    0.23376192    0.27711695    0.05662560    0.00000000    0.16269483    0.13044975    0.14018360    0.20749751    0.23077445    0.23113267    0.19348217
T2             0.26406657    0.22068545    0.22943827    0.21838198    0.20808675    0.20523579    0.19426052    0.18348095    0.19904116    0.20157928    0.23640085    0.28920405    0.19489615    0.21700270    0.25291130    0.14948628    0.16269483    0.00000000    0.05835825    0.06709152    0.20899737    0.21752575    0.23239032    0.18694289
T12            0.23271860    0.19072573    0.19904116    0.19122031    0.18400077    0.18125938    0.17557943    0.16248012    0.17758774    0.18548587    0.21641447    0.26758402    0.17412836    0.19278506    0.23620270    0.11792173    0.13044975    0.05835825    0.00000000    0.00804438    0.18233510    0.19049190    0.19625393    0.16121379
T23            0.22975777    0.20132370    0.20977995    0.19677935    0.18952914    0.18675730    0.18100263    0.16777390    0.18299616    0.19096854    0.21932359    0.27074147    0.17945015    0.19829790    0.23620270    0.12498966    0.14018360    0.06709152    0.00804438    0.00000000    0.18775813    0.19600480    0.19904116    0.16380558
T5             0.14948628    0.18733246    0.19278506    0.17244618    0.18100263    0.18100263    0.17804300    0.16534172    0.18276696    0.18525811    0.19625393    0.26406657    0.19278506    0.20132370    0.23887096    0.20439005    0.20749751    0.20899737    0.18233510    0.18775813    0.00000000    0.10825644    0.13511807    0.09410070
T7             0.17044200    0.19553386    0.19829790    0.17781102    0.17828366    0.17828366    0.19734086    0.18703794    0.20211797    0.20466277    0.20808675    0.26798429    0.18733246    0.19576477    0.23301899    0.21868639    0.23077445    0.21752575    0.19049190    0.19600480    0.10825644    0.00000000    0.13764441    0.10349310
T10            0.18427376    0.20977995    0.21549813    0.19734086    0.19511944    0.19793826    0.20330475    0.19511944    0.21095409    0.20778752    0.21932359    0.29011760    0.21549813    0.22452162    0.26644669    0.21900027    0.23113267    0.23239032    0.19625393    0.19904116    0.13511807    0.13764441    0.00000000    0.07195393
T8             0.14985591    0.17132326    0.17660280    0.16450554    0.16227382    0.16227382    0.16999561    0.15744281    0.16675744    0.17449937    0.18525811    0.25786928    0.17395605    0.17945015    0.21306119    0.18233510    0.19348217    0.18694289    0.16121379    0.16380558    0.09410070    0.10349310    0.07195393    0.00000000

