24
T15            0.00000000    0.26795250    0.26022323    0.24936469    0.24268237    0.24299583    0.28309834    0.26795250    0.27070949    0.23912590    0.27124938    0.27716918    0.26954510    0.27159371    0.28144797    0.28829961    0.27864744    0.28506145    0.27945203    0.21155817    0.21724226    0.24000937    0.28309834    0.28353822
T1             0.26795250    0.00000000    0.16469158    0.14437455    0.14154502    0.14168957    0.18027204    0.18074097    0.16754231    0.16469158    0.18212126    0.18275430    0.16733092    0.18005069    0.18620747    0.18870197    0.19876897    0.17556651    0.18050214    0.22973548    0.23567305    0.26561640    0.29770505    0.29719955
T19            0.26022323    0.16469158    0.00000000    0.13932275    0.13903818    0.13917641    0.16169655    0.16998428    0.15704007    0.15364675    0.18752847    0.17963437    0.16206612    0.17736164    0.17757572    0.18870197    0.18502700    0.18050214    0.17020274    0.24168208    0.25083340    0.27517643    0.30788198    0.31188416
T6             0.24936469    0.14437455    0.13932275    0.00000000    0.02236466    0.02238893    0.08099241    0.08330225    0.07444214    0.09195205    0.10802972    0.15351159    0.14154502    0.15635511    0.15909842    0.15668080    0.17165307    0.16674793    0.15927220    0.22222716    0.22516972    0.24319879    0.28540633    0.28921389
T22            0.24268237    0.14154502    0.13903818    0.02236466    0.00000000    0.01210022    0.07395043    0.08078518    0.06743632    0.08946769    0.11499878    0.14572731    0.13878614    0.15862798    0.15877629    0.15379035    0.17131445    0.16379732    0.15635511    0.22449960    0.22744214    0.24547108    0.28119122    0.28492304
T5             0.24299583    0.14168957    0.13917641    0.02238893    0.01210022    0.00000000    0.07859135    0.08550497    0.07205172    0.08954596    0.11510825    0.14582644    0.13890808    0.15877629    0.16152449    0.15394238    0.17147938    0.16395906    0.15138418    0.22482990    0.22778115    0.24586455    0.28165299    0.28540633
T13            0.28309834    0.18027204    0.16169655    0.08099241    0.07395043    0.07859135    0.00000000    0.06081385    0.05194673    0.11281531    0.14437455    0.17626177    0.16136095    0.18732062    0.18212126    0.17963437    0.20059855    0.18732062    0.17695974    0.25702879    0.26330200    0.27933871    0.33122661    0.33544092
T21            0.26795250    0.18074097    0.16998428    0.08330225    0.08078518    0.08550497    0.06081385    0.00000000    0.06296148    0.10825226    0.13963965    0.17925341    0.16169655    0.18502700    0.17448881    0.18275430    0.20106249    0.19047849    0.17736164    0.24242069    0.24854021    0.27056908    0.31132091    0.31535899
T17            0.27070949    0.16754231    0.15704007    0.07444214    0.06743632    0.07205172    0.05194673    0.06296148    0.00000000    0.10598205    0.12978229    0.16105955    0.14644765    0.16919618    0.16412938    0.16169655    0.18481755    0.17183548    0.16169655    0.24586455    0.25204086    0.26782430    0.31535899    0.31945733
T7             0.23912590    0.16469158    0.15364675    0.09195205    0.08946769    0.08954596    0.11281531    0.10825226    0.10598205    0.00000000    0.10134356    0.16815156    0.15085269    0.17890803    0.18174372    0.16869593    0.19469041    0.18156838    0.17925341    0.23144397    0.23438646    0.25241501    0.30818230    0.30193807
T23            0.27124938    0.18212126    0.18752847    0.10802972    0.11499878    0.11510825    0.14437455    0.13963965    0.12978229    0.10134356    0.00000000    0.19943039    0.18140203    0.19704913    0.19723168    0.18926862    0.20767497    0.20529377    0.20017172    0.25477334    0.26093041    0.28309834    0.34560210    0.33540785
T4             0.27716918    0.18275430    0.17963437    0.15351159    0.14572731    0.14582644    0.17626177    0.17925341    0.16105955    0.16815156    0.19943039    0.00000000    0.05831459    0.07818786    0.08740917    0.08273390    0.14128045    0.13406192    0.13432155    0.25820207    0.26129968    0.28266935    0.32033761    0.32084362
T12            0.26954510    0.16733092    0.16206612    0.14154502    0.13878614    0.13890808    0.16136095    0.16169655    0.14644765    0.15085269    0.18140203    0.05831459    0.00000000    0.06727719    0.07640453    0.06727719    0.13197527    0.12730648    0.12513261    0.24702846    0.25934323    0.27430543    0.33003405    0.33062433
T11            0.27159371    0.18005069    0.17736164    0.15635511    0.15862798    0.15877629    0.18732062    0.18502700    0.16919618    0.17890803    0.19704913    0.07818786    0.06727719    0.00000000    0.05413033    0.08982440    0.13432155    0.13681589    0.13461325    0.25512356    0.25895252    0.26992258    0.32833530    0.33242577
T3             0.28144797    0.18620747    0.17757572    0.15909842    0.15877629    0.16152449    0.18212126    0.17448881    0.16412938    0.18174372    0.19723168    0.08740917    0.07640453    0.05413033    0.00000000    0.09461636    0.14930585    0.14200306    0.14234889    0.27111887    0.28074022    0.28961707    0.33957428    0.34017882
T14            0.28829961    0.18870197    0.18870197    0.15668080    0.15379035    0.15394238    0.17963437    0.18275430    0.16169655    0.16869593    0.18926862    0.08273390    0.06727719    0.08982440    0.09461636    0.00000000    0.14947797    0.14217195    0.13998864    0.26836239    0.27795298    0.28679756    0.34380495    0.33718262
T18            0.27864744    0.19876897    0.18502700    0.17165307    0.17131445    0.17147938    0.20059855    0.20106249    0.18481755    0.19469041    0.20767497    0.14128045    0.13197527    0.13432155    0.14930585    0.14947797    0.00000000    0.05407684    0.04982330    0.25443346    0.26366917    0.28506145    0.32483624    0.32888953
T9             0.28506145    0.17556651    0.18050214    0.16674793    0.16379732    0.16395906    0.18732062    0.19047849    0.17183548    0.18156838    0.20529377    0.13406192    0.12730648    0.13681589    0.14200306    0.14217195    0.05407684    0.00000000    0.03284773    0.25820207    0.26755314    0.28916686    0.31769471    0.32178210
T16            0.27945203    0.18050214    0.17020274    0.15927220    0.15635511    0.15138418    0.17695974    0.17736164    0.16169655    0.17925341    0.20017172    0.13432155    0.12513261    0.13461325    0.14234889    0.13998864    0.04982330    0.03284773    0.00000000    0.24667563    0.25585488    0.27708266    0.30734200    0.31132091
T2             0.21155817    0.22973548    0.24168208    0.22222716    0.22449960    0.22482990    0.25702879    0.24242069    0.24586455    0.23144397    0.25477334    0.25820207    0.24702846    0.25512356    0.27111887    0.26836239    0.25443346    0.25820207    0.24667563    0.00000000    0.02648459    0.05638856    0.19984880    0.19732333
T20            0.21724226    0.23567305    0.25083340    0.22516972    0.22744214    0.22778115    0.26330200    0.24854021    0.25204086    0.23438646    0.26093041    0.26129968    0.25934323    0.25895252    0.28074022    0.27795298    0.26366917    0.26755314    0.25585488    0.02648459    0.00000000    0.05200215    0.19984880    0.19732333
T10            0.24000937    0.26561640    0.27517643    0.24319879    0.24547108    0.24586455    0.27933871    0.27056908    0.26782430    0.25241501    0.28309834    0.28266935    0.27430543    0.26992258    0.28961707    0.28679756    0.28506145    0.28916686    0.27708266    0.05638856    0.05200215    0.00000000    0.21639354    0.21963385
T0             0.28309834    0.29770505    0.30788198    0.28540633    0.28119122    0.28165299    0.33122661    0.31132091    0.31535899    0.30818230    0.34560210    0.32033761    0.33003405    0.32833530    0.33957428    0.34380495    0.32483624    0.31769471    0.30734200    0.19984880    0.19984880    0.21639354    0.00000000    0.02447235
T8             0.28353822    0.29719955    0.31188416    0.28921389    0.28492304    0.28540633    0.33544092    0.31535899    0.31945733    0.30193807    0.33540785    0.32084362    0.33062433    0.33242577    0.34017882    0.33718262    0.32888953    0.32178210    0.31132091    0.19732333    0.19732333    0.21963385    0.02447235    0.00000000

