24
T18            0.00000000    0.37790485    0.37906381    0.31257228    0.30011538    0.30299137    0.31257228    0.34578523    0.33022774    0.33075844    0.33428226    0.24593488    0.26082339    0.32519702    0.31189926    0.30247275    0.29669202    0.26030955    0.26781303    0.25834862    0.22648057    0.20360985    0.16957137    0.13383262
T19            0.37790485    0.00000000    0.01006867    0.12214367    0.12458321    0.11522458    0.13696291    0.17874538    0.14406299    0.14421410    0.14675283    0.34843546    0.34146197    0.39932643    0.37700065    0.37475966    0.36844766    0.34330117    0.37680106    0.35290447    0.42077169    0.40355928    0.41132749    0.36219028
T5             0.37906381    0.01006867    0.00000000    0.11995091    0.12239046    0.11306032    0.13477024    0.17642007    0.14184106    0.14200202    0.14454077    0.34583215    0.33885860    0.39661006    0.37428408    0.37208677    0.36580309    0.34064227    0.37418433    0.35032812    0.41671905    0.39960288    0.41269902    0.36318627
T0             0.31257228    0.12214367    0.11995091    0.00000000    0.04765381    0.04554176    0.09004599    0.11471526    0.09438671    0.09449779    0.09685117    0.28669342    0.28032031    0.34022489    0.31966032    0.32092636    0.31504663    0.28915575    0.30256550    0.28991073    0.36212044    0.33783113    0.34028092    0.29927397
T1             0.30011538    0.12458321    0.12239046    0.04765381    0.00000000    0.03919124    0.08308416    0.11710802    0.09204986    0.09215546    0.09449779    0.28669342    0.28032031    0.33673811    0.31966032    0.32092636    0.31504663    0.28915575    0.30921436    0.28991073    0.35596391    0.33540517    0.33075844    0.28707738
T23            0.30299137    0.11522458    0.11306032    0.04554176    0.03919124    0.00000000    0.08550484    0.11961024    0.08982406    0.08993143    0.09226829    0.28068385    0.27437115    0.33720666    0.31671235    0.32137261    0.31549385    0.27996782    0.30631578    0.28707738    0.36275646    0.34198626    0.33373915    0.29640823
T3             0.31257228    0.13696291    0.13477024    0.09004599    0.08308416    0.08550484    0.00000000    0.11031018    0.07630774    0.07640442    0.07869311    0.29640823    0.28991073    0.34119910    0.32049221    0.32092636    0.31168873    0.28278269    0.30587886    0.28669342    0.34385515    0.34028092    0.35473396    0.30921436
T14            0.34578523    0.17874538    0.17642007    0.11471526    0.11710802    0.11961024    0.11031018    0.00000000    0.07582809    0.07587531    0.07812781    0.33975676    0.32940457    0.38636945    0.36437115    0.35598653    0.34983547    0.32600098    0.32983675    0.32685438    0.38027781    0.39048109    0.38673516    0.34578523
T12            0.33022774    0.14406299    0.14184106    0.09438671    0.09204986    0.08982406    0.07630774    0.07582809    0.00000000    0.00805152    0.01008408    0.29600400    0.28952760    0.34233321    0.32183924    0.33420097    0.32478790    0.29200213    0.31549385    0.29600400    0.35780427    0.35780427    0.35780427    0.31212461
T11            0.33075844    0.14421410    0.14200202    0.09449779    0.09215546    0.08993143    0.07640442    0.07587531    0.00805152    0.00000000    0.00603634    0.29640823    0.28991073    0.34983547    0.32898482    0.33468238    0.32525796    0.29237303    0.31595294    0.29640823    0.35841354    0.35841354    0.35841354    0.31935664
T22            0.33428226    0.14675283    0.14454077    0.09685117    0.09449779    0.09226829    0.07869311    0.07812781    0.01008408    0.00603634    0.00000000    0.29968895    0.29314891    0.35339681    0.33240003    0.33468238    0.32525796    0.29561119    0.31935664    0.29968895    0.36212044    0.36212044    0.36212044    0.32278370
T6             0.24593488    0.34843546    0.34583215    0.28669342    0.28669342    0.28068385    0.29640823    0.33975676    0.29600400    0.29640823    0.29968895    0.00000000    0.02870922    0.12745281    0.11041592    0.14930454    0.13947611    0.11003888    0.13197414    0.11281446    0.27058761    0.26443062    0.29200213    0.26385511
T16            0.26082339    0.34146197    0.33885860    0.28032031    0.28032031    0.27437115    0.28991073    0.32940457    0.28952760    0.28991073    0.29314891    0.02870922    0.00000000    0.12745281    0.11041592    0.13917502    0.12949832    0.11241458    0.13446229    0.11522458    0.26138036    0.26749963    0.30174842    0.26690534
T15            0.32519702    0.39932643    0.39661006    0.34022489    0.33673811    0.33720666    0.34119910    0.38636945    0.34233321    0.34983547    0.35339681    0.12745281    0.12745281    0.00000000    0.02648451    0.22095733    0.21464698    0.17348070    0.19003640    0.17147691    0.34422937    0.33628213    0.36630751    0.31850388
T2             0.31189926    0.37700065    0.37428408    0.31966032    0.31966032    0.31671235    0.32049221    0.36437115    0.32183924    0.32898482    0.33240003    0.11041592    0.11041592    0.02648451    0.00000000    0.20106012    0.19508402    0.15547950    0.16869320    0.15085003    0.33028135    0.32262044    0.34935579    0.30280410
T8             0.30247275    0.37475966    0.37208677    0.32092636    0.32092636    0.32137261    0.32092636    0.35598653    0.33420097    0.33468238    0.33468238    0.14930454    0.13917502    0.22095733    0.20106012    0.00000000    0.02029416    0.16639989    0.18524349    0.16449416    0.31631374    0.32729955    0.33240003    0.30571080
T7             0.29669202    0.36844766    0.36580309    0.31504663    0.31504663    0.31549385    0.31168873    0.34983547    0.32478790    0.32525796    0.32525796    0.13947611    0.12949832    0.21464698    0.19508402    0.02029416    0.00000000    0.15635313    0.17489229    0.15444741    0.31045210    0.31461130    0.32302947    0.29669202
T20            0.26030955    0.34330117    0.34064227    0.28915575    0.28915575    0.27996782    0.28278269    0.32600098    0.29200213    0.29237303    0.29561119    0.11003888    0.11241458    0.17348070    0.15547950    0.16639989    0.15635313    0.00000000    0.05402982    0.03483176    0.27556176    0.27247382    0.30025370    0.26332295
T17            0.26781303    0.37680106    0.37418433    0.30256550    0.30921436    0.30631578    0.30587886    0.32983675    0.31549385    0.31595294    0.31935664    0.13197414    0.13446229    0.19003640    0.16869320    0.18524349    0.17489229    0.05402982    0.00000000    0.02859697    0.29314891    0.28669342    0.31212461    0.27648994
T4             0.25834862    0.35290447    0.35032812    0.28991073    0.28991073    0.28707738    0.28669342    0.32685438    0.29600400    0.29640823    0.29968895    0.11281446    0.11522458    0.17147691    0.15085003    0.16449416    0.15444741    0.03483176    0.02859697    0.00000000    0.27058761    0.27058761    0.29847848    0.26082339
T9             0.22648057    0.42077169    0.41671905    0.36212044    0.35596391    0.36275646    0.34385515    0.38027781    0.35780427    0.35841354    0.36212044    0.27058761    0.26138036    0.34422937    0.33028135    0.31631374    0.31045210    0.27556176    0.29314891    0.27058761    0.00000000    0.09474172    0.26287925    0.23533455
T21            0.20360985    0.40355928    0.39960288    0.33783113    0.33540517    0.34198626    0.34028092    0.39048109    0.35780427    0.35841354    0.36212044    0.26443062    0.26749963    0.33628213    0.32262044    0.32729955    0.31461130    0.27247382    0.28669342    0.27058761    0.09474172    0.00000000    0.23236574    0.21206410
T13            0.16957137    0.41132749    0.41269902    0.34028092    0.33075844    0.33373915    0.35473396    0.38673516    0.35780427    0.35841354    0.36212044    0.29200213    0.30174842    0.36630751    0.34935579    0.33240003    0.32302947    0.30025370    0.31212461    0.29847848    0.26287925    0.23236574    0.00000000    0.07432996
T10            0.13383262    0.36219028    0.36318627    0.29927397    0.28707738    0.29640823    0.30921436    0.34578523    0.31212461    0.31935664    0.32278370    0.26385511    0.26690534    0.31850388    0.30280410    0.30571080    0.29669202    0.26332295    0.27648994    0.26082339    0.23533455    0.21206410    0.07432996    0.00000000

