24
T15            0.00000000    0.33533685    0.34978147    0.34978147    0.35282720    0.35588559    0.34796481    0.33352316    0.32586462    0.37713988    0.35042750    0.32531180    0.30861812    0.32182676    0.30912308    0.30188276    0.31471838    0.30728135    0.34323160    0.33967213    0.33967213    0.22938676    0.22219761    0.22447013
T2             0.33533685    0.00000000    0.02660334    0.02660334    0.02866497    0.03497030    0.05867096    0.15963118    0.14629593    0.21106428    0.18656190    0.17201090    0.16655638    0.16711303    0.16151099    0.19023486    0.17241858    0.16168286    0.23497866    0.22558275    0.22558275    0.30251817    0.29720331    0.30626582
T5             0.34978147    0.02660334    0.00000000    0.00401609    0.01417404    0.03710254    0.06536772    0.17603977    0.15650108    0.21956396    0.19467087    0.18545379    0.17982087    0.18048401    0.17467071    0.20408756    0.18593419    0.17487734    0.24094967    0.24328592    0.24328592    0.30916392    0.30050422    0.30961090
T11            0.34978147    0.02660334    0.00401609    0.00000000    0.01417404    0.03710254    0.06536772    0.17603977    0.15650108    0.21956396    0.19467087    0.18273613    0.17713966    0.17778105    0.17467071    0.20408756    0.18593419    0.17487734    0.24094967    0.24328592    0.24328592    0.30916392    0.30717216    0.31636899
T23            0.35282720    0.02866497    0.01417404    0.01417404    0.00000000    0.03919040    0.06303902    0.17579013    0.15634260    0.21931923    0.19448662    0.18522683    0.17961736    0.18025423    0.17182001    0.20104064    0.18296452    0.17201090    0.22938676    0.22877924    0.22877924    0.31207369    0.30006745    0.30916392
T7             0.35588559    0.03497030    0.03710254    0.03710254    0.03919040    0.00000000    0.07422147    0.18320167    0.16918127    0.23642890    0.21084358    0.17961736    0.17942266    0.18003317    0.17694333    0.19803397    0.19093383    0.17982087    0.25544625    0.25780452    0.25780452    0.31499521    0.31978261    0.32224537
T10            0.34796481    0.05867096    0.06536772    0.06536772    0.06303902    0.07422147    0.00000000    0.18522683    0.16348626    0.22983510    0.20471346    0.19253889    0.17624601    0.18210386    0.17640707    0.20291358    0.18750981    0.17657700    0.25439721    0.24533232    0.24533232    0.31207369    0.32272654    0.32520149
T22            0.33352316    0.15963118    0.17603977    0.17603977    0.17579013    0.18320167    0.18522683    0.00000000    0.07650468    0.13979944    0.11041060    0.15283290    0.13727401    0.14252242    0.14183172    0.15963118    0.14508017    0.13727401    0.23466239    0.24234685    0.24234685    0.28179823    0.29854882    0.28783465
T20            0.32586462    0.14629593    0.15650108    0.15650108    0.15634260    0.16918127    0.16348626    0.07650468    0.00000000    0.08731788    0.06703978    0.14708180    0.12715888    0.13695416    0.13147207    0.15393019    0.14199233    0.13431229    0.21981835    0.23272559    0.23272559    0.28703526    0.26226315    0.26226315
T19            0.37713988    0.21106428    0.21956396    0.21956396    0.21931923    0.23642890    0.22983510    0.13979944    0.08731788    0.00000000    0.03910277    0.20946870    0.18750981    0.19275234    0.19740337    0.21956396    0.19826257    0.19527888    0.28309518    0.28743007    0.28743007    0.35128599    0.32383133    0.32383133
T21            0.35042750    0.18656190    0.19467087    0.19467087    0.19448662    0.21084358    0.20471346    0.11041060    0.06703978    0.03910277    0.00000000    0.18210386    0.16119276    0.16622823    0.17085781    0.19467087    0.17942266    0.17129949    0.26164347    0.26004140    0.26004140    0.32636914    0.30345944    0.30345944
T3             0.32531180    0.17201090    0.18545379    0.18273613    0.18522683    0.17961736    0.19253889    0.15283290    0.14708180    0.20946870    0.18210386    0.00000000    0.03280722    0.04139451    0.12992640    0.14199233    0.14291579    0.13258745    0.23112649    0.23882109    0.23882109    0.26988055    0.27264879    0.27505241
T12            0.30861812    0.16655638    0.17982087    0.17713966    0.17961736    0.17942266    0.17624601    0.13727401    0.12715888    0.18750981    0.16119276    0.03280722    0.00000000    0.02859661    0.12238361    0.13680622    0.12793220    0.11790883    0.20805001    0.22126257    0.22126257    0.25711735    0.25678936    0.25920463
T6             0.32182676    0.16711303    0.18048401    0.17778105    0.18025423    0.18003317    0.18210386    0.14252242    0.13695416    0.19275234    0.16622823    0.04139451    0.02859661    0.00000000    0.12744485    0.13946690    0.13276238    0.12266091    0.22296453    0.21908418    0.21908418    0.26913740    0.26637818    0.26878181
T8             0.30912308    0.16151099    0.17467071    0.17467071    0.17182001    0.17694333    0.17640707    0.14183172    0.13147207    0.19740337    0.17085781    0.12992640    0.12238361    0.12744485    0.00000000    0.08939287    0.07605725    0.06703978    0.21671465    0.21582606    0.21582606    0.27712672    0.26018526    0.26878181
T0             0.30188276    0.19023486    0.20408756    0.20408756    0.20104064    0.19803397    0.20291358    0.15963118    0.15393019    0.21956396    0.19467087    0.14199233    0.13680622    0.13946690    0.08939287    0.00000000    0.06282034    0.05398872    0.23909506    0.24986128    0.24986128    0.27993014    0.29066618    0.29392406
T1             0.31471838    0.17241858    0.18593419    0.18593419    0.18296452    0.19093383    0.18750981    0.14508017    0.14199233    0.19826257    0.17942266    0.14291579    0.12793220    0.13276238    0.07605725    0.06282034    0.00000000    0.02031394    0.21153420    0.23112649    0.23112649    0.27940614    0.28629768    0.29194691
T18            0.30728135    0.16168286    0.17487734    0.17487734    0.17201090    0.17982087    0.17657700    0.13727401    0.13431229    0.19527888    0.17129949    0.13258745    0.11790883    0.12266091    0.06703978    0.05398872    0.02031394    0.00000000    0.20848522    0.22217669    0.22217669    0.27264879    0.27303562    0.27860283
T4             0.34323160    0.23497866    0.24094967    0.24094967    0.22938676    0.25544625    0.25439721    0.23466239    0.21981835    0.28309518    0.26164347    0.23112649    0.20805001    0.22296453    0.21671465    0.23909506    0.21153420    0.20848522    0.00000000    0.16691893    0.16691893    0.29556778    0.28948601    0.29196104
T9             0.33967213    0.22558275    0.24328592    0.24328592    0.22877924    0.25780452    0.24533232    0.24234685    0.23272559    0.28743007    0.26004140    0.23882109    0.22126257    0.21908418    0.21582606    0.24986128    0.23112649    0.22217669    0.16691893    0.00000000    0.00000000    0.28523198    0.28309518    0.29843463
T13            0.33967213    0.22558275    0.24328592    0.24328592    0.22877924    0.25780452    0.24533232    0.24234685    0.23272559    0.28743007    0.26004140    0.23882109    0.22126257    0.21908418    0.21582606    0.24986128    0.23112649    0.22217669    0.16691893    0.00000000    0.00000000    0.28523198    0.28309518    0.29843463
T16            0.22938676    0.30251817    0.30916392    0.30916392    0.31207369    0.31499521    0.31207369    0.28179823    0.28703526    0.35128599    0.32636914    0.26988055    0.25711735    0.26913740    0.27712672    0.27993014    0.27940614    0.27264879    0.29556778    0.28523198    0.28523198    0.00000000    0.15409044    0.14643669
T17            0.22219761    0.29720331    0.30050422    0.30717216    0.30006745    0.31978261    0.32272654    0.29854882    0.26226315    0.32383133    0.30345944    0.27264879    0.25678936    0.26637818    0.26018526    0.29066618    0.28629768    0.27303562    0.28948601    0.28309518    0.28309518    0.15409044    0.00000000    0.04120094
T14            0.22447013    0.30626582    0.30961090    0.31636899    0.30916392    0.32224537    0.32520149    0.28783465    0.26226315    0.32383133    0.30345944    0.27505241    0.25920463    0.26878181    0.26878181    0.29392406    0.29194691    0.27860283    0.29196104    0.29843463    0.29843463    0.14643669    0.04120094    0.00000000

