24
T10            0.00000000    0.32228824    0.32869510    0.26056010    0.26365739    0.21349444    0.33319310    0.33671632    0.32672620    0.27750921    0.28104931    0.25584375    0.24970613    0.27471733    0.27508232    0.27436320    0.32622034    0.31256020    0.31211301    0.27545816    0.31934358    0.19178890    0.16395466    0.15862380
T6             0.32228824    0.00000000    0.01210019    0.12007851    0.12252392    0.17386017    0.27346427    0.27985713    0.28265562    0.26245812    0.27152610    0.23673138    0.23673138    0.26519395    0.26560423    0.26166772    0.32031966    0.26091888    0.27230218    0.26754093    0.32481757    0.36029743    0.33357535    0.30968289
T5             0.32869510    0.01210019    0.00000000    0.12977961    0.13226765    0.18453322    0.28589345    0.29243275    0.29527410    0.27472252    0.28397492    0.24852952    0.24852952    0.27110623    0.27152610    0.26754093    0.33021255    0.26991019    0.28464108    0.27985713    0.33482073    0.36714608    0.34015779    0.31601900
T0             0.26056010    0.12007851    0.12977961    0.00000000    0.01833233    0.12158343    0.24470372    0.25082261    0.25661595    0.20836797    0.21670910    0.18512121    0.18512121    0.20296848    0.20327807    0.19984213    0.27516322    0.22449112    0.21490907    0.21962565    0.27607642    0.29006363    0.27561453    0.26328994
T14            0.26365739    0.12252392    0.13226765    0.01833233    0.00000000    0.11909533    0.24167216    0.24775380    0.24738095    0.19984213    0.20806026    0.19352763    0.18790766    0.20581848    0.20613623    0.20266794    0.26245812    0.21865803    0.20922536    0.20806026    0.26328994    0.29336569    0.27239749    0.26014381
T18            0.21349444    0.17386017    0.18453322    0.12158343    0.11909533    0.00000000    0.21809590    0.22401552    0.22661482    0.16387534    0.17168662    0.15778441    0.15244942    0.16953184    0.17254433    0.16925331    0.23446943    0.18950647    0.19703222    0.17115667    0.22922353    0.23937902    0.21190209    0.20646304
T3             0.33319310    0.27346427    0.28589345    0.24470372    0.24167216    0.21809590    0.00000000    0.01214649    0.05840633    0.19901877    0.21003415    0.18979418    0.18425219    0.19094809    0.19119928    0.18796533    0.27943864    0.21205913    0.22851003    0.21576683    0.28771680    0.35594382    0.30527969    0.29905881
T22            0.33671632    0.27985713    0.29243275    0.25082261    0.24775380    0.22401552    0.01214649    0.00000000    0.05840633    0.20463860    0.21576683    0.19539835    0.18979418    0.19648999    0.19675661    0.19346148    0.27624225    0.21205913    0.23437728    0.22156606    0.29434293    0.35965006    0.30865993    0.30240509
T1             0.32672620    0.28265562    0.29527410    0.25661595    0.24738095    0.22661482    0.05840633    0.05840633    0.00000000    0.20719229    0.21547148    0.19229290    0.19229290    0.19901877    0.19928417    0.19598385    0.29527410    0.22385931    0.23999973    0.21260518    0.28397492    0.36147790    0.31155740    0.30192218
T2             0.27750921    0.26245812    0.27472252    0.20836797    0.19984213    0.16387534    0.19901877    0.20463860    0.20719229    0.00000000    0.01417414    0.09226718    0.08760452    0.12513012    0.12528661    0.12252392    0.22588308    0.18481195    0.18962957    0.15123494    0.21547148    0.33074271    0.28960250    0.27069694
T23            0.28104931    0.27152610    0.28397492    0.21670910    0.20806026    0.17168662    0.21003415    0.21576683    0.21547148    0.01417414    0.00000000    0.09921440    0.09449670    0.13242709    0.13259440    0.12977961    0.23437728    0.19276597    0.19761823    0.15877214    0.22095129    0.34082002    0.29336569    0.27985713
T21            0.25584375    0.23673138    0.24852952    0.18512121    0.19352763    0.15778441    0.18979418    0.19539835    0.19229290    0.09226718    0.09921440    0.00000000    0.01210947    0.10667610    0.10683741    0.10411789    0.20266794    0.15785440    0.16775758    0.14508870    0.21190209    0.29101888    0.25828272    0.24013836
T15            0.24970613    0.23673138    0.24852952    0.18512121    0.18790766    0.15244942    0.18425219    0.18979418    0.19229290    0.08760452    0.09449670    0.01210947    0.00000000    0.10426604    0.10442151    0.10172515    0.19145938    0.14965469    0.15945029    0.13493386    0.20043617    0.29101888    0.25202973    0.23409346
T20            0.27471733    0.26519395    0.27110623    0.20296848    0.20581848    0.16953184    0.19094809    0.19648999    0.19901877    0.12513012    0.13242709    0.10667610    0.10426604    0.00000000    0.01617358    0.01618198    0.19782868    0.16901605    0.17377864    0.14378389    0.20665986    0.31738717    0.27706944    0.26166772
T13            0.27508232    0.26560423    0.27152610    0.20327807    0.20613623    0.17254433    0.19119928    0.19675661    0.19928417    0.12528661    0.13259440    0.10683741    0.10442151    0.01617358    0.00000000    0.00804436    0.20692144    0.17183067    0.17658788    0.14898275    0.21260518    0.32481757    0.27749913    0.25894108
T17            0.27436320    0.26166772    0.26754093    0.19984213    0.20266794    0.16925331    0.18796533    0.19346148    0.19598385    0.12252392    0.12977961    0.10411789    0.10172515    0.01618198    0.00804436    0.00000000    0.20360560    0.16884926    0.17362437    0.14617064    0.20922536    0.32031966    0.27985713    0.26128809
T16            0.32622034    0.32031966    0.33021255    0.27516322    0.26245812    0.23446943    0.27943864    0.27624225    0.29527410    0.22588308    0.23437728    0.20266794    0.19145938    0.19782868    0.20692144    0.20360560    0.00000000    0.13242709    0.13947406    0.12051159    0.17903696    0.35603709    0.31689309    0.31497229
T7             0.31256020    0.26091888    0.26991019    0.22449112    0.21865803    0.18950647    0.21205913    0.21205913    0.22385931    0.18481195    0.19276597    0.15785440    0.14965469    0.16901605    0.17183067    0.16884926    0.13242709    0.00000000    0.04338621    0.06968809    0.12849645    0.34991221    0.31106321    0.29573479
T9             0.31211301    0.27230218    0.28464108    0.21490907    0.20922536    0.19703222    0.22851003    0.23437728    0.23999973    0.18962957    0.19761823    0.16775758    0.15945029    0.17377864    0.17658788    0.17362437    0.13947406    0.04338621    0.00000000    0.07394958    0.13295252    0.35660691    0.32082555    0.30527969
T4             0.27545816    0.26754093    0.27985713    0.21962565    0.20806026    0.17115667    0.21576683    0.22156606    0.21260518    0.15123494    0.15877214    0.14508870    0.13493386    0.14378389    0.14898275    0.14617064    0.12051159    0.06968809    0.07394958    0.00000000    0.06536960    0.32428776    0.28028643    0.26560423
T11            0.31934358    0.32481757    0.33482073    0.27607642    0.26328994    0.22922353    0.28771680    0.29434293    0.28397492    0.21547148    0.22095129    0.21190209    0.20043617    0.20665986    0.21260518    0.20922536    0.17903696    0.12849645    0.13295252    0.06536960    0.00000000    0.39525791    0.34983848    0.33716190
T8             0.19178890    0.36029743    0.36714608    0.29006363    0.29336569    0.23937902    0.35594382    0.35965006    0.36147790    0.33074271    0.34082002    0.29101888    0.29101888    0.31738717    0.32481757    0.32031966    0.35603709    0.34991221    0.35660691    0.32428776    0.39525791    0.00000000    0.08982314    0.08528941
T19            0.16395466    0.33357535    0.34015779    0.27561453    0.27239749    0.21190209    0.30527969    0.30865993    0.31155740    0.28960250    0.29336569    0.25828272    0.25202973    0.27706944    0.27749913    0.27985713    0.31689309    0.31106321    0.32082555    0.28028643    0.34983848    0.08982314    0.00000000    0.03069782
T12            0.15862380    0.30968289    0.31601900    0.26328994    0.26014381    0.20646304    0.29905881    0.30240509    0.30192218    0.27069694    0.27985713    0.24013836    0.23409346    0.26166772    0.25894108    0.26128809    0.31497229    0.29573479    0.30527969    0.26560423    0.33716190    0.08528941    0.03069782    0.00000000

