24
T1             0.00000000    0.30272554    0.23950101    0.23018013    0.22753626    0.28326848    0.26092986    0.25388775    0.32434316    0.34948233    0.33920716    0.30272554    0.30075887    0.27349434    0.27449778    0.24756176    0.27839208    0.27449778    0.26731140    0.25845458    0.30656009    0.30656009    0.29619716    0.28257304
T0             0.30272554    0.00000000    0.11350876    0.10839348    0.10612465    0.14731127    0.18258691    0.16804001    0.24713630    0.27765536    0.26849507    0.24982577    0.25795543    0.20392334    0.20417858    0.21327600    0.21268869    0.19858490    0.19789411    0.21268869    0.27598944    0.27598944    0.25420896    0.25597144
T10            0.23950101    0.11350876    0.00000000    0.03284964    0.03289624    0.07860171    0.13262689    0.11893470    0.20655346    0.23537213    0.22374637    0.19487656    0.19963488    0.16251363    0.16053714    0.14532935    0.16584807    0.15267545    0.15208640    0.17071682    0.21268869    0.21268869    0.21213916    0.19992023
T9             0.23018013    0.10839348    0.03284964    0.00000000    0.02442224    0.07614435    0.13480022    0.11611335    0.20305150    0.23157774    0.22006737    0.19710747    0.19909156    0.16210789    0.16009486    0.14750243    0.16537752    0.15227448    0.15173516    0.17025152    0.20930257    0.20930257    0.21446413    0.20500003
T20            0.22753626    0.10612465    0.03289624    0.02442224    0.00000000    0.07622740    0.12254965    0.10654467    0.19487656    0.22301324    0.21166024    0.18079688    0.18280811    0.14678698    0.14475140    0.13748797    0.15507081    0.14220462    0.14171945    0.15988628    0.20112655    0.20112655    0.20065977    0.19404097
T12            0.28326848    0.14731127    0.07860171    0.07614435    0.07622740    0.00000000    0.17047989    0.15885887    0.25175017    0.28938455    0.27671655    0.23684651    0.23279061    0.20727174    0.20529235    0.19179988    0.20245558    0.18303820    0.18780074    0.21616202    0.26415829    0.26415829    0.26653807    0.25674898
T17            0.26092986    0.18258691    0.13262689    0.13480022    0.12254965    0.17047989    0.00000000    0.06728410    0.21814783    0.24108393    0.22950656    0.19031046    0.20299598    0.16124270    0.16399834    0.15141734    0.16399834    0.16139858    0.15329765    0.17227327    0.21992011    0.21992011    0.21657279    0.20699915
T8             0.25388775    0.16804001    0.11893470    0.11611335    0.10654467    0.15885887    0.06728410    0.00000000    0.19126740    0.20755365    0.19935865    0.18280811    0.19031046    0.15141734    0.14934022    0.13200133    0.14934022    0.14171945    0.13385847    0.14934022    0.19630252    0.19630252    0.19811511    0.17785080
T14            0.32434316    0.24713630    0.20655346    0.20305150    0.19487656    0.25175017    0.21814783    0.19126740    0.00000000    0.09216945    0.08530220    0.22822719    0.22198473    0.19404097    0.19207954    0.18157028    0.20622445    0.19768938    0.19126740    0.20845511    0.25364740    0.25364740    0.24375503    0.23120827
T18            0.34948233    0.27765536    0.23537213    0.23157774    0.22301324    0.28938455    0.24108393    0.20755365    0.09216945    0.00000000    0.02859820    0.22526386    0.23015802    0.20189631    0.19992023    0.18653218    0.20910229    0.19768938    0.19126740    0.21938957    0.26141893    0.26141893    0.25454063    0.24178749
T16            0.33920716    0.26849507    0.22374637    0.22006737    0.21166024    0.27671655    0.22950656    0.19935865    0.08530220    0.02859820    0.00000000    0.23084847    0.22458938    0.19656175    0.19458904    0.18130375    0.20943968    0.19799386    0.19152916    0.21101482    0.25559817    0.25559817    0.24879365    0.23612002
T5             0.30272554    0.24982577    0.19487656    0.19710747    0.18079688    0.23684651    0.19031046    0.18280811    0.22822719    0.22526386    0.23084847    0.00000000    0.10104131    0.06483456    0.06276849    0.15208640    0.18352492    0.17003173    0.16416966    0.18032507    0.23447663    0.23447663    0.23447663    0.20983579
T13            0.30075887    0.25795543    0.19963488    0.19909156    0.18280811    0.23279061    0.20299598    0.19031046    0.22198473    0.23015802    0.22458938    0.10104131    0.00000000    0.07583595    0.07374643    0.17248294    0.19101463    0.18280811    0.17152188    0.18010238    0.24247282    0.24247282    0.23654683    0.21187862
T6             0.27349434    0.20392334    0.16251363    0.16210789    0.14678698    0.20727174    0.16124270    0.15141734    0.19404097    0.20189631    0.19656175    0.06483456    0.07583595    0.00000000    0.01006778    0.12216607    0.14678698    0.13173650    0.12895330    0.14901887    0.19811511    0.19811511    0.19261424    0.17473464
T2             0.27449778    0.20417858    0.16053714    0.16009486    0.14475140    0.20529235    0.16399834    0.14934022    0.19207954    0.19992023    0.19458904    0.06276849    0.07374643    0.01006778    0.00000000    0.12254965    0.14475140    0.13214577    0.12681909    0.14695352    0.19834538    0.19834538    0.19557966    0.17494277
T19            0.24756176    0.21327600    0.14532935    0.14750243    0.13748797    0.19179988    0.15141734    0.13200133    0.18157028    0.18653218    0.18130375    0.15208640    0.17248294    0.12216607    0.12254965    0.00000000    0.12779888    0.11066982    0.11032830    0.13714980    0.16758908    0.16758908    0.17515964    0.15812940
T21            0.27839208    0.21268869    0.16584807    0.16537752    0.15507081    0.20245558    0.16399834    0.14934022    0.20622445    0.20910229    0.20943968    0.18352492    0.19101463    0.14678698    0.14475140    0.12779888    0.00000000    0.03497325    0.03910572    0.14220462    0.18010238    0.18010238    0.18237461    0.17047989
T22            0.27449778    0.19858490    0.15267545    0.15227448    0.14220462    0.18303820    0.16139858    0.14171945    0.19768938    0.19768938    0.19799386    0.17003173    0.18280811    0.13173650    0.13214577    0.11066982    0.03497325    0.00000000    0.03274855    0.13214577    0.16416966    0.16416966    0.16644221    0.15467281
T3             0.26731140    0.19789411    0.15208640    0.15173516    0.14171945    0.18780074    0.15329765    0.13385847    0.19126740    0.19126740    0.19152916    0.16416966    0.17152188    0.12895330    0.12681909    0.11032830    0.03910572    0.03274855    0.00000000    0.13173650    0.16889474    0.16889474    0.17119895    0.15931111
T7             0.25845458    0.21268869    0.17071682    0.17025152    0.15988628    0.21616202    0.17227327    0.14934022    0.20845511    0.21938957    0.21101482    0.18032507    0.18010238    0.14901887    0.14695352    0.13714980    0.14220462    0.13214577    0.13173650    0.00000000    0.12952425    0.12952425    0.12241395    0.12038560
T4             0.30656009    0.27598944    0.21268869    0.20930257    0.20112655    0.26415829    0.21992011    0.19630252    0.25364740    0.26141893    0.25559817    0.23447663    0.24247282    0.19811511    0.19834538    0.16758908    0.18010238    0.16416966    0.16889474    0.12952425    0.00000000    0.00000000    0.06041081    0.06969734
T11            0.30656009    0.27598944    0.21268869    0.20930257    0.20112655    0.26415829    0.21992011    0.19630252    0.25364740    0.26141893    0.25559817    0.23447663    0.24247282    0.19811511    0.19834538    0.16758908    0.18010238    0.16416966    0.16889474    0.12952425    0.00000000    0.00000000    0.06041081    0.06969734
T15            0.29619716    0.25420896    0.21213916    0.21446413    0.20065977    0.26653807    0.21657279    0.19811511    0.24375503    0.25454063    0.24879365    0.23447663    0.23654683    0.19261424    0.19557966    0.17515964    0.18237461    0.16644221    0.17119895    0.12241395    0.06041081    0.06041081    0.00000000    0.06505112
T23            0.28257304    0.25597144    0.19992023    0.20500003    0.19404097    0.25674898    0.20699915    0.17785080    0.23120827    0.24178749    0.23612002    0.20983579    0.21187862    0.17473464    0.17494277    0.15812940    0.17047989    0.15467281    0.15931111    0.12038560    0.06969734    0.06969734    0.06505112    0.00000000

