24
T17            0.00000000    0.14986723    0.15446951    0.15446951    0.14473588    0.15245284    0.13784237    0.15766463    0.23492248    0.18777620    0.17069292    0.16801714    0.21609717    0.21135672    0.21135672    0.24015646    0.15189063    0.12268224    0.13643501    0.17805918    0.18101946    0.11753564    0.10360982    0.10826223
T22            0.14986723    0.00000000    0.07140516    0.07140516    0.06266810    0.07606483    0.06709381    0.08260703    0.18650339    0.14423307    0.16756781    0.16492048    0.23280027    0.23679490    0.23679490    0.26338924    0.16940491    0.14202060    0.16904463    0.18484689    0.18777620    0.17698645    0.16715257    0.18030119
T14            0.15446951    0.07140516    0.00000000    0.00000000    0.02855471    0.03697682    0.07140516    0.08928311    0.19401146    0.15112013    0.16433144    0.16171884    0.23500271    0.23304783    0.23304783    0.27174539    0.17679831    0.15171981    0.17644865    0.18696118    0.18986329    0.18177128    0.16922042    0.18505680
T15            0.15446951    0.07140516    0.00000000    0.00000000    0.02855471    0.03697682    0.07140516    0.08928311    0.19401146    0.15112013    0.16433144    0.16171884    0.23500271    0.23304783    0.23304783    0.27174539    0.17679831    0.15171981    0.17644865    0.18696118    0.18986329    0.18177128    0.16922042    0.18505680
T13            0.14473588    0.06266810    0.02855471    0.02855471    0.00000000    0.03284875    0.06709381    0.08488554    0.18926813    0.14900487    0.15446951    0.15706179    0.22990758    0.22801453    0.22801453    0.26088824    0.17205217    0.14456011    0.16904463    0.18214957    0.18505680    0.17661903    0.16415219    0.17986628
T7             0.15245284    0.07606483    0.03697682    0.03697682    0.03284875    0.00000000    0.07606483    0.09410514    0.19765554    0.15412289    0.15706179    0.15446951    0.22132886    0.21938609    0.21938609    0.26037431    0.17205217    0.14967826    0.16904463    0.17679831    0.17966208    0.17928034    0.16677163    0.18256364
T3             0.13784237    0.06709381    0.07140516    0.07140516    0.06709381    0.07606483    0.00000000    0.04559824    0.18486394    0.13198994    0.14789079    0.15048317    0.22276302    0.22100463    0.22100463    0.24994857    0.16492048    0.13512725    0.16189978    0.17225239    0.17513699    0.17205217    0.15446951    0.17001028
T8             0.15766463    0.08260703    0.08928311    0.08928311    0.08488554    0.09410514    0.04559824    0.00000000    0.19263225    0.14932502    0.16801714    0.17069292    0.24511668    0.24337420    0.24337420    0.26697343    0.18550346    0.15484949    0.17966208    0.19578448    0.19880458    0.17928034    0.17471356    0.18800252
T10            0.23492248    0.18650339    0.19401146    0.19401146    0.18926813    0.19765554    0.18486394    0.19263225    0.00000000    0.11307201    0.24900713    0.24820887    0.33880448    0.33034038    0.33034038    0.33510072    0.24745080    0.21902535    0.24605596    0.28317718    0.28361836    0.26762215    0.24440789    0.25940943
T21            0.18777620    0.14423307    0.15112013    0.15112013    0.14900487    0.15412289    0.13198994    0.14932502    0.11307201    0.00000000    0.20414804    0.20414804    0.28470340    0.28286009    0.28286009    0.29555786    0.21782624    0.18800252    0.20832242    0.23330547    0.23357317    0.22439461    0.19533185    0.21418393
T23            0.17069292    0.16756781    0.16433144    0.16433144    0.15446951    0.15706179    0.14789079    0.16801714    0.24900713    0.20414804    0.00000000    0.01827023    0.20696735    0.19960287    0.19960287    0.21678019    0.19578448    0.16208922    0.19808878    0.20109817    0.20414804    0.18177128    0.17492092    0.17205217
T4             0.16801714    0.16492048    0.16171884    0.16171884    0.15706179    0.15446951    0.15048317    0.17069292    0.24820887    0.20414804    0.01827023    0.00000000    0.19855678    0.19123908    0.19123908    0.21394496    0.19302751    0.15947658    0.19533185    0.19831817    0.20134457    0.18177128    0.18030119    0.17738923
T19            0.21609717    0.23280027    0.23500271    0.23500271    0.22990758    0.22132886    0.22276302    0.24511668    0.33880448    0.28470340    0.20696735    0.19855678    0.00000000    0.04537023    0.04537023    0.28724247    0.25761997    0.24131719    0.26313953    0.26449747    0.26788192    0.26669247    0.25625822    0.27065793
T0             0.21135672    0.23679490    0.23304783    0.23304783    0.22801453    0.21938609    0.22100463    0.24337420    0.33034038    0.28286009    0.19960287    0.19123908    0.04537023    0.00000000    0.00000000    0.29103974    0.25567356    0.24243146    0.25813734    0.25961844    0.26302691    0.26420408    0.25449274    0.26888820
T2             0.21135672    0.23679490    0.23304783    0.23304783    0.22801453    0.21938609    0.22100463    0.24337420    0.33034038    0.28286009    0.19960287    0.19123908    0.04537023    0.00000000    0.00000000    0.29103974    0.25567356    0.24243146    0.25813734    0.25961844    0.26302691    0.26420408    0.25449274    0.26888820
T12            0.24015646    0.26338924    0.27174539    0.27174539    0.26088824    0.26037431    0.24994857    0.26697343    0.33510072    0.29555786    0.21678019    0.21394496    0.28724247    0.29103974    0.29103974    0.00000000    0.27431095    0.25417587    0.27690330    0.30872219    0.31234570    0.25376303    0.26013370    0.26894893
T18            0.15189063    0.16940491    0.17679831    0.17679831    0.17205217    0.17205217    0.16492048    0.18550346    0.24745080    0.21782624    0.19578448    0.19302751    0.25761997    0.25567356    0.25567356    0.27431095    0.00000000    0.06944934    0.09410514    0.17698645    0.17718343    0.18947738    0.17946676    0.18195594
T20            0.12268224    0.14202060    0.15171981    0.15171981    0.14456011    0.14967826    0.13512725    0.15484949    0.21902535    0.18800252    0.16208922    0.15947658    0.24131719    0.24243146    0.24243146    0.25417587    0.06944934    0.00000000    0.06932148    0.15446951    0.15465534    0.15622495    0.13407652    0.13892376
T11            0.13643501    0.16904463    0.17644865    0.17644865    0.16904463    0.16904463    0.16189978    0.17966208    0.24605596    0.20832242    0.19808878    0.19533185    0.26313953    0.25813734    0.25813734    0.27690330    0.09410514    0.06932148    0.00000000    0.17432510    0.17679831    0.18912821    0.17118222    0.17928034
T6             0.17805918    0.18484689    0.18696118    0.18696118    0.18214957    0.17679831    0.17225239    0.19578448    0.28317718    0.23330547    0.20109817    0.19831817    0.26449747    0.25961844    0.25961844    0.30872219    0.17698645    0.15446951    0.17432510    0.00000000    0.01212510    0.20620871    0.19051052    0.20414804
T16            0.18101946    0.18777620    0.18986329    0.18986329    0.18505680    0.17966208    0.17513699    0.19880458    0.28361836    0.23357317    0.20414804    0.20134457    0.26788192    0.26302691    0.26302691    0.31234570    0.17718343    0.15465534    0.17679831    0.01212510    0.00000000    0.20927150    0.18800252    0.20160021
T1             0.11753564    0.17698645    0.18177128    0.18177128    0.17661903    0.17928034    0.17205217    0.17928034    0.26762215    0.22439461    0.18177128    0.18177128    0.26669247    0.26420408    0.26420408    0.25376303    0.18947738    0.15622495    0.18912821    0.20620871    0.20927150    0.00000000    0.07593476    0.07825927
T9             0.10360982    0.16715257    0.16922042    0.16922042    0.16415219    0.16677163    0.15446951    0.17471356    0.24440789    0.19533185    0.17492092    0.18030119    0.25625822    0.25449274    0.25449274    0.26013370    0.17946676    0.13407652    0.17118222    0.19051052    0.18800252    0.07593476    0.00000000    0.03274798
T5             0.10826223    0.18030119    0.18505680    0.18505680    0.17986628    0.18256364    0.17001028    0.18800252    0.25940943    0.21418393    0.17205217    0.17738923    0.27065793    0.26888820    0.26888820    0.26894893    0.18195594    0.13892376    0.17928034    0.20414804    0.20160021    0.07825927    0.03274798    0.00000000

