24
T23            0.00000000    0.32210478    0.31697993    0.27178811    0.27809398    0.28691754    0.28448088    0.29298930    0.29952276    0.26986252    0.28901395    0.34662982    0.35633473    0.31876180    0.31876180    0.31404072    0.31363670    0.30614325    0.29952276    0.30658520    0.21378479    0.21425745    0.21763158    0.08496312
T10            0.32210478    0.00000000    0.01006888    0.27052085    0.26736767    0.28166704    0.27926589    0.27110215    0.27736805    0.25910156    0.27493104    0.43401921    0.43810280    0.39922351    0.39922351    0.38472077    0.41194183    0.37573034    0.36461704    0.37889703    0.44435795    0.42251762    0.43068628    0.38251397
T11            0.31697993    0.01006888    0.00000000    0.26816531    0.26501202    0.28010224    0.27774705    0.26937481    0.27568091    0.25733002    0.27329121    0.42856213    0.43264610    0.39379351    0.39379351    0.37931938    0.40657233    0.37317019    0.36205643    0.37632360    0.43899144    0.41726411    0.42543352    0.36981946
T8             0.27178811    0.27052085    0.26816531    0.00000000    0.00401618    0.03285089    0.02871219    0.07842388    0.08300372    0.05847143    0.06970282    0.40808511    0.42029056    0.37755163    0.37755163    0.38453816    0.40082344    0.38938518    0.38156714    0.40056517    0.39434859    0.35394037    0.36501404    0.34204555
T13            0.27809398    0.26736767    0.26501202    0.00401618    0.00000000    0.03285089    0.02871219    0.07842388    0.08300372    0.05847143    0.06970282    0.41212039    0.42442657    0.38135539    0.38135539    0.39226386    0.40882931    0.39732816    0.38938518    0.40866986    0.40229085    0.36129534    0.37253596    0.34918881
T3             0.28691754    0.28166704    0.28010224    0.03285089    0.03285089    0.00000000    0.01210985    0.08742759    0.09207150    0.06721849    0.07860834    0.42698442    0.43960243    0.39159752    0.39159752    0.40267050    0.41951114    0.39979699    0.39185437    0.41115068    0.40481025    0.36009995    0.37125600    0.35532085
T12            0.28448088    0.27926589    0.27774705    0.02871219    0.02871219    0.01210985    0.00000000    0.08300372    0.08762615    0.06289847    0.07424108    0.42442657    0.43704519    0.38905135    0.38905135    0.40011154    0.41696623    0.39732816    0.38938518    0.40866986    0.40229085    0.35760425    0.36876077    0.34560435
T16            0.29298930    0.27110215    0.26937481    0.07842388    0.07842388    0.08742759    0.08300372    0.00000000    0.00401618    0.07814081    0.08965035    0.44398927    0.44824862    0.39614566    0.39614566    0.39030775    0.41322920    0.40154988    0.39363940    0.40882931    0.39617221    0.36319935    0.37439705    0.35840638
T22            0.29952276    0.27736805    0.27568091    0.08300372    0.08300372    0.09207150    0.08762615    0.00401618    0.00000000    0.08267860    0.08965035    0.45254480    0.45687843    0.40393084    0.40393084    0.39806308    0.42133203    0.40958830    0.40154988    0.41696623    0.40408234    0.37063638    0.38200483    0.36573347
T0             0.26986252    0.25910156    0.25733002    0.05847143    0.05847143    0.06721849    0.06289847    0.07814081    0.08267860    0.00000000    0.02442270    0.39740937    0.40131737    0.35683261    0.35683261    0.36355479    0.37889703    0.36379088    0.36009995    0.37439705    0.39290785    0.34969022    0.36044266    0.33570615
T6             0.28901395    0.27493104    0.27329121    0.06970282    0.06970282    0.07860834    0.07424108    0.08965035    0.08965035    0.02442270    0.00000000    0.42620123    0.43035422    0.38327969    0.38327969    0.39030775    0.40664112    0.38334548    0.37949731    0.38653124    0.41726411    0.37199823    0.38327969    0.35374679
T7             0.34662982    0.43401921    0.42856213    0.40808511    0.41212039    0.42698442    0.42442657    0.44398927    0.45254480    0.39740937    0.42620123    0.00000000    0.01413415    0.05853521    0.06074875    0.13686083    0.15489288    0.25249493    0.25851411    0.26126441    0.41255373    0.39704486    0.40473881    0.40721350
T15            0.35633473    0.43810280    0.43264610    0.42029056    0.42442657    0.43960243    0.43704519    0.44824862    0.45687843    0.40131737    0.43035422    0.01413415    0.00000000    0.05622056    0.05841450    0.13658589    0.15450969    0.25496947    0.26098844    0.26375114    0.41922173    0.40359162    0.41134524    0.42451143
T14            0.31876180    0.39922351    0.39379351    0.37755163    0.38135539    0.39159752    0.38905135    0.39614566    0.40393084    0.35683261    0.38327969    0.05853521    0.05622056    0.00000000    0.00401211    0.11033849    0.12749571    0.24090542    0.24090542    0.24951245    0.38251397    0.37513402    0.38251397    0.37984269
T18            0.31876180    0.39922351    0.39379351    0.37755163    0.38135539    0.39159752    0.38905135    0.39614566    0.40393084    0.35683261    0.38327969    0.06074875    0.05841450    0.00401211    0.00000000    0.11492556    0.13216239    0.24090542    0.24090542    0.24951245    0.38521450    0.37148473    0.37881030    0.37984269
T21            0.31404072    0.38472077    0.37931938    0.38453816    0.39226386    0.40267050    0.40011154    0.39030775    0.39806308    0.36355479    0.39030775    0.13686083    0.13658589    0.11033849    0.11492556    0.00000000    0.05195313    0.22382493    0.22099517    0.22402951    0.39677022    0.39290785    0.40066284    0.36774240
T9             0.31363670    0.41194183    0.40657233    0.40082344    0.40882931    0.41951114    0.41696623    0.41322920    0.42133203    0.37889703    0.40664112    0.15489288    0.15450969    0.12749571    0.13216239    0.05195313    0.00000000    0.23846715    0.23846715    0.24167141    0.40786964    0.40393084    0.41183990    0.37458541
T17            0.30614325    0.37573034    0.37317019    0.38938518    0.39732816    0.39979699    0.39732816    0.40154988    0.40958830    0.36379088    0.38334548    0.25249493    0.25496947    0.24090542    0.24090542    0.22382493    0.23846715    0.00000000    0.00806508    0.02239031    0.40525635    0.40011154    0.41212039    0.36573347
T2             0.29952276    0.36461704    0.36205643    0.38156714    0.38938518    0.39185437    0.38938518    0.39363940    0.40154988    0.36009995    0.37949731    0.25851411    0.26098844    0.24090542    0.24090542    0.22099517    0.23846715    0.00806508    0.00000000    0.02239031    0.39740937    0.39226386    0.40408234    0.35840638
T4             0.30658520    0.37889703    0.37632360    0.40056517    0.40866986    0.41115068    0.40866986    0.40882931    0.41696623    0.37439705    0.38653124    0.26126441    0.26375114    0.24951245    0.24951245    0.22402951    0.24167141    0.02239031    0.02239031    0.00000000    0.41394647    0.41288112    0.42108520    0.35895762
T1             0.21378479    0.44435795    0.43899144    0.39434859    0.40229085    0.40481025    0.40229085    0.39617221    0.40408234    0.39290785    0.41726411    0.41255373    0.41922173    0.38251397    0.38521450    0.39677022    0.40786964    0.40525635    0.39740937    0.41394647    0.00000000    0.07834234    0.08521207    0.29014191
T20            0.21425745    0.42251762    0.41726411    0.35394037    0.36129534    0.36009995    0.35760425    0.36319935    0.37063638    0.34969022    0.37199823    0.39704486    0.40359162    0.37513402    0.37148473    0.39290785    0.40393084    0.40011154    0.39226386    0.41288112    0.07834234    0.00000000    0.01415507    0.28853831
T5             0.21763158    0.43068628    0.42543352    0.36501404    0.37253596    0.37125600    0.36876077    0.37439705    0.38200483    0.36044266    0.38327969    0.40473881    0.41134524    0.38251397    0.37881030    0.40066284    0.41183990    0.41212039    0.40408234    0.42108520    0.08521207    0.01415507    0.00000000    0.29270494
T19            0.08496312    0.38251397    0.36981946    0.34204555    0.34918881    0.35532085    0.34560435    0.35840638    0.36573347    0.33570615    0.35374679    0.40721350    0.42451143    0.37984269    0.37984269    0.36774240    0.37458541    0.36573347    0.35840638    0.35895762    0.29014191    0.28853831    0.29270494    0.00000000

