24
T20            0.00000000    0.21210932    0.22361336    0.24103817    0.22684141    0.22361336    0.22391488    0.22361336    0.22594035    0.20341733    0.20341733    0.24337592    0.29405850    0.29448558    0.22653131    0.24210181    0.22978521    0.23506243    0.17966522    0.18550474    0.18574075    0.13213500    0.19166604    0.11742204
T17            0.21210932    0.00000000    0.02450781    0.10624821    0.18550474    0.17718608    0.18278553    0.18256584    0.17986871    0.16642935    0.16642935    0.20670736    0.22946643    0.22623095    0.18574075    0.19401131    0.17739118    0.17966522    0.23918221    0.25178401    0.25212475    0.23179333    0.28252959    0.23241892
T1             0.22361336    0.02450781    0.00000000    0.11593776    0.19098803    0.18527764    0.19375245    0.19350264    0.19074588    0.17698980    0.17698980    0.21523692    0.24138272    0.23804135    0.20525645    0.20525645    0.18823885    0.19051275    0.25721842    0.27038091    0.27077975    0.24370946    0.29532326    0.23837685
T18            0.24103817    0.10624821    0.11593776    0.00000000    0.21265514    0.20441255    0.20468461    0.20723960    0.20723960    0.18800427    0.18800427    0.23538899    0.27673721    0.27315075    0.22978521    0.22749071    0.21552280    0.21782818    0.25930790    0.27238679    0.27276336    0.26174479    0.28853716    0.24708636
T21            0.22684141    0.18550474    0.19098803    0.21265514    0.00000000    0.08089102    0.07869865    0.08089102    0.07841424    0.06498444    0.06498444    0.18256584    0.21294222    0.21037102    0.17246237    0.19484193    0.17805920    0.18301409    0.25145362    0.26448358    0.26174479    0.23804135    0.30725285    0.24173728
T9             0.22361336    0.17718608    0.18527764    0.20441255    0.08089102    0.00000000    0.02238936    0.07205632    0.06960503    0.05841002    0.05841002    0.17397687    0.21496055    0.21237750    0.17760509    0.19735939    0.17513786    0.18008106    0.24273926    0.25863595    0.25591723    0.22015524    0.29391688    0.22653131
T22            0.22391488    0.18278553    0.19375245    0.20468461    0.07869865    0.02238936    0.00000000    0.06989001    0.06744029    0.05419310    0.05419310    0.17150833    0.22100542    0.21840705    0.17782777    0.20048033    0.17805920    0.18301409    0.24605830    0.26213501    0.25940730    0.22042898    0.28853716    0.22100542
T14            0.22361336    0.18256584    0.19350264    0.20723960    0.08089102    0.07205632    0.06989001    0.00000000    0.02236511    0.06282590    0.06282590    0.18735457    0.22716122    0.22454687    0.17760509    0.20017854    0.17782777    0.18278553    0.26028890    0.27354894    0.27077975    0.22594035    0.28756125    0.22946643
T13            0.22594035    0.17986871    0.19074588    0.20723960    0.07841424    0.06960503    0.06744029    0.02236511    0.00000000    0.06051142    0.06051142    0.17662386    0.22130807    0.21871080    0.16659754    0.20242131    0.18008106    0.18505950    0.25657264    0.26961538    0.26685467    0.22828943    0.29647153    0.23179333
T4             0.20341733    0.16642935    0.17698980    0.18800427    0.06498444    0.05841002    0.05419310    0.06282590    0.06051142    0.00000000    0.00000000    0.16857589    0.20341733    0.20086463    0.15895753    0.17782777    0.15653720    0.16138638    0.23357887    0.24305251    0.24037915    0.20902366    0.27594544    0.21237750
T19            0.20341733    0.16642935    0.17698980    0.18800427    0.06498444    0.05841002    0.05419310    0.06282590    0.06051142    0.00000000    0.00000000    0.16857589    0.20341733    0.20086463    0.15895753    0.17782777    0.15653720    0.16138638    0.23357887    0.24305251    0.24037915    0.20902366    0.27594544    0.21237750
T23            0.24337592    0.20670736    0.21523692    0.23538899    0.18256584    0.17397687    0.17150833    0.18735457    0.17662386    0.16857589    0.16857589    0.00000000    0.19932767    0.19401131    0.15706286    0.19932767    0.18256584    0.18485033    0.28677959    0.30064537    0.29448558    0.26099580    0.31167426    0.25790626
T11            0.29405850    0.22946643    0.24138272    0.27673721    0.21294222    0.21496055    0.22100542    0.22716122    0.22130807    0.20341733    0.20341733    0.19932767    0.00000000    0.00602723    0.12227830    0.24744935    0.22915744    0.23149536    0.30184529    0.31515088    0.31899164    0.31313243    0.34948969    0.31408595
T16            0.29448558    0.22623095    0.23804135    0.27315075    0.21037102    0.21237750    0.21840705    0.22454687    0.21871080    0.20086463    0.20086463    0.19401131    0.00602723    0.00000000    0.11996524    0.24477058    0.22653131    0.22885826    0.29896482    0.31222630    0.31605609    0.31022057    0.35256242    0.31117457
T3             0.22653131    0.18574075    0.20525645    0.22978521    0.17246237    0.17760509    0.17782777    0.17760509    0.16659754    0.15895753    0.15895753    0.15706286    0.12227830    0.11996524    0.00000000    0.17907190    0.16801631    0.17290487    0.23679927    0.24573599    0.25212475    0.22303941    0.28188487    0.23538899
T0             0.24210181    0.19401131    0.20525645    0.22749071    0.19484193    0.19735939    0.20048033    0.20017854    0.20242131    0.17782777    0.17782777    0.19932767    0.24744935    0.24477058    0.17907190    0.00000000    0.05852939    0.06282590    0.25863595    0.27118927    0.27480803    0.25980854    0.32103597    0.24820564
T6             0.22978521    0.17739118    0.18823885    0.21552280    0.17805920    0.17513786    0.17805920    0.17782777    0.18008106    0.15653720    0.15653720    0.18256584    0.22915744    0.22653131    0.16801631    0.05852939    0.00000000    0.00804444    0.24542392    0.26448358    0.26174479    0.24405310    0.28535930    0.23274648
T10            0.23506243    0.17966522    0.19051275    0.21782818    0.18301409    0.18008106    0.18301409    0.18278553    0.18505950    0.16138638    0.16138638    0.18485033    0.23149536    0.22885826    0.17290487    0.06282590    0.00804444    0.00000000    0.24781829    0.26373619    0.26099580    0.24942403    0.28787505    0.23804135
T5             0.17966522    0.23918221    0.25721842    0.25930790    0.25145362    0.24273926    0.24605830    0.26028890    0.25657264    0.23357887    0.23357887    0.28677959    0.30184529    0.29896482    0.23679927    0.25863595    0.24542392    0.24781829    0.00000000    0.02444427    0.02031451    0.17928497    0.26064002    0.19280775
T7             0.18550474    0.25178401    0.27038091    0.27238679    0.26448358    0.25863595    0.26213501    0.27354894    0.26961538    0.24305251    0.24305251    0.30064537    0.31515088    0.31222630    0.24573599    0.27118927    0.26448358    0.26373619    0.02444427    0.00000000    0.01212507    0.18505950    0.26421527    0.19880606
T15            0.18574075    0.25212475    0.27077975    0.27276336    0.26174479    0.25591723    0.25940730    0.27077975    0.26685467    0.24037915    0.24037915    0.29448558    0.31899164    0.31605609    0.25212475    0.27480803    0.26174479    0.26099580    0.02031451    0.01212507    0.00000000    0.18527764    0.26757772    0.19906229
T8             0.13213500    0.23179333    0.24370946    0.26174479    0.23804135    0.22015524    0.22042898    0.22594035    0.22828943    0.20902366    0.20902366    0.26099580    0.31313243    0.31022057    0.22303941    0.25980854    0.24405310    0.24942403    0.17928497    0.18505950    0.18527764    0.00000000    0.13892712    0.06960503
T12            0.19166604    0.28252959    0.29532326    0.28853716    0.30725285    0.29391688    0.28853716    0.28756125    0.29647153    0.27594544    0.27594544    0.31167426    0.34948969    0.35256242    0.28188487    0.32103597    0.28535930    0.28787505    0.26064002    0.26421527    0.26757772    0.13892712    0.00000000    0.13375208
T2             0.11742204    0.23241892    0.23837685    0.24708636    0.24173728    0.22653131    0.22100542    0.22946643    0.23179333    0.21237750    0.21237750    0.25790626    0.31408595    0.31117457    0.23538899    0.24820564    0.23274648    0.23804135    0.19280775    0.19880606    0.19906229    0.06960503    0.13375208    0.00000000

