24
T4             0.00000000    0.44955540    0.43501527    0.46447477    0.42907929    0.44182861    0.44789993    0.46000960    0.44022100    0.44871953    0.44445216    0.53638880    0.53131835    0.50890856    0.46637838    0.45834078    0.47155516    0.45746114    0.43501955    0.52748480    0.52895540    0.45216064    0.46189982    0.43867012
T18            0.44955540    0.00000000    0.03069904    0.05408004    0.06735876    0.05639243    0.14916763    0.15670933    0.15189792    0.15189792    0.14423946    0.18625215    0.18350978    0.16250232    0.13966305    0.22567232    0.20646591    0.19029715    0.20087380    0.24105810    0.23710986    0.20498100    0.19856955    0.19281589
T20            0.43501527    0.03069904    0.00000000    0.03910521    0.05206761    0.04133956    0.13199526    0.13934519    0.13463462    0.13463462    0.12718583    0.17070312    0.16802695    0.14749279    0.12268709    0.21212148    0.18506763    0.18279487    0.19327201    0.23013344    0.22624614    0.19178258    0.18551472    0.18257427
T23            0.46447477    0.05408004    0.03910521    0.00000000    0.04559894    0.03497263    0.12965641    0.13698589    0.13229132    0.12732548    0.12980221    0.17094798    0.16826458    0.14769161    0.12779161    0.21525100    0.18801398    0.18031185    0.19075627    0.22456584    0.22072701    0.18928089    0.19125148    0.17739928
T10            0.42907929    0.06735876    0.05206761    0.04559894    0.00000000    0.02660488    0.13185922    0.13919843    0.13448433    0.13448433    0.13199526    0.17856060    0.17584803    0.15506009    0.13245129    0.20954684    0.17987652    0.17493078    0.18528671    0.21872796    0.21784196    0.18376572    0.18575165    0.17472323
T15            0.44182861    0.05639243    0.04133956    0.03497263    0.02660488    0.00000000    0.13714250    0.14456680    0.13983410    0.13983410    0.13730714    0.18182843    0.17908597    0.15811704    0.13531559    0.21295766    0.18575165    0.18350978    0.19402432    0.23118097    0.22424387    0.19264612    0.19457098    0.17783760
T11            0.44789993    0.14916763    0.13199526    0.12965641    0.13185922    0.13714250    0.00000000    0.00602724    0.01008421    0.01212515    0.00805160    0.18302433    0.18031185    0.16209765    0.13934519    0.22226114    0.21113950    0.19220041    0.20833570    0.24575266    0.24783182    0.20954684    0.20598784    0.20576297
T0             0.46000960    0.15670933    0.13934519    0.13698589    0.13919843    0.14456680    0.00602724    0.00000000    0.01620831    0.01827035    0.01415477    0.19099937    0.18824950    0.16980918    0.14677923    0.22488523    0.21655727    0.19746797    0.21372963    0.24306954    0.24513607    0.21497351    0.21137067    0.20833570
T9             0.44022100    0.15189792    0.13463462    0.13229132    0.13448433    0.13983410    0.01008421    0.01620831    0.00000000    0.01420038    0.01010168    0.18054274    0.17783760    0.15967589    0.13698589    0.21964681    0.20855893    0.19513102    0.21137067    0.24910134    0.25114952    0.21266949    0.20903395    0.20879169
T6             0.44871953    0.15189792    0.13463462    0.12732548    0.13448433    0.13983410    0.01212515    0.01827035    0.01420038    0.00000000    0.01214682    0.18054274    0.17783760    0.16492946    0.14202700    0.22540011    0.21419836    0.19513102    0.21137067    0.24910134    0.25114952    0.21266949    0.20903395    0.20598784
T7             0.44445216    0.14423946    0.12718583    0.12980221    0.13199526    0.13730714    0.00805160    0.01415477    0.01010168    0.01214682    0.00000000    0.18326265    0.18054274    0.16229575    0.13698589    0.22251516    0.21137067    0.19239637    0.20855893    0.24607631    0.24813373    0.20981741    0.20064574    0.20598784
T13            0.53638880    0.18625215    0.17070312    0.17094798    0.17856060    0.18182843    0.18302433    0.19099937    0.18054274    0.18054274    0.18326265    0.00000000    0.00200402    0.03483315    0.08290271    0.24513607    0.24372911    0.23540820    0.25286000    0.27997529    0.28194699    0.24479414    0.24979775    0.23150990
T14            0.53131835    0.18350978    0.16802695    0.16826458    0.17584803    0.17908597    0.18031185    0.18824950    0.17783760    0.17783760    0.18054274    0.00200402    0.00000000    0.03272763    0.08061355    0.24215634    0.24072228    0.23243716    0.24979775    0.27676521    0.27874730    0.24175977    0.24675419    0.22858257
T5             0.50890856    0.16250232    0.14749279    0.14769161    0.15506009    0.15811704    0.16209765    0.16980918    0.15967589    0.16492946    0.16229575    0.03483315    0.03272763    0.00000000    0.06945079    0.22277897    0.21553799    0.21784196    0.23243716    0.26176964    0.26375783    0.22751063    0.22654769    0.20954684
T21            0.46637838    0.13966305    0.12268709    0.12779161    0.13245129    0.13531559    0.13934519    0.14677923    0.13698589    0.14202700    0.13698589    0.08290271    0.08061355    0.06945079    0.00000000    0.20021766    0.19534374    0.19856955    0.21497351    0.24105810    0.24306954    0.21068536    0.20698156    0.19008120
T19            0.45834078    0.22567232    0.21212148    0.21525100    0.20954684    0.21295766    0.22226114    0.22488523    0.21964681    0.22540011    0.22251516    0.24513607    0.24215634    0.22277897    0.20021766    0.00000000    0.14456680    0.20576297    0.22513774    0.25214484    0.25114952    0.21497351    0.22277897    0.20598784
T17            0.47155516    0.20646591    0.18506763    0.18801398    0.17987652    0.18575165    0.21113950    0.21655727    0.20855893    0.21419836    0.21137067    0.24372911    0.24072228    0.21553799    0.19534374    0.14456680    0.00000000    0.19810110    0.20366201    0.24339426    0.24245055    0.19327201    0.20087380    0.18697169
T3             0.45746114    0.19029715    0.18279487    0.18031185    0.17493078    0.18350978    0.19220041    0.19746797    0.19513102    0.19513102    0.19239637    0.23540820    0.23243716    0.21784196    0.19856955    0.20576297    0.19810110    0.00000000    0.03907104    0.10174023    0.10135571    0.05632720    0.06289310    0.15706972
T22            0.43501955    0.20087380    0.19327201    0.19075627    0.18528671    0.19402432    0.20833570    0.21372963    0.21137067    0.21137067    0.20855893    0.25286000    0.24979775    0.23243716    0.21497351    0.22513774    0.20366201    0.03907104    0.00000000    0.10865734    0.10826587    0.06952526    0.06945079    0.16452785
T2             0.52748480    0.24105810    0.23013344    0.22456584    0.21872796    0.23118097    0.24575266    0.24306954    0.24910134    0.24910134    0.24607631    0.27997529    0.27676521    0.26176964    0.24105810    0.25214484    0.24339426    0.10174023    0.10865734    0.00000000    0.01619058    0.09239943    0.09462758    0.20243661
T16            0.52895540    0.23710986    0.22624614    0.22072701    0.21784196    0.22424387    0.24783182    0.24513607    0.25114952    0.25114952    0.24813373    0.28194699    0.27874730    0.26375783    0.24306954    0.25114952    0.24245055    0.10135571    0.10826587    0.01619058    0.00000000    0.09674608    0.09196163    0.20161370
T1             0.45216064    0.20498100    0.19178258    0.18928089    0.18376572    0.19264612    0.20954684    0.21497351    0.21266949    0.21266949    0.20981741    0.24479414    0.24175977    0.22751063    0.21068536    0.21497351    0.19327201    0.05632720    0.06952526    0.09239943    0.09674608    0.00000000    0.03910521    0.15767315
T8             0.46189982    0.19856955    0.18551472    0.19125148    0.18575165    0.19457098    0.20598784    0.21137067    0.20903395    0.20903395    0.20064574    0.24979775    0.24675419    0.22654769    0.20698156    0.22277897    0.20087380    0.06289310    0.06945079    0.09462758    0.09196163    0.03910521    0.00000000    0.15967589
T12            0.43867012    0.19281589    0.18257427    0.17739928    0.17472323    0.17783760    0.20576297    0.20833570    0.20879169    0.20598784    0.20598784    0.23150990    0.22858257    0.20954684    0.19008120    0.20598784    0.18697169    0.15706972    0.16452785    0.20243661    0.20161370    0.15767315    0.15967589    0.00000000

