24
T17            0.00000000    0.24682068    0.24379319    0.25256672    0.22954016    0.24449710    0.25730278    0.25730278    0.26898469    0.30815952    0.31067064    0.35224298    0.32457945    0.41840273    0.41773068    0.36937514    0.37371049    0.35889909    0.37193642    0.28203286    0.28444637    0.06493091    0.06715409    0.06493091
T4             0.24682068    0.00000000    0.00603648    0.03281011    0.02871170    0.05450706    0.06283023    0.05841336    0.06938726    0.20558309    0.20558309    0.25002245    0.22398546    0.37811645    0.38128492    0.33050772    0.35754191    0.34305304    0.35581387    0.27009571    0.26934422    0.26277922    0.26277922    0.26277922
T11            0.24379319    0.00603648    0.00000000    0.03069992    0.02660590    0.05229847    0.06061689    0.05621954    0.06715409    0.20837280    0.20837280    0.24407677    0.22107306    0.38193274    0.38511582    0.32701279    0.35387994    0.33949581    0.35219208    0.26695367    0.26311925    0.26277922    0.26277922    0.26277922
T23            0.25256672    0.03281011    0.03069992    0.00000000    0.04134156    0.06108973    0.06498870    0.06056205    0.07156461    0.21095533    0.21095533    0.25274223    0.22077721    0.40874232    0.41203272    0.34777280    0.37560769    0.36062821    0.37371049    0.28893299    0.28807954    0.26863600    0.26863600    0.26863600
T8             0.22954016    0.02871170    0.02660590    0.04134156    0.00000000    0.05009964    0.06505346    0.06061689    0.06715409    0.20602600    0.20602600    0.23870366    0.21588561    0.36806156    0.37118869    0.31423661    0.34058086    0.32650160    0.33897223    0.25527696    0.25458028    0.24819303    0.24819303    0.24819303
T10            0.24449710    0.05450706    0.05229847    0.06108973    0.05009964    0.00000000    0.06297048    0.05853382    0.06952995    0.20602600    0.20602600    0.25059580    0.22169364    0.38965428    0.39286730    0.32701279    0.35387994    0.33949581    0.34859648    0.24682068    0.24013883    0.25424762    0.25424762    0.25424762
T18            0.25730278    0.06283023    0.06061689    0.06498870    0.06505346    0.06297048    0.00000000    0.00401617    0.03497410    0.21573974    0.21573974    0.25821352    0.22892610    0.38520673    0.38841474    0.33053709    0.35369403    0.33956698    0.34610888    0.28727103    0.28650766    0.27043344    0.27043344    0.27043344
T22            0.25730278    0.05841336    0.05621954    0.06056205    0.06061689    0.05853382    0.00401617    0.00000000    0.03073567    0.21016066    0.21016066    0.25221432    0.22310148    0.38900793    0.39223045    0.33399516    0.35728938    0.34306131    0.34964036    0.28086600    0.28014381    0.27043344    0.27043344    0.27043344
T15            0.26898469    0.06938726    0.06715409    0.07156461    0.06715409    0.06952995    0.03497410    0.03073567    0.00000000    0.22380929    0.22380929    0.25520488    0.23127226    0.39163695    0.39487348    0.33654441    0.35271339    0.33868643    0.34520516    0.28405821    0.28972039    0.27602277    0.27602277    0.27602277
T19            0.30815952    0.20558309    0.20837280    0.21095533    0.20602600    0.20602600    0.21573974    0.21016066    0.22380929    0.00000000    0.01007298    0.16384935    0.12734080    0.45819485    0.46171843    0.41310638    0.42443158    0.41643263    0.42650328    0.36455899    0.37082230    0.32881804    0.32881804    0.32881804
T5             0.31067064    0.20558309    0.20837280    0.21095533    0.20602600    0.20602600    0.21573974    0.21016066    0.22380929    0.01007298    0.00000000    0.16125576    0.12487543    0.45819485    0.46171843    0.41310638    0.42443158    0.41643263    0.42650328    0.35728938    0.36349944    0.32467011    0.32467011    0.32467011
T14            0.35224298    0.25002245    0.24407677    0.25274223    0.23870366    0.25059580    0.25821352    0.25221432    0.25520488    0.16384935    0.16125576    0.00000000    0.10095513    0.49946284    0.50318560    0.43671486    0.46525900    0.44424843    0.45470538    0.43256126    0.42847981    0.37051293    0.37051293    0.37051293
T20            0.32457945    0.22398546    0.22107306    0.22077721    0.21588561    0.22169364    0.22892610    0.22310148    0.23127226    0.12734080    0.12487543    0.10095513    0.00000000    0.47034026    0.47391817    0.39812446    0.43740095    0.40917019    0.41643263    0.37625833    0.37508864    0.34565047    0.34565047    0.34565047
T16            0.41840273    0.37811645    0.38193274    0.40874232    0.36806156    0.38965428    0.38520673    0.38900793    0.39163695    0.45819485    0.45819485    0.49946284    0.47034026    0.00000000    0.00401108    0.12255828    0.13201084    0.11974448    0.12916550    0.48527842    0.49719792    0.43119439    0.43527568    0.43119439
T21            0.41773068    0.38128492    0.38511582    0.41203272    0.37118869    0.39286730    0.38841474    0.39223045    0.39487348    0.46171843    0.46171843    0.50318560    0.47391817    0.00401108    0.00000000    0.12734080    0.13685399    0.12449636    0.13397727    0.48891299    0.50088997    0.43053486    0.43459939    0.43053486
T7             0.36937514    0.33050772    0.32701279    0.34777280    0.31423661    0.32701279    0.33053709    0.33399516    0.33654441    0.41310638    0.41310638    0.43671486    0.39812446    0.12255828    0.12734080    0.00000000    0.09463740    0.08300095    0.08752021    0.40655971    0.42534306    0.38520673    0.38900793    0.38520673
T6             0.37371049    0.35754191    0.35387994    0.37560769    0.34058086    0.35387994    0.35369403    0.35728938    0.35271339    0.42443158    0.42443158    0.46525900    0.43740095    0.13201084    0.13685399    0.09463740    0.00000000    0.02034149    0.02442252    0.43025899    0.44126400    0.40914655    0.41314651    0.40914655
T13            0.35889909    0.34305304    0.33949581    0.36062821    0.32650160    0.33949581    0.33956698    0.34306131    0.33868643    0.41643263    0.41643263    0.44424843    0.40917019    0.11974448    0.12449636    0.08300095    0.02034149    0.00000000    0.01414142    0.41386192    0.42459281    0.38579959    0.38961544    0.38579959
T3             0.37193642    0.35581387    0.35219208    0.37371049    0.33897223    0.34859648    0.34610888    0.34964036    0.34520516    0.42650328    0.42650328    0.45470538    0.41643263    0.12916550    0.13397727    0.08752021    0.02442252    0.01414142    0.00000000    0.42385801    0.43473087    0.40321758    0.40713848    0.40321758
T12            0.28203286    0.27009571    0.26695367    0.28893299    0.25527696    0.24682068    0.28727103    0.28086600    0.28405821    0.36455899    0.35728938    0.43256126    0.37625833    0.48527842    0.48891299    0.40655971    0.43025899    0.41386192    0.42385801    0.00000000    0.01620861    0.28578964    0.28261798    0.28578964
T2             0.28444637    0.26934422    0.26311925    0.28807954    0.25458028    0.24013883    0.28650766    0.28014381    0.28972039    0.37082230    0.36349944    0.42847981    0.37508864    0.49719792    0.50088997    0.42534306    0.44126400    0.42459281    0.43473087    0.01620861    0.00000000    0.28828873    0.28511717    0.28828873
T0             0.06493091    0.26277922    0.26277922    0.26863600    0.24819303    0.25424762    0.27043344    0.27043344    0.27602277    0.32881804    0.32467011    0.37051293    0.34565047    0.43119439    0.43053486    0.38520673    0.40914655    0.38579959    0.40321758    0.28578964    0.28828873    0.00000000    0.00200403    0.00000000
T9             0.06715409    0.26277922    0.26277922    0.26863600    0.24819303    0.25424762    0.27043344    0.27043344    0.27602277    0.32881804    0.32467011    0.37051293    0.34565047    0.43527568    0.43459939    0.38900793    0.41314651    0.38961544    0.40713848    0.28261798    0.28511717    0.00200403    0.00000000    0.00200403
T1             0.06493091    0.26277922    0.26277922    0.26863600    0.24819303    0.25424762    0.27043344    0.27043344    0.27602277    0.32881804    0.32467011    0.37051293    0.34565047    0.43119439    0.43053486    0.38520673    0.40914655    0.38579959    0.40321758    0.28578964    0.28828873    0.00000000    0.00200403    0.00000000

