24
T23            0.00000000    0.27348121    0.29888330    0.32431153    0.31170197    0.32972002    0.24902699    0.25477771    0.33484576    0.33003769    0.35050966    0.31448879    0.30868101    0.30481784    0.30530040    0.38029294    0.39436216    0.39759794    0.37022921    0.37022921    0.38221380    0.36897663    0.18774803    0.19828684
T12            0.27348121    0.00000000    0.09147176    0.09170224    0.14509303    0.13314670    0.17468935    0.17984068    0.22852273    0.21465322    0.23735030    0.20550359    0.20361580    0.20617527    0.18983615    0.28069485    0.29276750    0.28597229    0.26572067    0.26572067    0.26606669    0.25784672    0.15945623    0.19120731
T6             0.29888330    0.09147176    0.00000000    0.11927026    0.17511138    0.16713003    0.18983615    0.19509066    0.25562385    0.24719319    0.25562385    0.23187445    0.22699413    0.22435770    0.21565819    0.30316548    0.30970510    0.30540203    0.29097452    0.29097452    0.28562280    0.28279603    0.18963928    0.22272320
T8             0.32431153    0.09170224    0.11927026    0.00000000    0.18322235    0.17827166    0.20693132    0.21233794    0.26918355    0.25749776    0.27625975    0.23913111    0.23735030    0.24001358    0.22561455    0.31127881    0.32389983    0.32346729    0.29562412    0.29562412    0.29928595    0.28748251    0.20437600    0.23269827
T1             0.31170197    0.14509303    0.17511138    0.18322235    0.00000000    0.02862810    0.21233794    0.21778647    0.28388128    0.27510074    0.29200227    0.25076765    0.24902699    0.24633672    0.22824328    0.32972002    0.34634109    0.33518946    0.32034333    0.32034333    0.31741016    0.30868101    0.20693132    0.22941981
T18            0.32972002    0.13314670    0.16713003    0.17827166    0.02862810    0.00000000    0.21807097    0.22356927    0.29113664    0.27586259    0.29956133    0.25749776    0.25585830    0.25315104    0.23469697    0.33674262    0.35356684    0.34223674    0.32726859    0.32726859    0.32431153    0.31896234    0.22189816    0.24508995
T22            0.24902699    0.17468935    0.18983615    0.20693132    0.21233794    0.21807097    0.00000000    0.00401105    0.16733270    0.15764261    0.19347006    0.13148282    0.12458589    0.12446860    0.13197673    0.22648597    0.23766567    0.24332324    0.22066950    0.22066950    0.22096236    0.21319854    0.14454318    0.16489758
T10            0.25477771    0.17984068    0.19509066    0.21233794    0.21778647    0.22356927    0.00401105    0.00000000    0.17243673    0.16268498    0.19322940    0.13137948    0.12446860    0.12435921    0.13184124    0.23205350    0.24332324    0.24902699    0.22618579    0.22618579    0.22648597    0.21866847    0.14947950    0.16998604
T11            0.33484576    0.22852273    0.25562385    0.26918355    0.28388128    0.29113664    0.16733270    0.17243673    0.00000000    0.03694635    0.19488806    0.16120885    0.15893557    0.16136361    0.15893557    0.27473609    0.28992222    0.29601609    0.26848283    0.26848283    0.25956376    0.25139720    0.19235753    0.20617527
T21            0.33003769    0.21465322    0.24719319    0.25749776    0.27510074    0.27586259    0.15764261    0.16268498    0.03694635    0.00000000    0.19299779    0.15635758    0.14675589    0.14914386    0.15187233    0.26992712    0.28506650    0.29113664    0.26679066    0.26679066    0.26093471    0.25277980    0.19048120    0.20437600
T19            0.35050966    0.23735030    0.25562385    0.27625975    0.29200227    0.29956133    0.19347006    0.19322940    0.19488806    0.19299779    0.00000000    0.11995305    0.11806306    0.12036265    0.11319582    0.28992222    0.30216389    0.30836662    0.28748251    0.28748251    0.28145344    0.27625975    0.21350412    0.23269827
T3             0.31448879    0.20550359    0.23187445    0.23913111    0.25076765    0.25749776    0.13148282    0.13137948    0.16120885    0.15635758    0.11995305    0.00000000    0.03483208    0.03692337    0.05189827    0.26199174    0.27370759    0.27963983    0.25046841    0.25046841    0.24477690    0.23970934    0.17944248    0.19805823
T13            0.30868101    0.20361580    0.22699413    0.23735030    0.24902699    0.25585830    0.12458589    0.12446860    0.15893557    0.14675589    0.11806306    0.03483208    0.00000000    0.01006769    0.04559641    0.25715923    0.26882782    0.27473609    0.23970934    0.23970934    0.24300001    0.23799097    0.17222852    0.19071426
T14            0.30481784    0.20617527    0.22435770    0.24001358    0.24633672    0.25315104    0.12446860    0.12435921    0.16136361    0.14914386    0.12036265    0.03692337    0.01006769    0.00000000    0.04770663    0.25683114    0.26848283    0.27438233    0.24238384    0.24238384    0.24568225    0.24065213    0.17468935    0.19322940
T0             0.30530040    0.18983615    0.21565819    0.22561455    0.22824328    0.23469697    0.13197673    0.13184124    0.15893557    0.15187233    0.11319582    0.05189827    0.04559641    0.04770663    0.00000000    0.26022822    0.27195443    0.27789233    0.25172745    0.25172745    0.24001358    0.24098640    0.17222852    0.19071426
T2             0.38029294    0.28069485    0.30316548    0.31127881    0.32972002    0.33674262    0.22648597    0.23205350    0.27473609    0.26992712    0.28992222    0.26199174    0.25715923    0.25683114    0.26022822    0.00000000    0.03710339    0.03280784    0.04756892    0.04756892    0.05413053    0.04343640    0.26716856    0.27826699
T9             0.39436216    0.29276750    0.30970510    0.32389983    0.34634109    0.35356684    0.23766567    0.24332324    0.28992222    0.28506650    0.30216389    0.27370759    0.26882782    0.26848283    0.27195443    0.03710339    0.00000000    0.03705441    0.06276341    0.06276341    0.06951990    0.05859643    0.28548368    0.30012573
T20            0.39759794    0.28597229    0.30540203    0.32346729    0.33518946    0.34223674    0.24332324    0.24902699    0.29601609    0.29113664    0.30836662    0.27963983    0.27473609    0.27438233    0.27789233    0.03280784    0.03705441    0.00000000    0.06492367    0.06492367    0.06944572    0.05852657    0.28506650    0.29726047
T16            0.37022921    0.26572067    0.29097452    0.29562412    0.32034333    0.32726859    0.22066950    0.22618579    0.26848283    0.26679066    0.28748251    0.25046841    0.23970934    0.24238384    0.25172745    0.04756892    0.06276341    0.06492367    0.00000000    0.00000000    0.03274729    0.02236470    0.25934631    0.27666771
T17            0.37022921    0.26572067    0.29097452    0.29562412    0.32034333    0.32726859    0.22066950    0.22618579    0.26848283    0.26679066    0.28748251    0.25046841    0.23970934    0.24238384    0.25172745    0.04756892    0.06276341    0.06492367    0.00000000    0.00000000    0.03274729    0.02236470    0.25934631    0.27666771
T4             0.38221380    0.26606669    0.28562280    0.29928595    0.31741016    0.32431153    0.22096236    0.22648597    0.25956376    0.26093471    0.28145344    0.24477690    0.24300001    0.24568225    0.24001358    0.05413053    0.06951990    0.06944572    0.03274729    0.03274729    0.00000000    0.01006769    0.25277980    0.26992712
T5             0.36897663    0.25784672    0.28279603    0.28748251    0.30868101    0.31896234    0.21319854    0.21866847    0.25139720    0.25277980    0.27625975    0.23970934    0.23799097    0.24065213    0.24098640    0.04343640    0.05859643    0.05852657    0.02236470    0.02236470    0.01006769    0.00000000    0.24168480    0.25548780
T15            0.18774803    0.15945623    0.18963928    0.20437600    0.20693132    0.22189816    0.14454318    0.14947950    0.19235753    0.19048120    0.21350412    0.17944248    0.17222852    0.17468935    0.17222852    0.26716856    0.28548368    0.28506650    0.25934631    0.25934631    0.25277980    0.24168480    0.00000000    0.05616933
T7             0.19828684    0.19120731    0.22272320    0.23269827    0.22941981    0.24508995    0.16489758    0.16998604    0.20617527    0.20437600    0.23269827    0.19805823    0.19071426    0.19322940    0.19071426    0.27826699    0.30012573    0.29726047    0.27666771    0.27666771    0.26992712    0.25548780    0.05616933    0.00000000

