24
T16            0.00000000    0.40532954    0.47749740    0.46216086    0.43300695    0.40929824    0.41550262    0.43203501    0.39444724    0.40314180    0.38414547    0.39989653    0.42203094    0.42116303    0.38803695    0.39517261    0.37645221    0.38663375    0.30763844    0.29763737    0.13800745    0.14252146    0.13781212    0.11805410
T14            0.40532954    0.00000000    0.09449295    0.10546837    0.10792451    0.06921627    0.06270893    0.06482776    0.13618898    0.14353439    0.14592516    0.15122809    0.17657815    0.19760552    0.16119393    0.17410394    0.13866429    0.15605235    0.49646223    0.48768904    0.38419169    0.38256421    0.36790991    0.37568447
T20            0.47749740    0.09449295    0.00000000    0.14470513    0.14488809    0.10849809    0.09696945    0.10623139    0.16975833    0.17221017    0.18772627    0.19093286    0.21804005    0.22645240    0.20153988    0.20973687    0.17201096    0.19320600    0.54767655    0.52844068    0.44403032    0.45013417    0.42929542    0.42592463
T18            0.46216086    0.10546837    0.14470513    0.00000000    0.05632181    0.08716529    0.08280746    0.08280746    0.15834641    0.16593667    0.18656404    0.18459999    0.21932040    0.23642939    0.19781533    0.20591630    0.17624788    0.19195511    0.53500564    0.52548021    0.44245695    0.45282352    0.42791929    0.41654955
T21            0.43300695    0.10792451    0.14488809    0.05632181    0.00000000    0.08494442    0.08060292    0.09427882    0.16104796    0.17130088    0.17376997    0.17640858    0.20826427    0.22455925    0.18710454    0.19506797    0.16593667    0.18138731    0.49719515    0.50166001    0.43486629    0.43950134    0.42053404    0.40929064
T1             0.40929824    0.06921627    0.10849809    0.08716529    0.08494442    0.00000000    0.01414099    0.03904132    0.13127483    0.13855910    0.14843779    0.15892078    0.18500877    0.20639145    0.16673368    0.17982085    0.14365199    0.15861653    0.47318081    0.46470510    0.38044602    0.38363516    0.37252261    0.36838445
T4             0.41550262    0.06270893    0.09696945    0.08280746    0.08060292    0.01414099    0.00000000    0.03277374    0.12668239    0.13393632    0.14127152    0.14658601    0.17221017    0.19320600    0.15684309    0.16975833    0.13158450    0.15137315    0.46672296    0.45828300    0.38594531    0.39946152    0.38419169    0.36988992
T23            0.43203501    0.06482776    0.10623139    0.08280746    0.09427882    0.03904132    0.03277374    0.00000000    0.13382704    0.14115192    0.14855968    0.16429416    0.19297480    0.20946801    0.17221017    0.18545313    0.14629682    0.16394596    0.48404276    0.47530786    0.40139210    0.41521247    0.39946152    0.38855050
T19            0.39444724    0.13618898    0.16975833    0.15834641    0.16104796    0.13127483    0.12668239    0.13382704    0.00000000    0.02442120    0.12690486    0.13210964    0.15462054    0.17241800    0.13460348    0.14488809    0.12225686    0.13680643    0.46388045    0.46388045    0.38336704    0.37898117    0.37151765    0.35284206
T0             0.40314180    0.14353439    0.17221017    0.16593667    0.17130088    0.13855910    0.13393632    0.14115192    0.02442120    0.00000000    0.13666676    0.14199209    0.16488024    0.18296368    0.14708135    0.15762617    0.13196642    0.14674295    0.47891080    0.47891080    0.39425102    0.38976249    0.38215705    0.36311891
T7             0.38414547    0.14592516    0.18772627    0.18656404    0.17376997    0.14843779    0.14127152    0.14855968    0.12690486    0.13666676    0.00000000    0.06066902    0.09215098    0.10359493    0.06497853    0.08068864    0.04972755    0.06276121    0.44568361    0.44293500    0.37200002    0.38914709    0.36020991    0.35597842
T3             0.39989653    0.15122809    0.19093286    0.18459999    0.17640858    0.15892078    0.14658601    0.16429416    0.13210964    0.14199209    0.06066902    0.00000000    0.05626366    0.06270893    0.03694562    0.05194537    0.05213116    0.06527593    0.48281516    0.48728005    0.39123515    0.39840027    0.37513782    0.36700929
T17            0.42203094    0.17657815    0.21804005    0.21932040    0.20826427    0.18500877    0.17221017    0.19297480    0.15462054    0.16488024    0.09215098    0.05626366    0.00000000    0.04349144    0.06735072    0.07858765    0.07661447    0.08794895    0.53708007    0.55208359    0.41783968    0.42531150    0.40489812    0.40019940
T12            0.42116303    0.19760552    0.22645240    0.23642939    0.22455925    0.20639145    0.19320600    0.20946801    0.17241800    0.18296368    0.10359493    0.06270893    0.04349144    0.00000000    0.07613273    0.09215098    0.08782596    0.09933917    0.53603984    0.54594270    0.42531150    0.43286788    0.41220131    0.40345250
T5             0.38803695    0.16119393    0.20153988    0.19781533    0.18710454    0.16673368    0.15684309    0.17221017    0.13460348    0.14708135    0.06497853    0.03694562    0.06735072    0.07613273    0.00000000    0.01417402    0.05418886    0.06288635    0.47400325    0.47400325    0.38210625    0.39303857    0.37013151    0.35850452
T22            0.39517261    0.17410394    0.20973687    0.20591630    0.19506797    0.17982085    0.16975833    0.18545313    0.14488809    0.15762617    0.08068864    0.05194537    0.07858765    0.09215098    0.01417402    0.00000000    0.06968581    0.07858765    0.49545432    0.49545432    0.38914709    0.40019940    0.37702687    0.36526223
T2             0.37645221    0.13866429    0.17201096    0.17624788    0.16593667    0.14365199    0.13158450    0.14629682    0.12225686    0.13196642    0.04972755    0.05213116    0.07661447    0.08782596    0.05418886    0.06968581    0.00000000    0.02870853    0.46534398    0.46534398    0.36450852    0.37136384    0.34929941    0.34875745
T6             0.38663375    0.15605235    0.19320600    0.19195511    0.18138731    0.15861653    0.15137315    0.16394596    0.13680643    0.14674295    0.06276121    0.06527593    0.08794895    0.09933917    0.06288635    0.07858765    0.02870853    0.00000000    0.47246536    0.47246536    0.38210625    0.38145385    0.35905993    0.35850452
T10            0.30763844    0.49646223    0.54767655    0.53500564    0.49719515    0.47318081    0.46672296    0.48404276    0.46388045    0.47891080    0.44568361    0.48281516    0.53708007    0.53603984    0.47400325    0.49545432    0.46534398    0.47246536    0.00000000    0.04549290    0.32423645    0.32864774    0.32272318    0.30716861
T15            0.29763737    0.48768904    0.52844068    0.52548021    0.50166001    0.46470510    0.45828300    0.47530786    0.46388045    0.47891080    0.44293500    0.48728005    0.55208359    0.54594270    0.47400325    0.49545432    0.46534398    0.47246536    0.04549290    0.00000000    0.31392598    0.32519918    0.31251797    0.29720078
T9             0.13800745    0.38419169    0.44403032    0.44245695    0.43486629    0.38044602    0.38594531    0.40139210    0.38336704    0.39425102    0.37200002    0.39123515    0.41783968    0.42531150    0.38210625    0.38914709    0.36450852    0.38210625    0.32423645    0.31392598    0.00000000    0.06270893    0.05185489    0.05616764
T11            0.14252146    0.38256421    0.45013417    0.45282352    0.43950134    0.38363516    0.39946152    0.41521247    0.37898117    0.38976249    0.38914709    0.39840027    0.42531150    0.43286788    0.39303857    0.40019940    0.37136384    0.38145385    0.32864774    0.32519918    0.06270893    0.00000000    0.02648432    0.07587375
T13            0.13781212    0.36790991    0.42929542    0.42791929    0.42053404    0.37252261    0.38419169    0.39946152    0.37151765    0.38215705    0.36020991    0.37513782    0.40489812    0.41220131    0.37013151    0.37702687    0.34929941    0.35905993    0.32272318    0.31251797    0.05185489    0.02648432    0.00000000    0.06482776
T8             0.11805410    0.37568447    0.42592463    0.41654955    0.40929064    0.36838445    0.36988992    0.38855050    0.35284206    0.36311891    0.35597842    0.36700929    0.40019940    0.40345250    0.35850452    0.36526223    0.34875745    0.35850452    0.30716861    0.29720078    0.05616764    0.07587375    0.06482776    0.00000000

