24
T21            0.00000000    0.39056808    0.32970540    0.33705711    0.34311755    0.34103597    0.34008095    0.33228479    0.33228479    0.33489152    0.33489152    0.38358531    0.37667296    0.31619968    0.36699503    0.35277403    0.34969901    0.33962276    0.37088559    0.33752867    0.35896379    0.35634396    0.09006803    0.09267504
T20            0.39056808    0.00000000    0.08734003    0.07826885    0.25123897    0.25838656    0.24616365    0.25395451    0.26006537    0.31671300    0.31671300    0.33250227    0.34007739    0.28448051    0.32548632    0.32409338    0.31185947    0.31477265    0.32757660    0.31633904    0.33706733    0.33817505    0.42198469    0.44916066
T19            0.32970540    0.08734003    0.00000000    0.03289733    0.21245486    0.21394783    0.20249713    0.20141474    0.20704242    0.26148981    0.26148981    0.29136841    0.29839656    0.23188605    0.27637361    0.27452301    0.26308340    0.26582179    0.28422671    0.27032966    0.28658430    0.28750381    0.35140748    0.37564600
T14            0.33705711    0.07826885    0.03289733    0.00000000    0.21273450    0.20849964    0.20279082    0.20448528    0.21016120    0.26187240    0.26187240    0.29179935    0.29886088    0.23516081    0.27047054    0.27818075    0.26668084    0.26942891    0.28565621    0.27403070    0.29032639    0.29129007    0.35896379    0.38358531
T7             0.34311755    0.25123897    0.21245486    0.21273450    0.00000000    0.03705796    0.06061849    0.06483895    0.06927541    0.28730652    0.28730652    0.31917618    0.33353476    0.26901619    0.30994819    0.31087432    0.30126425    0.30172828    0.31427425    0.30556944    0.31427425    0.31873010    0.39762281    0.40657464
T9             0.34103597    0.25838656    0.21394783    0.20849964    0.03705796    0.00000000    0.05654801    0.06736496    0.07187202    0.28614122    0.28614122    0.30126425    0.30845942    0.25530255    0.29872373    0.29648078    0.28703851    0.28750381    0.30318956    0.29797663    0.31342552    0.30763325    0.38790670    0.39676761
T23            0.34008095    0.24616365    0.20249713    0.20279082    0.06061849    0.05654801    0.00000000    0.03067106    0.03489146    0.28940740    0.28940740    0.30797259    0.32220133    0.26461254    0.31111976    0.30318956    0.29363615    0.29412351    0.29982386    0.29797663    0.31236972    0.31342552    0.39436962    0.39940005
T17            0.33228479    0.25395451    0.20141474    0.20448528    0.06483895    0.06736496    0.03067106    0.00000000    0.00401617    0.28127763    0.28127763    0.30614264    0.32013622    0.26314918    0.30958191    0.30797259    0.29839656    0.29886088    0.31136099    0.30269095    0.31378776    0.31477265    0.38574188    0.39436962
T18            0.33228479    0.26006537    0.20704242    0.21016120    0.06927541    0.07187202    0.03489146    0.00401617    0.00000000    0.28770415    0.28770415    0.31285053    0.32705416    0.26937478    0.30958191    0.31477265    0.30508246    0.30556944    0.31820786    0.30269095    0.32063439    0.32166697    0.38574188    0.39436962
T16            0.33489152    0.31671300    0.26148981    0.26187240    0.28730652    0.28614122    0.28940740    0.28127763    0.28770415    0.00000000    0.00000000    0.16126919    0.15626421    0.12897078    0.20501456    0.19332415    0.17992091    0.17744268    0.19609104    0.17497324    0.20070069    0.20116737    0.34560369    0.36029346
T10            0.33489152    0.31671300    0.26148981    0.26187240    0.28730652    0.28614122    0.28940740    0.28127763    0.28770415    0.00000000    0.00000000    0.16126919    0.15626421    0.12897078    0.20501456    0.19332415    0.17992091    0.17744268    0.19609104    0.17497324    0.20070069    0.20116737    0.34560369    0.36029346
T11            0.38358531    0.33250227    0.29136841    0.29179935    0.31917618    0.30126425    0.30797259    0.30614264    0.31285053    0.16126919    0.16126919    0.00000000    0.02037428    0.13589232    0.21245582    0.22547077    0.20348291    0.20652520    0.22837470    0.20628078    0.23074537    0.23188605    0.40201352    0.41468931
T12            0.37667296    0.34007739    0.29839656    0.29886088    0.33353476    0.30845942    0.32220133    0.32013622    0.32705416    0.15626421    0.15626421    0.02037428    0.00000000    0.14089713    0.21819629    0.22865624    0.20652520    0.20116737    0.23158588    0.20934692    0.23689197    0.23814324    0.39495735    0.40747095
T15            0.31619968    0.28448051    0.23188605    0.23516081    0.26901619    0.25530255    0.26461254    0.26314918    0.26937478    0.12897078    0.12897078    0.13589232    0.14089713    0.00000000    0.12439414    0.17933301    0.16630964    0.16647026    0.18240799    0.16142487    0.18432651    0.18740899    0.34096034    0.35586225
T13            0.36699503    0.32548632    0.27637361    0.27047054    0.30994819    0.29872373    0.31111976    0.30958191    0.30958191    0.20501456    0.20501456    0.21245582    0.21819629    0.12439414    0.00000000    0.25824946    0.24656115    0.24681141    0.26492218    0.23531993    0.25524054    0.26432247    0.38616080    0.40582914
T22            0.35277403    0.32409338    0.27452301    0.27818075    0.31087432    0.29648078    0.30318956    0.30797259    0.31477265    0.19332415    0.19332415    0.22547077    0.22865624    0.17933301    0.25824946    0.00000000    0.02233099    0.02440685    0.04120572    0.04977853    0.07145718    0.06710071    0.37421168    0.37515371
T1             0.34969901    0.31185947    0.26308340    0.26668084    0.30126425    0.28703851    0.29363615    0.29839656    0.30508246    0.17992091    0.17992091    0.20348291    0.20652520    0.16630964    0.24656115    0.02233099    0.00000000    0.01006790    0.03064835    0.03694928    0.06044171    0.05613819    0.36029346    0.36834956
T0             0.33962276    0.31477265    0.26582179    0.26942891    0.30172828    0.28750381    0.29412351    0.29886088    0.30556944    0.17744268    0.17744268    0.20652520    0.20116737    0.16647026    0.24681141    0.02440685    0.01006790    0.00000000    0.03277678    0.04124454    0.06488247    0.06056386    0.35717503    0.36882900
T3             0.37088559    0.32757660    0.28422671    0.28565621    0.31427425    0.30318956    0.29982386    0.31136099    0.31820786    0.19609104    0.19609104    0.22837470    0.23158588    0.18240799    0.26492218    0.04120572    0.03064835    0.03277678    0.00000000    0.05853503    0.08047089    0.07607397    0.38153458    0.39001977
T2             0.33752867    0.31633904    0.27032966    0.27403070    0.30556944    0.29797663    0.29797663    0.30269095    0.30269095    0.17497324    0.17497324    0.20628078    0.20934692    0.16142487    0.23531993    0.04977853    0.03694928    0.04124454    0.05853503    0.00000000    0.06271969    0.05841491    0.35407016    0.36207878
T5             0.35896379    0.33706733    0.28658430    0.29032639    0.31427425    0.31342552    0.31236972    0.31378776    0.32063439    0.20070069    0.20070069    0.23074537    0.23689197    0.18432651    0.25524054    0.07145718    0.06044171    0.06488247    0.08047089    0.06271969    0.00000000    0.02857421    0.37785965    0.38896692
T6             0.35634396    0.33817505    0.28750381    0.29129007    0.31873010    0.30763325    0.31342552    0.31477265    0.32166697    0.20116737    0.20116737    0.23188605    0.23814324    0.18740899    0.26432247    0.06710071    0.05613819    0.06056386    0.07607397    0.05841491    0.02857421    0.00000000    0.37421168    0.38253120
T8             0.09006803    0.42198469    0.35140748    0.35896379    0.39762281    0.38790670    0.39436962    0.38574188    0.38574188    0.34560369    0.34560369    0.40201352    0.39495735    0.34096034    0.38616080    0.37421168    0.36029346    0.35717503    0.38153458    0.35407016    0.37785965    0.37421168    0.00000000    0.03907294
T4             0.09267504    0.44916066    0.37564600    0.38358531    0.40657464    0.39676761    0.39940005    0.39436962    0.39436962    0.36029346    0.36029346    0.41468931    0.40747095    0.35586225    0.40582914    0.37515371    0.36834956    0.36882900    0.39001977    0.36207878    0.38896692    0.38253120    0.03907294    0.00000000

