24
T10            0.00000000    0.24537452    0.26297397    0.29114199    0.28466563    0.27195953    0.31597082    0.31304865    0.30633284    0.26642803    0.26955470    0.34891971    0.25750216    0.25750216    0.26539054    0.26506610    0.27946111    0.26058066    0.26367824    0.24507290    0.25140153    0.23205685    0.21529718    0.23252833
T22            0.24537452    0.00000000    0.03063032    0.19469800    0.19469800    0.18658721    0.21651126    0.21628453    0.20038763    0.16640733    0.16902587    0.25162391    0.18753399    0.18753399    0.19763186    0.19469800    0.20411602    0.17184027    0.17378998    0.22221152    0.22534728    0.20338405    0.20184522    0.23301126
T0             0.26297397    0.03063032    0.00000000    0.21325751    0.21325751    0.20492116    0.23326782    0.23301126    0.21346659    0.18964225    0.19236052    0.27170095    0.20315869    0.20315869    0.21066447    0.20768451    0.22299895    0.17908255    0.18945464    0.24209536    0.24537452    0.22221152    0.22617985    0.24963863
T7             0.29114199    0.19469800    0.21325751    0.00000000    0.02241949    0.03066905    0.15427507    0.15927601    0.13446611    0.10586679    0.10825387    0.18927620    0.14675739    0.14675739    0.14645145    0.15394649    0.14490283    0.13947987    0.19552619    0.24719821    0.25047327    0.22824704    0.24719821    0.26506610
T20            0.28466563    0.19469800    0.21325751    0.02241949    0.00000000    0.02857252    0.15170369    0.15668461    0.12484511    0.10349107    0.10112660    0.17860605    0.14930907    0.14930907    0.14392559    0.15138830    0.15223904    0.13696670    0.19277798    0.24422956    0.24747790    0.22824704    0.24127845    0.26506610
T3             0.27195953    0.18658721    0.20492116    0.03066905    0.02857252    0.00000000    0.14660030    0.15154182    0.11971992    0.09409961    0.09643097    0.17335527    0.13917964    0.13917964    0.13642377    0.14379140    0.14709619    0.13197797    0.17925930    0.23252833    0.23859810    0.21959779    0.23542803    0.25290174
T1             0.31597082    0.21651126    0.23326782    0.15427507    0.15170369    0.14660030    0.00000000    0.04783162    0.11489972    0.10112660    0.09643097    0.16815912    0.17780233    0.17780233    0.18547708    0.19347241    0.19201560    0.16754554    0.21465640    0.25865190    0.26506610    0.26058066    0.26169284    0.26444948
T14            0.31304865    0.21628453    0.23301126    0.15927601    0.15668461    0.15154182    0.04783162    0.00000000    0.11480598    0.10813901    0.10338755    0.17063020    0.18571287    0.18571287    0.19347241    0.19599531    0.20014489    0.17533718    0.22011591    0.26139926    0.26783083    0.25108176    0.25235883    0.26721690
T23            0.30633284    0.20038763    0.21346659    0.13446611    0.12484511    0.11971992    0.11489972    0.11480598    0.00000000    0.08052848    0.07599275    0.14605467    0.15205233    0.15205233    0.15945791    0.16449948    0.16072514    0.13712258    0.18753399    0.24747790    0.25379490    0.23735400    0.24154052    0.25925250
T18            0.26642803    0.16640733    0.18964225    0.10586679    0.10349107    0.09409961    0.10112660    0.10813901    0.08052848    0.00000000    0.01210951    0.11695297    0.12513441    0.12513441    0.13227267    0.13964210    0.13802154    0.12051534    0.16226681    0.21439929    0.22038945    0.20693403    0.21109578    0.23088578
T11            0.26955470    0.16902587    0.19236052    0.10825387    0.10112660    0.09643097    0.09643097    0.10338755    0.07599275    0.01210951    0.00000000    0.11695297    0.12761024    0.12761024    0.13477327    0.14217440    0.14057329    0.12051534    0.16489920    0.21391373    0.21985202    0.20411602    0.20829365    0.22797759
T2             0.34891971    0.25162391    0.27170095    0.18927620    0.17860605    0.17335527    0.16815912    0.17063020    0.14605467    0.11695297    0.11695297    0.00000000    0.20550715    0.20550715    0.20550715    0.22221152    0.22299895    0.19763186    0.23301126    0.29004467    0.29671829    0.27619024    0.29321082    0.30643262
T6             0.25750216    0.18753399    0.20315869    0.14675739    0.14930907    0.13917964    0.17780233    0.18571287    0.15205233    0.12513441    0.12761024    0.20550715    0.00000000    0.00000000    0.04327698    0.04969192    0.06304158    0.09710706    0.18027616    0.21087533    0.21674767    0.21290495    0.21889340    0.23409757
T9             0.25750216    0.18753399    0.20315869    0.14675739    0.14930907    0.13917964    0.17780233    0.18571287    0.15205233    0.12513441    0.12761024    0.20550715    0.00000000    0.00000000    0.04327698    0.04969192    0.06304158    0.09710706    0.18027616    0.21087533    0.21674767    0.21290495    0.21889340    0.23409757
T13            0.26539054    0.19763186    0.21066447    0.14645145    0.14392559    0.13642377    0.18547708    0.19347241    0.15945791    0.13227267    0.13477327    0.20550715    0.04327698    0.04327698    0.00000000    0.01824801    0.06735379    0.09921691    0.17223049    0.21606750    0.22196854    0.21807391    0.22987343    0.23941938
T8             0.26506610    0.19469800    0.20768451    0.15394649    0.15138830    0.14379140    0.19347241    0.19599531    0.16449948    0.13964210    0.14217440    0.22221152    0.04969192    0.04969192    0.01824801    0.00000000    0.07403546    0.10623926    0.18275875    0.22151204    0.22746831    0.22357239    0.23252833    0.24806829
T5             0.27946111    0.20411602    0.22299895    0.14490283    0.15223904    0.14709619    0.19201560    0.20014489    0.16072514    0.13802154    0.14057329    0.22299895    0.06304158    0.06304158    0.06735379    0.07403546    0.00000000    0.10458662    0.18347026    0.22038945    0.22648913    0.22813417    0.23439407    0.25586205
T17            0.26058066    0.17184027    0.17908255    0.13947987    0.13696670    0.13197797    0.16754554    0.17533718    0.13712258    0.12051534    0.12051534    0.19763186    0.09710706    0.09710706    0.09921691    0.10623926    0.10458662    0.00000000    0.16998779    0.22561813    0.23174930    0.21577974    0.22272675    0.23409757
T4             0.26367824    0.17378998    0.18945464    0.19552619    0.19277798    0.17925930    0.21465640    0.22011591    0.18753399    0.16226681    0.16489920    0.23301126    0.18027616    0.18027616    0.17223049    0.18275875    0.18347026    0.16998779    0.00000000    0.22797759    0.22534728    0.21751470    0.21606750    0.23704874
T15            0.24507290    0.22221152    0.24209536    0.24719821    0.24422956    0.23252833    0.25865190    0.26139926    0.24747790    0.21439929    0.21391373    0.29004467    0.21087533    0.21087533    0.21606750    0.22151204    0.22038945    0.22561813    0.22797759    0.00000000    0.01212494    0.14437751    0.13592867    0.16640733
T16            0.25140153    0.22534728    0.24537452    0.25047327    0.24747790    0.23859810    0.26506610    0.26783083    0.25379490    0.22038945    0.21985202    0.29671829    0.21674767    0.21674767    0.22196854    0.22746831    0.22648913    0.23174930    0.22534728    0.01212494    0.00000000    0.14966100    0.13601121    0.16657554
T19            0.23205685    0.20338405    0.22221152    0.22824704    0.22824704    0.21959779    0.26058066    0.25108176    0.23735400    0.20693403    0.20411602    0.27619024    0.21290495    0.21290495    0.21807391    0.22357239    0.22813417    0.21577974    0.21751470    0.14437751    0.14966100    0.00000000    0.09626461    0.10598347
T21            0.21529718    0.20184522    0.22617985    0.24719821    0.24127845    0.23542803    0.26169284    0.25235883    0.24154052    0.21109578    0.20829365    0.29321082    0.21889340    0.21889340    0.22987343    0.23252833    0.23439407    0.22272675    0.21606750    0.13592867    0.13601121    0.09626461    0.00000000    0.10292528
T12            0.23252833    0.23301126    0.24963863    0.26506610    0.26506610    0.25290174    0.26444948    0.26721690    0.25925250    0.23088578    0.22797759    0.30643262    0.23409757    0.23409757    0.23941938    0.24806829    0.25586205    0.23409757    0.23704874    0.16640733    0.16657554    0.10598347    0.10292528    0.00000000

