24
T14            0.00000000    0.32545586    0.34699952    0.32795452    0.32618782    0.30895226    0.32842720    0.30852498    0.36176336    0.34353018    0.29215848    0.33044124    0.33342440    0.32053300    0.25796054    0.26654349    0.26618402    0.35465646    0.33440677    0.28120098    0.29903038    0.27765376    0.26549728    0.27207702
T7             0.32545586    0.00000000    0.04534869    0.02854325    0.16858753    0.15157364    0.16454005    0.13161732    0.21875340    0.18780327    0.14951495    0.17785315    0.17720694    0.17808610    0.18758508    0.19535977    0.19789685    0.29943630    0.27282477    0.19834821    0.21421785    0.19535977    0.19328936    0.20930577
T16            0.34699952    0.04534869    0.00000000    0.01822012    0.18114268    0.16644409    0.17169861    0.13366377    0.22860671    0.19241100    0.15655169    0.18508273    0.18758508    0.18530247    0.19768512    0.20556388    0.20813838    0.31772735    0.28082421    0.21138931    0.22753989    0.20835278    0.20624065    0.21966728
T8             0.32795452    0.02854325    0.01822012    0.00000000    0.16368346    0.14678849    0.15448801    0.12205493    0.21011989    0.18010474    0.13967221    0.16759118    0.17227541    0.16781243    0.17989085    0.18758508    0.19009643    0.29698650    0.26729453    0.19328936    0.20905327    0.19031305    0.18826670    0.20418166
T19            0.32618782    0.16858753    0.18114268    0.16368346    0.00000000    0.06282838    0.13396985    0.10755994    0.21992360    0.20624065    0.15913808    0.18508273    0.17912433    0.17989085    0.19456189    0.20240233    0.20497284    0.30191060    0.27450337    0.20857675    0.20259166    0.18950140    0.19514637    0.21115739
T2             0.30895226    0.15157364    0.16644409    0.14678849    0.06282838    0.00000000    0.12010394    0.09869329    0.20245880    0.18627069    0.14276439    0.16828048    0.17025371    0.16318765    0.18010474    0.18780327    0.19031305    0.28198780    0.27168189    0.19404386    0.18530247    0.17785315    0.18079938    0.19101736
T5             0.32842720    0.16454005    0.17169861    0.15448801    0.13396985    0.12010394    0.00000000    0.07374677    0.21101839    0.18576877    0.14493752    0.17048212    0.18055903    0.17071910    0.19883657    0.20673906    0.20930577    0.30072349    0.25289417    0.19909455    0.20930577    0.19053876    0.19353179    0.20163352
T4             0.30852498    0.13161732    0.13366377    0.12205493    0.10755994    0.09869329    0.07374677    0.00000000    0.18055903    0.15414005    0.12010394    0.14203619    0.15173677    0.14257022    0.16924093    0.17682026    0.17930255    0.27450337    0.25019527    0.18281055    0.17434681    0.16435149    0.17473682    0.18530247
T20            0.36176336    0.21875340    0.22860671    0.21011989    0.21992360    0.20245880    0.21101839    0.18055903    0.00000000    0.12531668    0.09911042    0.10588287    0.11754538    0.11079980    0.19283186    0.19514637    0.20044319    0.30480244    0.27959689    0.20418166    0.20881026    0.19558240    0.18758508    0.20112948
T0             0.34353018    0.18780327    0.19241100    0.18010474    0.20624065    0.18627069    0.18576877    0.15414005    0.12531668    0.00000000    0.08070268    0.09429742    0.09888696    0.09675050    0.17434681    0.18737594    0.18717588    0.28610145    0.25217686    0.18530247    0.18758508    0.17968584    0.17453741    0.18237697
T15            0.29215848    0.14951495    0.15655169    0.13967221    0.15913808    0.14276439    0.14493752    0.12010394    0.09911042    0.08070268    0.00000000    0.04761126    0.05399399    0.04765748    0.13684511    0.14409639    0.14648016    0.25421376    0.22753925    0.14712987    0.16191961    0.14951495    0.13699409    0.14695506
T13            0.33044124    0.17785315    0.18508273    0.16759118    0.18508273    0.16828048    0.17048212    0.14203619    0.10588287    0.09429742    0.04761126    0.00000000    0.03481484    0.04554525    0.15931289    0.16942615    0.17188213    0.26859865    0.24446165    0.16737848    0.17188213    0.15931289    0.15689627    0.16454005
T18            0.33342440    0.17720694    0.18758508    0.17227541    0.17912433    0.17025371    0.18055903    0.15173677    0.11754538    0.09888696    0.05399399    0.03481484    0.00000000    0.05190189    0.16924093    0.17948973    0.18197916    0.27695374    0.25560328    0.18010474    0.18197916    0.17188213    0.16942615    0.17720694
T1             0.32053300    0.17808610    0.18530247    0.16781243    0.17989085    0.16318765    0.17071910    0.14257022    0.11079980    0.09675050    0.04765748    0.04554525    0.05190189    0.00000000    0.15949620    0.16962007    0.17207440    0.27839801    0.24179218    0.17293054    0.18281055    0.17003387    0.16230847    0.17003387
T23            0.25796054    0.18758508    0.19768512    0.17989085    0.19456189    0.18010474    0.19883657    0.16924093    0.19283186    0.17434681    0.13684511    0.15931289    0.16924093    0.15949620    0.00000000    0.01007294    0.01210040    0.13950876    0.18010474    0.10815531    0.11491590    0.10330508    0.10086726    0.10804720
T22            0.26654349    0.19535977    0.20556388    0.18758508    0.20240233    0.18780327    0.20673906    0.17682026    0.19514637    0.18737594    0.14409639    0.16942615    0.17948973    0.16962007    0.01007294    0.00000000    0.01414134    0.14678849    0.18508273    0.11512831    0.12195072    0.11023059    0.10776882    0.11501822
T10            0.26618402    0.19789685    0.20813838    0.19009643    0.20497284    0.19031305    0.20930577    0.17930255    0.20044319    0.18717588    0.14648016    0.17188213    0.18197916    0.17207440    0.01210040    0.01414134    0.00000000    0.14917693    0.18487198    0.11742941    0.12427728    0.11252213    0.11005676    0.11732125
T6             0.35465646    0.29943630    0.31772735    0.29698650    0.30191060    0.28198780    0.30072349    0.27450337    0.30480244    0.28610145    0.25421376    0.26859865    0.27695374    0.27839801    0.13950876    0.14678849    0.14917693    0.00000000    0.27244547    0.22018965    0.22203667    0.20857675    0.20003250    0.21421785
T9             0.33440677    0.27282477    0.28082421    0.26729453    0.27450337    0.27168189    0.25289417    0.25019527    0.27959689    0.25217686    0.22753925    0.24446165    0.25560328    0.24179218    0.18010474    0.18508273    0.18487198    0.27244547    0.00000000    0.14731288    0.15173677    0.13200253    0.12719264    0.13480154
T21            0.28120098    0.19834821    0.21138931    0.19328936    0.20857675    0.19404386    0.19909455    0.18281055    0.20418166    0.18530247    0.14712987    0.16737848    0.18010474    0.17293054    0.10815531    0.11512831    0.11742941    0.22018965    0.14731288    0.00000000    0.08503320    0.06938513    0.06709652    0.07162815
T17            0.29903038    0.21421785    0.22753989    0.20905327    0.20259166    0.18530247    0.20930577    0.17434681    0.20881026    0.18758508    0.16191961    0.17188213    0.18197916    0.18281055    0.11491590    0.12195072    0.12427728    0.22203667    0.15173677    0.08503320    0.00000000    0.01824850    0.05617323    0.06715216
T3             0.27765376    0.19535977    0.20835278    0.19031305    0.18950140    0.17785315    0.19053876    0.16435149    0.19558240    0.17968584    0.14951495    0.15931289    0.17188213    0.17003387    0.10330508    0.11023059    0.11252213    0.20857675    0.13200253    0.06938513    0.01824850    0.00000000    0.04117195    0.05190189
T12            0.26549728    0.19328936    0.20624065    0.18826670    0.19514637    0.18079938    0.19353179    0.17473682    0.18758508    0.17453741    0.13699409    0.15689627    0.16942615    0.16230847    0.10086726    0.10776882    0.11005676    0.20003250    0.12719264    0.06709652    0.05617323    0.04117195    0.00000000    0.05403417
T11            0.27207702    0.20930577    0.21966728    0.20418166    0.21115739    0.19101736    0.20163352    0.18530247    0.20112948    0.18237697    0.14695506    0.16454005    0.17720694    0.17003387    0.10804720    0.11501822    0.11732125    0.21421785    0.13480154    0.07162815    0.06715216    0.05190189    0.05403417    0.00000000

