24
T8             0.00000000    0.31717873    0.24164898    0.23364215    0.24789112    0.24221313    0.22518458    0.23687063    0.22835427    0.22808044    0.26245239    0.25603928    0.25877631    0.28972558    0.27176319    0.19749788    0.19791551    0.21652144    0.17518239    0.19183312    0.19079689    0.23187046    0.20140229    0.20447505
T17            0.31717873    0.00000000    0.13907513    0.11998153    0.13450175    0.12474155    0.26622873    0.27010682    0.25800658    0.32257076    0.33400329    0.34402784    0.33054396    0.39089843    0.36998902    0.30237221    0.31425591    0.39503253    0.32949023    0.34779974    0.35390511    0.39290132    0.36375252    0.35697701
T10            0.24164898    0.13907513    0.00000000    0.02853757    0.04112723    0.03480252    0.19495790    0.20323613    0.18468608    0.23658076    0.25002021    0.25574852    0.25603928    0.29581773    0.26520680    0.23311020    0.23187046    0.31668927    0.27490596    0.28809135    0.28727906    0.31621179    0.29621600    0.28688982
T16            0.23364215    0.11998153    0.02853757    0.00000000    0.01210981    0.00602728    0.17702469    0.18510180    0.16699436    0.22339191    0.23658076    0.24221313    0.24014447    0.27527632    0.25458685    0.21708734    0.21530497    0.30219092    0.26110073    0.27408821    0.27326982    0.30412254    0.28204443    0.26972395
T20            0.24789112    0.13450175    0.04112723    0.01210981    0.00000000    0.01006776    0.19011469    0.20115307    0.18260876    0.23748064    0.24489957    0.25059678    0.24851205    0.29051380    0.26935187    0.23099326    0.22923514    0.31819348    0.27604990    0.28939399    0.28204443    0.32011336    0.29747994    0.28485649
T7             0.24221313    0.12474155    0.03480252    0.00602728    0.01006776    0.00000000    0.18218984    0.19307729    0.17475425    0.23187046    0.24519576    0.25090080    0.24281832    0.28445527    0.26347750    0.22544990    0.22368792    0.31184627    0.27010682    0.28331648    0.27604990    0.31376633    0.29134741    0.27884078
T3             0.22518458    0.26622873    0.19495790    0.17702469    0.19011469    0.18218984    0.00000000    0.05393402    0.04539272    0.22078335    0.25493158    0.25458685    0.25800658    0.28288142    0.26499349    0.20883255    0.21331520    0.26624160    0.21559484    0.22987163    0.22108051    0.26499349    0.24113181    0.23547896
T15            0.23687063    0.27010682    0.20323613    0.18510180    0.20115307    0.19307729    0.05393402    0.00000000    0.02028106    0.23020458    0.27050045    0.27010682    0.26734742    0.29599303    0.26814664    0.22601010    0.22496884    0.26856223    0.22430905    0.23882104    0.23581997    0.28421961    0.25641459    0.25062233
T22            0.22835427    0.25800658    0.18468608    0.16699436    0.18260876    0.17475425    0.04539272    0.02028106    0.00000000    0.21362508    0.25602827    0.25565231    0.25294355    0.28749753    0.25993487    0.21244217    0.21137654    0.25721827    0.21362508    0.22792545    0.22202972    0.27262938    0.24525677    0.23653165
T6             0.22808044    0.32257076    0.23658076    0.22339191    0.23748064    0.23187046    0.22078335    0.23020458    0.21362508    0.00000000    0.18555351    0.17455333    0.18239482    0.20703077    0.18829039    0.18260876    0.18579280    0.25370717    0.23317877    0.23581997    0.23882104    0.27131993    0.24718865    0.24450951
T12            0.26245239    0.33400329    0.25002021    0.23658076    0.24489957    0.24519576    0.25493158    0.27050045    0.25602827    0.18555351    0.00000000    0.02876268    0.07170385    0.09937181    0.08332185    0.20859715    0.20166078    0.27604990    0.24648344    0.26696381    0.26073681    0.27249476    0.26622873    0.26972395
T0             0.25603928    0.34402784    0.25574852    0.24221313    0.25059678    0.25090080    0.25458685    0.27010682    0.25565231    0.17455333    0.02876268    0.00000000    0.06715390    0.08984304    0.07404804    0.21399922    0.20986910    0.26935187    0.24014447    0.26038346    0.25425258    0.27844923    0.26587731    0.25697537
T23            0.25877631    0.33054396    0.25603928    0.24014447    0.24851205    0.24281832    0.25800658    0.26734742    0.25294355    0.18239482    0.07170385    0.06715390    0.00000000    0.09206905    0.07623155    0.21095310    0.20676557    0.28809135    0.24883805    0.27249476    0.26004072    0.28125174    0.26004072    0.26899060
T1             0.28972558    0.39089843    0.29581773    0.27527632    0.29051380    0.28445527    0.28288142    0.29599303    0.28749753    0.20703077    0.09937181    0.08984304    0.09206905    0.00000000    0.03502593    0.23953684    0.22954848    0.31085512    0.27645308    0.29792422    0.28894858    0.31819348    0.30124555    0.28939399
T2             0.27176319    0.36998902    0.26520680    0.25458685    0.26935187    0.26347750    0.26499349    0.26814664    0.25993487    0.18829039    0.08332185    0.07404804    0.07623155    0.03502593    0.00000000    0.23156811    0.22170372    0.28894858    0.25565231    0.27645308    0.27326982    0.30171248    0.28526887    0.27367361
T5             0.19749788    0.30237221    0.23311020    0.21708734    0.23099326    0.22544990    0.20883255    0.22601010    0.21244217    0.18260876    0.20859715    0.21399922    0.21095310    0.23953684    0.23156811    0.00000000    0.06289740    0.24380261    0.19537887    0.21761657    0.21190757    0.24581907    0.21475387    0.20883255
T18            0.19791551    0.31425591    0.23187046    0.21530497    0.22923514    0.22368792    0.21331520    0.22496884    0.21137654    0.18579280    0.20166078    0.20986910    0.20676557    0.22954848    0.22170372    0.06289740    0.00000000    0.25763558    0.20758926    0.22758191    0.21879048    0.25332021    0.23283690    0.23020458
T21            0.21652144    0.39503253    0.31668927    0.30219092    0.31819348    0.31184627    0.26624160    0.26856223    0.25721827    0.25370717    0.27604990    0.26935187    0.28809135    0.31085512    0.28894858    0.24380261    0.25763558    0.00000000    0.06961273    0.08090217    0.11809717    0.15749445    0.13768560    0.14042382
T9             0.17518239    0.32949023    0.27490596    0.26110073    0.27604990    0.27010682    0.21559484    0.22430905    0.21362508    0.23317877    0.24648344    0.24014447    0.24883805    0.27645308    0.25565231    0.19537887    0.20758926    0.06961273    0.00000000    0.04117232    0.07842208    0.12025065    0.10148895    0.09924081
T11            0.19183312    0.34779974    0.28809135    0.27408821    0.28939399    0.28331648    0.22987163    0.23882104    0.22792545    0.23581997    0.26696381    0.26038346    0.27249476    0.29792422    0.27645308    0.21761657    0.22758191    0.08090217    0.04117232    0.00000000    0.10161828    0.14221951    0.11794929    0.12549475
T4             0.19079689    0.35390511    0.28727906    0.27326982    0.28204443    0.27604990    0.22108051    0.23581997    0.22202972    0.23882104    0.26073681    0.25425258    0.26004072    0.28894858    0.27326982    0.21190757    0.21879048    0.11809717    0.07842208    0.10161828    0.00000000    0.08061966    0.06067897    0.06074785
T19            0.23187046    0.39290132    0.31621179    0.30412254    0.32011336    0.31376633    0.26499349    0.28421961    0.27262938    0.27131993    0.27249476    0.27844923    0.28125174    0.31819348    0.30171248    0.24581907    0.25332021    0.15749445    0.12025065    0.14221951    0.08061966    0.00000000    0.04334686    0.08090217
T14            0.20140229    0.36375252    0.29621600    0.28204443    0.29747994    0.29134741    0.24113181    0.25641459    0.24525677    0.24718865    0.26622873    0.26587731    0.26004072    0.30124555    0.28526887    0.21475387    0.23283690    0.13768560    0.10148895    0.11794929    0.06067897    0.04334686    0.00000000    0.05868262
T13            0.20447505    0.35697701    0.28688982    0.26972395    0.28485649    0.27884078    0.23547896    0.25062233    0.23653165    0.24450951    0.26972395    0.25697537    0.26899060    0.28939399    0.27367361    0.20883255    0.23020458    0.14042382    0.09924081    0.12549475    0.06074785    0.08090217    0.05868262    0.00000000

