24
T23            0.00000000    0.29364817    0.25792318    0.26827850    0.29111332    0.23260446    0.25245091    0.25245091    0.36245505    0.36197109    0.30813446    0.29578973    0.31064297    0.15866698    0.15354648    0.18129242    0.23260446    0.21613312    0.18198463    0.17647210    0.14902429    0.14585419    0.15596519    0.12409567
T4             0.29364817    0.00000000    0.06492955    0.07162915    0.21164112    0.15826816    0.15866698    0.16124713    0.26001910    0.26276161    0.20090100    0.19262400    0.20045005    0.27767461    0.27452281    0.29466662    0.38443828    0.34804457    0.28482852    0.27881396    0.29459395    0.29089579    0.29416147    0.29333067
T15            0.25792318    0.06492955    0.00000000    0.05200754    0.17969300    0.13375696    0.14157870    0.14410017    0.25562903    0.25834790    0.18827867    0.18554229    0.19054901    0.24548323    0.23951920    0.25875713    0.35271627    0.31911132    0.24311675    0.24279941    0.26771563    0.25490962    0.25798381    0.25798381
T1             0.26827850    0.07162915    0.05200754    0.00000000    0.18827867    0.14395569    0.14441386    0.14696122    0.25638993    0.25910742    0.19154743    0.18329247    0.18827867    0.26457341    0.25834790    0.27804337    0.35022202    0.32007598    0.26537235    0.25562903    0.27814403    0.26811983    0.27129217    0.27364642
T18            0.29111332    0.21164112    0.17969300    0.18827867    0.00000000    0.09860832    0.10362103    0.10600387    0.27804337    0.28084652    0.20649653    0.18989533    0.21164112    0.28725166    0.27452281    0.29790005    0.39215980    0.37116389    0.27842316    0.28765142    0.28242886    0.27881396    0.28201667    0.29416147
T10            0.23260446    0.15826816    0.13375696    0.14395569    0.09860832    0.00000000    0.05396028    0.05613487    0.21682360    0.21942924    0.17152786    0.15596519    0.16858869    0.22754808    0.21896240    0.23771826    0.31146540    0.29618722    0.23390642    0.23951920    0.23155085    0.22833820    0.23125899    0.24012570
T3             0.25245091    0.15866698    0.14157870    0.14441386    0.10362103    0.05396028    0.00000000    0.00200403    0.21942924    0.22204458    0.16718254    0.14873440    0.16384074    0.23362585    0.22491471    0.24973064    0.33492848    0.31233568    0.25834790    0.25798381    0.23480824    0.24344425    0.24646257    0.26107713
T20            0.25245091    0.16124713    0.14410017    0.14696122    0.10600387    0.05613487    0.00200403    0.00000000    0.22229116    0.22491471    0.16454756    0.15127509    0.16644795    0.23656379    0.22780150    0.25272131    0.33843550    0.31571196    0.26145091    0.26107713    0.23480824    0.24044413    0.24344425    0.26107713
T8             0.36245505    0.26001910    0.25562903    0.25638993    0.27804337    0.21682360    0.21942924    0.22229116    0.00000000    0.00602724    0.16698592    0.14663448    0.16400450    0.35162725    0.34448751    0.34607442    0.42944210    0.44977911    0.38643103    0.38575279    0.36741922    0.36060446    0.36430739    0.38062201
T12            0.36197109    0.26276161    0.25834790    0.25910742    0.28084652    0.21942924    0.22204458    0.22491471    0.00602724    0.00000000    0.16943283    0.14902429    0.16644795    0.35110230    0.34398823    0.34561444    0.42867284    0.44893574    0.38575279    0.38508854    0.36681377    0.36001341    0.36370253    0.38000042
T9             0.30813446    0.20090100    0.18827867    0.19154743    0.20649653    0.17152786    0.16718254    0.16454756    0.16698592    0.16943283    0.00000000    0.05654706    0.07186969    0.29881333    0.29219463    0.30276147    0.38190685    0.38007704    0.28981835    0.28609670    0.30552129    0.28609670    0.28936261    0.30744293
T11            0.29578973    0.19262400    0.18554229    0.18329247    0.18989533    0.15596519    0.14873440    0.15127509    0.14663448    0.14902429    0.05654706    0.00000000    0.05627071    0.28242886    0.27602328    0.28648597    0.37054432    0.36120871    0.28981835    0.28285209    0.28566286    0.27962852    0.28285209    0.30744293
T5             0.31064297    0.20045005    0.19054901    0.18827867    0.21164112    0.16858869    0.16384074    0.16644795    0.16400450    0.16644795    0.07186969    0.05627071    0.00000000    0.29549297    0.28891802    0.30031485    0.37809043    0.38393814    0.29643728    0.28609670    0.30455496    0.29175041    0.29175041    0.31325362
T2             0.15866698    0.27767461    0.24548323    0.26457341    0.28725166    0.22754808    0.23362585    0.23656379    0.35162725    0.35110230    0.29881333    0.28242886    0.29549297    0.00000000    0.00806504    0.03277605    0.13480757    0.12285142    0.14555099    0.14318818    0.14771334    0.14713696    0.15969626    0.16454756
T14            0.15354648    0.27452281    0.23951920    0.25834790    0.27452281    0.21896240    0.22491471    0.22780150    0.34448751    0.34398823    0.29219463    0.27602328    0.28891802    0.00806504    0.00000000    0.03277605    0.13732283    0.12285142    0.14041635    0.13806669    0.14257885    0.14204213    0.15449501    0.15931912
T16            0.18129242    0.29466662    0.25875713    0.27804337    0.29790005    0.23771826    0.24973064    0.25272131    0.34607442    0.34561444    0.30276147    0.28648597    0.30031485    0.03277605    0.03277605    0.00000000    0.15157809    0.13935793    0.15989750    0.16010716    0.16738777    0.16679793    0.17435258    0.18198463
T22            0.23260446    0.38443828    0.35271627    0.35022202    0.39215980    0.31146540    0.33492848    0.33843550    0.42944210    0.42867284    0.38190685    0.37054432    0.37809043    0.13480757    0.13732283    0.15157809    0.00000000    0.11108637    0.21587769    0.21329878    0.23952872    0.23778151    0.24612589    0.25456554
T19            0.21613312    0.34804457    0.31911132    0.32007598    0.37116389    0.29618722    0.31233568    0.31571196    0.44977911    0.44893574    0.38007704    0.36120871    0.38393814    0.12285142    0.12285142    0.13935793    0.11108637    0.00000000    0.19965493    0.19712786    0.21042820    0.21242729    0.22048014    0.23155085
T6             0.18198463    0.28482852    0.24311675    0.26537235    0.27842316    0.23390642    0.25834790    0.26145091    0.38643103    0.38575279    0.28981835    0.28981835    0.29643728    0.14555099    0.14041635    0.15989750    0.21587769    0.19965493    0.00000000    0.03697794    0.15814413    0.16055162    0.16274229    0.17834131
T21            0.17647210    0.27881396    0.24279941    0.25562903    0.28765142    0.23951920    0.25798381    0.26107713    0.38575279    0.38508854    0.28609670    0.28285209    0.28609670    0.14318818    0.13806669    0.16010716    0.21329878    0.19712786    0.03697794    0.00000000    0.15529510    0.16252563    0.16474575    0.18081254
T0             0.14902429    0.29459395    0.26771563    0.27814403    0.28242886    0.23155085    0.23480824    0.23480824    0.36741922    0.36681377    0.30552129    0.28566286    0.30455496    0.14771334    0.14257885    0.16738777    0.23952872    0.21042820    0.15814413    0.15529510    0.00000000    0.06952905    0.07614621    0.15791641
T7             0.14585419    0.29089579    0.25490962    0.26811983    0.27881396    0.22833820    0.24344425    0.24044413    0.36060446    0.36001341    0.28609670    0.27962852    0.29175041    0.14713696    0.14204213    0.16679793    0.23778151    0.21242729    0.16055162    0.16252563    0.06952905    0.00000000    0.01007295    0.14918178
T13            0.15596519    0.29416147    0.25798381    0.27129217    0.28201667    0.23125899    0.24646257    0.24344425    0.36430739    0.36370253    0.28936261    0.28285209    0.29175041    0.15969626    0.15449501    0.17435258    0.24612589    0.22048014    0.16274229    0.16474575    0.07614621    0.01007295    0.00000000    0.15914328
T17            0.12409567    0.29333067    0.25798381    0.27364642    0.29416147    0.24012570    0.26107713    0.26107713    0.38062201    0.38000042    0.30744293    0.30744293    0.31325362    0.16454756    0.15931912    0.18198463    0.25456554    0.23155085    0.17834131    0.18081254    0.15791641    0.14918178    0.15914328    0.00000000

