24
T18            0.00000000    0.40185165    0.39105845    0.39963065    0.40790071    0.40018200    0.40794980    0.40794980    0.34618633    0.35546291    0.35934405    0.35934405    0.20773746    0.21874013    0.18447983    0.21375072    0.20578369    0.22204062    0.22779723    0.19514994    0.18259552    0.18259552    0.19354075    0.19790108
T11            0.40185165    0.00000000    0.01413289    0.06520279    0.11579900    0.11579900    0.15449292    0.16192423    0.11809104    0.12039068    0.11564979    0.11080296    0.38026587    0.38316491    0.36451365    0.38400937    0.38507267    0.40119043    0.40512671    0.36119469    0.38196314    0.38196314    0.38956511    0.37551699
T21            0.39105845    0.01413289    0.00000000    0.05860354    0.10866756    0.10866756    0.14695935    0.15431383    0.11094027    0.11322047    0.10852858    0.10374000    0.37708801    0.37621334    0.36140373    0.38081755    0.37807515    0.40445687    0.40053618    0.35443388    0.37878482    0.37878482    0.38635801    0.36971178
T0             0.39963065    0.06520279    0.05860354    0.00000000    0.11840918    0.11840918    0.16516511    0.16738522    0.12566120    0.12797761    0.11824628    0.11336370    0.38956511    0.38507267    0.38507267    0.39728506    0.38462581    0.40185930    0.40979493    0.36308560    0.38761725    0.38761725    0.39147740    0.38457527
T16            0.40790071    0.11579900    0.10866756    0.11840918    0.00000000    0.05860354    0.15708664    0.15931698    0.13013109    0.13464641    0.12024477    0.11537433    0.37023584    0.36933204    0.36562982    0.37763966    0.37492182    0.41051037    0.41712593    0.35137475    0.37562028    0.37562028    0.37937829    0.38026587
T1             0.40018200    0.11579900    0.10866756    0.11840918    0.05860354    0.00000000    0.16454522    0.16679564    0.12764103    0.13215020    0.12024477    0.11537433    0.37504103    0.37052994    0.35326739    0.36397579    0.36119469    0.38826806    0.38698057    0.33345932    0.36195496    0.36195496    0.36562982    0.37023584
T5             0.40794980    0.15449292    0.14695935    0.16516511    0.15708664    0.16454522    0.00000000    0.01617912    0.11367291    0.11809104    0.10612853    0.10136289    0.41574107    0.42308058    0.38515535    0.39258124    0.38196314    0.41241736    0.42436680    0.35830704    0.39664616    0.39664616    0.39664616    0.38509486
T13            0.40794980    0.16192423    0.15431383    0.16738522    0.15931698    0.16679564    0.01617912    0.00000000    0.11579900    0.12024477    0.10827324    0.10350771    0.40132932    0.41239217    0.38515535    0.39258124    0.38196314    0.41368680    0.42168524    0.35577439    0.39018829    0.39018829    0.39018829    0.38509486
T9             0.34618633    0.11809104    0.11094027    0.12566120    0.13013109    0.12764103    0.11367291    0.11579900    0.00000000    0.01210037    0.03489061    0.03067027    0.32499930    0.33395614    0.31103955    0.32499930    0.31232640    0.34959490    0.34959490    0.29658797    0.31690255    0.31690255    0.32026682    0.32164667
T2             0.35546291    0.12039068    0.11322047    0.12797761    0.13464641    0.13215020    0.11809104    0.12024477    0.01210037    0.00000000    0.03904369    0.03481452    0.33400252    0.34301773    0.31985211    0.33400252    0.32113301    0.35884854    0.35884854    0.30192641    0.32578785    0.32578785    0.32918641    0.33061583
T17            0.35934405    0.11564979    0.10852858    0.11824628    0.12024477    0.12024477    0.10612853    0.10827324    0.03489061    0.03904369    0.00000000    0.00806503    0.34472367    0.35416105    0.30694414    0.33438714    0.31396506    0.35219450    0.35219450    0.30564241    0.32961117    0.32961117    0.33304498    0.33438714
T3             0.35934405    0.11080296    0.10374000    0.11336370    0.11537433    0.11537433    0.10136289    0.10350771    0.03067027    0.03481452    0.00806503    0.00000000    0.33780884    0.34702230    0.30694414    0.32761355    0.31396506    0.35219450    0.35219450    0.29904703    0.32281384    0.32281384    0.32620089    0.32761355
T19            0.20773746    0.38026587    0.37708801    0.38956511    0.37023584    0.37504103    0.41574107    0.40132932    0.32499930    0.33400252    0.34472367    0.33780884    0.00000000    0.07404572    0.12300976    0.14731888    0.13246457    0.15228237    0.15529267    0.12532153    0.17833816    0.17833816    0.18654753    0.16628395
T10            0.21874013    0.38316491    0.37621334    0.38507267    0.36933204    0.37052994    0.42308058    0.41239217    0.33395614    0.34301773    0.35416105    0.34702230    0.07404572    0.00000000    0.13749502    0.15708664    0.15268521    0.15950124    0.16516511    0.13230341    0.19181577    0.19181577    0.20592533    0.17701305
T7             0.18447983    0.36451365    0.36140373    0.38507267    0.36562982    0.35326739    0.38515535    0.38515535    0.31103955    0.31985211    0.30694414    0.30694414    0.12300976    0.13749502    0.00000000    0.08973862    0.09699564    0.10852858    0.11367291    0.08089921    0.14813595    0.14813595    0.16394840    0.14425118
T20            0.21375072    0.38400937    0.38081755    0.39728506    0.37763966    0.36397579    0.39258124    0.39258124    0.32499930    0.33400252    0.33438714    0.32761355    0.14731888    0.15708664    0.08973862    0.00000000    0.12285000    0.13263367    0.12548748    0.09899708    0.17563154    0.17563154    0.18433788    0.17188593
T23            0.20578369    0.38507267    0.37807515    0.38462581    0.37492182    0.36119469    0.38196314    0.38196314    0.31232640    0.32113301    0.31396506    0.31396506    0.13246457    0.15268521    0.09699564    0.12285000    0.00000000    0.11295687    0.12054432    0.09217233    0.16319807    0.16319807    0.17665949    0.16435567
T15            0.22204062    0.40119043    0.40445687    0.40185930    0.41051037    0.38826806    0.41241736    0.41368680    0.34959490    0.35884854    0.35219450    0.35219450    0.15228237    0.15950124    0.10852858    0.13263367    0.11295687    0.00000000    0.09950527    0.08070411    0.18739662    0.18739662    0.20150701    0.19054582
T14            0.22779723    0.40512671    0.40053618    0.40979493    0.41712593    0.38698057    0.42436680    0.42168524    0.34959490    0.35884854    0.35219450    0.35219450    0.15529267    0.16516511    0.11367291    0.12548748    0.12054432    0.09950527    0.00000000    0.08320485    0.17638959    0.17638959    0.18462195    0.18011142
T8             0.19514994    0.36119469    0.35443388    0.36308560    0.35137475    0.33345932    0.35830704    0.35577439    0.29658797    0.30192641    0.30564241    0.29904703    0.12532153    0.13230341    0.08089921    0.09899708    0.09217233    0.08070411    0.08320485    0.00000000    0.15837739    0.15837739    0.17176672    0.15655434
T4             0.18259552    0.38196314    0.37878482    0.38761725    0.37562028    0.36195496    0.39664616    0.39018829    0.31690255    0.32578785    0.32961117    0.32281384    0.17833816    0.19181577    0.14813595    0.17563154    0.16319807    0.18739662    0.17638959    0.15837739    0.00000000    0.00000000    0.01415494    0.11537433
T6             0.18259552    0.38196314    0.37878482    0.38761725    0.37562028    0.36195496    0.39664616    0.39018829    0.31690255    0.32578785    0.32961117    0.32281384    0.17833816    0.19181577    0.14813595    0.17563154    0.16319807    0.18739662    0.17638959    0.15837739    0.00000000    0.00000000    0.01415494    0.11537433
T12            0.19354075    0.38956511    0.38635801    0.39147740    0.37937829    0.36562982    0.39664616    0.39018829    0.32026682    0.32918641    0.33304498    0.32620089    0.18654753    0.20592533    0.16394840    0.18433788    0.17665949    0.20150701    0.18462195    0.17176672    0.01415494    0.01415494    0.00000000    0.12516337
T22            0.19790108    0.37551699    0.36971178    0.38457527    0.38026587    0.37023584    0.38509486    0.38509486    0.32164667    0.33061583    0.33438714    0.32761355    0.16628395    0.17701305    0.14425118    0.17188593    0.16435567    0.19054582    0.18011142    0.15655434    0.11537433    0.11537433    0.12516337    0.00000000

