24
T7             0.00000000    0.20985446    0.27881420    0.25194240    0.26732742    0.25792349    0.25518202    0.26121765    0.26732742    0.25518202    0.34473419    0.31397415    0.32663629    0.24279961    0.24579963    0.23070535    0.21042832    0.33987736    0.32620597    0.16435804    0.17701574    0.17701574    0.16698602    0.20259534
T19            0.20985446    0.00000000    0.22340848    0.21707339    0.22891468    0.22628809    0.22367118    0.22659216    0.24448768    0.22953039    0.27417540    0.24612608    0.25151984    0.18602903    0.18878063    0.18033833    0.24376145    0.38125563    0.36651738    0.19019104    0.20625139    0.20625139    0.19865743    0.21422776
T20            0.27881420    0.22340848    0.00000000    0.29701702    0.32352288    0.31471982    0.31764235    0.31764235    0.33628096    0.31421934    0.36820200    0.35812343    0.35692927    0.29643751    0.29978031    0.27962874    0.31855348    0.44550272    0.43777994    0.26621363    0.26496779    0.26496779    0.27259944    0.29946378
T17            0.25194240    0.21707339    0.29701702    0.00000000    0.13048205    0.11580035    0.11351586    0.12584441    0.13086269    0.12584441    0.17742245    0.15009362    0.15487849    0.24729454    0.25028530    0.24111070    0.29459421    0.41684846    0.39353547    0.24579963    0.25456575    0.25456575    0.24881786    0.26017739
T9             0.26732742    0.22891468    0.32352288    0.13048205    0.00000000    0.06520321    0.06305054    0.06528887    0.07206494    0.06753732    0.19859939    0.16296744    0.17317934    0.23923140    0.24219557    0.24190890    0.29503804    0.42594256    0.40218211    0.24311693    0.24949951    0.24949951    0.24915354    0.27821821
T3             0.25792349    0.22628809    0.31471982    0.11580035    0.06520321    0.00000000    0.00200301    0.02031501    0.05646785    0.05207028    0.19606731    0.16055168    0.17073257    0.23070535    0.23362605    0.22754829    0.28242909    0.41183965    0.39248764    0.23746218    0.24915354    0.24915354    0.24646276    0.27540504
T22            0.25518202    0.22367118    0.31764235    0.11351586    0.06305054    0.00200301    0.00000000    0.01827074    0.05433850    0.04995058    0.19354430    0.15814419    0.16829426    0.23097727    0.23390661    0.22780170    0.27962874    0.40855744    0.38928418    0.23480841    0.24646276    0.24646276    0.24378207    0.27260304
T12            0.26121765    0.22659216    0.31764235    0.12584441    0.06528887    0.02031501    0.01827074    0.00000000    0.05213970    0.05213970    0.20191467    0.16611341    0.17639300    0.22806507    0.23097727    0.22491491    0.27962874    0.41020291    0.38291859    0.23480841    0.24344443    0.24344443    0.24077282    0.27260304
T16            0.26732742    0.24448768    0.33628096    0.13086269    0.07206494    0.05646785    0.05433850    0.05213970    0.00000000    0.03073558    0.19910887    0.16344279    0.17367874    0.25185451    0.25490982    0.24849248    0.30705761    0.41433708    0.38684093    0.24985573    0.25872263    0.25872263    0.25600449    0.28826248
T21            0.25518202    0.22953039    0.31421934    0.12584441    0.06753732    0.05207028    0.04995058    0.05213970    0.03073558    0.00000000    0.19910887    0.16344279    0.17367874    0.24579963    0.24881786    0.24249248    0.29359494    0.41679133    0.39323753    0.23185282    0.24044431    0.24044431    0.23778168    0.28193942
T23            0.34473419    0.27417540    0.36820200    0.17742245    0.19859939    0.19606731    0.19354430    0.20191467    0.19910887    0.19910887    0.00000000    0.06056092    0.06487854    0.31775529    0.32114289    0.31064333    0.33097129    0.47171430    0.44650421    0.29988367    0.31864742    0.31864742    0.30898247    0.31537117
T14            0.31397415    0.24612608    0.35812343    0.15009362    0.16296744    0.16055168    0.15814419    0.16611341    0.16344279    0.16344279    0.06056092    0.00000000    0.02862982    0.29048570    0.29374064    0.28366096    0.30075813    0.44374524    0.41530904    0.27406047    0.29219487    0.29219487    0.28936284    0.29466696
T15            0.32663629    0.25151984    0.35692927    0.15487849    0.17317934    0.17073257    0.16829426    0.17639300    0.17367874    0.17367874    0.06487854    0.02862982    0.00000000    0.29618751    0.29946378    0.28932275    0.31325391    0.45937763    0.43022744    0.27962874    0.29789243    0.29789243    0.29503804    0.30042211
T0             0.24279961    0.18602903    0.29643751    0.24729454    0.23923140    0.23070535    0.23097727    0.22806507    0.25185451    0.24579963    0.31775529    0.29048570    0.29618751    0.00000000    0.00200403    0.02031501    0.26984287    0.39323753    0.36686013    0.20502096    0.22429120    0.22429120    0.21360824    0.23019157
T6             0.24579963    0.18878063    0.29978031    0.25028530    0.24219557    0.23362605    0.23390661    0.23097727    0.25490982    0.24881786    0.32114289    0.29374064    0.29946378    0.00200403    0.00000000    0.02239004    0.26664994    0.39722255    0.37064796    0.20786694    0.22722952    0.22722952    0.21650393    0.23309513
T13            0.23070535    0.18033833    0.27962874    0.24111070    0.24190890    0.22754829    0.22780170    0.22491491    0.24849248    0.24249248    0.31064333    0.28366096    0.28932275    0.02031501    0.02239004    0.00000000    0.25678607    0.38855002    0.36245713    0.19354430    0.20675200    0.20675200    0.20191467    0.22994978
T4             0.21042832    0.24376145    0.31855348    0.29459421    0.29503804    0.28242909    0.27962874    0.27962874    0.30705761    0.29359494    0.33097129    0.30075813    0.31325391    0.26984287    0.26664994    0.25678607    0.00000000    0.20307572    0.18379951    0.13967853    0.15191472    0.15191472    0.14476042    0.18698948
T1             0.33987736    0.38125563    0.44550272    0.41684846    0.42594256    0.41183965    0.40855744    0.41020291    0.41433708    0.41679133    0.47171430    0.44374524    0.45937763    0.39323753    0.39722255    0.38855002    0.20307572    0.00000000    0.04134143    0.27171739    0.28328656    0.28328656    0.27814423    0.33594104
T11            0.32620597    0.36651738    0.43777994    0.39353547    0.40218211    0.39248764    0.38928418    0.38291859    0.38684093    0.39323753    0.44650421    0.41530904    0.43022744    0.36686013    0.37064796    0.36245713    0.18379951    0.04134143    0.00000000    0.24716668    0.26145111    0.26145111    0.25639011    0.31571227
T2             0.16435804    0.19019104    0.26621363    0.24579963    0.24311693    0.23746218    0.23480841    0.23480841    0.24985573    0.23185282    0.29988367    0.27406047    0.27962874    0.20502096    0.20786694    0.19354430    0.13967853    0.27171739    0.24716668    0.00000000    0.02439645    0.02439645    0.01823273    0.13150577
T18            0.17701574    0.20625139    0.26496779    0.25456575    0.24949951    0.24915354    0.24646276    0.24344443    0.25872263    0.24044431    0.31864742    0.29219487    0.29789243    0.22429120    0.22722952    0.20675200    0.15191472    0.28328656    0.26145111    0.02439645    0.00000000    0.00000000    0.01824859    0.14357222
T8             0.17701574    0.20625139    0.26496779    0.25456575    0.24949951    0.24915354    0.24646276    0.24344443    0.25872263    0.24044431    0.31864742    0.29219487    0.29789243    0.22429120    0.22722952    0.20675200    0.15191472    0.28328656    0.26145111    0.02439645    0.00000000    0.00000000    0.01824859    0.14357222
T10            0.16698602    0.19865743    0.27259944    0.24881786    0.24915354    0.24646276    0.24378207    0.24077282    0.25600449    0.23778168    0.30898247    0.28936284    0.29503804    0.21360824    0.21650393    0.20191467    0.14476042    0.27814423    0.25639011    0.01823273    0.01824859    0.01824859    0.00000000    0.13644844
T5             0.20259534    0.21422776    0.29946378    0.26017739    0.27821821    0.27540504    0.27260304    0.27260304    0.28826248    0.28193942    0.31537117    0.29466696    0.30042211    0.23019157    0.23309513    0.22994978    0.18698948    0.33594104    0.31571227    0.13150577    0.14357222    0.14357222    0.13644844    0.00000000

