24
T16            0.00000000    0.21369954    0.19531961    0.19257794    0.19531961    0.19531961    0.20442472    0.19807644    0.17396091    0.19785573    0.23788118    0.24156010    0.26086181    0.21467705    0.21753660    0.19237238    0.19510652    0.28001803    0.28001803    0.27552074    0.27199492    0.27199492    0.39836446    0.38739134
T22            0.21369954    0.00000000    0.06704348    0.06483068    0.17880086    0.17880086    0.18504654    0.18052362    0.15946943    0.17491243    0.23037762    0.23412230    0.24424859    0.21611302    0.21901427    0.19349131    0.19349131    0.31561310    0.31561310    0.30355901    0.31384067    0.31384067    0.42836529    0.41685706
T5             0.19531961    0.06704348    0.00000000    0.00200402    0.16339778    0.16339778    0.17224400    0.17805145    0.15966086    0.17781898    0.22248366    0.22621497    0.24211875    0.19706689    0.19987825    0.18324300    0.18324300    0.30430726    0.30430726    0.28849750    0.30510256    0.30510256    0.40625373    0.39512771
T0             0.19257794    0.06483068    0.00200402    0.00000000    0.16074340    0.16074340    0.16958976    0.17535411    0.15705511    0.17512894    0.21961595    0.22330537    0.23915745    0.19427129    0.19706689    0.18052362    0.18052362    0.30103537    0.30103537    0.28531941    0.30180900    0.30180900    0.41024566    0.39904137
T15            0.19531961    0.17880086    0.16339778    0.16074340    0.00000000    0.00000000    0.09643389    0.17267128    0.15188409    0.16491357    0.21111045    0.21753660    0.23621364    0.18324300    0.18597729    0.18324300    0.18324300    0.30030850    0.30030850    0.29169598    0.28884808    0.28884808    0.38175857    0.37858187
T6             0.19531961    0.17880086    0.16339778    0.16074340    0.00000000    0.00000000    0.09643389    0.17267128    0.15188409    0.16491357    0.21111045    0.21753660    0.23621364    0.18324300    0.18597729    0.18324300    0.18324300    0.30030850    0.30030850    0.29169598    0.28884808    0.28884808    0.38175857    0.37858187
T20            0.20442472    0.18504654    0.17224400    0.16958976    0.09643389    0.09643389    0.00000000    0.16337428    0.15327521    0.16351082    0.22152467    0.23090732    0.24694737    0.20388175    0.20669299    0.19279264    0.19279264    0.31195612    0.31195612    0.30646372    0.30610851    0.30610851    0.38593671    0.39023519
T23            0.19807644    0.18052362    0.17805145    0.17535411    0.17267128    0.17267128    0.16337428    0.00000000    0.06952253    0.08529516    0.20551965    0.21467705    0.22748503    0.18052362    0.18324300    0.16979198    0.16979198    0.28436635    0.28436635    0.27590487    0.27310669    0.27310669    0.40488100    0.39381883
T10            0.17396091    0.15946943    0.15966086    0.15705511    0.15188409    0.15188409    0.15327521    0.06952253    0.00000000    0.03907008    0.18391908    0.19257794    0.20788846    0.17000280    0.17267128    0.15687049    0.15687049    0.27841619    0.27841619    0.26447267    0.26417839    0.26417839    0.36745207    0.35707246
T17            0.19785573    0.17491243    0.17781898    0.17512894    0.16491357    0.16491357    0.16351082    0.08529516    0.03907008    0.00000000    0.20254892    0.21158317    0.22724353    0.18300450    0.18573130    0.16958976    0.16958976    0.30320261    0.30320261    0.29455529    0.28849750    0.28849750    0.39642007    0.38553863
T8             0.23788118    0.23037762    0.22248366    0.21961595    0.21111045    0.21111045    0.22152467    0.20551965    0.18391908    0.20254892    0.00000000    0.03069851    0.05403132    0.12950826    0.13198465    0.12950826    0.12950826    0.32450467    0.32450467    0.31230883    0.31932642    0.31932642    0.37217725    0.37268309
T3             0.24156010    0.23412230    0.22621497    0.22330537    0.21753660    0.21753660    0.23090732    0.21467705    0.19257794    0.21158317    0.03069851    0.00000000    0.05213515    0.13746904    0.14000209    0.14218467    0.14218467    0.33591208    0.33591208    0.32351995    0.33081395    0.33081395    0.38118341    0.38175857
T9             0.26086181    0.24424859    0.24211875    0.23915745    0.23621364    0.23621364    0.24694737    0.22748503    0.20788846    0.22724353    0.05403132    0.05213515    0.00000000    0.15428501    0.15687049    0.15652642    0.15652642    0.36491988    0.36491988    0.34851317    0.35966086    0.35966086    0.41218722    0.41280913
T13            0.21467705    0.21611302    0.19706689    0.19427129    0.18324300    0.18324300    0.20388175    0.18052362    0.17000280    0.18300450    0.12950826    0.13746904    0.15428501    0.00000000    0.00401613    0.12778245    0.12778245    0.31051425    0.31051425    0.30841801    0.30221329    0.30221329    0.38869661    0.38166354
T7             0.21753660    0.21901427    0.19987825    0.19706689    0.18597729    0.18597729    0.20669299    0.18324300    0.17267128    0.18573130    0.13198465    0.14000209    0.15687049    0.00401613    0.00000000    0.13027751    0.13027751    0.30720987    0.30720987    0.30510256    0.29893055    0.29893055    0.39257988    0.38550201
T1             0.19237238    0.19349131    0.18324300    0.18052362    0.18324300    0.18324300    0.19279264    0.16979198    0.15687049    0.16958976    0.12950826    0.14218467    0.15652642    0.12778245    0.13027751    0.00000000    0.00401613    0.29420703    0.29420703    0.28565980    0.28601148    0.28601148    0.37722501    0.36659844
T11            0.19510652    0.19349131    0.18324300    0.18052362    0.18324300    0.18324300    0.19279264    0.16979198    0.15687049    0.16958976    0.12950826    0.14218467    0.15652642    0.12778245    0.13027751    0.00401613    0.00000000    0.29100861    0.29100861    0.28249177    0.28283334    0.28283334    0.36972130    0.35923318
T14            0.28001803    0.31561310    0.30430726    0.30103537    0.30030850    0.30030850    0.31195612    0.28436635    0.27841619    0.30320261    0.32450467    0.33591208    0.36491988    0.31051425    0.30720987    0.29420703    0.29100861    0.00000000    0.00000000    0.03910432    0.05399114    0.05399114    0.33205043    0.32905354
T19            0.28001803    0.31561310    0.30430726    0.30103537    0.30030850    0.30030850    0.31195612    0.28436635    0.27841619    0.30320261    0.32450467    0.33591208    0.36491988    0.31051425    0.30720987    0.29420703    0.29100861    0.00000000    0.00000000    0.03910432    0.05399114    0.05399114    0.33205043    0.32905354
T18            0.27552074    0.30355901    0.28849750    0.28531941    0.29169598    0.29169598    0.30646372    0.27590487    0.26447267    0.29455529    0.31230883    0.32351995    0.34851317    0.30841801    0.30510256    0.28565980    0.28249177    0.03910432    0.03910432    0.00000000    0.04760904    0.04760904    0.32309701    0.32013716
T2             0.27199492    0.31384067    0.30510256    0.30180900    0.28884808    0.28884808    0.30610851    0.27310669    0.26417839    0.28849750    0.31932642    0.33081395    0.35966086    0.30221329    0.29893055    0.28601148    0.28283334    0.05399114    0.05399114    0.04760904    0.00000000    0.00000000    0.31932642    0.31637698
T12            0.27199492    0.31384067    0.30510256    0.30180900    0.28884808    0.28884808    0.30610851    0.27310669    0.26417839    0.28849750    0.31932642    0.33081395    0.35966086    0.30221329    0.29893055    0.28601148    0.28283334    0.05399114    0.05399114    0.04760904    0.00000000    0.00000000    0.31932642    0.31637698
T4             0.39836446    0.42836529    0.40625373    0.41024566    0.38175857    0.38175857    0.38593671    0.40488100    0.36745207    0.39642007    0.37217725    0.38118341    0.41218722    0.38869661    0.39257988    0.37722501    0.36972130    0.33205043    0.33205043    0.32309701    0.31932642    0.31932642    0.00000000    0.00602722
T21            0.38739134    0.41685706    0.39512771    0.39904137    0.37858187    0.37858187    0.39023519    0.39381883    0.35707246    0.38553863    0.37268309    0.38175857    0.41280913    0.38166354    0.38550201    0.36659844    0.35923318    0.32905354    0.32905354    0.32013716    0.31637698    0.31637698    0.00602722    0.00000000

