24
T22            0.00000000    0.31272262    0.30360547    0.30146466    0.30805509    0.28188083    0.25267491    0.25267491    0.49546461    0.49916413    0.43695354    0.30268115    0.30805509    0.30805509    0.30397483    0.30725906    0.31756102    0.31460498    0.29783040    0.29712248    0.14156438    0.16626730    0.17168220    0.17118356
T19            0.31272262    0.00000000    0.01209717    0.04545444    0.06061331    0.21497058    0.19376373    0.19376373    0.46730255    0.47086099    0.41560689    0.24979747    0.25179916    0.25179916    0.24812717    0.25417796    0.26392768    0.25870705    0.24844070    0.25450998    0.27446082    0.29858493    0.30557019    0.28819951
T13            0.30360547    0.01209717    0.00000000    0.03697701    0.05194951    0.20415948    0.18326236    0.18326236    0.46456052    0.46810379    0.40897656    0.24140463    0.24039368    0.24039368    0.23976992    0.24574824    0.24995656    0.24724864    0.23476001    0.24072064    0.26579580    0.28962876    0.29651918    0.27690961
T17            0.30146466    0.04545444    0.03697701    0.00000000    0.04776884    0.19654460    0.17046741    0.17046741    0.46267973    0.46621035    0.40694459    0.24555895    0.24443024    0.24443024    0.24140463    0.24747433    0.25023760    0.24753112    0.22917138    0.23507906    0.26375484    0.28115702    0.28798700    0.27099495
T0             0.30805509    0.06061331    0.05194951    0.04776884    0.00000000    0.20498159    0.18403256    0.18403256    0.46103416    0.46456052    0.40568380    0.24555895    0.23839729    0.24140463    0.24372791    0.24979747    0.25626988    0.25354525    0.24105763    0.24710883    0.26687498    0.29081984    0.29780869    0.28041396
T21            0.28188083    0.21497058    0.20415948    0.19654460    0.20498159    0.00000000    0.06061331    0.06061331    0.37810035    0.38129266    0.35077591    0.22132488    0.22043916    0.22333293    0.21756211    0.22333293    0.22991243    0.22726784    0.22016317    0.22016317    0.22802431    0.25657976    0.26304419    0.25540377
T8             0.25267491    0.19376373    0.18326236    0.17046741    0.18403256    0.06061331    0.00000000    0.00804441    0.37492208    0.37810035    0.34422362    0.20498159    0.20187811    0.20415948    0.20135521    0.20697962    0.21069627    0.20811313    0.19603482    0.20161206    0.20878602    0.23651954    0.24275011    0.23256703
T12            0.25267491    0.19376373    0.18326236    0.17046741    0.18403256    0.06061331    0.00804441    0.00000000    0.37492208    0.37810035    0.34422362    0.20498159    0.20187811    0.20697962    0.20135521    0.20697962    0.21069627    0.20811313    0.19603482    0.20161206    0.20646198    0.23651954    0.24275011    0.23256703
T2             0.49546461    0.46730255    0.46456052    0.46267973    0.46103416    0.37810035    0.37492208    0.37492208    0.00000000    0.00200301    0.08281752    0.39134190    0.37066575    0.36699455    0.38445856    0.38824115    0.41440389    0.40062702    0.40302825    0.40302825    0.46073409    0.51549166    0.52592593    0.51082415
T4             0.49916413    0.47086099    0.46810379    0.46621035    0.46456052    0.38129266    0.37810035    0.37810035    0.00200301    0.00000000    0.08502930    0.39456432    0.37381526    0.37013054    0.38766368    0.39146063    0.41774127    0.40390424    0.40630677    0.40630677    0.46426962    0.51927985    0.52976243    0.51459045
T7             0.43695354    0.41560689    0.40897656    0.40694459    0.40568380    0.35077591    0.34422362    0.34422362    0.08281752    0.08502930    0.00000000    0.33087568    0.31272262    0.31603953    0.33210723    0.33553827    0.35576042    0.34304723    0.33511720    0.33169797    0.38724355    0.43929890    0.44814535    0.43525614
T6             0.30268115    0.24979747    0.24140463    0.24555895    0.24555895    0.22132488    0.20498159    0.20498159    0.39134190    0.39456432    0.33087568    0.00000000    0.04133974    0.04783501    0.06296641    0.06744230    0.13199324    0.12472552    0.11366130    0.11856668    0.26571632    0.26804999    0.26846285    0.27595391
T9             0.30805509    0.25179916    0.24039368    0.24443024    0.23839729    0.22043916    0.20187811    0.20187811    0.37066575    0.37381526    0.31272262    0.04133974    0.00000000    0.02233532    0.06289295    0.06735877    0.13407804    0.12681097    0.11563926    0.12053246    0.27398746    0.28601767    0.27997637    0.28194433
T15            0.30805509    0.25179916    0.24039368    0.24443024    0.24140463    0.22333293    0.20415948    0.20697962    0.36699455    0.37013054    0.31603953    0.04783501    0.02233532    0.00000000    0.07395648    0.07850376    0.13905642    0.13172797    0.12053246    0.12547421    0.27718785    0.28928087    0.28320786    0.29081984
T18            0.30397483    0.24812717    0.23976992    0.24140463    0.24372791    0.21756211    0.20135521    0.20135521    0.38445856    0.38766368    0.33210723    0.06296641    0.06289295    0.07395648    0.00000000    0.00401614    0.13384890    0.12417364    0.11536486    0.12023406    0.26687498    0.27874410    0.27914394    0.27411488
T5             0.30725906    0.25417796    0.24574824    0.24747433    0.24979747    0.22333293    0.20697962    0.20697962    0.38824115    0.39146063    0.33553827    0.06744230    0.06735877    0.07850376    0.00401614    0.00000000    0.13880243    0.12904250    0.12023406    0.12515133    0.27317450    0.28516526    0.28558593    0.28041396
T20            0.31756102    0.26392768    0.24995656    0.25023760    0.25626988    0.22991243    0.21069627    0.21069627    0.41440389    0.41774127    0.35576042    0.13199324    0.13407804    0.13905642    0.13384890    0.13880243    0.00000000    0.01617373    0.03899824    0.04325418    0.27657584    0.30071210    0.30435600    0.30000655
T11            0.31460498    0.25870705    0.24724864    0.24753112    0.25354525    0.22726784    0.20811313    0.20811313    0.40062702    0.40390424    0.34304723    0.12472552    0.12681097    0.13172797    0.12417364    0.12904250    0.01617373    0.00000000    0.03270952    0.03480187    0.27377993    0.29783040    0.30146466    0.29712248
T1             0.29783040    0.24844070    0.23476001    0.22917138    0.24105763    0.22016317    0.19603482    0.19603482    0.40302825    0.40630677    0.33511720    0.11366130    0.11563926    0.12053246    0.11536486    0.12023406    0.03899824    0.03270952    0.00000000    0.01617901    0.25249624    0.27595391    0.27955470    0.27761036
T3             0.29712248    0.25450998    0.24072064    0.23507906    0.24710883    0.22016317    0.20161206    0.20161206    0.40302825    0.40630677    0.33169797    0.11856668    0.12053246    0.12547421    0.12023406    0.12515133    0.04325418    0.03480187    0.01617901    0.00000000    0.25485241    0.27518555    0.27874410    0.27518555
T14            0.14156438    0.27446082    0.26579580    0.26375484    0.26687498    0.22802431    0.20878602    0.20646198    0.46073409    0.46426962    0.38724355    0.26571632    0.27398746    0.27718785    0.26687498    0.27317450    0.27657584    0.27377993    0.25249624    0.25485241    0.00000000    0.07606570    0.08069942    0.10113525
T10            0.16626730    0.29858493    0.28962876    0.28115702    0.29081984    0.25657976    0.23651954    0.23651954    0.51549166    0.51927985    0.43929890    0.26804999    0.28601767    0.28928087    0.27874410    0.28516526    0.30071210    0.29783040    0.27595391    0.27518555    0.07606570    0.00000000    0.00602724    0.12692739
T23            0.17168220    0.30557019    0.29651918    0.28798700    0.29780869    0.26304419    0.24275011    0.24275011    0.52592593    0.52976243    0.44814535    0.26846285    0.27997637    0.28320786    0.27914394    0.28558593    0.30435600    0.30146466    0.27955470    0.27874410    0.08069942    0.00602724    0.00000000    0.13199324
T16            0.17118356    0.28819951    0.27690961    0.27099495    0.28041396    0.25540377    0.23256703    0.23256703    0.51082415    0.51459045    0.43525614    0.27595391    0.28194433    0.29081984    0.27411488    0.28041396    0.30000655    0.29712248    0.27761036    0.27518555    0.10113525    0.12692739    0.13199324    0.00000000

