24
T1             0.00000000    0.36291110    0.33290752    0.32451945    0.35267299    0.35075390    0.33440476    0.34800429    0.39418414    0.39026403    0.35882690    0.35519314    0.37049513    0.35882690    0.36737046    0.34548389    0.36503316    0.35882690    0.30984489    0.30984489    0.33751150    0.34353837    0.33189671    0.48973103
T23            0.36291110    0.00000000    0.19437739    0.20204149    0.19768034    0.19747686    0.19983358    0.20754270    0.21446498    0.20880696    0.18144337    0.17878797    0.18697986    0.18645890    0.18411300    0.17878797    0.19420952    0.20043876    0.14847272    0.14847272    0.15896899    0.20022763    0.18428853    0.31101824
T3             0.33290752    0.19437739    0.00000000    0.03919427    0.07652038    0.07663186    0.06960952    0.07162775    0.17833053    0.17293255    0.15708126    0.15448778    0.15727535    0.16453943    0.15968833    0.15190775    0.21705936    0.22395959    0.16210967    0.15689556    0.17003471    0.21041323    0.20190122    0.30984489
T15            0.32451945    0.20204149    0.03919427    0.00000000    0.08079664    0.08089765    0.06938463    0.07819528    0.19127225    0.18577004    0.15397617    0.15141614    0.15671828    0.16139700    0.16173625    0.15397617    0.21634066    0.22597772    0.15896899    0.15896899    0.17473578    0.20673862    0.19834657    0.30852210
T19            0.35267299    0.19768034    0.07652038    0.08079664    0.00000000    0.01210035    0.03492874    0.03907130    0.19740184    0.19180669    0.17003471    0.16737898    0.17025536    0.17762913    0.17808800    0.17003471    0.21966332    0.22365486    0.15931170    0.15931170    0.17785419    0.21527462    0.20727667    0.32399759
T11            0.35075390    0.19747686    0.07663186    0.08089765    0.01210035    0.00000000    0.03497358    0.03910573    0.20052771    0.19488491    0.17025536    0.16759249    0.17048458    0.17785419    0.17833053    0.17025536    0.21705936    0.22395959    0.15949579    0.15949579    0.17808800    0.21556356    0.20755968    0.32452130
T9             0.33440476    0.19983358    0.06960952    0.06938463    0.03492874    0.03497358    0.00000000    0.01617378    0.19431687    0.18876858    0.16453943    0.16191870    0.17003471    0.17207305    0.17248547    0.16191870    0.20577519    0.20956772    0.14917543    0.14917543    0.17003471    0.20700297    0.19909593    0.31322027
T13            0.34800429    0.20754270    0.07162775    0.07819528    0.03907130    0.03910573    0.01617378    0.00000000    0.20190122    0.19630637    0.17187991    0.16923841    0.17741284    0.17948662    0.17494482    0.17187991    0.20792573    0.21446498    0.15382247    0.15382247    0.17248547    0.21188011    0.20392552    0.32202373
T14            0.39418414    0.21446498    0.17833053    0.19127225    0.19740184    0.20052771    0.19431687    0.20190122    0.00000000    0.00401616    0.11067063    0.10827079    0.12054091    0.12500965    0.12038741    0.11794037    0.23713505    0.24446673    0.18601746    0.18876858    0.19711439    0.23950774    0.22527489    0.34407750
T6             0.39026403    0.20880696    0.17293255    0.18577004    0.19180669    0.19488491    0.18876858    0.19630637    0.00401616    0.00000000    0.10588247    0.10350555    0.11564674    0.12010359    0.11550530    0.11308209    0.23124272    0.23843114    0.18056043    0.18328147    0.19153500    0.23349014    0.21939922    0.33683486
T5             0.35882690    0.18144337    0.15708126    0.15397617    0.17003471    0.17025536    0.16453943    0.17187991    0.11067063    0.10588247    0.00000000    0.00200403    0.03289663    0.03277576    0.03284991    0.05617254    0.18949563    0.19858716    0.14424694    0.14424694    0.15708126    0.18780212    0.17741284    0.32054008
T4             0.35519314    0.17878797    0.15448778    0.15141614    0.16737898    0.16759249    0.16191870    0.16923841    0.10827079    0.10350555    0.00200403    0.00000000    0.03077746    0.03067010    0.03073526    0.05399324    0.18679704    0.19581321    0.14171932    0.14171932    0.15448778    0.18780212    0.18010437    0.31710643
T22            0.37049513    0.18697986    0.15727535    0.15671828    0.17025536    0.17048458    0.17003471    0.17741284    0.12054091    0.11564674    0.03289663    0.03077746    0.00000000    0.02031488    0.02037403    0.06728442    0.19789313    0.20727667    0.15247423    0.15247423    0.16781454    0.19630637    0.18577004    0.32801527
T10            0.35882690    0.18645890    0.16453943    0.16139700    0.17762913    0.17785419    0.17207305    0.17948662    0.12500965    0.12010359    0.03277576    0.03067010    0.02031488    0.00000000    0.01617908    0.06709562    0.20278424    0.21214181    0.15190775    0.15190775    0.16982267    0.19558037    0.18780212    0.32644383
T12            0.36737046    0.18411300    0.15968833    0.16173625    0.17808800    0.17833053    0.17248547    0.17494482    0.12038741    0.11550530    0.03284991    0.03073526    0.02037403    0.01617908    0.00000000    0.06721451    0.20043876    0.20984017    0.15227713    0.15227713    0.17025536    0.19605522    0.18826743    0.32747929
T16            0.34548389    0.17878797    0.15190775    0.15397617    0.17003471    0.17025536    0.16191870    0.17187991    0.11794037    0.11308209    0.05617254    0.05399324    0.06728442    0.06709562    0.06721451    0.00000000    0.20002589    0.20367850    0.15413831    0.15413831    0.16717404    0.20673862    0.19328895    0.29786171
T7             0.36503316    0.19420952    0.21705936    0.21634066    0.21966332    0.21705936    0.20577519    0.20792573    0.23713505    0.23124272    0.18949563    0.18679704    0.19789313    0.20278424    0.20043876    0.20002589    0.00000000    0.06289498    0.08472681    0.08472681    0.10321388    0.13396633    0.12437656    0.30190621
T20            0.35882690    0.20043876    0.22395959    0.22597772    0.22365486    0.22395959    0.20956772    0.21446498    0.24446673    0.23843114    0.19858716    0.19581321    0.20727667    0.21214181    0.20984017    0.20367850    0.06289498    0.00000000    0.09419978    0.09419978    0.11080024    0.14203604    0.12980981    0.31710643
T2             0.30984489    0.14847272    0.16210967    0.15896899    0.15931170    0.15949579    0.14917543    0.15382247    0.18601746    0.18056043    0.14424694    0.14171932    0.15247423    0.15190775    0.15227713    0.15413831    0.08472681    0.09419978    0.00000000    0.00401616    0.04327839    0.07819528    0.06709562    0.26769091
T8             0.30984489    0.14847272    0.15689556    0.15896899    0.15931170    0.15949579    0.14917543    0.15382247    0.18876858    0.18328147    0.14424694    0.14171932    0.15247423    0.15190775    0.15227713    0.15413831    0.08472681    0.09419978    0.00401616    0.00000000    0.03902220    0.08046389    0.06932365    0.26769091
T18            0.33751150    0.15896899    0.17003471    0.17473578    0.17785419    0.17808800    0.17003471    0.17248547    0.19711439    0.19153500    0.15708126    0.15448778    0.16781454    0.16982267    0.17025536    0.16717404    0.10321388    0.11080024    0.04327839    0.03902220    0.00000000    0.08751641    0.07622795    0.29356261
T17            0.34353837    0.20022763    0.21041323    0.20673862    0.21527462    0.21556356    0.20700297    0.21188011    0.23950774    0.23349014    0.18780212    0.18780212    0.19630637    0.19558037    0.19605522    0.20673862    0.13396633    0.14203604    0.07819528    0.08046389    0.08751641    0.00000000    0.03063077    0.30072713
T21            0.33189671    0.18428853    0.20190122    0.19834657    0.20727667    0.20755968    0.19909593    0.20392552    0.22527489    0.21939922    0.17741284    0.18010437    0.18577004    0.18780212    0.18826743    0.19328895    0.12437656    0.12980981    0.06709562    0.06932365    0.07622795    0.03063077    0.00000000    0.28845632
T0             0.48973103    0.31101824    0.30984489    0.30852210    0.32399759    0.32452130    0.31322027    0.32202373    0.34407750    0.33683486    0.32054008    0.31710643    0.32801527    0.32644383    0.32747929    0.29786171    0.30190621    0.31710643    0.26769091    0.26769091    0.29356261    0.30072713    0.28845632    0.00000000

