24
T21            0.00000000    0.33048902    0.32748792    0.33505428    0.34544897    0.34685604    0.35503798    0.33246554    0.34991268    0.32565407    0.34721936    0.28094915    0.28067545    0.28094915    0.26335195    0.28596294    0.32335223    0.28685683    0.30200228    0.08963533    0.08963533    0.09844898    0.10094023    0.09205488
T15            0.33048902    0.00000000    0.00200301    0.05632527    0.16979064    0.16694828    0.15206253    0.15636590    0.16939482    0.17926773    0.21936747    0.20492707    0.21306530    0.21047104    0.32565407    0.36121521    0.40420820    0.35040726    0.37689152    0.29005984    0.29005984    0.31455390    0.32116215    0.29995824
T0             0.32748792    0.00200301    0.00000000    0.05419232    0.16734723    0.16451029    0.14967149    0.15395323    0.16694828    0.17678636    0.21676241    0.20235775    0.21047104    0.20788639    0.32606385    0.36176207    0.40094378    0.35091484    0.37743870    0.28720536    0.28720536    0.31161070    0.31819718    0.29707470
T1             0.33505428    0.05632527    0.05419232    0.00000000    0.18847141    0.17737874    0.16755950    0.17450413    0.18572967    0.19577152    0.23707222    0.21347700    0.21890427    0.21347700    0.32692058    0.36289553    0.40228511    0.36289553    0.38995796    0.30319807    0.30319807    0.32152333    0.32824292    0.30682622
T2             0.34544897    0.16979064    0.16734723    0.18847141    0.00000000    0.07599395    0.07859532    0.08502568    0.09663068    0.20467192    0.24369031    0.21629598    0.22174734    0.21913099    0.38101217    0.41232042    0.43488236    0.40263277    0.41907473    0.31050952    0.31050952    0.32904818    0.33590648    0.31091141
T10            0.34685604    0.16694828    0.16451029    0.17737874    0.07599395    0.00000000    0.06511838    0.07599395    0.07825695    0.20722579    0.24335523    0.22510277    0.23355291    0.22510277    0.39189719    0.41811294    0.45113200    0.40589209    0.43911099    0.32099158    0.32099158    0.33727974    0.34078117    0.32485707
T6             0.35503798    0.15206253    0.14967149    0.16755950    0.07859532    0.06511838    0.00000000    0.04783334    0.06313094    0.19706502    0.23870722    0.22621253    0.23472625    0.22621253    0.37914660    0.40496490    0.44169192    0.40092430    0.42559496    0.31942658    0.31942658    0.33825825    0.34533584    0.32335223
T3             0.33246554    0.15636590    0.15395323    0.17450413    0.08502568    0.07599395    0.04783334    0.00000000    0.05200371    0.20695373    0.24303023    0.22536555    0.23677511    0.22536555    0.36487055    0.38936235    0.42090458    0.38936235    0.41757523    0.30799883    0.30799883    0.32648603    0.33334446    0.31175087
T23            0.34991268    0.16939482    0.16694828    0.18572967    0.09663068    0.07825695    0.06313094    0.05200371    0.00000000    0.21264028    0.25516413    0.24241057    0.25413987    0.24241057    0.38738364    0.41322264    0.44596237    0.40514171    0.44252878    0.32143953    0.32143953    0.33680936    0.34735090    0.31849369
T19            0.32565407    0.17926773    0.17678636    0.19577152    0.20467192    0.20722579    0.19706502    0.20695373    0.21264028    0.00000000    0.05626673    0.18483453    0.19279090    0.19301471    0.30509800    0.33030677    0.37031526    0.32681738    0.35979966    0.30469450    0.30469450    0.31304579    0.31972064    0.30180455
T12            0.34721936    0.21936747    0.21676241    0.23707222    0.24369031    0.24335523    0.23870722    0.24303023    0.25516413    0.05626673    0.00000000    0.21629598    0.22174734    0.22484981    0.32351479    0.34481522    0.39317790    0.34481522    0.37857461    0.30902157    0.30902157    0.32413950    0.32413950    0.31598402
T18            0.28094915    0.20492707    0.20235775    0.21347700    0.21629598    0.22510277    0.22621253    0.22536555    0.24241057    0.18483453    0.21629598    0.00000000    0.03077608    0.02450780    0.28565583    0.30637866    0.33176322    0.29320381    0.32189959    0.24034048    0.24034048    0.24533882    0.25414357    0.25237300
T11            0.28067545    0.21306530    0.21047104    0.21890427    0.22174734    0.23355291    0.23472625    0.23677511    0.25413987    0.19279090    0.22174734    0.03077608    0.00000000    0.02245682    0.29491085    0.31942658    0.34178449    0.30927769    0.33876634    0.24596374    0.24596374    0.25098715    0.25393064    0.25810874
T7             0.28094915    0.21047104    0.20788639    0.21347700    0.21913099    0.22510277    0.22621253    0.22536555    0.24241057    0.19301471    0.22484981    0.02450780    0.02245682    0.00000000    0.29205271    0.31649333    0.34586920    0.30637866    0.33576066    0.24619318    0.24619318    0.25119135    0.26010096    0.25838447
T9             0.26335195    0.32565407    0.32606385    0.32692058    0.38101217    0.39189719    0.37914660    0.36487055    0.38738364    0.30509800    0.32351479    0.28565583    0.29491085    0.29205271    0.00000000    0.06727962    0.10320482    0.06282426    0.09663068    0.22330300    0.22330300    0.23090479    0.23677511    0.22944956
T5             0.28596294    0.36121521    0.36176207    0.36289553    0.41232042    0.41811294    0.40496490    0.38936235    0.41322264    0.33030677    0.34481522    0.30637866    0.31942658    0.31649333    0.06727962    0.00000000    0.08982903    0.06304406    0.09462225    0.24743329    0.24743329    0.25516413    0.26134361    0.25396842
T16            0.32335223    0.40420820    0.40094378    0.40228511    0.43488236    0.45113200    0.44169192    0.42090458    0.44596237    0.37031526    0.39317790    0.33176322    0.34178449    0.34586920    0.10320482    0.08982903    0.00000000    0.10587092    0.13697379    0.26996842    0.26996842    0.27793073    0.28430743    0.27352646
T8             0.28685683    0.35040726    0.35091484    0.36289553    0.40263277    0.40589209    0.40092430    0.38936235    0.40514171    0.32681738    0.34481522    0.29320381    0.30927769    0.30637866    0.06282426    0.06304406    0.10587092    0.00000000    0.04124129    0.24136638    0.24136638    0.24906028    0.25516413    0.24780779
T4             0.30200228    0.37689152    0.37743870    0.38995796    0.41907473    0.43911099    0.42559496    0.41757523    0.44252878    0.35979966    0.37857461    0.32189959    0.33876634    0.33576066    0.09663068    0.09462225    0.13697379    0.04124129    0.00000000    0.26172496    0.26172496    0.26958924    0.27590552    0.26841334
T13            0.08963533    0.29005984    0.28720536    0.30319807    0.31050952    0.32099158    0.31942658    0.30799883    0.32143953    0.30469450    0.30902157    0.24034048    0.24596374    0.24619318    0.22330300    0.24743329    0.26996842    0.24136638    0.26172496    0.00000000    0.00000000    0.03063019    0.03483225    0.02665020
T20            0.08963533    0.29005984    0.28720536    0.30319807    0.31050952    0.32099158    0.31942658    0.30799883    0.32143953    0.30469450    0.30902157    0.24034048    0.24596374    0.24619318    0.22330300    0.24743329    0.26996842    0.24136638    0.26172496    0.00000000    0.00000000    0.03063019    0.03483225    0.02665020
T22            0.09844898    0.31455390    0.31161070    0.32152333    0.32904818    0.33727974    0.33825825    0.32648603    0.33680936    0.31304579    0.32413950    0.24533882    0.25098715    0.25119135    0.23090479    0.25516413    0.27793073    0.24906028    0.26958924    0.03063019    0.03063019    0.00000000    0.01209712    0.03697633
T14            0.10094023    0.32116215    0.31819718    0.32824292    0.33590648    0.34078117    0.34533584    0.33334446    0.34735090    0.31972064    0.32413950    0.25414357    0.25393064    0.26010096    0.23677511    0.26134361    0.28430743    0.25516413    0.27590552    0.03483225    0.03483225    0.01209712    0.00000000    0.04124129
T17            0.09205488    0.29995824    0.29707470    0.30682622    0.31091141    0.32485707    0.32335223    0.31175087    0.31849369    0.30180455    0.31598402    0.25237300    0.25810874    0.25838447    0.22944956    0.25396842    0.27352646    0.24780779    0.26841334    0.02665020    0.02665020    0.03697633    0.04124129    0.00000000

