24
T10            0.00000000    0.43524150    0.42725444    0.44152787    0.46439987    0.46439987    0.43464776    0.43694137    0.44039008    0.42171760    0.42510344    0.41165442    0.48305718    0.48305718    0.48292466    0.40301161    0.26757374    0.27937714    0.25813923    0.25513262    0.26088945    0.27254627    0.27816072    0.27199905
T3             0.43524150    0.00000000    0.04765615    0.22990926    0.24724435    0.25267076    0.22132883    0.22395889    0.22659890    0.21011335    0.20718216    0.20790556    0.26975570    0.26975570    0.25930825    0.21496624    0.42561715    0.43867343    0.40223924    0.41354022    0.41308729    0.43831421    0.42460581    0.41689729
T0             0.42725444    0.04765615    0.00000000    0.20219564    0.21870864    0.22395889    0.20771022    0.21271188    0.21532018    0.19674142    0.19388838    0.19453742    0.25513262    0.25513262    0.24483026    0.19579022    0.41886262    0.43464776    0.39852849    0.40974468    0.40930620    0.43438423    0.42073664    0.41308729
T22            0.44152787    0.22990926    0.20219564    0.00000000    0.03692399    0.04539125    0.18588229    0.19374969    0.19630347    0.17324128    0.17572780    0.17862288    0.24306321    0.24306321    0.22462987    0.17928226    0.41550888    0.43407025    0.39524318    0.39894021    0.40223924    0.42706384    0.40143425    0.39409482
T18            0.46439987    0.24724435    0.21870864    0.03692399    0.00000000    0.02440588    0.19350085    0.20143968    0.20402227    0.18576505    0.18829752    0.18349028    0.25121860    0.25121860    0.23256393    0.19766027    0.43639689    0.44847375    0.41265013    0.41644557    0.41981969    0.44926060    0.42365894    0.41600979
T20            0.46439987    0.25267076    0.22395889    0.04539125    0.02440588    0.00000000    0.20674177    0.20934153    0.21195119    0.19350085    0.19605933    0.19388838    0.26567442    0.26567442    0.24622011    0.20553681    0.45256530    0.45669073    0.42027014    0.42412429    0.42752800    0.45734359    0.43142734    0.42365894
T13            0.43464776    0.22132883    0.20771022    0.18588229    0.19350085    0.20674177    0.00000000    0.06714945    0.06932155    0.05182254    0.04963833    0.05194929    0.13420363    0.13420363    0.11753698    0.16642668    0.41550888    0.41165442    0.38145791    0.39608462    0.39197293    0.42412429    0.41354022    0.40597783
T7             0.43694137    0.22395889    0.21271188    0.19374969    0.20143968    0.20934153    0.06714945    0.00000000    0.00200301    0.04969310    0.04751143    0.05860033    0.14186212    0.14186212    0.12747081    0.17946952    0.43639689    0.43750231    0.39409482    0.40888339    0.40475182    0.43737676    0.42277689    0.41518621
T16            0.44039008    0.22659890    0.21532018    0.19630347    0.20402227    0.21195119    0.06932155    0.00200301    0.00000000    0.05182254    0.04963833    0.06074307    0.14423544    0.14423544    0.12979967    0.18195830    0.43984609    0.44095068    0.39738536    0.41222880    0.40808495    0.44084769    0.42618466    0.41856505
T6             0.42171760    0.21011335    0.19674142    0.17324128    0.18576505    0.19350085    0.05182254    0.04969310    0.05182254    0.00000000    0.00602723    0.04133952    0.12951514    0.12951514    0.11054181    0.14619159    0.40687282    0.40782954    0.37361914    0.38793041    0.38395581    0.41558999    0.39775102    0.39046525
T1             0.42510344    0.20718216    0.19388838    0.17572780    0.18829752    0.19605933    0.04963833    0.04751143    0.04963833    0.00602723    0.00000000    0.03914577    0.12692639    0.12692639    0.10804010    0.14858693    0.41019878    0.39980938    0.36979721    0.38395581    0.38004796    0.41143379    0.39813208    0.39081949
T8             0.41165442    0.20790556    0.19453742    0.17862288    0.18349028    0.19388838    0.05194929    0.05860033    0.06074307    0.04133952    0.03914577    0.00000000    0.12995380    0.12995380    0.11578638    0.14661693    0.39326150    0.38310272    0.35715274    0.37111367    0.36724832    0.39813208    0.38793041    0.38072340
T17            0.48305718    0.26975570    0.25513262    0.24306321    0.25121860    0.26567442    0.13420363    0.14186212    0.14423544    0.12951514    0.12692639    0.12995380    0.00000000    0.00000000    0.07850315    0.22015892    0.47092238    0.45548672    0.42618466    0.43783708    0.42960878    0.44829656    0.46037206    0.45631429
T5             0.48305718    0.26975570    0.25513262    0.24306321    0.25121860    0.26567442    0.13420363    0.14186212    0.14423544    0.12951514    0.12692639    0.12995380    0.00000000    0.00000000    0.07850315    0.22015892    0.47092238    0.45548672    0.42618466    0.43783708    0.42960878    0.44829656    0.46037206    0.45631429
T11            0.48292466    0.25930825    0.24483026    0.22462987    0.23256393    0.24622011    0.11753698    0.12747081    0.12979967    0.11054181    0.10804010    0.11578638    0.07850315    0.07850315    0.00000000    0.21038213    0.45796341    0.43867343    0.40974468    0.42121914    0.41308729    0.44733717    0.44733717    0.43931876
T19            0.40301161    0.21496624    0.19579022    0.17928226    0.19766027    0.20553681    0.16642668    0.17946952    0.18195830    0.14619159    0.14858693    0.14661693    0.22015892    0.22015892    0.21038213    0.00000000    0.38708699    0.39086888    0.36006819    0.37080280    0.36676064    0.38677280    0.39143482    0.38401236
T23            0.26757374    0.42561715    0.41886262    0.41550888    0.43639689    0.45256530    0.41550888    0.43639689    0.43984609    0.40687282    0.41019878    0.39326150    0.47092238    0.47092238    0.45796341    0.38708699    0.00000000    0.10639125    0.07387809    0.07841486    0.07606531    0.09643755    0.09196009    0.08732856
T4             0.27937714    0.43867343    0.43464776    0.43407025    0.44847375    0.45669073    0.41165442    0.43750231    0.44095068    0.40782954    0.39980938    0.38310272    0.45548672    0.45548672    0.43867343    0.39086888    0.10639125    0.00000000    0.07841486    0.08761422    0.08061239    0.10349968    0.09898913    0.09429211
T2             0.25813923    0.40223924    0.39852849    0.39524318    0.41265013    0.42027014    0.38145791    0.39409482    0.39738536    0.37361914    0.36979721    0.35715274    0.42618466    0.42618466    0.40974468    0.36006819    0.07387809    0.07841486    0.00000000    0.01214685    0.00602723    0.03904292    0.06271364    0.05831697
T9             0.25513262    0.41354022    0.40974468    0.39894021    0.41644557    0.42412429    0.39608462    0.40888339    0.41222880    0.38793041    0.38395581    0.37111367    0.43783708    0.43783708    0.42121914    0.37080280    0.07841486    0.08761422    0.01214685    0.00000000    0.01008422    0.05194929    0.07162510    0.06714945
T14            0.26088945    0.41308729    0.40930620    0.40223924    0.41981969    0.42752800    0.39197293    0.40475182    0.40808495    0.38395581    0.38004796    0.36724832    0.42960878    0.42960878    0.41308729    0.36676064    0.07606531    0.08061239    0.00602723    0.01008422    0.00000000    0.04541944    0.06487588    0.06046952
T21            0.27254627    0.43831421    0.43438423    0.42706384    0.44926060    0.45734359    0.42412429    0.43737676    0.44084769    0.41558999    0.41143379    0.39813208    0.44829656    0.44829656    0.44733717    0.38677280    0.09643755    0.10349968    0.03904292    0.05194929    0.04541944    0.00000000    0.08717443    0.08260665
T12            0.27816072    0.42460581    0.42073664    0.40143425    0.42365894    0.43142734    0.41354022    0.42277689    0.42618466    0.39775102    0.39813208    0.38793041    0.46037206    0.46037206    0.44733717    0.39143482    0.09196009    0.09898913    0.06271364    0.07162510    0.06487588    0.08717443    0.00000000    0.00401614
T15            0.27199905    0.41689729    0.41308729    0.39409482    0.41600979    0.42365894    0.40597783    0.41518621    0.41856505    0.39046525    0.39081949    0.38072340    0.45631429    0.45631429    0.43931876    0.38401236    0.08732856    0.09429211    0.05831697    0.06714945    0.06046952    0.08260665    0.00401614    0.00000000

