24
T21            0.00000000    0.15988785    0.19201980    0.17151911    0.17911859    0.17151911    0.12877694    0.17104568    0.19184085    0.33538377    0.14078250    0.14595796    0.14345601    0.17494333    0.14409373    0.17151911    0.19834486    0.15157086    0.15671732    0.15448665    0.15448665    0.14607517    0.15367678    0.11491329
T17            0.15988785    0.00000000    0.14712912    0.13029659    0.14002365    0.13029659    0.14440676    0.17741139    0.22492810    0.33396020    0.15671732    0.16230772    0.15747633    0.22042957    0.19237406    0.22199050    0.24253963    0.21491734    0.20911023    0.20690081    0.21270808    0.23183270    0.24075025    0.18327949
T16            0.19201980    0.14712912    0.00000000    0.02647126    0.03481437    0.02647126    0.16818150    0.19692231    0.23153156    0.37242734    0.18615770    0.18914243    0.18378910    0.25795828    0.22569133    0.26342855    0.28369671    0.23713233    0.23124033    0.22597521    0.23775995    0.24945102    0.25844780    0.21351874
T2             0.17151911    0.13029659    0.02647126    0.00000000    0.00804443    0.00000000    0.15087835    0.17894858    0.22074892    0.35938248    0.16584595    0.16873201    0.16873201    0.23842755    0.19858527    0.23478750    0.26029427    0.21815014    0.21241062    0.21011942    0.21585909    0.22728908    0.23599786    0.19009233
T14            0.17911859    0.14002365    0.03481437    0.00804443    0.00000000    0.00804443    0.16082185    0.18931401    0.23183270    0.36558936    0.17600143    0.17894858    0.17894858    0.24678531    0.20648174    0.24309492    0.26892812    0.22626887    0.22046255    0.21815014    0.22395662    0.23258868    0.24134831    0.19789179
T7             0.17151911    0.13029659    0.02647126    0.00000000    0.00804443    0.00000000    0.15087835    0.17894858    0.22074892    0.35938248    0.16584595    0.16873201    0.16873201    0.23842755    0.19858527    0.23478750    0.26029427    0.21815014    0.21241062    0.21011942    0.21585909    0.22728908    0.23599786    0.19009233
T1             0.12877694    0.14440676    0.16818150    0.15087835    0.16082185    0.15087835    0.00000000    0.08282036    0.15851868    0.29329871    0.10293174    0.10776593    0.10071975    0.17187882    0.16173525    0.18216961    0.20392356    0.17207181    0.16678890    0.16717271    0.16982124    0.19390218    0.20204130    0.15838605
T3             0.17104568    0.17741139    0.19692231    0.17894858    0.18931401    0.17894858    0.08282036    0.00000000    0.19474037    0.32110461    0.14356688    0.14886863    0.14381369    0.20623634    0.19009233    0.21421251    0.22202921    0.20367673    0.19811369    0.19581145    0.19858527    0.22907016    0.23770283    0.19493608
T19            0.19184085    0.22492810    0.23153156    0.22074892    0.23183270    0.22074892    0.15851868    0.19474037    0.00000000    0.30598005    0.16643969    0.16942335    0.16156148    0.25523875    0.23775995    0.26691154    0.28479717    0.25947404    0.25326963    0.25326963    0.25947404    0.27414940    0.28363197    0.22753194
T23            0.33538377    0.33396020    0.37242734    0.35938248    0.36558936    0.35938248    0.29329871    0.32110461    0.30598005    0.00000000    0.28722101    0.28479717    0.29128384    0.38956051    0.36424979    0.40389811    0.40180773    0.35995897    0.35266519    0.34298130    0.35746401    0.40768694    0.41968063    0.34698894
T4             0.14078250    0.15671732    0.18615770    0.16584595    0.17600143    0.16584595    0.10293174    0.14356688    0.16643969    0.28722101    0.00000000    0.02857330    0.05190149    0.20163213    0.17207181    0.18737162    0.21162614    0.18530027    0.17988818    0.17762753    0.18303976    0.19645380    0.19915938    0.17090563
T10            0.14595796    0.16230772    0.18914243    0.16873201    0.17894858    0.16873201    0.10776593    0.14886863    0.16942335    0.28479717    0.02857330    0.00000000    0.05639414    0.19936166    0.16982124    0.18507977    0.20648174    0.19127007    0.18576810    0.18352805    0.18903016    0.20496297    0.21330687    0.17382196
T6             0.14345601    0.15747633    0.18378910    0.16873201    0.17894858    0.16873201    0.10071975    0.14381369    0.16156148    0.29128384    0.05190149    0.05639414    0.00000000    0.19936166    0.17516095    0.19605329    0.20930264    0.18576810    0.18303976    0.17538728    0.18627151    0.19405099    0.20221246    0.17382196
T8             0.17494333    0.22042957    0.25795828    0.23842755    0.24678531    0.23842755    0.17187882    0.20623634    0.25523875    0.38956051    0.20163213    0.19936166    0.19936166    0.00000000    0.05213849    0.10373707    0.11079958    0.15573405    0.15050599    0.15311315    0.15836882    0.23124033    0.23713233    0.18280887
T11            0.14409373    0.19237406    0.22569133    0.19858527    0.20648174    0.19858527    0.16173525    0.19009233    0.23775995    0.36424979    0.17207181    0.16982124    0.17516095    0.05213849    0.00000000    0.06498630    0.08070242    0.11808696    0.11321687    0.11108135    0.11595155    0.18949482    0.19493608    0.14901744
T0             0.17151911    0.22199050    0.26342855    0.23478750    0.24309492    0.23478750    0.18216961    0.21421251    0.26691154    0.40389811    0.18737162    0.18507977    0.19605329    0.10373707    0.06498630    0.00000000    0.06728421    0.14203508    0.14203508    0.13984353    0.14493770    0.22202921    0.22778478    0.18237377
T9             0.19834486    0.24253963    0.28369671    0.26029427    0.26892812    0.26029427    0.20392356    0.22202921    0.28479717    0.40180773    0.21162614    0.20648174    0.20930264    0.11079958    0.08070242    0.06728421    0.00000000    0.16781279    0.16251550    0.16031471    0.16561213    0.23979705    0.24577747    0.19858527
T13            0.15157086    0.21491734    0.23713233    0.21815014    0.22626887    0.21815014    0.17207181    0.20367673    0.25947404    0.35995897    0.18530027    0.19127007    0.18576810    0.15573405    0.11808696    0.14203508    0.16781279    0.00000000    0.01214703    0.01415488    0.01827059    0.20258346    0.20813064    0.17187882
T22            0.15671732    0.20911023    0.23124033    0.21241062    0.22046255    0.21241062    0.16678890    0.19811369    0.25326963    0.35266519    0.17988818    0.18576810    0.18303976    0.15050599    0.11321687    0.14203508    0.16251550    0.01214703    0.00000000    0.01415488    0.01827059    0.20813064    0.21374033    0.17187882
T20            0.15448665    0.20690081    0.22597521    0.21011942    0.21815014    0.21011942    0.16717271    0.19581145    0.25326963    0.34298130    0.17762753    0.18352805    0.17538728    0.15311315    0.11108135    0.13984353    0.16031471    0.01415488    0.01415488    0.00000000    0.00806499    0.20299247    0.20857088    0.16961796
T15            0.15448665    0.21270808    0.23775995    0.21585909    0.22395662    0.21585909    0.16982124    0.19858527    0.25947404    0.35746401    0.18303976    0.18903016    0.18627151    0.15836882    0.11595155    0.14493770    0.16561213    0.01827059    0.01827059    0.00806499    0.00000000    0.20857088    0.21421251    0.17494333
T12            0.14607517    0.23183270    0.24945102    0.22728908    0.23258868    0.22728908    0.19390218    0.22907016    0.27414940    0.40768694    0.19645380    0.20496297    0.19405099    0.23124033    0.18949482    0.22202921    0.23979705    0.20258346    0.20813064    0.20299247    0.20857088    0.00000000    0.00603646    0.13893279
T5             0.15367678    0.24075025    0.25844780    0.23599786    0.24134831    0.23599786    0.20204130    0.23770283    0.28363197    0.41968063    0.19915938    0.21330687    0.20221246    0.23713233    0.19493608    0.22778478    0.24577747    0.20813064    0.21374033    0.20857088    0.21421251    0.00603646    0.00000000    0.14647706
T18            0.11491329    0.18327949    0.21351874    0.19009233    0.19789179    0.19009233    0.15838605    0.19493608    0.22753194    0.34698894    0.17090563    0.17382196    0.17382196    0.18280887    0.14901744    0.18237377    0.19858527    0.17187882    0.17187882    0.16961796    0.17494333    0.13893279    0.14647706    0.00000000

