24
T11            0.00000000    0.26611210    0.26786409    0.26202902    0.25021186    0.23649558    0.20901049    0.22827363    0.27831854    0.34382927    0.30018883    0.31805970    0.30885330    0.31358653    0.30107964    0.28879562    0.33140146    0.19325269    0.20159307    0.20952415    0.19577671    0.19830982    0.16471074    0.14422849
T15            0.26611210    0.00000000    0.06304463    0.06089879    0.04559803    0.08519887    0.09439329    0.10135073    0.14967455    0.25565566    0.22621969    0.24241860    0.22884575    0.24637891    0.24637891    0.23273903    0.27160297    0.25789250    0.26722047    0.26027181    0.27951497    0.28231449    0.27313741    0.24404412
T16            0.26786409    0.06304463    0.00000000    0.00602722    0.04334432    0.07583099    0.09402077    0.10329526    0.14899943    0.26060405    0.23091199    0.24722385    0.23356024    0.24510305    0.24510305    0.23738721    0.27552790    0.26887310    0.27831854    0.28393258    0.28753845    0.29037163    0.26301261    0.24336362
T17            0.26202902    0.06089879    0.00602722    0.00000000    0.04124151    0.07363573    0.09410284    0.10103259    0.14660986    0.25785249    0.22827363    0.24452648    0.23091199    0.24241860    0.24241860    0.23473400    0.27274807    0.26611210    0.27552790    0.28112007    0.28471639    0.28753845    0.25720092    0.23770441
T20            0.25021186    0.04559803    0.04334432    0.04124151    0.00000000    0.06259611    0.07587839    0.08033657    0.13419791    0.24080381    0.20853457    0.22438006    0.21111420    0.23091199    0.22800233    0.21522733    0.24241860    0.25111529    0.25720092    0.25655121    0.26923099    0.27200174    0.25754149    0.22621969
T3             0.23649558    0.08519887    0.07583099    0.07363573    0.06259611    0.00000000    0.06704382    0.07593296    0.11753248    0.23498476    0.19510971    0.21067961    0.19764752    0.22564506    0.21987608    0.21236758    0.24303850    0.23383874    0.24272348    0.24510305    0.25143719    0.25414882    0.24604467    0.21522733
T12            0.20901049    0.09439329    0.09402077    0.09410284    0.07587839    0.06704382    0.00000000    0.05403154    0.10587238    0.21608339    0.17717665    0.19237546    0.18194749    0.20751330    0.19349473    0.18623548    0.21581141    0.21264665    0.21839923    0.22070197    0.22683320    0.22945708    0.21522733    0.18573449
T2             0.22827363    0.10135073    0.10329526    0.10103259    0.08033657    0.07593296    0.05403154    0.00000000    0.12514407    0.22438006    0.19050328    0.20596439    0.19807981    0.20669683    0.19830982    0.19652591    0.20751330    0.22914653    0.24404412    0.24036646    0.25590832    0.25862577    0.23473400    0.21007533
T9             0.27831854    0.14967455    0.14899943    0.14660986    0.13419791    0.11753248    0.10587238    0.12514407    0.00000000    0.28638185    0.25517348    0.26267409    0.25414882    0.29252015    0.29582514    0.28780771    0.32252846    0.29162712    0.31165845    0.30730469    0.32145183    0.32439703    0.29536209    0.24976621
T21            0.34382927    0.25565566    0.26060405    0.25785249    0.24080381    0.23498476    0.21608339    0.22438006    0.28638185    0.00000000    0.09439329    0.11042398    0.10113118    0.31699297    0.32534437    0.31116170    0.33177932    0.32534437    0.33930420    0.35732220    0.35309360    0.35616336    0.30552650    0.29037163
T8             0.30018883    0.22621969    0.23091199    0.22827363    0.20853457    0.19510971    0.17717665    0.19050328    0.25517348    0.09439329    0.00000000    0.05852882    0.04988255    0.26761116    0.27313741    0.25590832    0.28879562    0.27631599    0.29252015    0.30489154    0.30537684    0.30826352    0.26722047    0.25282780
T1             0.31805970    0.24241860    0.24722385    0.24452648    0.22438006    0.21067961    0.19237546    0.20596439    0.26267409    0.11042398    0.05852882    0.00000000    0.02029441    0.27831854    0.28074398    0.26336173    0.29976063    0.30018883    0.30018883    0.31944162    0.33032336    0.32980262    0.28753845    0.28231449
T0             0.30885330    0.22884575    0.23356024    0.23091199    0.21111420    0.19764752    0.18194749    0.19807981    0.25414882    0.10113118    0.04988255    0.02029441    0.00000000    0.27591653    0.27831854    0.26098248    0.29732363    0.29119739    0.29446976    0.31358653    0.31748963    0.32042284    0.27552790    0.27353750
T22            0.31358653    0.24637891    0.24510305    0.24241860    0.23091199    0.22564506    0.20751330    0.20669683    0.29252015    0.31699297    0.26761116    0.27831854    0.27591653    0.00000000    0.06498297    0.05639100    0.08993785    0.27160297    0.29015276    0.29582514    0.29629942    0.29915219    0.29536209    0.26927954
T4             0.30107964    0.24637891    0.24510305    0.24241860    0.22800233    0.21987608    0.19349473    0.19830982    0.29582514    0.32534437    0.27313741    0.28074398    0.27831854    0.06498297    0.00000000    0.04549520    0.08299089    0.28036704    0.28686947    0.29582514    0.28968930    0.29252015    0.27353750    0.25358461
T7             0.28879562    0.23273903    0.23738721    0.23473400    0.21522733    0.21236758    0.18623548    0.19652591    0.28780771    0.31116170    0.25590832    0.26336173    0.26098248    0.05639100    0.04549520    0.00000000    0.07651336    0.26927954    0.27247869    0.28126249    0.27847516    0.28126249    0.27118101    0.24900135
T23            0.33140146    0.27160297    0.27552790    0.27274807    0.24241860    0.24303850    0.21581141    0.20751330    0.32252846    0.33177932    0.28879562    0.29976063    0.29732363    0.08993785    0.08299089    0.07651336    0.00000000    0.31321856    0.32015030    0.32955779    0.31959457    0.32252846    0.31851847    0.28829327
T14            0.19325269    0.25789250    0.26887310    0.26611210    0.25111529    0.23383874    0.21264665    0.22914653    0.29162712    0.32534437    0.27631599    0.30018883    0.29119739    0.27160297    0.28036704    0.26927954    0.31321856    0.00000000    0.07186247    0.08079001    0.07859618    0.08079001    0.21007533    0.18076656
T6             0.20159307    0.26722047    0.27831854    0.27552790    0.25720092    0.24272348    0.21839923    0.24404412    0.31165845    0.33930420    0.29252015    0.30018883    0.29446976    0.29015276    0.28686947    0.27247869    0.32015030    0.07186247    0.00000000    0.04982499    0.06728021    0.06944837    0.19879742    0.18349352
T10            0.20952415    0.26027181    0.28393258    0.28112007    0.25655121    0.24510305    0.22070197    0.24036646    0.30730469    0.35732220    0.30489154    0.31944162    0.31358653    0.29582514    0.29582514    0.28126249    0.32955779    0.08079001    0.04982499    0.00000000    0.08299089    0.08519887    0.22683320    0.19959738
T13            0.19577671    0.27951497    0.28753845    0.28471639    0.26923099    0.25143719    0.22683320    0.25590832    0.32145183    0.35309360    0.30537684    0.33032336    0.31748963    0.29629942    0.28968930    0.27847516    0.31959457    0.07859618    0.06728021    0.08299089    0.00000000    0.00401106    0.21551465    0.18598057
T5             0.19830982    0.28231449    0.29037163    0.28753845    0.27200174    0.25414882    0.22945708    0.25862577    0.32439703    0.35616336    0.30826352    0.32980262    0.32042284    0.29915219    0.29252015    0.28126249    0.32252846    0.08079001    0.06944837    0.08519887    0.00401106    0.00000000    0.21810357    0.18847641
T19            0.16471074    0.27313741    0.26301261    0.25720092    0.25754149    0.24604467    0.21522733    0.23473400    0.29536209    0.30552650    0.26722047    0.28753845    0.27552790    0.29536209    0.27353750    0.27118101    0.31851847    0.21007533    0.19879742    0.22683320    0.21551465    0.21810357    0.00000000    0.07403893
T18            0.14422849    0.24404412    0.24336362    0.23770441    0.22621969    0.21522733    0.18573449    0.21007533    0.24976621    0.29037163    0.25282780    0.28231449    0.27353750    0.26927954    0.25358461    0.24900135    0.28829327    0.18076656    0.18349352    0.19959738    0.18598057    0.18847641    0.07403893    0.00000000

