24
T9             0.00000000    0.43964864    0.42864299    0.30751895    0.32213708    0.28090311    0.28128359    0.28409736    0.33903841    0.45282640    0.42589695    0.22341172    0.25531400    0.21763490    0.23619591    0.17766144    0.22258055    0.21142708    0.16700465    0.18511450    0.21477150    0.20909374    0.19609465    0.18761658
T14            0.43964864    0.00000000    0.02444526    0.24919976    0.28812629    0.24223486    0.24552546    0.24821980    0.29995103    0.40269745    0.37757463    0.33356215    0.33655765    0.33356215    0.34727760    0.32224040    0.34727760    0.35516049    0.28616348    0.30899141    0.35885332    0.33821410    0.32518767    0.31772584
T20            0.42864299    0.02444526    0.00000000    0.24382758    0.28249177    0.23985772    0.24016724    0.24284130    0.29751759    0.39620123    0.37128094    0.32066079    0.33764943    0.32760785    0.33764943    0.31985524    0.34482206    0.34905180    0.28379961    0.30661715    0.35271756    0.32869815    0.31584328    0.30848890
T4             0.30751895    0.24919976    0.24382758    0.00000000    0.12242836    0.08941197    0.08733916    0.08956358    0.14697604    0.23782394    0.21820381    0.20069698    0.20934867    0.19838512    0.19815256    0.18307683    0.23484912    0.22925651    0.17006504    0.18013700    0.23220490    0.22051491    0.20678220    0.19862695
T5             0.32213708    0.28812629    0.28249177    0.12242836    0.00000000    0.08046915    0.08054195    0.08274861    0.13986529    0.26041048    0.24919976    0.22023655    0.24284130    0.22895240    0.24048691    0.19940785    0.24584291    0.24315987    0.18830455    0.19585139    0.24382758    0.23484912    0.22080298    0.21246017
T22            0.28090311    0.24223486    0.23985772    0.08941197    0.08046915    0.00000000    0.01006778    0.01209726    0.07178617    0.22520290    0.20604162    0.19224113    0.20581371    0.18450327    0.19792931    0.16194416    0.20861247    0.20325068    0.14903805    0.15883214    0.21218758    0.20604162    0.18720329    0.17932699
T19            0.28128359    0.24552546    0.24016724    0.08733916    0.08054195    0.01006778    0.00000000    0.00602729    0.07187364    0.21970903    0.20069698    0.18971766    0.20325068    0.18200521    0.19539253    0.16213609    0.20884834    0.20348016    0.14919613    0.15899152    0.21477150    0.20348016    0.18740538    0.17951608
T13            0.28409736    0.24821980    0.24284130    0.08956358    0.08274861    0.01209726    0.00602729    0.00000000    0.07405022    0.22809948    0.20884834    0.19497072    0.20861247    0.18720329    0.20069698    0.16456612    0.21142708    0.20604162    0.15159259    0.16141981    0.21736492    0.20884834    0.18991806    0.18200521
T2             0.33903841    0.29995103    0.29751759    0.14697604    0.13986529    0.07178617    0.07187364    0.07405022    0.00000000    0.28855019    0.27053204    0.24223486    0.25395329    0.24048691    0.24253296    0.20704792    0.25700075    0.23926922    0.19309126    0.20348016    0.25123954    0.24521832    0.22809948    0.21970903
T18            0.45282640    0.40269745    0.39620123    0.23782394    0.26041048    0.22520290    0.21970903    0.22809948    0.28855019    0.00000000    0.04339137    0.33659318    0.35841918    0.32121777    0.33705677    0.30905322    0.35119580    0.34104275    0.30326234    0.31196620    0.34920469    0.35281659    0.33603058    0.32606420
T12            0.42589695    0.37757463    0.37128094    0.21820381    0.24919976    0.20604162    0.20069698    0.20884834    0.27053204    0.04339137    0.00000000    0.31404248    0.33058735    0.29911944    0.31111631    0.28409736    0.33152895    0.32854545    0.28167521    0.29014753    0.33551607    0.33201853    0.31578786    0.30615197
T8             0.22341172    0.33356215    0.32066079    0.20069698    0.22023655    0.19224113    0.18971766    0.19497072    0.24223486    0.33659318    0.31404248    0.00000000    0.09654616    0.07607330    0.08742793    0.11538447    0.14145235    0.14664810    0.09654616    0.11044511    0.14953729    0.12998200    0.12720685    0.11998660
T15            0.25531400    0.33655765    0.33764943    0.20934867    0.24284130    0.20581371    0.20325068    0.20861247    0.25395329    0.35841918    0.33058735    0.09654616    0.00000000    0.10341017    0.11044511    0.14222747    0.17456433    0.17210158    0.12011750    0.13701148    0.15971449    0.14459770    0.13952736    0.13466038
T0             0.21763490    0.33356215    0.32760785    0.19838512    0.22895240    0.18450327    0.18200521    0.18720329    0.24048691    0.32121777    0.29911944    0.07607330    0.10341017    0.00000000    0.06715533    0.10149310    0.13671884    0.13937059    0.08742793    0.10114920    0.13969227    0.12502526    0.11768169    0.11056005
T10            0.23619591    0.34727760    0.33764943    0.19815256    0.24048691    0.19792931    0.19539253    0.20069698    0.24253296    0.33705677    0.31111631    0.08742793    0.11044511    0.06715533    0.00000000    0.12533498    0.15433173    0.15489634    0.10613776    0.12025621    0.16012686    0.14496181    0.13733651    0.12998200
T7             0.17766144    0.32224040    0.31985524    0.18307683    0.19940785    0.16194416    0.16213609    0.16456612    0.20704792    0.30905322    0.28409736    0.11538447    0.14222747    0.10149310    0.12533498    0.00000000    0.08046915    0.08054195    0.03701533    0.04977836    0.09420771    0.09889567    0.08512198    0.07834242
T17            0.22258055    0.34727760    0.34482206    0.23484912    0.24584291    0.20861247    0.20884834    0.21142708    0.25700075    0.35119580    0.33152895    0.14145235    0.17456433    0.13671884    0.15433173    0.08046915    0.00000000    0.06728880    0.07381450    0.08725770    0.13671884    0.13671884    0.12217804    0.11502760
T11            0.21142708    0.35516049    0.34905180    0.22925651    0.24315987    0.20325068    0.20348016    0.20604162    0.23926922    0.34104275    0.32854545    0.14664810    0.17210158    0.13937059    0.15489634    0.08054195    0.06728880    0.00000000    0.07163229    0.08274861    0.12694804    0.12206473    0.11262718    0.10558287
T3             0.16700465    0.28616348    0.28379961    0.17006504    0.18830455    0.14903805    0.14919613    0.15159259    0.19309126    0.30326234    0.28167521    0.09654616    0.12011750    0.08742793    0.10613776    0.03701533    0.07381450    0.07163229    0.00000000    0.02442265    0.06704992    0.07150666    0.05832067    0.05182531
T1             0.18511450    0.30899141    0.30661715    0.18013700    0.19585139    0.15883214    0.15899152    0.16141981    0.20348016    0.31196620    0.29014753    0.11044511    0.13701148    0.10114920    0.12025621    0.04977836    0.08725770    0.08274861    0.02442265    0.00000000    0.08948408    0.08965044    0.08046915    0.07375012
T16            0.21477150    0.35885332    0.35271756    0.23220490    0.24382758    0.21218758    0.21477150    0.21736492    0.25123954    0.34920469    0.33551607    0.14953729    0.15971449    0.13969227    0.16012686    0.09420771    0.13671884    0.12694804    0.06704992    0.08948408    0.00000000    0.04765959    0.04334748    0.03697874
T23            0.20909374    0.33821410    0.32869815    0.22051491    0.23484912    0.20604162    0.20348016    0.20884834    0.24521832    0.35281659    0.33201853    0.12998200    0.14459770    0.12502526    0.14496181    0.09889567    0.13671884    0.12206473    0.07150666    0.08965044    0.04765959    0.00000000    0.03694872    0.03064786
T6             0.19609465    0.32518767    0.31584328    0.20678220    0.22080298    0.18720329    0.18740538    0.18991806    0.22809948    0.33603058    0.31578786    0.12720685    0.13952736    0.11768169    0.13733651    0.08512198    0.12217804    0.11262718    0.05832067    0.08046915    0.04334748    0.03694872    0.00000000    0.01006778
T21            0.18761658    0.31772584    0.30848890    0.19862695    0.21246017    0.17932699    0.17951608    0.18200521    0.21970903    0.32606420    0.30615197    0.11998660    0.13466038    0.11056005    0.12998200    0.07834242    0.11502760    0.10558287    0.05182531    0.07375012    0.03697874    0.03064786    0.01006778    0.00000000

