24
T20            0.00000000    0.39366406    0.42798661    0.41393673    0.37787843    0.35955549    0.40079136    0.36530920    0.40668972    0.34879977    0.35645971    0.36475355    0.34629799    0.34629799    0.34989629    0.35295294    0.35659052    0.36733311    0.36475355    0.33724249    0.35776556    0.35854961    0.18569975    0.18004349
T9             0.39366406    0.00000000    0.11547949    0.09204843    0.10384231    0.18231717    0.21348758    0.18692782    0.23541069    0.19024716    0.20549381    0.21154993    0.18297454    0.18297454    0.18569975    0.18546437    0.19927957    0.22009857    0.21490601    0.32001321    0.32589290    0.32671254    0.40935763    0.40471444
T18            0.42798661    0.11547949    0.00000000    0.15667635    0.16712187    0.25346437    0.29197176    0.24100844    0.29349415    0.23884263    0.26109465    0.26166985    0.22822868    0.22822868    0.22532961    0.23379175    0.25475704    0.27715421    0.27157803    0.40822700    0.41481383    0.43154259    0.48012140    0.47488231
T3             0.41393673    0.09204843    0.15667635    0.00000000    0.13460934    0.21673197    0.24969875    0.22434641    0.26031269    0.22506906    0.24988600    0.24448038    0.21179849    0.21179849    0.20897317    0.22009857    0.23467954    0.25045173    0.24505175    0.34438778    0.35046369    0.35854961    0.43834168    0.43346242
T5             0.37787843    0.10384231    0.16712187    0.13460934    0.00000000    0.16919157    0.20237066    0.17641988    0.21564923    0.17695448    0.20016666    0.20059178    0.17242766    0.17779039    0.17510183    0.17756831    0.19119516    0.21179849    0.20665723    0.29572152    0.29904471    0.31933326    0.38162503    0.37732229
T4             0.35955549    0.18231717    0.25346437    0.21673197    0.16919157    0.00000000    0.07621692    0.19804778    0.23274758    0.18773804    0.20292950    0.20897317    0.18321129    0.18869165    0.18594396    0.18026411    0.19675167    0.21179849    0.20665723    0.30103893    0.31019219    0.32132708    0.37046844    0.36628889
T8             0.40079136    0.21348758    0.29197176    0.24969875    0.20237066    0.07621692    0.00000000    0.23073174    0.25475704    0.21703287    0.24166354    0.24240006    0.21551181    0.22141284    0.21845361    0.21223531    0.22999245    0.24544953    0.24317605    0.33370332    0.34333167    0.34740883    0.39044350    0.38599830
T11            0.36530920    0.18692782    0.24100844    0.22434641    0.17641988    0.19804778    0.23073174    0.00000000    0.08528870    0.04124008    0.06714513    0.05621333    0.06504395    0.06951847    0.06727620    0.06497992    0.07380183    0.10085252    0.09634136    0.25893184    0.27068726    0.28786057    0.36421124    0.36005795
T19            0.40668972    0.23541069    0.29349415    0.26031269    0.21564923    0.23274758    0.25475704    0.08528870    0.00000000    0.08502158    0.11259897    0.09626205    0.11281318    0.11764453    0.11522302    0.11270224    0.11489592    0.14856784    0.14378526    0.29526212    0.31445208    0.33866175    0.39771933    0.40098129
T22            0.34879977    0.19024716    0.23884263    0.22506906    0.17695448    0.18773804    0.21703287    0.04124008    0.08502158    0.00000000    0.04128515    0.03284736    0.05638765    0.06081266    0.05418975    0.05412971    0.06504395    0.09177662    0.08732057    0.25389930    0.27194343    0.29242029    0.35854961    0.35439616
T16            0.35645971    0.20549381    0.26109465    0.24988600    0.20016666    0.20292950    0.24166354    0.06714513    0.11259897    0.04128515    0.00000000    0.02870879    0.07832698    0.08289348    0.08060502    0.07825363    0.09185991    0.11961045    0.11259897    0.27664055    0.28870293    0.30964116    0.36628889    0.36217584
T21            0.36475355    0.21154993    0.26166985    0.24448038    0.20059178    0.20897317    0.24240006    0.05621333    0.09626205    0.03284736    0.02870879    0.00000000    0.07394921    0.07849496    0.07621692    0.07387201    0.08280972    0.10783669    0.10093527    0.26478465    0.27664055    0.30385519    0.37471574    0.37046844
T14            0.34629799    0.18297454    0.22822868    0.21179849    0.17242766    0.18321129    0.21551181    0.06504395    0.11281318    0.05638765    0.07832698    0.07394921    0.00000000    0.00401609    0.00603631    0.01623172    0.03289360    0.05407641    0.04982274    0.24624426    0.25783699    0.27792610    0.35967330    0.35546734
T1             0.34629799    0.18297454    0.22822868    0.21179849    0.17779039    0.18869165    0.22141284    0.06951847    0.11764453    0.06081266    0.08289348    0.07849496    0.00401609    0.00000000    0.01010141    0.02037261    0.03715816    0.05846257    0.05418975    0.25243777    0.26414780    0.28442141    0.36705603    0.36276915
T0             0.34989629    0.18569975    0.22532961    0.20897317    0.17510183    0.18594396    0.21845361    0.06727620    0.11522302    0.05418975    0.08060502    0.07621692    0.00603631    0.01010141    0.00000000    0.02245599    0.03930416    0.06067017    0.05638765    0.24933142    0.26098243    0.28116320    0.36705603    0.36276915
T2             0.35295294    0.18546437    0.23379175    0.22009857    0.17756831    0.18026411    0.21223531    0.06497992    0.11270224    0.05412971    0.07825363    0.07387201    0.01623172    0.02037261    0.02245599    0.00000000    0.03284736    0.05402985    0.04977223    0.25201631    0.26370716    0.28396112    0.36276915    0.35854961
T13            0.35659052    0.19927957    0.25475704    0.23467954    0.19119516    0.19675167    0.22999245    0.07380183    0.11489592    0.06504395    0.09185991    0.08280972    0.03289360    0.03715816    0.03930416    0.03284736    0.00000000    0.04330643    0.03910327    0.27101078    0.27653172    0.30390291    0.37770084    0.37331581
T10            0.36733311    0.22009857    0.27715421    0.25045173    0.21179849    0.21179849    0.24544953    0.10085252    0.14856784    0.09177662    0.11961045    0.10783669    0.05407641    0.05846257    0.06067017    0.05402985    0.04330643    0.00000000    0.00804437    0.28722998    0.29619212    0.31737333    0.38860481    0.38424529
T12            0.36475355    0.21490601    0.27157803    0.24505175    0.20665723    0.20665723    0.24317605    0.09634136    0.14378526    0.08732057    0.11259897    0.10093527    0.04982274    0.05418975    0.05638765    0.04977223    0.03910327    0.00804437    0.00000000    0.28162368    0.29052036    0.31154253    0.38981648    0.38539994
T6             0.33724249    0.32001321    0.40822700    0.34438778    0.29572152    0.30103893    0.33370332    0.25893184    0.29526212    0.25389930    0.27664055    0.26478465    0.24624426    0.25243777    0.24933142    0.25201631    0.27101078    0.28722998    0.28162368    0.00000000    0.01415448    0.08782829    0.32671254    0.32275891
T7             0.35776556    0.32589290    0.41481383    0.35046369    0.29904471    0.31019219    0.34333167    0.27068726    0.31445208    0.27194343    0.28870293    0.27664055    0.25783699    0.26414780    0.26098243    0.26370716    0.27653172    0.29619212    0.29052036    0.01415448    0.00000000    0.09934217    0.34685238    0.34272541
T15            0.35854961    0.32671254    0.43154259    0.35854961    0.31933326    0.32132708    0.34740883    0.28786057    0.33866175    0.29242029    0.30964116    0.30385519    0.27792610    0.28442141    0.28116320    0.28396112    0.30390291    0.31737333    0.31154253    0.08782829    0.09934217    0.00000000    0.34420723    0.34020653
T23            0.18569975    0.40935763    0.48012140    0.43834168    0.38162503    0.37046844    0.39044350    0.36421124    0.39771933    0.35854961    0.36628889    0.37471574    0.35967330    0.36705603    0.36705603    0.36276915    0.37770084    0.38860481    0.38981648    0.32671254    0.34685238    0.34420723    0.00000000    0.00805149
T17            0.18004349    0.40471444    0.47488231    0.43346242    0.37732229    0.36628889    0.38599830    0.36005795    0.40098129    0.35439616    0.36217584    0.37046844    0.35546734    0.36276915    0.36276915    0.35854961    0.37331581    0.38424529    0.38539994    0.32275891    0.34272541    0.34020653    0.00805149    0.00000000

