24
T3             0.00000000    0.34617451    0.34195725    0.31981821    0.33216181    0.35747944    0.38469246    0.38724356    0.38469246    0.34420837    0.33118821    0.32820709    0.32181202    0.34220042    0.30576554    0.31840170    0.36335767    0.33971276    0.36026193    0.30478936    0.35295879    0.34685924    0.15807733    0.15545211
T23            0.34617451    0.00000000    0.00602719    0.05459050    0.15024269    0.16775551    0.20645860    0.21156339    0.21515711    0.15763549    0.15545211    0.15262927    0.14508703    0.15523395    0.13843002    0.14570910    0.38155893    0.36902119    0.37525757    0.35213845    0.40923107    0.40272566    0.42545400    0.42545400
T19            0.34195725    0.00602719    0.00000000    0.05228947    0.14746028    0.16488981    0.20327407    0.20836409    0.21189749    0.15482227    0.15262927    0.14984162    0.14234423    0.15242609    0.14077671    0.14549375    0.39275678    0.37213283    0.38627479    0.35517782    0.41015856    0.40364657    0.42039443    0.42039443
T7             0.31981821    0.05459050    0.05228947    0.00000000    0.11994900    0.13667228    0.17287038    0.17779134    0.18098051    0.12949619    0.12483968    0.11982793    0.11510573    0.12716401    0.10850226    0.11791325    0.35756329    0.34938802    0.35547691    0.34241237    0.39833172    0.39191129    0.38669792    0.38669792
T18            0.33216181    0.15024269    0.14746028    0.11994900    0.00000000    0.11281282    0.15242609    0.15722668    0.16026070    0.10565197    0.10348734    0.10575368    0.09876981    0.11293170    0.12483968    0.13445974    0.34806521    0.32352196    0.33654676    0.32486433    0.37680842    0.37447262    0.37213988    0.36475589
T14            0.35747944    0.16775551    0.16488981    0.13667228    0.11281282    0.00000000    0.14292256    0.14508703    0.14807824    0.10610386    0.10397619    0.09934297    0.09684930    0.11105548    0.14453727    0.15444357    0.34800816    0.32376158    0.34742739    0.35006812    0.41220250    0.40979928    0.39890566    0.39890566
T2             0.38469246    0.20645860    0.20327407    0.17287038    0.15242609    0.14292256    0.00000000    0.00401207    0.01010144    0.08587757    0.08851554    0.09072295    0.08382007    0.09786692    0.17605011    0.17826248    0.39506831    0.36958311    0.39428732    0.38707683    0.44657717    0.44417418    0.44920220    0.44920220
T13            0.38724356    0.21156339    0.20836409    0.17779134    0.15722668    0.14508703    0.00401207    0.00000000    0.01415449    0.09029438    0.08851554    0.09515893    0.08821978    0.10233708    0.18098051    0.18321267    0.39750693    0.37205825    0.39673795    0.38945722    0.44900356    0.44657717    0.44755723    0.44755723
T11            0.38469246    0.21515711    0.21189749    0.18098051    0.16026070    0.14807824    0.01010144    0.01415449    0.00000000    0.09293739    0.09564254    0.09309294    0.08616229    0.10027112    0.17876815    0.18098051    0.39506831    0.36958311    0.39428732    0.38707683    0.44657717    0.44417418    0.44920220    0.44920220
T9             0.34420837    0.15763549    0.15482227    0.12949619    0.10565197    0.10610386    0.08587757    0.09029438    0.09293739    0.00000000    0.02653137    0.02859686    0.02236457    0.03492628    0.12483968    0.13445974    0.35414936    0.33073359    0.35963733    0.33540692    0.38395017    0.38154677    0.40015195    0.40015195
T6             0.33118821    0.15545211    0.15262927    0.12483968    0.10348734    0.10397619    0.08851554    0.08851554    0.09564254    0.02653137    0.00000000    0.02238881    0.01620792    0.02866524    0.12266569    0.13226666    0.33714983    0.32133440    0.35350459    0.32947179    0.37375963    0.37137915    0.38600212    0.38600212
T8             0.32820709    0.15262927    0.14984162    0.11982793    0.10575368    0.09934297    0.09072295    0.09515893    0.09309294    0.02859686    0.02238881    0.00000000    0.00602719    0.02236457    0.11547982    0.12498051    0.34139022    0.31154917    0.34315396    0.31591548    0.36300023    0.36063100    0.37903583    0.37903583
T20            0.32181202    0.14508703    0.14234423    0.11510573    0.09876981    0.09684930    0.08382007    0.08821978    0.08616229    0.02236457    0.01620792    0.00602719    0.00000000    0.01619025    0.11077646    0.12021435    0.33478045    0.31205451    0.33654676    0.31301486    0.35992132    0.35756329    0.37587321    0.37587321
T4             0.34220042    0.15523395    0.15242609    0.12716401    0.11293170    0.11105548    0.09786692    0.10233708    0.10027112    0.03492628    0.02866524    0.02236457    0.01619025    0.00000000    0.12498051    0.13460942    0.35110101    0.32776492    0.35287251    0.33604545    0.38078739    0.37839551    0.39431266    0.39431266
T5             0.30576554    0.13843002    0.14077671    0.10850226    0.12483968    0.14453727    0.17605011    0.18098051    0.17876815    0.12483968    0.12266569    0.11547982    0.11077646    0.12498051    0.00000000    0.03497070    0.34034773    0.32884724    0.33119433    0.34012989    0.39191129    0.38155893    0.36893331    0.36893331
T17            0.31840170    0.14570910    0.14549375    0.11791325    0.13445974    0.15444357    0.17826248    0.18321267    0.18098051    0.13445974    0.13226666    0.12498051    0.12021435    0.13460942    0.03497070    0.00000000    0.35756329    0.34203085    0.34076186    0.33872018    0.38627479    0.37602638    0.38283462    0.38283462
T22            0.36335767    0.38155893    0.39275678    0.35756329    0.34806521    0.34800816    0.39506831    0.39750693    0.39506831    0.35414936    0.33714983    0.34139022    0.33478045    0.35110101    0.34034773    0.35756329    0.00000000    0.08710169    0.11971463    0.30731535    0.35350459    0.34982611    0.40281812    0.40281812
T15            0.33971276    0.36902119    0.37213283    0.34938802    0.32352196    0.32376158    0.36958311    0.37205825    0.36958311    0.33073359    0.32133440    0.31154917    0.31205451    0.32776492    0.32884724    0.34203085    0.08710169    0.00000000    0.11740631    0.27884462    0.32295733    0.32058787    0.36646655    0.36646655
T1             0.36026193    0.37525757    0.38627479    0.35547691    0.33654676    0.34742739    0.39428732    0.39673795    0.39428732    0.35963733    0.35350459    0.34315396    0.33654676    0.35287251    0.33119433    0.34076186    0.11971463    0.11740631    0.00000000    0.30915689    0.35777437    0.35164643    0.39310378    0.39310378
T12            0.30478936    0.35213845    0.35517782    0.34241237    0.32486433    0.35006812    0.38707683    0.38945722    0.38707683    0.33540692    0.32947179    0.31591548    0.31301486    0.33604545    0.34012989    0.33872018    0.30731535    0.27884462    0.30915689    0.00000000    0.07394928    0.06959968    0.32918113    0.32918113
T21            0.35295879    0.40923107    0.41015856    0.39833172    0.37680842    0.41220250    0.44657717    0.44900356    0.44657717    0.38395017    0.37375963    0.36300023    0.35992132    0.38078739    0.39191129    0.38627479    0.35350459    0.32295733    0.35777437    0.07394928    0.00000000    0.00602415    0.36787715    0.36787715
T0             0.34685924    0.40272566    0.40364657    0.39191129    0.37447262    0.40979928    0.44417418    0.44657717    0.44417418    0.38154677    0.37137915    0.36063100    0.35756329    0.37839551    0.38155893    0.37602638    0.34982611    0.32058787    0.35164643    0.06959968    0.00602415    0.00000000    0.36164793    0.36164793
T10            0.15807733    0.42545400    0.42039443    0.38669792    0.37213988    0.39890566    0.44920220    0.44755723    0.44920220    0.40015195    0.38600212    0.37903583    0.37587321    0.39431266    0.36893331    0.38283462    0.40281812    0.36646655    0.39310378    0.32918113    0.36787715    0.36164793    0.00000000    0.01010144
T16            0.15545211    0.42545400    0.42039443    0.38669792    0.36475589    0.39890566    0.44920220    0.44755723    0.44920220    0.40015195    0.38600212    0.37903583    0.37587321    0.39431266    0.36893331    0.38283462    0.40281812    0.36646655    0.39310378    0.32918113    0.36787715    0.36164793    0.01010144    0.00000000

