24
T2             0.00000000    0.17986653    0.20264694    0.18048205    0.19621532    0.19449553    0.15002900    0.16094487    0.36782323    0.35290586    0.33211688    0.16311904    0.17088909    0.15002900    0.17578753    0.14764920    0.15002900    0.14745162    0.16448033    0.17656104    0.22398490    0.20072413    0.16003510    0.16531231
T10            0.17986653    0.00000000    0.07640070    0.11363405    0.12793072    0.13586986    0.18948737    0.20137029    0.40929269    0.37578337    0.37135918    0.22697009    0.22360776    0.21806746    0.23181067    0.20677365    0.22620744    0.22323997    0.23299633    0.24216941    0.27901750    0.25643199    0.22548248    0.23521702
T23            0.20264694    0.07640070    0.00000000    0.12251783    0.13695364    0.14488746    0.20690266    0.21604851    0.41197515    0.37839295    0.37782292    0.23002887    0.24467306    0.22479536    0.25078957    0.22154197    0.24431052    0.24128926    0.25439452    0.25427691    0.29146394    0.26242227    0.24663663    0.24735016
T18            0.18048205    0.11363405    0.12251783    0.00000000    0.02031391    0.13258617    0.18522559    0.18296272    0.40928567    0.37957423    0.37897673    0.22186271    0.24237903    0.21604851    0.24164264    0.22219290    0.20235625    0.19953926    0.20920730    0.21444179    0.25868460    0.23406330    0.21030114    0.21378566
T15            0.19621532    0.12793072    0.13695364    0.02031391    0.00000000    0.14215995    0.20383277    0.20153872    0.41529559    0.38534229    0.38475785    0.23563635    0.25658153    0.23266005    0.25890763    0.23898464    0.21863489    0.21574462    0.22558127    0.22809287    0.27005174    0.24810376    0.22383601    0.22740733
T21            0.19449553    0.13586986    0.14488746    0.13258617    0.14215995    0.00000000    0.19369432    0.20264694    0.39683773    0.39444165    0.38594767    0.23406330    0.24582022    0.23106917    0.25739231    0.22253252    0.22154197    0.21863489    0.23141241    0.23707546    0.27976121    0.24735016    0.21001373    0.22809287
T4             0.15002900    0.18948737    0.20690266    0.18522559    0.20383277    0.19369432    0.00000000    0.06999027    0.36363093    0.33811444    0.33262107    0.17531460    0.18593183    0.17263357    0.19369432    0.16531231    0.18618487    0.18344506    0.19572872    0.19170993    0.22809287    0.21287097    0.19344515    0.19953926
T14            0.16094487    0.20137029    0.21604851    0.18296272    0.20153872    0.20264694    0.06999027    0.00000000    0.35487717    0.34737409    0.32771748    0.17578753    0.19478042    0.16774427    0.19421953    0.17114079    0.17309204    0.17041100    0.18251549    0.20072413    0.24090217    0.22513418    0.18842740    0.19729674
T17            0.36782323    0.40929269    0.41197515    0.40928567    0.41529559    0.39683773    0.36363093    0.35487717    0.00000000    0.07605724    0.06937567    0.37095746    0.38914481    0.35544389    0.37782292    0.37410523    0.39005141    0.38629179    0.40199652    0.40537917    0.44364510    0.42859393    0.39383952    0.41988094
T22            0.35290586    0.37578337    0.37839295    0.37957423    0.38534229    0.39444165    0.33811444    0.34737409    0.07605724    0.00000000    0.03274670    0.35850057    0.36159490    0.33367153    0.36640936    0.36640936    0.38594070    0.38215258    0.40150295    0.39880854    0.44140464    0.41122263    0.39117871    0.40399214
T20            0.33211688    0.37135918    0.37782292    0.37897673    0.38475785    0.38594767    0.33262107    0.32771748    0.06937567    0.03274670    0.00000000    0.35541931    0.35850057    0.32043832    0.34875367    0.35235100    0.36782323    0.36416001    0.38308857    0.39424600    0.43639431    0.41189794    0.37303392    0.38914481
T13            0.16311904    0.22697009    0.23002887    0.22186271    0.23563635    0.23406330    0.17531460    0.17578753    0.37095746    0.35850057    0.35541931    0.00000000    0.03944265    0.07394736    0.09908798    0.08782571    0.16288873    0.16025014    0.17487611    0.15283070    0.20104275    0.20548794    0.16205093    0.17309204
T6             0.17088909    0.22360776    0.24467306    0.24237903    0.25658153    0.24582022    0.18593183    0.19478042    0.38914481    0.36159490    0.35850057    0.03944265    0.00000000    0.08068846    0.10133762    0.09947523    0.16797195    0.16531231    0.18003193    0.16311904    0.21221925    0.21090372    0.16975754    0.18369933
T0             0.15002900    0.21806746    0.22479536    0.21604851    0.23266005    0.23106917    0.17263357    0.16774427    0.35544389    0.33367153    0.32043832    0.07394736    0.08068846    0.00000000    0.03069744    0.06295904    0.15461988    0.15203584    0.16655635    0.15501438    0.20325545    0.20207463    0.15650096    0.16996684
T16            0.17578753    0.23181067    0.25078957    0.24164264    0.25890763    0.25739231    0.19369432    0.19421953    0.37782292    0.36640936    0.34875367    0.09908798    0.10133762    0.03069744    0.00000000    0.08538962    0.17777928    0.17509104    0.19001940    0.17554678    0.22548248    0.22707891    0.17428337    0.19369432
T1             0.14764920    0.20677365    0.22154197    0.22219290    0.23898464    0.22253252    0.16531231    0.17114079    0.37410523    0.36640936    0.35235100    0.08782571    0.09947523    0.06295904    0.08538962    0.00000000    0.16003510    0.15741724    0.17201019    0.15784182    0.20137029    0.19953926    0.15925825    0.16224782
T11            0.15002900    0.22620744    0.24431052    0.20235625    0.21863489    0.22154197    0.18618487    0.17309204    0.39005141    0.38594070    0.36782323    0.16288873    0.16797195    0.15461988    0.17777928    0.16003510    0.00000000    0.00200401    0.03483142    0.09947523    0.14615322    0.14527745    0.10133762    0.11363405
T8             0.14745162    0.22323997    0.24128926    0.19953926    0.21574462    0.21863489    0.18344506    0.17041100    0.38629179    0.38215258    0.36416001    0.16025014    0.16531231    0.15203584    0.17509104    0.15741724    0.00200401    0.00000000    0.03272615    0.09709990    0.14356248    0.14271329    0.09897352    0.11120092
T7             0.16448033    0.23299633    0.25439452    0.20920730    0.22558127    0.23141241    0.19572872    0.18251549    0.40199652    0.40150295    0.38308857    0.17487611    0.18003193    0.16655635    0.19001940    0.17201019    0.03483142    0.03272615    0.00000000    0.11064389    0.15261973    0.15702573    0.11259424    0.12497488
T9             0.17656104    0.24216941    0.25427691    0.21444179    0.22809287    0.23707546    0.19170993    0.20072413    0.40537917    0.39880854    0.39424600    0.15283070    0.16311904    0.15501438    0.17554678    0.15784182    0.09947523    0.09709990    0.11064389    0.00000000    0.03930362    0.09933886    0.09709990    0.10943202
T12            0.22398490    0.27901750    0.29146394    0.25868460    0.27005174    0.27976121    0.22809287    0.24090217    0.44364510    0.44140464    0.43639431    0.20104275    0.21221925    0.20325545    0.22548248    0.20137029    0.14615322    0.14356248    0.15261973    0.03930362    0.00000000    0.14076756    0.14356248    0.15719339
T19            0.20072413    0.25643199    0.26242227    0.23406330    0.24810376    0.24735016    0.21287097    0.22513418    0.42859393    0.41122263    0.41189794    0.20548794    0.21090372    0.20207463    0.22707891    0.19953926    0.14527745    0.14271329    0.15702573    0.09933886    0.14076756    0.00000000    0.13043077    0.14569943
T3             0.16003510    0.22548248    0.24663663    0.21030114    0.22383601    0.21001373    0.19344515    0.18842740    0.39383952    0.39117871    0.37303392    0.16205093    0.16975754    0.15650096    0.17428337    0.15925825    0.10133762    0.09897352    0.11259424    0.09709990    0.14356248    0.13043077    0.00000000    0.06288624
T5             0.16531231    0.23521702    0.24735016    0.21378566    0.22740733    0.22809287    0.19953926    0.19729674    0.41988094    0.40399214    0.38914481    0.17309204    0.18369933    0.16996684    0.19369432    0.16224782    0.11363405    0.11120092    0.12497488    0.10943202    0.15719339    0.14569943    0.06288624    0.00000000

