24
T0             0.00000000    0.21452481    0.21756156    0.20972532    0.23451309    0.24299055    0.24343867    0.20291494    0.23007546    0.36930218    0.33578559    0.22918381    0.22674409    0.19669572    0.18389012    0.22243031    0.20383409    0.19161135    0.18624917    0.20591642    0.20408706    0.19760560    0.19760560    0.19826273
T10            0.21452481    0.00000000    0.02648431    0.02028037    0.09593924    0.10760223    0.10059264    0.10760223    0.13608986    0.25860565    0.23171147    0.22350167    0.22106194    0.19941323    0.17657819    0.21489086    0.19320618    0.17889348    0.17831222    0.20313076    0.18296387    0.18210449    0.17942341    0.17961778
T13            0.21756156    0.02648431    0.00000000    0.02238863    0.09832507    0.11011778    0.10304205    0.11471149    0.14353436    0.26778079    0.24061432    0.22960957    0.22432798    0.20251142    0.18500890    0.22414816    0.20207616    0.18191179    0.18389012    0.20639163    0.18842866    0.18522667    0.18251652    0.18818569
T8             0.20972532    0.02028037    0.02238863    0.00000000    0.09376088    0.10311536    0.09612211    0.10767130    0.13618895    0.24986344    0.22615308    0.21563133    0.21322685    0.18908310    0.17713990    0.21574637    0.19395385    0.17410400    0.17609605    0.20104065    0.17778038    0.17467076    0.17201107    0.17755818
T7             0.23451309    0.09593924    0.09832507    0.09376088    0.00000000    0.14139936    0.13170384    0.13417916    0.15363602    0.27582908    0.25508481    0.24418863    0.23882251    0.22217781    0.19320618    0.23370030    0.21636364    0.19002041    0.19233569    0.22296439    0.20519087    0.19900230    0.20745365    0.20490118
T18            0.24299055    0.10760223    0.11011778    0.10311536    0.14139936    0.00000000    0.03488792    0.12936196    0.15634341    0.29768914    0.26399574    0.24205478    0.23671451    0.21204170    0.20180357    0.25158490    0.22253466    0.19297496    0.19721369    0.21804034    0.19478201    0.18772642    0.19093308    0.20235784
T21            0.24343867    0.10059264    0.10304205    0.09612211    0.13170384    0.03488792    0.00000000    0.12962825    0.15409080    0.29518837    0.26790689    0.23435550    0.22907723    0.20180357    0.19171139    0.24315749    0.21444384    0.18795160    0.18943068    0.21574637    0.18423542    0.18003297    0.18048321    0.19449706
T17            0.20291494    0.10760223    0.11471149    0.10767130    0.13417916    0.12936196    0.12962825    0.00000000    0.03904132    0.26810366    0.22970335    0.21516661    0.21287264    0.18568880    0.15806751    0.19318533    0.17194773    0.15501528    0.15908569    0.17825076    0.16198744    0.16312014    0.14527831    0.16119411
T11            0.23007546    0.13608986    0.14353436    0.13618895    0.15363602    0.15634341    0.15409080    0.03904132    0.00000000    0.29481999    0.25202649    0.22243031    0.22008239    0.19275278    0.17554793    0.21444384    0.19820355    0.17509208    0.17923788    0.19344642    0.17957721    0.18072140    0.16025114    0.17603811
T3             0.36930218    0.25860565    0.26778079    0.24986344    0.27582908    0.29768914    0.29518837    0.26810366    0.29481999    0.00000000    0.09177370    0.33340255    0.34099604    0.32515145    0.32177483    0.37641711    0.35597930    0.32935352    0.32179548    0.30893138    0.35159557    0.33068170    0.33162889    0.32864840
T19            0.33578559    0.23171147    0.24061432    0.22615308    0.25508481    0.26399574    0.26790689    0.22970335    0.25202649    0.09177370    0.00000000    0.31121616    0.31883006    0.30671092    0.28393515    0.34673999    0.32347673    0.29434822    0.30006576    0.28986794    0.31471050    0.30475324    0.29999023    0.29949730
T14            0.22918381    0.22350167    0.22960957    0.21563133    0.24418863    0.24205478    0.23435550    0.21516661    0.22243031    0.33340255    0.31121616    0.00000000    0.02029401    0.04123956    0.15443576    0.19118362    0.17554793    0.16411587    0.15811057    0.18025372    0.18344633    0.17447312    0.17182048    0.18868050
T22            0.22674409    0.22106194    0.22432798    0.21322685    0.23882251    0.23671451    0.22907723    0.21287264    0.22008239    0.34099604    0.31883006    0.02029401    0.00000000    0.03705354    0.15222308    0.19449706    0.17875564    0.16186326    0.15834637    0.17221031    0.18122383    0.17221031    0.16955767    0.18644806
T6             0.19669572    0.19941323    0.20251142    0.18908310    0.22217781    0.21204170    0.20180357    0.18568880    0.19275278    0.32515145    0.30671092    0.04123956    0.03705354    0.00000000    0.12497538    0.16797305    0.15283165    0.13183117    0.13608986    0.14929414    0.15002985    0.14167953    0.13916688    0.15501528
T15            0.18389012    0.17657819    0.18500890    0.17713990    0.19320618    0.20180357    0.19171139    0.15806751    0.17554793    0.32177483    0.28393515    0.15443576    0.15222308    0.12497538    0.00000000    0.08528649    0.06735075    0.06931561    0.11740237    0.14271410    0.13080720    0.12020957    0.12512376    0.12066456
T4             0.22243031    0.21489086    0.22414816    0.21574637    0.23370030    0.25158490    0.24315749    0.19318533    0.21444384    0.37641711    0.34673999    0.19118362    0.19449706    0.16797305    0.08528649    0.00000000    0.06519136    0.11591728    0.16224871    0.18451579    0.17526648    0.16602559    0.17411240    0.16681263
T12            0.20383409    0.19320618    0.20207616    0.19395385    0.21636364    0.22253466    0.21444384    0.17194773    0.19820355    0.35597930    0.32347673    0.17554793    0.17875564    0.15283165    0.06735075    0.06519136    0.00000000    0.09004119    0.12992606    0.17438833    0.14403551    0.14055875    0.14098605    0.14379557
T20            0.19161135    0.17889348    0.18191179    0.17410400    0.19002041    0.19297496    0.18795160    0.15501528    0.17509208    0.32935352    0.29434822    0.16411587    0.16186326    0.13183117    0.06931561    0.11591728    0.09004119    0.00000000    0.11941815    0.14708146    0.13800763    0.12020957    0.13226087    0.14291456
T5             0.18624917    0.17831222    0.18389012    0.17609605    0.19233569    0.19721369    0.18943068    0.15908569    0.17923788    0.32179548    0.30006576    0.15811057    0.15834637    0.13608986    0.11740237    0.16224871    0.12992606    0.11941815    0.00000000    0.12457697    0.13476096    0.12435057    0.12435057    0.13210971
T16            0.20591642    0.20313076    0.20639163    0.20104065    0.22296439    0.21804034    0.21574637    0.17825076    0.19344642    0.30893138    0.28986794    0.18025372    0.17221031    0.14929414    0.14271410    0.18451579    0.17438833    0.14708146    0.12457697    0.00000000    0.16119411    0.14470525    0.15762636    0.16360573
T1             0.20408706    0.18296387    0.18842866    0.17778038    0.20519087    0.19478201    0.18423542    0.16198744    0.17957721    0.35159557    0.31471050    0.18344633    0.18122383    0.15002985    0.13080720    0.17526648    0.14403551    0.13800763    0.13476096    0.16119411    0.00000000    0.06735075    0.09738351    0.10268161
T9             0.19760560    0.18210449    0.18522667    0.17467076    0.19900230    0.18772642    0.18003297    0.16312014    0.18072140    0.33068170    0.30475324    0.17447312    0.17221031    0.14167953    0.12020957    0.16602559    0.14055875    0.12020957    0.12435057    0.14470525    0.06735075    0.00000000    0.08981997    0.09486857
T2             0.19760560    0.17942341    0.18251652    0.17201107    0.20745365    0.19093308    0.18048321    0.14527831    0.16025114    0.33162889    0.29999023    0.17182048    0.16955767    0.13916688    0.12512376    0.17411240    0.14098605    0.13226087    0.12435057    0.15762636    0.09738351    0.08981997    0.00000000    0.06536736
T23            0.19826273    0.17961778    0.18818569    0.17755818    0.20490118    0.20235784    0.19449706    0.16119411    0.17603811    0.32864840    0.29949730    0.18868050    0.18644806    0.15501528    0.12066456    0.16681263    0.14379557    0.14291456    0.13210971    0.16360573    0.10268161    0.09486857    0.06536736    0.00000000

