24
T18            0.00000000    0.41995554    0.41995554    0.27927351    0.26747886    0.31589826    0.29126999    0.28744747    0.31295993    0.29197353    0.32521114    0.29272263    0.30627394    0.28346685    0.28346685    0.30873864    0.30541609    0.31457273    0.29557891    0.24834271    0.29151435    0.30541609    0.26914466    0.26602916
T5             0.41995554    0.00000000    0.00401609    0.35543711    0.32045447    0.37525182    0.36418007    0.34017990    0.38741450    0.37153392    0.40603444    0.36896775    0.38082997    0.35599182    0.35599182    0.39104687    0.38720024    0.39492334    0.38720024    0.35221072    0.35834012    0.35964186    0.34986646    0.31838448
T7             0.41995554    0.00401609    0.00000000    0.36273729    0.32725790    0.37525182    0.37153392    0.34722294    0.39502006    0.37899757    0.41403566    0.37643141    0.38849388    0.36331875    0.36331875    0.39883009    0.39492334    0.40276762    0.39492334    0.35959177    0.36577606    0.36702288    0.35714010    0.32521114
T14            0.27927351    0.35543711    0.36273729    0.00000000    0.09921090    0.14913343    0.12225881    0.11020973    0.14616806    0.12913014    0.15722053    0.12963017    0.12977498    0.11534463    0.11534463    0.13946896    0.14199431    0.16976147    0.15443829    0.14875951    0.16094753    0.20041883    0.15262242    0.16047633
T9             0.26747886    0.32045447    0.32725790    0.09921090    0.00000000    0.11259642    0.09177494    0.08033260    0.11471398    0.09844423    0.13211164    0.09876821    0.09886782    0.08954334    0.08954334    0.11030726    0.11269966    0.16225126    0.15222522    0.13587165    0.15089665    0.18149023    0.13762626    0.14055993
T6             0.31589826    0.37525182    0.37525182    0.14913343    0.11259642    0.00000000    0.10348533    0.08946542    0.13866769    0.12690718    0.14658881    0.11740427    0.12238546    0.10319797    0.10319797    0.13196858    0.13445623    0.20104527    0.18773045    0.18370327    0.20041883    0.22741353    0.18818920    0.18818920
T4             0.29126999    0.36418007    0.37153392    0.12225881    0.09177494    0.10348533    0.00000000    0.02854225    0.10319797    0.09393998    0.12963017    0.09427984    0.10145892    0.08510195    0.08510195    0.10575176    0.10836953    0.18003646    0.15892428    0.14745421    0.16845559    0.21347687    0.16003820    0.16797523
T16            0.28744747    0.34017990    0.34722294    0.11020973    0.08033260    0.08946542    0.02854225    0.00000000    0.08699255    0.08024028    0.11259642    0.08273176    0.08510195    0.06926327    0.06926327    0.09169902    0.09401388    0.17509509    0.15926197    0.13727537    0.16047633    0.19647710    0.14708359    0.15481601
T22            0.31295993    0.38741450    0.39502006    0.14616806    0.11471398    0.13866769    0.10319797    0.08699255    0.00000000    0.07129600    0.10304413    0.07587483    0.07818619    0.06259453    0.06259453    0.08933157    0.08704320    0.21388893    0.19761115    0.16731796    0.18072421    0.20921362    0.16429748    0.16692227
T8             0.29197353    0.37153392    0.37899757    0.12913014    0.09844423    0.12690718    0.09393998    0.08024028    0.07129600    0.00000000    0.07818619    0.05835638    0.06282082    0.04753561    0.04753561    0.06704101    0.06704101    0.19275739    0.17694788    0.16531553    0.17064916    0.20490473    0.15522671    0.16488296
T13            0.32521114    0.40603444    0.41403566    0.15722053    0.13211164    0.14658881    0.12963017    0.11259642    0.10304413    0.07818619    0.00000000    0.08750049    0.08760201    0.07613339    0.07613339    0.10359610    0.10122637    0.22676668    0.21001941    0.18700022    0.19820580    0.23935520    0.18645067    0.18921325
T23            0.29272263    0.36896775    0.37643141    0.12963017    0.09876821    0.11740427    0.09427984    0.08273176    0.07587483    0.05835638    0.08750049    0.00000000    0.02866494    0.01619021    0.01619021    0.05632213    0.05412911    0.19321022    0.17734816    0.15305227    0.16360723    0.19144612    0.14527977    0.15262242
T2             0.30627394    0.38082997    0.38849388    0.12977498    0.09886782    0.12238546    0.10145892    0.08510195    0.07818619    0.06282082    0.08760201    0.02866494    0.00000000    0.01826970    0.01826970    0.05846187    0.05626404    0.20462443    0.18843193    0.15066829    0.17194911    0.20866597    0.15327937    0.16070780
T0             0.28346685    0.35599182    0.36331875    0.11534463    0.08954334    0.10319797    0.08510195    0.06926327    0.06259453    0.04753561    0.07613339    0.01619021    0.01826970    0.00000000    0.00000000    0.04541751    0.04327616    0.18523043    0.16956090    0.14291587    0.15327937    0.18894398    0.13528184    0.14252322
T17            0.28346685    0.35599182    0.36331875    0.11534463    0.08954334    0.10319797    0.08510195    0.06926327    0.06259453    0.04753561    0.07613339    0.01619021    0.01826970    0.00000000    0.00000000    0.04541751    0.04327616    0.18523043    0.16956090    0.14291587    0.15327937    0.18894398    0.13528184    0.14252322
T15            0.30873864    0.39104687    0.39883009    0.13946896    0.11030726    0.13196858    0.10575176    0.09169902    0.08933157    0.06704101    0.10359610    0.05632213    0.05846187    0.04541751    0.04541751    0.00000000    0.02450682    0.21259066    0.19622043    0.16602725    0.17411408    0.21154800    0.15023576    0.16289176
T21            0.30541609    0.38720024    0.39492334    0.14199431    0.11269966    0.13445623    0.10836953    0.09401388    0.08704320    0.06704101    0.10122637    0.05412911    0.05626404    0.04327616    0.04327616    0.02450682    0.00000000    0.21545616    0.19900609    0.16602725    0.17683903    0.21444674    0.15544436    0.16554441
T20            0.31457273    0.39492334    0.40276762    0.16976147    0.16225126    0.20104527    0.18003646    0.17509509    0.21388893    0.19275739    0.22676668    0.19321022    0.20462443    0.18523043    0.18523043    0.21259066    0.21545616    0.00000000    0.04327616    0.18894398    0.19954409    0.23530804    0.19345019    0.19900609
T12            0.29557891    0.38720024    0.39492334    0.15443829    0.15222522    0.18773045    0.15892428    0.15926197    0.19761115    0.17694788    0.21001941    0.17734816    0.18843193    0.16956090    0.16956090    0.19622043    0.19900609    0.04327616    0.00000000    0.17579112    0.17801404    0.22123691    0.18025697    0.18569207
T19            0.24834271    0.35221072    0.35959177    0.14875951    0.13587165    0.18370327    0.14745421    0.13727537    0.16731796    0.16531553    0.18700022    0.15305227    0.15066829    0.14291587    0.14291587    0.16602725    0.16602725    0.18894398    0.17579112    0.00000000    0.09056953    0.12100677    0.07640132    0.08098860
T11            0.29151435    0.35834012    0.36577606    0.16094753    0.15089665    0.20041883    0.16845559    0.16047633    0.18072421    0.17064916    0.19820580    0.16360723    0.17194911    0.15327937    0.15327937    0.17411408    0.17683903    0.19954409    0.17801404    0.09056953    0.00000000    0.12313480    0.08078202    0.08078202
T1             0.30541609    0.35964186    0.36702288    0.20041883    0.18149023    0.22741353    0.21347687    0.19647710    0.20921362    0.20490473    0.23935520    0.19144612    0.20866597    0.18894398    0.18894398    0.21154800    0.21444674    0.23530804    0.22123691    0.12100677    0.12313480    0.00000000    0.11820849    0.11790979
T10            0.26914466    0.34986646    0.35714010    0.15262242    0.13762626    0.18818920    0.16003820    0.14708359    0.16429748    0.15522671    0.18645067    0.14527977    0.15327937    0.13528184    0.13528184    0.15023576    0.15544436    0.19345019    0.18025697    0.07640132    0.08078202    0.11820849    0.00000000    0.05626404
T3             0.26602916    0.31838448    0.32521114    0.16047633    0.14055993    0.18818920    0.16797523    0.15481601    0.16692227    0.16488296    0.18921325    0.15262242    0.16070780    0.14252322    0.14252322    0.16289176    0.16554441    0.19900609    0.18569207    0.08098860    0.08078202    0.11790979    0.05626404    0.00000000

