24
T9             0.00000000    0.32426589    0.34976253    0.34162881    0.33761618    0.33366496    0.33560687    0.37701359    0.37763772    0.34770103    0.37040675    0.31543059    0.34415490    0.29635393    0.29025300    0.30250895    0.27190019    0.27677971    0.30498494    0.28947885    0.31498531    0.30871906    0.32043229    0.32086450
T21            0.32426589    0.00000000    0.11534210    0.17578579    0.17777753    0.17263192    0.17901771    0.20865866    0.20611020    0.17531290    0.19596535    0.14199045    0.17263192    0.18048024    0.19673587    0.19621317    0.17309036    0.25273080    0.29149814    0.28910520    0.28261158    0.27981334    0.28139418    0.28742061
T8             0.34976253    0.11534210    0.00000000    0.20611020    0.21378302    0.20264459    0.21843345    0.25015819    0.24748425    0.21121625    0.23597830    0.17309036    0.20548551    0.20235392    0.21346886    0.22446316    0.20041211    0.29712906    0.33889011    0.33648565    0.32936806    0.32641078    0.33475341    0.34131795
T19            0.34162881    0.17578579    0.20611020    0.00000000    0.04987895    0.04559488    0.06098072    0.12137602    0.11908550    0.13997518    0.15962856    0.10359407    0.12744318    0.17875248    0.20072176    0.19729451    0.18232862    0.27880363    0.31252094    0.30334787    0.29663633    0.30048479    0.30284382    0.32181057
T1             0.33761618    0.17777753    0.21378302    0.04987895    0.00000000    0.01619016    0.06968539    0.13080544    0.12848593    0.14707957    0.16168102    0.11280797    0.13695262    0.18344317    0.20834267    0.20773813    0.18699444    0.29379570    0.33177252    0.30860375    0.31542982    0.31252094    0.31150088    0.33067920
T12            0.33366496    0.17263192    0.20264459    0.04559488    0.01619016    0.00000000    0.06527556    0.12597965    0.12367405    0.14215885    0.16186104    0.10813042    0.13210824    0.17554505    0.19729451    0.19395034    0.17901771    0.28438704    0.32181057    0.29238391    0.30571809    0.30284382    0.30186961    0.32076642
T15            0.33560687    0.17901771    0.21843345    0.06098072    0.06968539    0.06527556    0.00000000    0.12177762    0.11948962    0.13275989    0.15222101    0.10623044    0.12775984    0.17655923    0.20423320    0.20072176    0.17466931    0.27975639    0.31358718    0.30099993    0.29763290    0.29479212    0.29379570    0.31252094
T16            0.37701359    0.20865866    0.25015819    0.12137602    0.13080544    0.12597965    0.12177762    0.00000000    0.00200301    0.18728238    0.20548551    0.15304845    0.17358286    0.20611020    0.22918946    0.23143196    0.21881153    0.33004319    0.37295025    0.36292353    0.36672585    0.36363316    0.36222676    0.38311847
T6             0.37763772    0.20611020    0.24748425    0.11908550    0.12848593    0.12367405    0.11948962    0.00200301    0.00000000    0.18480119    0.20294430    0.15066465    0.17113911    0.20357078    0.22658095    0.22881342    0.21624020    0.32709289    0.36983151    0.35984524    0.36363316    0.36055331    0.35914991    0.37995817
T4             0.34770103    0.17531290    0.21121625    0.13997518    0.14707957    0.14215885    0.13275989    0.18728238    0.18480119    0.00000000    0.03274664    0.09438153    0.10111913    0.19981971    0.20357078    0.19449337    0.18451228    0.29096611    0.31835033    0.30235106    0.31704741    0.31413757    0.30860375    0.32422666
T0             0.37040675    0.19596535    0.23597830    0.15962856    0.16168102    0.16186104    0.15222101    0.20548551    0.20294430    0.03274664    0.00000000    0.11305288    0.11994345    0.22707596    0.23106604    0.22740435    0.21410644    0.30186961    0.33313088    0.32718267    0.34611049    0.34309047    0.33365951    0.34736678
T2             0.31543059    0.14199045    0.17309036    0.10359407    0.11280797    0.10813042    0.10623044    0.15304845    0.15066465    0.09438153    0.11305288    0.00000000    0.08298170    0.16245164    0.17554505    0.17241554    0.15261844    0.24771838    0.28628595    0.28392692    0.27745432    0.27467797    0.27065637    0.29193547
T22            0.34415490    0.17263192    0.20548551    0.12744318    0.13695262    0.13210824    0.12775984    0.17358286    0.17113911    0.10111913    0.11994345    0.08298170    0.00000000    0.18369743    0.20235392    0.19899870    0.17849583    0.27789342    0.32529492    0.31595740    0.31252094    0.30962361    0.31200513    0.33121981
T20            0.29635393    0.18048024    0.20235392    0.17875248    0.18344317    0.17554505    0.17655923    0.20611020    0.20357078    0.19981971    0.22707596    0.16245164    0.18369743    0.00000000    0.10145713    0.08971949    0.07630403    0.21001125    0.25543811    0.24698486    0.23794844    0.23529780    0.24295689    0.25779713
T14            0.29025300    0.19673587    0.21346886    0.20072176    0.20834267    0.19729451    0.20423320    0.22918946    0.22658095    0.20357078    0.23106604    0.17554505    0.20235392    0.10145713    0.00000000    0.03507796    0.09947468    0.23002583    0.26750177    0.25273080    0.25273080    0.25003366    0.25168083    0.26987199
T11            0.30250895    0.19621317    0.22446316    0.19729451    0.20773813    0.19395034    0.20072176    0.23143196    0.22881342    0.19449337    0.22740435    0.17241554    0.19899870    0.08971949    0.03507796    0.00000000    0.09215029    0.22063395    0.25744895    0.24295689    0.23997180    0.23730918    0.24204974    0.25984189
T5             0.27190019    0.17309036    0.20041211    0.18232862    0.18699444    0.17901771    0.17466931    0.21881153    0.21624020    0.18451228    0.21410644    0.15261844    0.17849583    0.07630403    0.09947468    0.09215029    0.00000000    0.19449337    0.24504202    0.23669780    0.21894441    0.21635905    0.22675717    0.23828289
T7             0.27677971    0.25273080    0.29712906    0.27880363    0.29379570    0.28438704    0.27975639    0.33004319    0.32709289    0.29096611    0.30186961    0.24771838    0.27789342    0.21001125    0.23002583    0.22063395    0.19449337    0.00000000    0.10849711    0.10636927    0.10397118    0.10171928    0.10597503    0.12035229
T13            0.30498494    0.29149814    0.33889011    0.31252094    0.33177252    0.32181057    0.31358718    0.37295025    0.36983151    0.31835033    0.33313088    0.28628595    0.32529492    0.25543811    0.26750177    0.25744895    0.24504202    0.10849711    0.00000000    0.04369887    0.07204767    0.06988163    0.07630403    0.08078089
T10            0.28947885    0.28910520    0.33648565    0.30334787    0.30860375    0.29238391    0.30099993    0.36292353    0.35984524    0.30235106    0.32718267    0.28392692    0.31595740    0.24698486    0.25273080    0.24295689    0.23669780    0.10636927    0.04369887    0.00000000    0.06546506    0.06331767    0.06968539    0.07868871
T23            0.31498531    0.28261158    0.32936806    0.29663633    0.31542982    0.30571809    0.29763290    0.36672585    0.36363316    0.31704741    0.34611049    0.27745432    0.31252094    0.23794844    0.25273080    0.23997180    0.21894441    0.10397118    0.07204767    0.06546506    0.00000000    0.00805147    0.05632156    0.06288603
T18            0.30871906    0.27981334    0.32641078    0.30048479    0.31252094    0.30284382    0.29479212    0.36363316    0.36055331    0.31413757    0.34309047    0.27467797    0.30962361    0.23529780    0.25003366    0.23730918    0.21635905    0.10171928    0.06988163    0.06331767    0.00805147    0.00000000    0.05418862    0.06073660
T17            0.32043229    0.28139418    0.33475341    0.30284382    0.31150088    0.30186961    0.29379570    0.36222676    0.35914991    0.30860375    0.33365951    0.27065637    0.31200513    0.24295689    0.25168083    0.24204974    0.22675717    0.10597503    0.07630403    0.06968539    0.05632156    0.05418862    0.00000000    0.04116888
T3             0.32086450    0.28742061    0.34131795    0.32181057    0.33067920    0.32076642    0.31252094    0.38311847    0.37995817    0.32422666    0.34736678    0.29193547    0.33121981    0.25779713    0.26987199    0.25984189    0.23828289    0.12035229    0.08078089    0.07868871    0.06288603    0.06073660    0.04116888    0.00000000

