24
T16            0.00000000    0.28915813    0.29584814    0.29355430    0.29902098    0.28586064    0.29569827    0.25658819    0.27107604    0.27384274    0.25079595    0.25511592    0.24931580    0.23826314    0.17309489    0.15544413    0.17114382    0.16531490    0.16245548    0.17309489    0.16602725    0.17333701    0.18480693    0.12367664
T6             0.28915813    0.00000000    0.01006869    0.05638688    0.36577394    0.35588606    0.36465485    0.31889503    0.33591525    0.33533749    0.31597412    0.32112459    0.32171121    0.33071093    0.31878782    0.30050006    0.32054964    0.28349051    0.29855042    0.30524037    0.29147327    0.31016710    0.31820188    0.26231839
T17            0.29584814    0.01006869    0.00000000    0.06288657    0.36824979    0.35833759    0.36708251    0.32129937    0.33833121    0.33776520    0.31836694    0.32348345    0.32405898    0.33302599    0.32112459    0.30285896    0.32291971    0.28586064    0.30095479    0.30764474    0.29714388    0.31597412    0.32405898    0.26458107
T3             0.29355430    0.05638688    0.06288657    0.00000000    0.39025706    0.37998460    0.37758037    0.33772156    0.36914354    0.36844344    0.33115242    0.34030010    0.34097508    0.34307285    0.33071093    0.32230952    0.34330091    0.31471701    0.32700514    0.33412383    0.31647273    0.33238951    0.33367440    0.27956166
T11            0.29902098    0.36577394    0.36824979    0.39025706    0.00000000    0.17410551    0.16655847    0.16692048    0.18230779    0.18480178    0.16673519    0.16467800    0.17018731    0.16554400    0.34191602    0.31253719    0.33293318    0.29435320    0.29569827    0.32182766    0.32291971    0.33667012    0.34855870    0.29714388
T5             0.28586064    0.35588606    0.35833759    0.37998460    0.17410551    0.00000000    0.09625910    0.15650284    0.17164005    0.17410551    0.14140033    0.14436462    0.15222433    0.15806898    0.33235596    0.30475876    0.32477211    0.30007088    0.30141382    0.31734599    0.32882183    0.33069688    0.34855870    0.28069288
T4             0.29569827    0.36465485    0.36708251    0.37758037    0.16655847    0.09625910    0.00000000    0.15137432    0.15378038    0.15363717    0.14643840    0.14946698    0.14708261    0.15544413    0.33833121    0.30573340    0.31889503    0.29855042    0.29569827    0.30141382    0.32882183    0.33776520    0.34978127    0.29381008
T12            0.25658819    0.31889503    0.32129937    0.33772156    0.16692048    0.15650284    0.15137432    0.00000000    0.03280725    0.03488798    0.03900619    0.03906885    0.04330586    0.12066539    0.28674826    0.25816572    0.27343499    0.26018849    0.26674782    0.27303791    0.26831990    0.27581645    0.29714388    0.23037128
T1             0.27107604    0.33591525    0.33833121    0.36914354    0.18230779    0.17164005    0.15378038    0.03280725    0.00000000    0.01212484    0.05392974    0.04969048    0.04966000    0.13762588    0.30524037    0.27900154    0.29479036    0.28102182    0.27822086    0.28461146    0.28629898    0.28743290    0.31253719    0.24735616
T19            0.27384274    0.33533749    0.33776520    0.36844344    0.18480178    0.17410551    0.15363717    0.03488798    0.01212484    0.00000000    0.05607485    0.05181986    0.05612996    0.13997807    0.30812623    0.27543079    0.29764310    0.28383375    0.28102182    0.28743290    0.28262399    0.29026545    0.30524037    0.24699422
T8             0.25079595    0.31597412    0.31836694    0.33115242    0.16673519    0.14140033    0.14643840    0.03900619    0.05392974    0.05607485    0.00000000    0.02238866    0.04120108    0.11347891    0.28720846    0.25853478    0.27384274    0.26053589    0.25473919    0.27343499    0.26557424    0.27621289    0.29665087    0.23071820
T2             0.25511592    0.32112459    0.32348345    0.34030010    0.16467800    0.14436462    0.14946698    0.03906885    0.04969048    0.05181986    0.02238866    0.00000000    0.04349157    0.11642779    0.28767956    0.26283898    0.27835604    0.26791110    0.25891417    0.27790601    0.27005975    0.28069288    0.30154213    0.23482893
T10            0.24931580    0.32171121    0.32405898    0.34097508    0.17018731    0.15222433    0.14708261    0.04330586    0.04966000    0.05612996    0.04120108    0.04349157    0.00000000    0.11414946    0.27604089    0.25698867    0.27236422    0.25274059    0.24396359    0.26557424    0.26731524    0.27469017    0.29197714    0.22621307
T20            0.23826314    0.33071093    0.33302599    0.34307285    0.16554400    0.15806898    0.15544413    0.12066539    0.13762588    0.13997807    0.11347891    0.11642779    0.11414946    0.00000000    0.27651227    0.25825110    0.27699421    0.26011404    0.25428369    0.26686445    0.26872956    0.27052079    0.29355430    0.23038402
T7             0.17309489    0.31878782    0.32112459    0.33071093    0.34191602    0.33235596    0.33833121    0.28674826    0.30524037    0.30812623    0.28720846    0.28767956    0.27604089    0.27651227    0.00000000    0.15203782    0.16976000    0.16186462    0.16955917    0.16429565    0.17850074    0.18818760    0.18593503    0.14271526
T9             0.15544413    0.30050006    0.30285896    0.32230952    0.31253719    0.30475876    0.30573340    0.25816572    0.27900154    0.27543079    0.25853478    0.26283898    0.25698867    0.25825110    0.15203782    0.00000000    0.02447201    0.05425579    0.06081179    0.06081179    0.13711089    0.15963216    0.16047601    0.11347891
T21            0.17114382    0.32054964    0.32291971    0.34330091    0.33293318    0.32477211    0.31889503    0.27343499    0.29479036    0.29764310    0.27384274    0.27835604    0.27236422    0.27699421    0.16976000    0.02447201    0.00000000    0.07185564    0.07858804    0.07630486    0.15481517    0.17801300    0.18176282    0.13061647
T22            0.16531490    0.28349051    0.28586064    0.31471701    0.29435320    0.30007088    0.29855042    0.26018849    0.28102182    0.28383375    0.26053589    0.26791110    0.25274059    0.26011404    0.16186462    0.05425579    0.07185564    0.00000000    0.06282056    0.06282056    0.14674413    0.17221186    0.17309489    0.12776225
T18            0.16245548    0.29855042    0.30095479    0.32700514    0.29569827    0.30141382    0.29569827    0.26674782    0.27822086    0.28102182    0.25473919    0.25891417    0.24396359    0.25428369    0.16955917    0.06081179    0.07858804    0.06282056    0.00000000    0.04559519    0.14436462    0.17201260    0.17286129    0.11777119
T15            0.17309489    0.30524037    0.30764474    0.33412383    0.32182766    0.31734599    0.30141382    0.27303791    0.28461146    0.28743290    0.27343499    0.27790601    0.26557424    0.26686445    0.16429565    0.06081179    0.07630486    0.06282056    0.04559519    0.00000000    0.15426034    0.17734632    0.18097015    0.13510048
T14            0.16602725    0.29147327    0.29714388    0.31647273    0.32291971    0.32882183    0.32882183    0.26831990    0.28629898    0.28262399    0.26557424    0.27005975    0.26731524    0.26872956    0.17850074    0.13711089    0.15481517    0.14674413    0.14436462    0.15426034    0.00000000    0.12296923    0.12330770    0.10411331
T13            0.17333701    0.31016710    0.31597412    0.33238951    0.33667012    0.33069688    0.33776520    0.27581645    0.28743290    0.29026545    0.27621289    0.28069288    0.27469017    0.27052079    0.18818760    0.15963216    0.17801300    0.17221186    0.17201260    0.17734632    0.12296923    0.00000000    0.05846167    0.12313465
T23            0.18480693    0.31820188    0.32405898    0.33367440    0.34855870    0.34855870    0.34978127    0.29714388    0.31253719    0.30524037    0.29665087    0.30154213    0.29197714    0.29355430    0.18593503    0.16047601    0.18176282    0.17309489    0.17286129    0.18097015    0.12330770    0.05846167    0.00000000    0.12598228
T0             0.12367664    0.26231839    0.26458107    0.27956166    0.29714388    0.28069288    0.29381008    0.23037128    0.24735616    0.24699422    0.23071820    0.23482893    0.22621307    0.23038402    0.14271526    0.11347891    0.13061647    0.12776225    0.11777119    0.13510048    0.10411331    0.12313465    0.12598228    0.00000000

