24
T12            0.00000000    0.23616229    0.22218450    0.22354416    0.31962768    0.22505842    0.22243706    0.18191617    0.18981957    0.22433472    0.20232917    0.20015771    0.21844679    0.22127197    0.17906543    0.18441358    0.19721882    0.20592214    0.19507313    0.26568579    0.28422422    0.28422422    0.23008260    0.27713827
T16            0.23616229    0.00000000    0.03507833    0.15152963    0.28491922    0.18751492    0.18501354    0.16429787    0.16673747    0.20015771    0.21178965    0.20129140    0.21957137    0.21722338    0.19370093    0.19370093    0.21575308    0.20549595    0.21895610    0.32133339    0.33463821    0.33463821    0.29197431    0.33971631
T0             0.22218450    0.03507833    0.00000000    0.15186144    0.27927314    0.17982536    0.17734895    0.16205535    0.16186678    0.20336151    0.19275780    0.19345162    0.22297130    0.22064522    0.19144834    0.18593801    0.20774852    0.19759702    0.21091213    0.31545452    0.32866443    0.32866443    0.28310730    0.34418350
T6             0.22354416    0.15152963    0.15186144    0.00000000    0.17942769    0.10145945    0.09921150    0.15784644    0.15762990    0.18523137    0.19118881    0.17018978    0.20947435    0.20718034    0.19007729    0.17902578    0.19730409    0.19789888    0.20390849    0.28868798    0.30142215    0.30142215    0.26054184    0.32669310
T21            0.31962768    0.28491922    0.27927314    0.17942769    0.00000000    0.21002161    0.20745982    0.26019438    0.25375885    0.28842079    0.31457520    0.28310730    0.33971631    0.33024238    0.29809923    0.29809923    0.30383821    0.30383821    0.30765343    0.40153249    0.42457917    0.42457917    0.39063560    0.45634578
T18            0.22505842    0.18751492    0.17982536    0.10145945    0.21002161    0.00000000    0.00200301    0.15501868    0.16267150    0.19597406    0.19144834    0.17579321    0.20639747    0.20409286    0.18700328    0.18149293    0.19982944    0.19759702    0.20073212    0.28912603    0.30189263    0.30189263    0.25648168    0.32618845
T14            0.22243706    0.18501354    0.17734895    0.09921150    0.20745982    0.00200301    0.00000000    0.15262396    0.16025483    0.19345162    0.18894634    0.17333966    0.20383981    0.20154579    0.18452099    0.17902578    0.19730409    0.19508161    0.19820965    0.28630650    0.29902928    0.29902928    0.25375885    0.32323213
T2             0.18191617    0.16429787    0.16205535    0.15784644    0.26019438    0.15501868    0.15262396    0.00000000    0.02855390    0.06262557    0.14708441    0.14252448    0.16692279    0.16731905    0.13587356    0.13080979    0.13762750    0.13294668    0.12811151    0.23531106    0.25930997    0.25930997    0.20383981    0.27662700
T10            0.18981957    0.16673747    0.16186678    0.15762990    0.25375885    0.16267150    0.16025483    0.02855390    0.00000000    0.06046617    0.15983281    0.15003305    0.17201505    0.17242225    0.14077149    0.13566895    0.14252448    0.14291756    0.13801044    0.23498527    0.25892021    0.25892021    0.20691010    0.27941520
T15            0.22433472    0.20015771    0.20336151    0.18523137    0.28842079    0.19597406    0.19345162    0.06262557    0.06046617    0.00000000    0.18523137    0.17242225    0.20015771    0.20058342    0.17850354    0.17309750    0.18025821    0.17801572    0.17286386    0.24565234    0.26675411    0.26675411    0.23643727    0.29637472
T5             0.20232917    0.21178965    0.19275780    0.19118881    0.31457520    0.19144834    0.18894634    0.14708441    0.15983281    0.18523137    0.00000000    0.03289346    0.11729686    0.11510356    0.09449422    0.08519117    0.11064590    0.11333104    0.10863704    0.26638740    0.27861266    0.27861266    0.23058849    0.29637472
T1             0.20015771    0.20129140    0.19345162    0.17018978    0.28310730    0.17579321    0.17333966    0.14252448    0.15003305    0.17242225    0.03289346    0.00000000    0.10802566    0.10586090    0.09486990    0.08550143    0.10623304    0.11136124    0.10667194    0.26438390    0.27662700    0.27662700    0.23142163    0.28461866
T11            0.21844679    0.21957137    0.22297130    0.20947435    0.33971631    0.20639747    0.20383981    0.16692279    0.17201505    0.20015771    0.11729686    0.10802566    0.00000000    0.02440537    0.11777233    0.10813289    0.13445650    0.13980164    0.13492878    0.28987996    0.30253064    0.30253064    0.24393636    0.32771623
T4             0.22127197    0.21722338    0.22064522    0.20718034    0.33024238    0.20409286    0.20154579    0.16731905    0.17242225    0.20058342    0.11510356    0.10586090    0.02440537    0.00000000    0.11561694    0.10597749    0.13476342    0.14016579    0.13528317    0.28422422    0.29678885    0.29678885    0.25043844    0.33563469
T8             0.17906543    0.19370093    0.19144834    0.19007729    0.29809923    0.18700328    0.18452099    0.13587356    0.14077149    0.17850354    0.09449422    0.09486990    0.11777233    0.11561694    0.00000000    0.01626170    0.06081210    0.06546620    0.06107655    0.25620385    0.27469715    0.27469715    0.22354416    0.28263122
T9             0.18441358    0.19370093    0.18593801    0.17902578    0.29809923    0.18149293    0.17902578    0.13080979    0.13566895    0.17309750    0.08519117    0.08550143    0.10813289    0.10597749    0.01626170    0.00000000    0.05638714    0.06098169    0.05662200    0.25004893    0.26832649    0.26832649    0.21776299    0.28912603
T3             0.19721882    0.21575308    0.20774852    0.19730409    0.30383821    0.19982944    0.19730409    0.13762750    0.14252448    0.18025821    0.11064590    0.10623304    0.13445650    0.13476342    0.06081210    0.05638714    0.00000000    0.06288689    0.05852496    0.27344171    0.29240536    0.29240536    0.24597401    0.31394161
T7             0.20592214    0.20549595    0.19759702    0.19789888    0.30383821    0.19759702    0.19508161    0.13294668    0.14291756    0.17801572    0.11333104    0.11136124    0.13980164    0.14016579    0.06546620    0.06098169    0.06288689    0.00000000    0.03280733    0.26477241    0.27704502    0.27704502    0.23763710    0.31493928
T19            0.19507313    0.21895610    0.21091213    0.20390849    0.30765343    0.20073212    0.19820965    0.12811151    0.13801044    0.17286386    0.10863704    0.10667194    0.13492878    0.13528317    0.06107655    0.05662200    0.05852496    0.03280733    0.00000000    0.24968769    0.26791761    0.26791761    0.22325291    0.29855862
T23            0.26568579    0.32133339    0.31545452    0.28868798    0.40153249    0.28912603    0.28630650    0.23531106    0.23498527    0.24565234    0.26638740    0.26438390    0.28987996    0.28422422    0.25620385    0.25004893    0.27344171    0.26477241    0.24968769    0.00000000    0.02447206    0.02447206    0.11052538    0.17286386
T20            0.28422422    0.33463821    0.32866443    0.30142215    0.42457917    0.30189263    0.29902928    0.25930997    0.25892021    0.26675411    0.27861266    0.27662700    0.30253064    0.29678885    0.27469715    0.26832649    0.29240536    0.27704502    0.26791761    0.02447206    0.00000000    0.00000000    0.12497748    0.18619119
T13            0.28422422    0.33463821    0.32866443    0.30142215    0.42457917    0.30189263    0.29902928    0.25930997    0.25892021    0.26675411    0.27861266    0.27662700    0.30253064    0.29678885    0.27469715    0.26832649    0.29240536    0.27704502    0.26791761    0.02447206    0.00000000    0.00000000    0.12497748    0.18619119
T17            0.23008260    0.29197431    0.28310730    0.26054184    0.39063560    0.25648168    0.25375885    0.20383981    0.20691010    0.23643727    0.23058849    0.23142163    0.24393636    0.25043844    0.22354416    0.21776299    0.24597401    0.23763710    0.22325291    0.11052538    0.12497748    0.12497748    0.00000000    0.14658890
T22            0.27713827    0.33971631    0.34418350    0.32669310    0.45634578    0.32618845    0.32323213    0.27662700    0.27941520    0.29637472    0.29637472    0.28461866    0.32771623    0.33563469    0.28263122    0.28912603    0.31394161    0.31493928    0.29855862    0.17286386    0.18619119    0.18619119    0.14658890    0.00000000

