24
T17            0.00000000    0.18122451    0.16731633    0.17201267    0.15847946    0.17286056    0.19954190    0.14233777    0.18593421    0.18795322    0.14745304    0.12776178    0.14333936    0.14333936    0.15830066    0.20966620    0.23829010    0.16488141    0.16245492    0.17089081    0.12889671    0.18894206    0.17825163    0.14016342
T21            0.18122451    0.00000000    0.22008491    0.21462691    0.22433202    0.20383613    0.23171384    0.18273729    0.22269524    0.22243329    0.19926832    0.19069305    0.20745504    0.20745504    0.22741071    0.26242675    0.30294567    0.22269524    0.22586556    0.23530488    0.20932295    0.26202765    0.25004155    0.21863815
T1             0.16731633    0.22008491    0.00000000    0.06295929    0.10610039    0.19740802    0.20872034    0.15834885    0.20291791    0.21303170    0.17393494    0.18751219    0.20408889    0.20408889    0.21462691    0.24699261    0.28275117    0.23085214    0.21106873    0.22586556    0.18842991    0.24296493    0.23141676    0.20058052
T18            0.17201267    0.21462691    0.06295929    0.00000000    0.10359546    0.20232750    0.21084870    0.16055335    0.19958768    0.21527080    0.18139024    0.18389327    0.19781799    0.19781799    0.21106873    0.25816442    0.28491420    0.23007943    0.22170583    0.23377625    0.19046058    0.23909959    0.22768597    0.20271170
T20            0.15847946    0.22433202    0.10610039    0.10359546    0.00000000    0.20455461    0.21583292    0.16027229    0.19640201    0.20657775    0.17831590    0.18081818    0.19721695    0.19721695    0.22170583    0.23085214    0.27779273    0.21494526    0.20439785    0.21864993    0.17114778    0.24368334    0.23227021    0.19399698
T9             0.17286056    0.20383613    0.19740802    0.20232750    0.20455461    0.00000000    0.17509330    0.11576273    0.16467772    0.15409222    0.12992670    0.19093448    0.20435087    0.20435087    0.22414972    0.27557649    0.27433895    0.22531526    0.21982156    0.22615528    0.18921137    0.23141676    0.22878115    0.20462205
T23            0.19954190    0.23171384    0.20872034    0.21084870    0.21583292    0.17509330    0.00000000    0.09886721    0.14674419    0.13382874    0.12483556    0.20639386    0.22708242    0.22708242    0.23795578    0.28068993    0.29964513    0.25407145    0.23997970    0.23171384    0.21378848    0.27621121    0.26399838    0.22035787
T13            0.14233777    0.18273729    0.15834885    0.16055335    0.16027229    0.11576273    0.09886721    0.00000000    0.08962804    0.08254469    0.06944317    0.15409222    0.15926036    0.15926036    0.17447487    0.22774857    0.26327463    0.18981718    0.18460233    0.18501075    0.15262120    0.21516851    0.20408889    0.17221173
T16            0.18593421    0.22269524    0.20291791    0.19958768    0.19640201    0.16467772    0.14674419    0.08962804    0.00000000    0.06714393    0.12251899    0.18460233    0.21231124    0.21231124    0.22878115    0.27384054    0.30583330    0.22719747    0.23435808    0.23497944    0.18545478    0.26259303    0.25679319    0.20591911
T15            0.18795322    0.22243329    0.21303170    0.21527080    0.20657775    0.15409222    0.13382874    0.08254469    0.06714393    0.00000000    0.11510269    0.17114778    0.20872034    0.20872034    0.22218105    0.26399838    0.28346155    0.23856328    0.23297811    0.22768597    0.19069305    0.24716051    0.23563918    0.20291791
T6             0.14745304    0.19926832    0.17393494    0.18139024    0.17831590    0.12992670    0.12483556    0.06944317    0.12251899    0.11510269    0.00000000    0.17018667    0.18048437    0.18048437    0.19900380    0.24663775    0.27505538    0.20639386    0.20664524    0.20717585    0.17114244    0.23795578    0.22645468    0.19118484
T0             0.12776178    0.19069305    0.18751219    0.18389327    0.18081818    0.19093448    0.20639386    0.15409222    0.18460233    0.17114778    0.17018667    0.00000000    0.10397242    0.10397242    0.12296875    0.14055896    0.19900380    0.13946778    0.13962970    0.14765054    0.13276195    0.18480207    0.17961968    0.14674419
T3             0.14333936    0.20745504    0.20408889    0.19781799    0.19721695    0.20435087    0.22708242    0.15926036    0.21231124    0.20872034    0.18048437    0.10397242    0.00000000    0.00200401    0.04565599    0.14098607    0.22123413    0.17333590    0.15023460    0.15854161    0.15066718    0.20973889    0.20435087    0.17286056
T14            0.14333936    0.20745504    0.20408889    0.19781799    0.19721695    0.20435087    0.22708242    0.15926036    0.21231124    0.20872034    0.18048437    0.10397242    0.00200401    0.00000000    0.04565599    0.14098607    0.22123413    0.17333590    0.15023460    0.15854161    0.15066718    0.20973889    0.20435087    0.17286056
T2             0.15830066    0.22741071    0.21462691    0.21106873    0.22170583    0.22414972    0.23795578    0.17447487    0.22878115    0.22218105    0.19900380    0.12296875    0.04565599    0.04565599    0.00000000    0.15590300    0.23564012    0.19449789    0.17064763    0.17929509    0.16578027    0.21748418    0.21204386    0.18296518
T5             0.20966620    0.26242675    0.24699261    0.25816442    0.23085214    0.27557649    0.28068993    0.22774857    0.27384054    0.26399838    0.24663775    0.14055896    0.14098607    0.14098607    0.15590300    0.00000000    0.27425859    0.20804104    0.21701894    0.22065167    0.18699846    0.26790894    0.26202765    0.21895029
T19            0.23829010    0.30294567    0.28275117    0.28491420    0.27779273    0.27433895    0.29964513    0.26327463    0.30583330    0.28346155    0.27505538    0.19900380    0.22123413    0.22123413    0.23564012    0.27425859    0.00000000    0.22907940    0.22008491    0.22938737    0.22353909    0.29233665    0.27993606    0.25104100
T10            0.16488141    0.22269524    0.23085214    0.23007943    0.21494526    0.22531526    0.25407145    0.18981718    0.22719747    0.23856328    0.20639386    0.13946778    0.17333590    0.17333590    0.19449789    0.20804104    0.22907940    0.00000000    0.14140087    0.14929528    0.17333590    0.21412327    0.20872034    0.18751219
T11            0.16245492    0.22586556    0.21106873    0.22170583    0.20439785    0.21982156    0.23997970    0.18460233    0.23435808    0.23297811    0.20664524    0.13962970    0.15023460    0.15023460    0.17064763    0.21701894    0.22008491    0.14140087    0.00000000    0.02241910    0.16509353    0.21106873    0.20015538    0.16639101
T4             0.17089081    0.23530488    0.22586556    0.23377625    0.21864993    0.22615528    0.23171384    0.18501075    0.23497944    0.22768597    0.20717585    0.14765054    0.15854161    0.15854161    0.17929509    0.22065167    0.22938737    0.14929528    0.02241910    0.00000000    0.16820975    0.22008491    0.20896091    0.18003449
T22            0.12889671    0.20932295    0.18842991    0.19046058    0.17114778    0.18921137    0.21378848    0.15262120    0.18545478    0.19069305    0.17114244    0.13276195    0.15066718    0.15066718    0.16578027    0.18699846    0.22353909    0.17333590    0.16509353    0.16820975    0.00000000    0.12992670    0.12021016    0.08298255
T12            0.18894206    0.26202765    0.24296493    0.23909959    0.24368334    0.23141676    0.27621121    0.21516851    0.26259303    0.24716051    0.23795578    0.18480207    0.20973889    0.20973889    0.21748418    0.26790894    0.29233665    0.21412327    0.21106873    0.22008491    0.12992670    0.00000000    0.01417402    0.09486863
T8             0.17825163    0.25004155    0.23141676    0.22768597    0.23227021    0.22878115    0.26399838    0.20408889    0.25679319    0.23563918    0.22645468    0.17961968    0.20435087    0.20435087    0.21204386    0.26202765    0.27993606    0.20872034    0.20015538    0.20896091    0.12021016    0.01417402    0.00000000    0.08329780
T7             0.14016342    0.21863815    0.20058052    0.20271170    0.19399698    0.20462205    0.22035787    0.17221173    0.20591911    0.20291791    0.19118484    0.14674419    0.17286056    0.17286056    0.18296518    0.21895029    0.25104100    0.18751219    0.16639101    0.18003449    0.08298255    0.09486863    0.08329780    0.00000000

