24
T12            0.00000000    0.30383464    0.28176849    0.31793770    0.29678484    0.32636590    0.32574294    0.32915224    0.31500400    0.32132823    0.33164005    0.32817909    0.32817909    0.33164005    0.33614693    0.23032722    0.23615895    0.25375535    0.24773030    0.22558727    0.22531648    0.22243426    0.24597127    0.24296781
T17            0.30383464    0.00000000    0.05001372    0.17942576    0.14391335    0.36343918    0.35211841    0.38310609    0.34930669    0.36938690    0.37305078    0.37043256    0.37043256    0.37412351    0.38536278    0.31252848    0.31930965    0.33263735    0.31979081    0.31930965    0.32569127    0.30873701    0.35773823    0.35407428
T1             0.28176849    0.05001372    0.00000000    0.16868461    0.14127263    0.34021329    0.33608362    0.37991695    0.34274090    0.35545819    0.36262838    0.35191130    0.35191130    0.35545819    0.36729836    0.29721054    0.30383446    0.31685846    0.30429351    0.30717963    0.30672088    0.29678484    0.33667634    0.33315439
T18            0.31793770    0.17942576    0.16868461    0.00000000    0.08510165    0.36166250    0.37423333    0.40729360    0.38977978    0.41523256    0.41124732    0.40745923    0.40745923    0.41298820    0.43206221    0.32028387    0.32720593    0.34682599    0.33368368    0.33534486    0.33477893    0.33124452    0.36889403    0.36514769
T9             0.29678484    0.14391335    0.14127263    0.08510165    0.00000000    0.33235775    0.33153524    0.39750406    0.35182658    0.37583504    0.37959544    0.38083307    0.38083307    0.38212548    0.39628263    0.29479489    0.30141883    0.31685846    0.30429351    0.29570340    0.29524356    0.28543743    0.32827593    0.32477861
T13            0.32636590    0.36343918    0.34021329    0.36166250    0.33235775    0.00000000    0.09449391    0.36792055    0.35145983    0.35191130    0.36990293    0.39006964    0.39006964    0.38740959    0.39119846    0.34100433    0.34100433    0.36792055    0.35454339    0.33756721    0.33377499    0.33717701    0.37358030    0.36990293
T21            0.32574294    0.35211841    0.33608362    0.37423333    0.33153524    0.09449391    0.00000000    0.38526574    0.37305078    0.36990293    0.39119846    0.38156115    0.38156115    0.37887241    0.39385849    0.34978572    0.34978572    0.37695136    0.36343918    0.34711131    0.34326252    0.34671149    0.37991695    0.37621233
T15            0.32915224    0.38310609    0.37991695    0.40729360    0.39750406    0.36792055    0.38526574    0.00000000    0.10338138    0.10112071    0.11064535    0.10112071    0.10112071    0.10348491    0.10371434    0.30094339    0.30750206    0.30711393    0.31373778    0.29196931    0.29806377    0.29233904    0.33614693    0.33263735
T3             0.31500400    0.34930669    0.34274090    0.38977978    0.35182658    0.35145983    0.37305078    0.10338138    0.00000000    0.02442123    0.05840550    0.07812628    0.07812628    0.08494482    0.08280797    0.29092847    0.29733990    0.29699534    0.29699534    0.28841551    0.28807874    0.28807874    0.30500172    0.30171162
T5             0.32132823    0.36938690    0.35545819    0.41523256    0.37583504    0.35191130    0.36990293    0.10112071    0.02442123    0.00000000    0.05638705    0.08273120    0.08273120    0.08501963    0.08289189    0.29446968    0.30094339    0.30057672    0.30057672    0.29196931    0.29161095    0.29161095    0.29883381    0.29557588
T2             0.33164005    0.37305078    0.36262838    0.41124732    0.37959544    0.36990293    0.39119846    0.11064535    0.05840550    0.05638705    0.00000000    0.09194846    0.09194846    0.09427959    0.09473724    0.29769605    0.30421197    0.30711393    0.30711393    0.30171162    0.30460100    0.30460100    0.33263735    0.32915224
T23            0.32817909    0.37043256    0.35191130    0.40745923    0.38083307    0.39006964    0.38156115    0.10112071    0.07812628    0.08273120    0.09194846    0.00000000    0.00000000    0.00804435    0.03284718    0.30750206    0.31414794    0.31373778    0.30711393    0.30500172    0.30460100    0.30460100    0.31544985    0.31208216
T11            0.32817909    0.37043256    0.35191130    0.40745923    0.38083307    0.39006964    0.38156115    0.10112071    0.07812628    0.08273120    0.09194846    0.00000000    0.00000000    0.00804435    0.03284718    0.30750206    0.31414794    0.31373778    0.30711393    0.30500172    0.30460100    0.30460100    0.31544985    0.31208216
T0             0.33164005    0.37412351    0.35545819    0.41298820    0.38212548    0.38740959    0.37887241    0.10348491    0.08494482    0.08501963    0.09427959    0.00804435    0.00804435    0.00000000    0.03701121    0.30750206    0.31414794    0.31373778    0.30711393    0.30831362    0.30790196    0.30790196    0.31544985    0.31208216
T6             0.33614693    0.38536278    0.36729836    0.43206221    0.39628263    0.39119846    0.39385849    0.10371434    0.08280797    0.08289189    0.09473724    0.03284718    0.03284718    0.03701121    0.00000000    0.31500400    0.32178515    0.32474192    0.31793770    0.31590757    0.31544985    0.31544985    0.32668898    0.32322800
T16            0.23032722    0.31252848    0.29721054    0.32028387    0.29479489    0.34100433    0.34978572    0.30094339    0.29092847    0.29446968    0.29769605    0.30750206    0.30750206    0.30750206    0.31500400    0.00000000    0.00401609    0.03492598    0.02656414    0.06066935    0.06504298    0.06282068    0.15305371    0.15044929
T20            0.23615895    0.31930965    0.30383446    0.32720593    0.30141883    0.34100433    0.34978572    0.30750206    0.29733990    0.30094339    0.30421197    0.31414794    0.31414794    0.31414794    0.32178515    0.00401609    0.00000000    0.03919049    0.03077476    0.06511398    0.06727520    0.06727520    0.15830363    0.15567178
T19            0.25375535    0.33263735    0.31685846    0.34682599    0.31685846    0.36792055    0.37695136    0.30711393    0.29699534    0.30057672    0.30711393    0.31373778    0.31373778    0.31373778    0.32474192    0.03492598    0.03919049    0.00000000    0.01210943    0.08068925    0.08519085    0.08289189    0.17358956    0.17089384
T4             0.24773030    0.31979081    0.30429351    0.33368368    0.30429351    0.35454339    0.36343918    0.31373778    0.29699534    0.30057672    0.30711393    0.30711393    0.30711393    0.30711393    0.31793770    0.02656414    0.03077476    0.01210943    0.00000000    0.07176978    0.07621568    0.07394801    0.16871041    0.16602914
T22            0.22558727    0.31930965    0.30717963    0.33534486    0.29570340    0.33756721    0.34711131    0.29196931    0.28841551    0.29196931    0.30171162    0.30500172    0.30500172    0.30831362    0.31590757    0.06066935    0.06511398    0.08068925    0.07176978    0.00000000    0.01212485    0.01619019    0.14016521    0.13762692
T7             0.22531648    0.32569127    0.30672088    0.33477893    0.29524356    0.33377499    0.34326252    0.29806377    0.28807874    0.29161095    0.30460100    0.30460100    0.30460100    0.30790196    0.31544985    0.06504298    0.06727520    0.08519085    0.07621568    0.01212485    0.00000000    0.02029404    0.14765253    0.14508160
T8             0.22243426    0.30873701    0.29678484    0.33124452    0.28543743    0.33717701    0.34671149    0.29233904    0.28807874    0.29161095    0.30460100    0.30460100    0.30460100    0.30790196    0.31544985    0.06282068    0.06727520    0.08289189    0.07394801    0.01619019    0.02029404    0.00000000    0.14765253    0.14508160
T10            0.24597127    0.35773823    0.33667634    0.36889403    0.32827593    0.37358030    0.37991695    0.33614693    0.30500172    0.29883381    0.33263735    0.31544985    0.31544985    0.31544985    0.32668898    0.15305371    0.15830363    0.17358956    0.16871041    0.14016521    0.14765253    0.14765253    0.00000000    0.00200401
T14            0.24296781    0.35407428    0.33315439    0.36514769    0.32477861    0.36990293    0.37621233    0.33263735    0.30171162    0.29557588    0.32915224    0.31208216    0.31208216    0.31208216    0.32322800    0.15044929    0.15567178    0.17089384    0.16602914    0.13762692    0.14508160    0.14508160    0.00200401    0.00000000

