24
T9             0.00000000    0.32602420    0.32562127    0.31128484    0.30608727    0.30679697    0.26506226    0.26445145    0.27125449    0.24914573    0.19743449    0.22156242    0.21491448    0.18524470    0.17202796    0.17449137    0.15703860    0.15223303    0.13980712    0.13026093    0.17532859    0.20106295    0.18175242    0.15394669
T18            0.32602420    0.00000000    0.03289340    0.12894113    0.21628796    0.21391369    0.19346424    0.20410767    0.18796956    0.38108731    0.36060207    0.36026568    0.36957105    0.38343753    0.37273808    0.37588982    0.36146205    0.35410860    0.30877938    0.30010968    0.33567092    0.36060207    0.33977134    0.32008729
T21            0.32562127    0.03289340    0.00000000    0.11457810    0.20018181    0.19784124    0.17736145    0.18774587    0.17202796    0.38053467    0.36008959    0.36336383    0.36892527    0.38282906    0.37215827    0.37530973    0.35353081    0.36085732    0.31169271    0.29315121    0.33168512    0.36112786    0.34023412    0.31301542
T7             0.31128484    0.12894113    0.11457810    0.00000000    0.20717719    0.20475645    0.17379454    0.18408197    0.17643312    0.36354006    0.33845964    0.34984847    0.35494612    0.36371297    0.35340737    0.35649229    0.33516961    0.33618467    0.29238385    0.28314581    0.32775995    0.35600605    0.33201083    0.30219960
T23            0.30608727    0.21628796    0.20018181    0.20717719    0.00000000    0.01006898    0.12203818    0.13406736    0.11741185    0.36896566    0.32150821    0.35187490    0.35241394    0.34846553    0.33845964    0.34149649    0.34023412    0.33420442    0.31379259    0.28881205    0.32686733    0.33932131    0.31264497    0.31854149
T10            0.30679697    0.21391369    0.19784124    0.20475645    0.01006898    0.00000000    0.11500218    0.12691633    0.11041856    0.36997519    0.32225413    0.35296592    0.35353081    0.34937441    0.33932131    0.34235645    0.34119785    0.33516961    0.31461791    0.28314581    0.32775995    0.34023412    0.31339797    0.31928983
T16            0.26506226    0.19346424    0.17736145    0.17379454    0.12203818    0.11500218    0.00000000    0.01617904    0.06067082    0.32346582    0.30465042    0.31057754    0.31204898    0.30504783    0.28916830    0.29201730    0.29070659    0.28504951    0.27230951    0.23674693    0.28546356    0.30465042    0.28881205    0.27998114
T14            0.26445145    0.20410767    0.18774587    0.18408197    0.13406736    0.12691633    0.01617904    0.00000000    0.06720838    0.32942571    0.30389091    0.30631037    0.31445788    0.31419925    0.29811414    0.30099667    0.29968749    0.29396405    0.27473022    0.23913264    0.28787247    0.31047019    0.29131861    0.28562722
T2             0.27125449    0.18796956    0.17202796    0.17643312    0.11741185    0.11041856    0.06067082    0.06720838    0.00000000    0.32686733    0.30465042    0.30386575    0.31204898    0.31504856    0.30545698    0.30835923    0.29396405    0.28828589    0.26917460    0.23970561    0.28464653    0.29562023    0.27683637    0.28953590
T5             0.24914573    0.38108731    0.38053467    0.36354006    0.36896566    0.36997519    0.32346582    0.32942571    0.32686733    0.00000000    0.12239217    0.17468759    0.15365466    0.25682790    0.25047063    0.25318775    0.24806170    0.24268189    0.21651244    0.20594383    0.25682790    0.28562722    0.25460711    0.24667668
T4             0.19743449    0.36060207    0.36008959    0.33845964    0.32150821    0.32225413    0.30465042    0.30389091    0.30465042    0.12239217    0.00000000    0.15242669    0.13696442    0.21464994    0.20641548    0.20898401    0.19346424    0.19396886    0.18796956    0.16977273    0.22095244    0.24238151    0.21889815    0.21414951
T8             0.22156242    0.36026568    0.36336383    0.34984847    0.35187490    0.35296592    0.31057754    0.30631037    0.30386575    0.17468759    0.15242669    0.00000000    0.05194683    0.22742776    0.21896618    0.22156242    0.21380201    0.20296059    0.18073416    0.16267748    0.20775826    0.24364385    0.21984772    0.20949032
T15            0.21491448    0.36957105    0.36892527    0.35494612    0.35241394    0.35353081    0.31204898    0.31445788    0.31204898    0.15365466    0.13696442    0.05194683    0.00000000    0.21835401    0.21003422    0.21260667    0.20491727    0.20266206    0.18049723    0.16025990    0.20747111    0.24331309    0.21959571    0.20923246
T17            0.18524470    0.38343753    0.38282906    0.36371297    0.34846553    0.34937441    0.30504783    0.31419925    0.31504856    0.25682790    0.21464994    0.22742776    0.21835401    0.00000000    0.01008402    0.01210949    0.09418819    0.09438638    0.14200232    0.13242730    0.18073416    0.19552260    0.16625097    0.16693466
T13            0.17202796    0.37273808    0.37215827    0.35340737    0.33845964    0.33932131    0.28916830    0.29811414    0.30545698    0.25047063    0.20641548    0.21896618    0.21003422    0.01008402    0.00000000    0.00200303    0.08502400    0.08519378    0.12963756    0.12021628    0.16753788    0.18753119    0.15863658    0.15668274
T0             0.17449137    0.37588982    0.37530973    0.35649229    0.34149649    0.34235645    0.29201730    0.30099667    0.30835923    0.25318775    0.20898401    0.22156242    0.21260667    0.01210949    0.00200303    0.00000000    0.08724357    0.08740945    0.13197677    0.12252584    0.16998083    0.19004298    0.16106950    0.15910146
T20            0.15703860    0.36146205    0.35353081    0.33516961    0.34023412    0.34119785    0.29070659    0.29968749    0.29396405    0.24806170    0.19346424    0.21380201    0.20491727    0.09418819    0.08502400    0.08724357    0.00000000    0.02034014    0.11333376    0.09934209    0.13763124    0.16206494    0.14392674    0.14454044
T3             0.15223303    0.35410860    0.36085732    0.33618467    0.33420442    0.33516961    0.28504951    0.29396405    0.28828589    0.24268189    0.19396886    0.20296059    0.20266206    0.09438638    0.08519378    0.08740945    0.02034014    0.00000000    0.10878333    0.09724014    0.12793637    0.16246487    0.13917927    0.13980712
T6             0.13980712    0.30877938    0.31169271    0.29238385    0.31379259    0.31461791    0.27230951    0.27473022    0.26917460    0.21651244    0.18796956    0.18073416    0.18049723    0.14200232    0.12963756    0.13197677    0.11333376    0.10878333    0.00000000    0.03919071    0.11348201    0.13461280    0.11012837    0.11511040
T22            0.13026093    0.30010968    0.29315121    0.28314581    0.28881205    0.28314581    0.23674693    0.23913264    0.23970561    0.20594383    0.16977273    0.16267748    0.16025990    0.13242730    0.12021628    0.12252584    0.09934209    0.09724014    0.03919071    0.00000000    0.09947796    0.12513039    0.10093950    0.10586552
T11            0.17532859    0.33567092    0.33168512    0.32775995    0.32686733    0.32775995    0.28546356    0.28787247    0.28464653    0.25682790    0.22095244    0.20775826    0.20747111    0.18073416    0.16753788    0.16998083    0.13763124    0.12793637    0.11348201    0.09947796    0.00000000    0.12513039    0.10093950    0.15204763
T1             0.20106295    0.36060207    0.36112786    0.35600605    0.33932131    0.34023412    0.30465042    0.31047019    0.29562023    0.28562722    0.24238151    0.24364385    0.24331309    0.19552260    0.18753119    0.19004298    0.16206494    0.16246487    0.13461280    0.12513039    0.12513039    0.00000000    0.04554154    0.16413291
T19            0.18175242    0.33977134    0.34023412    0.33201083    0.31264497    0.31339797    0.28881205    0.29131861    0.27683637    0.25460711    0.21889815    0.21984772    0.21959571    0.16625097    0.15863658    0.16106950    0.14392674    0.13917927    0.11012837    0.10093950    0.10093950    0.04554154    0.00000000    0.15086491
T12            0.15394669    0.32008729    0.31301542    0.30219960    0.31854149    0.31928983    0.27998114    0.28562722    0.28953590    0.24667668    0.21414951    0.20949032    0.20923246    0.16693466    0.15668274    0.15910146    0.14454044    0.13980712    0.11511040    0.10586552    0.15204763    0.16413291    0.15086491    0.00000000

