24
T7             0.00000000    0.35557627    0.35963388    0.40022701    0.39190745    0.40677614    0.37054605    0.37775717    0.34634761    0.34123528    0.35394817    0.34378173    0.36482083    0.36226123    0.26956051    0.29860654    0.28073840    0.23337856    0.23006631    0.23269951    0.23637307    0.24668337    0.22744284    0.22744284
T21            0.35557627    0.00000000    0.04117108    0.22535920    0.22273698    0.23117401    0.22273698    0.21520247    0.20521772    0.20950365    0.20875895    0.20950365    0.23303415    0.23447032    0.42487856    0.45443330    0.40500941    0.38177042    0.38494456    0.38813246    0.36150249    0.36964336    0.37274205    0.36522100
T18            0.35963388    0.04117108    0.00000000    0.22510069    0.21961125    0.22799125    0.22247696    0.21779430    0.20210425    0.20642870    0.20573605    0.20642870    0.23269951    0.23710924    0.42678487    0.45621509    0.40287256    0.37970230    0.37523686    0.37839187    0.36340537    0.37535544    0.37460291    0.37084245
T4             0.40022701    0.22535920    0.22510069    0.00000000    0.02027320    0.02854359    0.05831767    0.09673649    0.19676569    0.21807644    0.21207919    0.22679884    0.23534252    0.22777934    0.40615019    0.42342319    0.37535544    0.34580887    0.35245322    0.35191439    0.34123528    0.34589352    0.34123528    0.34123528
T15            0.39190745    0.22273698    0.21961125    0.02027320    0.00000000    0.01210038    0.05828259    0.09428624    0.19372310    0.21492857    0.20899771    0.22357551    0.23205970    0.22679884    0.39514445    0.42007685    0.36482083    0.33570635    0.34224928    0.34173593    0.33124364    0.33589911    0.33124364    0.33124364
T12            0.40677614    0.23117401    0.22799125    0.02854359    0.01210038    0.00000000    0.06704612    0.10360347    0.20183321    0.22619368    0.22012452    0.23205970    0.23767269    0.23303415    0.41007290    0.43577351    0.37910177    0.34939400    0.35607734    0.35552540    0.34476969    0.34941545    0.34476969    0.34476969
T11            0.37054605    0.22273698    0.22247696    0.05831767    0.05828259    0.06704612    0.00000000    0.08078580    0.17556847    0.19624586    0.19323684    0.20465049    0.21290480    0.19929489    0.37852168    0.40287256    0.35972792    0.33076634    0.33483899    0.33428833    0.32972664    0.33077959    0.33322398    0.33322398
T23            0.37775717    0.21520247    0.21779430    0.09673649    0.09428624    0.10360347    0.08078580    0.00000000    0.18205873    0.20013906    0.19703921    0.20868749    0.21704472    0.21773398    0.37969571    0.40031309    0.34634761    0.32483558    0.32084872    0.32379594    0.31692142    0.31801767    0.31692142    0.32034686
T9             0.34634761    0.20521772    0.20210425    0.19676569    0.19372310    0.20183321    0.17556847    0.18205873    0.00000000    0.06282373    0.06487627    0.06504603    0.09921626    0.09474096    0.35552540    0.36896738    0.34198378    0.31365447    0.30969198    0.31259207    0.30241993    0.31351930    0.31602931    0.31602931
T20            0.34123528    0.20950365    0.20642870    0.21807644    0.21492857    0.22619368    0.19624586    0.20013906    0.06282373    0.00000000    0.02028099    0.05626641    0.11293829    0.11319670    0.36593867    0.37970230    0.34746332    0.32592333    0.32888309    0.33185495    0.31791344    0.31985699    0.32833294    0.32833294
T2             0.35394817    0.20875895    0.20573605    0.21207919    0.20899771    0.22012452    0.19323684    0.19703921    0.06487627    0.02028099    0.00000000    0.06051072    0.11741626    0.11765184    0.37163698    0.38925524    0.36399734    0.33483899    0.33783532    0.34084404    0.32675522    0.32873600    0.33728443    0.33728443
T0             0.34378173    0.20950365    0.20642870    0.22679884    0.22357551    0.23205970    0.20465049    0.20868749    0.06504603    0.05626641    0.06051072    0.00000000    0.12267163    0.12051443    0.36964336    0.38354961    0.34386527    0.32136253    0.33130454    0.33428833    0.32726899    0.33172013    0.33428833    0.33428833
T3             0.36482083    0.23303415    0.23269951    0.23534252    0.23205970    0.23767269    0.21290480    0.21704472    0.09921626    0.11293829    0.11741626    0.12267163    0.00000000    0.09948063    0.37795548    0.38793939    0.35664233    0.32430974    0.32379594    0.32675522    0.32675522    0.33471665    0.32675522    0.32675522
T13            0.36226123    0.23447032    0.23710924    0.22777934    0.22679884    0.23303415    0.19929489    0.21773398    0.09474096    0.11319670    0.11765184    0.12051443    0.09948063    0.00000000    0.38287639    0.40102407    0.36522100    0.33956237    0.33897430    0.34198378    0.33483899    0.33674596    0.34559484    0.34559484
T10            0.26956051    0.42487856    0.42678487    0.40615019    0.39514445    0.41007290    0.37852168    0.37969571    0.35552540    0.36593867    0.37163698    0.36964336    0.37795548    0.38287639    0.00000000    0.04982380    0.15463867    0.10349342    0.11031806    0.10803556    0.11306368    0.12950668    0.10825564    0.10825564
T19            0.29860654    0.45443330    0.45621509    0.42342319    0.42007685    0.43577351    0.40287256    0.40031309    0.36896738    0.37970230    0.38925524    0.38354961    0.38793939    0.40102407    0.04982380    0.00000000    0.17360276    0.11333733    0.12022047    0.11791842    0.12811788    0.15263513    0.12314230    0.12314230
T8             0.28073840    0.40500941    0.40287256    0.37535544    0.36482083    0.37910177    0.35972792    0.34634761    0.34198378    0.34746332    0.36399734    0.34386527    0.35664233    0.36522100    0.15463867    0.17360276    0.00000000    0.08099157    0.08760647    0.08539436    0.11120805    0.13511106    0.11364132    0.11364132
T1             0.23337856    0.38177042    0.37970230    0.34580887    0.33570635    0.34939400    0.33076634    0.32483558    0.31365447    0.32592333    0.33483899    0.32136253    0.32430974    0.33956237    0.10349342    0.11333733    0.08099157    0.00000000    0.02238891    0.02034025    0.06546710    0.09016666    0.05875530    0.05875530
T22            0.23006631    0.38494456    0.37523686    0.35245322    0.34224928    0.35607734    0.33483899    0.32084872    0.30969198    0.32888309    0.33783532    0.33130454    0.32379594    0.33897430    0.11031806    0.12022047    0.08760647    0.02238891    0.00000000    0.00200303    0.07195102    0.09449897    0.06519387    0.06519387
T16            0.23269951    0.38813246    0.37839187    0.35191439    0.34173593    0.35552540    0.33428833    0.32379594    0.31259207    0.33185495    0.34084404    0.33428833    0.32675522    0.34198378    0.10803556    0.11791842    0.08539436    0.02034025    0.00200303    0.00000000    0.06978284    0.09226876    0.06304088    0.06304088
T5             0.23637307    0.36150249    0.36340537    0.34123528    0.33124364    0.34476969    0.32972664    0.31692142    0.30241993    0.31791344    0.32675522    0.32726899    0.32675522    0.33483899    0.11306368    0.12811788    0.11120805    0.06546710    0.07195102    0.06978284    0.00000000    0.06089470    0.04572416    0.04790289
T17            0.24668337    0.36964336    0.37535544    0.34589352    0.33589911    0.34941545    0.33077959    0.31801767    0.31351930    0.31985699    0.32873600    0.33172013    0.33471665    0.33674596    0.12950668    0.15263513    0.13511106    0.09016666    0.09449897    0.09226876    0.06089470    0.00000000    0.07195102    0.07195102
T6             0.22744284    0.37274205    0.37460291    0.34123528    0.33124364    0.34476969    0.33322398    0.31692142    0.31602931    0.32833294    0.33728443    0.33428833    0.32675522    0.34559484    0.10825564    0.12314230    0.11364132    0.05875530    0.06519387    0.06304088    0.04572416    0.07195102    0.00000000    0.01214641
T14            0.22744284    0.36522100    0.37084245    0.34123528    0.33124364    0.34476969    0.33322398    0.32034686    0.31602931    0.32833294    0.33728443    0.33428833    0.32675522    0.34559484    0.10825564    0.12314230    0.11364132    0.05875530    0.06519387    0.06304088    0.04790289    0.07195102    0.01214641    0.00000000

