24
T23            0.00000000    0.35774109    0.34917571    0.29524518    0.25555487    0.27237160    0.26369678    0.26054147    0.21445146    0.20967424    0.20933041    0.17801501    0.18619073    0.17140727    0.17656766    0.20490652    0.19622071    0.20295469    0.17850336    0.18672393    0.22093615    0.12977476    0.11791001    0.12497685
T8             0.35774109    0.00000000    0.03272611    0.11510257    0.37328566    0.37899820    0.36313061    0.35951945    0.31373676    0.31750382    0.30873712    0.32637841    0.34017597    0.33415291    0.35964571    0.37097582    0.36213699    0.37412334    0.35951945    0.34978408    0.40152269    0.36888265    0.36417770    0.34978408
T16            0.34917571    0.03272611    0.00000000    0.10359592    0.36082377    0.36643160    0.35078001    0.34722027    0.29965012    0.30338769    0.29479621    0.30790137    0.32132829    0.32225489    0.34739617    0.36217058    0.34273980    0.36161394    0.34722027    0.33763819    0.39238483    0.35285262    0.35543875    0.34114794
T7             0.29524518    0.11510257    0.10359592    0.00000000    0.31208244    0.32428529    0.31667231    0.31333818    0.27553464    0.28208357    0.27055967    0.27614097    0.28241189    0.28310205    0.30873712    0.32384059    0.30601806    0.30750110    0.30421086    0.30171107    0.35692907    0.29665994    0.29923607    0.29844234
T11            0.25555487    0.37328566    0.36082377    0.31208244    0.00000000    0.07858849    0.08992797    0.08760224    0.20664717    0.21545707    0.20490652    0.25238407    0.26164551    0.24850817    0.25349720    0.26517059    0.27265546    0.25853926    0.25238407    0.26558040    0.30383561    0.25375491    0.25169295    0.25712308
T21            0.27237160    0.37899820    0.36643160    0.32428529    0.07858849    0.00000000    0.09427955    0.09194840    0.21956794    0.22849453    0.21489524    0.25136275    0.26053912    0.25582251    0.26400375    0.27582072    0.29067379    0.28825860    0.26914377    0.27621772    0.32178558    0.26810886    0.27155902    0.26914377
T22            0.26369678    0.36313061    0.35078001    0.31667231    0.08992797    0.09427955    0.00000000    0.00200401    0.21671850    0.22558706    0.21489524    0.25440286    0.26602786    0.25582251    0.25781044    0.27265546    0.28987557    0.28825860    0.27227924    0.27941334    0.31931063    0.25587353    0.26293125    0.25985371
T20            0.26054147    0.35951945    0.34722027    0.31333818    0.08760224    0.09194840    0.00200401    0.00000000    0.21388521    0.22269641    0.21204578    0.25136275    0.26293125    0.25274495    0.25474234    0.26951013    0.28665941    0.28502159    0.26914377    0.27621772    0.31590837    0.25587353    0.25985371    0.25679501
T14            0.21445146    0.31373676    0.29965012    0.27553464    0.20664717    0.21956794    0.21671850    0.21388521    0.00000000    0.01006762    0.01823215    0.17906233    0.18710636    0.18296741    0.19093700    0.22615826    0.21106789    0.22064337    0.20690848    0.20974180    0.25407370    0.18892305    0.18673611    0.19721472
T1             0.20967424    0.31750382    0.30338769    0.28208357    0.21545707    0.22849453    0.22558706    0.22269641    0.01006762    0.00000000    0.02031398    0.18191348    0.19002278    0.18320463    0.19118794    0.22939146    0.21412344    0.22384364    0.21002043    0.21002043    0.25746157    0.18908348    0.18691671    0.19740646
T12            0.20933041    0.30873712    0.29479621    0.27055967    0.20490652    0.21489524    0.21489524    0.21204578    0.01823215    0.02031398    0.00000000    0.17942525    0.18751270    0.17850336    0.19144776    0.22447478    0.20921247    0.21895558    0.20745887    0.20519663    0.25238407    0.18155409    0.19297797    0.19803720
T0             0.17801501    0.32637841    0.30790137    0.27614097    0.25238407    0.25136275    0.25440286    0.25136275    0.17906233    0.18191348    0.17942525    0.00000000    0.03082296    0.14946787    0.15702887    0.17657946    0.17377068    0.17714225    0.16394734    0.16692123    0.20896184    0.16813952    0.17675826    0.17906233
T6             0.18619073    0.34017597    0.32132829    0.28241189    0.26164551    0.26053912    0.26602786    0.26293125    0.18710636    0.19002278    0.18751270    0.03082296    0.00000000    0.14183336    0.15963334    0.17657946    0.17114572    0.17447525    0.16134966    0.16429625    0.21129816    0.16813952    0.17675826    0.18172931
T19            0.17140727    0.33415291    0.32225489    0.28310205    0.24850817    0.25582251    0.25582251    0.25274495    0.18296741    0.18320463    0.17850336    0.14946787    0.14183336    0.00000000    0.05425605    0.07613320    0.06497877    0.07640176    0.06288675    0.06303938    0.10359592    0.15378016    0.16429625    0.16918357
T17            0.17656766    0.35964571    0.34739617    0.30873712    0.25349720    0.26400375    0.25781044    0.25474234    0.19093700    0.19118794    0.19144776    0.15702887    0.15963334    0.05425605    0.00000000    0.09194840    0.08510159    0.08992797    0.07403240    0.07630525    0.11521964    0.16394734    0.17201334    0.17164015
T10            0.20490652    0.37097582    0.36217058    0.32384059    0.26517059    0.27582072    0.27265546    0.26951013    0.22615826    0.22939146    0.22447478    0.17657946    0.17657946    0.07613320    0.09194840    0.00000000    0.07149465    0.07630525    0.05621238    0.06073735    0.10328506    0.18373523    0.19740646    0.20251249
T13            0.19622071    0.36213699    0.34273980    0.30601806    0.27265546    0.29067379    0.28987557    0.28665941    0.21106789    0.21412344    0.20921247    0.17377068    0.17114572    0.06497877    0.08510159    0.07149465    0.00000000    0.07169058    0.05835591    0.05846176    0.10084887    0.17333488    0.19448958    0.19958433
T3             0.20295469    0.37412334    0.36161394    0.30750110    0.25853926    0.28825860    0.28825860    0.28502159    0.22064337    0.22384364    0.21895558    0.17714225    0.17447525    0.07640176    0.08992797    0.07630525    0.07169058    0.00000000    0.05638711    0.06098183    0.10122608    0.17393365    0.18210655    0.18710636
T2             0.17850336    0.35951945    0.34722027    0.30421086    0.25238407    0.26914377    0.27227924    0.26914377    0.20690848    0.21002043    0.20745887    0.16394734    0.16134966    0.06288675    0.07403240    0.05621238    0.05835591    0.05638711    0.00000000    0.04559536    0.08038854    0.17099846    0.17906233    0.18405483
T18            0.18672393    0.34978408    0.33763819    0.30171107    0.26558040    0.27621772    0.27941334    0.27621772    0.20974180    0.21002043    0.20519663    0.16692123    0.16429625    0.06303938    0.07630525    0.06073735    0.05846176    0.06098183    0.04559536    0.00000000    0.08740587    0.17393365    0.18210655    0.18441061
T15            0.22093615    0.40152269    0.39238483    0.35692907    0.30383561    0.32178558    0.31931063    0.31590837    0.25407370    0.25746157    0.25238407    0.20896184    0.21129816    0.10359592    0.11521964    0.10328506    0.10084887    0.10122608    0.08038854    0.08740587    0.00000000    0.19995481    0.20569506    0.21084714
T4             0.12977476    0.36888265    0.35285262    0.29665994    0.25375491    0.26810886    0.25587353    0.25587353    0.18892305    0.18908348    0.18155409    0.16813952    0.16813952    0.15378016    0.16394734    0.18373523    0.17333488    0.17393365    0.17099846    0.17393365    0.19995481    0.00000000    0.05179120    0.05607442
T9             0.11791001    0.36417770    0.35543875    0.29923607    0.25169295    0.27155902    0.26293125    0.25985371    0.18673611    0.18691671    0.19297797    0.17675826    0.17675826    0.16429625    0.17201334    0.19740646    0.19448958    0.18210655    0.17906233    0.18210655    0.20569506    0.05179120    0.00000000    0.01617874
T5             0.12497685    0.34978408    0.34114794    0.29844234    0.25712308    0.26914377    0.25985371    0.25679501    0.19721472    0.19740646    0.19803720    0.17906233    0.18172931    0.16918357    0.17164015    0.20251249    0.19958433    0.18710636    0.18405483    0.18441061    0.21084714    0.05607442    0.01617874    0.00000000

