24
T15            0.00000000    0.27548320    0.29386075    0.28507131    0.27586759    0.29072805    0.30969647    0.30147206    0.29290984    0.27430722    0.28789411    0.25513170    0.26332385    0.27666891    0.28725752    0.27308718    0.25315073    0.26561641    0.26015322    0.23938775    0.21997215    0.24168383    0.28070658    0.29642977
T1             0.27548320    0.00000000    0.18647020    0.17489950    0.16489921    0.17758098    0.19703969    0.19903014    0.18870430    0.15445318    0.21234219    0.16998803    0.18005695    0.18547812    0.19703969    0.17223234    0.17066543    0.17066543    0.17115962    0.26168412    0.24168383    0.27031753    0.33376565    0.33677448
T19            0.29386075    0.18647020    0.00000000    0.13801887    0.13529182    0.14746657    0.17196435    0.14830379    0.15114471    0.12349606    0.17631486    0.15306479    0.16247187    0.17533669    0.17904025    0.17287960    0.15591687    0.15068024    0.15906201    0.23602051    0.22848448    0.25353056    0.31890723    0.33220377
T6             0.28507131    0.17489950    0.13801887    0.00000000    0.02233047    0.03270627    0.11105849    0.10134504    0.09205177    0.09652637    0.12925543    0.14984866    0.15927851    0.17203391    0.17556830    0.15945948    0.15483005    0.16005294    0.16049044    0.24937209    0.22973962    0.23971804    0.32348747    0.33677448
T22            0.27586759    0.16489921    0.13529182    0.02233047    0.00000000    0.01414117    0.10610749    0.09652637    0.08732412    0.08963379    0.12691864    0.14235062    0.15170615    0.16431523    0.17311258    0.15410969    0.14984866    0.15503094    0.15545747    0.24065583    0.22126619    0.23116851    0.31381236    0.32689009
T5             0.29072805    0.17758098    0.14746657    0.03270627    0.01414117    0.00000000    0.11778033    0.10803372    0.09402049    0.10103056    0.13891653    0.14948195    0.16153308    0.17430917    0.18322364    0.16396871    0.16226716    0.16754520    0.16799110    0.25478357    0.23501664    0.24507964    0.31341646    0.33244522
T13            0.30969647    0.19703969    0.17196435    0.11105849    0.10610749    0.11778033    0.00000000    0.06536966    0.08099198    0.11577079    0.15723530    0.18760313    0.19452121    0.20806800    0.21809758    0.19201167    0.18512200    0.19352763    0.18854439    0.26603527    0.25828756    0.26520802    0.36150440    0.36833668
T21            0.30147206    0.19903014    0.14830379    0.10134504    0.09652637    0.10803372    0.06536966    0.00000000    0.07403531    0.10837649    0.15445318    0.17580855    0.18276018    0.19599695    0.20551650    0.18298749    0.17605741    0.18425609    0.18482469    0.25315073    0.23337993    0.23501664    0.34884979    0.35551960
T17            0.29290984    0.18870430    0.15114471    0.09205177    0.08732412    0.09402049    0.08099198    0.07403531    0.00000000    0.10397880    0.13212264    0.16579655    0.17803265    0.18845315    0.19791657    0.17556830    0.16604192    0.17413005    0.16925372    0.26603527    0.24893840    0.25585899    0.34939031    0.35607331
T7             0.27430722    0.15445318    0.12349606    0.09652637    0.08963379    0.10103056    0.11577079    0.10837649    0.10397880    0.00000000    0.10159188    0.15004433    0.15723530    0.16733502    0.17631486    0.15004433    0.14549793    0.15068024    0.15114471    0.24814593    0.22551626    0.24435321    0.31551611    0.32185451
T23            0.28789411    0.21234219    0.17631486    0.12925543    0.12691864    0.13891653    0.15723530    0.15445318    0.13212264    0.10159188    0.00000000    0.19929410    0.19852968    0.20083665    0.21033269    0.19372178    0.17533669    0.18346860    0.18398485    0.29007815    0.27562357    0.28917121    0.35806304    0.37219514
T4             0.25513170    0.16998803    0.15306479    0.14984866    0.14235062    0.14948195    0.18760313    0.17580855    0.16579655    0.15004433    0.19929410    0.00000000    0.05831666    0.06704475    0.06952027    0.06922139    0.11319636    0.11078061    0.11348599    0.24471504    0.23409982    0.24703261    0.30590079    0.31551611
T12            0.26332385    0.18005695    0.16247187    0.15927851    0.15170615    0.16153308    0.19452121    0.18276018    0.17803265    0.15723530    0.19852968    0.05831666    0.00000000    0.07136868    0.07621908    0.07356176    0.11522886    0.12008383    0.12282055    0.24739364    0.23673891    0.24972210    0.30138987    0.31422031
T11            0.27666891    0.18547812    0.17533669    0.17203391    0.16431523    0.17430917    0.20806800    0.19599695    0.18845315    0.16733502    0.20083665    0.06704475    0.07136868    0.00000000    0.04334381    0.07803629    0.11983549    0.11983549    0.12252913    0.26520802    0.25432080    0.25585899    0.32825165    0.34277195
T3             0.28725752    0.19703969    0.17904025    0.17556830    0.17311258    0.18322364    0.21809758    0.20551650    0.19791657    0.17631486    0.21033269    0.06952027    0.07621908    0.04334381    0.00000000    0.08052956    0.13277254    0.13026590    0.13314476    0.27331694    0.26235453    0.27331694    0.33270667    0.34277195
T14            0.27308718    0.17223234    0.17287960    0.15945948    0.15410969    0.16396871    0.19201167    0.18298749    0.17556830    0.15004433    0.19372178    0.06922139    0.07356176    0.07803629    0.08052956    0.00000000    0.11995577    0.12239509    0.12513434    0.25623811    0.24546870    0.25549018    0.32528050    0.33519897
T18            0.25315073    0.17066543    0.15591687    0.15483005    0.14984866    0.16226716    0.18512200    0.17605741    0.16604192    0.14549793    0.17533669    0.11319636    0.11522886    0.11983549    0.13277254    0.11995577    0.00000000    0.02857274    0.02862808    0.24586049    0.23525240    0.24814593    0.31643972    0.32972395
T9             0.26561641    0.17066543    0.15068024    0.16005294    0.15503094    0.16754520    0.19352763    0.18425609    0.17413005    0.15068024    0.18346860    0.11078061    0.12008383    0.11983549    0.13026590    0.12239509    0.02857274    0.00000000    0.01620796    0.25203539    0.24135198    0.25432080    0.31643972    0.32972395
T16            0.26015322    0.17115962    0.15906201    0.16049044    0.15545747    0.16799110    0.18854439    0.18482469    0.16925372    0.15114471    0.18398485    0.11348599    0.12282055    0.12252913    0.13314476    0.12513434    0.02862808    0.01620796    0.00000000    0.24667389    0.23606905    0.24280142    0.31060541    0.32379508
T2             0.23938775    0.26168412    0.23602051    0.24937209    0.24065583    0.25478357    0.26603527    0.25315073    0.26603527    0.24814593    0.29007815    0.24471504    0.24739364    0.26520802    0.27331694    0.25623811    0.24586049    0.25203539    0.24667389    0.00000000    0.03284765    0.06067161    0.24133118    0.24703261
T20            0.21997215    0.24168383    0.22848448    0.22973962    0.22126619    0.23501664    0.25828756    0.23337993    0.24893840    0.22551626    0.27562357    0.23409982    0.23673891    0.25432080    0.26235453    0.24546870    0.23525240    0.24135198    0.23606905    0.03284765    0.00000000    0.04343635    0.22189685    0.22744348
T10            0.24168383    0.27031753    0.25353056    0.23971804    0.23116851    0.24507964    0.26520802    0.23501664    0.25585899    0.24435321    0.28917121    0.24703261    0.24972210    0.25585899    0.27331694    0.25549018    0.24814593    0.25432080    0.24280142    0.06067161    0.04343635    0.00000000    0.24065583    0.24400142
T0             0.28070658    0.33376565    0.31890723    0.32348747    0.31381236    0.31341646    0.36150440    0.34884979    0.34939031    0.31551611    0.35806304    0.30590079    0.30138987    0.32825165    0.33270667    0.32528050    0.31643972    0.31643972    0.31060541    0.24133118    0.22189685    0.24065583    0.00000000    0.03919119
T8             0.29642977    0.33677448    0.33220377    0.33677448    0.32689009    0.33244522    0.36833668    0.35551960    0.35607331    0.32185451    0.37219514    0.31551611    0.31422031    0.34277195    0.34277195    0.33519897    0.32972395    0.32972395    0.32379508    0.24703261    0.22744348    0.24400142    0.03919119    0.00000000

