24
T18            0.00000000    0.31156744    0.30193227    0.28107525    0.27790010    0.28145707    0.29574385    0.33870220    0.28872760    0.28506596    0.28266870    0.22417828    0.23074292    0.25380067    0.26023398    0.24365569    0.25241731    0.19120588    0.21548123    0.19902770    0.18571070    0.18571070    0.16268269    0.14056763
T19            0.31156744    0.00000000    0.01008404    0.12471416    0.11500453    0.11730804    0.12498579    0.17184424    0.13446768    0.13932764    0.12964063    0.31890180    0.32778509    0.34376689    0.34780190    0.34122156    0.33820081    0.27232420    0.28351997    0.27160967    0.39567815    0.37022205    0.37837814    0.35840402
T5             0.30193227    0.01008404    0.00000000    0.11270878    0.10793521    0.11021954    0.11777978    0.16413784    0.12717133    0.13197994    0.12239490    0.30589660    0.31447875    0.33031388    0.33422695    0.32778157    0.32480946    0.25716601    0.26816263    0.25652579    0.38857536    0.37082884    0.36770277    0.34802932
T0             0.28107525    0.12471416    0.11270878    0.00000000    0.05182293    0.05395962    0.09178141    0.14129116    0.10556542    0.11021954    0.10094129    0.28918456    0.29398149    0.30645425    0.31010527    0.31048903    0.30681521    0.25684064    0.26784220    0.25622150    0.35805677    0.34376689    0.35497211    0.33673475
T1             0.27790010    0.11500453    0.10793521    0.05182293    0.00000000    0.02650511    0.08033882    0.12894409    0.09157789    0.09163829    0.08705093    0.28281399    0.28748671    0.30319636    0.30681521    0.30718810    0.30354665    0.24777564    0.26170625    0.25019649    0.35805677    0.33677229    0.34425500    0.32872396
T23            0.28145707    0.11730804    0.11021954    0.05395962    0.02650511    0.00000000    0.08255222    0.12175797    0.09163829    0.09619704    0.08710823    0.28316137    0.28788917    0.30681521    0.31048903    0.30757290    0.30390882    0.24807351    0.25895854    0.25048256    0.35859617    0.33376288    0.33422695    0.32575264
T3             0.29574385    0.12498579    0.11777978    0.09178141    0.08033882    0.08255222    0.00000000    0.12717133    0.09205145    0.09662726    0.08750469    0.30056178    0.30241197    0.31463760    0.31844751    0.30217459    0.29850756    0.24600740    0.25684064    0.25140332    0.36770277    0.33519264    0.36088536    0.34861937
T14            0.33870220    0.17184424    0.16413784    0.14129116    0.12894409    0.12175797    0.12717133    0.00000000    0.07363813    0.07808141    0.06922205    0.34475593    0.35049828    0.36686460    0.37106771    0.36169401    0.35753058    0.30879845    0.32732887    0.31463760    0.42748637    0.38545861    0.40020834    0.39113371
T12            0.28872760    0.13446768    0.12717133    0.10556542    0.09157789    0.09163829    0.09205145    0.07363813    0.00000000    0.01619038    0.00805150    0.30012788    0.30528868    0.31421874    0.31800527    0.32527494    0.32139578    0.25784823    0.27510670    0.26642700    0.37837814    0.34884190    0.34938119    0.33373926
T11            0.28506596    0.13932764    0.13197994    0.11021954    0.09163829    0.09619704    0.09662726    0.07808141    0.01619038    0.00000000    0.00804443    0.30632936    0.31156744    0.32052470    0.32435620    0.31800527    0.32778157    0.26367579    0.28107525    0.27232420    0.38154625    0.35190053    0.35606394    0.33673475
T22            0.28266870    0.12964063    0.12239490    0.10094129    0.08705093    0.08710823    0.08750469    0.06922205    0.00805150    0.00804443    0.00000000    0.29398149    0.29906679    0.30796957    0.31171208    0.31890180    0.31506845    0.25206900    0.26918888    0.26057930    0.37144908    0.34223657    0.34633534    0.32725877
T6             0.22417828    0.31890180    0.30589660    0.28918456    0.28281399    0.28316137    0.30056178    0.34475593    0.30012788    0.30632936    0.29398149    0.00000000    0.03066927    0.14437857    0.14234915    0.12745510    0.12484604    0.10186678    0.12811674    0.10637591    0.27885030    0.27794286    0.28872760    0.25857223
T16            0.23074292    0.32778509    0.31447875    0.29398149    0.28748671    0.28788917    0.30241197    0.35049828    0.30528868    0.31156744    0.29906679    0.03066927    0.00000000    0.14509058    0.14056763    0.12811674    0.12051320    0.10250641    0.12638335    0.10700332    0.28638102    0.28538765    0.29384979    0.26964051
T15            0.25380067    0.34376689    0.33031388    0.30645425    0.30319636    0.30681521    0.31463760    0.36686460    0.31421874    0.32052470    0.30796957    0.14437857    0.14509058    0.00000000    0.02238887    0.16733359    0.17469330    0.14471831    0.16733359    0.14948107    0.31841834    0.31984643    0.33921615    0.29683778
T2             0.26023398    0.34780190    0.33422695    0.31010527    0.30681521    0.31048903    0.31844751    0.37106771    0.31800527    0.32435620    0.31171208    0.14234915    0.14056763    0.02238887    0.00000000    0.16532847    0.17265331    0.14272451    0.17066240    0.14746472    0.32241738    0.31691133    0.33620826    0.30056178
T8             0.24365569    0.34122156    0.32778157    0.31048903    0.30718810    0.30757290    0.30217459    0.36169401    0.32527494    0.31800527    0.31890180    0.12745510    0.12811674    0.16733359    0.16532847    0.00000000    0.01824801    0.12036223    0.14471831    0.12498579    0.30480917    0.30722986    0.31350925    0.30528868
T7             0.25241731    0.33820081    0.32480946    0.30681521    0.30354665    0.30390882    0.29850756    0.35753058    0.32139578    0.32778157    0.31506845    0.12484604    0.12051320    0.17469330    0.17265331    0.01824801    0.00000000    0.12267012    0.14709559    0.12730927    0.30769757    0.31013017    0.30967451    0.30146400
T20            0.19120588    0.27232420    0.25716601    0.25684064    0.24777564    0.24807351    0.24600740    0.30879845    0.25784823    0.26367579    0.25206900    0.10186678    0.10250641    0.14471831    0.14272451    0.12036223    0.12267012    0.00000000    0.04343617    0.02653153    0.24585223    0.24813863    0.25933782    0.22743836
T17            0.21548123    0.28351997    0.26816263    0.26784220    0.26170625    0.25895854    0.25684064    0.32732887    0.27510670    0.28107525    0.26918888    0.12811674    0.12638335    0.16733359    0.17066240    0.14471831    0.14709559    0.04343617    0.00000000    0.03710295    0.26920186    0.26206564    0.29290068    0.25933782
T4             0.19902770    0.27160967    0.25652579    0.25622150    0.25019649    0.25048256    0.25140332    0.31463760    0.26642700    0.27232420    0.26057930    0.10637591    0.10700332    0.14948107    0.14746472    0.12498579    0.12730927    0.02653153    0.03710295    0.00000000    0.25121608    0.25352383    0.26794910    0.23567109
T9             0.18571070    0.39567815    0.38857536    0.35805677    0.35805677    0.35859617    0.36770277    0.42748637    0.37837814    0.38154625    0.37144908    0.27885030    0.28638102    0.31841834    0.32241738    0.30480917    0.30769757    0.24585223    0.26920186    0.25121608    0.00000000    0.08539376    0.25857223    0.24775817
T21            0.18571070    0.37022205    0.37082884    0.34376689    0.33677229    0.33376288    0.33519264    0.38545861    0.34884190    0.35190053    0.34223657    0.27794286    0.28538765    0.31984643    0.31691133    0.30722986    0.31013017    0.24813863    0.26206564    0.25352383    0.08539376    0.00000000    0.25857223    0.24470889
T13            0.16268269    0.37837814    0.36770277    0.35497211    0.34425500    0.33422695    0.36088536    0.40020834    0.34938119    0.35606394    0.34633534    0.28872760    0.29384979    0.33921615    0.33620826    0.31350925    0.30967451    0.25933782    0.29290068    0.26794910    0.25857223    0.25857223    0.00000000    0.10397767
T10            0.14056763    0.35840402    0.34802932    0.33673475    0.32872396    0.32575264    0.34861937    0.39113371    0.33373926    0.33673475    0.32725877    0.25857223    0.26964051    0.29683778    0.30056178    0.30528868    0.30146400    0.22743836    0.25933782    0.23567109    0.24775817    0.24470889    0.10397767    0.00000000

