24
T22            0.00000000    0.38270145    0.38753220    0.33821741    0.32779429    0.34123731    0.36323875    0.38170318    0.33821741    0.32096446    0.32733947    0.32945240    0.32227519    0.33678227    0.33980336    0.33980336    0.34074661    0.30724794    0.30757873    0.23007301    0.24740151    0.16799474    0.17413530    0.18731271
T3             0.38270145    0.00000000    0.04559657    0.29643725    0.28994044    0.30259608    0.32189372    0.33203444    0.29168138    0.29489832    0.30757873    0.32646690    0.30681706    0.32011360    0.32307525    0.32988174    0.31716413    0.27685466    0.28215303    0.31089168    0.32096446    0.43017303    0.44929339    0.45360782
T11            0.38753220    0.04559657    0.00000000    0.30724794    0.30724794    0.32035785    0.34074661    0.35139180    0.29890374    0.29890374    0.31508046    0.32392461    0.31089168    0.32436770    0.32733947    0.33424005    0.32140814    0.27440025    0.28281758    0.32529058    0.32186397    0.42752265    0.45535164    0.45974196
T6             0.33821741    0.29643725    0.30724794    0.00000000    0.05407786    0.06061094    0.14845913    0.15607499    0.11765131    0.10586847    0.11535383    0.12717236    0.11490318    0.12239596    0.12471490    0.12964196    0.12717236    0.13477524    0.14438051    0.26094618    0.28549579    0.36899097    0.38252463    0.38888764
T19            0.32779429    0.28994044    0.30724794    0.05407786    0.00000000    0.01824805    0.13129227    0.13868279    0.10586847    0.09662822    0.10598480    0.11042109    0.09852151    0.10814099    0.11042109    0.11522959    0.11281955    0.12022091    0.12964196    0.24634695    0.27032577    0.35052581    0.36214332    0.36835569
T21            0.34123731    0.30259608    0.32035785    0.06061094    0.01824805    0.00000000    0.13857824    0.14606101    0.11293796    0.10360347    0.11306401    0.11752891    0.10547877    0.11522959    0.11752891    0.12239596    0.11995651    0.12993924    0.13948257    0.25821663    0.28268486    0.36462167    0.36899097    0.37525809
T7             0.36323875    0.32189372    0.34074661    0.14845913    0.13129227    0.13857824    0.00000000    0.01214650    0.14393020    0.13171910    0.14155267    0.14645597    0.13631378    0.14858039    0.15098487    0.15607499    0.15352345    0.15652259    0.16903199    0.26723337    0.29168138    0.39250566    0.41676333    0.43164139
T23            0.38170318    0.33203444    0.35139180    0.15607499    0.13868279    0.14606101    0.01214650    0.00000000    0.14899458    0.13918333    0.14914934    0.15411083    0.14379659    0.15621568    0.15863964    0.16380879    0.16121753    0.16431679    0.17964516    0.28281758    0.30467536    0.40808275    0.43735997    0.45276045
T0             0.33821741    0.29168138    0.29890374    0.11765131    0.10586847    0.11293796    0.14393020    0.14899458    0.00000000    0.04120243    0.04770691    0.10372161    0.09419008    0.10123344    0.10349280    0.11065396    0.10825548    0.13044419    0.13999200    0.26562641    0.29056110    0.35905677    0.38643408    0.39282790
T10            0.32096446    0.29489832    0.29890374    0.10586847    0.09662822    0.10360347    0.13171910    0.13918333    0.04120243    0.00000000    0.01414116    0.09898151    0.08954909    0.09652685    0.09877512    0.09643288    0.10349280    0.12331806    0.13529431    0.25009000    0.27113105    0.35536411    0.37864555    0.38497822
T13            0.32733947    0.30757873    0.31508046    0.11535383    0.10598480    0.11306401    0.14155267    0.14914934    0.04770691    0.01414116    0.00000000    0.10384720    0.09428597    0.10134593    0.10360347    0.09652685    0.10360347    0.13567986    0.14529422    0.26208106    0.28680980    0.35843698    0.38180509    0.38816508
T14            0.32945240    0.32646690    0.32392461    0.12717236    0.11042109    0.11752891    0.14645597    0.15411083    0.10372161    0.09898151    0.10384720    0.00000000    0.02647126    0.05621497    0.05835889    0.06498203    0.06055686    0.13009971    0.13999200    0.25785838    0.28874421    0.35052581    0.36462167    0.37085906
T9             0.32227519    0.30681706    0.31089168    0.11490318    0.09852151    0.10547877    0.13631378    0.14379659    0.09419008    0.08954909    0.09428597    0.02647126    0.00000000    0.04966246    0.05179429    0.05613297    0.05179429    0.12282220    0.12513589    0.24601570    0.27627134    0.34635914    0.35301672    0.35917171
T8             0.33678227    0.32011360    0.32436770    0.12239596    0.10814099    0.11522959    0.14858039    0.15621568    0.10123344    0.09652685    0.10134593    0.05621497    0.04966246    0.00000000    0.00200302    0.02855465    0.02855465    0.12745735    0.14235280    0.26368619    0.29485717    0.35110579    0.36152279    0.37525809
T15            0.33980336    0.32307525    0.32733947    0.12471490    0.11042109    0.11752891    0.15098487    0.15863964    0.10349280    0.09877512    0.10360347    0.05835889    0.05179429    0.00200302    0.00000000    0.03063077    0.03063077    0.12978665    0.14472165    0.26643676    0.29771169    0.35052581    0.36462167    0.37841185
T1             0.33980336    0.32988174    0.33424005    0.12964196    0.11522959    0.12239596    0.15607499    0.16380879    0.11065396    0.09643288    0.09652685    0.06498203    0.05613297    0.02855465    0.03063077    0.00000000    0.02233547    0.13728834    0.14727979    0.27032577    0.30195341    0.36401362    0.36712507    0.38094073
T2             0.34074661    0.31716413    0.32140814    0.12717236    0.11281955    0.11995651    0.15352345    0.16121753    0.10825548    0.10349280    0.10360347    0.06055686    0.05179429    0.02855465    0.03063077    0.02233547    0.00000000    0.13477524    0.14472165    0.26717963    0.29861821    0.35783016    0.35358422    0.36712507
T4             0.30724794    0.27685466    0.27440025    0.13477524    0.12022091    0.12993924    0.15652259    0.16431679    0.13044419    0.12331806    0.13567986    0.13009971    0.12282220    0.12745735    0.12978665    0.13728834    0.13477524    0.00000000    0.06073967    0.23374313    0.25123337    0.32356180    0.34207277    0.34444436
T17            0.30757873    0.28215303    0.28281758    0.14438051    0.12964196    0.13948257    0.16903199    0.17964516    0.13999200    0.13529431    0.14529422    0.13999200    0.12513589    0.14235280    0.14472165    0.14727979    0.14472165    0.06073967    0.00000000    0.23502231    0.25549748    0.33729955    0.34502626    0.35110579
T20            0.23007301    0.31089168    0.32529058    0.26094618    0.24634695    0.25821663    0.26723337    0.28281758    0.26562641    0.25009000    0.26208106    0.25785838    0.24601570    0.26368619    0.26643676    0.27032577    0.26717963    0.23374313    0.23502231    0.00000000    0.03073354    0.23041005    0.26145548    0.27656800
T16            0.24740151    0.32096446    0.32186397    0.28549579    0.27032577    0.28268486    0.29168138    0.30467536    0.29056110    0.27113105    0.28680980    0.28874421    0.27627134    0.29485717    0.29771169    0.30195341    0.29861821    0.25123337    0.25549748    0.03073354    0.00000000    0.24169146    0.27333000    0.28871559
T18            0.16799474    0.43017303    0.42752265    0.36899097    0.35052581    0.36462167    0.39250566    0.40808275    0.35905677    0.35536411    0.35843698    0.35052581    0.34635914    0.35110579    0.35052581    0.36401362    0.35783016    0.32356180    0.33729955    0.23041005    0.24169146    0.00000000    0.10146586    0.11806478
T5             0.17413530    0.44929339    0.45535164    0.38252463    0.36214332    0.36899097    0.41676333    0.43735997    0.38643408    0.37864555    0.38180509    0.36462167    0.35301672    0.36152279    0.36462167    0.36712507    0.35358422    0.34207277    0.34502626    0.26145548    0.27333000    0.10146586    0.00000000    0.02241946
T12            0.18731271    0.45360782    0.45974196    0.38888764    0.36835569    0.37525809    0.43164139    0.45276045    0.39282790    0.38497822    0.38816508    0.37085906    0.35917171    0.37525809    0.37841185    0.38094073    0.36712507    0.34444436    0.35110579    0.27656800    0.28871559    0.11806478    0.02241946    0.00000000

