24
T10            0.00000000    0.33077284    0.33771808    0.30139710    0.29134457    0.25264945    0.28531728    0.28531728    0.30974463    0.26447285    0.27094541    0.26201440    0.26784921    0.29777603    0.28248635    0.28565115    0.31507387    0.28389452    0.29317303    0.31214834    0.33123629    0.18276033    0.15743308    0.16798805
T6             0.33077284    0.00000000    0.01415452    0.13904831    0.13643254    0.19531420    0.28216246    0.29168728    0.30719733    0.25958022    0.27161468    0.24451784    0.24425036    0.28000316    0.26508211    0.27439983    0.31013234    0.24210745    0.24838550    0.25867401    0.32689685    0.34780789    0.32033776    0.33321424
T5             0.33771808    0.01415452    0.00000000    0.14184809    0.13918462    0.20411749    0.29240724    0.30218035    0.31801138    0.26955530    0.28185239    0.25412084    0.25380553    0.29032601    0.27511058    0.27827539    0.32725900    0.25173379    0.25820656    0.26849917    0.34780789    0.34172724    0.32033776    0.32624477
T0             0.30139710    0.13904831    0.14184809    0.00000000    0.03274797    0.16920818    0.24669663    0.25565265    0.28919153    0.23037599    0.24182812    0.21089228    0.20789861    0.23620730    0.22222483    0.23089607    0.29684131    0.23037599    0.23647940    0.24374659    0.32267698    0.31171785    0.29440718    0.29357305
T14            0.29134457    0.13643254    0.13918462    0.03274797    0.00000000    0.15380364    0.24105191    0.24992842    0.27685826    0.21348554    0.22461191    0.19218010    0.18929402    0.22773230    0.21392701    0.22247470    0.28107942    0.21348554    0.21936752    0.22989605    0.30646566    0.30880355    0.28830463    0.28749029
T18            0.25264945    0.19531420    0.20411749    0.16920818    0.15380364    0.00000000    0.19150296    0.20237343    0.22153431    0.17103513    0.18142653    0.16094291    0.16597119    0.18099074    0.16818188    0.17599482    0.21700332    0.16903515    0.17678693    0.19725796    0.26447285    0.27196567    0.24870327    0.24936964
T3             0.28531728    0.28216246    0.29240724    0.24669663    0.24105191    0.19150296    0.00000000    0.00806470    0.05835963    0.15927996    0.17489982    0.15445355    0.15686254    0.17203556    0.15927996    0.16713386    0.21290110    0.16977949    0.17533512    0.18213481    0.24210745    0.31507387    0.28146037    0.29684131
T22            0.28531728    0.29168728    0.30218035    0.25565265    0.24992842    0.20237343    0.00806470    0.00000000    0.05399274    0.15927996    0.17489982    0.15445355    0.15686254    0.17469526    0.16188424    0.16977949    0.21290110    0.16977949    0.17533512    0.18213481    0.24210745    0.32185427    0.28789187    0.30344266
T1             0.30974463    0.30719733    0.31801138    0.28919153    0.27685826    0.22153431    0.05835963    0.05399274    0.00000000    0.18276033    0.19902876    0.17556582    0.17803068    0.19877505    0.18547786    0.19372024    0.23636739    0.19372024    0.19397667    0.20642634    0.25412084    0.34276536    0.30677631    0.32279614
T2             0.26447285    0.25958022    0.26955530    0.23037599    0.21348554    0.17103513    0.15927996    0.15927996    0.18276033    0.00000000    0.01212486    0.09029368    0.09487181    0.12528878    0.12281956    0.13026412    0.17042850    0.12471546    0.12978549    0.14899643    0.20595575    0.31398895    0.27707824    0.29906587
T23            0.27094541    0.27161468    0.28185239    0.24182812    0.22461191    0.18142653    0.17489982    0.17489982    0.19902876    0.01212486    0.00000000    0.10441892    0.10909550    0.14017299    0.13763481    0.14528833    0.17287751    0.13446898    0.13964245    0.15910835    0.21466158    0.32033776    0.28309451    0.30528790
T21            0.26201440    0.24451784    0.25412084    0.21089228    0.19218010    0.16094291    0.15445355    0.15445355    0.17556582    0.09029368    0.10441892    0.00000000    0.00805150    0.12036247    0.10850511    0.11576938    0.17310960    0.11765113    0.12267057    0.14169728    0.20642634    0.28506810    0.25585369    0.27070820
T15            0.26784921    0.24425036    0.25380553    0.20789861    0.18929402    0.16597119    0.15686254    0.15686254    0.17803068    0.09487181    0.10909550    0.00805150    0.00000000    0.12513371    0.11319572    0.12051316    0.17826866    0.12239596    0.12745567    0.14660538    0.21182050    0.29113891    0.26167888    0.27666301
T20            0.29777603    0.28000316    0.29032601    0.23620730    0.22773230    0.18099074    0.17203556    0.17469526    0.19877505    0.12528878    0.14017299    0.12036247    0.12513371    0.00000000    0.01415452    0.01826979    0.19071788    0.15686254    0.16226654    0.18233439    0.24538229    0.32921649    0.28830463    0.30723144
T13            0.28248635    0.26508211    0.27511058    0.22222483    0.21392701    0.16818188    0.15927996    0.16188424    0.18547786    0.12281956    0.13763481    0.10850511    0.11319572    0.01415452    0.00000000    0.00603630    0.17758092    0.14948211    0.15482880    0.17469526    0.23705389    0.31304497    0.27625859    0.28506810
T17            0.28565115    0.27439983    0.27827539    0.23089607    0.22247470    0.17599482    0.16713386    0.16977949    0.19372024    0.13026412    0.14528833    0.11576938    0.12051316    0.01826979    0.00603630    0.00000000    0.18571158    0.15723452    0.16268271    0.18276033    0.24600995    0.30967764    0.27945376    0.28830463
T16            0.31507387    0.31013234    0.32725900    0.29684131    0.28107942    0.21700332    0.21290110    0.21290110    0.23636739    0.17042850    0.17287751    0.17310960    0.17826866    0.19071788    0.17758092    0.18571158    0.00000000    0.09449826    0.10172482    0.12239596    0.17184682    0.36148930    0.32647280    0.34679648
T7             0.28389452    0.24210745    0.25173379    0.23037599    0.21348554    0.16903515    0.16977949    0.16977949    0.19372024    0.12471546    0.13446898    0.11765113    0.12239596    0.15686254    0.14948211    0.15723452    0.09449826    0.00000000    0.02238886    0.04969352    0.10565982    0.29814189    0.26835534    0.28678814
T9             0.29317303    0.24838550    0.25820656    0.23647940    0.21936752    0.17678693    0.17533512    0.17533512    0.19397667    0.12978549    0.13964245    0.12267057    0.12745567    0.16226654    0.15482880    0.16268271    0.10172482    0.02238886    0.00000000    0.05626627    0.11535314    0.31447865    0.28073039    0.29954488
T4             0.31214834    0.25867401    0.26849917    0.24374659    0.22989605    0.19725796    0.18213481    0.18213481    0.20642634    0.14899643    0.15910835    0.14169728    0.14660538    0.18233439    0.17469526    0.18276033    0.12239596    0.04969352    0.05626627    0.00000000    0.08298679    0.32378640    0.29621121    0.30866662
T11            0.33123629    0.32689685    0.34780789    0.32267698    0.30646566    0.26447285    0.24210745    0.24210745    0.25412084    0.20595575    0.21466158    0.20642634    0.21182050    0.24538229    0.23705389    0.24600995    0.17184682    0.10565982    0.11535314    0.08298679    0.00000000    0.36650612    0.33727362    0.36148930
T8             0.18276033    0.34780789    0.34172724    0.31171785    0.30880355    0.27196567    0.31507387    0.32185427    0.34276536    0.31398895    0.32033776    0.28506810    0.29113891    0.32921649    0.31304497    0.30967764    0.36148930    0.29814189    0.31447865    0.32378640    0.36650612    0.00000000    0.07606260    0.08078529
T19            0.15743308    0.32033776    0.32033776    0.29440718    0.28830463    0.24870327    0.28146037    0.28789187    0.30677631    0.27707824    0.28309451    0.25585369    0.26167888    0.28830463    0.27625859    0.27945376    0.32647280    0.26835534    0.28073039    0.29621121    0.33727362    0.07606260    0.00000000    0.04765441
T12            0.16798805    0.33321424    0.32624477    0.29357305    0.28749029    0.24936964    0.29684131    0.30344266    0.32279614    0.29906587    0.30528790    0.27070820    0.27666301    0.30723144    0.28506810    0.28830463    0.34679648    0.28678814    0.29954488    0.30866662    0.36148930    0.08078529    0.04765441    0.00000000

