24
T17            0.00000000    0.16449841    0.18482529    0.18462727    0.16938578    0.17716173    0.17489565    0.17736480    0.20642025    0.21003803    0.19452649    0.18694656    0.31397581    0.29573203    0.29905442    0.33182923    0.15502595    0.14489795    0.15523440    0.17065849    0.17334672    0.12331125    0.11608350    0.13333680
T22            0.16449841    0.00000000    0.08281251    0.08273661    0.06276441    0.07162171    0.08760493    0.08750399    0.16798464    0.15807583    0.19707173    0.18946398    0.32623018    0.30432984    0.30099638    0.32428585    0.14618540    0.14129078    0.15170436    0.15139226    0.15394985    0.18844687    0.18321751    0.19397190
T14            0.18482529    0.08281251    0.00000000    0.00401107    0.04338653    0.04334373    0.11306118    0.11053198    0.19675748    0.18371450    0.20476429    0.19707173    0.30466188    0.29316059    0.28992423    0.33920292    0.17944880    0.16380862    0.17469095    0.16641283    0.16903068    0.21465501    0.20923722    0.22910722
T15            0.18462727    0.08273661    0.00401107    0.00000000    0.04334373    0.04330756    0.11293586    0.11042009    0.19649319    0.18346161    0.20460038    0.19690154    0.31087778    0.29928668    0.29601859    0.33868983    0.17926520    0.16365777    0.17449501    0.16625522    0.16886623    0.21440037    0.20898911    0.22881091
T13            0.16938578    0.06276441    0.04338653    0.04334373    0.00000000    0.03280770    0.09909316    0.09662650    0.16754027    0.15502595    0.19435428    0.18676851    0.30342991    0.28547065    0.28224473    0.34440182    0.15894137    0.14379708    0.15427510    0.14884769    0.15139226    0.20131062    0.18774976    0.20692877
T7             0.17716173    0.07162171    0.04334373    0.04330756    0.03280770    0.00000000    0.10610555    0.10360140    0.18346161    0.17065849    0.20512105    0.19744034    0.31213433    0.29397245    0.29071500    0.34383833    0.16137070    0.14367281    0.15668563    0.15636401    0.15894137    0.20386077    0.20411180    0.21806659
T3             0.17489565    0.08760493    0.11306118    0.11293586    0.09909316    0.10610555    0.00000000    0.05206358    0.16290026    0.15830767    0.19181641    0.18158449    0.30966429    0.29155085    0.28829340    0.30011852    0.15139226    0.13395415    0.14675774    0.14899306    0.15154412    0.19599187    0.19902355    0.21003803
T8             0.17736480    0.08750399    0.11053198    0.11042009    0.09662650    0.10360140    0.05206358    0.00000000    0.17334672    0.16071441    0.19435428    0.18408749    0.32278176    0.30432984    0.30099638    0.32327106    0.15124880    0.13631555    0.13682003    0.14631601    0.14884769    0.19623797    0.20437213    0.22125673
T10            0.20642025    0.16798464    0.19675748    0.19649319    0.16754027    0.18346161    0.16290026    0.17334672    0.00000000    0.09673464    0.24424066    0.23913993    0.37395063    0.35048212    0.35411865    0.37457052    0.21491922    0.19828957    0.19599187    0.22095684    0.22386389    0.24331878    0.24434020    0.27110450
T21            0.21003803    0.15807583    0.18371450    0.18346161    0.15502595    0.17065849    0.15830767    0.16071441    0.09673464    0.00000000    0.25108109    0.24001333    0.36830330    0.35225107    0.34860125    0.37270901    0.20437213    0.19071295    0.19675748    0.20747464    0.21032372    0.24131896    0.23865825    0.25972648
T23            0.19452649    0.19707173    0.20476429    0.20460038    0.19435428    0.20512105    0.19181641    0.19435428    0.24424066    0.25108109    0.00000000    0.01210036    0.25379595    0.22534918    0.22246726    0.28751465    0.18085714    0.17053991    0.18126615    0.19980402    0.20255133    0.24507486    0.23062285    0.25411149
T4             0.18694656    0.18946398    0.19707173    0.19690154    0.18676851    0.19744034    0.18158449    0.18408749    0.23913993    0.24001333    0.01210036    0.00000000    0.24869458    0.22038586    0.21751223    0.27901448    0.17076693    0.16058414    0.17379940    0.18946398    0.19217406    0.23704589    0.22272713    0.24600158
T19            0.31397581    0.32623018    0.30466188    0.31087778    0.30342991    0.31213433    0.30966429    0.32278176    0.37395063    0.36830330    0.25379595    0.24869458    0.00000000    0.05875450    0.05213184    0.40680327    0.29316059    0.28788043    0.30768568    0.31446569    0.31789049    0.35838544    0.34440182    0.36208933
T0             0.29573203    0.30432984    0.29316059    0.29928668    0.28547065    0.29397245    0.29155085    0.30432984    0.35048212    0.35225107    0.22534918    0.22038586    0.05875450    0.00000000    0.00603629    0.37710389    0.27864649    0.26403363    0.28959912    0.30192006    0.30527590    0.33894709    0.32534874    0.34981756
T2             0.29905442    0.30099638    0.28992423    0.29601859    0.28224473    0.29071500    0.28829340    0.30099638    0.35411865    0.34860125    0.22246726    0.21751223    0.05213184    0.00603629    0.00000000    0.37334430    0.27547178    0.26092794    0.28633102    0.29858660    0.30192006    0.34254438    0.32885767    0.34981756
T12            0.33182923    0.32428585    0.33920292    0.33868983    0.34440182    0.34383833    0.30011852    0.32327106    0.37457052    0.37270901    0.28751465    0.27901448    0.40680327    0.37710389    0.37334430    0.00000000    0.32970255    0.31983450    0.31397581    0.33837186    0.34195626    0.39350019    0.36336315    0.37542756
T18            0.15502595    0.14618540    0.17944880    0.17926520    0.15894137    0.16137070    0.15139226    0.15124880    0.21491922    0.20437213    0.18085714    0.17076693    0.29316059    0.27864649    0.27547178    0.32970255    0.00000000    0.05621494    0.06727740    0.12021762    0.12021762    0.18646181    0.17580142    0.18922431
T20            0.14489795    0.14129078    0.16380862    0.16365777    0.14379708    0.14367281    0.13395415    0.13631555    0.19828957    0.19071295    0.17053991    0.16058414    0.28788043    0.26403363    0.26092794    0.31983450    0.05621494    0.00000000    0.05846365    0.11306118    0.11306118    0.17580142    0.16798464    0.18673104
T11            0.15523440    0.15170436    0.17469095    0.17449501    0.15427510    0.15668563    0.14675774    0.13682003    0.19599187    0.19675748    0.18126615    0.17379940    0.30768568    0.28959912    0.28633102    0.31397581    0.06727740    0.05846365    0.00000000    0.12066986    0.12066986    0.19508796    0.18149924    0.20358695
T6             0.17065849    0.15139226    0.16641283    0.16625522    0.14884769    0.15636401    0.14899306    0.14631601    0.22095684    0.20747464    0.19980402    0.18946398    0.31446569    0.30192006    0.29858660    0.33837186    0.12021762    0.11306118    0.12066986    0.00000000    0.00200401    0.19228677    0.18922431    0.20581218
T16            0.17334672    0.15394985    0.16903068    0.16886623    0.15139226    0.15894137    0.15154412    0.14884769    0.22386389    0.21032372    0.20255133    0.19217406    0.31789049    0.30527590    0.30192006    0.34195626    0.12021762    0.11306118    0.12066986    0.00200401    0.00000000    0.19508796    0.19200215    0.20867759
T1             0.12331125    0.18844687    0.21465501    0.21440037    0.20131062    0.20386077    0.19599187    0.19623797    0.24331878    0.24131896    0.24507486    0.23704589    0.35838544    0.33894709    0.34254438    0.39350019    0.18646181    0.17580142    0.19508796    0.19228677    0.19508796    0.00000000    0.07162171    0.08519450
T9             0.11608350    0.18321751    0.20923722    0.20898911    0.18774976    0.20411180    0.19902355    0.20437213    0.24434020    0.23865825    0.23062285    0.22272713    0.34440182    0.32534874    0.32885767    0.36336315    0.17580142    0.16798464    0.18149924    0.18922431    0.19200215    0.07162171    0.00000000    0.03919079
T5             0.13333680    0.19397190    0.22910722    0.22881091    0.20692877    0.21806659    0.21003803    0.22125673    0.27110450    0.25972648    0.25411149    0.24600158    0.36208933    0.34981756    0.34981756    0.37542756    0.18922431    0.18673104    0.20358695    0.20581218    0.20867759    0.08519450    0.03919079    0.00000000

