24
T23            0.00000000    0.30969064    0.30641168    0.36531031    0.37892634    0.36125293    0.37112795    0.40099082    0.39715894    0.35860161    0.36368716    0.33072338    0.34117773    0.31337515    0.31337515    0.27810148    0.30248663    0.29958835    0.29670189    0.29991758    0.20805054    0.21031497    0.21637498    0.09662400
T10            0.30969064    0.00000000    0.00806470    0.29522457    0.30753385    0.27586688    0.29096402    0.30714792    0.30386896    0.27402374    0.28706454    0.37943862    0.39831091    0.35643316    0.36350108    0.32709380    0.34370564    0.35293633    0.34984613    0.34716617    0.39303638    0.38425097    0.39242492    0.32611089
T11            0.30641168    0.00806470    0.00000000    0.28879311    0.30097584    0.26969355    0.28463436    0.30061136    0.29737485    0.26781204    0.28067417    0.37943862    0.39831091    0.35643316    0.35643316    0.32709380    0.34370564    0.34946378    0.34638560    0.34370564    0.39689787    0.39565963    0.40405477    0.32281029
T8             0.36531031    0.29522457    0.28879311    0.00000000    0.01210946    0.03485702    0.04330672    0.10837200    0.10597959    0.09418631    0.10158791    0.40208312    0.41753015    0.39685520    0.39685520    0.36308301    0.38255745    0.39313733    0.38988431    0.39453499    0.43205712    0.42146765    0.42206716    0.39732016
T13            0.37892634    0.30753385    0.30097584    0.01210946    0.00000000    0.03904227    0.04753661    0.11293223    0.11052831    0.09867913    0.10610319    0.39732016    0.41253213    0.39227977    0.39227977    0.37296576    0.39270110    0.40343378    0.40013694    0.40486829    0.44718013    0.43625485    0.43688705    0.41150229
T3             0.36125293    0.27586688    0.26969355    0.03485702    0.03904227    0.00000000    0.01413394    0.09642901    0.09409795    0.08260298    0.08972292    0.39405431    0.40920864    0.39270110    0.39270110    0.35218787    0.37139268    0.37893389    0.37573541    0.38021297    0.43957645    0.41307011    0.42146765    0.37853632
T12            0.37112795    0.29096402    0.28463436    0.04330672    0.04753661    0.01413394    0.00000000    0.10093671    0.09859474    0.09163393    0.09887029    0.40437494    0.41976249    0.40674586    0.40674586    0.36543300    0.38497966    0.38255745    0.37934588    0.38387636    0.45487017    0.42763761    0.43625485    0.38497966
T16            0.40099082    0.30714792    0.30061136    0.10837200    0.11293223    0.09642901    0.10093671    0.00000000    0.01007280    0.10802919    0.10837200    0.45912613    0.47652183    0.45973842    0.45973842    0.41086917    0.43162218    0.41922532    0.41587097    0.41696163    0.46067966    0.43411746    0.44301286    0.42259532
T22            0.39715894    0.30386896    0.29737485    0.10597959    0.11052831    0.09409795    0.09859474    0.01007280    0.00000000    0.10565383    0.10837200    0.45487017    0.47211583    0.45553614    0.45553614    0.40699273    0.42763761    0.42313204    0.41976249    0.42088369    0.45638715    0.43006834    0.43888004    0.41870380
T0             0.35860161    0.27402374    0.26781204    0.09418631    0.09867913    0.08260298    0.09163393    0.10802919    0.10565383    0.00000000    0.04133656    0.41811408    0.43411746    0.41253213    0.41253213    0.36622514    0.39313733    0.38988431    0.38664601    0.39128468    0.42866932    0.41419202    0.42268218    0.38664601
T6             0.36368716    0.28706454    0.28067417    0.10158791    0.10610319    0.08972292    0.09887029    0.10837200    0.10837200    0.04133656    0.00000000    0.40814516    0.42395872    0.40643902    0.40643902    0.36751747    0.38709913    0.39503042    0.39178073    0.39660484    0.41459826    0.40814516    0.41661899    0.38434486
T7             0.33072338    0.37943862    0.37943862    0.40208312    0.39732016    0.39405431    0.40437494    0.45912613    0.45487017    0.41811408    0.40814516    0.00000000    0.01826973    0.07177075    0.07630601    0.11871481    0.11821068    0.23733346    0.23702975    0.24063242    0.39700414    0.39430205    0.39886301    0.35415993
T15            0.34117773    0.39831091    0.39831091    0.41753015    0.41253213    0.40920864    0.41976249    0.47652183    0.47211583    0.43411746    0.42395872    0.01826973    0.00000000    0.07858917    0.08088280    0.12617791    0.12066776    0.24631634    0.24598580    0.24969674    0.40895851    0.40606880    0.40280055    0.36483753
T14            0.31337515    0.35643316    0.35643316    0.39685520    0.39227977    0.39270110    0.40674586    0.45973842    0.45553614    0.41253213    0.40643902    0.07177075    0.07858917    0.00000000    0.00806470    0.10348812    0.11510743    0.22770525    0.22745705    0.22796336    0.38981545    0.36994670    0.38050521    0.35373866
T18            0.31337515    0.36350108    0.35643316    0.39685520    0.39227977    0.39270110    0.40674586    0.45973842    0.45553614    0.41253213    0.40643902    0.07630601    0.08088280    0.00806470    0.00000000    0.10825018    0.11995021    0.23351961    0.23325455    0.23379467    0.38981545    0.36994670    0.38050521    0.35373866
T21            0.27810148    0.32709380    0.32709380    0.36308301    0.37296576    0.35218787    0.36543300    0.41086917    0.40699273    0.36622514    0.36751747    0.11871481    0.12617791    0.10348812    0.10825018    0.00000000    0.03481389    0.20200212    0.19943713    0.19978543    0.35132795    0.34232948    0.34628943    0.32975939
T9             0.30248663    0.34370564    0.34370564    0.38255745    0.39270110    0.37139268    0.38497966    0.43162218    0.42763761    0.39313733    0.38709913    0.11821068    0.12066776    0.11510743    0.11995021    0.03481389    0.00000000    0.22372287    0.22109002    0.22150414    0.36899922    0.36317341    0.36733720    0.34909482
T17            0.29958835    0.35293633    0.34946378    0.39313733    0.40343378    0.37893389    0.38255745    0.41922532    0.42313204    0.38988431    0.39503042    0.23733346    0.24631634    0.22770525    0.23351961    0.20200212    0.22372287    0.00000000    0.00401106    0.01824790    0.37362358    0.34676927    0.35415993    0.34410370
T2             0.29670189    0.34984613    0.34638560    0.38988431    0.40013694    0.37573541    0.37934588    0.41587097    0.41976249    0.38664601    0.39178073    0.23702975    0.24598580    0.22745705    0.23325455    0.19943713    0.22109002    0.00401106    0.00000000    0.01415446    0.37047358    0.34370564    0.35107309    0.34105430
T4             0.29991758    0.34716617    0.34370564    0.39453499    0.40486829    0.38021297    0.38387636    0.41696163    0.42088369    0.39128468    0.39660484    0.24063242    0.24969674    0.22796336    0.23379467    0.19978543    0.22150414    0.01824790    0.01415446    0.00000000    0.37156820    0.34451483    0.35195732    0.34799949
T1             0.20805054    0.39303638    0.39689787    0.43205712    0.44718013    0.43957645    0.45487017    0.46067966    0.45638715    0.42866932    0.41459826    0.39700414    0.40895851    0.38981545    0.38981545    0.35132795    0.36899922    0.37362358    0.37047358    0.37156820    0.00000000    0.08098943    0.07650525    0.26752916
T20            0.21031497    0.38425097    0.39565963    0.42146765    0.43625485    0.41307011    0.42763761    0.43411746    0.43006834    0.41419202    0.40814516    0.39430205    0.40606880    0.36994670    0.36994670    0.34232948    0.36317341    0.34676927    0.34370564    0.34451483    0.08098943    0.00000000    0.01212484    0.26055500
T5             0.21637498    0.39242492    0.40405477    0.42206716    0.43688705    0.42146765    0.43625485    0.44301286    0.43888004    0.42268218    0.41661899    0.39886301    0.40280055    0.38050521    0.38050521    0.34628943    0.36733720    0.35415993    0.35107309    0.35195732    0.07650525    0.01212484    0.00000000    0.26714264
T19            0.09662400    0.32611089    0.32281029    0.39732016    0.41150229    0.37853632    0.38497966    0.42259532    0.41870380    0.38664601    0.38434486    0.35415993    0.36483753    0.35373866    0.35373866    0.32975939    0.34909482    0.34410370    0.34105430    0.34799949    0.26752916    0.26055500    0.26714264    0.00000000

