24
T23            0.00000000    0.22065776    0.22065776    0.27171250    0.26287240    0.24228125    0.25262297    0.28588198    0.29904065    0.22355632    0.29857232    0.29395666    0.29618692    0.23830666    0.23108275    0.22709675    0.23108275    0.26990617    0.24330813    0.14334181    0.13821356    0.11305895    0.11270536    0.12776590
T20            0.22065776    0.00000000    0.03710257    0.24325675    0.23476232    0.22619068    0.24180585    0.26600607    0.26600607    0.21606389    0.36206911    0.36394474    0.36710349    0.29481498    0.28395553    0.27943027    0.28722352    0.31548243    0.28386673    0.22298706    0.21723986    0.22010520    0.22560716    0.23235420
T5             0.22065776    0.03710257    0.00000000    0.24034128    0.23188875    0.22903159    0.24180585    0.27559103    0.27559103    0.22481047    0.36206911    0.36766223    0.37470821    0.29153628    0.28070876    0.27623537    0.28395553    0.30964676    0.28707188    0.22880108    0.22298706    0.21439085    0.22796980    0.23468350
T16            0.27171250    0.24325675    0.24034128    0.00000000    0.02439659    0.06262897    0.11021621    0.24422623    0.25318170    0.20201211    0.40546808    0.41147439    0.40159209    0.32412324    0.31853109    0.31750062    0.31853109    0.34912259    0.33047180    0.28719362    0.29291942    0.27124418    0.27405732    0.27784755
T6             0.26287240    0.23476232    0.23188875    0.02439659    0.00000000    0.05828087    0.10556238    0.23567080    0.24153598    0.19402637    0.39449617    0.40044317    0.39069387    0.31454223    0.30899798    0.30802747    0.30899798    0.33651838    0.32080096    0.27811749    0.28378102    0.26243630    0.27124418    0.26891477
T17            0.24228125    0.22619068    0.22903159    0.06262897    0.05828087    0.00000000    0.09852001    0.22700006    0.23276382    0.18361939    0.39832761    0.39662635    0.38692026    0.30480165    0.29928893    0.29841178    0.29609403    0.32583691    0.31096457    0.26891477    0.27196356    0.25100240    0.25631770    0.25394359
T9             0.25262297    0.24180585    0.24180585    0.11021621    0.10556238    0.09852001    0.00000000    0.24836436    0.25510919    0.20874107    0.42145722    0.41528410    0.40935984    0.31046105    0.30503937    0.30388200    0.29848189    0.33501184    0.31419013    0.27650164    0.28279103    0.26415532    0.27618519    0.27091770
T0             0.28588198    0.26600607    0.27559103    0.24422623    0.23567080    0.22700006    0.24836436    0.00000000    0.05859507    0.10397475    0.45193706    0.44917983    0.44069707    0.35409814    0.33535877    0.33370641    0.33181265    0.35801894    0.35240319    0.28913932    0.28588198    0.26439739    0.27824973    0.28264572
T7             0.29904065    0.26600607    0.27559103    0.25318170    0.24153598    0.23276382    0.25510919    0.05859507    0.00000000    0.10158811    0.44755106    0.44485079    0.44069707    0.35898257    0.34011874    0.33835445    0.33652160    0.35547416    0.34989706    0.30914201    0.30914201    0.28264572    0.29111219    0.29571837
T11            0.22355632    0.21606389    0.22481047    0.20201211    0.19402637    0.18361939    0.20874107    0.10397475    0.10158811    0.00000000    0.37855439    0.37268766    0.37227594    0.28504267    0.27748294    0.28264572    0.28070876    0.30214830    0.30010194    0.24666013    0.24666013    0.21439085    0.23087678    0.24063596
T18            0.29857232    0.36206911    0.36206911    0.40546808    0.39449617    0.39832761    0.42145722    0.45193706    0.44755106    0.37855439    0.00000000    0.03064667    0.03284722    0.17510373    0.16289649    0.16753565    0.16289649    0.20436487    0.17757097    0.34980022    0.33652160    0.32132274    0.30630227    0.33181265
T2             0.29395666    0.36394474    0.36766223    0.41147439    0.40044317    0.39662635    0.41528410    0.44917983    0.44485079    0.37268766    0.03064667    0.00000000    0.02234690    0.17983633    0.16753565    0.17222332    0.16753565    0.20922868    0.18232273    0.34438298    0.33126213    0.31640363    0.30174988    0.32671328
T14            0.29618692    0.36710349    0.37470821    0.40159209    0.39069387    0.38692026    0.40935984    0.44069707    0.44069707    0.37227594    0.03284722    0.02234690    0.00000000    0.17825993    0.16603031    0.17065434    0.16336364    0.20155588    0.18026639    0.34011874    0.32701863    0.31204116    0.29723537    0.32238637
T21            0.23830666    0.29481498    0.29153628    0.32412324    0.31454223    0.30480165    0.31046105    0.35409814    0.35898257    0.28504267    0.17510373    0.17983633    0.17825993    0.00000000    0.03492618    0.03483249    0.05206322    0.09394539    0.07363657    0.27068679    0.26753220    0.22533848    0.23618618    0.25818613
T10            0.23108275    0.28395553    0.28070876    0.31853109    0.30899798    0.29928893    0.30503937    0.33535877    0.34011874    0.27748294    0.16289649    0.16753565    0.16603031    0.03492618    0.00000000    0.01619031    0.03936990    0.07825524    0.05835821    0.26643437    0.26012513    0.22677943    0.23468350    0.25080809
T3             0.22709675    0.27943027    0.27623537    0.31750062    0.30802747    0.29841178    0.30388200    0.33370641    0.33835445    0.28264572    0.16753565    0.17222332    0.17065434    0.03483249    0.01619031    0.00000000    0.04349170    0.07807965    0.06043598    0.26204597    0.25583470    0.22880108    0.23087678    0.24666013
T12            0.23108275    0.28722352    0.28395553    0.31853109    0.30899798    0.29609403    0.29848189    0.33181265    0.33652160    0.28070876    0.16289649    0.16753565    0.16336364    0.05206322    0.03936990    0.04349170    0.00000000    0.07374053    0.05617002    0.26643437    0.25389452    0.23565540    0.24063596    0.26012513
T1             0.26990617    0.31548243    0.30964676    0.34912259    0.33651838    0.32583691    0.33501184    0.35801894    0.35547416    0.30214830    0.20436487    0.20922868    0.20155588    0.09394539    0.07825524    0.07807965    0.07374053    0.00000000    0.04753720    0.29395666    0.28746306    0.26537744    0.26444464    0.27787810
T13            0.24330813    0.28386673    0.28707188    0.33047180    0.32080096    0.31096457    0.31419013    0.35240319    0.34989706    0.30010194    0.17757097    0.18232273    0.18026639    0.07363657    0.05835821    0.06043598    0.05617002    0.04753720    0.00000000    0.26953188    0.26330127    0.24506215    0.24127637    0.26021484
T19            0.14334181    0.22298706    0.22880108    0.28719362    0.27811749    0.26891477    0.27650164    0.28913932    0.30914201    0.24666013    0.34980022    0.34438298    0.34011874    0.27068679    0.26643437    0.26204597    0.26643437    0.29395666    0.26953188    0.00000000    0.01620786    0.09710197    0.11319208    0.12348943
T22            0.13821356    0.21723986    0.22298706    0.29291942    0.28378102    0.27196356    0.28279103    0.28588198    0.30914201    0.24666013    0.33652160    0.33126213    0.32701863    0.26753220    0.26012513    0.25583470    0.25389452    0.28746306    0.26330127    0.01620786    0.00000000    0.09238495    0.10837276    0.11853890
T8             0.11305895    0.22010520    0.21439085    0.27124418    0.26243630    0.25100240    0.26415532    0.26439739    0.28264572    0.21439085    0.32132274    0.31640363    0.31204116    0.22533848    0.22677943    0.22880108    0.23565540    0.26537744    0.24506215    0.09710197    0.09238495    0.00000000    0.07825524    0.09004302
T15            0.11270536    0.22560716    0.22796980    0.27405732    0.27124418    0.25631770    0.27618519    0.27824973    0.29111219    0.23087678    0.30630227    0.30174988    0.29723537    0.23618618    0.23468350    0.23087678    0.24063596    0.26444464    0.24127637    0.11319208    0.10837276    0.07825524    0.00000000    0.04133653
T4             0.12776590    0.23235420    0.23468350    0.27784755    0.26891477    0.25394359    0.27091770    0.28264572    0.29571837    0.24063596    0.33181265    0.32671328    0.32238637    0.25818613    0.25080809    0.24666013    0.26012513    0.27787810    0.26021484    0.12348943    0.11853890    0.09004302    0.04133653    0.00000000

