24
T17            0.00000000    0.39507842    0.39892483    0.40280106    0.39304975    0.40608067    0.36318838    0.37587918    0.39953612    0.29200894    0.30136285    0.33767947    0.33119937    0.33119937    0.36844366    0.37529856    0.37272792    0.37272792    0.32524526    0.33816848    0.33816848    0.32524526    0.15462999    0.14708998
T16            0.39507842    0.00000000    0.00200401    0.09877219    0.09887129    0.10102798    0.13831292    0.15593788    0.15559499    0.36789059    0.39367446    0.38747325    0.38804066    0.38804066    0.47108842    0.47912252    0.48093095    0.48093095    0.38662049    0.38921807    0.38921807    0.39304975    0.44165709    0.44374538
T20            0.39892483    0.00200401    0.00000000    0.10112516    0.10122981    0.10338651    0.14077601    0.15849548    0.15813311    0.37158085    0.39755070    0.39126137    0.39184319    0.39184319    0.47553327    0.48362744    0.48547684    0.48547684    0.39045217    0.39304975    0.39304975    0.39691102    0.44578963    0.44792981
T5             0.40280106    0.09877219    0.10112516    0.00000000    0.08069125    0.08052791    0.12400790    0.14379147    0.15863354    0.36901021    0.38342696    0.38222286    0.38281795    0.38281795    0.44835885    0.45613411    0.45784328    0.45784328    0.37392926    0.39174282    0.37647349    0.37529856    0.45140209    0.45369395
T19            0.39304975    0.09887129    0.10122981    0.08069125    0.00000000    0.06067055    0.12913906    0.14930450    0.14379147    0.36705900    0.37392926    0.37272792    0.37332182    0.37332182    0.43806158    0.44573378    0.44742847    0.44742847    0.36956410    0.38349626    0.37583277    0.38215544    0.44103409    0.45182339
T21            0.40608067    0.10102798    0.10338651    0.08052791    0.06067055    0.00000000    0.12650554    0.14141189    0.14605662    0.36844366    0.37158085    0.37048818    0.37102771    0.37102771    0.44331188    0.45101204    0.45698045    0.45698045    0.37332182    0.39109043    0.38342696    0.38601099    0.46343872    0.46584629
T14            0.36318838    0.13831292    0.14077601    0.12400790    0.12913906    0.12650554    0.00000000    0.03077472    0.12446956    0.33467178    0.35186557    0.34279438    0.34325712    0.34325712    0.42817122    0.43569896    0.43725833    0.43725833    0.35240509    0.36220959    0.35133899    0.35032474    0.42062166    0.42264626
T11            0.37587918    0.15593788    0.15849548    0.14379147    0.14930450    0.14141189    0.03077472    0.00000000    0.13947548    0.32477957    0.34168981    0.34325712    0.34373268    0.34373268    0.42480862    0.43230378    0.43385955    0.43385955    0.34685417    0.36025735    0.34576275    0.34472220    0.44754952    0.45435539
T23            0.39953612    0.15559499    0.15813311    0.15863354    0.14379147    0.14605662    0.12446956    0.13947548    0.00000000    0.37332182    0.39174282    0.37392926    0.37332182    0.37332182    0.45784328    0.46575334    0.46757315    0.46757315    0.39772195    0.39240933    0.38987811    0.39240933    0.43688439    0.44331188
T9             0.29200894    0.36789059    0.37158085    0.36901021    0.36705900    0.36844366    0.33467178    0.32477957    0.37332182    0.00000000    0.02238875    0.14898792    0.14914207    0.14914207    0.16957088    0.16937982    0.16977057    0.16977057    0.12691459    0.14406579    0.13406529    0.12937164    0.35602850    0.35911248
T4             0.30136285    0.39367446    0.39755070    0.38342696    0.37392926    0.37158085    0.35186557    0.34168981    0.39174282    0.02238875    0.00000000    0.16169653    0.16187549    0.16187549    0.17735890    0.17715533    0.17222347    0.17222347    0.13917739    0.15668053    0.14644980    0.14169000    0.38150564    0.38468666
T12            0.33767947    0.38747325    0.39126137    0.38222286    0.37272792    0.37048818    0.34279438    0.34325712    0.37392926    0.14898792    0.16169653    0.00000000    0.00805149    0.00805149    0.21805887    0.21777631    0.21835094    0.21835094    0.15668053    0.16413032    0.15893536    0.15635799    0.41006384    0.40677905
T1             0.33119937    0.38804066    0.39184319    0.38281795    0.37332182    0.37102771    0.34325712    0.34373268    0.37332182    0.14914207    0.16187549    0.00805149    0.00000000    0.00000000    0.21546900    0.21518521    0.21576225    0.21576225    0.15169966    0.15909907    0.15394428    0.15138669    0.40281050    0.39955600
T8             0.33119937    0.38804066    0.39184319    0.38281795    0.37332182    0.37102771    0.34325712    0.34373268    0.37332182    0.14914207    0.16187549    0.00805149    0.00000000    0.00000000    0.21546900    0.21518521    0.21576225    0.21576225    0.15169966    0.15909907    0.15394428    0.15138669    0.40281050    0.39955600
T22            0.36844366    0.47108842    0.47553327    0.44835885    0.43806158    0.44331188    0.42817122    0.42480862    0.45784328    0.16957088    0.17735890    0.21805887    0.21546900    0.21546900    0.00000000    0.00401106    0.01623165    0.01623165    0.15878018    0.17944137    0.17148347    0.16624772    0.46222964    0.45872260
T2             0.37529856    0.47912252    0.48362744    0.45613411    0.44573378    0.45101204    0.43569896    0.43230378    0.46575334    0.16937982    0.17715533    0.21777631    0.21518521    0.21518521    0.00401106    0.00000000    0.01620787    0.01620787    0.15863354    0.17925721    0.17132037    0.16609829    0.47019820    0.46665483
T3             0.37272792    0.48093095    0.48547684    0.45784328    0.44742847    0.45698045    0.43725833    0.43385955    0.46757315    0.16977057    0.17222347    0.21835094    0.21576225    0.21576225    0.01623165    0.01620787    0.00000000    0.00000000    0.16413032    0.17963444    0.17165537    0.16640587    0.46757315    0.46404362
T6             0.37272792    0.48093095    0.48547684    0.45784328    0.44742847    0.45698045    0.43725833    0.43385955    0.46757315    0.16977057    0.17222347    0.21835094    0.21576225    0.21576225    0.01623165    0.01620787    0.00000000    0.00000000    0.16413032    0.17963444    0.17165537    0.16640587    0.46757315    0.46404362
T13            0.32524526    0.38662049    0.39045217    0.37392926    0.36956410    0.37332182    0.35240509    0.34685417    0.39772195    0.12691459    0.13917739    0.15668053    0.15169966    0.15169966    0.15878018    0.15863354    0.16413032    0.16413032    0.00000000    0.03284726    0.02236466    0.05189833    0.40822202    0.40494903
T18            0.33816848    0.38921807    0.39304975    0.39174282    0.38349626    0.39109043    0.36220959    0.36025735    0.39240933    0.14406579    0.15668053    0.16413032    0.15909907    0.15909907    0.17944137    0.17925721    0.17963444    0.17963444    0.03284726    0.00000000    0.03488846    0.06276348    0.41887728    0.41555851
T7             0.33816848    0.38921807    0.39304975    0.37647349    0.37583277    0.38342696    0.35133899    0.34576275    0.38987811    0.13406529    0.14644980    0.15893536    0.15394428    0.15394428    0.17148347    0.17132037    0.17165537    0.17165537    0.02236466    0.03488846    0.00000000    0.05399127    0.41887728    0.41555851
T15            0.32524526    0.39304975    0.39691102    0.37529856    0.38215544    0.38601099    0.35032474    0.34472220    0.39240933    0.12937164    0.14169000    0.15635799    0.15138669    0.15138669    0.16624772    0.16609829    0.16640587    0.16640587    0.05189833    0.06276348    0.05399127    0.00000000    0.40822202    0.40494903
T10            0.15462999    0.44165709    0.44578963    0.45140209    0.44103409    0.46343872    0.42062166    0.44754952    0.43688439    0.35602850    0.38150564    0.41006384    0.40281050    0.40281050    0.46222964    0.47019820    0.46757315    0.46757315    0.40822202    0.41887728    0.41887728    0.40822202    0.00000000    0.01824793
T0             0.14708998    0.44374538    0.44792981    0.45369395    0.45182339    0.46584629    0.42264626    0.45435539    0.44331188    0.35911248    0.38468666    0.40677905    0.39955600    0.39955600    0.45872260    0.46665483    0.46404362    0.46404362    0.40494903    0.41555851    0.41555851    0.40494903    0.01824793    0.00000000

