24
T22            0.00000000    0.19569752    0.20678416    0.17987474    0.21637120    0.23108091    0.21155315    0.23868463    0.23827103    0.30155415    0.31017889    0.26284664    0.29855925    0.27747475    0.26558181    0.27473228    0.17018976    0.18819024    0.19228105    0.18819024    0.15614988    0.11820965    0.11561695    0.12297068
T0             0.19569752    0.00000000    0.07630537    0.04554097    0.08954285    0.16047875    0.14291805    0.16412989    0.16654755    0.23634810    0.23829669    0.18569342    0.22269789    0.19875162    0.18048762    0.18758961    0.17604323    0.18320540    0.20073336    0.19093789    0.24091654    0.19228105    0.19199471    0.20265527
T1             0.20678416    0.07630537    0.00000000    0.03483147    0.09876781    0.17902664    0.15830494    0.17741919    0.17987474    0.23973507    0.24165421    0.20490743    0.25203501    0.22123958    0.18894669    0.18789530    0.18396932    0.19118877    0.21122838    0.20129068    0.24132982    0.19759791    0.19730473    0.21379516
T9             0.17987474    0.04554097    0.03483147    0.00000000    0.06708864    0.14548905    0.12579730    0.14639774    0.14876319    0.21669424    0.21864383    0.17286392    0.21545818    0.18843354    0.16245769    0.16924337    0.16071065    0.16774942    0.18424135    0.17488073    0.21807932    0.17334014    0.17309777    0.18894669
T20            0.21637120    0.08954285    0.09876781    0.06708864    0.00000000    0.16245769    0.14016605    0.16336353    0.16145570    0.25582397    0.25781214    0.19550417    0.25073515    0.22008785    0.20080890    0.20804698    0.19622167    0.20921370    0.22384483    0.20592043    0.24432205    0.20104519    0.20080890    0.21153930
T10            0.23108091    0.16047875    0.17902664    0.14548905    0.16245769    0.00000000    0.05194565    0.07185613    0.06968664    0.20745985    0.21231500    0.18230951    0.23643533    0.20921370    0.18523065    0.17850398    0.21895657    0.22939272    0.21864383    0.22008785    0.26600195    0.21287909    0.21259237    0.21776228
T14            0.21155315    0.14291805    0.15830494    0.12579730    0.14016605    0.05194565    0.00000000    0.03930406    0.03721983    0.19144855    0.19622167    0.16168578    0.21982386    0.19597343    0.16225210    0.16047875    0.19144855    0.21002147    0.19395927    0.20664833    0.24239170    0.18843354    0.18545761    0.19321059
T11            0.23868463    0.16412989    0.17741919    0.14639774    0.16336353    0.07185613    0.03930406    0.00000000    0.00602720    0.21155315    0.20774881    0.18320540    0.24362579    0.21605750    0.18949508    0.19069690    0.22030135    0.23370968    0.22882883    0.23234312    0.26459048    0.21411908    0.20804698    0.22187255
T21            0.23827103    0.16654755    0.17987474    0.14876319    0.16145570    0.06968664    0.03721983    0.00602720    0.00000000    0.21122838    0.20745985    0.18296823    0.24029808    0.21287909    0.18921649    0.18758961    0.21995112    0.23335349    0.22549377    0.22971105    0.26413910    0.21379516    0.21060645    0.22155133
T7             0.30155415    0.23634810    0.23973507    0.21669424    0.25582397    0.20745985    0.19144855    0.21155315    0.21122838    0.00000000    0.02031398    0.27265737    0.31884373    0.30142253    0.26914576    0.26832737    0.30237571    0.31735577    0.30624860    0.29637310    0.33712203    0.30525006    0.30237571    0.31152655
T19            0.31017889    0.23829669    0.24165421    0.21864383    0.25781214    0.21231500    0.19622167    0.20774881    0.20745985    0.02031398    0.00000000    0.27469667    0.31750689    0.30007797    0.27121737    0.26791811    0.30429716    0.31931324    0.30813580    0.29844513    0.34614550    0.31055112    0.30765375    0.31686237
T4             0.26284664    0.18569342    0.20490743    0.17286392    0.19550417    0.18230951    0.16168578    0.18320540    0.18296823    0.27265737    0.27469667    0.00000000    0.15667068    0.12266254    0.19233878    0.19597343    0.24265654    0.25952880    0.25136452    0.24393285    0.29148394    0.23171825    0.24029808    0.24095628
T18            0.29855925    0.22269789    0.25203501    0.21545818    0.25073515    0.23643533    0.21982386    0.24362579    0.24029808    0.31884373    0.31750689    0.15667068    0.00000000    0.05846186    0.24074936    0.23297874    0.28029095    0.28524167    0.28949583    0.28400194    0.32425435    0.27191584    0.28102723    0.28102723
T12            0.27747475    0.19875162    0.22123958    0.18843354    0.22008785    0.20921370    0.19597343    0.21605750    0.21287909    0.30142253    0.30007797    0.12266254    0.05846186    0.00000000    0.21388675    0.20921370    0.25375687    0.26471023    0.27822642    0.25861145    0.30000624    0.24933620    0.26363753    0.26363753
T15            0.26558181    0.18048762    0.18894669    0.16245769    0.20080890    0.18523065    0.16225210    0.18949508    0.18921649    0.26914576    0.27121737    0.19233878    0.24074936    0.21388675    0.00000000    0.07621586    0.24062220    0.25136452    0.26791811    0.25073515    0.29570722    0.24265654    0.24533923    0.25073515
T23            0.27473228    0.18758961    0.18789530    0.16924337    0.20804698    0.17850398    0.16047875    0.19069690    0.18758961    0.26832737    0.26791811    0.19597343    0.23297874    0.20921370    0.07621586    0.00000000    0.23599265    0.24968766    0.26643247    0.26438388    0.30550644    0.26012178    0.26600195    0.26517207
T2             0.17018976    0.17604323    0.18396932    0.16071065    0.19622167    0.21895657    0.19144855    0.22030135    0.21995112    0.30237571    0.30429716    0.24265654    0.28029095    0.25375687    0.24062220    0.23599265    0.00000000    0.03497044    0.12119093    0.13242225    0.21379516    0.16936838    0.17982449    0.17982449
T8             0.18819024    0.18320540    0.19118877    0.16774942    0.20921370    0.22939272    0.21002147    0.23370968    0.23335349    0.31735577    0.31931324    0.25952880    0.28524167    0.26471023    0.25136452    0.24968766    0.03497044    0.00000000    0.13801096    0.14436584    0.23300699    0.18730617    0.19803842    0.19803842
T13            0.19228105    0.20073336    0.21122838    0.18424135    0.22384483    0.21864383    0.19395927    0.22882883    0.22549377    0.30624860    0.30813580    0.25136452    0.28949583    0.27822642    0.26791811    0.26643247    0.12119093    0.13801096    0.00000000    0.08782733    0.23182345    0.19450316    0.19702050    0.19982994
T6             0.18819024    0.19093789    0.20129068    0.17488073    0.20592043    0.22008785    0.20664833    0.23234312    0.22971105    0.29637310    0.29844513    0.24393285    0.28400194    0.25861145    0.25073515    0.26438388    0.13242225    0.14436584    0.08782733    0.00000000    0.23003906    0.17694685    0.18210761    0.18751377
T16            0.15614988    0.24091654    0.24132982    0.21807932    0.24432205    0.26600195    0.24239170    0.26459048    0.26413910    0.33712203    0.34614550    0.29148394    0.32425435    0.30000624    0.29570722    0.30550644    0.21379516    0.23300699    0.23182345    0.23003906    0.00000000    0.11591949    0.11576444    0.12776377
T3             0.11820965    0.19228105    0.19759791    0.17334014    0.20104519    0.21287909    0.18843354    0.21411908    0.21379516    0.30525006    0.31055112    0.23171825    0.27191584    0.24933620    0.24265654    0.26012178    0.16936838    0.18730617    0.19450316    0.17694685    0.11591949    0.00000000    0.02859669    0.03910293
T17            0.11561695    0.19199471    0.19730473    0.17309777    0.20080890    0.21259237    0.18545761    0.20804698    0.21060645    0.30237571    0.30765375    0.24029808    0.28102723    0.26363753    0.24533923    0.26600195    0.17982449    0.19803842    0.19702050    0.18210761    0.11576444    0.02859669    0.00000000    0.02233488
T5             0.12297068    0.20265527    0.21379516    0.18894669    0.21153930    0.21776228    0.19321059    0.22187255    0.22155133    0.31152655    0.31686237    0.24095628    0.28102723    0.26363753    0.25073515    0.26517207    0.17982449    0.19803842    0.19982994    0.18751377    0.12776377    0.03910293    0.02233488    0.00000000

