24
T9             0.00000000    0.23883277    0.20104942    0.22971802    0.22776374    0.22065036    0.22850164    0.19875618    0.18546156    0.17532377    0.16997503    0.16732198    0.16976516    0.18843797    0.18869038    0.16048251    0.22879113    0.27942562    0.21156024    0.21031520    0.22550179    0.21776775    0.21490167    0.20181425
T22            0.23883277    0.00000000    0.13846317    0.16091325    0.17982777    0.16884477    0.30095384    0.26383822    0.24934742    0.24834949    0.25137155    0.25137155    0.25105133    0.25137155    0.25475179    0.22036687    0.29483699    0.36899064    0.27942562    0.27228998    0.28103629    0.28667081    0.27960608    0.25315648
T16            0.20104942    0.13846317    0.00000000    0.02857210    0.08280868    0.11729695    0.24834949    0.22194332    0.20827141    0.20491306    0.21575927    0.21288494    0.21546399    0.21517812    0.21834662    0.17532377    0.25105133    0.33669685    0.25081206    0.24096383    0.24700808    0.24565786    0.23968592    0.22036687
T13            0.22971802    0.16091325    0.02857210    0.00000000    0.10597856    0.14420888    0.27862136    0.24475162    0.23059123    0.22742490    0.23565456    0.23267747    0.23531829    0.24096383    0.24433031    0.20520341    0.28142136    0.37204621    0.27194395    0.26792820    0.27427979    0.26952081    0.26328815    0.24631278
T11            0.22776374    0.17982777    0.08280868    0.10597856    0.00000000    0.15502199    0.25854972    0.23732784    0.22325781    0.24665989    0.24975698    0.24665989    0.24624689    0.25201881    0.25556724    0.21551531    0.29667457    0.34678322    0.28741726    0.27008127    0.27329796    0.28116389    0.27151365    0.25120428
T0             0.22065036    0.16884477    0.11729695    0.14420888    0.15502199    0.00000000    0.28545137    0.26328815    0.24867082    0.22939935    0.23235005    0.22939935    0.23203239    0.23172450    0.23499183    0.20491306    0.29068634    0.34799775    0.26688516    0.24969588    0.25892994    0.27942562    0.27305384    0.25275497
T3             0.22850164    0.30095384    0.24834949    0.27862136    0.25854972    0.28545137    0.00000000    0.11982614    0.10802608    0.19276010    0.20384338    0.20665305    0.19804215    0.21463469    0.21490167    0.18569762    0.23672650    0.27583222    0.22909038    0.23499183    0.24934403    0.25105133    0.24206648    0.22270295
T20            0.19875618    0.26383822    0.22194332    0.24475162    0.23732784    0.26328815    0.11982614    0.00000000    0.01007277    0.17428962    0.17962403    0.18231275    0.17942911    0.18460606    0.18480657    0.16205777    0.21648736    0.26952081    0.20435983    0.21463469    0.22616558    0.23378452    0.22506109    0.20058552
T4             0.18546156    0.24934742    0.20827141    0.23059123    0.22325781    0.24867082    0.10802608    0.01007277    0.00000000    0.16151617    0.16673907    0.16937114    0.16656188    0.17164362    0.17182605    0.14947090    0.20849401    0.25475179    0.19648381    0.20104942    0.21232024    0.21982865    0.21130365    0.18730931
T15            0.17532377    0.24834949    0.20491306    0.22742490    0.24665989    0.22939935    0.19276010    0.17428962    0.16151617    0.00000000    0.03284740    0.03497063    0.03280746    0.04982255    0.04987986    0.07630611    0.14913493    0.20974817    0.14292113    0.12497896    0.13998239    0.14183593    0.13931664    0.12007630
T6             0.16997503    0.25137155    0.21575927    0.23565456    0.24975698    0.23235005    0.20384338    0.17962403    0.16673907    0.03284740    0.00000000    0.00200401    0.00805150    0.05418964    0.05425652    0.08088322    0.14947090    0.21546399    0.15328618    0.13745032    0.15024098    0.14691292    0.14183593    0.12993021
T21            0.16732198    0.25137155    0.21288494    0.23267747    0.24665989    0.22939935    0.20665305    0.18231275    0.16937114    0.03497063    0.00200401    0.00000000    0.01008404    0.05638758    0.05645931    0.08318760    0.15204204    0.21834662    0.15591139    0.13998239    0.15283888    0.14947090    0.14436798    0.13242436
T17            0.16976516    0.25105133    0.21546399    0.23531829    0.24624689    0.23203239    0.19804215    0.17942911    0.16656188    0.03280746    0.00805150    0.01008404    0.00000000    0.05412944    0.05418964    0.08078316    0.14929880    0.22094340    0.15305847    0.13727829    0.15003626    0.14674736    0.14168324    0.12977701
T19            0.18843797    0.25137155    0.21517812    0.24096383    0.25201881    0.23172450    0.21463469    0.18460606    0.17164362    0.04982255    0.05418964    0.05638758    0.05412944    0.00000000    0.00401105    0.08528830    0.15393484    0.22065036    0.16071463    0.14983965    0.15763346    0.16205777    0.15684845    0.13963350
T5             0.18869038    0.25475179    0.21834662    0.24433031    0.25556724    0.23499183    0.21490167    0.18480657    0.17182605    0.04987986    0.05425652    0.05645931    0.05418964    0.00401105    0.00000000    0.08078316    0.15409526    0.22094340    0.16095498    0.15003626    0.15785040    0.16225519    0.15703225    0.13980395
T7             0.16048251    0.22036687    0.17532377    0.20520341    0.21551531    0.20491306    0.18569762    0.16205777    0.14947090    0.07630611    0.08088322    0.08318760    0.08078316    0.08528830    0.08078316    0.00000000    0.13476533    0.20836080    0.14145301    0.12830022    0.13587743    0.13801389    0.13294969    0.11380303
T8             0.22879113    0.29483699    0.25105133    0.28142136    0.29667457    0.29068634    0.23672650    0.21648736    0.20849401    0.14913493    0.14947090    0.15204204    0.14929880    0.15393484    0.15409526    0.13476533    0.00000000    0.19298287    0.19955219    0.19070008    0.20181425    0.19804215    0.19254640    0.17982777
T1             0.27942562    0.36899064    0.33669685    0.37204621    0.34678322    0.34799775    0.27583222    0.26952081    0.25475179    0.20974817    0.21546399    0.21834662    0.22094340    0.22065036    0.22094340    0.20836080    0.19298287    0.00000000    0.27653550    0.26918868    0.28209760    0.28027318    0.27386047    0.24737080
T14            0.21156024    0.27942562    0.25081206    0.27194395    0.28741726    0.26688516    0.22909038    0.20435983    0.19648381    0.14292113    0.15328618    0.15591139    0.15305847    0.16071463    0.16095498    0.14145301    0.19955219    0.27653550    0.00000000    0.11091120    0.12066896    0.11764289    0.11041298    0.10850125
T23            0.21031520    0.27228998    0.24096383    0.26792820    0.27008127    0.24969588    0.23499183    0.21463469    0.20104942    0.12497896    0.13745032    0.13998239    0.13727829    0.14983965    0.15003626    0.12830022    0.19070008    0.26918868    0.11091120    0.00000000    0.03270440    0.07592844    0.07144381    0.06944388
T12            0.22550179    0.28103629    0.24700808    0.27427979    0.27329796    0.25892994    0.24934403    0.22616558    0.21232024    0.13998239    0.15024098    0.15283888    0.15003626    0.15763346    0.15785040    0.13587743    0.20181425    0.28209760    0.12066896    0.03270440    0.00000000    0.08045369    0.07592844    0.07621652
T10            0.21776775    0.28667081    0.24565786    0.26952081    0.28116389    0.27942562    0.25105133    0.23378452    0.21982865    0.14183593    0.14691292    0.14947090    0.14674736    0.16205777    0.16225519    0.13801389    0.19804215    0.28027318    0.11764289    0.07592844    0.08045369    0.00000000    0.01617876    0.08502030
T2             0.21490167    0.27960608    0.23968592    0.26328815    0.27151365    0.27305384    0.24206648    0.22506109    0.21130365    0.13931664    0.14183593    0.14436798    0.14168324    0.15684845    0.15703225    0.13294969    0.19254640    0.27386047    0.11041298    0.07144381    0.07592844    0.01617876    0.00000000    0.08045369
T18            0.20181425    0.25315648    0.22036687    0.24631278    0.25120428    0.25275497    0.22270295    0.20058552    0.18730931    0.12007630    0.12993021    0.13242436    0.12977701    0.13963350    0.13980395    0.11380303    0.17982777    0.24737080    0.10850125    0.06944388    0.07621652    0.08502030    0.08045369    0.00000000

