24
T15            0.00000000    0.23496875    0.24720491    0.24372133    0.22372565    0.21415866    0.17944905    0.18443485    0.20618565    0.19026635    0.19784697    0.20294666    0.13171645    0.14128504    0.14141375    0.14392732    0.14366550    0.13918215    0.12925250    0.15411018    0.14422207    0.14184897    0.16450519    0.15411018
T2             0.23496875    0.00000000    0.13102848    0.28465469    0.26387977    0.25592309    0.22436506    0.22436506    0.25290867    0.23593420    0.24102986    0.24693391    0.25349709    0.26540346    0.25592309    0.25895583    0.25535855    0.26507719    0.23519485    0.26693098    0.27197663    0.26920617    0.28564080    0.24347989
T9             0.24720491    0.13102848    0.00000000    0.29672406    0.26637870    0.25349709    0.21912275    0.21912275    0.24450781    0.23062535    0.23567761    0.24748628    0.26024882    0.25990975    0.26265131    0.25958121    0.26200712    0.26884878    0.24748628    0.27999949    0.27907732    0.27311065    0.29604186    0.25290867
T11            0.24372133    0.28465469    0.29672406    0.00000000    0.09462034    0.22620225    0.19806747    0.20316394    0.22562842    0.20642948    0.21466606    0.21986058    0.25236227    0.26058401    0.25535855    0.25837293    0.25483651    0.27061595    0.24397315    0.28247337    0.27440239    0.26850214    0.25290867    0.25837293
T12            0.22372565    0.26387977    0.26637870    0.09462034    0.00000000    0.20412635    0.17166162    0.17660134    0.19256964    0.17696945    0.18753996    0.19256964    0.23168014    0.23972660    0.24033144    0.24324886    0.23991775    0.23496875    0.23208502    0.26970992    0.25563552    0.24991235    0.22921785    0.25509220
T7             0.21415866    0.25592309    0.25349709    0.22620225    0.20412635    0.00000000    0.10575917    0.10575917    0.12717243    0.10837928    0.11281920    0.11065518    0.22300979    0.23382104    0.22591047    0.22882811    0.22535612    0.22943857    0.21675402    0.24479057    0.24602391    0.24635768    0.23410913    0.23354292
T19            0.17944905    0.22436506    0.21912275    0.19806747    0.17166162    0.10575917    0.00000000    0.00401206    0.02234678    0.02236481    0.02855418    0.08281281    0.18425159    0.19451478    0.18694119    0.18425159    0.19469996    0.18733134    0.17395451    0.20572613    0.21235232    0.20977998    0.18694119    0.18964537
T23            0.18443485    0.22436506    0.21912275    0.20316394    0.17660134    0.10575917    0.00401206    0.00000000    0.02234678    0.02236481    0.02855418    0.08281281    0.18694119    0.19724107    0.18964537    0.18694119    0.19743375    0.19005029    0.17891549    0.21087878    0.21752520    0.21493403    0.19198108    0.19469996
T5             0.20618565    0.25290867    0.24450781    0.22562842    0.19256964    0.12717243    0.02234678    0.02234678    0.00000000    0.04124099    0.04756911    0.10349287    0.20316394    0.21368953    0.20595119    0.20316394    0.21391930    0.19763572    0.20039218    0.23354292    0.23768481    0.22912846    0.20829772    0.21675402
T20            0.19026635    0.23593420    0.23062535    0.20642948    0.17696945    0.10837928    0.02236481    0.02236481    0.04124099    0.00000000    0.03069830    0.08529340    0.18733134    0.19763572    0.19005029    0.18733134    0.19784697    0.19049145    0.18462713    0.21700148    0.22388865    0.22128314    0.20061108    0.20061108
T17            0.19784697    0.24102986    0.23567761    0.21466606    0.18753996    0.11281920    0.02855418    0.02855418    0.04756911    0.03069830    0.00000000    0.08963394    0.20316394    0.21087878    0.20595119    0.20316394    0.21391930    0.20642948    0.18945658    0.22197364    0.23176291    0.22912846    0.20551050    0.21110059
T18            0.20294666    0.24693391    0.24748628    0.21986058    0.19256964    0.11065518    0.08281281    0.08281281    0.10349287    0.08529340    0.08963394    0.00000000    0.21110059    0.22173901    0.21110059    0.20829772    0.22484090    0.22300979    0.20273877    0.23593420    0.22300979    0.22040081    0.22484090    0.22197364
T13            0.13171645    0.25349709    0.26024882    0.25236227    0.23168014    0.22300979    0.18425159    0.18694119    0.20316394    0.18733134    0.20316394    0.21110059    0.00000000    0.01824809    0.03701229    0.03914473    0.03906978    0.04765469    0.10349287    0.13712699    0.12282568    0.12546055    0.15244142    0.13243690
T10            0.14128504    0.26540346    0.25990975    0.26058401    0.23972660    0.23382104    0.19451478    0.19724107    0.21368953    0.19763572    0.21087878    0.22173901    0.01824809    0.00000000    0.04545313    0.04760857    0.04753634    0.05840779    0.11270744    0.14676125    0.13227694    0.13494424    0.16227384    0.14201032
T3             0.14141375    0.25592309    0.26265131    0.25535855    0.24033144    0.22591047    0.18694119    0.18964537    0.20595119    0.19005029    0.20595119    0.21110059    0.03701229    0.04545313    0.00000000    0.01007282    0.02653180    0.05419173    0.11065518    0.14472545    0.13278045    0.13549041    0.16027859    0.13530048
T4             0.14392732    0.25895583    0.25958121    0.25837293    0.24324886    0.22882811    0.18425159    0.18694119    0.20316394    0.18733134    0.20316394    0.20829772    0.03914473    0.04760857    0.01007282    0.00000000    0.02862841    0.05638991    0.11306564    0.14728421    0.13530048    0.13802970    0.16291858    0.14254279
T21            0.14366550    0.25535855    0.26200712    0.25483651    0.23991775    0.22535612    0.19469996    0.19743375    0.21391930    0.19784697    0.21391930    0.22484090    0.03906978    0.04753634    0.02653180    0.02862841    0.00000000    0.05626619    0.11281920    0.14692739    0.13494424    0.13511842    0.16248037    0.14217975
T6             0.13918215    0.26507719    0.26884878    0.27061595    0.23496875    0.22943857    0.18733134    0.19005029    0.19763572    0.19049145    0.20642948    0.22300979    0.04765469    0.05840779    0.05419173    0.05638991    0.05626619    0.00000000    0.11792179    0.15244142    0.13027307    0.13296398    0.16027859    0.14510157
T8             0.12925250    0.23519485    0.24748628    0.24397315    0.23208502    0.21675402    0.17395451    0.17891549    0.20039218    0.18462713    0.18945658    0.20273877    0.10349287    0.11270744    0.11065518    0.11306564    0.11281920    0.11792179    0.00000000    0.04572627    0.10638266    0.11137418    0.13278045    0.11577646
T22            0.15411018    0.26693098    0.27999949    0.28247337    0.26970992    0.24479057    0.20572613    0.21087878    0.23354292    0.21700148    0.22197364    0.23593420    0.13712699    0.14676125    0.14472545    0.14728421    0.14692739    0.15244142    0.04572627    0.00000000    0.12777823    0.14058198    0.17362047    0.13746426
T16            0.14422207    0.27197663    0.27907732    0.27440239    0.25563552    0.24602391    0.21235232    0.21752520    0.23768481    0.22388865    0.23176291    0.22300979    0.12282568    0.13227694    0.13278045    0.13530048    0.13494424    0.13027307    0.10638266    0.12777823    0.00000000    0.03289472    0.15378762    0.13823397
T1             0.14184897    0.26920617    0.27311065    0.26850214    0.24991235    0.24635768    0.20977998    0.21493403    0.22912846    0.22128314    0.22912846    0.22040081    0.12546055    0.13494424    0.13549041    0.13802970    0.13511842    0.13296398    0.11137418    0.14058198    0.03289472    0.00000000    0.15404033    0.13844609
T14            0.16450519    0.28564080    0.29604186    0.25290867    0.22921785    0.23410913    0.18694119    0.19198108    0.20829772    0.20061108    0.20551050    0.22484090    0.15244142    0.16227384    0.16027859    0.16291858    0.16248037    0.16027859    0.13278045    0.17362047    0.15378762    0.15404033    0.00000000    0.15285760
T0             0.15411018    0.24347989    0.25290867    0.25837293    0.25509220    0.23354292    0.18964537    0.19469996    0.21675402    0.20061108    0.21110059    0.22197364    0.13243690    0.14201032    0.13530048    0.14254279    0.14217975    0.14510157    0.11577646    0.13746426    0.13823397    0.13844609    0.15285760    0.00000000

