24
T13            0.00000000    0.36382883    0.20275535    0.20296376    0.36180231    0.36491113    0.33684167    0.33986115    0.25826449    0.25212169    0.24907844    0.24572923    0.26648156    0.24213147    0.25721033    0.24842148    0.23443355    0.24723106    0.16492012    0.17000972    0.15725399    0.16189786    0.18464154    0.18484329
T4             0.36382883    0.00000000    0.24273175    0.26136452    0.52165570    0.52546086    0.48851912    0.49216660    0.38236360    0.37474257    0.37981165    0.37411301    0.38679975    0.36072011    0.37920816    0.36859471    0.33779656    0.38121937    0.37789452    0.38873961    0.38621826    0.37664753    0.42216110    0.41481089
T3             0.20275535    0.24273175    0.00000000    0.05413263    0.30640695    0.30930623    0.28356854    0.28639304    0.20644906    0.20085730    0.21210425    0.20901623    0.21184378    0.17133312    0.18195128    0.17679401    0.16381494    0.19452935    0.20296376    0.20831573    0.20364534    0.19471502    0.22944751    0.22679964
T6             0.20296376    0.26136452    0.05413263    0.00000000    0.29363565    0.29649067    0.27130856    0.27409212    0.20670285    0.20109532    0.20670285    0.20364534    0.20414636    0.16659048    0.17986378    0.17471134    0.16171624    0.19237967    0.20877326    0.21417881    0.20953045    0.19490996    0.22966764    0.22989786
T20            0.36180231    0.52165570    0.30640695    0.29363565    0.00000000    0.00200301    0.04776804    0.04770855    0.28274794    0.27632837    0.28274794    0.27038087    0.31906960    0.27592849    0.27038087    0.26448394    0.26174643    0.26843693    0.36125457    0.36803326    0.37545529    0.36748531    0.36808588    0.36856543
T1             0.36491113    0.52546086    0.30930623    0.29649067    0.00200301    0.00000000    0.04988294    0.04982533    0.28555791    0.27911767    0.28555791    0.27314933    0.32200328    0.27871842    0.27314933    0.26723191    0.26448394    0.27119372    0.36436327    0.37116882    0.37861850    0.37062080    0.37123652    0.37171550
T12            0.33684167    0.48851912    0.28356854    0.27130856    0.04776804    0.04988294    0.00000000    0.01210027    0.27632837    0.26999043    0.26924165    0.25721033    0.30203220    0.24874483    0.24942227    0.24370816    0.24037507    0.25212169    0.33638317    0.35710338    0.36072011    0.34243587    0.35032391    0.35073975
T14            0.33986115    0.49216660    0.28639304    0.27409212    0.04770855    0.04982533    0.01210027    0.00000000    0.27592849    0.26961068    0.27516125    0.26302243    0.29492474    0.25383671    0.25448940    0.24874483    0.24005860    0.25177879    0.33940317    0.36019897    0.36382883    0.34548137    0.35341122    0.35382603
T18            0.25826449    0.38236360    0.20644906    0.20670285    0.28274794    0.28555791    0.27632837    0.27592849    0.00000000    0.01626240    0.09030577    0.08369096    0.14236732    0.12240277    0.13228510    0.12253847    0.11320649    0.12447685    0.26487568    0.27078197    0.26448394    0.24572923    0.27443757    0.28113166
T7             0.25212169    0.37474257    0.20085730    0.20109532    0.27632837    0.27911767    0.26999043    0.26961068    0.01626240    0.00000000    0.08563079    0.07904853    0.14748594    0.11753411    0.12731945    0.11765786    0.10838478    0.12447685    0.25863671    0.26448394    0.25826449    0.24572923    0.27443757    0.28113166
T9             0.24907844    0.37981165    0.21210425    0.20670285    0.28274794    0.28555791    0.26924165    0.27516125    0.09030577    0.08563079    0.00000000    0.01617368    0.16535657    0.12704728    0.13198825    0.12717942    0.12268194    0.14407924    0.24942227    0.25518363    0.25901930    0.24874483    0.26203768    0.26853582
T0             0.24572923    0.37411301    0.20901623    0.20364534    0.27038087    0.27314933    0.25721033    0.26302243    0.08369096    0.07904853    0.01617368    0.00000000    0.16029214    0.12227487    0.12717942    0.12240277    0.11792847    0.13668882    0.25212169    0.25790268    0.26410273    0.25144620    0.25868776    0.26510885
T21            0.26648156    0.38679975    0.21184378    0.20414636    0.31906960    0.32200328    0.30203220    0.29492474    0.14236732    0.14748594    0.16535657    0.16029214    0.00000000    0.08772217    0.09475108    0.09017638    0.07662546    0.11563495    0.27238060    0.28151923    0.27592849    0.26302243    0.28602952    0.29283290
T23            0.24213147    0.36072011    0.17133312    0.16659048    0.27592849    0.27871842    0.24874483    0.25383671    0.12240277    0.11753411    0.12704728    0.12227487    0.08772217    0.00000000    0.02653213    0.01824824    0.03694690    0.08039474    0.23889360    0.24453371    0.24213147    0.22725347    0.25213018    0.25840087
T19            0.25721033    0.37920816    0.18195128    0.17986378    0.27038087    0.27314933    0.24942227    0.25448940    0.13228510    0.12731945    0.13198825    0.12717942    0.09475108    0.02653213    0.00000000    0.01212513    0.04765569    0.08741497    0.24780561    0.25352602    0.25112394    0.24481720    0.26725384    0.27375764
T15            0.24842148    0.36859471    0.17679401    0.17471134    0.26448394    0.26723191    0.24370816    0.24874483    0.12253847    0.11765786    0.12717942    0.12240277    0.09017638    0.01824824    0.01212513    0.00000000    0.03910462    0.07833241    0.23916967    0.24481720    0.24242653    0.23329834    0.25840087    0.26479250
T8             0.23443355    0.33779656    0.16381494    0.16171624    0.26174643    0.26448394    0.24037507    0.24005860    0.11320649    0.10838478    0.12268194    0.11792847    0.07662546    0.03694690    0.04765569    0.03910462    0.00000000    0.07162405    0.22828055    0.23384598    0.23443355    0.21111936    0.24130757    0.24751316
T11            0.24723106    0.38121937    0.19452935    0.19237967    0.26843693    0.27119372    0.25212169    0.25177879    0.12447685    0.12447685    0.14407924    0.13668882    0.11563495    0.08039474    0.08741497    0.07833241    0.07162405    0.00000000    0.24695936    0.25265687    0.24723106    0.23521671    0.25141991    0.25760457
T22            0.16492012    0.37789452    0.20296376    0.20877326    0.36125457    0.36436327    0.33638317    0.33940317    0.26487568    0.25863671    0.24942227    0.25212169    0.27238060    0.23889360    0.24780561    0.23916967    0.22828055    0.24695936    0.00000000    0.02037346    0.04770855    0.06055757    0.10587380    0.10123856
T2             0.17000972    0.38873961    0.20831573    0.21417881    0.36803326    0.37116882    0.35710338    0.36019897    0.27078197    0.26448394    0.25518363    0.25790268    0.28151923    0.24453371    0.25352602    0.24481720    0.23384598    0.25265687    0.02037346    0.00000000    0.04765569    0.07162405    0.11294425    0.10826153
T5             0.15725399    0.38621826    0.20364534    0.20953045    0.37545529    0.37861850    0.36072011    0.36382883    0.26448394    0.25826449    0.25901930    0.26410273    0.27592849    0.24213147    0.25112394    0.24242653    0.23443355    0.24723106    0.04770855    0.04765569    0.00000000    0.06952363    0.11078981    0.10611631
T16            0.16189786    0.37664753    0.19471502    0.19490996    0.36748531    0.37062080    0.34243587    0.34548137    0.24572923    0.24572923    0.24874483    0.25144620    0.26302243    0.22725347    0.24481720    0.23329834    0.21111936    0.23521671    0.06055757    0.07162405    0.06952363    0.00000000    0.08290017    0.08069747
T10            0.18464154    0.42216110    0.22944751    0.22966764    0.36808588    0.37123652    0.35032391    0.35341122    0.27443757    0.27443757    0.26203768    0.25868776    0.28602952    0.25213018    0.26725384    0.25840087    0.24130757    0.25141991    0.10587380    0.11294425    0.11078981    0.08290017    0.00000000    0.01417445
T17            0.18484329    0.41481089    0.22679964    0.22989786    0.36856543    0.37171550    0.35073975    0.35382603    0.28113166    0.28113166    0.26853582    0.26510885    0.29283290    0.25840087    0.27375764    0.26479250    0.24751316    0.25760457    0.10123856    0.10826153    0.10611631    0.08069747    0.01417445    0.00000000

