24
T15            0.00000000    0.26286241    0.29840074    0.28015743    0.30130379    0.26541247    0.27451106    0.26519693    0.28609642    0.25459763    0.25459763    0.24262374    0.27503130    0.33806789    0.31931382    0.33680031    0.27966573    0.25927067    0.25685661    0.24778477    0.27000850    0.26417011    0.26612575    0.32014665
T19            0.26286241    0.00000000    0.11523105    0.11306710    0.11752975    0.09428733    0.10134857    0.09652772    0.11294000    0.08298944    0.08760976    0.07833048    0.10611221    0.15765568    0.14767638    0.15570058    0.11349387    0.25653725    0.25413482    0.24155315    0.24424152    0.23568330    0.23520024    0.30368964
T23            0.29840074    0.11523105    0.00000000    0.05200350    0.14201260    0.11792344    0.12529776    0.12022454    0.13478010    0.10598741    0.11078539    0.10112915    0.13243899    0.19904614    0.19958812    0.20840251    0.15005629    0.27933429    0.27686050    0.26388678    0.27901402    0.27000850    0.26638561    0.33854220
T11            0.28015743    0.11306710    0.05200350    0.00000000    0.14235972    0.11822421    0.12563513    0.12052205    0.13512073    0.10412644    0.10653125    0.09685655    0.12813011    0.20240720    0.18622743    0.20046902    0.14788330    0.25593008    0.25350421    0.24103567    0.26723097    0.25837981    0.25484279    0.32913000
T21            0.30130379    0.11752975    0.14201260    0.14235972    0.00000000    0.11078539    0.11807001    0.11065655    0.12994407    0.11065655    0.11792344    0.10814208    0.13512073    0.21292478    0.20779392    0.20524231    0.14728683    0.27901402    0.27652786    0.26971726    0.29706839    0.28782066    0.28719977    0.35185020
T1             0.26541247    0.09428733    0.11792344    0.11822421    0.11078539    0.00000000    0.00603638    0.01006767    0.03280833    0.08298944    0.08298944    0.07380451    0.10851119    0.18622743    0.18676323    0.19543087    0.12795132    0.24103567    0.23860959    0.23230792    0.23787469    0.23520024    0.23475797    0.30006205
T9             0.27451106    0.10134857    0.12529776    0.12563513    0.11807001    0.00603638    0.00000000    0.01619040    0.03919219    0.08993606    0.08993606    0.08060896    0.11577817    0.18898423    0.18953538    0.19825803    0.13045254    0.24694017    0.24451418    0.24103567    0.24667941    0.24397918    0.24348560    0.30956440
T16            0.26519693    0.09652772    0.12022454    0.12052205    0.11065655    0.01006767    0.01619040    0.00000000    0.03488906    0.08519738    0.08519738    0.07599358    0.10598741    0.18872191    0.18925540    0.19794550    0.13027524    0.24079236    0.23835440    0.23209005    0.23765025    0.23497399    0.23455222    0.30932256
T2             0.28609642    0.11294000    0.13478010    0.13512073    0.12994407    0.03280833    0.03919219    0.03488906    0.00000000    0.10611221    0.10134857    0.09652772    0.12514067    0.20495076    0.20554301    0.21450601    0.14510428    0.24914138    0.24667941    0.24033679    0.24303369    0.24033679    0.23992283    0.33822893
T4             0.25459763    0.08298944    0.10598741    0.10412644    0.11065655    0.08298944    0.08993606    0.08519738    0.10611221    0.00000000    0.01626222    0.01008415    0.05221035    0.17607705    0.17118066    0.17962285    0.11855540    0.21912766    0.21675902    0.21067089    0.23568330    0.22723750    0.22678457    0.29183117
T6             0.25459763    0.08760976    0.11078539    0.10653125    0.11792344    0.08298944    0.08993606    0.08519738    0.10134857    0.01626222    0.00000000    0.01212505    0.05221035    0.17607705    0.17118066    0.17962285    0.11855540    0.23063109    0.22826261    0.22197874    0.23860959    0.23012152    0.22965197    0.29812622
T0             0.24262374    0.07833048    0.10112915    0.09685655    0.10814208    0.07380451    0.08060896    0.07599358    0.09652772    0.01008415    0.01212505    0.00000000    0.04776712    0.16512372    0.16028192    0.16849067    0.10864924    0.21607420    0.21369420    0.20768857    0.22965197    0.22130394    0.22090350    0.28848024
T5             0.27503130    0.10611221    0.13243899    0.12813011    0.13512073    0.10851119    0.11577817    0.10598741    0.12514067    0.05221035    0.05221035    0.04776712    0.00000000    0.18733404    0.18237975    0.19106685    0.12546258    0.26265923    0.26025689    0.24749289    0.26476924    0.25593008    0.25536518    0.30742706
T7             0.33806789    0.15765568    0.19904614    0.20240720    0.21292478    0.18622743    0.18898423    0.18872191    0.20495076    0.17607705    0.17607705    0.16512372    0.18733404    0.00000000    0.03701245    0.04349394    0.10653125    0.32781787    0.33224958    0.32531996    0.31636456    0.30681927    0.31597670    0.38346913
T12            0.31931382    0.14767638    0.19958812    0.18622743    0.20779392    0.18676323    0.18953538    0.18925540    0.20554301    0.17118066    0.17118066    0.16028192    0.18237975    0.03701245    0.00000000    0.01829836    0.09963297    0.31262950    0.31696896    0.31696896    0.30799138    0.29852580    0.30758884    0.39290108
T13            0.33680031    0.15570058    0.20840251    0.20046902    0.20524231    0.19543087    0.19825803    0.19794550    0.21450601    0.17962285    0.17962285    0.16849067    0.19106685    0.04349394    0.01829836    0.00000000    0.10701678    0.32334292    0.32786022    0.32786022    0.31174300    0.30220151    0.31131751    0.41155810
T22            0.27966573    0.11349387    0.15005629    0.14788330    0.14728683    0.12795132    0.13045254    0.13027524    0.14510428    0.11855540    0.11855540    0.10864924    0.12546258    0.10653125    0.09963297    0.10701678    0.00000000    0.26996223    0.27393035    0.26133773    0.26265923    0.25991760    0.26233161    0.34195112
T20            0.25927067    0.25653725    0.27933429    0.25593008    0.27901402    0.24103567    0.24694017    0.24079236    0.24914138    0.21912766    0.23063109    0.21607420    0.26265923    0.32781787    0.31262950    0.32334292    0.26996223    0.00000000    0.01827013    0.07433378    0.18051940    0.17804729    0.17759127    0.33524288
T17            0.25685661    0.25413482    0.27686050    0.25350421    0.27652786    0.23860959    0.24451418    0.23835440    0.24667941    0.21675902    0.22826261    0.21369420    0.26025689    0.33224958    0.31696896    0.32786022    0.27393035    0.01827013    0.00000000    0.07227668    0.17558382    0.17312893    0.17535011    0.33980972
T18            0.24778477    0.24155315    0.26388678    0.24103567    0.26971726    0.23230792    0.24103567    0.23209005    0.24033679    0.21067089    0.22197874    0.20768857    0.24749289    0.32531996    0.31696896    0.32786022    0.26133773    0.07433378    0.07227668    0.00000000    0.17512504    0.16734499    0.17490863    0.32828917
T8             0.27000850    0.24424152    0.27901402    0.26723097    0.29706839    0.23787469    0.24667941    0.23765025    0.24303369    0.23568330    0.23860959    0.22965197    0.26476924    0.31636456    0.30799138    0.31174300    0.26265923    0.18051940    0.17558382    0.17512504    0.00000000    0.01008415    0.04760879    0.33289014
T3             0.26417011    0.23568330    0.27000850    0.25837981    0.28782066    0.23520024    0.24397918    0.23497399    0.24033679    0.22723750    0.23012152    0.22130394    0.25593008    0.30681927    0.29852580    0.30220151    0.25991760    0.17804729    0.17312893    0.16734499    0.01008415    0.00000000    0.04120236    0.31971291
T14            0.26612575    0.23520024    0.26638561    0.25484279    0.28719977    0.23475797    0.24348560    0.23455222    0.23992283    0.22678457    0.22965197    0.22090350    0.25536518    0.31597670    0.30758884    0.31131751    0.26233161    0.17759127    0.17535011    0.17490863    0.04760879    0.04120236    0.00000000    0.34285120
T10            0.32014665    0.30368964    0.33854220    0.32913000    0.35185020    0.30006205    0.30956440    0.30932256    0.33822893    0.29183117    0.29812622    0.28848024    0.30742706    0.38346913    0.39290108    0.41155810    0.34195112    0.33524288    0.33980972    0.32828917    0.33289014    0.31971291    0.34285120    0.00000000

