24
T9             0.00000000    0.31748876    0.36223760    0.37480861    0.35773054    0.34068035    0.37164531    0.35247029    0.35555317    0.34542016    0.34028899    0.33046594    0.36755378    0.34108467    0.30865948    0.32079206    0.26387689    0.27308660    0.25508960    0.22414005    0.25018930    0.23519273    0.24371897    0.25508960
T20            0.31748876    0.00000000    0.06528046    0.09177921    0.07606153    0.06050834    0.06937915    0.10372279    0.15264378    0.13529915    0.13682080    0.12458805    0.15878181    0.12964163    0.11752767    0.12226795    0.24270048    0.26884461    0.26059420    0.24401855    0.25665415    0.24100411    0.25208568    0.25380350
T14            0.36223760    0.06528046    0.00000000    0.11334158    0.09711030    0.08088774    0.09487854    0.13102697    0.17933141    0.15593051    0.14728282    0.13477690    0.18028260    0.15809417    0.13764350    0.14767198    0.26719006    0.29772535    0.29911094    0.28168802    0.29542182    0.27843798    0.28357082    0.29159027
T19            0.37480861    0.09177921    0.11334158    0.00000000    0.05616945    0.05403064    0.06492403    0.14217853    0.19650991    0.17804125    0.17984744    0.16675532    0.19763398    0.16694165    0.15410901    0.15910499    0.28390046    0.29930782    0.31988150    0.30197461    0.31608047    0.29863777    0.30726340    0.30548885
T7             0.35773054    0.07606153    0.09711030    0.05616945    0.00000000    0.04338707    0.05413118    0.13277919    0.18100100    0.16291666    0.16207422    0.14931223    0.18482668    0.15205668    0.13948290    0.13932803    0.27197227    0.29685828    0.29817590    0.28077281    0.29439737    0.27754384    0.28919948    0.28750445
T8             0.34068035    0.06050834    0.08088774    0.05403064    0.04338707    0.00000000    0.04120213    0.11319946    0.15985268    0.14235594    0.14422102    0.13184382    0.16640847    0.12950376    0.12471376    0.12950376    0.25990592    0.27791083    0.28147461    0.27073741    0.28402281    0.26757998    0.27907215    0.27754559
T5             0.37164531    0.06937915    0.09487854    0.06492403    0.05413118    0.04120213    0.00000000    0.12084706    0.17905618    0.16097514    0.16490512    0.15205668    0.18503677    0.15224416    0.14217853    0.14710043    0.26920180    0.30635289    0.30773604    0.29341722    0.30738547    0.29011345    0.29863777    0.29685828
T13            0.35247029    0.10372279    0.13102697    0.14217853    0.13277919    0.11319946    0.12084706    0.00000000    0.17659750    0.15857045    0.16291666    0.15005187    0.17223531    0.14767198    0.13511717    0.14510009    0.24938652    0.26956969    0.30009110    0.27612484    0.28977137    0.28264630    0.27798556    0.27948105
T12            0.35555317    0.15264378    0.17933141    0.19650991    0.18100100    0.15985268    0.17905618    0.17659750    0.00000000    0.03930575    0.12298322    0.12067933    0.14966567    0.11838305    0.09921955    0.11838305    0.26681073    0.29972368    0.28875907    0.27798556    0.29156710    0.27798556    0.27350496    0.28147461
T22            0.34542016    0.13529915    0.15593051    0.17804125    0.16291666    0.14235594    0.16097514    0.15857045    0.03930575    0.00000000    0.10398297    0.09697891    0.13746301    0.09711030    0.07859361    0.09711030    0.25550784    0.30103998    0.27391496    0.26018459    0.27335913    0.26018459    0.26209635    0.26994828
T4             0.34028899    0.13682080    0.14728282    0.17984744    0.16207422    0.14422102    0.16490512    0.16291666    0.12298322    0.10398297    0.00000000    0.01212502    0.13461866    0.10879229    0.08298824    0.10159557    0.24508040    0.29930782    0.28509041    0.26798045    0.28122502    0.26798045    0.26681073    0.27791083
T18            0.33046594    0.12458805    0.13477690    0.16675532    0.14931223    0.13184382    0.15205668    0.15005187    0.12067933    0.09697891    0.01212502    0.00000000    0.12978741    0.09697891    0.07622013    0.08993454    0.23354015    0.28672374    0.27271712    0.25587968    0.26881298    0.25587968    0.25479506    0.26573644
T21            0.36755378    0.15878181    0.18028260    0.19763398    0.18482668    0.16640847    0.18503677    0.17223531    0.14966567    0.13746301    0.13461866    0.12978741    0.00000000    0.12994106    0.10814028    0.11522898    0.25957756    0.31088743    0.31646481    0.29863777    0.31264009    0.29863777    0.30058978    0.29240386
T17            0.34108467    0.12964163    0.15809417    0.16694165    0.15205668    0.12950376    0.15224416    0.14767198    0.11838305    0.09711030    0.10879229    0.09697891    0.12994106    0.00000000    0.06061063    0.07395207    0.24569676    0.29443259    0.26059420    0.24705131    0.25977221    0.24705131    0.25587968    0.26059420
T15            0.30865948    0.11752767    0.13764350    0.15410901    0.13948290    0.12471376    0.14217853    0.13511717    0.09921955    0.07859361    0.08298824    0.07622013    0.10814028    0.06061063    0.00000000    0.04770730    0.22300697    0.27233931    0.24270048    0.22943514    0.24170499    0.22943514    0.24333939    0.24508040
T3             0.32079206    0.12226795    0.14767198    0.15910499    0.13932803    0.12950376    0.14710043    0.14510009    0.11838305    0.09711030    0.10159557    0.08993454    0.11522898    0.07395207    0.04770730    0.00000000    0.23736465    0.28710851    0.25822579    0.24170499    0.25125271    0.24170499    0.25208568    0.24838876
T10            0.26387689    0.24270048    0.26719006    0.28390046    0.27197227    0.25990592    0.26920180    0.24938652    0.26681073    0.25550784    0.24508040    0.23354015    0.25957756    0.24569676    0.22300697    0.23736465    0.00000000    0.11961431    0.17067660    0.15593051    0.17170555    0.15546814    0.15005187    0.16490512
T16            0.27308660    0.26884461    0.29772535    0.29930782    0.29685828    0.27791083    0.30635289    0.26956969    0.29972368    0.30103998    0.29930782    0.28672374    0.31088743    0.29443259    0.27233931    0.28710851    0.11961431    0.00000000    0.21126883    0.19573519    0.21262824    0.20077152    0.19261123    0.19986450
T0             0.25508960    0.26059420    0.29911094    0.31988150    0.29817590    0.28147461    0.30773604    0.30009110    0.28875907    0.27391496    0.28509041    0.27271712    0.31646481    0.26059420    0.24270048    0.25822579    0.17067660    0.21126883    0.00000000    0.03697605    0.04765457    0.03904208    0.08078740    0.10372279
T1             0.22414005    0.24401855    0.28168802    0.30197461    0.28077281    0.27073741    0.29341722    0.27612484    0.27798556    0.26018459    0.26798045    0.25587968    0.29863777    0.24705131    0.22943514    0.24170499    0.15593051    0.19573519    0.03697605    0.00000000    0.02447260    0.01617887    0.06312965    0.08319247
T23            0.25018930    0.25665415    0.29542182    0.31608047    0.29439737    0.28402281    0.30738547    0.28977137    0.29156710    0.27335913    0.28122502    0.26881298    0.31264009    0.25977221    0.24170499    0.25125271    0.17170555    0.21262824    0.04765457    0.02447260    0.00000000    0.02447260    0.07662141    0.09474552
T2             0.23519273    0.24100411    0.27843798    0.29863777    0.27754384    0.26757998    0.29011345    0.28264630    0.27798556    0.26018459    0.26798045    0.25587968    0.29863777    0.24705131    0.22943514    0.24170499    0.15546814    0.20077152    0.03904208    0.01617887    0.02447260    0.00000000    0.06743807    0.08298824
T6             0.24371897    0.25208568    0.28357082    0.30726340    0.28919948    0.27907215    0.29863777    0.27798556    0.27350496    0.26209635    0.26681073    0.25479506    0.30058978    0.25587968    0.24333939    0.25208568    0.15005187    0.19261123    0.08078740    0.06312965    0.07662141    0.06743807    0.00000000    0.06511729
T11            0.25508960    0.25380350    0.29159027    0.30548885    0.28750445    0.27754559    0.29685828    0.27948105    0.28147461    0.26994828    0.27791083    0.26573644    0.29240386    0.26059420    0.24508040    0.24838876    0.16490512    0.19986450    0.10372279    0.08319247    0.09474552    0.08298824    0.06511729    0.00000000

