24
T21            0.00000000    0.16711552    0.14964811    0.20872092    0.19850389    0.18072551    0.19345039    0.19345039    0.18003608    0.20745901    0.19900681    0.18230874    0.19069518    0.26293167    0.26568232    0.26195431    0.30094288    0.28180577    0.26914417    0.25043439    0.21178742    0.21696514    0.20409135    0.21178742
T1             0.16711552    0.00000000    0.05418923    0.11729565    0.10813224    0.08298302    0.09651992    0.09651992    0.20462570    0.22155040    0.21864292    0.19622088    0.20154451    0.25286152    0.25014549    0.24715990    0.30790203    0.26019156    0.25712347    0.27155950    0.24664632    0.24597186    0.22676832    0.23763539
T0             0.14964811    0.05418923    0.00000000    0.08038862    0.06937606    0.05412908    0.07161832    0.07161832    0.17756139    0.20208133    0.19927190    0.17488008    0.17778392    0.23615860    0.23882628    0.23589324    0.28912288    0.23671940    0.24564978    0.25073365    0.21776128    0.22586810    0.20717923    0.21545725
T11            0.20872092    0.11729565    0.08038862    0.00000000    0.03914347    0.11982461    0.13405446    0.13405446    0.24503608    0.26914417    0.27227962    0.23856239    0.24474450    0.28399950    0.28684351    0.28061176    0.34060031    0.27834557    0.29092729    0.31922405    0.28949386    0.28876318    0.27469494    0.29272038
T18            0.19850389    0.10813224    0.06937606    0.03914347    0.00000000    0.10824717    0.12470308    0.12470308    0.22558739    0.24899358    0.25203369    0.22505516    0.22821543    0.27583303    0.27864165    0.26938043    0.32515780    0.27334552    0.28592731    0.29844299    0.28141014    0.28065178    0.26675198    0.27822473
T16            0.18072551    0.08298302    0.05412908    0.11982461    0.10824717    0.00000000    0.07394806    0.07394806    0.19927190    0.22480474    0.22187165    0.19875080    0.20180836    0.25921081    0.25647785    0.25344699    0.30917306    0.26053946    0.26675198    0.27822473    0.24699865    0.24029685    0.22708767    0.23796055
T3             0.19345039    0.09651992    0.07161832    0.13405446    0.12470308    0.07394806    0.00000000    0.00000000    0.20154451    0.23530995    0.23234205    0.20896213    0.21204603    0.25504751    0.25231793    0.25531246    0.30094288    0.25617073    0.26844360    0.28628803    0.27027503    0.26327860    0.24362458    0.25474265
T13            0.19345039    0.09651992    0.07161832    0.13405446    0.12470308    0.07394806    0.00000000    0.00000000    0.20154451    0.23530995    0.23234205    0.20896213    0.21204603    0.25504751    0.25231793    0.25531246    0.30094288    0.25617073    0.26844360    0.28628803    0.27027503    0.26327860    0.24362458    0.25474265
T10            0.18003608    0.20462570    0.17756139    0.24503608    0.22558739    0.19927190    0.20154451    0.20154451    0.00000000    0.11837047    0.11591926    0.09897478    0.10145927    0.27822473    0.27543487    0.26914417    0.31208298    0.28630567    0.27344029    0.26363606    0.24129917    0.23300597    0.20265454    0.21605662
T5             0.20745901    0.22155040    0.20208133    0.26914417    0.24899358    0.22480474    0.23530995    0.23530995    0.11837047    0.00000000    0.01826974    0.07422198    0.06527663    0.30476608    0.30189171    0.29855752    0.31931109    0.32407094    0.30913263    0.27426745    0.24544007    0.25388863    0.23827012    0.25242910
T9             0.19900681    0.21864292    0.19927190    0.27227962    0.25203369    0.22187165    0.23234205    0.23234205    0.11591926    0.01826974    0.00000000    0.07194913    0.06752394    0.29902865    0.29617683    0.29286473    0.31345808    0.31126751    0.30337252    0.26164573    0.23935974    0.25080155    0.23522996    0.24932281
T14            0.18230874    0.19622088    0.17488008    0.23856239    0.22505516    0.19875080    0.20896213    0.20896213    0.09897478    0.07422198    0.07194913    0.00000000    0.03280731    0.28461599    0.28180577    0.27861017    0.30873768    0.29286473    0.28305814    0.25136312    0.23003806    0.23829559    0.21411828    0.22846083
T4             0.19069518    0.20154451    0.17778392    0.24474450    0.22821543    0.20180836    0.21204603    0.21204603    0.10145927    0.06527663    0.06752394    0.03280731    0.00000000    0.28102547    0.27822473    0.27505950    0.30500195    0.28586680    0.27941362    0.25474265    0.22447490    0.23266915    0.20867004    0.21995030
T8             0.26293167    0.25286152    0.23615860    0.28399950    0.27583303    0.25921081    0.25504751    0.25504751    0.27822473    0.30476608    0.29902865    0.28461599    0.28102547    0.00000000    0.00200301    0.02234650    0.07587373    0.06066938    0.05407564    0.29060295    0.27366650    0.28176725    0.26534701    0.27056030
T15            0.26568232    0.25014549    0.23882628    0.28684351    0.27864165    0.25647785    0.25231793    0.25231793    0.27543487    0.30189171    0.29617683    0.28180577    0.27822473    0.00200301    0.00000000    0.02029403    0.07368068    0.05852488    0.05194559    0.28775204    0.27088253    0.27894890    0.26259529    0.26778595
T2             0.26195431    0.24715990    0.23589324    0.28061176    0.26938043    0.25344699    0.25531246    0.25531246    0.26914417    0.29855752    0.29286473    0.27861017    0.27505950    0.02234650    0.02029403    0.00000000    0.07358940    0.05412908    0.05194559    0.30383396    0.26470844    0.27583303    0.25952721    0.26470844
T6             0.30094288    0.30790203    0.28912288    0.34060031    0.32515780    0.30917306    0.30094288    0.30094288    0.31208298    0.31931109    0.31345808    0.30873768    0.30500195    0.07587373    0.07368068    0.07358940    0.00000000    0.10122614    0.09886749    0.35952042    0.30132149    0.32894325    0.31164813    0.31373752
T12            0.28180577    0.26019156    0.23671940    0.27834557    0.27334552    0.26053946    0.25617073    0.25617073    0.28630567    0.32407094    0.31126751    0.29286473    0.28586680    0.06066938    0.05852488    0.05412908    0.10122614    0.00000000    0.05859471    0.31750451    0.27748655    0.29272038    0.28180577    0.28065178
T20            0.26914417    0.25712347    0.24564978    0.29092729    0.28592731    0.26675198    0.26844360    0.26844360    0.27344029    0.30913263    0.30337252    0.28305814    0.27941362    0.05407564    0.05194559    0.05194559    0.09886749    0.05859471    0.00000000    0.29769542    0.27822473    0.27993742    0.26988744    0.27505950
T23            0.25043439    0.27155950    0.25073365    0.31922405    0.29844299    0.27822473    0.28628803    0.28628803    0.26363606    0.27426745    0.26164573    0.25136312    0.25474265    0.29060295    0.28775204    0.30383396    0.35952042    0.31750451    0.29769542    0.00000000    0.21722097    0.21153824    0.19369999    0.20409135
T7             0.21178742    0.24664632    0.21776128    0.28949386    0.28141014    0.24699865    0.27027503    0.27027503    0.24129917    0.24544007    0.23935974    0.23003806    0.22447490    0.27366650    0.27088253    0.26470844    0.30132149    0.27748655    0.27822473    0.21722097    0.00000000    0.17447546    0.15481668    0.16467932
T22            0.21696514    0.24597186    0.22586810    0.28876318    0.28065178    0.24029685    0.26327860    0.26327860    0.23300597    0.25388863    0.25080155    0.23829559    0.23266915    0.28176725    0.27894890    0.27583303    0.32894325    0.29272038    0.27993742    0.21153824    0.17447546    0.00000000    0.04977161    0.05616769
T19            0.20409135    0.22676832    0.20717923    0.27469494    0.26675198    0.22708767    0.24362458    0.24362458    0.20265454    0.23827012    0.23522996    0.21411828    0.20867004    0.26534701    0.26259529    0.25952721    0.31164813    0.28180577    0.26988744    0.19369999    0.15481668    0.04977161    0.00000000    0.02238870
T17            0.21178742    0.23763539    0.21545725    0.29272038    0.27822473    0.23796055    0.25474265    0.25474265    0.21605662    0.25242910    0.24932281    0.22846083    0.21995030    0.27056030    0.26778595    0.26470844    0.31373752    0.28065178    0.27505950    0.20409135    0.16467932    0.05616769    0.02238870    0.00000000

