24
T23            0.00000000    0.28243956    0.30097429    0.25277046    0.25240900    0.23115012    0.23734082    0.23798234    0.17779558    0.16753976    0.17020014    0.15242950    0.14453981    0.19371405    0.19120198    0.18321744    0.18026896    0.17757270    0.15703772    0.15482561    0.18192434    0.16919311    0.19095067    0.23228340
T16            0.28243956    0.00000000    0.04776555    0.16120290    0.16623902    0.15862496    0.14856662    0.14856662    0.29886654    0.26781036    0.29314491    0.26881473    0.27402454    0.29968457    0.30587431    0.29485656    0.29847476    0.29522627    0.28526680    0.27472231    0.32729473    0.30834897    0.33373253    0.34835652
T6             0.30097429    0.04776555    0.00000000    0.18192434    0.18173990    0.17924977    0.16105636    0.16105636    0.32478280    0.29236946    0.31548890    0.29030108    0.29560743    0.31548890    0.31842234    0.30714616    0.31084842    0.30753531    0.30060664    0.28990691    0.33327075    0.32092172    0.34687875    0.37931197
T10            0.25277046    0.16120290    0.18192434    0.00000000    0.01212493    0.09238782    0.12760700    0.12760700    0.27111223    0.25240900    0.26877648    0.24434490    0.24097771    0.28309100    0.27707568    0.27750559    0.27472897    0.27153231    0.25547797    0.24470864    0.31107107    0.29574205    0.31768618    0.33197712
T13            0.25240900    0.16623902    0.18173990    0.01212493    0.00000000    0.09697452    0.13242832    0.13242832    0.27387904    0.25511732    0.27153231    0.24702287    0.24364738    0.28589995    0.27347007    0.27794622    0.28073323    0.27750559    0.26441009    0.25044547    0.31058823    0.29528112    0.31712180    0.33239579
T9             0.23115012    0.15862496    0.17924977    0.09238782    0.09697452    0.00000000    0.11777663    0.11777663    0.24935878    0.22560527    0.23566805    0.21206208    0.20666268    0.25476697    0.25205776    0.24567168    0.24298997    0.24000359    0.22796342    0.21233055    0.29112305    0.27624807    0.30054976    0.32519345
T11            0.23734082    0.14856662    0.16105636    0.12760700    0.13242832    0.11777663    0.00000000    0.00804436    0.27153231    0.24666993    0.25352393    0.23866344    0.22356130    0.27070273    0.27111223    0.26129325    0.25856591    0.25547797    0.24298997    0.23302792    0.31156553    0.29290091    0.31477539    0.33419569
T14            0.23798234    0.14856662    0.16105636    0.12760700    0.13242832    0.11777663    0.00804436    0.00000000    0.26603110    0.23831795    0.24814196    0.23337504    0.21835787    0.26519972    0.26561020    0.25584890    0.25314211    0.25007312    0.23765662    0.22777669    0.30917402    0.29054322    0.31245086    0.32822139
T22            0.17779558    0.29886654    0.32478280    0.27111223    0.27387904    0.24935878    0.27153231    0.26603110    0.00000000    0.06276260    0.08982368    0.08528991    0.08982368    0.11548151    0.11562166    0.18253110    0.19598642    0.19322305    0.17222345    0.16206359    0.19851785    0.19095067    0.19732003    0.27158596
T5             0.16753976    0.26781036    0.29236946    0.25240900    0.25511732    0.22560527    0.24666993    0.23831795    0.06276260    0.00000000    0.08750315    0.07613514    0.08060557    0.10825114    0.10837378    0.17448563    0.18774175    0.18502350    0.15393979    0.14659452    0.19025046    0.18275107    0.19451786    0.26229339
T15            0.17020014    0.29314491    0.31548890    0.26877648    0.27153231    0.23566805    0.25352393    0.24814196    0.08982368    0.08750315    0.00000000    0.03910338    0.04334304    0.08078462    0.07650768    0.17222345    0.17468392    0.17202357    0.15169782    0.15204719    0.19299108    0.18004752    0.19229612    0.24836353
T0             0.15242950    0.26881473    0.29030108    0.24434490    0.24702287    0.21206208    0.23866344    0.23337504    0.08528991    0.07613514    0.03910338    0.00000000    0.02442139    0.06296115    0.06735293    0.16712532    0.17222345    0.16957016    0.14675198    0.13696214    0.18231996    0.16957016    0.17605540    0.23087154
T4             0.14453981    0.27402454    0.29560743    0.24097771    0.24364738    0.20666268    0.22356130    0.21835787    0.08982368    0.08060557    0.04334304    0.02442139    0.00000000    0.07169232    0.07177169    0.16732829    0.16712532    0.16449300    0.14184025    0.13211718    0.17983485    0.16712532    0.17360309    0.22533382
T21            0.19371405    0.29968457    0.31548890    0.28309100    0.28589995    0.25476697    0.27070273    0.26519972    0.11548151    0.10825114    0.08078462    0.06296115    0.07169232    0.00000000    0.03910338    0.20130434    0.20385268    0.20105840    0.17983485    0.17757270    0.21438732    0.20105840    0.21671309    0.26229339
T8             0.19120198    0.30587431    0.31842234    0.27707568    0.27347007    0.25205776    0.27111223    0.26561020    0.11562166    0.10837378    0.07650768    0.06735293    0.07177169    0.03910338    0.00000000    0.19322305    0.19025046    0.19299108    0.17202357    0.16977159    0.20897715    0.19574682    0.21124639    0.26881473
T2             0.18321744    0.29485656    0.30714616    0.27750559    0.27794622    0.24567168    0.26129325    0.25584890    0.18253110    0.17448563    0.17222345    0.16712532    0.16732829    0.20130434    0.19322305    0.00000000    0.04124026    0.03910338    0.05189771    0.11333580    0.21723738    0.20666268    0.20975832    0.28183640
T18            0.18026896    0.29847476    0.31084842    0.27472897    0.28073323    0.24298997    0.25856591    0.25314211    0.19598642    0.18774175    0.17468392    0.17222345    0.16712532    0.20385268    0.19025046    0.04124026    0.00000000    0.01413378    0.05185568    0.10837378    0.21131330    0.20360815    0.21233055    0.27681853
T17            0.17757270    0.29522627    0.30753531    0.27153231    0.27750559    0.24000359    0.25547797    0.25007312    0.19322305    0.18502350    0.17202357    0.16957016    0.16449300    0.20105840    0.19299108    0.03910338    0.01413378    0.00000000    0.04969103    0.11077807    0.21131330    0.20082168    0.20948857    0.27369203
T1             0.15703772    0.28526680    0.30060664    0.25547797    0.26441009    0.22796342    0.24298997    0.23765662    0.17222345    0.15393979    0.15169782    0.14675198    0.14184025    0.17983485    0.17202357    0.05189771    0.05185568    0.04969103    0.00000000    0.08750315    0.20082168    0.18774175    0.19902160    0.25075546
T12            0.15482561    0.27472231    0.28990691    0.24470864    0.25044547    0.21233055    0.23302792    0.22777669    0.16206359    0.14659452    0.15204719    0.13696214    0.13211718    0.17757270    0.16977159    0.11333580    0.10837378    0.11077807    0.08750315    0.00000000    0.18796766    0.17243196    0.19956172    0.23884519
T19            0.18192434    0.32729473    0.33327075    0.31107107    0.31058823    0.29112305    0.31156553    0.30917402    0.19851785    0.19025046    0.19299108    0.18231996    0.17983485    0.21438732    0.20897715    0.21723738    0.21131330    0.21131330    0.20082168    0.18796766    0.00000000    0.02031412    0.07394992    0.26913495
T7             0.16919311    0.30834897    0.32092172    0.29574205    0.29528112    0.27624807    0.29290091    0.29054322    0.19095067    0.18275107    0.18004752    0.16957016    0.16712532    0.20105840    0.19574682    0.20666268    0.20360815    0.20082168    0.18774175    0.17243196    0.02031412    0.00000000    0.06519355    0.25183565
T20            0.19095067    0.33373253    0.34687875    0.31768618    0.31712180    0.30054976    0.31477539    0.31245086    0.19732003    0.19451786    0.19229612    0.17605540    0.17360309    0.21671309    0.21124639    0.20975832    0.21233055    0.20948857    0.19902160    0.19956172    0.07394992    0.06519355    0.00000000    0.27962350
T3             0.23228340    0.34835652    0.37931197    0.33197712    0.33239579    0.32519345    0.33419569    0.32822139    0.27158596    0.26229339    0.24836353    0.23087154    0.22533382    0.26229339    0.26881473    0.28183640    0.27681853    0.27369203    0.25075546    0.23884519    0.26913495    0.25183565    0.27962350    0.00000000

