24
T22            0.00000000    0.28436222    0.27001320    0.34457483    0.31489291    0.31855908    0.32152290    0.32449908    0.35113568    0.14455305    0.14967088    0.14915259    0.13982138    0.15026294    0.26958732    0.26958732    0.25210111    0.12008812    0.12563589    0.12514148    0.12778111    0.12746242    0.09698125    0.11065720
T17            0.28436222    0.00000000    0.03479702    0.40679460    0.37460297    0.38864838    0.38462043    0.38139239    0.44548485    0.28920461    0.29242355    0.28815359    0.27407081    0.28957764    0.42098738    0.42098738    0.40324309    0.31455398    0.32268002    0.32904693    0.32863830    0.32785867    0.28782605    0.30867948
T2             0.27001320    0.03479702    0.00000000    0.38260105    0.35151299    0.36586343    0.36121838    0.35808497    0.41985058    0.27477115    0.27792905    0.27373706    0.25686049    0.27513768    0.39996666    0.39996666    0.38272279    0.29962394    0.30759465    0.31383432    0.31343353    0.31598311    0.27341429    0.29707411
T6             0.34457483    0.40679460    0.38260105    0.00000000    0.06289059    0.07631135    0.07169538    0.07613853    0.16050794    0.37857100    0.38613049    0.38061208    0.35866320    0.37540806    0.52199502    0.52199502    0.51530496    0.39510939    0.40380420    0.40984059    0.40269688    0.38763558    0.37635595    0.41822715
T3             0.31489291    0.37460297    0.35151299    0.06289059    0.00000000    0.05621495    0.05182153    0.05613191    0.14747866    0.35040470    0.35758352    0.35249925    0.32782426    0.34029621    0.49162598    0.49162598    0.47632000    0.37028501    0.37484051    0.38441549    0.38120970    0.36669597    0.34850572    0.37754149
T5             0.31855908    0.38864838    0.36586343    0.07631135    0.05621495    0.00000000    0.01619041    0.02029436    0.15026294    0.34285851    0.34991041    0.35915883    0.33776003    0.35040470    0.48206171    0.48206171    0.47992617    0.36000609    0.36444648    0.36669597    0.36713303    0.35648045    0.33849399    0.37073506
T1             0.32152290    0.38462043    0.36121838    0.07169538    0.05182153    0.01619041    0.00000000    0.00401105    0.15005743    0.34942914    0.35655655    0.35867887    0.33034773    0.34991041    0.48570112    0.48570112    0.48355007    0.36669597    0.37119901    0.37345086    0.37390005    0.36313258    0.34500465    0.37754149
T11            0.32449908    0.38139239    0.35808497    0.07613853    0.05613191    0.02029436    0.00401105    0.00000000    0.14986007    0.34896090    0.35606288    0.35821230    0.32990168    0.34590326    0.48935865    0.48935865    0.48719190    0.36984890    0.37436328    0.37663072    0.37707902    0.36627276    0.34806363    0.38073377
T4             0.35113568    0.44548485    0.41985058    0.16050794    0.14747866    0.15026294    0.15005743    0.14986007    0.00000000    0.38933586    0.39704125    0.39518454    0.37659767    0.38613049    0.56515398    0.56515398    0.54815801    0.41611918    0.41217541    0.42218646    0.41883418    0.41097772    0.39195128    0.42681637
T21            0.14455305    0.28920461    0.27477115    0.37857100    0.35040470    0.34285851    0.34942914    0.34896090    0.38933586    0.00000000    0.00806485    0.02656500    0.10879532    0.11593459    0.30061253    0.30061253    0.27909158    0.16380855    0.15928481    0.16658337    0.16939436    0.17697460    0.14472905    0.17470263
T9             0.14967088    0.29242355    0.27792905    0.38613049    0.35758352    0.34991041    0.35655655    0.35606288    0.39704125    0.00806485    0.00000000    0.03077602    0.10879532    0.11593459    0.29402560    0.29402560    0.27273533    0.16380855    0.15928481    0.16658337    0.16414200    0.17166640    0.14218319    0.17470263
T7             0.14915259    0.28815359    0.27373706    0.38061208    0.35249925    0.35915883    0.35867887    0.35821230    0.39518454    0.02656500    0.03077602    0.00000000    0.10598800    0.11306777    0.30927524    0.30927524    0.28752451    0.17149198    0.16694777    0.17965003    0.17717195    0.18483404    0.15188256    0.18213693
T19            0.13982138    0.27407081    0.25686049    0.35866320    0.32782426    0.33776003    0.33034773    0.32990168    0.37659767    0.10879532    0.10879532    0.10598800    0.00000000    0.08809056    0.29250401    0.29250401    0.28315068    0.16414200    0.16491152    0.16694777    0.16978996    0.17204143    0.14472905    0.16978996
T13            0.15026294    0.28957764    0.27513768    0.37540806    0.34029621    0.35040470    0.34991041    0.34590326    0.38613049    0.11593459    0.11593459    0.11306777    0.08809056    0.00000000    0.30440074    0.30440074    0.28922132    0.17184956    0.17266902    0.18006798    0.17759299    0.18526356    0.15744744    0.18029017
T12            0.26958732    0.42098738    0.39996666    0.52199502    0.49162598    0.48206171    0.48570112    0.48935865    0.56515398    0.30061253    0.29402560    0.30927524    0.29250401    0.30440074    0.00000000    0.00000000    0.02442168    0.29605746    0.31114354    0.31747076    0.31356875    0.31697459    0.28511068    0.30017328
T0             0.26958732    0.42098738    0.39996666    0.52199502    0.49162598    0.48206171    0.48570112    0.48935865    0.56515398    0.30061253    0.29402560    0.30927524    0.29250401    0.30440074    0.00000000    0.00000000    0.02442168    0.29605746    0.31114354    0.31747076    0.31356875    0.31697459    0.28511068    0.30017328
T8             0.25210111    0.40324309    0.38272279    0.51530496    0.47632000    0.47992617    0.48355007    0.48719190    0.54815801    0.27909158    0.27273533    0.28752451    0.28315068    0.28922132    0.02442168    0.02442168    0.00000000    0.27792905    0.29250401    0.29866126    0.29489451    0.29819890    0.26720789    0.28430547
T10            0.12008812    0.31455398    0.29962394    0.39510939    0.37028501    0.36000609    0.36669597    0.36984890    0.41611918    0.16380855    0.16380855    0.17149198    0.16414200    0.17184956    0.29605746    0.29605746    0.27792905    0.00000000    0.03701252    0.03904234    0.04120246    0.04541863    0.07162276    0.11500424
T14            0.12563589    0.32268002    0.30759465    0.40380420    0.37484051    0.36444648    0.37119901    0.37436328    0.41217541    0.15928481    0.15928481    0.16694777    0.16491152    0.17266902    0.31114354    0.31114354    0.29250401    0.03701252    0.00000000    0.03705521    0.04139689    0.04559765    0.06743919    0.11065720
T16            0.12514148    0.32904693    0.31383432    0.40984059    0.38441549    0.36669597    0.37345086    0.37663072    0.42218646    0.16658337    0.16658337    0.17965003    0.16694777    0.18006798    0.31747076    0.31747076    0.29866126    0.03904234    0.03705521    0.00000000    0.04554298    0.04977375    0.07622143    0.12239868
T20            0.12778111    0.32863830    0.31343353    0.40269688    0.38120970    0.36713303    0.37390005    0.37707902    0.41883418    0.16939436    0.16414200    0.17717195    0.16978996    0.17759299    0.31356875    0.31356875    0.29489451    0.04120246    0.04139689    0.04554298    0.00000000    0.04120246    0.07403802    0.12253413
T15            0.12746242    0.32785867    0.31598311    0.38763558    0.36669597    0.35648045    0.36313258    0.36627276    0.41097772    0.17697460    0.17166640    0.18483404    0.17204143    0.18526356    0.31697459    0.31697459    0.29819890    0.04541863    0.04559765    0.04977375    0.04120246    0.00000000    0.07841185    0.12471702
T18            0.09698125    0.28782605    0.27341429    0.37635595    0.34850572    0.33849399    0.34500465    0.34806363    0.39195128    0.14472905    0.14218319    0.15188256    0.14472905    0.15744744    0.28511068    0.28511068    0.26720789    0.07162276    0.06743919    0.07622143    0.07403802    0.07841185    0.00000000    0.08972839
T23            0.11065720    0.30867948    0.29707411    0.41822715    0.37754149    0.37073506    0.37754149    0.38073377    0.42681637    0.17470263    0.17470263    0.18213693    0.16978996    0.18029017    0.30017328    0.30017328    0.28430547    0.11500424    0.11065720    0.12239868    0.12253413    0.12471702    0.08972839    0.00000000

