24
T11            0.00000000    0.33842093    0.39510827    0.35966606    0.35383503    0.35383503    0.40897253    0.32673789    0.33543529    0.30842853    0.30446170    0.31131591    0.22777822    0.22743911    0.19289736    0.19791751    0.19451896    0.19451896    0.20044089    0.20551459    0.16998239    0.16246782    0.15153618    0.15169844
T12            0.33842093    0.00000000    0.08308398    0.06704146    0.07215849    0.07444194    0.11608790    0.29724873    0.30268766    0.28031203    0.27103821    0.27753585    0.28679270    0.31312150    0.25156692    0.24359967    0.24586139    0.24586139    0.25020883    0.25558703    0.29102921    0.27562376    0.27430092    0.28679270
T8             0.39510827    0.08308398    0.00000000    0.06727689    0.10411912    0.10652345    0.14509094    0.32478585    0.34141870    0.32471229    0.31477861    0.32177689    0.33839525    0.36340050    0.27753585    0.27562376    0.27153452    0.27153452    0.28920969    0.29485911    0.32537191    0.31949370    0.31447757    0.33129774
T15            0.35966606    0.06704146    0.06727689    0.00000000    0.08502195    0.08273332    0.12214362    0.32685287    0.33956776    0.31603105    0.30629082    0.31312150    0.33075511    0.33373589    0.28031203    0.27517220    0.27111441    0.27111441    0.27562376    0.28118675    0.30769339    0.29621683    0.28505594    0.30769339
T5             0.35383503    0.07215849    0.10411912    0.08502195    0.00000000    0.01010148    0.11380671    0.32378152    0.31594101    0.29644179    0.28031203    0.28691708    0.31421470    0.32649186    0.26060395    0.26189990    0.26417179    0.26417179    0.25918595    0.26462401    0.29152359    0.28260470    0.27794856    0.29054581
T9             0.35383503    0.07444194    0.10652345    0.08273332    0.01010148    0.00000000    0.11380671    0.32033091    0.31594101    0.29644179    0.28031203    0.28691708    0.32118852    0.33717649    0.26703893    0.26829358    0.26417179    0.26417179    0.27201496    0.27753585    0.29821706    0.28589628    0.28444606    0.29719466
T3             0.40897253    0.11608790    0.14509094    0.12214362    0.11380671    0.11380671    0.00000000    0.36397978    0.37529568    0.35759775    0.34707328    0.35454258    0.37692997    0.37379562    0.32329157    0.32424733    0.31945244    0.31945244    0.33577316    0.34174498    0.35550844    0.33122091    0.34745108    0.36542492
T17            0.32673789    0.29724873    0.32478585    0.32685287    0.32378152    0.32033091    0.36397978    0.00000000    0.13917486    0.11730008    0.10783641    0.10547198    0.31045105    0.31671125    0.24476648    0.23009670    0.22962905    0.22962905    0.25892937    0.25834841    0.27648934    0.25619485    0.27369412    0.25317234
T19            0.33543529    0.30268766    0.34141870    0.33956776    0.31594101    0.31594101    0.37529568    0.13917486    0.00000000    0.06276270    0.05621342    0.05621342    0.32135518    0.33598079    0.25162496    0.25391784    0.25314399    0.25314399    0.26287691    0.27153452    0.27986569    0.26480173    0.26991766    0.26641340
T18            0.30842853    0.28031203    0.32471229    0.31603105    0.29644179    0.29644179    0.35759775    0.11730008    0.06276270    0.00000000    0.01008407    0.01008407    0.28224600    0.30817639    0.21639087    0.21866309    0.21806483    0.21806483    0.23302951    0.23831959    0.26092579    0.22910403    0.24901859    0.24567337
T0             0.30446170    0.27103821    0.31477861    0.30629082    0.28031203    0.28031203    0.34707328    0.10783641    0.05621342    0.01008407    0.00000000    0.00401610    0.27944696    0.30529032    0.21381467    0.21607659    0.21547618    0.21547618    0.23039905    0.23566966    0.25819765    0.22647941    0.24632879    0.24299163
T23            0.31131591    0.27753585    0.32177689    0.31312150    0.28691708    0.28691708    0.35454258    0.10547198    0.05621342    0.01008407    0.00401610    0.00000000    0.28590236    0.31207455    0.21963125    0.22189314    0.22125901    0.22125901    0.23637210    0.24167861    0.26441211    0.23236441    0.25241083    0.24901859
T7             0.22777822    0.28679270    0.33839525    0.33075511    0.31421470    0.32118852    0.37692997    0.31045105    0.32135518    0.28224600    0.27944696    0.28590236    0.00000000    0.17243277    0.12777019    0.13493568    0.13711885    0.13711885    0.13197395    0.13418620    0.20130545    0.19346508    0.19828075    0.20082278
T10            0.22743911    0.31312150    0.36340050    0.33373589    0.32649186    0.33717649    0.37379562    0.31671125    0.33598079    0.30817639    0.30529032    0.31207455    0.17243277    0.00000000    0.13980893    0.13947580    0.13696264    0.13696264    0.14437305    0.14914025    0.20209832    0.19598748    0.19299209    0.19003604
T6             0.19289736    0.25156692    0.27753585    0.28031203    0.26060395    0.26703893    0.32329157    0.24476648    0.25162496    0.21639087    0.21381467    0.21963125    0.12777019    0.13980893    0.00000000    0.05419037    0.06067071    0.06067071    0.06073880    0.06504450    0.15764004    0.14727405    0.14709206    0.13932130
T22            0.19791751    0.24359967    0.27562376    0.27517220    0.26189990    0.26829358    0.32424733    0.23009670    0.25391784    0.21866309    0.21607659    0.22189314    0.13493568    0.13947580    0.05419037    0.00000000    0.01007279    0.01007279    0.06504450    0.06937765    0.16246782    0.14947643    0.15186899    0.14914025
T14            0.19451896    0.24586139    0.27153452    0.27111441    0.26417179    0.26417179    0.31945244    0.22962905    0.25314399    0.21806483    0.21547618    0.22125901    0.13711885    0.13696264    0.06067071    0.01007279    0.00000000    0.00000000    0.07162005    0.07599115    0.16468974    0.14691822    0.15410093    0.15138224
T20            0.19451896    0.24586139    0.27153452    0.27111441    0.26417179    0.26417179    0.31945244    0.22962905    0.25314399    0.21806483    0.21547618    0.22125901    0.13711885    0.13696264    0.06067071    0.01007279    0.00000000    0.00000000    0.07162005    0.07599115    0.16468974    0.14691822    0.15410093    0.15138224
T13            0.20044089    0.25020883    0.28920969    0.27562376    0.25918595    0.27201496    0.33577316    0.25892937    0.26287691    0.23302951    0.23039905    0.23637210    0.13197395    0.14437305    0.06073880    0.06504450    0.07162005    0.07162005    0.00000000    0.00804847    0.16532849    0.15263361    0.15243015    0.14709206
T1             0.20551459    0.25558703    0.29485911    0.28118675    0.26462401    0.27753585    0.34174498    0.25834841    0.27153452    0.23831959    0.23566966    0.24167861    0.13418620    0.14914025    0.06504450    0.06937765    0.07599115    0.07599115    0.00804847    0.00000000    0.17020095    0.15743120    0.15723064    0.15186899
T21            0.16998239    0.29102921    0.32537191    0.30769339    0.29152359    0.29821706    0.35550844    0.27648934    0.27986569    0.26092579    0.25819765    0.26441211    0.20130545    0.20209832    0.15764004    0.16246782    0.16468974    0.16468974    0.16532849    0.17020095    0.00000000    0.11961028    0.11219625    0.12183246
T2             0.16246782    0.27562376    0.31949370    0.29621683    0.28260470    0.28589628    0.33122091    0.25619485    0.26480173    0.22910403    0.22647941    0.23236441    0.19346508    0.19598748    0.14727405    0.14947643    0.14691822    0.14691822    0.15263361    0.15743120    0.11961028    0.00000000    0.08266357    0.08502195
T4             0.15153618    0.27430092    0.31447757    0.28505594    0.27794856    0.28444606    0.34745108    0.27369412    0.26991766    0.24901859    0.24632879    0.25241083    0.19828075    0.19299209    0.14709206    0.15186899    0.15410093    0.15410093    0.15243015    0.15723064    0.11219625    0.08266357    0.00000000    0.04330639
T16            0.15169844    0.28679270    0.33129774    0.30769339    0.29054581    0.29719466    0.36542492    0.25317234    0.26641340    0.24567337    0.24299163    0.24901859    0.20082278    0.19003604    0.13932130    0.14914025    0.15138224    0.15138224    0.14709206    0.15186899    0.12183246    0.08502195    0.04330639    0.00000000

