24
T20            0.00000000    0.26752696    0.27754978    0.27651959    0.25141577    0.31553873    0.29074881    0.23647760    0.25048261    0.26920595    0.26024864    0.25622120    0.24128340    0.23972520    0.19256965    0.19705789    0.14884492    0.14645364    0.16958298    0.11053395    0.11320021    0.13879040    0.13198075    0.16431710
T4             0.26752696    0.00000000    0.02653179    0.05403075    0.13010358    0.17737271    0.14931338    0.13171648    0.15621108    0.17203646    0.16170485    0.36899458    0.35111423    0.32392903    0.28316688    0.28530084    0.26842094    0.26563318    0.29640101    0.25865912    0.26920595    0.29640101    0.28847831    0.31522736
T19            0.27754978    0.02653179    0.00000000    0.05194759    0.13045015    0.17781099    0.14710165    0.12950456    0.15394919    0.16713807    0.15946338    0.36273715    0.34498379    0.33173963    0.28711322    0.29564784    0.26587073    0.26309594    0.28749628    0.26850203    0.27948602    0.30680901    0.29564784    0.32266185
T10            0.27651959    0.05403075    0.05194759    0.00000000    0.13494416    0.17184470    0.14407060    0.13904342    0.15863401    0.17449860    0.16413760    0.38217804    0.36397184    0.33632946    0.29167614    0.30353786    0.27732201    0.27450454    0.30574475    0.26445696    0.27829151    0.31228699    0.29776410    0.32150544
T17            0.25141577    0.13010358    0.13045015    0.13494416    0.00000000    0.14767340    0.12812773    0.11577638    0.13697031    0.14985604    0.13981793    0.34635025    0.32902799    0.30925746    0.25380690    0.26265120    0.25809766    0.25535869    0.28599206    0.24570013    0.25317691    0.28035281    0.26957399    0.30549417
T13            0.31553873    0.17737271    0.17781099    0.17184470    0.14767340    0.00000000    0.04128632    0.17534619    0.19278410    0.20977981    0.19878399    0.43433042    0.41405184    0.38734902    0.32483499    0.33473301    0.33161716    0.32861962    0.34193804    0.32187766    0.33081351    0.36688423    0.35501057    0.38058513
T11            0.29074881    0.14931338    0.14710165    0.14407060    0.12812773    0.04128632    0.00000000    0.15205796    0.16938959    0.18572251    0.17512128    0.39701035    0.37796946    0.33823371    0.29318628    0.30260580    0.30318190    0.30028802    0.31970141    0.29359222    0.30534032    0.34378797    0.32530624    0.34988806
T15            0.23647760    0.13171648    0.12950456    0.13904342    0.11577638    0.17534619    0.15205796    0.00000000    0.07613759    0.09004982    0.08088816    0.36796342    0.34988806    0.32283286    0.26608788    0.27754978    0.24033173    0.23764522    0.26722361    0.22798579    0.23801123    0.27340165    0.25048261    0.28214348
T3             0.25048261    0.15621108    0.15394919    0.15863401    0.13697031    0.19278410    0.16938959    0.07613759    0.00000000    0.02859727    0.01617887    0.36636490    0.34848428    0.32483499    0.26816620    0.28918993    0.26387994    0.26112113    0.28564081    0.24538673    0.25588390    0.29203658    0.27475768    0.30757795
T1             0.26920595    0.17203646    0.16713807    0.17449860    0.14985604    0.20977981    0.18572251    0.09004982    0.02859727    0.00000000    0.01212503    0.37424695    0.35962858    0.34281172    0.28429073    0.30260580    0.27030306    0.27061597    0.29564784    0.26095819    0.27200598    0.30549417    0.29443800    0.32827537
T18            0.26024864    0.16170485    0.15946338    0.16413760    0.13981793    0.19878399    0.17512128    0.08088816    0.01617887    0.01212503    0.00000000    0.37480712    0.36013489    0.32578966    0.26884862    0.28672829    0.26140573    0.26170107    0.28635456    0.25208947    0.26291473    0.29279168    0.28187679    0.31509037
T16            0.25622120    0.36899458    0.36273715    0.38217804    0.34635025    0.43433042    0.39701035    0.36796342    0.36636490    0.37424695    0.37480712    0.00000000    0.01010157    0.25010668    0.20749778    0.19236432    0.28918993    0.28635456    0.30549417    0.26095819    0.26798519    0.29564784    0.26644614    0.32234923
T23            0.24128340    0.35111423    0.34498379    0.36397184    0.32902799    0.41405184    0.37796946    0.34988806    0.34848428    0.35962858    0.36013489    0.01010157    0.00000000    0.24100772    0.19904114    0.18425167    0.27340165    0.27061597    0.28918993    0.24570013    0.25244172    0.27965714    0.25109437    0.30549417
T5             0.23972520    0.32392903    0.33173963    0.33632946    0.30925746    0.38734902    0.33823371    0.32283286    0.32483499    0.34281172    0.32578966    0.25010668    0.24100772    0.00000000    0.05646184    0.10825627    0.26644614    0.26369691    0.28228527    0.23604499    0.23979270    0.26719450    0.24437706    0.29626464
T9             0.19256965    0.28316688    0.28711322    0.29167614    0.25380690    0.32483499    0.29318628    0.26608788    0.26816620    0.28429073    0.26884862    0.20749778    0.19904114    0.05646184    0.00000000    0.07162195    0.21440753    0.21182313    0.23471487    0.18596822    0.19482519    0.21725847    0.20157911    0.25208947
T0             0.19705789    0.28530084    0.29564784    0.30353786    0.26265120    0.33473301    0.30260580    0.27754978    0.28918993    0.30260580    0.28672829    0.19236432    0.18425167    0.10825627    0.07162195    0.00000000    0.21325904    0.21066667    0.23620088    0.18482837    0.19072543    0.21889637    0.19489447    0.24748628
T7             0.14884492    0.26842094    0.26587073    0.27732201    0.25809766    0.33161716    0.30318190    0.24033173    0.26387994    0.27030306    0.26140573    0.28918993    0.27340165    0.26644614    0.21440753    0.21325904    0.00000000    0.00200301    0.05433256    0.12513875    0.14314720    0.15394919    0.14454946    0.19072543
T8             0.14645364    0.26563318    0.26309594    0.27450454    0.25535869    0.32861962    0.30028802    0.23764522    0.26112113    0.27061597    0.26170107    0.28635456    0.27061597    0.26369691    0.21182313    0.21066667    0.00200301    0.00000000    0.05220991    0.12282560    0.14079262    0.15154491    0.14217967    0.18821953
T22            0.16958298    0.29640101    0.28749628    0.30574475    0.28599206    0.34193804    0.31970141    0.26722361    0.28564081    0.29564784    0.28635456    0.30549417    0.28918993    0.28228527    0.23471487    0.23620088    0.05433256    0.05220991    0.00000000    0.14530156    0.15882285    0.16958298    0.16534210    0.21321624
T12            0.11053395    0.25865912    0.26850203    0.26445696    0.24570013    0.32187766    0.29359222    0.22798579    0.24538673    0.26095819    0.25208947    0.26095819    0.24570013    0.23604499    0.18596822    0.18482837    0.12513875    0.12282560    0.14530156    0.00000000    0.07662186    0.09634452    0.09215909    0.12731210
T14            0.11320021    0.26920595    0.27948602    0.27829151    0.25317691    0.33081351    0.30534032    0.23801123    0.25588390    0.27200598    0.26291473    0.26798519    0.25244172    0.23979270    0.19482519    0.19072543    0.14314720    0.14079262    0.15882285    0.07662186    0.00000000    0.12298418    0.11644428    0.15569697
T21            0.13879040    0.29640101    0.30680901    0.31228699    0.28035281    0.36688423    0.34378797    0.27340165    0.29203658    0.30549417    0.29279168    0.29564784    0.27965714    0.26719450    0.21725847    0.21889637    0.15394919    0.15154491    0.16958298    0.09634452    0.12298418    0.00000000    0.05646184    0.08771815
T6             0.13198075    0.28847831    0.29564784    0.29776410    0.26957399    0.35501057    0.32530624    0.25048261    0.27475768    0.29443800    0.28187679    0.26644614    0.25109437    0.24437706    0.20157911    0.19489447    0.14454946    0.14217967    0.16534210    0.09215909    0.11644428    0.05646184    0.00000000    0.07880524
T2             0.16431710    0.31522736    0.32266185    0.32150544    0.30549417    0.38058513    0.34988806    0.28214348    0.30757795    0.32827537    0.31509037    0.32234923    0.30549417    0.29626464    0.25208947    0.24748628    0.19072543    0.18821953    0.21321624    0.12731210    0.15569697    0.08771815    0.07880524    0.00000000

