24
T0             0.00000000    0.23710512    0.21160563    0.23475986    0.21989644    0.14001353    0.13279582    0.12995542    0.13966211    0.19457295    0.19737742    0.19809590    0.19533823    0.17739659    0.19809590    0.16317454    0.16209589    0.21068679    0.20588679    0.17514585    0.15746368    0.17908916    0.18458998    0.07387845
T12            0.23710512    0.00000000    0.05182252    0.14256011    0.13229040    0.25450971    0.24607294    0.23415137    0.25757234    0.32934903    0.32588171    0.31138267    0.30805441    0.27760986    0.29651884    0.25556840    0.27240440    0.30355019    0.29826147    0.28475550    0.28410539    0.29116207    0.29784209    0.23624108
T21            0.21160563    0.05182252    0.00000000    0.12779205    0.12515130    0.23773130    0.23180605    0.21444174    0.23710512    0.30643811    0.30978891    0.29247441    0.28925366    0.25417758    0.26545692    0.23211636    0.24844034    0.27835494    0.27317447    0.26650436    0.25943650    0.26932064    0.27344162    0.21090861
T18            0.23475986    0.14256011    0.12779205    0.00000000    0.07651659    0.24675344    0.23839734    0.22362691    0.24675344    0.30400225    0.30735313    0.28287396    0.27971448    0.26339395    0.28115669    0.26340478    0.27398762    0.30542767    0.30018592    0.27676582    0.26976521    0.27344162    0.28323256    0.23093438
T23            0.21989644    0.13229040    0.12515130    0.07651659    0.00000000    0.22277347    0.21470129    0.20063977    0.21989644    0.28396942    0.28077949    0.28253122    0.27938177    0.25146578    0.27203557    0.24443035    0.26101552    0.29826147    0.29303036    0.26065392    0.24747448    0.25092246    0.25712453    0.21349952
T2             0.14001353    0.25450971    0.23773130    0.24675344    0.22277347    0.00000000    0.00602416    0.02444439    0.03483272    0.18901095    0.18625306    0.19351194    0.19075416    0.16229479    0.17987321    0.14574659    0.15767389    0.18928302    0.18458998    0.17339549    0.15572007    0.16660592    0.16392210    0.13698408
T10            0.13279582    0.24607294    0.23180605    0.23839734    0.21470129    0.00602416    0.00000000    0.01827040    0.02857299    0.18128993    0.17856219    0.18575077    0.18302314    0.15485721    0.17225952    0.13846538    0.15027890    0.18155662    0.17690771    0.16583677    0.14833963    0.15910856    0.15645330    0.12980110
T17            0.12995542    0.23415137    0.21444174    0.22362691    0.20063977    0.02444439    0.01827040    0.00000000    0.02233529    0.17584930    0.17315110    0.18031035    0.17761226    0.15746368    0.17492870    0.12582814    0.14256011    0.17339549    0.16876856    0.15789239    0.14060064    0.15118487    0.14857140    0.12240697
T15            0.13966211    0.25757234    0.23710512    0.24675344    0.21989644    0.03483272    0.02857299    0.02233529    0.00000000    0.18575077    0.18302314    0.19303563    0.19029309    0.16980740    0.18485288    0.13766115    0.15466215    0.18599749    0.18128993    0.17023886    0.15266566    0.15027890    0.15549201    0.13199307
T9             0.19457295    0.32934903    0.30643811    0.30400225    0.28396942    0.18901095    0.18128993    0.17584930    0.18575077    0.00000000    0.00200403    0.24607294    0.24607294    0.23574690    0.25520514    0.21781741    0.21904399    0.23874526    0.23381505    0.21583462    0.21420807    0.22632614    0.21746355    0.20498164
T3             0.19737742    0.32588171    0.30978891    0.30735313    0.28077949    0.18625306    0.17856219    0.17315110    0.18302314    0.00200403    0.00000000    0.24909844    0.24909844    0.23874526    0.25828679    0.22076284    0.22196338    0.24176177    0.23682256    0.21872854    0.21711901    0.22931573    0.22040026    0.20782605
T7             0.19809590    0.31138267    0.29247441    0.28287396    0.28253122    0.19351194    0.18575077    0.18031035    0.19303563    0.24607294    0.24909844    0.00000000    0.00200403    0.22277347    0.23066367    0.19654458    0.20365746    0.24339173    0.24140471    0.22624344    0.21009674    0.22856569    0.24063293    0.20063977
T4             0.19533823    0.30805441    0.28925366    0.27971448    0.27938177    0.19075416    0.18302314    0.17761226    0.19029309    0.24607294    0.24909844    0.00200403    0.00000000    0.21989644    0.22776160    0.19376368    0.20646169    0.24039350    0.23839734    0.22333273    0.20725239    0.22559400    0.23758861    0.19787448
T20            0.17739659    0.27760986    0.25417758    0.26339395    0.25146578    0.16229479    0.15485721    0.15746368    0.16980740    0.23574690    0.23874526    0.22277347    0.21989644    0.00000000    0.09852363    0.14039698    0.15746368    0.19681315    0.18651745    0.17268807    0.19235275    0.19829124    0.21267941    0.17492870
T11            0.19809590    0.29651884    0.26545692    0.28115669    0.27203557    0.17987321    0.17225952    0.17492870    0.18485288    0.25520514    0.25828679    0.23066367    0.22776160    0.09852363    0.00000000    0.14456562    0.16172355    0.19007613    0.18528398    0.18778406    0.20215338    0.22263993    0.22263993    0.19007613
T1             0.16317454    0.25556840    0.23211636    0.26340478    0.24443035    0.14574659    0.13846538    0.12582814    0.13766115    0.21781741    0.22076284    0.19654458    0.19376368    0.14039698    0.14456562    0.00000000    0.03697699    0.08100161    0.07216710    0.09949634    0.16177805    0.16474420    0.17290597    0.15595632
T6             0.16209589    0.27240440    0.24844034    0.27398762    0.26101552    0.15767389    0.15027890    0.14256011    0.15466215    0.21904399    0.22196338    0.20365746    0.20646169    0.15746368    0.16172355    0.03697699    0.00000000    0.08741710    0.07850374    0.10361240    0.16583677    0.18240863    0.18240863    0.15967466
T16            0.21068679    0.30355019    0.27835494    0.30542767    0.29826147    0.18928302    0.18155662    0.17339549    0.18599749    0.23874526    0.24176177    0.24339173    0.24039350    0.19681315    0.19007613    0.08100161    0.08741710    0.00000000    0.01210030    0.15027890    0.21232425    0.22151608    0.20687418    0.20243784
T22            0.20588679    0.29826147    0.27317447    0.30018592    0.29303036    0.18458998    0.17690771    0.16876856    0.18128993    0.23381505    0.23682256    0.24140471    0.23839734    0.18651745    0.18528398    0.07216710    0.07850374    0.01210030    0.00000000    0.14060064    0.20757787    0.21675419    0.20215474    0.19767305
T8             0.17514585    0.28475550    0.26650436    0.27676582    0.26065392    0.17339549    0.16583677    0.15789239    0.17023886    0.21583462    0.21872854    0.22624344    0.22333273    0.17268807    0.18778406    0.09949634    0.10361240    0.15027890    0.14060064    0.00000000    0.17095018    0.19327204    0.20468365    0.17268807
T5             0.15746368    0.28410539    0.25943650    0.26976521    0.24747448    0.15572007    0.14833963    0.14060064    0.15266566    0.21420807    0.21711901    0.21009674    0.20725239    0.19235275    0.20215338    0.16177805    0.16583677    0.21232425    0.20757787    0.17095018    0.00000000    0.09964125    0.09964125    0.15987506
T19            0.17908916    0.29116207    0.26932064    0.27344162    0.25092246    0.16660592    0.15910856    0.15118487    0.15027890    0.22632614    0.22931573    0.22856569    0.22559400    0.19829124    0.22263993    0.16474420    0.18240863    0.22151608    0.21675419    0.19327204    0.09964125    0.00000000    0.07457100    0.17610104
T14            0.18458998    0.29784209    0.27344162    0.28323256    0.25712453    0.16392210    0.15645330    0.14857140    0.15549201    0.21746355    0.22040026    0.24063293    0.23758861    0.21267941    0.22263993    0.17290597    0.18240863    0.20687418    0.20215474    0.20468365    0.09964125    0.07457100    0.00000000    0.18155662
T13            0.07387845    0.23624108    0.21090861    0.23093438    0.21349952    0.13698408    0.12980110    0.12240697    0.13199307    0.20498164    0.20782605    0.20063977    0.19787448    0.17492870    0.19007613    0.15595632    0.15967466    0.20243784    0.19767305    0.17268807    0.15987506    0.17610104    0.18155662    0.00000000

