24
T6             0.00000000    0.27811535    0.28781428    0.29132914    0.28182679    0.33033016    0.31854446    0.30608995    0.30608995    0.32266425    0.23764684    0.23497053    0.23253217    0.26058615    0.24913734    0.25210683    0.24243210    0.24845574    0.40267179    0.23131857    0.23567904    0.23277005    0.22964842    0.22964842
T14            0.27811535    0.00000000    0.01619038    0.02236482    0.01823235    0.16605842    0.14728441    0.13027316    0.13027316    0.14293791    0.14914939    0.14169614    0.13697065    0.15894087    0.16153274    0.16413816    0.18658844    0.18213216    0.27811535    0.23914544    0.24135412    0.24135412    0.22798687    0.22798687
T20            0.28781428    0.01619038    0.00000000    0.03077583    0.02656487    0.17716122    0.15264555    0.13802972    0.13802972    0.15092363    0.15704953    0.15205833    0.14728441    0.16958349    0.16958349    0.17223742    0.19489537    0.18503919    0.28151948    0.24839329    0.25086433    0.25086433    0.22825771    0.22825771
T4             0.29132914    0.02236482    0.03077583    0.00000000    0.02450763    0.18021124    0.16073614    0.13823394    0.13823394    0.15116133    0.16512055    0.15744331    0.15264555    0.17512176    0.17512176    0.17781147    0.19784782    0.19625441    0.28497418    0.25174856    0.25435678    0.25435678    0.23736884    0.23736884
T19            0.28182679    0.01823235    0.02656487    0.02450763    0.00000000    0.16389487    0.14767364    0.12563303    0.12563303    0.13568817    0.14948643    0.14201060    0.13729184    0.16450561    0.16188650    0.16450561    0.17660213    0.17449920    0.26334833    0.23676543    0.24511724    0.24511724    0.22562928    0.22562928
T7             0.33033016    0.16605842    0.17716122    0.18021124    0.16389487    0.00000000    0.16027873    0.14037911    0.14037911    0.14809521    0.18798465    0.18276721    0.17469801    0.20899726    0.20107737    0.20668329    0.22459932    0.22591124    0.33545561    0.30347275    0.31028057    0.31028057    0.28711472    0.28711472
T18            0.31854446    0.14728441    0.15264555    0.16073614    0.14767364    0.16027873    0.00000000    0.05407773    0.05407773    0.06511759    0.17412782    0.16675724    0.16413816    0.18694210    0.18964626    0.18964626    0.20457652    0.19998346    0.32188115    0.26388175    0.27868007    0.27234491    0.25536033    0.25536033
T8             0.30608995    0.13027316    0.13802972    0.13823394    0.12563303    0.14037911    0.05407773    0.00000000    0.00000000    0.01010157    0.16170537    0.15187907    0.14931379    0.17697009    0.17430913    0.16902940    0.18627136    0.18443569    0.28122349    0.25895734    0.26758559    0.26132969    0.24748763    0.24748763
T17            0.30608995    0.13027316    0.13802972    0.13823394    0.12563303    0.14037911    0.05407773    0.00000000    0.00000000    0.01010157    0.16170537    0.15187907    0.14931379    0.17697009    0.17430913    0.16902940    0.18627136    0.18443569    0.28122349    0.25895734    0.26758559    0.26132969    0.24748763    0.24748763
T1             0.32266425    0.14293791    0.15092363    0.15116133    0.13568817    0.14809521    0.06511759    0.01010157    0.01010157    0.00000000    0.17490554    0.16490711    0.16227414    0.19049201    0.18775815    0.18233496    0.19163600    0.19806823    0.29385334    0.27440377    0.28033772    0.27392092    0.25653116    0.25653116
T3             0.23764684    0.14914939    0.15704953    0.16512055    0.14948643    0.18798465    0.17412782    0.16170537    0.16170537    0.17490554    0.00000000    0.02234680    0.01824809    0.03692335    0.10102986    0.10338902    0.11456986    0.10784036    0.24693550    0.20294766    0.20132396    0.20412691    0.19236517    0.19236517
T10            0.23497053    0.14169614    0.15205833    0.15744331    0.14201060    0.18276721    0.16675724    0.15187907    0.15187907    0.16490711    0.02234680    0.00000000    0.01210955    0.03483213    0.09177975    0.09410052    0.10520416    0.10320350    0.23593551    0.19216906    0.19049201    0.19324094    0.18713256    0.18713256
T16            0.23253217    0.13697065    0.14728441    0.15264555    0.13729184    0.17469801    0.16413816    0.14931379    0.14931379    0.16227414    0.01824809    0.01210955    0.00000000    0.03066914    0.08963410    0.09195488    0.10298205    0.10102986    0.23887019    0.18984409    0.18822009    0.19096904    0.18482906    0.18482906
T9             0.26058615    0.15894087    0.16958349    0.17512176    0.16450561    0.20899726    0.18694210    0.17697009    0.17697009    0.19049201    0.03692335    0.03483213    0.03066914    0.00000000    0.11021634    0.11500250    0.12634139    0.12193330    0.26170264    0.21392034    0.21182398    0.21466681    0.21392034    0.21392034
T23            0.24913734    0.16153274    0.16958349    0.17512176    0.16188650    0.20107737    0.18964626    0.17430913    0.17430913    0.18775815    0.10102986    0.09177975    0.08963410    0.11021634    0.00000000    0.04128634    0.08933469    0.10837941    0.26476325    0.21392034    0.21521207    0.21521207    0.20875497    0.20875497
T12            0.25210683    0.16413816    0.17223742    0.17781147    0.16450561    0.20668329    0.18964626    0.16902940    0.16902940    0.18233496    0.10338902    0.09410052    0.09195488    0.11500250    0.04128634    0.00000000    0.09163404    0.11078408    0.27094137    0.21675504    0.22388916    0.21808770    0.20924896    0.20924896
T2             0.24243210    0.18658844    0.19489537    0.19784782    0.17660213    0.22459932    0.20457652    0.18627136    0.18627136    0.19163600    0.11456986    0.10520416    0.10298205    0.12634139    0.08933469    0.09163404    0.00000000    0.12193330    0.26563542    0.22109583    0.21936009    0.21936009    0.21027241    0.21027241
T5             0.24845574    0.18213216    0.18503919    0.19625441    0.17449920    0.22591124    0.19998346    0.18443569    0.18443569    0.19806823    0.10784036    0.10320350    0.10102986    0.12193330    0.10837941    0.11078408    0.12193330    0.00000000    0.25653116    0.19943942    0.20039310    0.20316485    0.21133291    0.21133291
T13            0.40267179    0.27811535    0.28151948    0.28497418    0.26334833    0.33545561    0.32188115    0.28122349    0.28122349    0.29385334    0.24693550    0.23593551    0.23887019    0.26170264    0.26476325    0.27094137    0.26563542    0.25653116    0.00000000    0.35604267    0.34683401    0.33980807    0.32822647    0.32822647
T0             0.23131857    0.23914544    0.24839329    0.25174856    0.23676543    0.30347275    0.26388175    0.25895734    0.25895734    0.27440377    0.20294766    0.19216906    0.18984409    0.21392034    0.21392034    0.21675504    0.22109583    0.19943942    0.35604267    0.00000000    0.12546062    0.12794924    0.14184931    0.14184931
T22            0.23567904    0.24135412    0.25086433    0.25435678    0.24511724    0.31028057    0.27868007    0.26758559    0.26758559    0.28033772    0.20132396    0.19049201    0.18822009    0.21182398    0.21521207    0.22388916    0.21936009    0.20039310    0.34683401    0.12546062    0.00000000    0.01827008    0.14273642    0.14273642
T21            0.23277005    0.24135412    0.25086433    0.25435678    0.24511724    0.31028057    0.27234491    0.26132969    0.26132969    0.27392092    0.20412691    0.19324094    0.19096904    0.21466681    0.21521207    0.21808770    0.21936009    0.20316485    0.33980807    0.12794924    0.01827008    0.00000000    0.14788040    0.14788040
T15            0.22964842    0.22798687    0.22825771    0.23736884    0.22562928    0.28711472    0.25536033    0.24748763    0.24748763    0.25653116    0.19236517    0.18713256    0.18482906    0.21392034    0.20875497    0.20924896    0.21027241    0.21133291    0.32822647    0.14184931    0.14273642    0.14788040    0.00000000    0.00000000
T11            0.22964842    0.22798687    0.22825771    0.23736884    0.22562928    0.28711472    0.25536033    0.24748763    0.24748763    0.25653116    0.19236517    0.18713256    0.18482906    0.21392034    0.20875497    0.20924896    0.21027241    0.21133291    0.32822647    0.14184931    0.14273642    0.14788040    0.00000000    0.00000000

