24
T10            0.00000000    0.20572194    0.20017881    0.21368514    0.19236069    0.27073224    0.19624911    0.18193426    0.19300352    0.17716330    0.17964127    0.19784298    0.20315975    0.19323598    0.23647152    0.23061976    0.21064125    0.24301117    0.22680800    0.22943165    0.23705458    0.19256585    0.18096033    0.19763194
T18            0.20572194    0.00000000    0.00401612    0.10349175    0.07818870    0.14057890    0.09461911    0.10783909    0.11995486    0.10575805    0.11260225    0.12446946    0.12925104    0.10825499    0.15927785    0.15410771    0.11091864    0.16188314    0.25355076    0.25936522    0.27989522    0.22273058    0.22436045    0.23088905
T15            0.20017881    0.00401612    0.00000000    0.09877353    0.07368341    0.14057890    0.09461911    0.10547445    0.11752694    0.10338776    0.11021499    0.12203565    0.12679931    0.10586769    0.15410771    0.14899059    0.10610945    0.15668609    0.24741083    0.25316814    0.27349976    0.21699638    0.21867540    0.22508827
T22            0.21368514    0.10349175    0.09877353    0.00000000    0.09662791    0.16314624    0.11349034    0.12203565    0.13446737    0.11995486    0.12446946    0.13904159    0.14392540    0.13461759    0.16413484    0.16413484    0.12529372    0.15668609    0.26522887    0.26564021    0.28312395    0.24269688    0.24719878    0.24807300
T17            0.19236069    0.07818870    0.07368341    0.09662791    0.00000000    0.14572264    0.08110903    0.09643105    0.10575805    0.08954734    0.10565595    0.11741131    0.12214748    0.10825499    0.13918021    0.13918021    0.10398222    0.14966426    0.22712854    0.22388203    0.24033938    0.22619588    0.22771941    0.22853142
T4             0.27073224    0.14057890    0.14057890    0.16314624    0.14572264    0.00000000    0.10427182    0.15005033    0.16291479    0.14767045    0.16005885    0.15965159    0.16207264    0.15046895    0.20015488    0.19733623    0.15934393    0.20361925    0.31192374    0.31831165    0.34448230    0.28121896    0.28227482    0.27947562
T23            0.19624911    0.09461911    0.09461911    0.11349034    0.08110903    0.10427182    0.00000000    0.09887380    0.11091864    0.09215808    0.11319864    0.11778134    0.12008414    0.10864612    0.14728143    0.14728143    0.10927193    0.16291479    0.24629094    0.25206474    0.26923941    0.21837605    0.21415381    0.22649710
T8             0.18193426    0.10783909    0.10547445    0.12203565    0.09643105    0.15005033    0.09887380    0.00000000    0.04565817    0.03289453    0.04776648    0.05419136    0.05852729    0.07849816    0.11995486    0.11995486    0.09685417    0.13696827    0.21837605    0.22388203    0.24634981    0.20107208    0.19997878    0.20294268
T13            0.19300352    0.11995486    0.11752694    0.13446737    0.10575805    0.16291479    0.11091864    0.04565817    0.00000000    0.02450752    0.06108047    0.05646140    0.06081503    0.09017062    0.13461759    0.13461759    0.10412334    0.14184677    0.23339781    0.24206601    0.26209142    0.20924317    0.21368514    0.21725321
T12            0.17716330    0.10575805    0.10338776    0.11995486    0.08954734    0.14767045    0.09215808    0.03289453    0.02450752    0.00000000    0.04798387    0.04783239    0.05213396    0.07651020    0.12008414    0.12008414    0.09017062    0.12717072    0.22224382    0.22779849    0.24436896    0.19300352    0.19743017    0.20083485
T9             0.17964127    0.11260225    0.11021499    0.12446946    0.10565595    0.16005885    0.11319864    0.04776648    0.06108047    0.04798387    0.00000000    0.04559700    0.04554239    0.08771713    0.13446737    0.13197895    0.10638104    0.14675892    0.21837605    0.22388203    0.24333555    0.20618102    0.20550653    0.20851676
T20            0.19784298    0.12446946    0.12203565    0.13904159    0.11741131    0.15965159    0.11778134    0.05419136    0.05646140    0.04783239    0.04559700    0.00000000    0.00401105    0.09450060    0.13918021    0.13918021    0.10610945    0.14645157    0.22943165    0.23502566    0.24938238    0.21699638    0.21585697    0.21368514
T6             0.20315975    0.12925104    0.12679931    0.14392540    0.12214748    0.16207264    0.12008414    0.05852729    0.06081503    0.05213396    0.04554239    0.00401105    0.00000000    0.09909650    0.14154874    0.14154874    0.11078243    0.15138833    0.22912182    0.23470813    0.24903971    0.21674917    0.21565825    0.21346522
T7             0.19323598    0.10825499    0.10586769    0.13461759    0.10825499    0.15046895    0.10864612    0.07849816    0.09017062    0.07651020    0.08771713    0.09450060    0.09909650    0.00000000    0.14454704    0.14200798    0.11153831    0.15743984    0.23076803    0.23041942    0.25625706    0.23041942    0.22590436    0.22975122
T19            0.23647152    0.15927785    0.15410771    0.16413484    0.13918021    0.20015488    0.14728143    0.11995486    0.13461759    0.12008414    0.13446737    0.13918021    0.14154874    0.14454704    0.00000000    0.02236476    0.14018131    0.18299200    0.25859227    0.26443757    0.28832407    0.24973523    0.26264336    0.26298107
T1             0.23061976    0.15410771    0.14899059    0.16413484    0.13918021    0.19733623    0.14728143    0.11995486    0.13461759    0.12008414    0.13197895    0.13918021    0.14154874    0.14200798    0.02236476    0.00000000    0.14018131    0.18797995    0.26170039    0.27073224    0.29486613    0.24903971    0.25652256    0.25751052
T3             0.21064125    0.11091864    0.10610945    0.12529372    0.10398222    0.15934393    0.10927193    0.09685417    0.10412334    0.09017062    0.10638104    0.10610945    0.11078243    0.11153831    0.14018131    0.14018131    0.00000000    0.07387411    0.24756305    0.25336522    0.27707662    0.21931779    0.21207772    0.23041942
T5             0.24301117    0.16188314    0.15668609    0.15668609    0.14966426    0.20361925    0.16291479    0.13696827    0.14184677    0.12717072    0.14675892    0.14645157    0.15138833    0.15743984    0.18299200    0.18797995    0.07387411    0.00000000    0.28076691    0.28682528    0.30149508    0.26368825    0.26199980    0.27233454
T2             0.22680800    0.25355076    0.24741083    0.26522887    0.22712854    0.31192374    0.24629094    0.21837605    0.23339781    0.22224382    0.21837605    0.22943165    0.22912182    0.23076803    0.25859227    0.26170039    0.24756305    0.28076691    0.00000000    0.05413101    0.06714640    0.24016966    0.22943165    0.26103466
T0             0.22943165    0.25936522    0.25316814    0.26564021    0.22388203    0.31831165    0.25206474    0.22388203    0.24206601    0.22779849    0.22388203    0.23502566    0.23470813    0.23041942    0.26443757    0.27073224    0.25336522    0.28682528    0.05413101    0.00000000    0.03914455    0.23978415    0.22619588    0.25434647
T21            0.23705458    0.27989522    0.27349976    0.28312395    0.24033938    0.34448230    0.26923941    0.24634981    0.26209142    0.24436896    0.24333555    0.24938238    0.24903971    0.25625706    0.28832407    0.29486613    0.27707662    0.30149508    0.06714640    0.03914455    0.00000000    0.26290465    0.24870724    0.27797970
T14            0.19256585    0.22273058    0.21699638    0.24269688    0.22619588    0.28121896    0.21837605    0.20107208    0.20924317    0.19300352    0.20618102    0.21699638    0.21674917    0.23041942    0.24973523    0.24903971    0.21931779    0.26368825    0.24016966    0.23978415    0.26290465    0.00000000    0.06504575    0.09474487
T16            0.18096033    0.22436045    0.21867540    0.24719878    0.22771941    0.28227482    0.21415381    0.19997878    0.21368514    0.19743017    0.20550653    0.21585697    0.21565825    0.22590436    0.26264336    0.25652256    0.21207772    0.26199980    0.22943165    0.22619588    0.24870724    0.06504575    0.00000000    0.09887380
T11            0.19763194    0.23088905    0.22508827    0.24807300    0.22853142    0.27947562    0.22649710    0.20294268    0.21725321    0.20083485    0.20851676    0.21368514    0.21346522    0.22975122    0.26298107    0.25751052    0.23041942    0.27233454    0.26103466    0.25434647    0.27797970    0.09474487    0.09887380    0.00000000

