24
T8             0.00000000    0.41844082    0.39522936    0.26452067    0.24698955    0.25996962    0.32020649    0.26699696    0.23919511    0.23948039    0.23948039    0.24543993    0.25325530    0.19857001    0.20390771    0.20416220    0.23445511    0.16559586    0.27718659    0.21419902    0.21497401    0.22362935    0.21614084    0.21212199
T10            0.41844082    0.00000000    0.06108450    0.31608939    0.30355416    0.33019404    0.36864913    0.33936643    0.30542480    0.30493980    0.30493980    0.31170863    0.32794286    0.34954342    0.35260172    0.35680471    0.39134428    0.30254832    0.38685797    0.34599301    0.34389676    0.33689101    0.34705653    0.33784326
T17            0.39522936    0.06108450    0.00000000    0.30644319    0.29408698    0.30880922    0.36077502    0.32493106    0.29256416    0.29211239    0.29211239    0.28475994    0.30689307    0.32447189    0.32744382    0.33135690    0.34743691    0.26412831    0.36864913    0.31237852    0.32020649    0.31019036    0.32638205    0.31431949
T7             0.26452067    0.31608939    0.30644319    0.00000000    0.02444443    0.08784108    0.15654219    0.09627276    0.07413326    0.07162622    0.07162622    0.08529933    0.08994169    0.18630311    0.19151047    0.19166915    0.22114022    0.16123554    0.24159959    0.19901874    0.20772457    0.21330065    0.20342675    0.19982813
T14            0.24698955    0.30355416    0.29408698    0.02444443    0.00000000    0.08343147    0.15172726    0.09178681    0.06735882    0.06282681    0.06282681    0.07841588    0.08299427    0.18128193    0.18645661    0.18661934    0.21310036    0.15126467    0.23041328    0.18589838    0.19437400    0.19982813    0.19281642    0.18930963
T4             0.25996962    0.33019404    0.30880922    0.08784108    0.08343147    0.00000000    0.14202725    0.08741798    0.06762929    0.06081855    0.06081855    0.07870126    0.08309289    0.18987496    0.19513166    0.18987496    0.22226190    0.15172726    0.23359127    0.19166915    0.20320034    0.20042770    0.20187922    0.19810166
T2             0.32020649    0.36864913    0.36077502    0.15654219    0.15172726    0.14202725    0.00000000    0.07622520    0.13213954    0.12951883    0.12951883    0.14171289    0.14171289    0.25296666    0.25871990    0.25901632    0.27346978    0.21940183    0.27315856    0.25124425    0.27006824    0.26699696    0.26580321    0.25598231
T9             0.26699696    0.33936643    0.32493106    0.09627276    0.09178681    0.08741798    0.07622520    0.00000000    0.07833495    0.06926955    0.06926955    0.08495553    0.08940546    0.19166915    0.19692015    0.19709360    0.22155915    0.16095086    0.24996914    0.20145962    0.21290986    0.21290986    0.20855963    0.20221019
T11            0.23919511    0.30542480    0.29256416    0.07413326    0.06735882    0.06762929    0.13213954    0.07833495    0.00000000    0.02859794    0.02859794    0.06090043    0.06744209    0.16872828    0.17381808    0.16872828    0.20277580    0.14171289    0.22513848    0.18113350    0.18160614    0.18160614    0.17739967    0.17929065
T13            0.23948039    0.30493980    0.29211239    0.07162622    0.06282681    0.06081855    0.12951883    0.06926955    0.02859794    0.00000000    0.00000000    0.06067523    0.06721306    0.17119152    0.17629707    0.17119152    0.20534261    0.13906019    0.21964752    0.17313546    0.17351806    0.17351806    0.17987694    0.17645856
T23            0.23948039    0.30493980    0.29211239    0.07162622    0.06282681    0.06081855    0.12951883    0.06926955    0.02859794    0.00000000    0.00000000    0.06067523    0.06721306    0.17119152    0.17629707    0.17119152    0.20534261    0.13906019    0.21964752    0.17313546    0.17351806    0.17351806    0.17987694    0.17645856
T6             0.24543993    0.31170863    0.28475994    0.08529933    0.07841588    0.07870126    0.14171289    0.08495553    0.06090043    0.06067523    0.06067523    0.00000000    0.03701339    0.17381808    0.17894454    0.17911310    0.20257774    0.13434236    0.23652713    0.17836085    0.18679128    0.18679128    0.18257469    0.17911310
T18            0.25325530    0.32794286    0.30689307    0.08994169    0.08299427    0.08309289    0.14171289    0.08940546    0.06744209    0.06721306    0.06721306    0.03701339    0.00000000    0.18178185    0.18697238    0.18716263    0.20772457    0.15912801    0.24187322    0.18074330    0.20277580    0.20277580    0.19857001    0.19492828
T1             0.19857001    0.34954342    0.32447189    0.18630311    0.18128193    0.18987496    0.25296666    0.19166915    0.16872828    0.17119152    0.17119152    0.17381808    0.18178185    0.00000000    0.00401107    0.00401614    0.07177832    0.10612013    0.21553844    0.15099844    0.14886428    0.15654219    0.15466340    0.14886428
T12            0.20390771    0.35260172    0.32744382    0.19151047    0.18645661    0.19513166    0.25871990    0.19692015    0.17381808    0.17629707    0.17629707    0.17894454    0.18697238    0.00401107    0.00000000    0.00805160    0.07622520    0.11079407    0.22102167    0.15341122    0.15126467    0.15896228    0.15447741    0.15126467
T22            0.20416220    0.35680471    0.33135690    0.19166915    0.18661934    0.18987496    0.25901632    0.19709360    0.16872828    0.17119152    0.17119152    0.17911310    0.18716263    0.00401614    0.00805160    0.00000000    0.07631509    0.11093040    0.22132545    0.15609071    0.15396972    0.16172731    0.15726279    0.15141046
T20            0.23445511    0.39134428    0.34743691    0.22114022    0.21310036    0.22226190    0.27346978    0.22155915    0.20277580    0.20534261    0.20534261    0.20257774    0.20772457    0.07177832    0.07622520    0.07631509    0.00000000    0.13804583    0.25556950    0.17351806    0.19008174    0.19281642    0.20215353    0.19556618
T21            0.16559586    0.30254832    0.26412831    0.16123554    0.15126467    0.15172726    0.21940183    0.16095086    0.14171289    0.13906019    0.13906019    0.13434236    0.15912801    0.10612013    0.11079407    0.11093040    0.13804583    0.00000000    0.17635890    0.11973332    0.12747320    0.12995613    0.13064968    0.12500258
T0             0.27718659    0.38685797    0.36864913    0.24159959    0.23041328    0.23359127    0.27315856    0.24996914    0.22513848    0.21964752    0.21964752    0.23652713    0.24187322    0.21553844    0.22102167    0.22132545    0.25556950    0.17635890    0.00000000    0.17783795    0.18403081    0.18956137    0.19515399    0.19402470
T19            0.21419902    0.34599301    0.31237852    0.19901874    0.18589838    0.19166915    0.25124425    0.20145962    0.18113350    0.17313546    0.17313546    0.17836085    0.18074330    0.15099844    0.15341122    0.15609071    0.17351806    0.11973332    0.17783795    0.00000000    0.07841588    0.08069982    0.13420821    0.12904762
T3             0.21497401    0.34389676    0.32020649    0.20772457    0.19437400    0.20320034    0.27006824    0.21290986    0.18160614    0.17351806    0.17351806    0.18679128    0.20277580    0.14886428    0.15126467    0.15396972    0.19008174    0.12747320    0.18403081    0.07841588    0.00000000    0.03073464    0.14730237    0.13934547
T15            0.22362935    0.33689101    0.31019036    0.21330065    0.19982813    0.20042770    0.26699696    0.21290986    0.18160614    0.17351806    0.17351806    0.18679128    0.20277580    0.15654219    0.15896228    0.16172731    0.19281642    0.12995613    0.18956137    0.08069982    0.03073464    0.00000000    0.14474297    0.13934547
T5             0.21614084    0.34705653    0.32638205    0.20342675    0.19281642    0.20187922    0.26580321    0.20855963    0.17739967    0.17987694    0.17987694    0.18257469    0.19857001    0.15466340    0.15447741    0.15726279    0.20215353    0.13064968    0.19515399    0.13420821    0.14730237    0.14474297    0.00000000    0.03284914
T16            0.21212199    0.33784326    0.31431949    0.19982813    0.18930963    0.19810166    0.25598231    0.20221019    0.17929065    0.17645856    0.17645856    0.17911310    0.19492828    0.14886428    0.15126467    0.15141046    0.19556618    0.12500258    0.19402470    0.12904762    0.13934547    0.13934547    0.03284914    0.00000000

