24
T12            0.00000000    0.28175199    0.29166228    0.28972018    0.28234768    0.28515972    0.31752940    0.30066723    0.27954660    0.28276641    0.35974320    0.31224861    0.33036721    0.35678911    0.30978404    0.31024411    0.31655112    0.31562060    0.33232469    0.31517331    0.29693502    0.31224861    0.28606351    0.28571356
T10            0.28175199    0.00000000    0.08741763    0.08290244    0.12778974    0.12796043    0.14531626    0.17338962    0.19893029    0.19044700    0.35001848    0.28600468    0.31211403    0.32485504    0.28041706    0.27763927    0.29372797    0.27618578    0.29446748    0.27250261    0.23081428    0.23945839    0.24861615    0.25440304
T0             0.29166228    0.08741763    0.00000000    0.08700303    0.13420825    0.13934472    0.14439816    0.17186943    0.20811897    0.20243159    0.36045887    0.28276641    0.32902286    0.34213761    0.28689889    0.29065570    0.29348764    0.29255253    0.30541139    0.28882916    0.24039223    0.25828180    0.26138156    0.26725010
T3             0.28972018    0.08290244    0.08700303    0.00000000    0.11984687    0.12732471    0.12980126    0.17246891    0.18927590    0.18102682    0.34761100    0.28644750    0.32965008    0.32256416    0.28408858    0.28783478    0.29731047    0.27356745    0.29585772    0.27634745    0.24372353    0.25015388    0.26176185    0.26763951
T2             0.28234768    0.12778974    0.13420825    0.11984687    0.00000000    0.05403336    0.08281840    0.19376114    0.18927590    0.18102682    0.34185542    0.28557789    0.32132759    0.31703430    0.27675641    0.28039608    0.28972018    0.28234768    0.29166228    0.27556218    0.24007736    0.25792166    0.24275195    0.24244843
T20            0.28515972    0.12796043    0.13934472    0.12732471    0.05403336    0.00000000    0.08540238    0.18849068    0.18900525    0.18077893    0.33883490    0.27954660    0.31491204    0.31071595    0.27079818    0.27439731    0.28363689    0.27316869    0.28234768    0.26650327    0.23445115    0.24909650    0.23415399    0.23977261
T11            0.31752940    0.14531626    0.14439816    0.12980126    0.08281840    0.08540238    0.00000000    0.19907141    0.20243159    0.18849068    0.36666956    0.31511327    0.36084839    0.34098649    0.30930206    0.30641379    0.32311900    0.31511327    0.31803641    0.31119953    0.27039877    0.28276641    0.27634745    0.28234768
T23            0.30066723    0.17338962    0.17186943    0.17246891    0.19376114    0.18849068    0.19907141    0.00000000    0.14810999    0.14039252    0.36666956    0.32097137    0.36321706    0.36668144    0.32311900    0.32959399    0.33972199    0.32792742    0.31703430    0.31803641    0.26489082    0.27717621    0.25828180    0.26803955
T22            0.27954660    0.19893029    0.20811897    0.18927590    0.18927590    0.18900525    0.20243159    0.14810999    0.00000000    0.01833296    0.36788041    0.31511327    0.34589117    0.33388190    0.30253457    0.30641379    0.31616267    0.30829968    0.31119953    0.30781593    0.28408858    0.30253457    0.29255253    0.29871218
T17            0.28276641    0.19044700    0.20243159    0.18102682    0.18102682    0.18077893    0.18849068    0.14039252    0.01833296    0.00000000    0.34952966    0.30492749    0.34958862    0.33742154    0.30590683    0.30303005    0.31962870    0.30492749    0.30781593    0.30445513    0.27439731    0.29255253    0.28276641    0.28882916
T21            0.35974320    0.35001848    0.36045887    0.34761100    0.34185542    0.33883490    0.36666956    0.36666956    0.36788041    0.34952966    0.00000000    0.10587768    0.18624804    0.21038182    0.16779473    0.17338962    0.17855636    0.15429864    0.17472201    0.15156423    0.19832929    0.19810038    0.17680815    0.17929077
T6             0.31224861    0.28600468    0.28276641    0.28644750    0.28557789    0.27954660    0.31511327    0.32097137    0.31511327    0.30492749    0.10587768    0.00000000    0.11092895    0.14987250    0.09686199    0.10173871    0.10639033    0.08964043    0.11054366    0.09187053    0.12951842    0.13185933    0.11501380    0.11973356
T7             0.33036721    0.31211403    0.32902286    0.32965008    0.32132759    0.31491204    0.36084839    0.36321706    0.34589117    0.34958862    0.18624804    0.11092895    0.00000000    0.13611924    0.08149959    0.08632799    0.09089381    0.08355685    0.09963794    0.08343003    0.14531626    0.14768879    0.13495747    0.13983236
T4             0.35678911    0.32485504    0.34213761    0.32256416    0.31703430    0.31071595    0.34098649    0.36668144    0.33388190    0.33742154    0.21038182    0.14987250    0.13611924    0.00000000    0.07186419    0.09725587    0.10188140    0.11122368    0.13804254    0.11839355    0.17783496    0.18849068    0.17492899    0.18008798
T14            0.30978404    0.28041706    0.28689889    0.28408858    0.27675641    0.27079818    0.30930206    0.32311900    0.30253457    0.30590683    0.16779473    0.09686199    0.08149959    0.07186419    0.00000000    0.04146248    0.04139762    0.05654253    0.07880930    0.05885070    0.12762687    0.13495747    0.12254316    0.12732471
T8             0.31024411    0.27763927    0.29065570    0.28783478    0.28039608    0.27439731    0.30641379    0.32959399    0.30641379    0.30303005    0.17338962    0.10173871    0.08632799    0.09725587    0.04146248    0.00000000    0.02454930    0.07011612    0.08823177    0.07000038    0.13531312    0.13765812    0.12023371    0.12500142
T15            0.31655112    0.29372797    0.29348764    0.29731047    0.28972018    0.28363689    0.32311900    0.33972199    0.31616267    0.31962870    0.17855636    0.10639033    0.09089381    0.10188140    0.04139762    0.02454930    0.00000000    0.07000038    0.08809398    0.06989149    0.14019778    0.14255719    0.12995459    0.13479158
T1             0.31562060    0.27618578    0.29255253    0.27356745    0.28234768    0.27316869    0.31511327    0.32792742    0.30829968    0.30492749    0.15429864    0.08964043    0.08355685    0.11122368    0.05654253    0.07011612    0.07000038    0.00000000    0.04545492    0.03064732    0.11996801    0.12965586    0.11742448    0.12216183
T19            0.33232469    0.29446748    0.30541139    0.29585772    0.29166228    0.28234768    0.31803641    0.31703430    0.31119953    0.30781593    0.17472201    0.11054366    0.09963794    0.13804254    0.07880930    0.08823177    0.08809398    0.04545492    0.00000000    0.04973139    0.14439816    0.14202589    0.13420825    0.13906029
T13            0.31517331    0.27250261    0.28882916    0.27634745    0.27556218    0.26650327    0.31119953    0.31803641    0.30781593    0.30445513    0.15156423    0.09187053    0.08343003    0.11839355    0.05885070    0.07000038    0.06989149    0.03064732    0.04973139    0.00000000    0.12718546    0.12951842    0.11731706    0.12205048
T5             0.29693502    0.23081428    0.24039223    0.24372353    0.24007736    0.23445115    0.27039877    0.26489082    0.28408858    0.27439731    0.19832929    0.12951842    0.14531626    0.17783496    0.12762687    0.13531312    0.14019778    0.11996801    0.14439816    0.12718546    0.00000000    0.03492789    0.04565982    0.04994742
T18            0.31224861    0.23945839    0.25828180    0.25015388    0.25792166    0.24909650    0.28276641    0.27717621    0.30253457    0.29255253    0.19810038    0.13185933    0.14768879    0.18849068    0.13495747    0.13765812    0.14255719    0.12965586    0.14202589    0.12951842    0.03492789    0.00000000    0.04776830    0.05426075
T9             0.28606351    0.24861615    0.26138156    0.26176185    0.24275195    0.23415399    0.27634745    0.25828180    0.29255253    0.28276641    0.17680815    0.11501380    0.13495747    0.17492899    0.12254316    0.12023371    0.12995459    0.11742448    0.13420825    0.11731706    0.04565982    0.04776830    0.00000000    0.01417443
T16            0.28571356    0.25440304    0.26725010    0.26763951    0.24244843    0.23977261    0.28234768    0.26803955    0.29871218    0.28882916    0.17929077    0.11973356    0.13983236    0.18008798    0.12732471    0.12500142    0.13479158    0.12216183    0.13906029    0.12205048    0.04994742    0.05426075    0.01417443    0.00000000

