24
T12            0.00000000    0.41745466    0.41745466    0.37172964    0.39621688    0.37396171    0.37308404    0.37396171    0.37351580    0.37600517    0.37157266    0.41732244    0.35254083    0.30639707    0.30350806    0.33737280    0.20854378    0.20532952    0.23356997    0.19578095    0.19578095    0.20109456    0.21210221    0.20597253
T17            0.41745466    0.00000000    0.00000000    0.16695558    0.19098241    0.18505411    0.18734895    0.18505411    0.18484490    0.31851135    0.31215964    0.34755852    0.28754691    0.28075314    0.26611876    0.28714934    0.36802357    0.39320957    0.42020436    0.35981970    0.35981970    0.34947860    0.39791998    0.37850621
T0             0.41745466    0.00000000    0.00000000    0.16695558    0.19098241    0.18505411    0.18734895    0.18505411    0.18484490    0.31851135    0.31215964    0.34755852    0.28754691    0.28075314    0.26611876    0.28714934    0.36802357    0.39320957    0.42020436    0.35981970    0.35981970    0.34947860    0.39791998    0.37850621
T19            0.37172964    0.16695558    0.16695558    0.00000000    0.07162439    0.08973042    0.09186772    0.08973042    0.08963771    0.28512706    0.28554464    0.32842369    0.28754691    0.24696884    0.24482073    0.26511249    0.34994732    0.35254083    0.38877143    0.31763639    0.31763639    0.31807042    0.33478145    0.32785256
T15            0.39621688    0.19098241    0.19098241    0.07162439    0.00000000    0.10826119    0.11042634    0.10349771    0.10339416    0.30107956    0.29490989    0.33139453    0.31165707    0.27905041    0.26449559    0.27593242    0.35659507    0.35562624    0.38818478    0.32993632    0.32993632    0.32354621    0.35351055    0.34289631
T5             0.37396171    0.18505411    0.18505411    0.08973042    0.10826119    0.00000000    0.01415468    0.02450773    0.02447279    0.32042145    0.32092768    0.35178228    0.29556389    0.27593242    0.26756568    0.29172098    0.36280387    0.35826116    0.39464107    0.31640709    0.31640709    0.30358897    0.34640936    0.32569284
T21            0.37308404    0.18734895    0.18734895    0.09186772    0.11042634    0.01415468    0.00000000    0.02653203    0.02650541    0.31944495    0.31992720    0.34814070    0.29502859    0.27534930    0.26697338    0.29103831    0.36183701    0.35737413    0.39351041    0.32232221    0.32232221    0.30941421    0.35254083    0.33168026
T23            0.37396171    0.18505411    0.18505411    0.08973042    0.10349771    0.02450773    0.02653203    0.00000000    0.00401107    0.31358713    0.31406982    0.34452551    0.30839664    0.27344227    0.26756568    0.29172098    0.35920215    0.35471077    0.39083326    0.31308134    0.31308134    0.30033902    0.34994732    0.32569284
T14            0.37351580    0.18484490    0.18484490    0.08963771    0.10339416    0.02447279    0.02650541    0.00401107    0.00000000    0.31311627    0.31358713    0.34395671    0.30808178    0.27313248    0.26726406    0.29137387    0.35872493    0.35427311    0.39027517    0.31270700    0.31270700    0.29999572    0.34946857    0.32529825
T6             0.37600517    0.31851135    0.31851135    0.28512706    0.30107956    0.32042145    0.31944495    0.31358713    0.31311627    0.00000000    0.04554335    0.07651247    0.25862533    0.21353762    0.20585871    0.22226586    0.33493286    0.34814070    0.39691893    0.32127946    0.32127946    0.32775431    0.33071505    0.32013677
T7             0.37157266    0.31215964    0.31215964    0.28554464    0.29490989    0.32092768    0.31992720    0.31406982    0.31358713    0.04554335    0.00000000    0.06322426    0.25900583    0.20810120    0.20047428    0.21675380    0.32842369    0.34150476    0.38973931    0.32070221    0.32070221    0.32716397    0.33012407    0.31958314
T18            0.41732244    0.34755852    0.34755852    0.32842369    0.33139453    0.35178228    0.34814070    0.34452551    0.34395671    0.07651247    0.06322426    0.00000000    0.28036304    0.23377956    0.23189391    0.24591270    0.38263580    0.38508700    0.44192526    0.35937320    0.35937320    0.36624673    0.38488519    0.36554504
T10            0.35254083    0.28754691    0.28754691    0.28754691    0.31165707    0.29556389    0.29502859    0.30839664    0.30808178    0.25862533    0.25900583    0.28036304    0.00000000    0.12447956    0.11753499    0.14439069    0.31935852    0.34244245    0.35610400    0.31897472    0.31897472    0.31851654    0.33527476    0.31135144
T13            0.30639707    0.28075314    0.28075314    0.24696884    0.27905041    0.27593242    0.27534930    0.27344227    0.27313248    0.21353762    0.20810120    0.23377956    0.12447956    0.00000000    0.04133860    0.06978745    0.28714934    0.30596065    0.33983706    0.28597331    0.28597331    0.29206647    0.31165338    0.28836673
T8             0.30350806    0.26611876    0.26611876    0.24482073    0.26449559    0.26756568    0.26697338    0.26756568    0.26726406    0.20585871    0.20047428    0.23189391    0.11753499    0.04133860    0.00000000    0.03077601    0.27479180    0.28998465    0.30929771    0.27672495    0.27672495    0.28597331    0.29867468    0.27591904
T11            0.33737280    0.28714934    0.28714934    0.26511249    0.27593242    0.29172098    0.29103831    0.29172098    0.29137387    0.22226586    0.21675380    0.24591270    0.14439069    0.06978745    0.03077601    0.00000000    0.29935276    0.31513428    0.33878799    0.30154000    0.30154000    0.31115880    0.32788112    0.30730495
T1             0.20854378    0.36802357    0.36802357    0.34994732    0.35659507    0.36280387    0.36183701    0.35920215    0.35872493    0.33493286    0.32842369    0.38263580    0.31935852    0.28714934    0.27479180    0.29935276    0.00000000    0.03710439    0.06537351    0.10624658    0.10624658    0.11092426    0.13296878    0.12268037
T3             0.20532952    0.39320957    0.39320957    0.35254083    0.35562624    0.35826116    0.35737413    0.35471077    0.35427311    0.34814070    0.34150476    0.38508700    0.34244245    0.30596065    0.28998465    0.31513428    0.03710439    0.00000000    0.06519700    0.10360878    0.10360878    0.10826119    0.13010936    0.11996304
T20            0.23356997    0.42020436    0.42020436    0.38877143    0.38818478    0.39464107    0.39351041    0.39083326    0.39027517    0.39691893    0.38973931    0.44192526    0.35610400    0.33983706    0.30929771    0.33878799    0.06537351    0.06519700    0.00000000    0.13027827    0.13027827    0.13512420    0.15286426    0.14218735
T9             0.19578095    0.35981970    0.35981970    0.31763639    0.32993632    0.31640709    0.32232221    0.31308134    0.31270700    0.32127946    0.32070221    0.35937320    0.31897472    0.28597331    0.27672495    0.30154000    0.10624658    0.10360878    0.13027827    0.00000000    0.00000000    0.02656503    0.07227665    0.05859881
T4             0.19578095    0.35981970    0.35981970    0.31763639    0.32993632    0.31640709    0.32232221    0.31308134    0.31270700    0.32127946    0.32070221    0.35937320    0.31897472    0.28597331    0.27672495    0.30154000    0.10624658    0.10360878    0.13027827    0.00000000    0.00000000    0.02656503    0.07227665    0.05859881
T22            0.20109456    0.34947860    0.34947860    0.31807042    0.32354621    0.30358897    0.30941421    0.30033902    0.29999572    0.32775431    0.32716397    0.36624673    0.31851654    0.29206647    0.28597331    0.31115880    0.11092426    0.10826119    0.13512420    0.02656503    0.02656503    0.00000000    0.07444643    0.06074171
T16            0.21210221    0.39791998    0.39791998    0.33478145    0.35351055    0.34640936    0.35254083    0.34994732    0.34946857    0.33071505    0.33012407    0.38488519    0.33527476    0.31165338    0.29867468    0.32788112    0.13296878    0.13010936    0.15286426    0.07227665    0.07227665    0.07444643    0.00000000    0.02450773
T2             0.20597253    0.37850621    0.37850621    0.32785256    0.34289631    0.32569284    0.33168026    0.32569284    0.32529825    0.32013677    0.31958314    0.36554504    0.31135144    0.28836673    0.27591904    0.30730495    0.12268037    0.11996304    0.14218735    0.05859881    0.05859881    0.06074171    0.02450773    0.00000000

