24
T14            0.00000000    0.51569721    0.56563956    0.54682259    0.29719203    0.30404507    0.31574167    0.33261367    0.28895366    0.29431748    0.30078137    0.30812427    0.34093701    0.31231769    0.31231769    0.31908972    0.31231769    0.28647789    0.28328717    0.29216486    0.32251059    0.31569219    0.31079140    0.30042390
T5             0.51569721    0.00000000    0.13066114    0.09503368    0.41121422    0.39339093    0.39988087    0.42772948    0.37502875    0.37819472    0.39865390    0.37076709    0.40191980    0.37708513    0.39339093    0.40116659    0.39339093    0.39016745    0.37502875    0.37391923    0.39988087    0.40771745    0.39211101    0.38137454
T1             0.56563956    0.13066114    0.00000000    0.07663106    0.45885166    0.44035883    0.45848864    0.46392166    0.42450256    0.42786619    0.44990996    0.42377068    0.45338798    0.43318371    0.43199567    0.44035883    0.43199567    0.42601270    0.40838407    0.41499582    0.44723746    0.43880378    0.43515474    0.41900873
T6             0.54682259    0.09503368    0.07663106    0.00000000    0.43659151    0.41856534    0.43615969    0.45848864    0.40320510    0.40647627    0.42786619    0.39857696    0.42713291    0.40510043    0.41450294    0.42266115    0.41450294    0.41119969    0.39144888    0.39016745    0.42115424    0.42115424    0.41346786    0.40976207
T8             0.29719203    0.41121422    0.45885166    0.43659151    0.00000000    0.17701425    0.19241756    0.20259995    0.16400488    0.17136371    0.17399785    0.15355040    0.20322362    0.16613687    0.16384250    0.16906946    0.16384250    0.15142294    0.14860565    0.15088974    0.19283771    0.19010226    0.17248910    0.17120703
T4             0.30404507    0.39339093    0.44035883    0.41856534    0.17701425    0.00000000    0.01617924    0.09164564    0.05613592    0.06260104    0.07137216    0.10612686    0.14533329    0.12996619    0.11336104    0.11824289    0.11336104    0.10386535    0.09440288    0.09888841    0.12531853    0.12038844    0.11400689    0.11033130
T10            0.31574167    0.39988087    0.45848864    0.43615969    0.19241756    0.01617924    0.00000000    0.10299714    0.06697329    0.07353755    0.08243552    0.12010600    0.16273431    0.14441128    0.12284738    0.12780200    0.12284738    0.11295646    0.10815712    0.11272513    0.13967480    0.13464533    0.12815259    0.12438264
T22            0.33261367    0.42772948    0.46392166    0.45848864    0.20259995    0.09164564    0.10299714    0.00000000    0.05831991    0.06479944    0.07583790    0.12473629    0.16982660    0.14918043    0.13967480    0.14475560    0.13967480    0.12981220    0.11754760    0.12461045    0.15727772    0.15209117    0.13532762    0.13449478
T17            0.28895366    0.37502875    0.42450256    0.40320510    0.16400488    0.05613592    0.06697329    0.05831991    0.00000000    0.00602734    0.02028115    0.09440288    0.14002562    0.11321853    0.10148282    0.10625933    0.10148282    0.09217111    0.08520666    0.08733440    0.11808839    0.11321853    0.10204095    0.10114228
T23            0.29431748    0.37819472    0.42786619    0.40647627    0.17136371    0.06260104    0.07353755    0.06479944    0.00602734    0.00000000    0.02646435    0.10114228    0.14713273    0.12010600    0.10827268    0.11308366    0.10827268    0.09888841    0.09187512    0.09403063    0.12501169    0.12010600    0.10881071    0.10794892
T15            0.30078137    0.39865390    0.44990996    0.42786619    0.17399785    0.07137216    0.08243552    0.07583790    0.02028115    0.02646435    0.00000000    0.11283693    0.15969137    0.13214952    0.12010600    0.12501169    0.12010600    0.10600192    0.10340361    0.10557789    0.13715371    0.13214952    0.11824289    0.11974092
T7             0.30812427    0.37076709    0.42377068    0.39857696    0.15355040    0.10612686    0.12010600    0.12473629    0.09440288    0.10114228    0.11283693    0.00000000    0.08299827    0.05836272    0.09006168    0.09475947    0.09006168    0.09018399    0.08320304    0.08299827    0.12104611    0.11611581    0.10012520    0.09653965
T2             0.34093701    0.40191980    0.45338798    0.42713291    0.20322362    0.14533329    0.16273431    0.16982660    0.14002562    0.14713273    0.15969137    0.08299827    0.00000000    0.06296876    0.13551810    0.14061219    0.13551810    0.13571649    0.12815259    0.11824289    0.16689512    0.16152635    0.14460745    0.13464533
T0             0.31231769    0.37708513    0.43318371    0.40510043    0.16613687    0.12996619    0.14441128    0.14918043    0.11321853    0.12010600    0.13214952    0.05836272    0.06296876    0.00000000    0.11093795    0.11579598    0.11093795    0.11108212    0.10386535    0.10148282    0.14082371    0.13571649    0.11933006    0.11754760
T21            0.31231769    0.39339093    0.43199567    0.41450294    0.16384250    0.11336104    0.12284738    0.13967480    0.10148282    0.10827268    0.12010600    0.09006168    0.13551810    0.11093795    0.00000000    0.00804447    0.00401212    0.06520182    0.05853246    0.06061580    0.09240504    0.08772931    0.07918518    0.08742222
T18            0.31908972    0.40116659    0.44035883    0.42266115    0.16906946    0.11824289    0.12780200    0.14475560    0.10625933    0.11308366    0.12501169    0.09475947    0.14061219    0.11579598    0.00804447    0.00000000    0.00804447    0.06969822    0.06296876    0.06505201    0.09712510    0.09240504    0.08383935    0.09206510
T13            0.31231769    0.39339093    0.43199567    0.41450294    0.16384250    0.11336104    0.12284738    0.13967480    0.10148282    0.10827268    0.12010600    0.09006168    0.13551810    0.11093795    0.00401212    0.00804447    0.00000000    0.06520182    0.05853246    0.06061580    0.09240504    0.08772931    0.07918518    0.08742222
T19            0.28647789    0.39016745    0.42601270    0.41119969    0.15142294    0.10386535    0.11295646    0.12981220    0.09217111    0.09888841    0.10600192    0.09018399    0.13571649    0.11108212    0.06520182    0.06969822    0.06520182    0.00000000    0.02653277    0.04114681    0.08112016    0.07651989    0.06784756    0.08061723
T9             0.28328717    0.37502875    0.40838407    0.39144888    0.14860565    0.09440288    0.10815712    0.11754760    0.08520666    0.09187512    0.10340361    0.08320304    0.12815259    0.10386535    0.05853246    0.06296876    0.05853246    0.02653277    0.00000000    0.03480327    0.07423560    0.06969822    0.06108737    0.07381145
T16            0.29216486    0.37391923    0.41499582    0.39016745    0.15088974    0.09888841    0.11272513    0.12461045    0.08733440    0.09403063    0.10557789    0.08299827    0.11824289    0.10148282    0.06061580    0.06505201    0.06061580    0.04114681    0.03480327    0.00000000    0.07841935    0.07388216    0.06313603    0.07819765
T11            0.32251059    0.39988087    0.44723746    0.42115424    0.19283771    0.12531853    0.13967480    0.15727772    0.11808839    0.12501169    0.13715371    0.12104611    0.16689512    0.14082371    0.09240504    0.09712510    0.09240504    0.08112016    0.07423560    0.07841935    0.00000000    0.00806497    0.04777014    0.10600192
T12            0.31569219    0.40771745    0.43880378    0.42115424    0.19010226    0.12038844    0.13464533    0.15209117    0.11321853    0.12010600    0.13214952    0.11611581    0.16152635    0.13571649    0.08772931    0.09240504    0.08772931    0.07651989    0.06969822    0.07388216    0.00806497    0.00000000    0.04343982    0.10124831
T3             0.31079140    0.39211101    0.43515474    0.41346786    0.17248910    0.11400689    0.12815259    0.13532762    0.10204095    0.10881071    0.11824289    0.10012520    0.14460745    0.11933006    0.07918518    0.08383935    0.07918518    0.06784756    0.06108737    0.06313603    0.04777014    0.04343982    0.00000000    0.09726423
T20            0.30042390    0.38137454    0.41900873    0.40976207    0.17120703    0.11033130    0.12438264    0.13449478    0.10114228    0.10794892    0.11974092    0.09653965    0.13464533    0.11754760    0.08742222    0.09206510    0.08742222    0.08061723    0.07381145    0.07819765    0.10600192    0.10124831    0.09726423    0.00000000

