24
T17            0.00000000    0.27361641    0.27722925    0.26485598    0.25967244    0.28010617    0.28046038    0.28010617    0.27639634    0.31227349    0.31126614    0.29252596    0.29006330    0.30117626    0.30117626    0.28930446    0.28158995    0.27522873    0.21214335    0.21139076    0.25253102    0.25796141    0.23683979    0.23894478
T16            0.27361641    0.00000000    0.01829887    0.13229979    0.15072682    0.15813158    0.14533118    0.17637688    0.15144270    0.19428939    0.18930846    0.21270199    0.21270199    0.20506157    0.21895885    0.20910616    0.19361467    0.19079359    0.16318784    0.15507289    0.18519895    0.18242503    0.17419480    0.17611667
T18            0.27722925    0.01829887    0.00000000    0.14002354    0.15621263    0.16635476    0.15334062    0.18489857    0.15699492    0.20327494    0.19824575    0.21600391    0.21600391    0.21421482    0.22834871    0.21820443    0.20253275    0.19965456    0.16609841    0.15790492    0.18830536    0.18550803    0.17720910    0.17910514
T0             0.26485598    0.13229979    0.14002354    0.00000000    0.12438036    0.13421549    0.12693704    0.15639312    0.13464318    0.17562217    0.17071934    0.21499624    0.20983974    0.21070989    0.21875382    0.20368144    0.19936213    0.18553174    0.15624224    0.15866617    0.19101788    0.19101788    0.17207517    0.17416624
T23            0.25967244    0.15072682    0.15621263    0.12438036    0.00000000    0.12228761    0.11512880    0.14409713    0.13551632    0.17692312    0.16661950    0.20163414    0.19378379    0.18902935    0.20245913    0.19936213    0.19459232    0.18352785    0.16192025    0.15655254    0.19180306    0.19180306    0.18352785    0.18010539
T1             0.28010617    0.15813158    0.16635476    0.13421549    0.12228761    0.00000000    0.02238982    0.13935397    0.13984402    0.18958202    0.18738076    0.20727555    0.19936213    0.19459232    0.20590826    0.21527442    0.20814910    0.19683344    0.16942695    0.17188304    0.20245913    0.19963834    0.19683344    0.19883723
T13            0.28046038    0.14533118    0.15334062    0.12693704    0.11512880    0.02238982    0.00000000    0.13449255    0.13496852    0.17611667    0.17392488    0.20700303    0.19909509    0.19431378    0.20559752    0.20700303    0.18876637    0.19153235    0.16173873    0.15897274    0.19992368    0.19711083    0.18876637    0.19077418
T7             0.28010617    0.17637688    0.18489857    0.15639312    0.14409713    0.13935397    0.13449255    0.00000000    0.17562217    0.21101866    0.21166417    0.24342458    0.23809011    0.23913293    0.24750688    0.24342458    0.23612483    0.22720806    0.19053954    0.19305693    0.21906902    0.22720806    0.22135104    0.22336061
T19            0.27639634    0.15144270    0.15699492    0.13464318    0.13551632    0.13984402    0.13496852    0.17562217    0.00000000    0.15836653    0.14835035    0.20529599    0.19459232    0.20115598    0.20910616    0.21166417    0.20401748    0.19548185    0.16515730    0.16230889    0.19266885    0.18987166    0.16585047    0.17857841
T21            0.31227349    0.19428939    0.20327494    0.17562217    0.17692312    0.18958202    0.17611667    0.21101866    0.15836653    0.00000000    0.01617920    0.23722942    0.23497910    0.24857317    0.25393385    0.25486724    0.22934223    0.22337953    0.19769278    0.19963834    0.23013058    0.23315729    0.22635195    0.22526825
T9             0.31126614    0.18930846    0.19824575    0.17071934    0.16661950    0.18738076    0.17392488    0.21166417    0.14835035    0.01617920    0.00000000    0.23196168    0.22973162    0.24325179    0.24857317    0.24948502    0.22413180    0.21820443    0.19769278    0.20021814    0.22492187    0.22793038    0.22115929    0.22007161
T14            0.29252596    0.21270199    0.21600391    0.21499624    0.20163414    0.20727555    0.20700303    0.24342458    0.20529599    0.23722942    0.23196168    0.00000000    0.01415488    0.05195095    0.06061535    0.15208850    0.14021112    0.13012630    0.18530318    0.18237788    0.22598115    0.21714294    0.19656515    0.20418238
T8             0.29006330    0.21270199    0.21600391    0.20983974    0.19378379    0.19936213    0.19909509    0.23809011    0.19459232    0.23497910    0.22973162    0.01415488    0.00000000    0.04554529    0.05413502    0.14475326    0.13298874    0.12300481    0.17762953    0.17473755    0.21784123    0.20910616    0.18876637    0.19630597
T12            0.30117626    0.20506157    0.21421482    0.21070989    0.18902935    0.19459232    0.19431378    0.23913293    0.20115598    0.24857317    0.24325179    0.05195095    0.04554529    0.00000000    0.05433680    0.13262842    0.12352829    0.11857355    0.17562217    0.17270393    0.20655728    0.20368757    0.18130660    0.18876637
T15            0.30117626    0.21895885    0.22834871    0.21875382    0.20245913    0.20590826    0.20559752    0.24750688    0.20910616    0.25393385    0.24857317    0.06061535    0.05413502    0.05433680    0.00000000    0.15267746    0.14082187    0.13571476    0.18328010    0.18032801    0.22042474    0.21456727    0.19459232    0.20217492
T5             0.28930446    0.20910616    0.21820443    0.20368144    0.19936213    0.21527442    0.20700303    0.24342458    0.21166417    0.25486724    0.24948502    0.15208850    0.14475326    0.13262842    0.15267746    0.00000000    0.05206907    0.04554529    0.17989164    0.16906555    0.21423139    0.21133676    0.19378379    0.19858858
T2             0.28158995    0.19361467    0.20253275    0.19936213    0.19459232    0.20814910    0.18876637    0.23612483    0.20401748    0.22934223    0.22413180    0.14021112    0.13298874    0.12352829    0.14082187    0.05206907    0.00000000    0.03508214    0.17293088    0.15949675    0.21014612    0.20724288    0.18958202    0.19431378
T10            0.27522873    0.19079359    0.19965456    0.18553174    0.18352785    0.19683344    0.19153235    0.22720806    0.19548185    0.22337953    0.21820443    0.13012630    0.12300481    0.11857355    0.13571476    0.04554529    0.03508214    0.00000000    0.17025406    0.16211031    0.20724288    0.20435646    0.18680823    0.19153235
T11            0.21214335    0.16318784    0.16609841    0.15624224    0.16192025    0.16942695    0.16173873    0.19053954    0.16515730    0.19769278    0.19769278    0.18530318    0.17762953    0.17562217    0.18328010    0.17989164    0.17293088    0.17025406    0.00000000    0.02866709    0.09463239    0.09675066    0.07614490    0.08274414
T22            0.21139076    0.15507289    0.15790492    0.15866617    0.15655254    0.17188304    0.15897274    0.19305693    0.16230889    0.19963834    0.20021814    0.18237788    0.17473755    0.17270393    0.18032801    0.16906555    0.15949675    0.16211031    0.02866709    0.00000000    0.09217020    0.09429765    0.07381073    0.08040050
T6             0.25253102    0.18519895    0.18830536    0.19101788    0.19180306    0.20245913    0.19992368    0.21906902    0.19266885    0.23013058    0.22492187    0.22598115    0.21784123    0.20655728    0.22042474    0.21423139    0.21014612    0.20724288    0.09463239    0.09217020    0.00000000    0.02653270    0.10399844    0.09911057
T4             0.25796141    0.18242503    0.18550803    0.19101788    0.19180306    0.19963834    0.19711083    0.22720806    0.18987166    0.23315729    0.22793038    0.21714294    0.20910616    0.20368757    0.21456727    0.21133676    0.20724288    0.20435646    0.09675066    0.09429765    0.02653270    0.00000000    0.09712421    0.09675066
T3             0.23683979    0.17419480    0.17720910    0.17207517    0.18352785    0.19683344    0.18876637    0.22135104    0.16585047    0.22635195    0.22115929    0.19656515    0.18876637    0.18130660    0.19459232    0.19378379    0.18958202    0.18680823    0.07614490    0.07381073    0.10399844    0.09712421    0.00000000    0.01822331
T20            0.23894478    0.17611667    0.17910514    0.17416624    0.18010539    0.19883723    0.19077418    0.22336061    0.17857841    0.22526825    0.22007161    0.20418238    0.19630597    0.18876637    0.20217492    0.19858858    0.19431378    0.19153235    0.08274414    0.08040050    0.09911057    0.09675066    0.01822331    0.00000000

