24
T20            0.00000000    0.73357656    0.72856400    0.74429283    0.72994701    0.74414371    0.75658148    0.71123997    0.71123997    0.62809712    0.63689433    0.61465686    0.59022224    0.59440176    0.61268108    0.60724348    0.65935107    0.67651177    0.66065674    0.69883929    0.73225467    0.70042882    0.72487055    0.72327775
T1             0.73357656    0.00000000    0.02238868    0.02653119    0.13727509    0.14708306    0.14946731    0.14508137    0.13997882    0.32171944    0.32055687    0.32055687    0.30782616    0.30728717    0.30495099    0.30495099    0.33413199    0.34797239    0.33950735    0.34494123    0.36333075    0.32997043    0.35346666    0.34436379
T19            0.72856400    0.02238868    0.00000000    0.01212485    0.12992737    0.14216217    0.14453181    0.13762671    0.13258845    0.30154880    0.30050581    0.30050581    0.28816702    0.28768459    0.28535924    0.28535924    0.31361059    0.32720440    0.32237381    0.33368205    0.34077615    0.30862397    0.33477771    0.32237381
T10            0.74429283    0.02653119    0.01212485    0.00000000    0.13476231    0.14708306    0.14946731    0.14252358    0.13744694    0.31472453    0.31361059    0.31361059    0.30102172    0.30050581    0.29816962    0.29816962    0.32701256    0.34077615    0.33592216    0.34134315    0.35589355    0.32292626    0.34978915    0.33711530
T4             0.72994701    0.13727509    0.12992737    0.13476231    0.00000000    0.02444347    0.02442121    0.03064585    0.02647041    0.27929355    0.27836069    0.27836069    0.27929355    0.27882179    0.26369403    0.26369403    0.28349439    0.31345464    0.30624324    0.32183317    0.32183317    0.29950760    0.33124324    0.31545161
T11            0.74414371    0.14708306    0.14216217    0.14708306    0.02444347    0.00000000    0.00401104    0.04330578    0.03904128    0.28816702    0.28721305    0.28721305    0.28160813    0.28114716    0.27236876    0.27236876    0.30573833    0.32273305    0.30524482    0.32078737    0.32773359    0.30524482    0.33368205    0.31785524
T15            0.75658148    0.14946731    0.14453181    0.14946731    0.02442121    0.00401104    0.00000000    0.04327575    0.03902033    0.29098566    0.29003180    0.29003180    0.28440519    0.28394437    0.27513421    0.27513421    0.30862397    0.32568910    0.31152109    0.32720440    0.32720440    0.30476271    0.33667455    0.32078737
T2             0.71123997    0.14508137    0.13762671    0.14252358    0.03064585    0.04330578    0.04327575    0.00000000    0.00401609    0.28207983    0.28114716    0.28114716    0.28207983    0.28160813    0.27281960    0.26642844    0.29950760    0.31298462    0.31254274    0.31890073    0.31890073    0.29665586    0.32827480    0.31254274
T14            0.71123997    0.13997882    0.13258845    0.13744694    0.02647041    0.03904128    0.03902033    0.00401609    0.00000000    0.28207983    0.28114716    0.28114716    0.28207983    0.28160813    0.26642844    0.26642844    0.29950760    0.31298462    0.31254274    0.32237381    0.32237381    0.30000110    0.33179683    0.31598000
T3             0.62809712    0.32171944    0.30154880    0.31472453    0.27929355    0.28816702    0.29098566    0.28207983    0.28207983    0.00000000    0.02236444    0.02236444    0.06735114    0.06951735    0.07422178    0.06968639    0.12238450    0.14104026    0.11479741    0.24933970    0.25231632    0.22674449    0.24051473    0.23539135
T9             0.63689433    0.32055687    0.30050581    0.31361059    0.27836069    0.28721305    0.29003180    0.28114716    0.28114716    0.02236444    0.00000000    0.00806472    0.06944318    0.07161818    0.07630508    0.07176970    0.11971094    0.13837257    0.11225748    0.25181500    0.25778607    0.23204926    0.24591442    0.24074626
T7             0.61465686    0.32055687    0.30050581    0.31361059    0.27836069    0.28721305    0.29003180    0.28114716    0.28114716    0.02236444    0.00806472    0.00000000    0.06944318    0.07161818    0.07630508    0.07176970    0.12457748    0.14332343    0.11701968    0.24591442    0.25479162    0.23204926    0.24591442    0.24074626
T17            0.59022224    0.30782616    0.28816702    0.30102172    0.27929355    0.28160813    0.28440519    0.28207983    0.28207983    0.06735114    0.06944318    0.06944318    0.00000000    0.00200301    0.02238868    0.01824782    0.11751795    0.13608940    0.11479741    0.22614415    0.23184289    0.20166680    0.22050964    0.21544323
T0             0.59440176    0.30728717    0.28768459    0.30050581    0.27882179    0.28114716    0.28394437    0.28160813    0.28160813    0.06951735    0.07161818    0.07161818    0.00200301    0.00000000    0.02444347    0.02029402    0.11521936    0.13372549    0.11710375    0.22879736    0.23451240    0.20424408    0.22314694    0.21805857
T22            0.61268108    0.30495099    0.28535924    0.29816962    0.26369403    0.27236876    0.27513421    0.27281960    0.26642844    0.07422178    0.07630508    0.07630508    0.02238868    0.02444347    0.00000000    0.00401609    0.12251927    0.14115188    0.12457748    0.22350101    0.23204926    0.20454931    0.21788234    0.21283769
T6             0.60724348    0.30495099    0.28535924    0.29816962    0.26369403    0.27236876    0.27513421    0.26642844    0.26642844    0.06968639    0.07176970    0.07176970    0.01824782    0.02029402    0.00401609    0.00000000    0.11764084    0.13618871    0.11971094    0.22068378    0.22918357    0.20181679    0.21509652    0.21005960
T13            0.65935107    0.33413199    0.31361059    0.32701256    0.28349439    0.30573833    0.30862397    0.29950760    0.29950760    0.12238450    0.11971094    0.12457748    0.11751795    0.11521936    0.12251927    0.11764084    0.00000000    0.04760698    0.06282057    0.27524715    0.28523728    0.26079857    0.27216974    0.26687860
T5             0.67651177    0.34797239    0.32720440    0.34077615    0.31345464    0.32273305    0.32568910    0.31298462    0.31298462    0.14104026    0.13837257    0.14332343    0.13608940    0.13372549    0.14115188    0.13618871    0.04760698    0.00000000    0.08704142    0.29152947    0.30472441    0.27986290    0.29152947    0.28603674
T16            0.66065674    0.33950735    0.32237381    0.33592216    0.30624324    0.30524482    0.31152109    0.31254274    0.31254274    0.11479741    0.11225748    0.11701968    0.11479741    0.11710375    0.12457748    0.11971094    0.06282057    0.08704142    0.00000000    0.26079857    0.28241036    0.25258281    0.26632939    0.26107095
T23            0.69883929    0.34494123    0.33368205    0.34134315    0.32183317    0.32078737    0.32720440    0.31890073    0.32237381    0.24933970    0.25181500    0.24591442    0.22614415    0.22879736    0.22350101    0.22068378    0.27524715    0.29152947    0.26079857    0.00000000    0.07799108    0.06256867    0.07349276    0.06472391
T18            0.73225467    0.36333075    0.34077615    0.35589355    0.32183317    0.32773359    0.32720440    0.31890073    0.32237381    0.25231632    0.25778607    0.25479162    0.23184289    0.23451240    0.23204926    0.22918357    0.28523728    0.30472441    0.28241036    0.07799108    0.00000000    0.04325234    0.05605712    0.04749002
T21            0.70042882    0.32997043    0.30862397    0.32292626    0.29950760    0.30524482    0.30476271    0.29665586    0.30000110    0.22674449    0.23204926    0.23204926    0.20166680    0.20424408    0.20454931    0.20181679    0.26079857    0.27986290    0.25258281    0.06256867    0.04325234    0.00000000    0.02442121    0.01620785
T12            0.72487055    0.35346666    0.33477771    0.34978915    0.33124324    0.33368205    0.33667455    0.32827480    0.33179683    0.24051473    0.24591442    0.24591442    0.22050964    0.22314694    0.21788234    0.21509652    0.27216974    0.29152947    0.26632939    0.07349276    0.05605712    0.02442121    0.00000000    0.01210016
T8             0.72327775    0.34436379    0.32237381    0.33711530    0.31545161    0.31785524    0.32078737    0.31254274    0.31598000    0.23539135    0.24074626    0.24074626    0.21544323    0.21805857    0.21283769    0.21005960    0.26687860    0.28603674    0.26107095    0.06472391    0.04749002    0.01620785    0.01210016    0.00000000

