24
T8             0.00000000    0.39508879    0.31138059    0.26076376    0.28334557    0.28334557    0.28660233    0.27497601    0.31188143    0.30222396    0.31188143    0.30898085    0.31239407    0.31636732    0.31001769    0.28334557    0.26901337    0.29887967    0.29510232    0.32277669    0.30302344    0.30821131    0.22470799    0.22758720
T18            0.39508879    0.00000000    0.19660681    0.26462463    0.27775509    0.27775509    0.27689539    0.29365890    0.31875500    0.30898085    0.29510232    0.31456229    0.31110121    0.31055362    0.30086032    0.28099078    0.24795585    0.28660233    0.27013487    0.29225785    0.28849421    0.28471529    0.29708246    0.30370369
T5             0.31138059    0.19660681    0.00000000    0.18830388    0.19968332    0.19968332    0.19408565    0.22013280    0.23884128    0.23022339    0.23285649    0.23165123    0.22865857    0.22533019    0.22272677    0.18855033    0.17590054    0.21045987    0.20449086    0.23319790    0.20661299    0.20057154    0.21791431    0.22370711
T10            0.26076376    0.26462463    0.18830388    0.00000000    0.04339135    0.04339135    0.12242913    0.13498778    0.14189372    0.13450921    0.14189372    0.15531199    0.15010928    0.14515415    0.13769197    0.12270976    0.11081251    0.13952783    0.13937173    0.16497161    0.13553845    0.13068039    0.18556679    0.18556679
T19            0.28334557    0.27775509    0.19968332    0.04339135    0.00000000    0.00000000    0.12256552    0.14023353    0.14205628    0.13466068    0.14715211    0.16080468    0.15816178    0.14535596    0.13788203    0.12781828    0.11580955    0.14477497    0.14459766    0.16784371    0.13573791    0.13087479    0.20534477    0.20534477
T1             0.28334557    0.27775509    0.19968332    0.04339135    0.00000000    0.00000000    0.12256552    0.14023353    0.14205628    0.13466068    0.14715211    0.16080468    0.15816178    0.14535596    0.13788203    0.12781828    0.11580955    0.14477497    0.14459766    0.16784371    0.13573791    0.13087479    0.20534477    0.20534477
T6             0.28660233    0.27689539    0.19408565    0.12242913    0.12256552    0.12256552    0.00000000    0.10627050    0.13423057    0.12695029    0.13175264    0.13717001    0.13466068    0.12982664    0.12256552    0.11525855    0.11795432    0.15211167    0.14426774    0.18356536    0.15075531    0.15053176    0.21621954    0.21686495
T17            0.27497601    0.29365890    0.22013280    0.13498778    0.14023353    0.14023353    0.10627050    0.00000000    0.15730053    0.14971975    0.15211167    0.16588376    0.16321966    0.15816178    0.15053176    0.13264754    0.13300975    0.15750327    0.15991543    0.19492585    0.15411098    0.16397099    0.23428127    0.23428127
T22            0.31188143    0.31875500    0.23884128    0.14189372    0.14205628    0.14205628    0.13423057    0.15730053    0.00000000    0.01417494    0.03489154    0.07860898    0.07632423    0.07170583    0.06505542    0.10149254    0.14023353    0.17075304    0.17273530    0.21720186    0.16908379    0.16881877    0.22989090    0.23583987
T7             0.30222396    0.30898085    0.23022339    0.13450921    0.13466068    0.13466068    0.12695029    0.14971975    0.01417494    0.00000000    0.02859901    0.06736575    0.06512728    0.06505542    0.05847174    0.08984597    0.13788203    0.16831418    0.17028523    0.21462583    0.16129958    0.16104796    0.22140520    0.22726657
T14            0.31188143    0.29510232    0.23285649    0.14189372    0.14715211    0.14715211    0.13175264    0.15211167    0.03489154    0.02859901    0.00000000    0.07632423    0.07404993    0.06499052    0.06061849    0.09912067    0.13769197    0.17075304    0.17273530    0.21497294    0.16423818    0.16397099    0.22694292    0.23285649
T13            0.30898085    0.31456229    0.23165123    0.15531199    0.16080468    0.16080468    0.13717001    0.16588376    0.07860898    0.06736575    0.07632423    0.00000000    0.00603652    0.07424174    0.06754044    0.10190227    0.15122688    0.18189002    0.17887588    0.21020781    0.17540506    0.17509958    0.22568381    0.23165123
T16            0.31239407    0.31110121    0.22865857    0.15010928    0.15816178    0.15816178    0.13466068    0.16321966    0.07632423    0.06512728    0.07404993    0.00603652    0.00000000    0.07196737    0.06529177    0.09951319    0.14861163    0.17914501    0.17615348    0.20730229    0.17265976    0.17236189    0.22272677    0.22865857
T0             0.31636732    0.31055362    0.22533019    0.14515415    0.14535596    0.14535596    0.12982664    0.15816178    0.07170583    0.06505542    0.06499052    0.07424174    0.07196737    0.00000000    0.02656673    0.08785454    0.14106808    0.16639071    0.16346170    0.20695306    0.15147487    0.15649906    0.22238197    0.22829600
T3             0.31001769    0.30086032    0.22272677    0.13769197    0.13788203    0.13788203    0.12256552    0.15053176    0.06505542    0.05847174    0.06061849    0.06754044    0.06529177    0.02656673    0.00000000    0.08564611    0.12855459    0.15553287    0.15270382    0.19302423    0.14648643    0.15147487    0.21754821    0.22568381
T4             0.28334557    0.28099078    0.18855033    0.12270976    0.12781828    0.12781828    0.11525855    0.13264754    0.10149254    0.08984597    0.09912067    0.10190227    0.09951319    0.08785454    0.08564611    0.00000000    0.11368326    0.14515415    0.14752820    0.18409018    0.14342205    0.14320270    0.21107147    0.21107147
T21            0.26901337    0.24795585    0.17590054    0.11081251    0.11580955    0.11580955    0.11795432    0.13300975    0.14023353    0.13788203    0.13769197    0.15122688    0.14861163    0.14106808    0.12855459    0.11368326    0.00000000    0.05627289    0.05403652    0.11580955    0.09742256    0.09490338    0.19522398    0.19522398
T15            0.29887967    0.28660233    0.21045987    0.13952783    0.14477497    0.14477497    0.15211167    0.15750327    0.17075304    0.16831418    0.17075304    0.18189002    0.17914501    0.16639071    0.15553287    0.14515415    0.05627289    0.00000000    0.01824882    0.14477497    0.13068039    0.13553845    0.22498620    0.22498620
T12            0.29510232    0.27013487    0.20449086    0.13937173    0.14459766    0.14459766    0.14426774    0.15991543    0.17273530    0.17028523    0.17273530    0.17887588    0.17615348    0.16346170    0.15270382    0.14752820    0.05403652    0.01824882    0.00000000    0.14205628    0.12799062    0.13282468    0.22172117    0.22172117
T2             0.32277669    0.29225785    0.23319790    0.16497161    0.16784371    0.16784371    0.18356536    0.19492585    0.21720186    0.21462583    0.21497294    0.21020781    0.20730229    0.20695306    0.19302423    0.18409018    0.11580955    0.14477497    0.14205628    0.00000000    0.14815383    0.15053176    0.23920090    0.23920090
T11            0.30302344    0.28849421    0.20661299    0.13553845    0.13573791    0.13573791    0.15075531    0.15411098    0.16908379    0.16129958    0.16423818    0.17540506    0.17265976    0.15147487    0.14648643    0.14342205    0.09742256    0.13068039    0.12799062    0.14815383    0.00000000    0.02656673    0.22122646    0.20950150
T20            0.30821131    0.28471529    0.20057154    0.13068039    0.13087479    0.13087479    0.15053176    0.16397099    0.16881877    0.16104796    0.16397099    0.17509958    0.17236189    0.15649906    0.15147487    0.14320270    0.09490338    0.13553845    0.13282468    0.15053176    0.02656673    0.00000000    0.21205907    0.20628211
T9             0.22470799    0.29708246    0.21791431    0.18556679    0.20534477    0.20534477    0.21621954    0.23428127    0.22989090    0.22140520    0.22694292    0.22568381    0.22272677    0.22238197    0.21754821    0.21107147    0.19522398    0.22498620    0.22172117    0.23920090    0.22122646    0.21205907    0.00000000    0.02236586
T23            0.22758720    0.30370369    0.22370711    0.18556679    0.20534477    0.20534477    0.21686495    0.23428127    0.23583987    0.22726657    0.23285649    0.23165123    0.22865857    0.22829600    0.22568381    0.21107147    0.19522398    0.22498620    0.22172117    0.23920090    0.20950150    0.20628211    0.02236586    0.00000000

