24
T21            0.00000000    0.33285316    0.32790841    0.23948220    0.23652860    0.27482867    0.27482867    0.24844953    0.21730150    0.22751991    0.25386639    0.19654870    0.18078582    0.20954991    0.19934514    0.18757139    0.19008246    0.20136053    0.19029886    0.19260258    0.33636926    0.35433194    0.34955438    0.13966453
T13            0.33285316    0.00000000    0.07651684    0.35568307    0.35206502    0.39985390    0.39985390    0.35433194    0.35681715    0.36242471    0.37042390    0.35248281    0.31513953    0.34293005    0.32394240    0.31226223    0.31518602    0.32589452    0.31903175    0.32838050    0.45138529    0.44874308    0.42630660    0.35680603
T1             0.32790841    0.07651684    0.00000000    0.35876686    0.35513567    0.38750294    0.40310896    0.36729899    0.35261228    0.35821934    0.36610961    0.32936169    0.30447530    0.33533895    0.31317397    0.30848488    0.30476392    0.31271216    0.31518602    0.31684750    0.45057832    0.46529516    0.44632816    0.34045691
T14            0.23948220    0.35568307    0.35876686    0.00000000    0.00200403    0.11307701    0.11307701    0.08983463    0.08309354    0.09206072    0.09663712    0.17784031    0.15767601    0.17740114    0.17024183    0.16434107    0.16155502    0.16960881    0.16696798    0.16660318    0.33636926    0.39382976    0.38062005    0.24608081
T16            0.23652860    0.35206502    0.35513567    0.00200403    0.00000000    0.11549976    0.11549976    0.09216674    0.08079369    0.08973408    0.09429408    0.17514954    0.15506273    0.17472487    0.16757976    0.16172795    0.15896232    0.16696798    0.16434107    0.16399011    0.33285316    0.38986595    0.37677861    0.24307366
T23            0.27482867    0.39985390    0.38750294    0.11307701    0.11549976    0.00000000    0.00806493    0.05419435    0.08751339    0.09419724    0.09878282    0.19833268    0.17537495    0.19556740    0.18279719    0.17947746    0.16872731    0.17415364    0.17415364    0.17351603    0.35932759    0.40527752    0.39592185    0.26927461
T4             0.27482867    0.39985390    0.40310896    0.11307701    0.11549976    0.00806493    0.00000000    0.05419435    0.08751339    0.09419724    0.09878282    0.19833268    0.17537495    0.19556740    0.18279719    0.17947746    0.17398089    0.17947746    0.17947746    0.17878335    0.35932759    0.40527752    0.39592185    0.26927461
T9             0.24844953    0.35433194    0.36729899    0.08983463    0.09216674    0.05419435    0.05419435    0.00000000    0.06512130    0.07387932    0.07833508    0.17206290    0.14730414    0.16678126    0.15967783    0.15912845    0.15126419    0.15172795    0.15654246    0.16108781    0.33285316    0.38449134    0.37166826    0.23711327
T8             0.21730150    0.35681715    0.35261228    0.08309354    0.08079369    0.08751339    0.08751339    0.06512130    0.00000000    0.02853763    0.07169899    0.15930310    0.13496095    0.15930310    0.14456830    0.14662208    0.13892934    0.14694665    0.14156800    0.14859309    0.31657032    0.35187145    0.33285316    0.22017020
T10            0.22751991    0.36242471    0.35821934    0.09206072    0.08973408    0.09419724    0.09419724    0.07387932    0.02853763    0.00000000    0.08053466    0.16923004    0.14456830    0.16923004    0.15430065    0.15638304    0.14886403    0.15896232    0.15381704    0.15838347    0.31950485    0.36854193    0.34900727    0.23094340
T12            0.25386639    0.37042390    0.36610961    0.09663712    0.09429408    0.09878282    0.09878282    0.07833508    0.07169899    0.08053466    0.00000000    0.17699716    0.15726462    0.17699716    0.16190942    0.16399011    0.15608974    0.16660318    0.15880472    0.16597796    0.33285316    0.39628905    0.37545125    0.23948220
T11            0.19654870    0.35248281    0.32936169    0.17784031    0.17514954    0.19833268    0.19833268    0.17206290    0.15930310    0.16923004    0.17699716    0.00000000    0.09488820    0.10350212    0.10399391    0.09653476    0.09643982    0.10599608    0.09419724    0.09868980    0.29452304    0.35005855    0.34519297    0.19934514
T5             0.18078582    0.31513953    0.30447530    0.15767601    0.15506273    0.17537495    0.17537495    0.14730414    0.13496095    0.14456830    0.15726462    0.09488820    0.00000000    0.05867801    0.05905343    0.05654374    0.05206796    0.06098977    0.05433552    0.05846727    0.29257348    0.33975914    0.32795525    0.18956615
T15            0.20954991    0.34293005    0.33533895    0.17740114    0.17472487    0.19556740    0.19556740    0.16678126    0.15930310    0.16923004    0.17699716    0.10350212    0.05867801    0.00000000    0.06960721    0.06938341    0.06709498    0.07841618    0.06952564    0.07363891    0.31364763    0.35127292    0.34293005    0.19934514
T7             0.19934514    0.32394240    0.31317397    0.17024183    0.16757976    0.18279719    0.18279719    0.15967783    0.14456830    0.15430065    0.16190942    0.10399391    0.05905343    0.06960721    0.00000000    0.06296675    0.05846727    0.06744262    0.05632744    0.06492770    0.29781842    0.34158766    0.32639143    0.20273454
T22            0.18757139    0.31226223    0.30848488    0.16434107    0.16172795    0.17947746    0.17947746    0.15912845    0.14662208    0.15638304    0.16399011    0.09653476    0.05654374    0.06938341    0.06296675    0.00000000    0.05831797    0.06721316    0.05836087    0.06259854    0.29981549    0.34706897    0.33885496    0.19351661
T20            0.19008246    0.31518602    0.30476392    0.16155502    0.15896232    0.16872731    0.17398089    0.15126419    0.13892934    0.14886403    0.15608974    0.09643982    0.05206796    0.06709498    0.05846727    0.05831797    0.00000000    0.03271339    0.03062113    0.03480601    0.29042284    0.33584786    0.32447719    0.18506932
T19            0.20136053    0.32589452    0.31271216    0.16960881    0.16696798    0.17415364    0.17947746    0.15172795    0.14694665    0.15896232    0.16660318    0.10599608    0.06098977    0.07841618    0.06744262    0.06721316    0.03271339    0.00000000    0.03907103    0.04323804    0.30312168    0.35068722    0.34239597    0.19628967
T2             0.19029886    0.31903175    0.31518602    0.16696798    0.16434107    0.17415364    0.17947746    0.15654246    0.14156800    0.15381704    0.15880472    0.09419724    0.05433552    0.06952564    0.05632744    0.05836087    0.03062113    0.03907103    0.00000000    0.03689477    0.29981549    0.33991036    0.32838050    0.19628967
T3             0.19260258    0.32838050    0.31684750    0.16660318    0.16399011    0.17351603    0.17878335    0.16108781    0.14859309    0.15838347    0.16597796    0.09868980    0.05846727    0.07363891    0.06492770    0.06259854    0.03480601    0.04323804    0.03689477    0.00000000    0.30147969    0.34490679    0.33689553    0.19579900
T0             0.33636926    0.45138529    0.45057832    0.33636926    0.33285316    0.35932759    0.35932759    0.33285316    0.31657032    0.31950485    0.33285316    0.29452304    0.29257348    0.31364763    0.29781842    0.29981549    0.29042284    0.30312168    0.29981549    0.30147969    0.00000000    0.18956615    0.18078582    0.32690053
T6             0.35433194    0.44874308    0.46529516    0.39382976    0.38986595    0.40527752    0.40527752    0.38449134    0.35187145    0.36854193    0.39628905    0.35005855    0.33975914    0.35127292    0.34158766    0.34706897    0.33584786    0.35068722    0.33991036    0.34490679    0.18956615    0.00000000    0.03924728    0.37431875
T17            0.34955438    0.42630660    0.44632816    0.38062005    0.37677861    0.39592185    0.39592185    0.37166826    0.33285316    0.34900727    0.37545125    0.34519297    0.32795525    0.34293005    0.32639143    0.33885496    0.32447719    0.34239597    0.32838050    0.33689553    0.18078582    0.03924728    0.00000000    0.36170236
T18            0.13966453    0.35680603    0.34045691    0.24608081    0.24307366    0.26927461    0.26927461    0.23711327    0.22017020    0.23094340    0.23948220    0.19934514    0.18956615    0.19934514    0.20273454    0.19351661    0.18506932    0.19628967    0.19628967    0.19579900    0.32690053    0.37431875    0.36170236    0.00000000

