24
T23            0.00000000    0.50413678    0.48040483    0.48575400    0.45586725    0.52975928    0.47925742    0.43708413    0.46066886    0.47493935    0.46999644    0.45586725    0.47852673    0.46257740    0.46257740    0.27871425    0.27632168    0.26853748    0.26577449    0.28837209    0.26647891    0.26098874    0.26062934    0.27689140
T16            0.50413678    0.00000000    0.07622289    0.07614021    0.11792758    0.19419600    0.16352121    0.13420193    0.13892335    0.21442988    0.22486738    0.20041306    0.22856211    0.20389105    0.20109565    0.39515438    0.39906776    0.39645382    0.39321791    0.41761284    0.40232136    0.36916057    0.37603527    0.37958267
T9             0.48040483    0.07622289    0.00000000    0.03919253    0.07413084    0.15087107    0.11712047    0.08955217    0.10103482    0.16171751    0.19028364    0.16959631    0.17513470    0.15225538    0.14711107    0.34644190    0.35004455    0.35869910    0.34841021    0.37095862    0.35674467    0.33032972    0.34286508    0.34995017
T4             0.48575400    0.07614021    0.03919253    0.00000000    0.07651317    0.16122671    0.12204509    0.09663309    0.10826153    0.17245916    0.19050819    0.17245916    0.18527343    0.15687608    0.15687608    0.35425719    0.35792613    0.35561540    0.35254471    0.36783326    0.35367342    0.34038979    0.33984549    0.34336585
T17            0.45586725    0.11792758    0.07413084    0.07651317    0.00000000    0.14106479    0.10776205    0.07599611    0.08724738    0.15429066    0.16659296    0.14661388    0.17205050    0.15188921    0.14677137    0.32288032    0.32633338    0.32880894    0.31897991    0.33331207    0.32684038    0.30307558    0.32981052    0.33337894
T2             0.52975928    0.19419600    0.15087107    0.16122671    0.14106479    0.00000000    0.07859640    0.10320921    0.11490739    0.22925067    0.24577481    0.23211810    0.23813643    0.22703041    0.22990618    0.41746206    0.41348664    0.43091713    0.41681143    0.43637740    0.42080272    0.38330588    0.41348664    0.40936171
T22            0.47925742    0.16352121    0.11712047    0.12204509    0.10776205    0.07859640    0.00000000    0.06709378    0.07819259    0.18896760    0.21011555    0.19165734    0.20276142    0.18409686    0.18677942    0.35254212    0.35610585    0.36496170    0.35118350    0.35516150    0.34855010    0.32867904    0.34900368    0.34610584
T3             0.43708413    0.13420193    0.08955217    0.09663309    0.07599611    0.10320921    0.06709378    0.00000000    0.03066959    0.16642434    0.19238372    0.17167670    0.18214802    0.16171751    0.16171751    0.32058732    0.32398148    0.33594430    0.31602056    0.34033284    0.32695358    0.30106135    0.31721611    0.31789083
T14            0.46066886    0.13892335    0.10103482    0.10826153    0.08724738    0.11490739    0.07819259    0.03066959    0.00000000    0.18195467    0.20574826    0.18464453    0.18986180    0.16921914    0.17451336    0.35453845    0.35815399    0.37062100    0.34947038    0.37544868    0.36125074    0.33383558    0.35094894    0.34768242
T1             0.47493935    0.21442988    0.16171751    0.17245916    0.15429066    0.22925067    0.18896760    0.16642434    0.18195467    0.00000000    0.07380673    0.04973053    0.09910175    0.08299152    0.08299152    0.33683838    0.34396668    0.35617351    0.34233326    0.35367342    0.34340956    0.33384363    0.31604510    0.34033284
T7             0.46999644    0.22486738    0.19028364    0.19050819    0.16659296    0.24577481    0.21011555    0.19238372    0.20574826    0.07380673    0.00000000    0.04537040    0.11294440    0.09887933    0.09887933    0.34894213    0.35617351    0.36490599    0.35453845    0.36603673    0.35561540    0.34233326    0.34181410    0.35610585
T10            0.45586725    0.20041306    0.16959631    0.17245916    0.14661388    0.23211810    0.19165734    0.17167670    0.18464453    0.04973053    0.04537040    0.00000000    0.08761191    0.07631263    0.07631263    0.32735954    0.33438753    0.33578750    0.32583857    0.34038979    0.33032972    0.31749504    0.31359386    0.32832659
T13            0.47852673    0.22856211    0.17513470    0.18527343    0.17205050    0.23813643    0.20276142    0.18214802    0.18986180    0.09910175    0.11294440    0.08761191    0.00000000    0.04343786    0.04343786    0.34453642    0.35179446    0.34589726    0.34286508    0.35061503    0.34038979    0.33086116    0.32337529    0.33038271
T11            0.46257740    0.20389105    0.15225538    0.15687608    0.15188921    0.22703041    0.18409686    0.16171751    0.16921914    0.08299152    0.09887933    0.07631263    0.04343786    0.00000000    0.01214672    0.31068297    0.31749504    0.32583857    0.31604510    0.32337529    0.31359386    0.30442361    0.30396269    0.31427903
T19            0.46257740    0.20109565    0.14711107    0.15687608    0.14677137    0.22990618    0.18677942    0.16171751    0.17451336    0.08299152    0.09887933    0.07631263    0.04343786    0.01214672    0.00000000    0.30396269    0.31068297    0.31897991    0.31604510    0.32337529    0.31359386    0.30442361    0.30396269    0.31427903
T5             0.27871425    0.39515438    0.34644190    0.35425719    0.32288032    0.41746206    0.35254212    0.32058732    0.35453845    0.33683838    0.34894213    0.32735954    0.34453642    0.31068297    0.30396269    0.00000000    0.03294792    0.09922405    0.08529637    0.11154473    0.09252306    0.07880747    0.08796103    0.10360915
T18            0.27632168    0.39906776    0.35004455    0.35792613    0.32633338    0.41348664    0.35610585    0.32398148    0.35815399    0.34396668    0.35617351    0.33438753    0.35179446    0.31749504    0.31068297    0.03294792    0.00000000    0.09949069    0.08319555    0.11189932    0.09279943    0.07904656    0.08822946    0.09910175
T0             0.26853748    0.39645382    0.35869910    0.35561540    0.32880894    0.43091713    0.36496170    0.33594430    0.37062100    0.35617351    0.36490599    0.33578750    0.34589726    0.32583857    0.31897991    0.09922405    0.09949069    0.00000000    0.03705547    0.06343223    0.03930641    0.06519736    0.09030381    0.09887933
T12            0.26577449    0.39321791    0.34841021    0.35254471    0.31897991    0.41681143    0.35118350    0.31602056    0.34947038    0.34233326    0.35453845    0.32583857    0.34286508    0.31604510    0.31604510    0.08529637    0.08319555    0.03705547    0.00000000    0.04580124    0.02241994    0.05639113    0.08575439    0.09429039
T20            0.28837209    0.41761284    0.37095862    0.36783326    0.33331207    0.43637740    0.35516150    0.34033284    0.37544868    0.35367342    0.36603673    0.34038979    0.35061503    0.32337529    0.32337529    0.11154473    0.11189932    0.06343223    0.04580124    0.00000000    0.02665021    0.08136219    0.11228354    0.12085355
T6             0.26647891    0.40232136    0.35674467    0.35367342    0.32684038    0.42080272    0.34855010    0.32695358    0.36125074    0.34340956    0.35561540    0.33032972    0.34038979    0.31359386    0.31359386    0.09252306    0.09279943    0.03930641    0.02241994    0.02665021    0.00000000    0.05875943    0.08837431    0.09685911
T21            0.26098874    0.36916057    0.33032972    0.34038979    0.30307558    0.38330588    0.32867904    0.30106135    0.33383558    0.33384363    0.34233326    0.31749504    0.33086116    0.30442361    0.30442361    0.07880747    0.07904656    0.06519736    0.05639113    0.08136219    0.05875943    0.00000000    0.07469286    0.08308997
T8             0.26062934    0.37603527    0.34286508    0.33984549    0.32981052    0.41348664    0.34900368    0.31721611    0.35094894    0.31604510    0.34181410    0.31359386    0.32337529    0.30396269    0.30396269    0.08796103    0.08822946    0.09030381    0.08575439    0.11228354    0.08837431    0.07469286    0.00000000    0.04330800
T15            0.27689140    0.37958267    0.34995017    0.34336585    0.33337894    0.40936171    0.34610584    0.31789083    0.34768242    0.34033284    0.35610585    0.32832659    0.33038271    0.31427903    0.31427903    0.10360915    0.09910175    0.09887933    0.09429039    0.12085355    0.09685911    0.08308997    0.04330800    0.00000000

