24
T22            0.00000000    0.34117322    0.30556066    0.31236183    0.32219318    0.31579763    0.29932861    0.29079790    0.33275621    0.36809730    0.35817850    0.30035539    0.30992031    0.13968681    0.14442318    0.15951475    0.15010258    0.15249136    0.19104581    0.19104581    0.15469274    0.18961428    0.07404840    0.07178459
T7             0.34117322    0.00000000    0.09440828    0.11109115    0.12071277    0.14495439    0.13247345    0.17074407    0.21331758    0.20371019    0.19080105    0.32165709    0.32568931    0.31768556    0.32356853    0.33299531    0.32062108    0.33405636    0.38153161    0.38153161    0.34233568    0.36586266    0.34293582    0.34657254
T3             0.30556066    0.09440828    0.00000000    0.06056276    0.06715497    0.09430362    0.08282566    0.13787614    0.17295476    0.19837652    0.18012871    0.29363033    0.29746286    0.28657618    0.28895400    0.29463213    0.28288640    0.29885128    0.36207339    0.36207339    0.30998498    0.33219775    0.30369522    0.30709598
T2             0.31236183    0.11109115    0.06056276    0.00000000    0.05207130    0.09197093    0.08054117    0.14042395    0.17614372    0.19331713    0.17518544    0.26774619    0.27132295    0.28985356    0.28895400    0.31134981    0.29932861    0.30894961    0.35087587    0.35087587    0.30657262    0.32152010    0.31744011    0.32093655
T13            0.32219318    0.12071277    0.06715497    0.05207130    0.00000000    0.10840310    0.09664731    0.15052455    0.18683917    0.20651615    0.19080105    0.28657618    0.29032014    0.27966222    0.28205191    0.29420019    0.28246361    0.29838540    0.35392678    0.35392678    0.30946146    0.32093655    0.31688079    0.32036490
T8             0.31579763    0.14495439    0.09430362    0.09197093    0.10840310    0.00000000    0.01824873    0.13281935    0.18107611    0.18739991    0.18012871    0.28613162    0.28008553    0.29315269    0.29553024    0.29885128    0.29599637    0.30556066    0.35087587    0.35087587    0.30318352    0.31106699    0.32445775    0.32800407
T6             0.29932861    0.13247345    0.08282566    0.08054117    0.09664731    0.01824873    0.00000000    0.11841597    0.16563446    0.17722912    0.16475753    0.28096507    0.27817578    0.27817578    0.28051982    0.28376517    0.28096507    0.29032014    0.33455076    0.33455076    0.30135213    0.30930492    0.30763090    0.31106699
T12            0.29079790    0.17074407    0.13787614    0.14042395    0.15052455    0.13281935    0.11841597    0.00000000    0.06313942    0.15709956    0.14495439    0.23993091    0.24031989    0.25721898    0.25953068    0.27132295    0.26942551    0.27539721    0.32566203    0.32566203    0.27863221    0.29728803    0.29903117    0.30243221
T10            0.33275621    0.21331758    0.17295476    0.17614372    0.18683917    0.18107611    0.16563446    0.06313942    0.00000000    0.19584226    0.19129962    0.29513067    0.29903117    0.30031756    0.29932861    0.30844945    0.30657262    0.31288550    0.37426845    0.37426845    0.32682249    0.33283180    0.34179844    0.34546229
T21            0.36809730    0.20371019    0.19837652    0.19331713    0.20651615    0.18739991    0.17722912    0.15709956    0.19584226    0.00000000    0.05617504    0.33952429    0.33299531    0.31915772    0.32506600    0.33449405    0.32900014    0.33547969    0.39330223    0.39330223    0.34611620    0.36072261    0.36498333    0.36872915
T17            0.35817850    0.19080105    0.18012871    0.17518544    0.19080105    0.18012871    0.16475753    0.14495439    0.19129962    0.05617504    0.00000000    0.31038498    0.30412981    0.30992031    0.31575767    0.32851305    0.32306875    0.32949964    0.38297943    0.38297943    0.34722914    0.36968103    0.35510445    0.35879483
T9             0.30035539    0.32165709    0.29363033    0.26774619    0.28657618    0.28613162    0.28096507    0.23993091    0.29513067    0.33952429    0.31038498    0.00000000    0.04554681    0.28332026    0.28486489    0.29377968    0.29838540    0.29793099    0.35572009    0.35572009    0.29223125    0.31688079    0.30844945    0.31184993
T1             0.30992031    0.32568931    0.29746286    0.27132295    0.29032014    0.28008553    0.27817578    0.24031989    0.29903117    0.33299531    0.30412981    0.04554681    0.00000000    0.28376517    0.28205191    0.29663679    0.30125189    0.30079785    0.34419489    0.34419489    0.29178747    0.31633329    0.31134981    0.31476188
T16            0.13968681    0.31768556    0.28657618    0.28985356    0.27966222    0.29315269    0.27817578    0.25721898    0.30031756    0.31915772    0.30992031    0.28332026    0.28376517    0.00000000    0.05419777    0.08984380    0.09019048    0.09241149    0.14752182    0.14752182    0.10853443    0.14814669    0.14278189    0.14022757
T4             0.14442318    0.32356853    0.28895400    0.28895400    0.28205191    0.29553024    0.28051982    0.25953068    0.29932861    0.32506600    0.31575767    0.28486489    0.28205191    0.05419777    0.00000000    0.08984380    0.09019048    0.09241149    0.16011761    0.16011761    0.11795048    0.15552524    0.14752182    0.14495439
T23            0.15951475    0.33299531    0.29463213    0.31134981    0.29420019    0.29885128    0.28376517    0.27132295    0.30844945    0.33449405    0.32851305    0.29377968    0.29663679    0.08984380    0.08984380    0.00000000    0.04554681    0.04765907    0.18604329    0.18604329    0.14732990    0.19301140    0.15749611    0.15488836
T5             0.15010258    0.32062108    0.28288640    0.29932861    0.28246361    0.29599637    0.28096507    0.26942551    0.30657262    0.32900014    0.32306875    0.29838540    0.30125189    0.09019048    0.09019048    0.04554681    0.00000000    0.01008438    0.17860560    0.17860560    0.14278189    0.18834245    0.15291051    0.15030946
T11            0.15249136    0.33405636    0.29885128    0.30894961    0.29838540    0.30556066    0.29032014    0.27539721    0.31288550    0.33547969    0.32949964    0.29793099    0.30079785    0.09241149    0.09241149    0.04765907    0.01008438    0.00000000    0.17564716    0.17564716    0.14514783    0.18523333    0.15530464    0.15269680
T0             0.19104581    0.38153161    0.36207339    0.35087587    0.35392678    0.35087587    0.33455076    0.32566203    0.37426845    0.39330223    0.38297943    0.35572009    0.34419489    0.14752182    0.16011761    0.18604329    0.17860560    0.17564716    0.00000000    0.00000000    0.10362567    0.14278189    0.18905931    0.18629969
T20            0.19104581    0.38153161    0.36207339    0.35087587    0.35392678    0.35087587    0.33455076    0.32566203    0.37426845    0.39330223    0.38297943    0.35572009    0.34419489    0.14752182    0.16011761    0.18604329    0.17860560    0.17564716    0.00000000    0.00000000    0.10362567    0.14278189    0.18905931    0.18629969
T14            0.15469274    0.34233568    0.30998498    0.30657262    0.30946146    0.30318352    0.30135213    0.27863221    0.32682249    0.34611620    0.34722914    0.29223125    0.29178747    0.10853443    0.11795048    0.14732990    0.14278189    0.14514783    0.10362567    0.10362567    0.00000000    0.06961298    0.15530464    0.15269680
T15            0.18961428    0.36586266    0.33219775    0.32152010    0.32093655    0.31106699    0.30930492    0.29728803    0.33283180    0.36072261    0.36968103    0.31688079    0.31633329    0.14814669    0.15552524    0.19301140    0.18834245    0.18523333    0.14278189    0.14278189    0.06961298    0.00000000    0.19615853    0.19332797
T18            0.07404840    0.34293582    0.30369522    0.31744011    0.31688079    0.32445775    0.30763090    0.29903117    0.34179844    0.36498333    0.35510445    0.30844945    0.31134981    0.14278189    0.14752182    0.15749611    0.15291051    0.15530464    0.18905931    0.18905931    0.15530464    0.19615853    0.00000000    0.00200403
T19            0.07178459    0.34657254    0.30709598    0.32093655    0.32036490    0.32800407    0.31106699    0.30243221    0.34546229    0.36872915    0.35879483    0.31184993    0.31476188    0.14022757    0.14495439    0.15488836    0.15030946    0.15269680    0.18629969    0.18629969    0.15269680    0.19332797    0.00200403    0.00000000

