24
T10            0.00000000    0.27804051    0.27246508    0.21189319    0.23125841    0.23390667    0.22929672    0.26122584    0.23505198    0.23869093    0.25793424    0.24702739    0.23795477    0.24137236    0.24111828    0.27487950    0.24460022    0.37871447    0.24973826    0.24460022    0.26656227    0.26381125    0.26243250    0.21834678
T3             0.27804051    0.00000000    0.05895254    0.11351340    0.11550839    0.12269812    0.25762628    0.28764582    0.27323526    0.26577415    0.28482202    0.28091738    0.27961856    0.27490551    0.27046529    0.28608480    0.25185035    0.36994549    0.25390884    0.24881444    0.25562118    0.27170343    0.26144298    0.26456462
T4             0.27246508    0.05895254    0.00000000    0.10174899    0.10852829    0.11080297    0.24311346    0.26620247    0.26770597    0.24789978    0.26656227    0.26262271    0.26456462    0.25909722    0.25871378    0.27086728    0.23449498    0.34167636    0.24249203    0.23154885    0.25021279    0.25677355    0.24984780    0.24377566
T14            0.21189319    0.11351340    0.10174899    0.00000000    0.02859845    0.03067044    0.19606513    0.21816404    0.20501488    0.18405940    0.20419245    0.19684369    0.20218567    0.19993475    0.19684369    0.23122877    0.19181319    0.32438649    0.19884682    0.18304945    0.20879079    0.21492684    0.21134973    0.18602464
T16            0.23125841    0.11550839    0.10852829    0.02859845    0.00000000    0.01006781    0.20649590    0.24076715    0.22136390    0.20560951    0.21816404    0.21072203    0.21617877    0.21391791    0.21072203    0.24447843    0.21013174    0.33447445    0.20931690    0.19329889    0.21424487    0.22563510    0.21617877    0.20191029
T6             0.23390667    0.12269812    0.11080297    0.03067044    0.01006781    0.00000000    0.20393695    0.24343948    0.22397074    0.20530758    0.22076358    0.21329216    0.21876661    0.21649538    0.20756869    0.25328638    0.21270412    0.33746104    0.21189319    0.19582392    0.21682144    0.22824699    0.21876661    0.20445730
T21            0.22929672    0.25762628    0.24311346    0.19606513    0.20649590    0.20393695    0.00000000    0.17271137    0.14770955    0.14533706    0.14934732    0.14238949    0.14221131    0.14770955    0.14238949    0.18852135    0.15969453    0.27858336    0.17721472    0.16759862    0.17884657    0.19018133    0.18903905    0.14002863
T2             0.26122584    0.28764582    0.26620247    0.21816404    0.24076715    0.24343948    0.17271137    0.00000000    0.11336305    0.11383682    0.12516330    0.12087295    0.11611847    0.11857771    0.11351340    0.20530758    0.17833655    0.28941931    0.19910504    0.18214263    0.20690918    0.20437004    0.21103121    0.17911461
T8             0.23505198    0.27323526    0.26770597    0.20501488    0.22136390    0.22397074    0.14770955    0.11336305    0.00000000    0.08810306    0.09936626    0.08784756    0.08773057    0.08563917    0.08552048    0.20022959    0.17341906    0.29951346    0.18852135    0.17072734    0.18214263    0.18799991    0.19800908    0.15247886
T19            0.23869093    0.26577415    0.24789978    0.18405940    0.20560951    0.20530758    0.14533706    0.11383682    0.08810306    0.00000000    0.07413762    0.06304970    0.06744572    0.06090369    0.06082153    0.18769131    0.16078056    0.29438984    0.17026146    0.15551089    0.16662836    0.16960837    0.17393390    0.15311817
T13            0.25793424    0.28482202    0.26656227    0.20419245    0.21816404    0.22076358    0.14934732    0.12516330    0.09936626    0.07413762    0.00000000    0.05200729    0.05195152    0.06744572    0.06289590    0.20786027    0.17809463    0.31040732    0.18281911    0.17317453    0.18461721    0.18769131    0.18931130    0.16231530
T1             0.24702739    0.28091738    0.26262271    0.19684369    0.21072203    0.21329216    0.14238949    0.12087295    0.08784756    0.06304970    0.05200729    0.00000000    0.03280983    0.05663185    0.04994999    0.19549355    0.16828865    0.30465807    0.17516988    0.16078056    0.17693289    0.17997061    0.18710046    0.15268372
T12            0.23795477    0.27961856    0.26456462    0.20218567    0.21617877    0.21876661    0.14221131    0.11611847    0.08773057    0.06744572    0.05195152    0.03280983    0.00000000    0.05213900    0.05206979    0.19740828    0.16805011    0.30525863    0.18033590    0.16319539    0.18214263    0.18520999    0.19238220    0.15551089
T7             0.24137236    0.27490551    0.25909722    0.19993475    0.21391791    0.21649538    0.14770955    0.11857771    0.08563917    0.06090369    0.06744572    0.05663185    0.05213900    0.00000000    0.04134103    0.19518769    0.16853568    0.30525863    0.17809463    0.16853568    0.17721922    0.18304760    0.19018133    0.16078056
T15            0.24111828    0.27046529    0.25871378    0.19684369    0.21072203    0.20756869    0.14238949    0.11351340    0.08552048    0.06082153    0.06289590    0.04994999    0.05206979    0.04134103    0.00000000    0.17563027    0.15247886    0.28766020    0.16192614    0.14731861    0.16343647    0.16102287    0.17341906    0.15529090
T9             0.27487950    0.28608480    0.27086728    0.23122877    0.24447843    0.25328638    0.18852135    0.20530758    0.20022959    0.18769131    0.20786027    0.19549355    0.19740828    0.19518769    0.17563027    0.00000000    0.09440396    0.26847739    0.13715590    0.13013059    0.15358543    0.14858912    0.15551089    0.18959244
T22            0.24460022    0.25185035    0.23449498    0.19181319    0.21013174    0.21270412    0.15969453    0.17833655    0.17341906    0.16078056    0.17809463    0.16828865    0.16805011    0.16853568    0.15247886    0.09440396    0.00000000    0.22636810    0.10321840    0.10136309    0.12353294    0.12123301    0.13263295    0.15311817
T18            0.37871447    0.36994549    0.34167636    0.32438649    0.33447445    0.33746104    0.27858336    0.28941931    0.29951346    0.29438984    0.31040732    0.30465807    0.30525863    0.30525863    0.28766020    0.26847739    0.22636810    0.00000000    0.16759862    0.17204147    0.19646474    0.19396047    0.19770416    0.27496585
T23            0.24973826    0.25390884    0.24249203    0.19884682    0.20931690    0.21189319    0.17721472    0.19910504    0.18852135    0.17026146    0.18281911    0.17516988    0.18033590    0.17809463    0.16192614    0.13715590    0.10321840    0.16759862    0.00000000    0.06918606    0.09675289    0.09451569    0.10330758    0.17004142
T0             0.24460022    0.24881444    0.23154885    0.18304945    0.19329889    0.19582392    0.16759862    0.18214263    0.17072734    0.15551089    0.17317453    0.16078056    0.16319539    0.16853568    0.14731861    0.13013059    0.10136309    0.17204147    0.06918606    0.00000000    0.08563917    0.07881600    0.09206606    0.15837400
T5             0.26656227    0.25562118    0.25021279    0.20879079    0.21424487    0.21682144    0.17884657    0.20690918    0.18214263    0.16662836    0.18461721    0.17693289    0.18214263    0.17721922    0.16343647    0.15358543    0.12353294    0.19646474    0.09675289    0.08563917    0.00000000    0.04783679    0.06952870    0.18273730
T11            0.26381125    0.27170343    0.25677355    0.21492684    0.22563510    0.22824699    0.19018133    0.20437004    0.18799991    0.16960837    0.18769131    0.17997061    0.18520999    0.18304760    0.16102287    0.14858912    0.12123301    0.19396047    0.09451569    0.07881600    0.04783679    0.00000000    0.06736216    0.18583759
T17            0.26243250    0.26144298    0.24984780    0.21134973    0.21617877    0.21876661    0.18903905    0.21103121    0.19800908    0.17393390    0.18931130    0.18710046    0.19238220    0.19018133    0.17341906    0.15551089    0.13263295    0.19770416    0.10330758    0.09206606    0.06952870    0.06736216    0.00000000    0.18461721
T20            0.21834678    0.26456462    0.24377566    0.18602464    0.20191029    0.20445730    0.14002863    0.17911461    0.15247886    0.15311817    0.16231530    0.15268372    0.15551089    0.16078056    0.15529090    0.18959244    0.15311817    0.27496585    0.17004142    0.15837400    0.18273730    0.18583759    0.18461721    0.00000000

