24
T18            0.00000000    0.26534710    0.25151015    0.25968191    0.26242689    0.23070400    0.28293547    0.21527970    0.23247137    0.23247137    0.30606392    0.26895729    0.26035021    0.26619431    0.18601911    0.22754426    0.12833904    0.12833904    0.13085391    0.12780175    0.22396311    0.13571591    0.13826291    0.12797304
T23            0.26534710    0.00000000    0.12070157    0.16273392    0.15989120    0.31231769    0.35575550    0.25489629    0.26380177    0.26380177    0.35884090    0.32203760    0.32547006    0.32844216    0.30887290    0.33807185    0.23950513    0.23950513    0.24866821    0.24144148    0.32299487    0.23843345    0.23544348    0.24411220
T1             0.25151015    0.12070157    0.00000000    0.12461075    0.12693963    0.29431945    0.34653662    0.23981047    0.25761803    0.25761803    0.32878667    0.30695308    0.30853962    0.30812507    0.30118592    0.32993181    0.21527970    0.21527970    0.21815738    0.22308299    0.29539792    0.22951689    0.22657983    0.23511519
T21            0.25968191    0.16273392    0.12461075    0.00000000    0.00401108    0.33480142    0.35220268    0.25573374    0.26763470    0.26763470    0.33028574    0.30524033    0.32166585    0.32130544    0.30741573    0.34713673    0.23776889    0.23776889    0.23776889    0.23684739    0.31396773    0.23981047    0.23684739    0.24547629
T3             0.26242689    0.15989120    0.12693963    0.00401108    0.00000000    0.33440781    0.35174820    0.25545698    0.26733140    0.26733140    0.32994244    0.30493417    0.32130544    0.32095760    0.31031650    0.35018359    0.24043255    0.24043255    0.24043255    0.23951467    0.31690704    0.24248656    0.23951467    0.24817150
T22            0.23070400    0.31231769    0.29431945    0.33480142    0.33440781    0.00000000    0.12652463    0.20536684    0.22204652    0.22204652    0.28078584    0.25743802    0.26398556    0.26068800    0.27696753    0.29789912    0.20906034    0.20906034    0.21759469    0.21398661    0.29145629    0.22543092    0.22833358    0.21658537
T9             0.28293547    0.35575550    0.34653662    0.35220268    0.35174820    0.12652463    0.00000000    0.24702538    0.26486695    0.26486695    0.31998992    0.30172354    0.30950589    0.30588915    0.31774349    0.34701863    0.25057616    0.25057616    0.25968191    0.25875957    0.35575712    0.27417084    0.27731118    0.26456224
T0             0.21527970    0.25489629    0.23981047    0.25573374    0.25545698    0.20536684    0.24702538    0.00000000    0.02031489    0.02031489    0.21875117    0.19729874    0.19536652    0.19241834    0.25524832    0.28607046    0.20022134    0.20022134    0.20591147    0.20217893    0.28763505    0.21648630    0.21359174    0.20246286
T8             0.23247137    0.26380177    0.25761803    0.26763470    0.26733140    0.22204652    0.26486695    0.02031489    0.00000000    0.00000000    0.22467292    0.20300715    0.19558863    0.19262362    0.25561076    0.28325905    0.21134024    0.21134024    0.21714642    0.21328428    0.29047040    0.22788518    0.22493054    0.21359174
T7             0.23247137    0.26380177    0.25761803    0.26763470    0.26733140    0.22204652    0.26486695    0.02031489    0.00000000    0.00000000    0.22467292    0.20300715    0.19558863    0.19262362    0.25561076    0.28325905    0.21134024    0.21134024    0.21714642    0.21328428    0.29047040    0.22788518    0.22493054    0.21359174
T20            0.30606392    0.35884090    0.32878667    0.33028574    0.32994244    0.28078584    0.31998992    0.21875117    0.22467292    0.22467292    0.00000000    0.04966476    0.14357752    0.14848400    0.33349409    0.36085821    0.28763505    0.28763505    0.28846237    0.28968982    0.35885706    0.31276737    0.30940436    0.29904442
T5             0.26895729    0.32203760    0.30695308    0.30524033    0.30493417    0.25743802    0.30172354    0.19729874    0.20300715    0.20300715    0.04966476    0.00000000    0.11482482    0.11953749    0.29904442    0.33349409    0.25151015    0.25151015    0.25218493    0.25359295    0.32242425    0.27208788    0.27523828    0.26242689
T13            0.26035021    0.32547006    0.30853962    0.32166585    0.32130544    0.26398556    0.30950589    0.19536652    0.19558863    0.19558863    0.14357752    0.11482482    0.00000000    0.00805164    0.28763505    0.32844216    0.24376673    0.24376673    0.24446779    0.24279129    0.33005002    0.27045352    0.27362416    0.26070030
T14            0.26619431    0.32844216    0.30812507    0.32130544    0.32095760    0.26068800    0.30588915    0.19241834    0.19262362    0.19262362    0.14848400    0.11953749    0.00805164    0.00000000    0.28402701    0.32453802    0.24043255    0.24043255    0.24109510    0.23951467    0.32620765    0.26692268    0.27006327    0.25727749
T4             0.18601911    0.30887290    0.30118592    0.30741573    0.31031650    0.27696753    0.31774349    0.25524832    0.25561076    0.25561076    0.33349409    0.29904442    0.28763505    0.28402701    0.00000000    0.08061728    0.14040817    0.13786122    0.14770545    0.14713266    0.22890547    0.15487219    0.15747899    0.14695816
T6             0.22754426    0.33807185    0.32993181    0.34713673    0.35018359    0.29789912    0.34701863    0.28607046    0.28325905    0.28325905    0.36085821    0.33349409    0.32844216    0.32453802    0.08061728    0.00000000    0.17637912    0.17637912    0.18405250    0.18328352    0.27322380    0.19711428    0.19992714    0.18851604
T2             0.12833904    0.23950513    0.21527970    0.23776889    0.24043255    0.20906034    0.25057616    0.20022134    0.21134024    0.21134024    0.28763505    0.25151015    0.24376673    0.24043255    0.14040817    0.17637912    0.00000000    0.00401615    0.01827057    0.03485894    0.13967475    0.06537904    0.06763234    0.05860266
T17            0.12833904    0.23950513    0.21527970    0.23776889    0.24043255    0.20906034    0.25057616    0.20022134    0.21134024    0.21134024    0.28763505    0.25151015    0.24376673    0.24043255    0.13786122    0.17637912    0.00401615    0.00000000    0.01827057    0.03485894    0.13967475    0.06537904    0.06763234    0.05860266
T15            0.13085391    0.24866821    0.21815738    0.23776889    0.24043255    0.21759469    0.25968191    0.20591147    0.21714642    0.21714642    0.28846237    0.25218493    0.24446779    0.24109510    0.14770545    0.18405250    0.01827057    0.01827057    0.00000000    0.03697798    0.13967475    0.06763234    0.06989588    0.06082081
T12            0.12780175    0.24144148    0.22308299    0.23684739    0.23951467    0.21398661    0.25875957    0.20217893    0.21328428    0.21328428    0.28968982    0.25359295    0.24279129    0.23951467    0.14713266    0.18328352    0.03485894    0.03485894    0.03697798    0.00000000    0.14934520    0.07413659    0.07641561    0.06728503
T11            0.22396311    0.32299487    0.29539792    0.31396773    0.31690704    0.29145629    0.35575712    0.28763505    0.29047040    0.29047040    0.35885706    0.32242425    0.33005002    0.32620765    0.22890547    0.27322380    0.13967475    0.13967475    0.13967475    0.14934520    0.00000000    0.12682379    0.12927645    0.12428135
T16            0.13571591    0.23843345    0.22951689    0.23981047    0.24248656    0.22543092    0.27417084    0.21648630    0.22788518    0.22788518    0.31276737    0.27208788    0.27045352    0.26692268    0.15487219    0.19711428    0.06537904    0.06537904    0.06763234    0.07413659    0.12682379    0.00000000    0.00603645    0.01417464
T10            0.13826291    0.23544348    0.22657983    0.23684739    0.23951467    0.22833358    0.27731118    0.21359174    0.22493054    0.22493054    0.30940436    0.27523828    0.27362416    0.27006327    0.15747899    0.19992714    0.06763234    0.06763234    0.06989588    0.07641561    0.12927645    0.00603645    0.00000000    0.01623249
T19            0.12797304    0.24411220    0.23511519    0.24547629    0.24817150    0.21658537    0.26456224    0.20246286    0.21359174    0.21359174    0.29904442    0.26242689    0.26070030    0.25727749    0.14695816    0.18851604    0.05860266    0.05860266    0.06082081    0.06728503    0.12428135    0.01417464    0.01623249    0.00000000

