24
T15            0.00000000    0.35611553    0.34802455    0.35171541    0.35238332    0.35106005    0.33651050    0.33711271    0.31254160    0.37020239    0.33891477    0.35002457    0.31879282    0.33115772    0.30912800    0.33124269    0.33891477    0.30964404    0.27621606    0.30188817    0.30188817    0.26126485    0.21178756    0.21462876
T2             0.35611553    0.00000000    0.04349165    0.04565620    0.04355441    0.03284716    0.07185585    0.19144664    0.19759519    0.21864141    0.21379222    0.22102529    0.20424241    0.21479082    0.19478590    0.25017229    0.24749820    0.21587227    0.19982758    0.20866763    0.20866763    0.34867877    0.32996828    0.32292453
T5             0.34802455    0.04349165    0.00000000    0.00200401    0.01824783    0.02859668    0.08088195    0.20236189    0.20011947    0.23300393    0.22810052    0.23867911    0.21550261    0.23220432    0.20580197    0.25914662    0.25960799    0.23038664    0.20236189    0.21411585    0.21411585    0.36295440    0.33651050    0.33651050
T11            0.35171541    0.04565620    0.00200401    0.00000000    0.02031396    0.03069755    0.08318619    0.20519506    0.20295265    0.23598939    0.23107710    0.24174705    0.21844417    0.23522589    0.20866763    0.26232173    0.26279322    0.23341738    0.20519506    0.21122533    0.21122533    0.36675760    0.34010838    0.34010838
T23            0.35238332    0.04355441    0.01824783    0.02031396    0.00000000    0.03073296    0.08329843    0.19982758    0.19759519    0.23037354    0.22549006    0.24217941    0.21882251    0.23562989    0.20899296    0.26279322    0.25690431    0.23689928    0.20549397    0.21736453    0.21736453    0.35611553    0.34436073    0.33711271
T7             0.35106005    0.03284716    0.02859668    0.03069755    0.03073296    0.00000000    0.06288672    0.18048628    0.18645153    0.21001956    0.20519506    0.21514212    0.19287700    0.20899296    0.18370401    0.23483148    0.23522589    0.21002352    0.18868394    0.19730227    0.19730227    0.35476459    0.33592047    0.32882675
T10            0.33651050    0.07185585    0.08088195    0.08318619    0.08329843    0.06288672    0.00000000    0.17333828    0.18645153    0.21001956    0.20519506    0.20712460    0.18510620    0.19820778    0.17018846    0.21927569    0.21091004    0.18672222    0.17286249    0.16997051    0.16997051    0.33293834    0.31493439    0.30813036
T22            0.33711271    0.19144664    0.20236189    0.20519506    0.19982758    0.18048628    0.17333828    0.00000000    0.07818571    0.11521985    0.09185780    0.16628261    0.14829349    0.15807005    0.14183358    0.19118712    0.18868394    0.16531602    0.16205415    0.15667036    0.15667036    0.31152080    0.29855427    0.29195244
T20            0.31254160    0.19759519    0.20011947    0.20295265    0.19759519    0.18645153    0.18645153    0.07818571    0.00000000    0.10112082    0.07825206    0.15784529    0.14016490    0.14983580    0.14691009    0.19730227    0.18700164    0.16845668    0.15684539    0.15667036    0.15667036    0.30813036    0.28221037    0.27662331
T19            0.37020239    0.21864141    0.23300393    0.23598939    0.23037354    0.21001956    0.21001956    0.11521985    0.10112082    0.00000000    0.04977164    0.19144664    0.17286249    0.18296700    0.16918433    0.21776078    0.21804485    0.19369920    0.20128952    0.18730596    0.18730596    0.35043535    0.32618321    0.32618321
T21            0.33891477    0.21379222    0.22810052    0.23107710    0.22549006    0.20519506    0.20519506    0.09185780    0.07825206    0.04977164    0.00000000    0.16509527    0.14983580    0.15963314    0.15152858    0.19597228    0.19900604    0.17531861    0.16673620    0.16135072    0.16135072    0.32720451    0.29721003    0.29721003
T3             0.35002457    0.22102529    0.23867911    0.24174705    0.24217941    0.21514212    0.20712460    0.16628261    0.15784529    0.19144664    0.16509527    0.00000000    0.02241916    0.03919046    0.13258848    0.18149139    0.17358893    0.15328050    0.17384806    0.18949259    0.18949259    0.32348836    0.31706950    0.31360862
T12            0.31879282    0.20424241    0.21550261    0.21844417    0.21882251    0.19287700    0.18510620    0.14829349    0.14016490    0.17286249    0.14983580    0.02241916    0.00000000    0.02031396    0.11077343    0.15784529    0.15023637    0.13061720    0.15044881    0.16554515    0.16554515    0.29381399    0.28768331    0.28440407
T6             0.33115772    0.21479082    0.23220432    0.23522589    0.23562989    0.20899296    0.19820778    0.15807005    0.14983580    0.18296700    0.15963314    0.03919046    0.02031396    0.00000000    0.12007451    0.16774802    0.15742048    0.13762665    0.15762876    0.17555090    0.17555090    0.31254160    0.29950678    0.29617287
T8             0.30912800    0.19478590    0.20580197    0.20866763    0.20899296    0.18370401    0.17018846    0.14183358    0.14691009    0.16918433    0.15152858    0.13258848    0.11077343    0.12007451    0.00000000    0.08962825    0.08972086    0.06951742    0.15169034    0.15667036    0.15667036    0.28912197    0.26164359    0.25545072
T0             0.33124269    0.25017229    0.25914662    0.26232173    0.26279322    0.23483148    0.21927569    0.19118712    0.19730227    0.21776078    0.19597228    0.18149139    0.15784529    0.16774802    0.08962825    0.00000000    0.07176975    0.05206287    0.19069481    0.20208012    0.20208012    0.31978994    0.28784106    0.26878843
T1             0.33891477    0.24749820    0.25960799    0.26279322    0.25690431    0.23522589    0.21091004    0.18868394    0.18700164    0.21804485    0.19900604    0.17358893    0.15023637    0.15742048    0.08972086    0.07176975    0.00000000    0.02236446    0.17734751    0.19674328    0.19674328    0.33777029    0.30813036    0.28825696
T18            0.30964404    0.21587227    0.23038664    0.23341738    0.23689928    0.21002352    0.18672222    0.16531602    0.16845668    0.19369920    0.17531861    0.15328050    0.13061720    0.13762665    0.06951742    0.05206287    0.02236446    0.00000000    0.15963314    0.17309612    0.17309612    0.31202541    0.28349401    0.26438056
T4             0.27621606    0.19982758    0.20236189    0.20519506    0.20549397    0.18868394    0.17286249    0.16205415    0.15684539    0.20128952    0.16673620    0.17384806    0.15044881    0.15762876    0.15169034    0.19069481    0.17734751    0.15963314    0.00000000    0.11534439    0.11534439    0.28586412    0.26089652    0.26089652
T9             0.30188817    0.20866763    0.21411585    0.21122533    0.21736453    0.19730227    0.16997051    0.15667036    0.15667036    0.18730596    0.16135072    0.18949259    0.16554515    0.17555090    0.15667036    0.20208012    0.19674328    0.17309612    0.11534439    0.00000000    0.00000000    0.30624206    0.27621606    0.27941143
T13            0.30188817    0.20866763    0.21411585    0.21122533    0.21736453    0.19730227    0.16997051    0.15667036    0.15667036    0.18730596    0.16135072    0.18949259    0.16554515    0.17555090    0.15667036    0.20208012    0.19674328    0.17309612    0.11534439    0.00000000    0.00000000    0.30624206    0.27621606    0.27941143
T16            0.26126485    0.34867877    0.36295440    0.36675760    0.35611553    0.35476459    0.33293834    0.31152080    0.30813036    0.35043535    0.32720451    0.32348836    0.29381399    0.31254160    0.28912197    0.31978994    0.33777029    0.31202541    0.28586412    0.30624206    0.30624206    0.00000000    0.15443790    0.15702877
T17            0.21178756    0.32996828    0.33651050    0.34010838    0.34436073    0.33592047    0.31493439    0.29855427    0.28221037    0.32618321    0.29721003    0.31706950    0.28768331    0.29950678    0.26164359    0.28784106    0.30813036    0.28349401    0.26089652    0.27621606    0.27621606    0.15443790    0.00000000    0.04128481
T14            0.21462876    0.32292453    0.33651050    0.34010838    0.33711271    0.32882675    0.30813036    0.29195244    0.27662331    0.32618321    0.29721003    0.31360862    0.28440407    0.29617287    0.25545072    0.26878843    0.28825696    0.26438056    0.26089652    0.27941143    0.27941143    0.15702877    0.04128481    0.00000000

