24
T16            0.00000000    0.39174444    0.41199976    0.42791827    0.42310025    0.39078361    0.38535375    0.39174444    0.33294591    0.32598128    0.34349348    0.33927247    0.35873567    0.36060276    0.34112048    0.34302971    0.35628981    0.34357916    0.22921814    0.24077302    0.12548862    0.15051481    0.13318926    0.12584348
T14            0.39174444    0.00000000    0.07162947    0.10293631    0.09595342    0.07206458    0.06979566    0.06721601    0.16805412    0.16586308    0.18931690    0.18904406    0.20985481    0.23052581    0.18554291    0.19032369    0.19405860    0.19103049    0.49912611    0.53468837    0.43266632    0.44632015    0.44031269    0.42016365
T20            0.41199976    0.07162947    0.00000000    0.13612459    0.13113890    0.09936782    0.09936782    0.09654075    0.19460862    0.18959862    0.21329810    0.21587729    0.22571118    0.25291982    0.20649822    0.21140113    0.22106396    0.22599510    0.50357611    0.53414216    0.45410338    0.46815531    0.46640513    0.43700456
T18            0.42791827    0.10293631    0.13612459    0.00000000    0.06039105    0.09388807    0.09158272    0.08913599    0.20557348    0.20557348    0.22491860    0.22467422    0.25300756    0.26243501    0.22158640    0.22664172    0.22995504    0.23504854    0.49988688    0.53205425    0.46374889    0.48247866    0.46559395    0.44496657
T21            0.42310025    0.09595342    0.13113890    0.06039105    0.00000000    0.08705529    0.08477631    0.08238806    0.19711305    0.19984887    0.21896730    0.21874928    0.24676430    0.26211613    0.21572816    0.21797654    0.22400096    0.22909208    0.49901149    0.53390717    0.46728437    0.47887180    0.46914179    0.45266132
T1             0.39078361    0.07206458    0.09936782    0.09388807    0.08705529    0.00000000    0.02242082    0.03701443    0.17123282    0.16586308    0.17393958    0.17912046    0.20531363    0.21716541    0.17834077    0.18305259    0.18132089    0.18602871    0.48914764    0.51939161    0.42342708    0.44984089    0.43525109    0.41512624
T4             0.38535375    0.06979566    0.09936782    0.09158272    0.08477631    0.02242082    0.00000000    0.03489076    0.16854070    0.16586308    0.17613039    0.18132089    0.20757380    0.22234449    0.18057107    0.18531342    0.18081223    0.18554291    0.46461729    0.49347306    0.41763207    0.44373640    0.42929178    0.40946783
T23            0.39174444    0.06721601    0.09654075    0.08913599    0.08238806    0.03701443    0.03489076    0.00000000    0.16495264    0.16231772    0.17786454    0.17763958    0.20649822    0.22397622    0.17701757    0.18180110    0.18259963    0.18738518    0.48068206    0.51506320    0.43266632    0.45063160    0.43605627    0.41606496
T19            0.33294591    0.16805412    0.19460862    0.20557348    0.19711305    0.17123282    0.16854070    0.16495264    0.00000000    0.03082637    0.13215232    0.12952982    0.15639780    0.17454597    0.12916163    0.13375991    0.14172619    0.14382171    0.43389419    0.44141055    0.36508069    0.36399317    0.35110564    0.33397084
T0             0.32598128    0.16586308    0.18959862    0.20557348    0.19984887    0.16586308    0.16586308    0.16231772    0.03082637    0.00000000    0.12719719    0.12461150    0.14620913    0.15881956    0.12427970    0.12886617    0.13670879    0.13881713    0.42184964    0.42921865    0.35417695    0.36765423    0.34753632    0.33051309
T7             0.34349348    0.18931690    0.21329810    0.22491860    0.21896730    0.17393958    0.17613039    0.17786454    0.13215232    0.12719719    0.00000000    0.04771123    0.07388283    0.08984054    0.05190249    0.05613544    0.06074661    0.06276964    0.42575478    0.44152520    0.36120602    0.37116172    0.35811991    0.34414131
T3             0.33927247    0.18904406    0.21587729    0.22467422    0.21874928    0.17912046    0.18132089    0.17763958    0.12952982    0.12461150    0.04771123    0.00000000    0.03914721    0.05426408    0.03069976    0.03483362    0.04765817    0.04969497    0.43469033    0.43809984    0.36060276    0.37054320    0.35751724    0.34000943
T17            0.35873567    0.20985481    0.22571118    0.25300756    0.24676430    0.20531363    0.20757380    0.20649822    0.15639780    0.14620913    0.07388283    0.03914721    0.00000000    0.04330948    0.05403472    0.05828336    0.06932539    0.07140824    0.46832026    0.47188316    0.38699662    0.40911164    0.38763247    0.36564470
T12            0.36060276    0.23052581    0.25291982    0.26243501    0.26211613    0.21716541    0.22234449    0.22397622    0.17454597    0.15881956    0.08984054    0.05426408    0.04330948    0.00000000    0.06945419    0.07374778    0.08742331    0.08718045    0.45889514    0.47107706    0.37622879    0.42047400    0.39862216    0.36876903
T5             0.34112048    0.18554291    0.20649822    0.22158640    0.21572816    0.17834077    0.18057107    0.17701757    0.12916163    0.12427970    0.05190249    0.03069976    0.05403472    0.06945419    0.00000000    0.00804343    0.04969497    0.05177390    0.44767876    0.45538822    0.36253370    0.37622879    0.36311086    0.34196899
T22            0.34302971    0.19032369    0.21140113    0.22664172    0.21797654    0.18305259    0.18531342    0.18180110    0.13375991    0.12886617    0.05613544    0.03483362    0.05828336    0.07374778    0.00804343    0.00000000    0.05393427    0.05605160    0.45390877    0.46166795    0.36820482    0.38198101    0.36876903    0.34753632
T2             0.35628981    0.19405860    0.22106396    0.22995504    0.22400096    0.18132089    0.18081223    0.18259963    0.14172619    0.13670879    0.06074661    0.04765817    0.06932539    0.08742331    0.04969497    0.05393427    0.00000000    0.03481489    0.45693495    0.46477446    0.36681315    0.38062151    0.36741755    0.34249298
T6             0.34357916    0.19103049    0.22599510    0.23504854    0.22909208    0.18602871    0.18554291    0.18738518    0.14382171    0.13881713    0.06276964    0.04969497    0.07140824    0.08718045    0.05177390    0.05605160    0.03481489    0.00000000    0.45615317    0.46397212    0.36508069    0.37880189    0.36564470    0.33745278
T10            0.22921814    0.49912611    0.50357611    0.49988688    0.49901149    0.48914764    0.46461729    0.48068206    0.43389419    0.42184964    0.42575478    0.43469033    0.46832026    0.45889514    0.44767876    0.45390877    0.45693495    0.45615317    0.00000000    0.04117219    0.25763165    0.27563297    0.24881918    0.24077302
T15            0.24077302    0.53468837    0.53414216    0.53205425    0.53390717    0.51939161    0.49347306    0.51506320    0.44141055    0.42921865    0.44152520    0.43809984    0.47188316    0.47107706    0.45538822    0.46166795    0.46477446    0.46397212    0.04117219    0.00000000    0.27602377    0.28482960    0.25763165    0.25562878
T9             0.12548862    0.43266632    0.45410338    0.46374889    0.46728437    0.42342708    0.41763207    0.43266632    0.36508069    0.35417695    0.36120602    0.36060276    0.38699662    0.37622879    0.36253370    0.36820482    0.36681315    0.36508069    0.25763165    0.27602377    0.00000000    0.06289623    0.04554598    0.04982811
T11            0.15051481    0.44632015    0.46815531    0.48247866    0.47887180    0.44984089    0.44373640    0.45063160    0.36399317    0.36765423    0.37116172    0.37054320    0.40911164    0.42047400    0.37622879    0.38198101    0.38062151    0.37880189    0.27563297    0.28482960    0.06289623    0.00000000    0.02656621    0.06961102
T13            0.13318926    0.44031269    0.46640513    0.46559395    0.46914179    0.43525109    0.42929178    0.43605627    0.35110564    0.34753632    0.35811991    0.35751724    0.38763247    0.39862216    0.36311086    0.36876903    0.36741755    0.36564470    0.24881918    0.25763165    0.04554598    0.02656621    0.00000000    0.05207019
T8             0.12584348    0.42016365    0.43700456    0.44496657    0.45266132    0.41512624    0.40946783    0.41606496    0.33397084    0.33051309    0.34414131    0.34000943    0.36564470    0.36876903    0.34196899    0.34753632    0.34249298    0.33745278    0.24077302    0.25562878    0.04982811    0.06961102    0.05207019    0.00000000

