24
T18            0.00000000    0.20316511    0.19806762    0.23382051    0.26416745    0.19576309    0.25349750    0.25174407    0.24602030    0.17891874    0.21208124    0.21700161    0.21133289    0.22772616    0.20572783    0.20829998    0.21725773    0.22039862    0.23440455    0.19174653    0.18924531    0.16470026    0.16733989    0.15503743
T6             0.20316511    0.00000000    0.02857261    0.26388562    0.27279496    0.21347284    0.27620185    0.26752959    0.26170351    0.21809639    0.25380623    0.23188584    0.22618503    0.23992861    0.22054859    0.21759790    0.22922544    0.24397742    0.25837722    0.25684773    0.25412539    0.23942930    0.23647769    0.21440719
T12            0.19806762    0.02857261    0.00000000    0.26140940    0.27901032    0.20829998    0.27061806    0.25592539    0.25019439    0.21009453    0.25445496    0.22943374    0.22373288    0.24033978    0.22090668    0.21792024    0.22678536    0.24450974    0.25895760    0.25141343    0.24871176    0.23471147    0.23175980    0.20977685
T4             0.23382051    0.26388562    0.26140940    0.00000000    0.05395796    0.20852250    0.27652185    0.28108932    0.27512055    0.20511221    0.23146160    0.22354084    0.22637505    0.24012897    0.22637505    0.22618503    0.23230878    0.23497553    0.24964739    0.28550654    0.28269638    0.25243622    0.25786451    0.23800639
T22            0.26416745    0.27279496    0.27901032    0.05395796    0.00000000    0.23543561    0.29640907    0.29133054    0.28530404    0.22618503    0.24423841    0.24226558    0.24515715    0.26221943    0.24515715    0.24498237    0.25119366    0.25099104    0.26588123    0.31553297    0.31261041    0.26784256    0.26784256    0.25684773
T23            0.19576309    0.21347284    0.20829998    0.20852250    0.23543561    0.00000000    0.12761359    0.11626334    0.11364718    0.09652678    0.11891123    0.12978760    0.12484779    0.13932892    0.12731159    0.12498877    0.13746233    0.14235533    0.15483542    0.22712980    0.22451631    0.21837792    0.21549440    0.19957828
T2             0.25349750    0.27620185    0.27061806    0.27652185    0.29640907    0.12761359    0.00000000    0.09662863    0.09205292    0.14407118    0.17828047    0.18753988    0.18213204    0.19784798    0.18213204    0.18462817    0.18775671    0.19072356    0.19347974    0.27512055    0.27233960    0.27512055    0.27828746    0.26095311
T8             0.25174407    0.26752959    0.25592539    0.28108932    0.29133054    0.11626334    0.09662863    0.00000000    0.00401106    0.13682185    0.17170172    0.18028250    0.17490371    0.19049023    0.17490371    0.17737176    0.17780869    0.19453354    0.19733620    0.25174407    0.24904344    0.25786451    0.26406094    0.24704880
T11            0.24602030    0.26170351    0.25019439    0.27512055    0.28530404    0.11364718    0.09205292    0.00401106    0.00000000    0.13198080    0.16657136    0.17511930    0.16978360    0.18525644    0.16978360    0.17223589    0.17266139    0.18924531    0.19202457    0.24602030    0.24333897    0.25208501    0.25822431    0.24134701
T7             0.17891874    0.21809639    0.21009453    0.20511221    0.22618503    0.09652678    0.14407118    0.13682185    0.13198080    0.00000000    0.10837852    0.11720606    0.11720606    0.13395013    0.11961629    0.11951860    0.12704103    0.13432731    0.14407118    0.21466473    0.21208124    0.20061172    0.20339085    0.18775671
T0             0.21208124    0.25380623    0.25445496    0.23146160    0.24423841    0.11891123    0.17828047    0.17170172    0.16657136    0.10837852    0.00000000    0.14966542    0.14454842    0.15427916    0.14710036    0.14948507    0.15243897    0.17067470    0.18099918    0.25434560    0.25165003    0.23305082    0.23603787    0.22553627
T15            0.21700161    0.23188584    0.22943374    0.22354084    0.24226558    0.12978760    0.18753988    0.18028250    0.17511930    0.11720606    0.14966542    0.00000000    0.01010153    0.03274751    0.02236481    0.02442164    0.02656473    0.11765156    0.12498877    0.23382051    0.23117327    0.21700161    0.21700161    0.20387035
T16            0.21133289    0.22618503    0.22373288    0.22637505    0.24515715    0.12484779    0.18213204    0.17490371    0.16978360    0.11720606    0.14454842    0.01010153    0.00000000    0.03064654    0.02029432    0.02234686    0.02447254    0.11522959    0.12253103    0.22798621    0.22535594    0.21133289    0.21133289    0.19829648
T9             0.22772616    0.23992861    0.24033978    0.24012897    0.26221943    0.13932892    0.19784798    0.19049023    0.18525644    0.13395013    0.15427916    0.03274751    0.03064654    0.00000000    0.03069825    0.03277458    0.03701222    0.12704103    0.14169598    0.24182223    0.23914491    0.21912543    0.21912543    0.20595198
T21            0.20572783    0.22054859    0.22090668    0.22637505    0.24515715    0.12731159    0.18213204    0.17490371    0.16978360    0.11961629    0.14710036    0.02236481    0.02029432    0.03069825    0.00000000    0.00602721    0.02656473    0.12008533    0.13212441    0.23089483    0.22825613    0.21415920    0.21415920    0.20107564
T1             0.20829998    0.21759790    0.21792024    0.22618503    0.24498237    0.12498877    0.18462817    0.17737176    0.17223589    0.11951860    0.14948507    0.02442164    0.02234686    0.03277458    0.00602721    0.00000000    0.02862831    0.12239610    0.13446914    0.23354343    0.23089483    0.21675512    0.21675512    0.20362595
T14            0.21725773    0.22922544    0.22678536    0.23230878    0.25119366    0.13746233    0.18775671    0.17780869    0.17266139    0.12704103    0.15243897    0.02656473    0.02447254    0.03701222    0.02656473    0.02862831    0.00000000    0.12513755    0.13227596    0.24002839    0.23736496    0.22300810    0.22300810    0.20694245
T19            0.22039862    0.24397742    0.24450974    0.23497553    0.25099104    0.14235533    0.19072356    0.19453354    0.18924531    0.13432731    0.17067470    0.11765156    0.11522959    0.12704103    0.12008533    0.12239610    0.12513755    0.00000000    0.04765462    0.24635300    0.24367267    0.23382051    0.23676343    0.22039862
T13            0.23440455    0.25837722    0.25895760    0.24964739    0.26588123    0.15483542    0.19347974    0.19733620    0.19202457    0.14407118    0.18099918    0.12498877    0.12253103    0.14169598    0.13212441    0.13446914    0.13227596    0.04765462    0.00000000    0.26095311    0.25822431    0.24807914    0.25109311    0.23440455
T20            0.19174653    0.25684773    0.25141343    0.28550654    0.31553297    0.22712980    0.27512055    0.25174407    0.24602030    0.21466473    0.25434560    0.23382051    0.22798621    0.24182223    0.23089483    0.23354343    0.24002839    0.24635300    0.26095311    0.00000000    0.00200301    0.12471465    0.11983522    0.12036642
T5             0.18924531    0.25412539    0.24871176    0.28269638    0.31261041    0.22451631    0.27233960    0.24904344    0.24333897    0.21208124    0.25165003    0.23117327    0.22535594    0.23914491    0.22825613    0.23089483    0.23736496    0.24367267    0.25822431    0.00200301    0.00000000    0.12239610    0.11752854    0.11806678
T3             0.16470026    0.23942930    0.23471147    0.25243622    0.26784256    0.21837792    0.27512055    0.25786451    0.25208501    0.20061172    0.23305082    0.21700161    0.21133289    0.21912543    0.21415920    0.21675512    0.22300810    0.23382051    0.24807914    0.12471465    0.12239610    0.00000000    0.03272692    0.04776644
T17            0.16733989    0.23647769    0.23175980    0.25786451    0.26784256    0.21549440    0.27828746    0.26406094    0.25822431    0.20339085    0.23603787    0.21700161    0.21133289    0.21912543    0.21415920    0.21675512    0.22300810    0.23676343    0.25109311    0.11983522    0.11752854    0.03272692    0.00000000    0.04559698
T10            0.15503743    0.21440719    0.20977685    0.23800639    0.25684773    0.19957828    0.26095311    0.24704880    0.24134701    0.18775671    0.22553627    0.20387035    0.19829648    0.20595198    0.20107564    0.20362595    0.20694245    0.22039862    0.23440455    0.12036642    0.11806678    0.04776644    0.04559698    0.00000000

