24
T2             0.00000000    0.31787937    0.32476273    0.30190994    0.25891672    0.26166173    0.38919749    0.30254398    0.27984692    0.27984692    0.27942871    0.28347900    0.32896283    0.26880172    0.26441740    0.26748582    0.26228176    0.25648956    0.25680731    0.25408579    0.27714768    0.27305691    0.27544907    0.32342806
T16            0.31787937    0.00000000    0.11030810    0.11333326    0.13629958    0.13866760    0.29028527    0.20129706    0.20746708    0.21092070    0.21061414    0.21463696    0.28066619    0.19574017    0.19214876    0.19487412    0.19550994    0.18480843    0.18004181    0.19119483    0.20336618    0.19827300    0.19046856    0.25510463
T9             0.32476273    0.11030810    0.00000000    0.14016941    0.17130691    0.17641495    0.31886096    0.23086263    0.23733042    0.24096612    0.23830642    0.25015639    0.30059200    0.22171281    0.21806738    0.22087698    0.21865555    0.21044218    0.20548798    0.21697335    0.25074482    0.24534866    0.23702492    0.28950916
T13            0.30190994    0.11333326    0.14016941    0.00000000    0.12470568    0.12949512    0.26091060    0.18843937    0.20359071    0.20933952    0.20679251    0.21232223    0.26020397    0.18796136    0.19528884    0.19804427    0.19321643    0.18252536    0.18049293    0.19172360    0.21002879    0.19983693    0.19702722    0.25818256
T6             0.25891672    0.13629958    0.17130691    0.12470568    0.00000000    0.01414102    0.23968881    0.15619869    0.18297361    0.18297361    0.18049293    0.17889981    0.23857217    0.16363736    0.16055391    0.16311183    0.15579932    0.15084700    0.14869440    0.15393622    0.16608404    0.16379041    0.16151766    0.21865555
T0             0.26166173    0.13866760    0.17641495    0.12949512    0.01414102    0.00000000    0.23999314    0.15605705    0.18004181    0.18004181    0.17756701    0.18139361    0.23250285    0.15579932    0.15791247    0.16045089    0.16078611    0.14822237    0.14604455    0.15123285    0.16853942    0.16623520    0.16395206    0.21844966
T18            0.38919749    0.29028527    0.31886096    0.26091060    0.23968881    0.23999314    0.00000000    0.20896979    0.30626630    0.30288646    0.29335371    0.28989159    0.34117086    0.30431348    0.29925325    0.29598406    0.30053029    0.29110623    0.26676536    0.29288200    0.30053029    0.29153348    0.29572304    0.33370660
T12            0.30254398    0.20129706    0.23086263    0.18843937    0.15619869    0.15605705    0.20896979    0.00000000    0.22326136    0.22847149    0.22586171    0.23203467    0.26569512    0.19851089    0.19487412    0.19214876    0.20105142    0.18751902    0.18004181    0.19119483    0.21232223    0.19321643    0.19927930    0.25137461
T7             0.27984692    0.20746708    0.23733042    0.20359071    0.18297361    0.18004181    0.30626630    0.22326136    0.00000000    0.03062980    0.02855390    0.11729786    0.17695144    0.12993090    0.13431687    0.13681100    0.13980471    0.13242504    0.12760392    0.12776648    0.13980471    0.14016941    0.13510523    0.17147176
T1             0.27984692    0.21092070    0.24096612    0.20933952    0.18297361    0.18004181    0.30288646    0.22847149    0.03062980    0.00000000    0.01417411    0.11052681    0.17429135    0.13460839    0.13681100    0.13931764    0.14453611    0.13711504    0.12760392    0.12776648    0.13980471    0.14234321    0.14016941    0.17676378
T11            0.27942871    0.21061414    0.23830642    0.20679251    0.18049293    0.17756701    0.29335371    0.22586171    0.02855390    0.01417411    0.00000000    0.11041366    0.17982939    0.13226570    0.13445864    0.13695901    0.14216639    0.13476608    0.12528471    0.12544884    0.13745101    0.13998308    0.13781870    0.17429135
T21            0.28347900    0.21463696    0.25015639    0.21232223    0.17889981    0.18139361    0.28989159    0.23203467    0.11729786    0.11052681    0.11041366    0.00000000    0.18406077    0.14869440    0.14592866    0.14844158    0.14856380    0.14616877    0.13653910    0.14168433    0.15393622    0.14913611    0.14913611    0.19432120
T5             0.32896283    0.28066619    0.30059200    0.26020397    0.23857217    0.23250285    0.34117086    0.26569512    0.17695144    0.17429135    0.17982939    0.18406077    0.00000000    0.19507689    0.19432120    0.19703913    0.20036984    0.19234407    0.17182766    0.17695144    0.19528884    0.19024440    0.18523597    0.24447353
T22            0.26880172    0.19574017    0.22171281    0.18796136    0.16363736    0.15579932    0.30431348    0.19851089    0.12993090    0.13460839    0.13226570    0.14869440    0.19507689    0.00000000    0.01617878    0.01823220    0.03502149    0.02450706    0.03492622    0.04139503    0.12658573    0.11729786    0.11729786    0.16078611
T17            0.26441740    0.19214876    0.21806738    0.19528884    0.16055391    0.15791247    0.29925325    0.19487412    0.13431687    0.13681100    0.13445864    0.14592866    0.19432120    0.01617878    0.00000000    0.00200401    0.03485668    0.02440537    0.03481306    0.04120135    0.12626780    0.11694583    0.11694583    0.16545943
T19            0.26748582    0.19487412    0.22087698    0.19804427    0.16311183    0.16045089    0.29598406    0.19214876    0.13681100    0.13931764    0.13695901    0.14844158    0.19703913    0.01823220    0.00200401    0.00000000    0.03697540    0.02648442    0.03692283    0.04334277    0.12868351    0.11933843    0.11933843    0.16803050
T10            0.26228176    0.19550994    0.21865555    0.19321643    0.15579932    0.16078611    0.30053029    0.20105142    0.13980471    0.14453611    0.14216639    0.14856380    0.20036984    0.03502149    0.03485668    0.03697540    0.00000000    0.01829794    0.04776507    0.05441028    0.12913059    0.11982697    0.11982697    0.16323015
T3             0.25648956    0.18480843    0.21044218    0.18252536    0.15084700    0.14822237    0.29110623    0.18751902    0.13242504    0.13711504    0.13476608    0.14616877    0.19234407    0.02450706    0.02440537    0.02648442    0.01829794    0.00000000    0.03705397    0.04355498    0.12415826    0.11489373    0.11489373    0.16335720
T4             0.25680731    0.18004181    0.20548798    0.18049293    0.14869440    0.14604455    0.26676536    0.18004181    0.12760392    0.12760392    0.12528471    0.13653910    0.17182766    0.03492622    0.03481306    0.03692283    0.04776507    0.03705397    0.00000000    0.02245608    0.11479977    0.10547032    0.10565119    0.15350564
T20            0.25408579    0.19119483    0.21697335    0.19172360    0.15393622    0.15123285    0.29288200    0.19119483    0.12776648    0.12776648    0.12544884    0.14168433    0.17695144    0.04139503    0.04120135    0.04334277    0.05441028    0.04355498    0.02245608    0.00000000    0.11971360    0.11030810    0.11052681    0.15876980
T8             0.27714768    0.20336618    0.25074482    0.21002879    0.16608404    0.16853942    0.30053029    0.21232223    0.13980471    0.13980471    0.13745101    0.15393622    0.19528884    0.12658573    0.12626780    0.12868351    0.12913059    0.12415826    0.11479977    0.11971360    0.00000000    0.02854207    0.02857216    0.14822237
T23            0.27305691    0.19827300    0.24534866    0.19983693    0.16379041    0.16623520    0.29153348    0.19321643    0.14016941    0.14234321    0.13998308    0.14913611    0.19024440    0.11729786    0.11694583    0.11933843    0.11982697    0.11489373    0.10547032    0.11030810    0.02854207    0.00000000    0.01617878    0.14572204
T15            0.27544907    0.19046856    0.23702492    0.19702722    0.16151766    0.16395206    0.29572304    0.19927930    0.13510523    0.14016941    0.13781870    0.14913611    0.18523597    0.11729786    0.11694583    0.11933843    0.11982697    0.11489373    0.10565119    0.11052681    0.02857216    0.01617878    0.00000000    0.14844158
T14            0.32342806    0.25510463    0.28950916    0.25818256    0.21865555    0.21844966    0.33370660    0.25137461    0.17147176    0.17676378    0.17429135    0.19432120    0.24447353    0.16078611    0.16545943    0.16803050    0.16323015    0.16335720    0.15350564    0.15876980    0.14822237    0.14572204    0.14844158    0.00000000

