24
T23            0.00000000    0.37488782    0.36644818    0.30921774    0.19581390    0.19739994    0.18105044    0.18105044    0.15050630    0.15550588    0.16031541    0.18328087    0.19101820    0.14812872    0.16054119    0.17366595    0.16610109    0.16230899    0.15008521    0.17808734    0.17883988    0.10804659    0.10588272    0.11295448
T8             0.37488782    0.00000000    0.03492870    0.13786111    0.40286222    0.41357135    0.41928924    0.41928924    0.38194700    0.38908175    0.39308059    0.42350816    0.43449862    0.40847477    0.40362941    0.41841227    0.42086880    0.41269048    0.39961494    0.42585639    0.43516886    0.39392444    0.39149123    0.39071751
T16            0.36644818    0.03492870    0.00000000    0.12054043    0.41017078    0.40442209    0.41841227    0.41841227    0.36955567    0.37653553    0.38042495    0.39792300    0.40847477    0.38387319    0.39096247    0.39961494    0.39563259    0.39209932    0.37552611    0.40064740    0.40939986    0.38140303    0.38676649    0.38602241
T7             0.30921774    0.13786111    0.12054043    0.00000000    0.33864125    0.33147690    0.33570482    0.33570482    0.30290546    0.30921774    0.30577203    0.32731274    0.33682721    0.33027313    0.33682721    0.34344529    0.33743672    0.33451235    0.31917103    0.34223571    0.35381642    0.31624800    0.32436426    0.32378175
T11            0.19581390    0.40286222    0.41017078    0.33864125    0.00000000    0.07606851    0.08299753    0.08299753    0.18553156    0.19077385    0.19305550    0.25183422    0.26654418    0.21786521    0.23153489    0.24309836    0.24075306    0.22805163    0.21992236    0.24546606    0.24278207    0.19455815    0.19581390    0.19558151
T21            0.19739994    0.41357135    0.40442209    0.33147690    0.07606851    0.00000000    0.06989633    0.06989633    0.18157584    0.18681092    0.18903120    0.24109058    0.24947798    0.21616830    0.22104719    0.24216325    0.23612802    0.23153489    0.21527450    0.24075306    0.23809130    0.20367961    0.20983996    0.20956798
T22            0.18105044    0.41928924    0.41841227    0.33570482    0.08299753    0.06989633    0.00000000    0.00000000    0.17048366    0.17562335    0.17785392    0.22951215    0.24376137    0.20500536    0.21269323    0.22688762    0.22166740    0.21786521    0.20700295    0.23214640    0.22657477    0.18197731    0.18508211    0.18487083
T20            0.18105044    0.41928924    0.41841227    0.33570482    0.08299753    0.06989633    0.00000000    0.00000000    0.17048366    0.17562335    0.17785392    0.22951215    0.24376137    0.20500536    0.21269323    0.22688762    0.22166740    0.21786521    0.20700295    0.23214640    0.22657477    0.18197731    0.18508211    0.18487083
T14            0.15050630    0.38194700    0.36955567    0.30290546    0.18553156    0.18157584    0.17048366    0.17048366    0.00000000    0.00401107    0.01414132    0.18803059    0.19581390    0.15708139    0.16737893    0.17562335    0.16804398    0.16697836    0.15467498    0.18010473    0.18080084    0.14395147    0.15708139    0.15949613
T1             0.15550588    0.38908175    0.37653553    0.30921774    0.19077385    0.18681092    0.17562335    0.17562335    0.00401107    0.00000000    0.01413400    0.19328936    0.20112903    0.16210988    0.17248549    0.17808734    0.16781377    0.17207384    0.15968833    0.18530236    0.18601670    0.14409543    0.15689603    0.15931239
T12            0.16031541    0.39308059    0.38042495    0.30577203    0.19305550    0.18903120    0.17785392    0.17785392    0.01414132    0.01413400    0.00000000    0.19834754    0.20905233    0.16961979    0.18010473    0.18851301    0.17538857    0.17968483    0.16717434    0.19305550    0.19378437    0.15623910    0.16435087    0.16417045
T0             0.18328087    0.42350816    0.39792300    0.32731274    0.25183422    0.24109058    0.22951215    0.22951215    0.18803059    0.19328936    0.19834754    0.00000000    0.02242061    0.16156364    0.17720625    0.19009513    0.18237615    0.17879131    0.16628093    0.19474425    0.19811666    0.17398975    0.17207384    0.17989035
T6             0.19101820    0.43449862    0.40847477    0.33682721    0.26654418    0.24947798    0.24376137    0.24376137    0.19581390    0.20112903    0.20905233    0.02242061    0.00000000    0.16644225    0.18217225    0.18968819    0.18737446    0.18379336    0.17119790    0.19438140    0.20321463    0.17630380    0.17968483    0.18758413
T19            0.14812872    0.40847477    0.38387319    0.33027313    0.21786521    0.21616830    0.20500536    0.20500536    0.15708139    0.16210988    0.16961979    0.16156364    0.16644225    0.00000000    0.05841168    0.07156207    0.06276852    0.06697086    0.04749307    0.07359734    0.07374628    0.13881171    0.14887069    0.15639060
T17            0.16054119    0.40362941    0.39096247    0.33682721    0.23153489    0.22104719    0.21269323    0.21269323    0.16737893    0.17248549    0.18010473    0.17720625    0.18217225    0.05841168    0.00000000    0.07599946    0.07841850    0.08034153    0.05828247    0.08711213    0.08503279    0.14143678    0.15157268    0.15913714
T10            0.17366595    0.41841227    0.39961494    0.34344529    0.24309836    0.24216325    0.22688762    0.22688762    0.17562335    0.17808734    0.18851301    0.19009513    0.18968819    0.07156207    0.07599946    0.00000000    0.06099196    0.06282829    0.04554531    0.06498663    0.06969812    0.16139867    0.17188108    0.17968483
T13            0.16610109    0.42086880    0.39563259    0.33743672    0.24075306    0.23612802    0.22166740    0.22166740    0.16804398    0.16781377    0.17538857    0.18237615    0.18737446    0.06276852    0.07841850    0.06099196    0.00000000    0.05195083    0.03919418    0.05846850    0.06313613    0.15913714    0.16173718    0.16417045
T3             0.16230899    0.41269048    0.39209932    0.33451235    0.22805163    0.23153489    0.21786521    0.21786521    0.16697836    0.17207384    0.17968483    0.17879131    0.18379336    0.06697086    0.08034153    0.06282829    0.05195083    0.00000000    0.03272770    0.05613461    0.05408104    0.15583594    0.16353522    0.17119790
T2             0.15008521    0.39961494    0.37552611    0.31917103    0.21992236    0.21527450    0.20700295    0.20700295    0.15467498    0.15968833    0.16717434    0.16628093    0.17119790    0.04749307    0.05828247    0.04554531    0.03919418    0.03272770    0.00000000    0.03904365    0.03914671    0.14118643    0.14873047    0.15623910
T18            0.17808734    0.42585639    0.40064740    0.34223571    0.24546606    0.24075306    0.23214640    0.23214640    0.18010473    0.18530236    0.19305550    0.19474425    0.19438140    0.07359734    0.08711213    0.06498663    0.05846850    0.05613461    0.03904365    0.00000000    0.05841168    0.16858439    0.17646645    0.18429117
T15            0.17883988    0.43516886    0.40939986    0.35381642    0.24278207    0.23809130    0.22657477    0.22657477    0.18080084    0.18601670    0.19378437    0.19811666    0.20321463    0.07374628    0.08503279    0.06969812    0.06313613    0.05408104    0.03914671    0.05841168    0.00000000    0.16383549    0.17700798    0.18487083
T4             0.10804659    0.39392444    0.38140303    0.31624800    0.19455815    0.20367961    0.18197731    0.18197731    0.14395147    0.14409543    0.15623910    0.17398975    0.17630380    0.13881171    0.14143678    0.16139867    0.15913714    0.15583594    0.14118643    0.16858439    0.16383549    0.00000000    0.04765747    0.05413495
T9             0.10588272    0.39149123    0.38676649    0.32436426    0.19581390    0.20983996    0.18508211    0.18508211    0.15708139    0.15689603    0.16435087    0.17207384    0.17968483    0.14887069    0.15157268    0.17188108    0.16173718    0.16353522    0.14873047    0.17646645    0.17700798    0.04765747    0.00000000    0.01417467
T5             0.11295448    0.39071751    0.38602241    0.32378175    0.19558151    0.20956798    0.18487083    0.18487083    0.15949613    0.15931239    0.16417045    0.17989035    0.18758413    0.15639060    0.15913714    0.17968483    0.16417045    0.17119790    0.15623910    0.18429117    0.18487083    0.05413495    0.01417467    0.00000000

