24
T11            0.00000000    0.29033108    0.30969229    0.32482091    0.32626784    0.31353362    0.33821741    0.22483735    0.24777225    0.23440005    0.23410276    0.23705441    0.21912001    0.20217183    0.16380304    0.17469416    0.17716358    0.17469416    0.15621007    0.15621007    0.12036547    0.14857385    0.14437941    0.14217690
T12            0.29033108    0.00000000    0.07825564    0.08039246    0.08078679    0.07395170    0.11306397    0.31845889    0.31507756    0.30725379    0.30679355    0.30345733    0.29065953    0.31487263    0.27474880    0.28428000    0.28070807    0.27790569    0.25591833    0.25591833    0.24333447    0.26815932    0.27906486    0.27271073
T8             0.30969229    0.07825564    0.00000000    0.06055605    0.08529232    0.07841014    0.11535335    0.34692412    0.34333617    0.33079306    0.33026213    0.32677442    0.31302036    0.32265335    0.29603110    0.31353362    0.30969229    0.30679355    0.28034451    0.28034451    0.26757245    0.28993665    0.29073676    0.28508289
T15            0.32482091    0.08039246    0.06055605    0.00000000    0.08741089    0.08052876    0.12484647    0.34941096    0.35553675    0.34749366    0.34692412    0.34333617    0.32562645    0.34760635    0.30838283    0.32281632    0.31891771    0.31598407    0.28918164    0.28918164    0.26680453    0.28034451    0.29317544    0.29399673
T5             0.32626784    0.08078679    0.08529232    0.08741089    0.00000000    0.01827000    0.10159441    0.34279217    0.34996811    0.34202381    0.34144263    0.33786747    0.31674386    0.31159148    0.30301982    0.31401673    0.31015221    0.30725379    0.27754118    0.27754118    0.26797227    0.28467591    0.29862745    0.28964073
T9             0.31353362    0.07395170    0.07841014    0.08052876    0.01827000    0.00000000    0.09215787    0.34031763    0.34031763    0.33245884    0.33189143    0.32836671    0.30100606    0.29608728    0.28749794    0.29816635    0.29442433    0.29158176    0.26264374    0.26264374    0.25316543    0.27828115    0.28875033    0.27989210
T3             0.33821741    0.11306397    0.11535335    0.12484647    0.10159441    0.09215787    0.00000000    0.36850340    0.36482302    0.34941096    0.34886660    0.35246743    0.33889511    0.34372888    0.31801207    0.33623673    0.33221805    0.32923685    0.28955350    0.28955350    0.27906486    0.31507756    0.32626784    0.32036595
T17            0.22483735    0.31845889    0.34692412    0.34941096    0.34279217    0.34031763    0.36850340    0.00000000    0.12717090    0.10837767    0.10586774    0.10825497    0.24423170    0.23685425    0.20294419    0.20851796    0.20829516    0.20572329    0.18910624    0.18910624    0.18753659    0.20749939    0.21391598    0.21156859
T19            0.24777225    0.31507756    0.34333617    0.35553675    0.34996811    0.34031763    0.36482302    0.12717090    0.00000000    0.07422621    0.07412774    0.07640609    0.28280747    0.25483523    0.22798111    0.22798111    0.22772076    0.22508933    0.21346742    0.21346742    0.21549115    0.23886462    0.24903867    0.24669163
T18            0.23440005    0.30725379    0.33079306    0.34749366    0.34202381    0.33245884    0.34941096    0.10837767    0.07422621    0.00000000    0.00805153    0.01008411    0.26956375    0.25865465    0.21779500    0.22649595    0.22097195    0.22357875    0.20618154    0.20618154    0.19704918    0.20851796    0.22974944    0.22745633
T0             0.23410276    0.30679355    0.33026213    0.34692412    0.34144263    0.33189143    0.34886660    0.10586774    0.07412774    0.00805153    0.00000000    0.00200402    0.26919654    0.25836940    0.21751946    0.22619516    0.22067850    0.22328647    0.20594771    0.20594771    0.19677322    0.21391598    0.22943030    0.22712656
T23            0.23705441    0.30345733    0.32677442    0.34333617    0.33786747    0.32836671    0.35246743    0.10825497    0.07640609    0.01008411    0.00200402    0.00000000    0.27233362    0.26140159    0.22039464    0.22912090    0.22357875    0.22619516    0.20875024    0.20875024    0.19957585    0.21675030    0.23238200    0.23007829
T7             0.21912001    0.29065953    0.31302036    0.32562645    0.31674386    0.30100606    0.33889511    0.24423170    0.28280747    0.26956375    0.26919654    0.27233362    0.00000000    0.14617856    0.13171560    0.14200785    0.14472235    0.14454682    0.12447018    0.12447018    0.15365166    0.17062775    0.18712950    0.18753659
T10            0.20217183    0.31487263    0.32265335    0.34760635    0.31159148    0.29608728    0.34372888    0.23685425    0.25483523    0.25865465    0.25836940    0.26140159    0.14617856    0.00000000    0.11927047    0.12913815    0.13642380    0.13406567    0.11695173    0.11695173    0.15606824    0.17530187    0.18894559    0.18927611
T6             0.16380304    0.27474880    0.29603110    0.30838283    0.30301982    0.28749794    0.31801207    0.20294419    0.22798111    0.21779500    0.21751946    0.22039464    0.13171560    0.11927047    0.00000000    0.06735443    0.07403623    0.07185975    0.04969181    0.04969181    0.11752722    0.13355798    0.13419158    0.13918068
T22            0.17469416    0.28428000    0.31353362    0.32281632    0.31401673    0.29816635    0.33623673    0.20851796    0.22798111    0.22649595    0.22619516    0.22912090    0.14200785    0.12913815    0.06735443    0.00000000    0.01008411    0.00806480    0.04770708    0.04770708    0.13010090    0.15124352    0.15187606    0.14709876
T14            0.17716358    0.28070807    0.30969229    0.31891771    0.31015221    0.29442433    0.33221805    0.20829516    0.22772076    0.22097195    0.22067850    0.22357875    0.14472235    0.13642380    0.07403623    0.01008411    0.00000000    0.00200301    0.04982388    0.04982388    0.13243425    0.15365166    0.15427707    0.14948331
T20            0.17469416    0.27790569    0.30679355    0.31598407    0.30725379    0.29158176    0.32923685    0.20572329    0.22508933    0.22357875    0.22328647    0.22619516    0.14454682    0.13406567    0.07185975    0.00806480    0.00200301    0.00000000    0.04770708    0.04770708    0.13010090    0.15124352    0.15187606    0.14709876
T13            0.15621007    0.25591833    0.28034451    0.28918164    0.27754118    0.26264374    0.28955350    0.18910624    0.21346742    0.20618154    0.20594771    0.20875024    0.12447018    0.11695173    0.04969181    0.04770708    0.04982388    0.04770708    0.00000000    0.00000000    0.11041944    0.13119757    0.13654779    0.13682009
T1             0.15621007    0.25591833    0.28034451    0.28918164    0.27754118    0.26264374    0.28955350    0.18910624    0.21346742    0.20618154    0.20594771    0.20875024    0.12447018    0.11695173    0.04969181    0.04770708    0.04982388    0.04770708    0.00000000    0.00000000    0.11041944    0.13119757    0.13654779    0.13682009
T21            0.12036547    0.24333447    0.26757245    0.26680453    0.26797227    0.25316543    0.27906486    0.18753659    0.21549115    0.19704918    0.19677322    0.19957585    0.15365166    0.15606824    0.11752722    0.13010090    0.13243425    0.13010090    0.11041944    0.11041944    0.00000000    0.09177922    0.09685384    0.10187223
T2             0.14857385    0.26815932    0.28993665    0.28034451    0.28467591    0.27828115    0.31507756    0.20749939    0.23886462    0.20851796    0.21391598    0.21675030    0.17062775    0.17530187    0.13355798    0.15124352    0.15365166    0.15124352    0.13119757    0.13119757    0.09177922    0.00000000    0.08933467    0.08946931
T4             0.14437941    0.27906486    0.29073676    0.29317544    0.29862745    0.28875033    0.32626784    0.21391598    0.24903867    0.22974944    0.22943030    0.23238200    0.18712950    0.18894559    0.13419158    0.15187606    0.15427707    0.15187606    0.13654779    0.13654779    0.09685384    0.08933467    0.00000000    0.03710377
T16            0.14217690    0.27271073    0.28508289    0.29399673    0.28964073    0.27989210    0.32036595    0.21156859    0.24669163    0.22745633    0.22712656    0.23007829    0.18753659    0.18927611    0.13918068    0.14709876    0.14948331    0.14709876    0.13682009    0.13682009    0.10187223    0.08946931    0.03710377    0.00000000

