24
T13            0.00000000    0.31668167    0.24783431    0.25399648    0.24783431    0.21067608    0.21067608    0.24745959    0.18650867    0.18848613    0.25902693    0.24406084    0.30252799    0.30252799    0.28318859    0.26803282    0.28083186    0.28233733    0.28233733    0.27038979    0.27674811    0.27396968    0.31118979    0.30780575
T10            0.31668167    0.00000000    0.27992201    0.27992201    0.27764119    0.26153743    0.25927707    0.30395393    0.24143679    0.23493363    0.31201166    0.30567978    0.31899367    0.31899367    0.32545918    0.29214165    0.34865076    0.33496107    0.33496107    0.33623415    0.33623415    0.33325809    0.34697883    0.34333503
T8             0.24783431    0.27992201    0.00000000    0.00804441    0.06944964    0.14729743    0.14000916    0.16757102    0.11793012    0.11536269    0.17559922    0.15986993    0.21067608    0.21067608    0.20242805    0.18574393    0.23838455    0.24542391    0.24542391    0.24006666    0.24006666    0.23740311    0.26174265    0.25869957
T15            0.25399648    0.27992201    0.00804441    0.00000000    0.06944964    0.14986994    0.14255542    0.17023275    0.12283485    0.11779112    0.17830429    0.16249662    0.21355276    0.21355276    0.20526385    0.18848613    0.24139124    0.24843044    0.24843044    0.24305522    0.24305522    0.24038276    0.26174265    0.25869957
T2             0.24783431    0.27764119    0.06944964    0.06944964    0.00000000    0.14255542    0.13531204    0.16007819    0.12564308    0.11320796    0.17559922    0.15986993    0.18873979    0.18873979    0.18077545    0.16471812    0.23908850    0.25212993    0.25212993    0.23474949    0.23474949    0.23210575    0.25930437    0.25626123
T12            0.21067608    0.26153743    0.14729743    0.14986994    0.14255542    0.00000000    0.02653221    0.10814756    0.07395554    0.06051046    0.14932656    0.13683258    0.17783051    0.17783051    0.16209148    0.14916194    0.22361725    0.22015540    0.22015540    0.20878016    0.20597645    0.20621115    0.23651161    0.23357590
T22            0.21067608    0.25927707    0.14000916    0.14255542    0.13531204    0.02653221    0.00000000    0.10361069    0.06735784    0.05403235    0.13698134    0.12965231    0.17290876    0.17290876    0.16513722    0.14694020    0.22131420    0.21211053    0.21211053    0.20086343    0.19809087    0.19832082    0.23120701    0.22828844
T18            0.24745959    0.30395393    0.16757102    0.17023275    0.16007819    0.10814756    0.10361069    0.00000000    0.09227739    0.08290110    0.16695967    0.16190160    0.21037715    0.21037715    0.19933253    0.18278700    0.24338033    0.24512030    0.24512030    0.23149671    0.22856954    0.22304024    0.25899664    0.25596280
T6             0.18650867    0.24143679    0.11793012    0.12283485    0.12564308    0.07395554    0.06735784    0.09227739    0.00000000    0.03280883    0.13228734    0.11765982    0.16535946    0.16535946    0.15245578    0.13463037    0.21037715    0.20134811    0.20134811    0.18527842    0.18256611    0.18278700    0.21963388    0.21678210
T14            0.18848613    0.23493363    0.11536269    0.11779112    0.11320796    0.06051046    0.05403235    0.08290110    0.03280883    0.00000000    0.11984291    0.11032123    0.15725702    0.15725702    0.14456200    0.12704986    0.20441604    0.20063501    0.20063501    0.18464718    0.18195689    0.18215103    0.21090503    0.20810925
T19            0.25902693    0.31201166    0.17559922    0.17830429    0.17559922    0.14932656    0.13698134    0.16695967    0.13228734    0.11984291    0.00000000    0.04554384    0.20697157    0.20697157    0.19051334    0.17471572    0.26175446    0.26338156    0.26338156    0.23976063    0.24573775    0.24305522    0.28004798    0.27689921
T0             0.24406084    0.30567978    0.15986993    0.16249662    0.15986993    0.13683258    0.12965231    0.16190160    0.11765982    0.11032123    0.04554384    0.00000000    0.19602798    0.19602798    0.17986848    0.16433306    0.24674043    0.24843044    0.24843044    0.23120701    0.23120701    0.22856954    0.26788510    0.26480441
T1             0.30252799    0.31899367    0.21067608    0.21355276    0.18873979    0.17783051    0.17290876    0.21037715    0.16535946    0.15725702    0.20697157    0.19602798    0.00000000    0.00000000    0.07599625    0.06262912    0.28318859    0.27202305    0.27202305    0.25721984    0.25721984    0.25756039    0.31095359    0.30763736
T3             0.30252799    0.31899367    0.21067608    0.21355276    0.18873979    0.17783051    0.17290876    0.21037715    0.16535946    0.15725702    0.20697157    0.19602798    0.00000000    0.00000000    0.07599625    0.06262912    0.28318859    0.27202305    0.27202305    0.25721984    0.25721984    0.25756039    0.31095359    0.30763736
T5             0.28318859    0.32545918    0.20242805    0.20526385    0.18077545    0.16209148    0.16513722    0.19933253    0.15245578    0.14456200    0.19051334    0.17986848    0.07599625    0.07599625    0.00000000    0.03690749    0.27396968    0.26613243    0.26613243    0.25449845    0.25449845    0.25484000    0.30224851    0.29896495
T4             0.26803282    0.29214165    0.18574393    0.18848613    0.16471812    0.14916194    0.14694020    0.18278700    0.13463037    0.12704986    0.17471572    0.16433306    0.06262912    0.06262912    0.03690749    0.00000000    0.25592680    0.24843044    0.24843044    0.23414276    0.23414276    0.23444116    0.27344723    0.27034744
T7             0.28083186    0.34865076    0.23838455    0.24139124    0.23908850    0.22361725    0.22131420    0.24338033    0.21037715    0.20441604    0.26175446    0.24674043    0.28318859    0.28318859    0.27396968    0.25592680    0.00000000    0.07870005    0.07870005    0.07662585    0.07662585    0.07216528    0.18301674    0.18030438
T23            0.28233733    0.33496107    0.24542391    0.24843044    0.25212993    0.22015540    0.21211053    0.24512030    0.20134811    0.20063501    0.26338156    0.24843044    0.27202305    0.27202305    0.26613243    0.24843044    0.07870005    0.00000000    0.00000000    0.03701308    0.03701308    0.03069883    0.17414476    0.17150433
T20            0.28233733    0.33496107    0.24542391    0.24843044    0.25212993    0.22015540    0.21211053    0.24512030    0.20134811    0.20063501    0.26338156    0.24843044    0.27202305    0.27202305    0.26613243    0.24843044    0.07870005    0.00000000    0.00000000    0.03701308    0.03701308    0.03069883    0.17414476    0.17150433
T11            0.27038979    0.33623415    0.24006666    0.24305522    0.23474949    0.20878016    0.20086343    0.23149671    0.18527842    0.18464718    0.23976063    0.23120701    0.25721984    0.25721984    0.25449845    0.23414276    0.07662585    0.03701308    0.03701308    0.00000000    0.00401614    0.00602723    0.16922161    0.16659505
T17            0.27674811    0.33623415    0.24006666    0.24305522    0.23474949    0.20597645    0.19809087    0.22856954    0.18256611    0.18195689    0.24573775    0.23120701    0.25721984    0.25721984    0.25449845    0.23414276    0.07662585    0.03701308    0.03701308    0.00401614    0.00000000    0.00602723    0.16922161    0.16659505
T21            0.27396968    0.33325809    0.23740311    0.24038276    0.23210575    0.20621115    0.19832082    0.22304024    0.18278700    0.18215103    0.24305522    0.22856954    0.25756039    0.25756039    0.25484000    0.23444116    0.07216528    0.03069883    0.03069883    0.00602723    0.00602723    0.00000000    0.16154738    0.15895494
T9             0.31118979    0.34697883    0.26174265    0.26174265    0.25930437    0.23651161    0.23120701    0.25899664    0.21963388    0.21090503    0.28004798    0.26788510    0.31095359    0.31095359    0.30224851    0.27344723    0.18301674    0.17414476    0.17414476    0.16922161    0.16922161    0.16154738    0.00000000    0.00200402
T16            0.30780575    0.34333503    0.25869957    0.25869957    0.25626123    0.23357590    0.22828844    0.25596280    0.21678210    0.20810925    0.27689921    0.26480441    0.30763736    0.30763736    0.29896495    0.27034744    0.18030438    0.17150433    0.17150433    0.16659505    0.16659505    0.15895494    0.00200402    0.00000000

