24
T5             0.00000000    0.33165429    0.32179841    0.31885353    0.32819289    0.31592057    0.36393562    0.30477683    0.30501306    0.30212435    0.30963135    0.32426457    0.32426457    0.32670356    0.32274889    0.34370076    0.27901544    0.28503133    0.28544826    0.32670356    0.22506113    0.35045427    0.32670356    0.32967181
T8             0.33165429    0.00000000    0.02664903    0.02660349    0.03073310    0.06060860    0.11740470    0.09428058    0.33071861    0.32775015    0.34194083    0.33126022    0.33126022    0.33723407    0.32619836    0.33765252    0.29525548    0.30143125    0.29765933    0.34325716    0.27506832    0.38281381    0.38032639    0.37582827
T2             0.32179841    0.02664903    0.00000000    0.01008403    0.02238875    0.06276186    0.11751987    0.09438415    0.33479512    0.33536140    0.34980856    0.33536140    0.33536140    0.34136128    0.33018913    0.34878747    0.29571561    0.30190222    0.29810792    0.34381220    0.27228822    0.38737240    0.38489736    0.38032639
T13            0.31885353    0.02660349    0.01008403    0.00000000    0.02034021    0.06060860    0.11281133    0.09215288    0.33536140    0.33593988    0.35043947    0.32884487    0.32884487    0.33479512    0.32374737    0.34933033    0.29287458    0.29903895    0.29525548    0.34079414    0.27901544    0.38808204    0.38561922    0.38101959
T16            0.32819289    0.03073310    0.02238875    0.02034021    0.00000000    0.06492200    0.11740470    0.09662269    0.33778848    0.33479512    0.34919021    0.33479512    0.33479512    0.34079414    0.32967181    0.34825739    0.29525548    0.30143125    0.29765933    0.33969711    0.27823374    0.37898068    0.37649325    0.37203874
T20            0.31592057    0.06060860    0.06276186    0.06060860    0.06492200    0.00000000    0.09851361    0.07598998    0.31299945    0.31346954    0.32479371    0.31787073    0.31787073    0.32374737    0.31299945    0.34067033    0.27942258    0.28544826    0.27861915    0.32967181    0.25986203    0.35223557    0.34980856    0.34555238
T0             0.36393562    0.11740470    0.11751987    0.11281133    0.11740470    0.09851361    0.00000000    0.09876868    0.34381220    0.34079414    0.35285473    0.33126022    0.33126022    0.33723407    0.32967181    0.36529480    0.31546697    0.32184918    0.31204110    0.36516714    0.27984054    0.40150132    0.40311336    0.39826592
T1             0.30477683    0.09428058    0.09438415    0.09215288    0.09662269    0.07598998    0.09876868    0.00000000    0.30625772    0.29666937    0.30442690    0.30103588    0.30103588    0.30338313    0.29618691    0.31980453    0.25080863    0.25660139    0.25312340    0.28913451    0.24397447    0.33952553    0.34074496    0.33653054
T19            0.30501306    0.33071861    0.33479512    0.33536140    0.33778848    0.31299945    0.34381220    0.30625772    0.00000000    0.02245602    0.08069000    0.20154906    0.20154906    0.20665224    0.20359863    0.20528090    0.16429949    0.16937098    0.16918710    0.20947765    0.22243988    0.33669198    0.33424104    0.34079414
T12            0.30212435    0.32775015    0.33536140    0.33593988    0.33479512    0.31346954    0.34079414    0.29666937    0.02245602    0.00000000    0.06944383    0.19345457    0.19345457    0.19850835    0.19550768    0.19996011    0.15667290    0.16168814    0.16151630    0.19573776    0.21412916    0.32670356    0.32426457    0.33071861
T18            0.30963135    0.34194083    0.34980856    0.35043947    0.34919021    0.32479371    0.35285473    0.30442690    0.08069000    0.06944383    0.00000000    0.19955044    0.19955044    0.20463035    0.20154906    0.21107359    0.15444067    0.15684813    0.15926393    0.19345457    0.20896716    0.32080313    0.32533478    0.33181395
T7             0.32426457    0.33126022    0.33536140    0.32884487    0.33479512    0.31787073    0.33126022    0.30103588    0.20154906    0.19345457    0.19955044    0.00000000    0.00000000    0.01210945    0.01414102    0.09710276    0.13043576    0.13528511    0.13762939    0.18123218    0.20154906    0.31362599    0.31127878    0.31765090
T21            0.32426457    0.33126022    0.33536140    0.32884487    0.33479512    0.31787073    0.33126022    0.30103588    0.20154906    0.19345457    0.19955044    0.00000000    0.00000000    0.01210945    0.01414102    0.09710276    0.13043576    0.13528511    0.13762939    0.18123218    0.20154906    0.31362599    0.31127878    0.31765090
T22            0.32670356    0.33723407    0.34136128    0.33479512    0.34079414    0.32374737    0.33723407    0.30338313    0.20665224    0.19850835    0.20463035    0.01210945    0.01210945    0.00000000    0.01414102    0.10158797    0.13259092    0.13744960    0.13980331    0.18619461    0.20665224    0.31945697    0.31708748    0.32350700
T15            0.32274889    0.32619836    0.33018913    0.32374737    0.32967181    0.31299945    0.32967181    0.29618691    0.20359863    0.19550768    0.20154906    0.01414102    0.01414102    0.01414102    0.00000000    0.10384154    0.13493038    0.13980331    0.14216500    0.18868894    0.20359863    0.31546697    0.31308615    0.31945697
T9             0.34370076    0.33765252    0.34878747    0.34933033    0.34825739    0.34067033    0.36529480    0.31980453    0.20528090    0.19996011    0.21107359    0.09710276    0.09710276    0.10158797    0.10384154    0.00000000    0.14140264    0.14127461    0.14616791    0.18751698    0.21604365    0.33616224    0.33369919    0.34023941
T17            0.27901544    0.29525548    0.29571561    0.29287458    0.29525548    0.27942258    0.31546697    0.25080863    0.16429949    0.15667290    0.15444067    0.13043576    0.13043576    0.13259092    0.13493038    0.14140264    0.00000000    0.00401105    0.01617464    0.07840674    0.17488349    0.28722565    0.28488933    0.28441757
T10            0.28503133    0.30143125    0.30190222    0.29903895    0.30143125    0.28544826    0.32184918    0.25660139    0.16937098    0.16168814    0.15684813    0.13528511    0.13528511    0.13744960    0.13980331    0.14127461    0.00401105    0.00000000    0.02027202    0.08289265    0.18003971    0.29334602    0.29099872    0.29051618
T11            0.28544826    0.29765933    0.29810792    0.29525548    0.29765933    0.27861915    0.31204110    0.25312340    0.16918710    0.16151630    0.15926393    0.13762939    0.13762939    0.13980331    0.14216500    0.14616791    0.01617464    0.02027202    0.00000000    0.08280869    0.17982742    0.29051618    0.28817987    0.28769731
T4             0.32670356    0.34325716    0.34381220    0.34079414    0.33969711    0.32967181    0.36516714    0.28913451    0.20947765    0.19573776    0.19345457    0.18123218    0.18123218    0.18619461    0.18868894    0.18751698    0.07840674    0.08289265    0.08280869    0.00000000    0.21463404    0.32080313    0.32533478    0.33181395
T14            0.22506113    0.27506832    0.27228822    0.27901544    0.27823374    0.25986203    0.27984054    0.24397447    0.22243988    0.21412916    0.20896716    0.20154906    0.20154906    0.20665224    0.20359863    0.21604365    0.17488349    0.18003971    0.17982742    0.21463404    0.00000000    0.22742238    0.23108594    0.23671858
T6             0.35045427    0.38281381    0.38737240    0.38808204    0.37898068    0.35223557    0.40150132    0.33952553    0.33669198    0.32670356    0.32080313    0.31362599    0.31362599    0.31945697    0.31546697    0.33616224    0.28722565    0.29334602    0.29051618    0.32080313    0.22742238    0.00000000    0.02450700    0.02866513
T23            0.32670356    0.38032639    0.38489736    0.38561922    0.37649325    0.34980856    0.40311336    0.34074496    0.33424104    0.32426457    0.32533478    0.31127878    0.31127878    0.31708748    0.31308615    0.33369919    0.28488933    0.29099872    0.28817987    0.32533478    0.23108594    0.02450700    0.00000000    0.01212488
T3             0.32967181    0.37582827    0.38032639    0.38101959    0.37203874    0.34555238    0.39826592    0.33653054    0.34079414    0.33071861    0.33181395    0.31765090    0.31765090    0.32350700    0.31945697    0.34023941    0.28441757    0.29051618    0.28769731    0.33181395    0.23671858    0.02866513    0.01212488    0.00000000

