24
T19            0.00000000    0.47234731    0.45639455    0.49967920    0.53143479    0.50918263    0.48407499    0.42143763    0.39719228    0.39190151    0.42225427    0.42397300    0.15026411    0.11778624    0.12471833    0.12008920    0.11563144    0.11792504    0.11792504    0.15724787    0.15724787    0.14379772    0.13729608    0.13478228
T10            0.47234731    0.00000000    0.01617895    0.12267832    0.13982261    0.12761887    0.12563665    0.29975213    0.29077048    0.29320849    0.29118831    0.31310274    0.43853928    0.45902156    0.46089685    0.46253468    0.44941589    0.46159707    0.46159707    0.53258989    0.53258989    0.48121048    0.49575304    0.48208402
T11            0.45639455    0.01617895    0.00000000    0.12485189    0.14201515    0.12979237    0.12778202    0.29731423    0.28189704    0.29403162    0.29205760    0.30729370    0.44008858    0.44351624    0.44540345    0.44695984    0.44253174    0.44596583    0.44596583    0.51509953    0.51509953    0.47402628    0.49303855    0.47936923
T21            0.49967920    0.12267832    0.12485189    0.00000000    0.03277482    0.02236493    0.03705527    0.33728645    0.32440352    0.33380961    0.32830351    0.34786482    0.46010318    0.47951640    0.48150296    0.48313022    0.47402628    0.49115496    0.49115496    0.56525518    0.56525518    0.52097097    0.51247171    0.50780952
T12            0.53143479    0.13982261    0.14201515    0.03277482    0.00000000    0.02648489    0.04554311    0.35759347    0.34431371    0.35759347    0.35197422    0.37226876    0.49389958    0.50964930    0.51155853    0.51340405    0.50409902    0.52214558    0.52214558    0.60060649    0.59503249    0.54818041    0.53645957    0.53156882
T22            0.50918263    0.12761887    0.12979237    0.02236493    0.02648489    0.00000000    0.03069851    0.34431371    0.33128545    0.33728645    0.33176837    0.35144138    0.47317511    0.48846497    0.49041128    0.49211902    0.48297525    0.50039391    0.50039391    0.57586999    0.57586999    0.53056445    0.52192887    0.51717788
T17            0.48407499    0.12563665    0.12778202    0.03705527    0.04554311    0.03069851    0.00000000    0.33525746    0.32237620    0.32830351    0.32631280    0.34587363    0.45819640    0.46877963    0.47510160    0.47675616    0.46337884    0.48481080    0.48481080    0.55848737    0.55848737    0.51435558    0.51532631    0.50127277
T9             0.42143763    0.29975213    0.29731423    0.33728645    0.35759347    0.34431371    0.33525746    0.00000000    0.04756970    0.23118783    0.22330541    0.24603896    0.38803377    0.36855926    0.37285594    0.36659612    0.36600977    0.37785090    0.37785090    0.45201782    0.45201782    0.40621042    0.41476456    0.39519721
T4             0.39719228    0.29077048    0.28189704    0.32440352    0.34431371    0.33128545    0.32237620    0.04756970    0.00000000    0.21727039    0.20952022    0.23769873    0.36543677    0.34686358    0.35707379    0.35092151    0.34534091    0.36913256    0.36913256    0.42912280    0.42912280    0.38701973    0.39904975    0.38007787
T15            0.39190151    0.29320849    0.29403162    0.33380961    0.35759347    0.33728645    0.32830351    0.23118783    0.21727039    0.00000000    0.06061168    0.06709242    0.39318499    0.35656732    0.36327867    0.35707379    0.36855926    0.37169517    0.37169517    0.43589598    0.43589598    0.38594145    0.40950332    0.39023868
T2             0.42225427    0.29118831    0.29205760    0.32830351    0.35197422    0.33176837    0.32631280    0.22330541    0.20952022    0.06061168    0.00000000    0.06074134    0.42165290    0.38675812    0.39381720    0.38738893    0.39719228    0.40043299    0.40043299    0.45988781    0.46879770    0.41078919    0.44431672    0.41946935
T18            0.42397300    0.31310274    0.30729370    0.34786482    0.37226876    0.35144138    0.34587363    0.24603896    0.23769873    0.06709242    0.06074134    0.00000000    0.43589598    0.38874399    0.39580123    0.38934716    0.39124170    0.39446369    0.39446369    0.46159707    0.46159707    0.42076171    0.42954201    0.41344717
T5             0.15026411    0.43853928    0.44008858    0.46010318    0.49389958    0.47317511    0.45819640    0.38803377    0.36543677    0.39318499    0.42165290    0.43589598    0.00000000    0.07162319    0.07593294    0.07380533    0.11078681    0.11792504    0.11792504    0.15464898    0.15464898    0.12914289    0.15155066    0.14899837
T0             0.11778624    0.45902156    0.44351624    0.47951640    0.50964930    0.48846497    0.46877963    0.36855926    0.34686358    0.35656732    0.38675812    0.38874399    0.07162319    0.00000000    0.02855442    0.02442174    0.08750843    0.09205528    0.09205528    0.12731601    0.12731601    0.10997064    0.12227235    0.11983830
T8             0.12471833    0.46089685    0.44540345    0.48150296    0.51155853    0.49041128    0.47510160    0.37285594    0.35707379    0.36327867    0.39381720    0.39580123    0.07593294    0.02855442    0.00000000    0.00804440    0.09419183    0.09195676    0.09195676    0.12717637    0.12717637    0.11451040    0.12680488    0.12436493
T23            0.12008920    0.46253468    0.44695984    0.48313022    0.51340405    0.49211902    0.47675616    0.36659612    0.35092151    0.35707379    0.38738893    0.38934716    0.07380533    0.02442174    0.00804440    0.00000000    0.08972898    0.08750843    0.08750843    0.12253521    0.12253521    0.10990331    0.12215265    0.11972454
T20            0.11563144    0.44941589    0.44253174    0.47402628    0.50409902    0.48297525    0.46337884    0.36600977    0.34534091    0.36855926    0.39719228    0.39124170    0.11078681    0.08750843    0.09419183    0.08972898    0.00000000    0.07841229    0.07841229    0.11294166    0.11294166    0.10305089    0.11741607    0.10784310
T6             0.11792504    0.46159707    0.44596583    0.49115496    0.52214558    0.50039391    0.48481080    0.37785090    0.36913256    0.37169517    0.40043299    0.39446369    0.11792504    0.09205528    0.09195676    0.08750843    0.07841229    0.00000000    0.00000000    0.04343757    0.04343757    0.06700241    0.12215265    0.11972454
T7             0.11792504    0.46159707    0.44596583    0.49115496    0.52214558    0.50039391    0.48481080    0.37785090    0.36913256    0.37169517    0.40043299    0.39446369    0.11792504    0.09205528    0.09195676    0.08750843    0.07841229    0.00000000    0.00000000    0.04343757    0.04343757    0.06700241    0.12215265    0.11972454
T13            0.15724787    0.53258989    0.51509953    0.56525518    0.60060649    0.57586999    0.55848737    0.45201782    0.42912280    0.43589598    0.45988781    0.46159707    0.15464898    0.12731601    0.12717637    0.12253521    0.11294166    0.04343757    0.04343757    0.00000000    0.00401612    0.10547829    0.16414436    0.16153877
T3             0.15724787    0.53258989    0.51509953    0.56525518    0.59503249    0.57586999    0.55848737    0.45201782    0.42912280    0.43589598    0.46879770    0.46159707    0.15464898    0.12731601    0.12717637    0.12253521    0.11294166    0.04343757    0.04343757    0.00401612    0.00000000    0.10547829    0.16414436    0.16153877
T16            0.14379772    0.48121048    0.47402628    0.52097097    0.54818041    0.53056445    0.51435558    0.40621042    0.38701973    0.38594145    0.41078919    0.42076171    0.12914289    0.10997064    0.11451040    0.10990331    0.10305089    0.06700241    0.06700241    0.10547829    0.10547829    0.00000000    0.14324794    0.14077176
T1             0.13729608    0.49575304    0.49303855    0.51247171    0.53645957    0.52192887    0.51532631    0.41476456    0.39904975    0.40950332    0.44431672    0.42954201    0.15155066    0.12227235    0.12680488    0.12215265    0.11741607    0.12215265    0.12215265    0.16414436    0.16414436    0.14324794    0.00000000    0.03924607
T14            0.13478228    0.48208402    0.47936923    0.50780952    0.53156882    0.51717788    0.50127277    0.39519721    0.38007787    0.39023868    0.41946935    0.41344717    0.14899837    0.11983830    0.12436493    0.11972454    0.10784310    0.11972454    0.11972454    0.16153877    0.16153877    0.14077176    0.03924607    0.00000000

