24
T3             0.00000000    0.58969801    0.62045415    0.57733956    0.58143641    0.59731411    0.59195297    0.65435393    0.64535639    0.62067828    0.62340259    0.61770455    0.62501941    0.62938586    0.62938586    0.64098040    0.64098040    0.59097564    0.61076018    0.66200160    0.59514739    0.61907187    0.59934251    0.58187945
T22            0.58969801    0.00000000    0.06528089    0.04124114    0.04343723    0.15928316    0.14676341    0.16675975    0.16153530    0.16470394    0.15724374    0.15171003    0.15928316    0.15910907    0.16170768    0.16694587    0.16170768    0.18648782    0.19324366    0.19904412    0.19399482    0.19878729    0.18548849    0.15985601
T6             0.62045415    0.06528089    0.00000000    0.08550867    0.08795842    0.18276953    0.17512369    0.18776095    0.18233782    0.18572507    0.17804529    0.17223962    0.18006531    0.17985234    0.18254924    0.18254924    0.18254924    0.20683099    0.21352544    0.21965964    0.21450056    0.21932695    0.21127387    0.17905961
T8             0.57733956    0.04124114    0.08550867    0.00000000    0.01414114    0.14915136    0.13682374    0.16694587    0.16170768    0.16490871    0.15744459    0.14931554    0.15686706    0.15669128    0.15928316    0.16714057    0.16188857    0.17362144    0.17223962    0.18597050    0.18648782    0.19122298    0.17804529    0.15264652
T4             0.58143641    0.04343723    0.08795842    0.01414114    0.00000000    0.15445931    0.14201203    0.16978744    0.16450766    0.16777590    0.16027979    0.15205986    0.15965666    0.15946570    0.16207795    0.16999775    0.16470394    0.18152704    0.18276953    0.19399482    0.18348335    0.18822235    0.17512369    0.16027979
T13            0.59731411    0.15928316    0.18276953    0.14915136    0.15445931    0.00000000    0.02653184    0.15395209    0.14884786    0.15188080    0.14455120    0.13668343    0.14155316    0.14169797    0.14393007    0.14645633    0.14645633    0.18443939    0.18141472    0.20295211    0.18694608    0.19180937    0.18141472    0.16610167
T0             0.59195297    0.14676341    0.17512369    0.13682374    0.14201203    0.02653184    0.00000000    0.13655121    0.13159891    0.13447112    0.12731357    0.11972283    0.12447299    0.12459065    0.12680306    0.12925487    0.12925487    0.17149124    0.16855743    0.18965021    0.17660562    0.18141472    0.16855743    0.15352052
T21            0.65435393    0.16675975    0.18776095    0.16694587    0.16978744    0.15395209    0.13655121    0.00000000    0.00602416    0.02439612    0.01822296    0.04977363    0.05189904    0.05403117    0.05403117    0.06061119    0.06061119    0.20039724    0.20551634    0.21369568    0.20900096    0.20830351    0.20274466    0.19236908
T10            0.64535639    0.16153530    0.18233782    0.16170768    0.16450766    0.14884786    0.13159891    0.00602416    0.00000000    0.02232992    0.01617371    0.04977363    0.04972956    0.05185698    0.05185698    0.05840820    0.05840820    0.19489958    0.19998829    0.20809002    0.20339518    0.20274466    0.19724706    0.18694608
T5             0.62067828    0.16470394    0.18572507    0.16490871    0.16777590    0.15188080    0.13447112    0.02439612    0.02232992    0.00000000    0.00602416    0.04776688    0.04770757    0.04982439    0.04982439    0.05639006    0.05639006    0.20387562    0.20900096    0.21726329    0.21263425    0.21182765    0.20619020    0.19576782
T7             0.62340259    0.15724374    0.17804529    0.15744459    0.16027979    0.14455120    0.12731357    0.01822296    0.01617371    0.00602416    0.00000000    0.04139655    0.04133823    0.04343723    0.04343723    0.04994587    0.04994587    0.19600778    0.20108057    0.20925234    0.20466585    0.20387562    0.19830108    0.18798717
T23            0.61770455    0.15171003    0.17223962    0.14931554    0.15205986    0.13668343    0.11972283    0.04977363    0.04977363    0.04776688    0.04139655    0.00000000    0.02442168    0.02648483    0.02648483    0.04982439    0.04982439    0.18733545    0.19510285    0.20039724    0.19027004    0.18965021    0.18965021    0.17945292
T11            0.62501941    0.15928316    0.18006531    0.15686706    0.15965666    0.14155316    0.12447299    0.05189904    0.04972956    0.04770757    0.04133823    0.02442168    0.00000000    0.00200301    0.00200301    0.04977363    0.04977363    0.19807177    0.20316896    0.21133725    0.19553700    0.19489958    0.19489958    0.18233782
T18            0.62938586    0.15910907    0.17985234    0.15669128    0.15946570    0.14169797    0.12459065    0.05403117    0.05185698    0.04982439    0.04343723    0.02648483    0.00200301    0.00000000    0.00401208    0.04972956    0.04972956    0.20061573    0.20573153    0.21392499    0.19807177    0.19743929    0.19743929    0.18483217
T15            0.62938586    0.16170768    0.18254924    0.15928316    0.16207795    0.14393007    0.12680306    0.05403117    0.05185698    0.04982439    0.04343723    0.02648483    0.00200301    0.00401208    0.00000000    0.05189904    0.05189904    0.20061573    0.20573153    0.21392499    0.19807177    0.19743929    0.19743929    0.18483217
T14            0.64098040    0.16694587    0.18254924    0.16714057    0.16999775    0.14645633    0.12925487    0.06061119    0.05840820    0.05639006    0.04994587    0.04982439    0.04977363    0.04972956    0.05189904    0.00000000    0.00401612    0.20900096    0.21416390    0.22247776    0.21780531    0.21700666    0.21133725    0.20084351
T19            0.64098040    0.16170768    0.18254924    0.16188857    0.16470394    0.14645633    0.12925487    0.06061119    0.05840820    0.05639006    0.04994587    0.04982439    0.04977363    0.04972956    0.05189904    0.00401612    0.00000000    0.20900096    0.21416390    0.22247776    0.21780531    0.21700666    0.21133725    0.20084351
T2             0.59097564    0.18648782    0.20683099    0.17362144    0.18152704    0.18443939    0.17149124    0.20039724    0.19489958    0.20387562    0.19600778    0.18733545    0.19807177    0.20061573    0.20061573    0.20900096    0.20900096    0.00000000    0.06720980    0.06282396    0.10838014    0.11282058    0.09662977    0.10360534
T17            0.61076018    0.19324366    0.21352544    0.17223962    0.18276953    0.18141472    0.16855743    0.20551634    0.19998829    0.20900096    0.20108057    0.19510285    0.20316896    0.20573153    0.20573153    0.21416390    0.21416390    0.06720980    0.00000000    0.07177447    0.11995787    0.12447299    0.11260515    0.11511362
T1             0.66200160    0.19904412    0.21965964    0.18597050    0.19399482    0.20295211    0.18965021    0.21369568    0.20809002    0.21726329    0.20925234    0.20039724    0.21133725    0.21392499    0.21392499    0.22247776    0.22247776    0.06282396    0.07177447    0.00000000    0.12253292    0.13198260    0.11752987    0.12253292
T12            0.59514739    0.19399482    0.21450056    0.18648782    0.18348335    0.18694608    0.17660562    0.20900096    0.20339518    0.21263425    0.20466585    0.19027004    0.19553700    0.19807177    0.19807177    0.21780531    0.21780531    0.10838014    0.11995787    0.12253292    0.00000000    0.02442168    0.03069837    0.08771852
T16            0.61907187    0.19878729    0.21932695    0.19122298    0.18822235    0.19180937    0.18141472    0.20830351    0.20274466    0.21182765    0.20387562    0.18965021    0.19489958    0.19743929    0.19743929    0.21700666    0.21700666    0.11282058    0.12447299    0.13198260    0.02442168    0.00000000    0.03483232    0.09205399
T20            0.59934251    0.18548849    0.21127387    0.17804529    0.17512369    0.18141472    0.16855743    0.20274466    0.19724706    0.20619020    0.19830108    0.18965021    0.19489958    0.19743929    0.19743929    0.21133725    0.21133725    0.09662977    0.11260515    0.11752987    0.03069837    0.03483232    0.00000000    0.08069500
T9             0.58187945    0.15985601    0.17905961    0.15264652    0.16027979    0.16610167    0.15352052    0.19236908    0.18694608    0.19576782    0.18798717    0.17945292    0.18233782    0.18483217    0.18483217    0.20084351    0.20084351    0.10360534    0.11511362    0.12253292    0.08771852    0.09205399    0.08069500    0.00000000

