24
T13            0.00000000    0.34550469    0.25597702    0.25642828    0.26730271    0.21478082    0.21187377    0.24889314    0.21154014    0.21221654    0.24275794    0.24705275    0.27424755    0.27148165    0.26282670    0.25167815    0.28741711    0.26556164    0.26515229    0.25929180    0.25078479    0.25309961    0.29712803    0.29379458
T10            0.34550469    0.00000000    0.31635319    0.31683433    0.32176059    0.28866500    0.28541815    0.33261068    0.28664063    0.30292916    0.33121749    0.32475267    0.37827181    0.37385989    0.35289434    0.33460613    0.34362243    0.35486436    0.35794501    0.35486436    0.34517026    0.34769553    0.38334811    0.37580050
T8             0.25597702    0.31635319    0.00000000    0.00401104    0.08927242    0.14527597    0.13762266    0.16024819    0.12962599    0.13997470    0.16467308    0.16003301    0.21000983    0.21258056    0.19068673    0.17923298    0.25983845    0.24849121    0.25117624    0.25468340    0.24621849    0.25780849    0.26959629    0.26959629
T15            0.25642828    0.31683433    0.00401104    0.00000000    0.08932857    0.14548308    0.13781019    0.16531018    0.13225866    0.14016077    0.16487703    0.16024819    0.21029744    0.21286704    0.19092848    0.17941868    0.26017554    0.24889314    0.25157772    0.25510456    0.24663070    0.25823945    0.27004692    0.27004692
T2             0.26730271    0.32176059    0.08927242    0.08932857    0.00000000    0.14182909    0.13710751    0.16185973    0.13417648    0.14167670    0.18772163    0.18024957    0.21436126    0.21695473    0.20334998    0.19177239    0.25889021    0.24060688    0.24327713    0.25272897    0.24430560    0.25580598    0.26915607    0.26598137
T12            0.21478082    0.28866500    0.14527597    0.14548308    0.14182909    0.00000000    0.01823209    0.10145684    0.06504208    0.07858701    0.13042959    0.12597968    0.15982613    0.15962757    0.14707874    0.14153241    0.21695473    0.20579283    0.20610990    0.21443876    0.20643601    0.21154014    0.23443467    0.22844643
T22            0.21187377    0.28541815    0.13762266    0.13781019    0.13710751    0.01823209    0.00000000    0.09672863    0.05840479    0.07176868    0.12512186    0.12066296    0.15425589    0.15925552    0.14420198    0.13629308    0.20847980    0.19729388    0.19758679    0.20294377    0.19507165    0.19788862    0.21668092    0.21090039
T18            0.24889314    0.33261068    0.16024819    0.16531018    0.16185973    0.10145684    0.09672863    0.00000000    0.09177240    0.11064272    0.15721512    0.15522217    0.18772163    0.19023008    0.17181628    0.16607415    0.25678027    0.24237477    0.24504104    0.24237477    0.23405953    0.23934439    0.26010207    0.26010207
T6             0.21154014    0.28664063    0.12962599    0.13225866    0.13417648    0.06504208    0.05840479    0.09177240    0.00000000    0.03277360    0.12469979    0.11776871    0.14139627    0.14153241    0.14153241    0.13127156    0.21907840    0.20489612    0.20518592    0.21059430    0.20264386    0.20773709    0.21059430    0.21059430
T14            0.21221654    0.30292916    0.13997470    0.14016077    0.14167670    0.07858701    0.07176868    0.11064272    0.03277360    0.00000000    0.13460121    0.13008474    0.15666481    0.15683991    0.15168516    0.14364854    0.23642151    0.22218927    0.22252907    0.22808917    0.21993701    0.22513052    0.22446200    0.22446200
T19            0.24275794    0.33121749    0.16467308    0.16487703    0.18772163    0.13042959    0.12512186    0.15721512    0.12469979    0.13460121    0.00000000    0.02442111    0.19092848    0.19621174    0.18024957    0.17163421    0.26601152    0.25387130    0.25657646    0.26324682    0.25468340    0.26010207    0.26556164    0.26556164
T0             0.24705275    0.32475267    0.16003301    0.16024819    0.18024957    0.12597968    0.12066296    0.15522217    0.11776871    0.13008474    0.02442111    0.00000000    0.18842427    0.19369097    0.17777642    0.16394199    0.26398675    0.25198920    0.25468340    0.26139413    0.25284213    0.25823945    0.26685193    0.26685193
T1             0.27424755    0.37827181    0.21000983    0.21029744    0.21436126    0.15982613    0.15425589    0.18772163    0.14139627    0.15666481    0.19092848    0.18842427    0.00000000    0.00602717    0.07879727    0.06944229    0.28063328    0.26282670    0.26556164    0.26915607    0.26052255    0.26052255    0.27789218    0.27467664
T3             0.27148165    0.37385989    0.21258056    0.21286704    0.21695473    0.15962757    0.15925552    0.19023008    0.14153241    0.15683991    0.19621174    0.19369097    0.00602717    0.00000000    0.08098753    0.07161727    0.28344564    0.26556164    0.26830695    0.27191110    0.26324682    0.26324682    0.27745278    0.27424755
T5             0.26282670    0.35289434    0.19068673    0.19092848    0.20334998    0.14707874    0.14420198    0.17181628    0.14153241    0.15168516    0.18024957    0.17777642    0.07879727    0.08098753    0.00000000    0.03904104    0.25678027    0.24466836    0.24734519    0.24771722    0.23934439    0.23934439    0.25003204    0.24698318
T4             0.25167815    0.33460613    0.17923298    0.17941868    0.19177239    0.14153241    0.13629308    0.16607415    0.13127156    0.14364854    0.17163421    0.16394199    0.06944229    0.07161727    0.03904104    0.00000000    0.24391872    0.23465430    0.23730678    0.23762173    0.22937878    0.22937878    0.23996917    0.23700174
T7             0.28741711    0.34362243    0.25983845    0.26017554    0.25889021    0.21695473    0.20847980    0.25678027    0.21907840    0.23642151    0.26601152    0.26398675    0.28063328    0.28344564    0.25678027    0.24391872    0.00000000    0.08971912    0.09194667    0.09438119    0.08760046    0.08971912    0.18459504    0.17923298
T23            0.26556164    0.35486436    0.24849121    0.24889314    0.24060688    0.20579283    0.19729388    0.24237477    0.20489612    0.22218927    0.25387130    0.25198920    0.26282670    0.26556164    0.24466836    0.23465430    0.08971912    0.00000000    0.00200301    0.04139419    0.03507800    0.03924364    0.16245084    0.15721512
T20            0.26515229    0.35794501    0.25117624    0.25157772    0.24327713    0.20610990    0.19758679    0.24504104    0.20518592    0.22252907    0.25657646    0.25468340    0.26556164    0.26830695    0.24734519    0.23730678    0.09194667    0.00200301    0.00000000    0.04349127    0.03715762    0.04133609    0.16487703    0.15962757
T11            0.25929180    0.35486436    0.25468340    0.25510456    0.25272897    0.21443876    0.20294377    0.24237477    0.21059430    0.22808917    0.26324682    0.26139413    0.26915607    0.27191110    0.24771722    0.23762173    0.09438119    0.04139419    0.04349127    0.00000000    0.00602413    0.01413371    0.17308970    0.16774198
T17            0.25078479    0.34517026    0.24621849    0.24663070    0.24430560    0.20643601    0.19507165    0.23405953    0.20264386    0.21993701    0.25468340    0.25284213    0.26052255    0.26324682    0.23934439    0.22937878    0.08760046    0.03507800    0.03715762    0.00602413    0.00000000    0.00804434    0.16553932    0.16024819
T21            0.25309961    0.34769553    0.25780849    0.25823945    0.25580598    0.21154014    0.19788862    0.23934439    0.20773709    0.22513052    0.26010207    0.25823945    0.26052255    0.26324682    0.23934439    0.22937878    0.08971912    0.03924364    0.04133609    0.01413371    0.00804434    0.00000000    0.17040869    0.16508941
T9             0.29712803    0.38334811    0.26959629    0.27004692    0.26915607    0.23443467    0.21668092    0.26010207    0.21059430    0.22446200    0.26556164    0.26685193    0.27789218    0.27745278    0.25003204    0.23996917    0.18459504    0.16245084    0.16487703    0.17308970    0.16553932    0.17040869    0.00000000    0.00804434
T16            0.29379458    0.37580050    0.26959629    0.27004692    0.26598137    0.22844643    0.21090039    0.26010207    0.21059430    0.22446200    0.26556164    0.26685193    0.27467664    0.27424755    0.24698318    0.23700174    0.17923298    0.15721512    0.15962757    0.16774198    0.16024819    0.16508941    0.00804434    0.00000000

