24
T18            0.00000000    0.28497131    0.29675682    0.27392797    0.24939829    0.24809060    0.45549363    0.40040700    0.40295736    0.27792750    0.28001421    0.27653533    0.25292239    0.25292239    0.26477593    0.26171539    0.25718904    0.25175672    0.25992080    0.24271314    0.24035460    0.24101466    0.23503970    0.24670870
T4             0.28497131    0.00000000    0.01824813    0.08575203    0.08330609    0.09898393    0.43362476    0.37153884    0.37405088    0.25860892    0.26370658    0.26575211    0.25079469    0.25079469    0.25718904    0.25110502    0.24368506    0.23835422    0.23737610    0.25048625    0.24135968    0.23376770    0.23376770    0.24550591
T16            0.29675682    0.01824813    0.00000000    0.08795861    0.08575203    0.10598765    0.44960458    0.38614520    0.38866981    0.26524572    0.27035096    0.27477009    0.25959307    0.25959307    0.26609894    0.25992080    0.24706204    0.24171467    0.24603240    0.24939829    0.24939829    0.24474755    0.24474755    0.25666470
T2             0.27392797    0.08575203    0.08795861    0.00000000    0.07880554    0.09909883    0.42209152    0.36096808    0.36346761    0.25281151    0.25787813    0.25381822    0.22748470    0.22748470    0.23355317    0.22773514    0.22913544    0.22389457    0.22301756    0.23503970    0.22620931    0.21869205    0.21869205    0.23009314
T7             0.24939829    0.08330609    0.08575203    0.07880554    0.00000000    0.06487473    0.38872765    0.33029407    0.33275680    0.22040801    0.22536515    0.21890760    0.19725072    0.19725072    0.21088884    0.20531451    0.19301379    0.18798927    0.18965324    0.20363353    0.19531814    0.18798927    0.18798927    0.19878953
T1             0.24809060    0.09898393    0.10598765    0.09909883    0.06487473    0.00000000    0.41883567    0.34734563    0.34637230    0.23915511    0.24424843    0.24104390    0.22679317    0.22679317    0.23861611    0.23278118    0.22485137    0.21961411    0.21088884    0.23355317    0.21961411    0.21158087    0.21494076    0.22620931
T19            0.45549363    0.43362476    0.44960458    0.42209152    0.38872765    0.41883567    0.00000000    0.10539920    0.10761205    0.44270439    0.44045192    0.42746833    0.44883437    0.44883437    0.44808051    0.44808051    0.46774052    0.46508176    0.45119402    0.42951974    0.42951974    0.44085635    0.43664730    0.45284885
T11            0.40040700    0.37153884    0.38614520    0.36096808    0.33029407    0.34734563    0.10539920    0.00000000    0.00804440    0.38614520    0.38417519    0.34685251    0.36175292    0.36175292    0.37225210    0.36486219    0.39072669    0.38824012    0.37847092    0.37153884    0.36037059    0.36658977    0.36283907    0.38117176
T22            0.40295736    0.37405088    0.38866981    0.36346761    0.33275680    0.34637230    0.10761205    0.00804440    0.00000000    0.38481797    0.38293135    0.35655617    0.37167967    0.37167967    0.38233031    0.37482942    0.39323843    0.39072669    0.38099564    0.37405088    0.36288280    0.36905197    0.36530132    0.38364602
T20            0.27792750    0.25860892    0.26524572    0.25281151    0.22040801    0.23915511    0.44270439    0.38614520    0.38481797    0.00000000    0.01210028    0.18483462    0.17132868    0.17132868    0.18213776    0.17678736    0.24872395    0.24872395    0.24778937    0.24509429    0.23915511    0.22330023    0.23147191    0.24302701
T5             0.28001421    0.26370658    0.27035096    0.25787813    0.22536515    0.24424843    0.44045192    0.38417519    0.38293135    0.01210028    0.00000000    0.18694911    0.17612447    0.17612447    0.18694911    0.18158442    0.25992080    0.25992080    0.25896940    0.25020523    0.24424843    0.22826572    0.23648782    0.24809060
T6             0.27653533    0.26575211    0.27477009    0.25381822    0.21890760    0.24104390    0.42746833    0.34685251    0.35655617    0.18483462    0.18694911    0.00000000    0.06938030    0.06938030    0.07849961    0.07622119    0.24155937    0.23621182    0.22679317    0.22988910    0.22131210    0.21652614    0.21652614    0.23063567
T15            0.25292239    0.25079469    0.25959307    0.22748470    0.19725072    0.22679317    0.44883437    0.36175292    0.37167967    0.17132868    0.17612447    0.06938030    0.00000000    0.00000000    0.03274765    0.03064665    0.23302844    0.22773514    0.22131210    0.22152625    0.21307033    0.20830714    0.20830714    0.22222786
T0             0.25292239    0.25079469    0.25959307    0.22748470    0.19725072    0.22679317    0.44883437    0.36175292    0.37167967    0.17132868    0.17612447    0.06938030    0.00000000    0.00000000    0.03274765    0.03064665    0.23302844    0.22773514    0.22131210    0.22152625    0.21307033    0.20830714    0.20830714    0.22222786
T8             0.26477593    0.25718904    0.26609894    0.23355317    0.21088884    0.23861611    0.44808051    0.37225210    0.38233031    0.18213776    0.18694911    0.07849961    0.03274765    0.03274765    0.00000000    0.01415463    0.24211586    0.23677389    0.23302844    0.23328579    0.22460925    0.21986907    0.21986907    0.23411794
T9             0.26171539    0.25110502    0.25992080    0.22773514    0.20531451    0.23278118    0.44808051    0.36486219    0.37482942    0.17678736    0.18158442    0.07622119    0.03064665    0.03064665    0.01415463    0.00000000    0.23915511    0.23383056    0.23012794    0.23037681    0.22175028    0.21701004    0.21701004    0.23118325
T12            0.25718904    0.24368506    0.24706204    0.22913544    0.19301379    0.22485137    0.46774052    0.39072669    0.39323843    0.24872395    0.25992080    0.24155937    0.23302844    0.23302844    0.24211586    0.23915511    0.00000000    0.00401209    0.04325397    0.09428776    0.08732534    0.08078849    0.07622119    0.08298949
T17            0.25175672    0.23835422    0.24171467    0.22389457    0.18798927    0.21961411    0.46508176    0.38824012    0.39072669    0.24872395    0.25992080    0.23621182    0.22773514    0.22773514    0.23677389    0.23383056    0.00401209    0.00000000    0.03904260    0.08982845    0.08289820    0.07640764    0.07186110    0.07859456
T23            0.25992080    0.23737610    0.24603240    0.22301756    0.18965324    0.21088884    0.45119402    0.37847092    0.38099564    0.24778937    0.25896940    0.22679317    0.22131210    0.22131210    0.23302844    0.23012794    0.04325397    0.03904260    0.00000000    0.08954974    0.08266738    0.07613850    0.07162288    0.08289820
T21            0.24271314    0.25048625    0.24939829    0.23503970    0.20363353    0.23355317    0.42951974    0.37153884    0.37405088    0.24509429    0.25020523    0.22988910    0.22152625    0.22152625    0.23328579    0.23037681    0.09428776    0.08982845    0.08954974    0.00000000    0.03488911    0.04128649    0.03701247    0.04770767
T10            0.24035460    0.24135968    0.24939829    0.22620931    0.19531814    0.21961411    0.42951974    0.36037059    0.36288280    0.23915511    0.24424843    0.22131210    0.21307033    0.21307033    0.22460925    0.22175028    0.08732534    0.08289820    0.08266738    0.03488911    0.00000000    0.03488911    0.03066932    0.04124124
T13            0.24101466    0.23376770    0.24474755    0.21869205    0.18798927    0.21158087    0.44085635    0.36658977    0.36905197    0.22330023    0.22826572    0.21652614    0.20830714    0.20830714    0.21986907    0.21701004    0.08078849    0.07640764    0.07613850    0.04128649    0.03488911    0.00000000    0.02450763    0.03502264
T3             0.23503970    0.23376770    0.24474755    0.21869205    0.18798927    0.21494076    0.43664730    0.36283907    0.36530132    0.23147191    0.23648782    0.21652614    0.20830714    0.20830714    0.21986907    0.21701004    0.07622119    0.07186110    0.07162288    0.03701247    0.03066932    0.02450763    0.00000000    0.01829828
T14            0.24670870    0.24550591    0.25666470    0.23009314    0.19878953    0.22620931    0.45284885    0.38117176    0.38364602    0.24302701    0.24809060    0.23063567    0.22222786    0.22222786    0.23411794    0.23118325    0.08298949    0.07859456    0.08289820    0.04770767    0.04124124    0.03502264    0.01829828    0.00000000

