24
T2             0.00000000    0.22026980    0.25229366    0.25432290    0.21145649    0.21195504    0.20119592    0.20095500    0.24439802    0.22449697    0.23096603    0.20508505    0.21690757    0.21367997    0.21111063    0.19795483    0.19564292    0.19916660    0.21049561    0.25189759    0.23925117    0.25031990    0.25418540    0.17814545
T9             0.22026980    0.00000000    0.09925191    0.10416280    0.05853796    0.05868680    0.14973586    0.15993446    0.18492416    0.18809053    0.21245294    0.16911252    0.19872697    0.19056353    0.18872307    0.13923428    0.15712304    0.18222320    0.19865403    0.29090619    0.30759106    0.31488051    0.32178433    0.23096603
T7             0.25229366    0.09925191    0.00000000    0.05207432    0.08974988    0.08996061    0.18286765    0.19133867    0.22606570    0.21507506    0.24612278    0.20345777    0.24079741    0.23208667    0.22425516    0.18242903    0.19612130    0.22374410    0.23256733    0.33232359    0.35713509    0.36514860    0.37268004    0.26548538
T14            0.25432290    0.10416280    0.05207432    0.00000000    0.09688508    0.09714405    0.18857735    0.20283691    0.23521108    0.22698354    0.25274771    0.22425516    0.25997214    0.25095236    0.24607041    0.19916660    0.20763901    0.23962281    0.24266315    0.34008010    0.35406157    0.36955031    0.37716871    0.26590333
T12            0.21145649    0.05853796    0.08974988    0.09688508    0.00000000    0.00804450    0.14190604    0.14716726    0.18786068    0.18015915    0.19777661    0.15555440    0.18439731    0.18192150    0.17454554    0.13163895    0.14160353    0.18242903    0.19335245    0.28061394    0.30377553    0.31097226    0.31780458    0.21020220
T17            0.21195504    0.05868680    0.08996061    0.09714405    0.00804450    0.00000000    0.14224140    0.15231783    0.19059896    0.18286765    0.20124999    0.15602330    0.18497783    0.18250398    0.17513364    0.12695796    0.13687314    0.18286765    0.19385200    0.28479224    0.30470165    0.31196817    0.31884823    0.21079842
T11            0.20119592    0.14973586    0.18286765    0.18857735    0.14190604    0.14224140    0.00000000    0.08743283    0.13923428    0.12462940    0.16590872    0.13575549    0.16911252    0.16132577    0.15413705    0.12503578    0.12999362    0.18015915    0.19663651    0.27042799    0.28341465    0.29278818    0.29707526    0.18608055
T10            0.20095500    0.15993446    0.19133867    0.20283691    0.14716726    0.15231783    0.08743283    0.00000000    0.10115565    0.08504300    0.17644384    0.14580448    0.17699568    0.16911252    0.15125067    0.12708363    0.14461190    0.18264386    0.19359765    0.28527350    0.30182373    0.31146430    0.31248384    0.20823736
T8             0.24439802    0.18492416    0.22606570    0.23521108    0.18786068    0.19059896    0.13923428    0.10115565    0.00000000    0.06267428    0.22436795    0.19438799    0.22503064    0.21657835    0.20030226    0.16648204    0.18742824    0.23427350    0.24621392    0.30712242    0.33460678    0.34466520    0.34929794    0.25844883
T19            0.22449697    0.18809053    0.21507506    0.22698354    0.18015915    0.18286765    0.12462940    0.08504300    0.06267428    0.00000000    0.21049561    0.18385198    0.20823736    0.20000458    0.18965881    0.15385758    0.17439146    0.21974108    0.22840935    0.28818764    0.30826926    0.31789994    0.32221379    0.24320177
T3             0.23096603    0.21245294    0.24612278    0.25274771    0.19777661    0.20124999    0.16590872    0.17644384    0.22436795    0.21049561    0.00000000    0.11631665    0.14603165    0.14108861    0.12898794    0.14280560    0.16107295    0.19971607    0.20823736    0.29065658    0.31064923    0.32638964    0.33111907    0.24079741
T16            0.20508505    0.16911252    0.20345777    0.22425516    0.15555440    0.15602330    0.13575549    0.14580448    0.19438799    0.18385198    0.11631665    0.00000000    0.06520948    0.05860897    0.05886280    0.10642092    0.12356280    0.16499161    0.18385198    0.27790041    0.28432200    0.29042505    0.29473493    0.20920474
T20            0.21690757    0.19872697    0.24079741    0.25997214    0.18439731    0.18497783    0.16911252    0.17699568    0.22503064    0.20823736    0.14603165    0.06520948    0.00000000    0.00602731    0.09061440    0.13050868    0.15100971    0.18359258    0.20378196    0.29176278    0.29915793    0.30543078    0.31002965    0.23247968
T18            0.21367997    0.19056353    0.23208667    0.25095236    0.18192150    0.18250398    0.16132577    0.16911252    0.21657835    0.20000458    0.14108861    0.05860897    0.00602731    0.00000000    0.08371569    0.12320256    0.14344259    0.18061855    0.20345777    0.28784463    0.29524977    0.30147585    0.30599206    0.22908286
T0             0.21111063    0.18872307    0.22425516    0.24607041    0.17454554    0.17513364    0.15413705    0.15125067    0.20030226    0.18965881    0.12898794    0.05886280    0.09061440    0.08371569    0.00000000    0.12625876    0.13897329    0.18412023    0.20378196    0.29857436    0.29809394    0.29757893    0.30887141    0.23026325
T5             0.19795483    0.13923428    0.18242903    0.19916660    0.13163895    0.12695796    0.12503578    0.12708363    0.16648204    0.15385758    0.14280560    0.10642092    0.13050868    0.12320256    0.12625876    0.00000000    0.06513028    0.16910453    0.17705621    0.24458116    0.27296244    0.28213669    0.28297757    0.20170580
T21            0.19564292    0.15712304    0.19612130    0.20763901    0.14160353    0.13687314    0.12999362    0.14461190    0.18742824    0.17439146    0.16107295    0.12356280    0.15100971    0.14344259    0.13897329    0.06513028    0.00000000    0.16910453    0.18242903    0.26233937    0.27853681    0.28861262    0.28861262    0.20735387
T22            0.19916660    0.18222320    0.22374410    0.23962281    0.18242903    0.18286765    0.18015915    0.18264386    0.23427350    0.21974108    0.19971607    0.16499161    0.18359258    0.18061855    0.18412023    0.16910453    0.16910453    0.00000000    0.04129161    0.28959452    0.29473493    0.30434265    0.30887141    0.20599960
T6             0.21049561    0.19865403    0.23256733    0.24266315    0.19335245    0.19385200    0.19663651    0.19359765    0.24621392    0.22840935    0.20823736    0.18385198    0.20378196    0.20345777    0.20378196    0.17705621    0.18242903    0.04129161    0.00000000    0.29631314    0.30147585    0.31119985    0.31582509    0.21759440
T23            0.25189759    0.29090619    0.33232359    0.34008010    0.28061394    0.28479224    0.27042799    0.28527350    0.30712242    0.28818764    0.29065658    0.27790041    0.29176278    0.28784463    0.29857436    0.24458116    0.26233937    0.28959452    0.29631314    0.00000000    0.11082129    0.11552797    0.11582048    0.20989599
T1             0.23925117    0.30759106    0.35713509    0.35406157    0.30377553    0.30470165    0.28341465    0.30182373    0.33460678    0.30826926    0.31064923    0.28432200    0.29915793    0.29524977    0.29809394    0.27296244    0.27853681    0.29473493    0.30147585    0.11082129    0.00000000    0.01822346    0.01619105    0.21983164
T13            0.25031990    0.31488051    0.36514860    0.36955031    0.31097226    0.31196817    0.29278818    0.31146430    0.34466520    0.31789994    0.32638964    0.29042505    0.30543078    0.30147585    0.29757893    0.28213669    0.28861262    0.30434265    0.31119985    0.11552797    0.01822346    0.00000000    0.01823308    0.22834423
T15            0.25418540    0.32178433    0.37268004    0.37716871    0.31780458    0.31884823    0.29707526    0.31248384    0.34929794    0.32221379    0.33111907    0.29473493    0.31002965    0.30599206    0.30887141    0.28297757    0.28861262    0.30887141    0.31582509    0.11582048    0.01619105    0.01823308    0.00000000    0.22908286
T4             0.17814545    0.23096603    0.26548538    0.26590333    0.21020220    0.21079842    0.18608055    0.20823736    0.25844883    0.24320177    0.24079741    0.20920474    0.23247968    0.22908286    0.23026325    0.20170580    0.20735387    0.20599960    0.21759440    0.20989599    0.21983164    0.22834423    0.22908286    0.00000000

