24
T22            0.00000000    0.23362103    0.22466398    0.23448684    0.20135054    0.23714553    0.21730975    0.27288506    0.25120507    0.31432464    0.19809312    0.19809312    0.19098106    0.19906436    0.19809312    0.20086785    0.20135054    0.19302548    0.22426447    0.21498099    0.22951064    0.23335301    0.16510264    0.16267442
T14            0.23362103    0.00000000    0.06284807    0.07220953    0.13077704    0.14744153    0.13006101    0.17758552    0.16998456    0.38025468    0.26831119    0.26831119    0.24849793    0.26347650    0.26521513    0.26213842    0.26278552    0.24219813    0.29054650    0.27456234    0.30371830    0.29834922    0.22805466    0.21966092
T8             0.22466398    0.06284807    0.00000000    0.04984074    0.12032221    0.13930108    0.12223604    0.16902760    0.15378554    0.37587237    0.26125056    0.26125056    0.24163970    0.25634091    0.24628871    0.23752509    0.23261111    0.21553539    0.27355626    0.26429827    0.28617742    0.29405077    0.20792545    0.20534594
T3             0.23448684    0.07220953    0.04984074    0.00000000    0.12845489    0.15282576    0.13525663    0.18100169    0.16312755    0.39637854    0.27177464    0.27177464    0.25186163    0.26696469    0.26864895    0.26245647    0.26312554    0.24249312    0.29095732    0.28127256    0.30083641    0.30781913    0.22542041    0.22279599
T6             0.20135054    0.13077704    0.12032221    0.12845489    0.00000000    0.08777666    0.07417073    0.12525019    0.11817140    0.32765245    0.22860672    0.22860672    0.20981879    0.21239516    0.23745345    0.21991614    0.21471300    0.21813912    0.23448684    0.21991614    0.26421118    0.26864895    0.18504746    0.18255126
T1             0.23714553    0.14744153    0.13930108    0.15282576    0.08777666    0.00000000    0.02242444    0.10606211    0.09445095    0.37016801    0.26278552    0.26278552    0.24311450    0.24580110    0.25361160    0.23284802    0.22754332    0.23096834    0.26659275    0.25120507    0.29137975    0.30491121    0.22279599    0.22018133
T9             0.21730975    0.13006101    0.12223604    0.13525663    0.07417073    0.02242444    0.00000000    0.08977943    0.07845101    0.33858585    0.24518218    0.24518218    0.22597522    0.22860672    0.23043959    0.21612564    0.21092568    0.21420649    0.25186163    0.23684793    0.27606162    0.28299167    0.20342326    0.20086785
T16            0.27288506    0.17758552    0.16902760    0.18100169    0.12525019    0.10606211    0.08977943    0.00000000    0.04357431    0.41088576    0.28617742    0.28617742    0.27528952    0.27808619    0.29014732    0.28299167    0.28371266    0.27492030    0.30907423    0.29261144    0.34735501    0.35076416    0.24788152    0.24518218
T18            0.25120507    0.16998456    0.15378554    0.16312755    0.11817140    0.09445095    0.07845101    0.04357431    0.00000000    0.38344078    0.28617742    0.28617742    0.27528952    0.27808619    0.27355626    0.26736496    0.26798459    0.26554297    0.31243389    0.29586026    0.32958491    0.33665588    0.23895663    0.23628376
T21            0.31432464    0.38025468    0.37587237    0.39637854    0.32765245    0.37016801    0.33858585    0.41088576    0.38344078    0.00000000    0.21420649    0.21420649    0.19855985    0.21239516    0.27528952    0.26659275    0.26498935    0.25424438    0.28333647    0.28811936    0.33116861    0.30742518    0.24580110    0.24311450
T4             0.19809312    0.26831119    0.26125056    0.27177464    0.22860672    0.26278552    0.24518218    0.28617742    0.28617742    0.21420649    0.00000000    0.00000000    0.02650911    0.03278093    0.17697238    0.16977543    0.16977543    0.15893022    0.17964938    0.17396095    0.21525876    0.19727394    0.14897484    0.14658204
T13            0.19809312    0.26831119    0.26125056    0.27177464    0.22860672    0.26278552    0.24518218    0.28617742    0.28617742    0.21420649    0.00000000    0.00000000    0.02650911    0.03278093    0.17697238    0.16977543    0.16977543    0.15893022    0.17964938    0.17396095    0.21525876    0.19727394    0.14897484    0.14658204
T19            0.19098106    0.24849793    0.24163970    0.25186163    0.20981879    0.24311450    0.22597522    0.27528952    0.27528952    0.19855985    0.02650911    0.02650911    0.00000000    0.01008503    0.16205948    0.16246078    0.15762665    0.14946004    0.17265486    0.16957513    0.21099761    0.19555470    0.14214675    0.13978202
T0             0.19906436    0.26347650    0.25634091    0.26696469    0.21239516    0.24580110    0.22860672    0.27808619    0.27808619    0.21239516    0.03278093    0.03278093    0.01008503    0.00000000    0.16712679    0.16753933    0.16267442    0.15702836    0.18051481    0.17203214    0.21938221    0.20365830    0.14963873    0.14725283
T5             0.19809312    0.26521513    0.24628871    0.26864895    0.23745345    0.25361160    0.23043959    0.29014732    0.27355626    0.27528952    0.17697238    0.17697238    0.16205948    0.16712679    0.00000000    0.10594094    0.10859504    0.08506657    0.12790138    0.12263206    0.15304504    0.19028145    0.11267460    0.11038458
T15            0.20086785    0.26213842    0.23752509    0.26245647    0.21991614    0.23284802    0.21612564    0.28299167    0.26736496    0.26659275    0.16977543    0.16977543    0.16246078    0.16753933    0.10594094    0.00000000    0.03498181    0.08277440    0.12541240    0.11289802    0.15566633    0.18176535    0.11749351    0.11519190
T11            0.20135054    0.26278552    0.23261111    0.26312554    0.21471300    0.22754332    0.21092568    0.28371266    0.26798459    0.26498935    0.16977543    0.16977543    0.15762665    0.16267442    0.10859504    0.03498181    0.00000000    0.08064905    0.12327145    0.11073709    0.15350872    0.18755262    0.11774099    0.11544306
T23            0.19302548    0.24219813    0.21553539    0.24249312    0.21813912    0.23096834    0.21420649    0.27492030    0.26554297    0.25424438    0.15893022    0.15893022    0.14946004    0.15702836    0.08506657    0.08277440    0.08064905    0.00000000    0.10859504    0.10356027    0.14310543    0.17148987    0.09398890    0.09174728
T2             0.22426447    0.29054650    0.27355626    0.29095732    0.23448684    0.26659275    0.25186163    0.30907423    0.31243389    0.28333647    0.17964938    0.17964938    0.17265486    0.18051481    0.12790138    0.12541240    0.12327145    0.10859504    0.00000000    0.02857675    0.10647155    0.21498099    0.13006101    0.12773280
T10            0.21498099    0.27456234    0.26429827    0.28127256    0.21991614    0.25120507    0.23684793    0.29261144    0.29586026    0.28811936    0.17396095    0.17396095    0.16957513    0.17203214    0.12263206    0.11289802    0.11073709    0.10356027    0.02857675    0.00000000    0.10141770    0.20319784    0.12481147    0.12249206
T20            0.22951064    0.30371830    0.28617742    0.30083641    0.26421118    0.29137975    0.27606162    0.34735501    0.32958491    0.33116861    0.21525876    0.21525876    0.21099761    0.21938221    0.15304504    0.15566633    0.15350872    0.14310543    0.10647155    0.10141770    0.00000000    0.23777165    0.16798690    0.16555301
T7             0.23335301    0.29834922    0.29405077    0.30781913    0.26864895    0.30491121    0.28299167    0.35076416    0.33665588    0.30742518    0.19727394    0.19727394    0.19555470    0.20365830    0.19028145    0.18176535    0.18755262    0.17148987    0.21498099    0.20319784    0.23777165    0.00000000    0.13679376    0.13443824
T12            0.16510264    0.22805466    0.20792545    0.22542041    0.18504746    0.22279599    0.20342326    0.24788152    0.23895663    0.24580110    0.14897484    0.14897484    0.14214675    0.14963873    0.11267460    0.11749351    0.11774099    0.09398890    0.13006101    0.12481147    0.16798690    0.13679376    0.00000000    0.00602744
T17            0.16267442    0.21966092    0.20534594    0.22279599    0.18255126    0.22018133    0.20086785    0.24518218    0.23628376    0.24311450    0.14658204    0.14658204    0.13978202    0.14725283    0.11038458    0.11519190    0.11544306    0.09174728    0.12773280    0.12249206    0.16555301    0.13443824    0.00602744    0.00000000

