24
T22            0.00000000    0.41935315    0.41894548    0.39773437    0.37961366    0.37513419    0.37513419    0.37449635    0.36952312    0.46620517    0.47430095    0.52992737    0.43478457    0.44939085    0.40343282    0.37729222    0.38801082    0.35431595    0.36050905    0.34411146    0.35072635    0.36157457    0.36157457    0.35093977
T4             0.41935315    0.00000000    0.06928857    0.08943793    0.07376853    0.07147024    0.07147024    0.07602387    0.08714083    0.11277942    0.29705957    0.35890266    0.28973567    0.29052004    0.31783293    0.31578422    0.31783293    0.25906418    0.26765191    0.28124823    0.27454114    0.30036218    0.30036218    0.28287207
T15            0.41894548    0.06928857    0.00000000    0.09221614    0.07645048    0.07407429    0.07407429    0.08083221    0.08988054    0.10859098    0.29599839    0.37224304    0.28851347    0.29268388    0.32607005    0.32214103    0.31578422    0.25087585    0.26243799    0.27286054    0.26621037    0.29178367    0.29178367    0.27861324
T20            0.39773437    0.08943793    0.09221614    0.00000000    0.03278067    0.03065069    0.03065069    0.04335439    0.05191337    0.09956489    0.27172044    0.32687715    0.26457019    0.25909621    0.29419955    0.30703454    0.28768134    0.23712906    0.24546925    0.25871212    0.25218509    0.27727463    0.27727463    0.25717617
T14            0.37961366    0.07376853    0.07645048    0.03278067    0.00000000    0.00602743    0.00602743    0.02653646    0.03489623    0.08128873    0.25366378    0.30371057    0.24375759    0.24143024    0.28526484    0.29135088    0.27883113    0.22596012    0.23417228    0.24714300    0.24074635    0.26536789    0.26536789    0.24331919
T11            0.37513419    0.07147024    0.07407429    0.03065069    0.00602743    0.00000000    0.00000000    0.02442465    0.03275265    0.07885519    0.25020110    0.29982557    0.24041985    0.23808095    0.28485385    0.28768134    0.27526615    0.22278242    0.23095424    0.24375759    0.23743609    0.26182796    0.26182796    0.23987168
T12            0.37513419    0.07147024    0.07407429    0.03065069    0.00602743    0.00000000    0.00000000    0.02442465    0.03275265    0.07885519    0.25020110    0.29982557    0.24041985    0.23808095    0.28485385    0.28768134    0.27526615    0.22278242    0.23095424    0.24375759    0.23743609    0.26182796    0.26182796    0.23987168
T3             0.37449635    0.07602387    0.08083221    0.04335439    0.02653646    0.02442465    0.02442465    0.00000000    0.01617998    0.08336006    0.25366378    0.31054727    0.24375759    0.24143024    0.27806290    0.27844137    0.27489803    0.22540693    0.23360703    0.24644213    0.24010368    0.26457019    0.26457019    0.23048481
T6             0.36952312    0.08714083    0.08988054    0.05191337    0.03489623    0.03275265    0.03275265    0.01617998    0.00000000    0.09245642    0.25909621    0.31291384    0.24913685    0.24678735    0.29012204    0.29623148    0.28689528    0.23654592    0.24487322    0.24578306    0.23950244    0.27008639    0.27008639    0.24788547
T8             0.46620517    0.11277942    0.10859098    0.09956489    0.08128873    0.07885519    0.07885519    0.08336006    0.09245642    0.00000000    0.29933534    0.36461478    0.29507571    0.29599839    0.35828222    0.34315261    0.33411413    0.28612102    0.29507571    0.30897019    0.30172653    0.32926559    0.32926559    0.30876447
T2             0.47430095    0.29705957    0.29599839    0.27172044    0.25366378    0.25020110    0.25020110    0.25366378    0.25909621    0.29933534    0.00000000    0.15565647    0.09883081    0.09414912    0.29982557    0.32223519    0.32984191    0.23743609    0.23388452    0.25599005    0.24948111    0.26811938    0.26811938    0.25677022
T23            0.52992737    0.35890266    0.37224304    0.32687715    0.30371057    0.29982557    0.29982557    0.31054727    0.31291384    0.36461478    0.15565647    0.00000000    0.10888287    0.10646711    0.33580783    0.37853352    0.37538156    0.27923215    0.28163718    0.31054727    0.30319694    0.30319694    0.30319694    0.32216969
T17            0.43478457    0.28973567    0.28851347    0.26457019    0.24375759    0.24041985    0.24041985    0.24375759    0.24913685    0.29507571    0.09883081    0.10888287    0.00000000    0.03902725    0.27211127    0.29012204    0.30036218    0.21894550    0.21571424    0.23123314    0.22514546    0.23095424    0.23095424    0.24750904
T1             0.44939085    0.29052004    0.29268388    0.25909621    0.24143024    0.23808095    0.23808095    0.24143024    0.24678735    0.29599839    0.09414912    0.10646711    0.03902725    0.00000000    0.26897646    0.28445428    0.29052004    0.21611641    0.21291750    0.23123314    0.22514546    0.23683232    0.23683232    0.24143024
T5             0.40343282    0.31783293    0.32607005    0.29419955    0.28526484    0.28485385    0.28485385    0.27806290    0.29012204    0.35828222    0.29982557    0.33580783    0.27211127    0.26897646    0.00000000    0.10605866    0.11314883    0.10859098    0.12293068    0.13309977    0.12789540    0.14827017    0.14827017    0.18347151
T18            0.37729222    0.31578422    0.32214103    0.30703454    0.29135088    0.28768134    0.28768134    0.27844137    0.29623148    0.34315261    0.32223519    0.37853352    0.29012204    0.28445428    0.10605866    0.00000000    0.09639419    0.11816643    0.12524498    0.13039664    0.12524498    0.14546223    0.14546223    0.19706206
T21            0.38801082    0.31783293    0.31578422    0.28768134    0.27883113    0.27526615    0.27526615    0.27489803    0.28689528    0.33411413    0.32984191    0.37538156    0.30036218    0.29052004    0.11314883    0.09639419    0.00000000    0.12326539    0.13039664    0.13563325    0.13039664    0.15087729    0.15087729    0.20017027
T13            0.35431595    0.25906418    0.25087585    0.23712906    0.22596012    0.22278242    0.22278242    0.22540693    0.23654592    0.28612102    0.23743609    0.27923215    0.21894550    0.21611641    0.10859098    0.11816643    0.12326539    0.00000000    0.04766862    0.07180828    0.06947592    0.08777378    0.08777378    0.13239163
T7             0.36050905    0.26765191    0.26243799    0.24546925    0.23417228    0.23095424    0.23095424    0.23360703    0.24487322    0.29507571    0.23388452    0.28163718    0.21571424    0.21291750    0.12293068    0.12524498    0.13039664    0.04766862    0.00000000    0.07617289    0.07158390    0.08988054    0.08988054    0.13708774
T10            0.34411146    0.28124823    0.27286054    0.25871212    0.24714300    0.24375759    0.24375759    0.24644213    0.24578306    0.30897019    0.25599005    0.31054727    0.23123314    0.23123314    0.13309977    0.13039664    0.13563325    0.07180828    0.07617289    0.00000000    0.00805203    0.02876914    0.02876914    0.12756706
T9             0.35072635    0.27454114    0.26621037    0.25218509    0.24074635    0.23743609    0.23743609    0.24010368    0.23950244    0.30172653    0.24948111    0.30319694    0.22514546    0.22514546    0.12789540    0.12524498    0.13039664    0.06947592    0.07158390    0.00805203    0.00000000    0.02451310    0.02451310    0.12248795
T0             0.36157457    0.30036218    0.29178367    0.27727463    0.26536789    0.26182796    0.26182796    0.26457019    0.27008639    0.32926559    0.26811938    0.30319694    0.23095424    0.23683232    0.14827017    0.14546223    0.15087729    0.08777378    0.08988054    0.02876914    0.02451310    0.00000000    0.00000000    0.13995224
T19            0.36157457    0.30036218    0.29178367    0.27727463    0.26536789    0.26182796    0.26182796    0.26457019    0.27008639    0.32926559    0.26811938    0.30319694    0.23095424    0.23683232    0.14827017    0.14546223    0.15087729    0.08777378    0.08988054    0.02876914    0.02451310    0.00000000    0.00000000    0.13995224
T16            0.35093977    0.28287207    0.27861324    0.25717617    0.24331919    0.23987168    0.23987168    0.23048481    0.24788547    0.30876447    0.25677022    0.32216969    0.24750904    0.24143024    0.18347151    0.19706206    0.20017027    0.13239163    0.13708774    0.12756706    0.12248795    0.13995224    0.13995224    0.00000000

