24
T20            0.00000000    0.27131717    0.24144657    0.24144657    0.20556713    0.29034163    0.19349573    0.19123008    0.19374591    0.18597108    0.19533200    0.18755072    0.22103292    0.22491699    0.23183449    0.20186827    0.18776679    0.24645769    0.23544050    0.19960333    0.19988824    0.17042704    0.19349573    0.19073623
T3             0.27131717    0.00000000    0.04582225    0.06076647    0.17243646    0.28238025    0.20134795    0.19679640    0.20214260    0.18276851    0.20365593    0.19578259    0.31932840    0.30714865    0.29751468    0.26458939    0.24279488    0.27287967    0.26773573    0.26855563    0.28751677    0.23914196    0.25526923    0.25526923
T16            0.24144657    0.04582225    0.00000000    0.03915518    0.13679284    0.25178737    0.17469313    0.16977361    0.17489898    0.15168611    0.17430839    0.16674804    0.27090230    0.26264779    0.26347182    0.22626424    0.21161391    0.23069608    0.22568973    0.23279498    0.25991725    0.21356565    0.22626424    0.22335022
T2             0.24144657    0.06076647    0.03915518    0.00000000    0.15425864    0.27308616    0.18233921    0.18276851    0.18799210    0.16430492    0.18463784    0.17697081    0.28052605    0.26898191    0.26658784    0.24109877    0.21730700    0.24680363    0.23577993    0.22394720    0.25368306    0.20214260    0.21471021    0.21186357
T4             0.20556713    0.17243646    0.13679284    0.15425864    0.00000000    0.20079884    0.12277897    0.11572458    0.11801907    0.10141700    0.11738114    0.11038404    0.23121297    0.20875072    0.22133751    0.17581167    0.15702682    0.21873741    0.21388312    0.17042704    0.19827280    0.17197009    0.17852623    0.17581167
T18            0.29034163    0.28238025    0.25178737    0.27308616    0.20079884    0.00000000    0.21421019    0.20271950    0.20526565    0.18622527    0.19652893    0.19374591    0.33765605    0.33231335    0.31826176    0.27131717    0.24612220    0.29270921    0.28751677    0.27217979    0.26941906    0.25263411    0.27539857    0.26580466
T0             0.19349573    0.20134795    0.17469313    0.18233921    0.12277897    0.21421019    0.00000000    0.05202164    0.05415014    0.04772352    0.06268468    0.05618553    0.22265409    0.21197772    0.21705048    0.18276851    0.16657279    0.22597196    0.22103292    0.16977361    0.18622527    0.15522015    0.16449073    0.16187039
T19            0.19123008    0.19679640    0.16977361    0.18276851    0.11572458    0.20271950    0.05202164    0.00000000    0.01417631    0.02867296    0.05618553    0.04974254    0.22337099    0.21856457    0.20621918    0.18323423    0.16430492    0.22656654    0.22165195    0.17020043    0.18125583    0.15829937    0.17020043    0.16753736
T5             0.19374591    0.20214260    0.17489898    0.18799210    0.11801907    0.20526565    0.05415014    0.01417631    0.00000000    0.03074106    0.05833160    0.05187026    0.22005768    0.21524879    0.20879187    0.18075131    0.16674804    0.22919561    0.22426058    0.16732683    0.18373617    0.16070818    0.17265279    0.16998261
T6             0.18597108    0.18276851    0.15168611    0.16430492    0.10141700    0.18622527    0.04772352    0.02867296    0.03074106    0.00000000    0.05187026    0.04546443    0.21782573    0.20721549    0.20697694    0.17803698    0.15926392    0.21813578    0.21325779    0.16510065    0.18152152    0.15327053    0.16510065    0.16245890
T1             0.19533200    0.20365593    0.17430839    0.18463784    0.11738114    0.19652893    0.06268468    0.05618553    0.05833160    0.05187026    0.00000000    0.00602426    0.22426058    0.21356565    0.21092382    0.16870636    0.16080407    0.21634056    0.21137405    0.16640644    0.17716600    0.14419647    0.16120805    0.15862929
T17            0.18755072    0.19578259    0.16674804    0.17697081    0.11038404    0.19374591    0.05618553    0.04974254    0.05187026    0.04546443    0.00602426    0.00000000    0.21905288    0.20843133    0.20576231    0.16380038    0.15338868    0.21114401    0.20621918    0.15892911    0.16957346    0.13693826    0.15378461    0.15123238
T12            0.22103292    0.31932840    0.27090230    0.28052605    0.23121297    0.33765605    0.22265409    0.22337099    0.22005768    0.21782573    0.22426058    0.21905288    0.00000000    0.06940721    0.26072711    0.21212299    0.20903329    0.25120124    0.24612220    0.20753010    0.24333929    0.18953662    0.20469104    0.20469104
T8             0.22491699    0.30714865    0.26264779    0.26898191    0.20875072    0.33231335    0.21197772    0.21856457    0.21524879    0.20721549    0.21356565    0.20843133    0.06940721    0.00000000    0.24949735    0.20724874    0.20697694    0.23714198    0.23214454    0.20782100    0.23762872    0.19544105    0.19652893    0.19652893
T23            0.23183449    0.29751468    0.26347182    0.26658784    0.22133751    0.31826176    0.21705048    0.20621918    0.20879187    0.20697694    0.21092382    0.20576231    0.26072711    0.24949735    0.00000000    0.14673593    0.13902126    0.19855741    0.18822663    0.21991342    0.23479214    0.20160338    0.20298025    0.20298025
T13            0.20186827    0.26458939    0.22626424    0.24109877    0.17581167    0.27131717    0.18276851    0.18323423    0.18075131    0.17803698    0.16870636    0.16380038    0.21212299    0.20724874    0.14673593    0.00000000    0.06316368    0.15203141    0.14232055    0.16674804    0.19123008    0.14963725    0.15892911    0.16152165
T21            0.18776679    0.24279488    0.21161391    0.21730700    0.15702682    0.24612220    0.16657279    0.16430492    0.16674804    0.15926392    0.16080407    0.15338868    0.20903329    0.20697694    0.13902126    0.06316368    0.00000000    0.13915649    0.12960763    0.16657279    0.19097854    0.15203141    0.16136044    0.16395972
T10            0.24645769    0.27287967    0.23069608    0.24680363    0.21873741    0.29270921    0.22597196    0.22656654    0.22919561    0.21813578    0.21634056    0.21114401    0.25120124    0.23714198    0.19855741    0.15203141    0.13915649    0.00000000    0.01006802    0.22597196    0.24484488    0.21038562    0.21445223    0.21730700
T9             0.23544050    0.26773573    0.22568973    0.23577993    0.21388312    0.28751677    0.22103292    0.22165195    0.22426058    0.21325779    0.21137405    0.20621918    0.24612220    0.23214454    0.18822663    0.14232055    0.12960763    0.01006802    0.00000000    0.21525559    0.23085177    0.19988824    0.20954526    0.21239215
T15            0.19960333    0.26855563    0.23279498    0.22394720    0.17042704    0.27217979    0.16977361    0.17020043    0.16732683    0.16510065    0.16640644    0.15892911    0.20753010    0.20782100    0.21991342    0.16674804    0.16657279    0.22597196    0.21525559    0.00000000    0.12032122    0.09221834    0.10572123    0.10335224
T11            0.19988824    0.28751677    0.25991725    0.25368306    0.19827280    0.26941906    0.18622527    0.18125583    0.18373617    0.18152152    0.17716600    0.16957346    0.24333929    0.23762872    0.23479214    0.19123008    0.19097854    0.24484488    0.23085177    0.12032122    0.00000000    0.10662222    0.11572458    0.11787568
T7             0.17042704    0.23914196    0.21356565    0.20214260    0.17197009    0.25263411    0.15522015    0.15829937    0.16070818    0.15327053    0.14419647    0.13693826    0.18953662    0.19544105    0.20160338    0.14963725    0.15203141    0.21038562    0.19988824    0.09221834    0.10662222    0.00000000    0.05878864    0.05656809
T14            0.19349573    0.25526923    0.22626424    0.21471021    0.17852623    0.27539857    0.16449073    0.17020043    0.17265279    0.16510065    0.16120805    0.15378461    0.20469104    0.19652893    0.20298025    0.15892911    0.16136044    0.21445223    0.20954526    0.10572123    0.11572458    0.05878864    0.00000000    0.02233704
T22            0.19073623    0.25526923    0.22335022    0.21186357    0.17581167    0.26580466    0.16187039    0.16753736    0.16998261    0.16245890    0.15862929    0.15123238    0.20469104    0.19652893    0.20298025    0.16152165    0.16395972    0.21730700    0.21239215    0.10335224    0.11787568    0.05656809    0.02233704    0.00000000

