24
T2             0.00000000    0.26300566    0.25986070    0.22783277    0.30792902    0.22422182    0.23506995    0.23772602    0.24372836    0.28240886    0.29310560    0.29074841    0.28183017    0.26343121    0.25755674    0.24595644    0.23045752    0.25214878    0.24062690    0.24062690    0.21870041    0.23011749    0.19480790    0.19929792
T13            0.26300566    0.00000000    0.00200407    0.09955974    0.16773551    0.12262075    0.17531502    0.16975378    0.17285567    0.17982889    0.17756156    0.22783277    0.19957252    0.20076387    0.16796275    0.15782147    0.15587780    0.15302367    0.15612004    0.15612004    0.13489046    0.17113481    0.18397321    0.19173169
T11            0.25986070    0.00200407    0.00000000    0.09717913    0.16508047    0.12016980    0.17263127    0.16975378    0.17017910    0.17714554    0.17487801    0.22487588    0.19676681    0.19792542    0.16530043    0.15520140    0.15325046    0.15041726    0.15348558    0.15348558    0.13238352    0.16844323    0.18122952    0.18895734
T9             0.22783277    0.09955974    0.09717913    0.00000000    0.10631785    0.09882665    0.14688494    0.15961580    0.14705616    0.16955433    0.17531502    0.21095775    0.17801345    0.17358165    0.14742370    0.14267968    0.13057056    0.14052039    0.14611866    0.14611866    0.12806327    0.16092660    0.16601208    0.16023277
T15            0.30792902    0.16773551    0.16508047    0.10631785    0.00000000    0.17982889    0.21988130    0.24007640    0.22593618    0.23977107    0.24877358    0.29880997    0.27044156    0.26574568    0.22360721    0.21839580    0.21064994    0.22193661    0.22556922    0.22556922    0.20211152    0.23011749    0.24785349    0.23210477
T16            0.22422182    0.12262075    0.12016980    0.09882665    0.17982889    0.00000000    0.14403561    0.14642185    0.14927404    0.15424319    0.16428751    0.19346914    0.16167505    0.17308889    0.14450408    0.13976677    0.12740756    0.14012723    0.12539916    0.12539916    0.11760379    0.14485815    0.16243964    0.15424319
T23            0.23506995    0.17531502    0.17263127    0.14688494    0.21988130    0.14403561    0.00000000    0.10561698    0.10820566    0.14450408    0.13724065    0.22622739    0.19277704    0.19146269    0.17487801    0.16203999    0.15183921    0.17578753    0.17088281    0.17088281    0.15183921    0.17801345    0.17734905    0.17428953
T14            0.23772602    0.16975378    0.16975378    0.15961580    0.24007640    0.14642185    0.10561698    0.00000000    0.09648049    0.11496438    0.11518301    0.22885732    0.20643335    0.20749747    0.18820138    0.17017910    0.16466655    0.18370963    0.17333089    0.17333089    0.15942733    0.18594521    0.19071074    0.17943424
T3             0.24372836    0.17285567    0.17017910    0.14705616    0.22593618    0.14927404    0.10820566    0.09648049    0.00000000    0.10392012    0.11114857    0.23242378    0.20412498    0.21160189    0.17825279    0.17063951    0.16287379    0.17603704    0.17656245    0.17656245    0.15720003    0.18097366    0.18844423    0.17714554
T10            0.28240886    0.17982889    0.17714554    0.16955433    0.23977107    0.15424319    0.14450408    0.11496438    0.10392012    0.00000000    0.06711219    0.26808232    0.24039207    0.24555943    0.21611012    0.19676681    0.19146269    0.20523227    0.19452174    0.19452174    0.18546582    0.19957252    0.22390957    0.22041924
T7             0.29310560    0.17756156    0.17487801    0.17531502    0.24877358    0.16428751    0.13724065    0.11518301    0.11114857    0.06711219    0.00000000    0.26179316    0.23210477    0.24636368    0.21675049    0.20523227    0.19704261    0.20584252    0.19792542    0.19792542    0.18594521    0.21384561    0.23344113    0.21810095
T20            0.29074841    0.22783277    0.22487588    0.21095775    0.29880997    0.19346914    0.22622739    0.22885732    0.23242378    0.26808232    0.26179316    0.00000000    0.07873980    0.17285567    0.15201552    0.13207844    0.12755951    0.17629535    0.17410938    0.17410938    0.16796275    0.18950681    0.22296441    0.21933882
T19            0.28183017    0.19957252    0.19676681    0.17801345    0.27044156    0.16167505    0.19277704    0.20643335    0.20412498    0.24039207    0.23210477    0.07873980    0.00000000    0.14196513    0.12467099    0.11256729    0.11048603    0.13994290    0.14761997    0.14761997    0.13222692    0.15760582    0.19480790    0.20494127
T8             0.26343121    0.20076387    0.19792542    0.17358165    0.26574568    0.17308889    0.19146269    0.20749747    0.21160189    0.24555943    0.24636368    0.17285567    0.14196513    0.00000000    0.05869968    0.09494673    0.10405777    0.15159893    0.15902646    0.15902646    0.14308630    0.17467190    0.20904149    0.20268640
T18            0.25755674    0.16796275    0.16530043    0.14742370    0.22360721    0.14450408    0.17487801    0.18820138    0.17825279    0.21611012    0.21675049    0.15201552    0.12467099    0.05869968    0.00000000    0.06738377    0.07844649    0.12612448    0.13328750    0.13328750    0.11328151    0.14308630    0.18673225    0.18072674
T21            0.24595644    0.15782147    0.15520140    0.14267968    0.21839580    0.13976677    0.16203999    0.17017910    0.17063951    0.19676681    0.20523227    0.13207844    0.11256729    0.09494673    0.06738377    0.00000000    0.07164936    0.12113472    0.12612448    0.12612448    0.11086039    0.13582716    0.17902406    0.17308889
T5             0.23045752    0.15587780    0.15325046    0.13057056    0.21064994    0.12740756    0.15183921    0.16466655    0.16287379    0.19146269    0.19704261    0.12755951    0.11048603    0.10405777    0.07844649    0.07164936    0.00000000    0.11391287    0.11637051    0.11637051    0.10166578    0.13095909    0.16576626    0.16001854
T22            0.25214878    0.15302367    0.15041726    0.14052039    0.22193661    0.14012723    0.17578753    0.18370963    0.17603704    0.20523227    0.20584252    0.17629535    0.13994290    0.15159893    0.12612448    0.12113472    0.11391287    0.00000000    0.04778281    0.04778281    0.05854870    0.08568111    0.18790756    0.18176796
T6             0.24062690    0.15612004    0.15348558    0.14611866    0.22556922    0.12539916    0.17088281    0.17333089    0.17656245    0.19452174    0.19792542    0.17410938    0.14761997    0.15902646    0.13328750    0.12612448    0.11637051    0.04778281    0.00000000    0.00000000    0.06730526    0.09480997    0.16708088    0.16117485
T0             0.24062690    0.15612004    0.15348558    0.14611866    0.22556922    0.12539916    0.17088281    0.17333089    0.17656245    0.19452174    0.19792542    0.17410938    0.14761997    0.15902646    0.13328750    0.12612448    0.11637051    0.04778281    0.00000000    0.00000000    0.06730526    0.09480997    0.16708088    0.16117485
T12            0.21870041    0.13489046    0.13238352    0.12806327    0.20211152    0.11760379    0.15183921    0.15942733    0.15720003    0.18546582    0.18594521    0.16796275    0.13222692    0.14308630    0.11328151    0.11086039    0.10166578    0.05854870    0.06730526    0.06730526    0.00000000    0.04555531    0.16310375    0.16265241
T4             0.23011749    0.17113481    0.16844323    0.16092660    0.23011749    0.14485815    0.17801345    0.18594521    0.18097366    0.19957252    0.21384561    0.18950681    0.15760582    0.17467190    0.14308630    0.13582716    0.13095909    0.08568111    0.09480997    0.09480997    0.04555531    0.00000000    0.19572125    0.18950681
T1             0.19480790    0.18397321    0.18122952    0.16601208    0.24785349    0.16243964    0.17734905    0.19071074    0.18844423    0.22390957    0.23344113    0.22296441    0.19480790    0.20904149    0.18673225    0.17902406    0.16576626    0.18790756    0.16708088    0.16708088    0.16310375    0.19572125    0.00000000    0.08293641
T17            0.19929792    0.19173169    0.18895734    0.16023277    0.23210477    0.15424319    0.17428953    0.17943424    0.17714554    0.22041924    0.21810095    0.21933882    0.20494127    0.20268640    0.18072674    0.17308889    0.16001854    0.18176796    0.16117485    0.16117485    0.16265241    0.18950681    0.08293641    0.00000000

