24
T5             0.00000000    0.31517300    0.30642628    0.27312809    0.25937268    0.24740340    0.24777703    0.26133114    0.26645752    0.29730196    0.30252874    0.28090223    0.29213123    0.31617909    0.29318350    0.19254471    0.21154367    0.25009449    0.20865778    0.20865778    0.13036796    0.13036796    0.13288044    0.18506915
T16            0.31517300    0.00000000    0.02234857    0.10128281    0.17238452    0.16993112    0.16483990    0.16952573    0.17692170    0.20896084    0.20872176    0.37057769    0.40042026    0.42429824    0.40042026    0.27591114    0.26060238    0.30765105    0.27630976    0.27075577    0.33299242    0.32955841    0.33993288    0.39727204
T4             0.30642628    0.02234857    0.00000000    0.09454866    0.15978521    0.15737121    0.15236760    0.16182744    0.16915559    0.19571774    0.19548992    0.33918076    0.36883972    0.39815855    0.37509869    0.25514647    0.24332757    0.29245829    0.26799480    0.26250453    0.31056954    0.30726157    0.31725268    0.37243093
T19            0.27312809    0.10128281    0.09454866    0.00000000    0.13992100    0.14010435    0.13521937    0.15217543    0.15940183    0.18293686    0.18542952    0.30302673    0.33203606    0.36990573    0.33319289    0.24740340    0.22742918    0.26610040    0.23567018    0.23637281    0.28038613    0.27722553    0.29323469    0.35014344
T9             0.25937268    0.17238452    0.15978521    0.13992100    0.00000000    0.03503113    0.03083136    0.06284155    0.07157745    0.17599917    0.18891515    0.28318449    0.30801532    0.33142255    0.31261335    0.20834127    0.20865778    0.24937989    0.22030385    0.21514215    0.27591114    0.27910297    0.28231555    0.32795513
T20            0.24740340    0.16993112    0.15737121    0.14010435    0.03503113    0.00000000    0.01623405    0.06068988    0.06940002    0.17898308    0.18641899    0.26421800    0.28830069    0.31326462    0.29265174    0.19727988    0.20898367    0.24668709    0.20324516    0.19818534    0.26682555    0.26996677    0.27312809    0.31804931
T12            0.24777703    0.16483990    0.15236760    0.13521937    0.03083136    0.01623405    0.00000000    0.05634024    0.06500010    0.17380218    0.18118969    0.27110078    0.29548650    0.32077996    0.29996372    0.20040071    0.20643283    0.24400443    0.20356351    0.20422791    0.26407306    0.26720445    0.27035581    0.31512342
T14            0.26133114    0.16952573    0.16182744    0.15217543    0.06284155    0.06068988    0.05634024    0.00000000    0.02031645    0.16952573    0.17692170    0.30405765    0.32963316    0.35993257    0.33439960    0.22416332    0.22448359    0.26922155    0.23337358    0.22811696    0.27478197    0.27794281    0.28112401    0.31949445
T23            0.26645752    0.17692170    0.16915559    0.15940183    0.07157745    0.06940002    0.06500010    0.02031645    0.00000000    0.18498919    0.19253040    0.30590614    0.33859503    0.36175209    0.33618069    0.21804855    0.22940800    0.27442789    0.23832378    0.23302642    0.27688380    0.28003422    0.28320485    0.32151165
T1             0.29730196    0.20896084    0.19571774    0.18293686    0.17599917    0.17898308    0.17380218    0.16952573    0.18498919    0.00000000    0.02650804    0.31493689    0.33502164    0.37439808    0.34968599    0.23637281    0.24361228    0.28880407    0.26467285    0.25922736    0.30444759    0.30781308    0.31461361    0.36678661
T13            0.30252874    0.20872176    0.19548992    0.18542952    0.18891515    0.18641899    0.18118969    0.17692170    0.19253040    0.02650804    0.00000000    0.32371912    0.34402861    0.38388341    0.35273001    0.24435828    0.24548130    0.28754851    0.26334005    0.25789316    0.29978647    0.30309522    0.30642628    0.35744463
T10            0.28090223    0.37057769    0.33918076    0.30302673    0.28318449    0.26421800    0.27110078    0.30405765    0.30590614    0.31493689    0.32371912    0.00000000    0.05409034    0.08986819    0.04996062    0.16490955    0.16732684    0.19505417    0.17553249    0.16732684    0.25898089    0.26840621    0.27801483    0.32371912
T8             0.29213123    0.40042026    0.36883972    0.33203606    0.30801532    0.28830069    0.29548650    0.32963316    0.33859503    0.33502164    0.34402861    0.05409034    0.00000000    0.08735739    0.04766538    0.17737102    0.18259469    0.20803417    0.18817239    0.17982927    0.28597959    0.28924537    0.29917427    0.34643028
T15            0.31617909    0.42429824    0.39815855    0.36990573    0.33142255    0.31326462    0.32077996    0.35993257    0.36175209    0.37439808    0.38388341    0.08986819    0.08735739    0.00000000    0.08082190    0.20643283    0.22066456    0.24133182    0.21550416    0.21771835    0.31655635    0.31997972    0.32689845    0.37237887
T6             0.29318350    0.40042026    0.37509869    0.33319289    0.31261335    0.29265174    0.29996372    0.33439960    0.33618069    0.34968599    0.35273001    0.04996062    0.04766538    0.08082190    0.00000000    0.18075401    0.18321823    0.21154367    0.18882796    0.18043706    0.28360824    0.28687428    0.29680396    0.34039024
T11            0.19254471    0.27591114    0.25514647    0.24740340    0.20834127    0.19727988    0.20040071    0.22416332    0.21804855    0.23637281    0.24435828    0.16490955    0.17737102    0.20643283    0.18075401    0.00000000    0.08373645    0.11799368    0.09316642    0.08607712    0.19367708    0.19645714    0.19925293    0.24816096
T3             0.21154367    0.26060238    0.24332757    0.22742918    0.20865778    0.20898367    0.20643283    0.22448359    0.22940800    0.24361228    0.24548130    0.16732684    0.18259469    0.22066456    0.18321823    0.08373645    0.00000000    0.09209458    0.10054332    0.09333314    0.22187671    0.22481365    0.22776815    0.26970514
T0             0.25009449    0.30765105    0.29245829    0.26610040    0.24937989    0.24668709    0.24400443    0.26922155    0.27442789    0.28880407    0.28754851    0.19505417    0.20803417    0.24133182    0.21154367    0.11799368    0.09209458    0.00000000    0.14070315    0.13306830    0.24807617    0.25109264    0.26025412    0.31071576
T17            0.20865778    0.27630976    0.26799480    0.23567018    0.22030385    0.20324516    0.20356351    0.23337358    0.23832378    0.26467285    0.26334005    0.17553249    0.18817239    0.21550416    0.18882796    0.09316642    0.10054332    0.14070315    0.00000000    0.02871586    0.21030045    0.21316919    0.21605468    0.27291871
T7             0.20865778    0.27075577    0.26250453    0.23637281    0.21514215    0.19818534    0.20422791    0.22811696    0.23302642    0.25922736    0.25789316    0.16732684    0.17982927    0.21771835    0.18043706    0.08607712    0.09333314    0.13306830    0.02871586    0.00000000    0.21605468    0.21895712    0.22187671    0.27291871
T21            0.13036796    0.33299242    0.31056954    0.28038613    0.27591114    0.26682555    0.26407306    0.27478197    0.27688380    0.30444759    0.29978647    0.25898089    0.28597959    0.31655635    0.28360824    0.19367708    0.22187671    0.24807617    0.21030045    0.21605468    0.00000000    0.00806547    0.02236703    0.10418920
T2             0.13036796    0.32955841    0.30726157    0.27722553    0.27910297    0.26996677    0.26720445    0.27794281    0.28003422    0.30781308    0.30309522    0.26840621    0.28924537    0.31997972    0.28687428    0.19645714    0.22481365    0.25109264    0.21316919    0.21895712    0.00806547    0.00000000    0.02236703    0.10418920
T18            0.13288044    0.33993288    0.31725268    0.29323469    0.28231555    0.27312809    0.27035581    0.28112401    0.28320485    0.31461361    0.30642628    0.27801483    0.29917427    0.32689845    0.29680396    0.19925293    0.22776815    0.26025412    0.21605468    0.22187671    0.02236703    0.02236703    0.00000000    0.09703266
T22            0.18506915    0.39727204    0.37243093    0.35014344    0.32795513    0.31804931    0.31512342    0.31949445    0.32151165    0.36678661    0.35744463    0.32371912    0.34643028    0.37237887    0.34039024    0.24816096    0.26970514    0.31071576    0.27291871    0.27291871    0.10418920    0.10418920    0.09703266    0.00000000

