24
T21            0.00000000    0.36131877    0.36131877    0.36321777    0.36775255    0.34367733    0.33303445    0.32464736    0.30799702    0.29750412    0.27776217    0.33587081    0.21167150    0.20092842    0.20092842    0.20627947    0.22895248    0.17273623    0.18059516    0.23619502    0.21561384    0.21561384    0.22603024    0.21820362
T3             0.36131877    0.00000000    0.00000000    0.08552774    0.09430557    0.06970387    0.06314134    0.07012992    0.20988680    0.29801748    0.29132666    0.34487391    0.42623480    0.39551521    0.39551521    0.40269602    0.43038973    0.33709609    0.33764792    0.38521327    0.44566113    0.43717410    0.45523047    0.44058976
T20            0.36131877    0.00000000    0.00000000    0.08552774    0.09430557    0.06970387    0.06314134    0.07012992    0.20988680    0.29801748    0.29132666    0.34487391    0.42623480    0.39551521    0.39551521    0.40269602    0.43038973    0.33709609    0.33764792    0.38521327    0.44566113    0.43717410    0.45523047    0.44058976
T11            0.36321777    0.08552774    0.08552774    0.00000000    0.07814000    0.07834249    0.08062200    0.07642244    0.21425836    0.27690014    0.28099849    0.33223147    0.41325464    0.38209067    0.38209067    0.38908881    0.42546435    0.33452527    0.33501427    0.38970029    0.45174841    0.44322569    0.46577603    0.44667127
T5             0.36775255    0.09430557    0.09430557    0.07814000    0.00000000    0.08941226    0.08941226    0.08742799    0.23022540    0.30659570    0.30659570    0.36441849    0.42723438    0.39704778    0.39704778    0.40416076    0.42452473    0.34525027    0.34922031    0.39704778    0.46335454    0.45905724    0.48204145    0.45406096
T4             0.34367733    0.06970387    0.06970387    0.07834249    0.08941226    0.00000000    0.02648585    0.04140173    0.18511477    0.27221568    0.26584645    0.32392532    0.39096623    0.36945469    0.36945469    0.37634086    0.40269602    0.31578789    0.31286386    0.36945469    0.42546435    0.41729129    0.43901855    0.42062304
T9             0.33303445    0.06314134    0.06314134    0.08062200    0.08941226    0.02648585    0.00000000    0.04140173    0.18783708    0.27543119    0.26902086    0.32746095    0.39484547    0.37318832    0.37318832    0.38011698    0.40666831    0.31240928    0.31286386    0.36574891    0.42136101    0.41325464    0.43484674    0.41657004
T8             0.32464736    0.07012992    0.07012992    0.07642244    0.08742799    0.04140173    0.04140173    0.00000000    0.18605517    0.25495957    0.24874908    0.30878573    0.38203041    0.36071235    0.36071235    0.36753138    0.39366978    0.30082856    0.30128465    0.35338200    0.40411288    0.40411288    0.41729129    0.39944053
T15            0.30799702    0.20988680    0.20988680    0.21425836    0.23022540    0.18511477    0.18783708    0.18605517    0.00000000    0.26945831    0.25373539    0.30139698    0.35281594    0.33603005    0.33603005    0.33903806    0.38521327    0.29138315    0.29841858    0.32213714    0.39944053    0.39944053    0.41254983    0.39096623
T12            0.29750412    0.29801748    0.29801748    0.27690014    0.30659570    0.27221568    0.27543119    0.25495957    0.26945831    0.00000000    0.08798031    0.16666151    0.33956486    0.30949664    0.30949664    0.30905350    0.34671083    0.27690014    0.28379828    0.33465179    0.36753138    0.36753138    0.37259324    0.36321777
T13            0.27776217    0.29132666    0.29132666    0.28099849    0.30659570    0.26584645    0.26902086    0.24874908    0.25373539    0.08798031    0.00000000    0.14861533    0.32310470    0.31041845    0.31041845    0.30995163    0.33356113    0.25260380    0.25916118    0.28812603    0.34205857    0.34205857    0.35426784    0.34509169
T0             0.33587081    0.34487391    0.34487391    0.33223147    0.36441849    0.32392532    0.32746095    0.30878573    0.30139698    0.16666151    0.14861533    0.00000000    0.38020436    0.35640779    0.35640779    0.35577660    0.38796433    0.27454681    0.28145645    0.33821226    0.38137867    0.38137867    0.39419015    0.38840999
T6             0.21167150    0.42623480    0.42623480    0.41325464    0.42723438    0.39096623    0.39484547    0.38203041    0.35281594    0.33956486    0.32310470    0.38020436    0.00000000    0.05408349    0.05408349    0.05622044    0.11068267    0.13466043    0.14715236    0.19968601    0.26625719    0.27252504    0.28371838    0.26901946
T14            0.20092842    0.39551521    0.39551521    0.38209067    0.39704778    0.36945469    0.37318832    0.36071235    0.33603005    0.30949664    0.31041845    0.35640779    0.05408349    0.00000000    0.00000000    0.00401108    0.09879430    0.12720700    0.13952744    0.19131194    0.26076451    0.26699331    0.27809983    0.26350557
T23            0.20092842    0.39551521    0.39551521    0.38209067    0.39704778    0.36945469    0.37318832    0.36071235    0.33603005    0.30949664    0.31041845    0.35640779    0.05408349    0.00000000    0.00000000    0.00401108    0.09879430    0.12720700    0.13952744    0.19131194    0.26076451    0.26699331    0.27809983    0.26350557
T2             0.20627947    0.40269602    0.40269602    0.38908881    0.40416076    0.37634086    0.38011698    0.36753138    0.33903806    0.30905350    0.30995163    0.35577660    0.05622044    0.00401108    0.00401108    0.00000000    0.09889574    0.13201780    0.14442803    0.19660838    0.26661988    0.27290769    0.28409774    0.26938123
T19            0.22895248    0.43038973    0.43038973    0.42546435    0.42452473    0.40269602    0.40666831    0.39366978    0.38521327    0.34671083    0.33356113    0.38796433    0.11068267    0.09879430    0.09879430    0.09889574    0.00000000    0.14222740    0.15489615    0.19968601    0.28448833    0.29096006    0.30905350    0.30038404
T7             0.17273623    0.33709609    0.33709609    0.33452527    0.34525027    0.31578789    0.31240928    0.30082856    0.29138315    0.27690014    0.25260380    0.27454681    0.13466043    0.12720700    0.12720700    0.13201780    0.14222740    0.00000000    0.01008443    0.09007084    0.23189200    0.23782377    0.24853643    0.24048685
T10            0.18059516    0.33764792    0.33764792    0.33501427    0.34922031    0.31286386    0.31286386    0.30128465    0.29841858    0.28379828    0.25916118    0.28145645    0.14715236    0.13952744    0.13952744    0.14442803    0.15489615    0.01008443    0.00000000    0.09700386    0.23158925    0.23750324    0.24822035    0.24016740
T18            0.23619502    0.38521327    0.38521327    0.38970029    0.39704778    0.36945469    0.36574891    0.35338200    0.32213714    0.33465179    0.28812603    0.33821226    0.19968601    0.19131194    0.19131194    0.19660838    0.19968601    0.09007084    0.09700386    0.00000000    0.28854965    0.29510710    0.30082856    0.29796217
T17            0.21561384    0.44566113    0.44566113    0.45174841    0.46335454    0.42546435    0.42136101    0.40411288    0.39944053    0.36753138    0.34205857    0.38137867    0.26625719    0.26076451    0.26076451    0.26661988    0.28448833    0.23189200    0.23158925    0.28854965    0.00000000    0.00806512    0.03489150    0.03077867
T22            0.21561384    0.43717410    0.43717410    0.44322569    0.45905724    0.41729129    0.41325464    0.40411288    0.39944053    0.36753138    0.34205857    0.38137867    0.27252504    0.26699331    0.26699331    0.27290769    0.29096006    0.23782377    0.23750324    0.29510710    0.00806512    0.00000000    0.03489150    0.03077867
T16            0.22603024    0.45523047    0.45523047    0.46577603    0.48204145    0.43901855    0.43484674    0.41729129    0.41254983    0.37259324    0.35426784    0.39419015    0.28371838    0.27809983    0.27809983    0.28409774    0.30905350    0.24853643    0.24822035    0.30082856    0.03489150    0.03489150    0.00000000    0.02647171
T1             0.21820362    0.44058976    0.44058976    0.44667127    0.45406096    0.42062304    0.41657004    0.39944053    0.39096623    0.36321777    0.34509169    0.38840999    0.26901946    0.26350557    0.26350557    0.26938123    0.30038404    0.24048685    0.24016740    0.29796217    0.03077867    0.03077867    0.02647171    0.00000000

