24
T5             0.00000000    0.30722697    0.30722697    0.31059630    0.32084288    0.30388022    0.31888890    0.28872677    0.29887321    0.29725327    0.28225016    0.25955571    0.25650538    0.26571284    0.25923863    0.26882011    0.24421535    0.24152711    0.25234209    0.32730286    0.29030757    0.36846410    0.35188727    0.35550026
T8             0.30722697    0.00000000    0.01823226    0.01617882    0.02444373    0.07169268    0.10825195    0.08298594    0.28991325    0.29397248    0.27986996    0.24331824    0.24032273    0.25548325    0.24599894    0.25784111    0.23352323    0.23970308    0.24746461    0.30715287    0.27751987    0.33118497    0.32222728    0.32559643
T2             0.30722697    0.01823226    0.00000000    0.00603634    0.01826991    0.07395031    0.11065052    0.08529045    0.28669591    0.29071311    0.27666286    0.24331824    0.24032273    0.25548325    0.24599894    0.25784111    0.23352323    0.23380058    0.24746461    0.30715287    0.28387279    0.33801544    0.32898848    0.33240372
T13            0.31059630    0.01617882    0.00603634    0.00000000    0.01620798    0.07169268    0.10825195    0.08298594    0.28991325    0.29397248    0.27986996    0.24633182    0.24331824    0.25857138    0.24902163    0.26092921    0.23645711    0.24268070    0.25046005    0.31045524    0.28387279    0.34146604    0.33240372    0.33584248
T16            0.32084288    0.02444373    0.01826991    0.01620798    0.00000000    0.07621820    0.11548249    0.08760565    0.30215394    0.30631846    0.29199686    0.25241410    0.25548325    0.26480553    0.25512246    0.26716331    0.24237708    0.24868975    0.25650538    0.31712624    0.29355632    0.35551193    0.34630318    0.34279188
T20            0.30388022    0.07169268    0.07395031    0.07169268    0.07621820    0.00000000    0.11791613    0.09226849    0.31303448    0.31740394    0.29955756    0.25314748    0.25007831    0.25934300    0.24971593    0.27430515    0.23408788    0.23438509    0.24805665    0.30464088    0.29439991    0.35648259    0.34022849    0.34727602
T0             0.31888890    0.10825195    0.11065052    0.10825195    0.11548249    0.11791613    0.00000000    0.09673478    0.31126766    0.30878078    0.30100497    0.26403653    0.26092921    0.27986996    0.26678479    0.26022147    0.24718407    0.25347356    0.25533748    0.34727602    0.29848128    0.35023077    0.34799910    0.34538189
T1             0.28872677    0.08298594    0.08529045    0.08298594    0.08760565    0.09226849    0.09673478    0.00000000    0.29030757    0.29439991    0.27388535    0.23832258    0.23533600    0.25352945    0.24399598    0.25277569    0.22507562    0.23115398    0.24180025    0.30921713    0.27546946    0.32898848    0.32685776    0.32345411
T19            0.29887321    0.28991325    0.28669591    0.28991325    0.30215394    0.31303448    0.31126766    0.29030757    0.00000000    0.01617882    0.06492297    0.15123746    0.14869874    0.15893197    0.16135967    0.17202564    0.15110020    0.15893197    0.17131277    0.21724075    0.25955571    0.31850754    0.29669520    0.29669520
T12            0.29725327    0.29397248    0.29071311    0.29397248    0.30631846    0.31740394    0.30878078    0.29439991    0.01617882    0.00000000    0.06504468    0.15410190    0.15153709    0.16187632    0.16430736    0.17779799    0.15394133    0.16187632    0.17429809    0.21491560    0.26330955    0.32262394    0.30061293    0.30061293
T18            0.28225016    0.27986996    0.27666286    0.27986996    0.29199686    0.29955756    0.30100497    0.27388535    0.06492297    0.06504468    0.00000000    0.14217159    0.13963925    0.14984656    0.15223600    0.16026688    0.14200257    0.14727511    0.15945373    0.21289925    0.23766101    0.29737480    0.28244509    0.27617208
T7             0.25955571    0.24331824    0.24331824    0.24633182    0.25241410    0.25314748    0.26403653    0.23832258    0.15123746    0.15410190    0.14217159    0.00000000    0.00200402    0.01833243    0.01623187    0.09948224    0.11031058    0.11522497    0.12936917    0.18502591    0.22299040    0.27027800    0.25590033    0.24989143
T21            0.25650538    0.24032273    0.24032273    0.24331824    0.25548325    0.25007831    0.26092921    0.23533600    0.14869874    0.15153709    0.13963925    0.00200402    0.00000000    0.01626194    0.01417419    0.09710645    0.10792919    0.11281484    0.12691163    0.18232227    0.22010730    0.26719952    0.25288684    0.24691387
T22            0.26571284    0.25548325    0.25548325    0.25857138    0.26480553    0.25934300    0.27986996    0.25352945    0.15893197    0.16187632    0.14984656    0.01833243    0.01626194    0.00000000    0.01829807    0.10667818    0.11995134    0.12498352    0.14184164    0.19598926    0.23174094    0.27962897    0.26505148    0.25893212
T15            0.25923863    0.24599894    0.24599894    0.24902163    0.25512246    0.24971593    0.26678479    0.24399598    0.16135967    0.16430736    0.15223600    0.01623187    0.01417419    0.01829807    0.00000000    0.10411973    0.11259957    0.11752364    0.13418687    0.19025300    0.23144254    0.27929873    0.26473687    0.25863622
T9             0.26882011    0.25784111    0.25784111    0.26092921    0.26716331    0.27430515    0.26022147    0.25277569    0.17202564    0.17779799    0.16026688    0.09948224    0.09710645    0.10667818    0.10411973    0.00000000    0.12978190    0.13493657    0.15204888    0.21289925    0.24064756    0.29415754    0.28244509    0.27617208
T17            0.24421535    0.23352323    0.23352323    0.23645711    0.24237708    0.23408788    0.24718407    0.22507562    0.15110020    0.15394133    0.14200257    0.11031058    0.10792919    0.11995134    0.11259957    0.12978190    0.00000000    0.01212494    0.02650484    0.10586485    0.21984272    0.26940758    0.26358619    0.25755927
T10            0.24152711    0.23970308    0.23380058    0.24268070    0.24868975    0.23438509    0.25347356    0.23115398    0.15893197    0.16187632    0.14727511    0.11522497    0.11281484    0.12498352    0.11752364    0.13493657    0.01212494    0.00000000    0.02653151    0.09652354    0.22589025    0.26662715    0.26385763    0.25781244
T11            0.25234209    0.24746461    0.24746461    0.25046005    0.25650538    0.24805665    0.25533748    0.24180025    0.17131277    0.17429809    0.15945373    0.12936917    0.12691163    0.14184164    0.13418687    0.15204888    0.02650484    0.02653151    0.00000000    0.12239089    0.23352323    0.29349856    0.29063580    0.28432324
T4             0.32730286    0.30715287    0.30715287    0.31045524    0.31712624    0.30464088    0.34727602    0.30921713    0.21724075    0.21491560    0.21289925    0.18502591    0.18232227    0.19598926    0.19025300    0.21289925    0.10586485    0.09652354    0.12239089    0.00000000    0.29199686    0.34064654    0.32818660    0.32818660
T14            0.29030757    0.27751987    0.28387279    0.28387279    0.29355632    0.29439991    0.29848128    0.27546946    0.25955571    0.26330955    0.23766101    0.22299040    0.22010730    0.23174094    0.23144254    0.24064756    0.21984272    0.22589025    0.23352323    0.29199686    0.00000000    0.27897963    0.27059004    0.25893212
T6             0.36846410    0.33118497    0.33801544    0.34146604    0.35551193    0.35648259    0.35023077    0.32898848    0.31850754    0.32262394    0.29737480    0.27027800    0.26719952    0.27962897    0.27929873    0.29415754    0.26940758    0.26662715    0.29349856    0.34064654    0.27897963    0.00000000    0.03274709    0.03697568
T23            0.35188727    0.32222728    0.32898848    0.33240372    0.34630318    0.34022849    0.34799910    0.32685776    0.29669520    0.30061293    0.28244509    0.25590033    0.25288684    0.26505148    0.26473687    0.28244509    0.26358619    0.26385763    0.29063580    0.32818660    0.27059004    0.03274709    0.00000000    0.02029418
T3             0.35550026    0.32559643    0.33240372    0.33584248    0.34279188    0.34727602    0.34538189    0.32345411    0.29669520    0.30061293    0.27617208    0.24989143    0.24691387    0.25893212    0.25863622    0.27617208    0.25755927    0.25781244    0.28432324    0.32818660    0.25893212    0.03697568    0.02029418    0.00000000

