24
T18            0.00000000    0.24655343    0.24120024    0.22503141    0.23623941    0.23324498    0.30330194    0.27019229    0.26316673    0.28061506    0.28904993    0.24533272    0.24840124    0.23256800    0.16911312    0.17974287    0.22209010    0.20855124    0.20855124    0.18937559    0.07861399    0.09452961    0.09665575    0.09197800
T15            0.24655343    0.00000000    0.01415525    0.08996073    0.09912794    0.09676677    0.24683423    0.19921247    0.27220640    0.33013731    0.33210195    0.31730200    0.31388592    0.28095967    0.23554433    0.24422182    0.27220640    0.26081428    0.26081428    0.24020839    0.21336937    0.24495229    0.24288303    0.23693102
T14            0.24120024    0.01415525    0.00000000    0.08786154    0.09701104    0.09464979    0.24439850    0.19650476    0.26980762    0.32769371    0.32962129    0.30470283    0.29803102    0.26595497    0.22144478    0.22993405    0.25738193    0.25229439    0.25229439    0.22315979    0.20538126    0.23889033    0.23457657    0.22869485
T8             0.22503141    0.08996073    0.08786154    0.00000000    0.03710920    0.03497603    0.21949183    0.18383624    0.26782810    0.30279806    0.31049319    0.29374035    0.29374035    0.26155613    0.20283754    0.21983245    0.24533272    0.23588690    0.23588690    0.22176262    0.19275280    0.22277390    0.22436862    0.21853807
T12            0.23623941    0.09912794    0.09701104    0.03710920    0.00000000    0.00603658    0.22761472    0.18887572    0.27654425    0.31196954    0.31633028    0.29707666    0.29707666    0.26392063    0.20508563    0.22503141    0.24763149    0.24422182    0.24422182    0.22698420    0.19777728    0.22799027    0.23554433    0.22960943
T9             0.23324498    0.09676677    0.09464979    0.03497603    0.00603658    0.00000000    0.22473393    0.18620429    0.26704655    0.30182493    0.30622148    0.29374035    0.29374035    0.26081428    0.20793412    0.22209010    0.24458198    0.24120024    0.24120024    0.22405178    0.19496088    0.22503141    0.22960943    0.22374468
T21            0.30330194    0.24683423    0.24439850    0.21949183    0.22761472    0.22473393    0.00000000    0.10150040    0.38920399    0.41411741    0.42822427    0.40154288    0.41381989    0.37649113    0.31757989    0.33471080    0.37268201    0.35475917    0.35475917    0.31646506    0.28576728    0.31701655    0.31146559    0.30470283
T22            0.27019229    0.19921247    0.19650476    0.18383624    0.18887572    0.18620429    0.10150040    0.00000000    0.32000267    0.35285488    0.36314284    0.34737439    0.35100254    0.31496320    0.27058778    0.27975099    0.31496320    0.30470283    0.30470283    0.26980762    0.25032075    0.27654425    0.27184439    0.26561274
T11            0.26316673    0.27220640    0.26980762    0.26782810    0.27654425    0.26704655    0.38920399    0.32000267    0.00000000    0.12012714    0.12983798    0.24155110    0.24155110    0.21507555    0.18164392    0.19245211    0.24458198    0.21368065    0.21368065    0.19438853    0.23359829    0.26316673    0.25689414    0.25069986
T6             0.28061506    0.33013731    0.32769371    0.30279806    0.31196954    0.30182493    0.41411741    0.35285488    0.12012714    0.00000000    0.11782379    0.27504606    0.27827400    0.25610746    0.20632372    0.22647290    0.27920424    0.23660186    0.23660186    0.21657906    0.25649560    0.28386397    0.28213760    0.27574503
T19            0.28904993    0.33210195    0.32962129    0.31049319    0.31633028    0.30622148    0.42822427    0.36314284    0.12983798    0.11782379    0.00000000    0.28579060    0.26743196    0.25738193    0.20479930    0.22176262    0.27058778    0.23786533    0.23786533    0.21794846    0.25536246    0.26980762    0.28737241    0.28095967
T17            0.24533272    0.31730200    0.30470283    0.29374035    0.29707666    0.29374035    0.40154288    0.34737439    0.24155110    0.27504606    0.28579060    0.00000000    0.07187738    0.05399700    0.12800487    0.13536287    0.16702347    0.15795580    0.15795580    0.13302576    0.22242720    0.24533272    0.24387182    0.23786533
T1             0.24840124    0.31388592    0.29803102    0.29374035    0.29707666    0.29374035    0.41381989    0.35100254    0.24155110    0.27827400    0.26743196    0.07187738    0.00000000    0.05399700    0.13302576    0.13536287    0.17008563    0.15533275    0.15533275    0.13266161    0.21368065    0.23925203    0.24690255    0.24085948
T4             0.23256800    0.28095967    0.26595497    0.26155613    0.26392063    0.26081428    0.37649113    0.31496320    0.21507555    0.25610746    0.25738193    0.05399700    0.05399700    0.00000000    0.11297486    0.12012714    0.15627311    0.13954052    0.13954052    0.11756566    0.20452229    0.22666839    0.23723234    0.23133328
T23            0.16911312    0.23554433    0.22144478    0.20283754    0.20508563    0.20793412    0.31757989    0.27058778    0.18164392    0.20632372    0.20479930    0.12800487    0.13302576    0.11297486    0.00000000    0.03931250    0.08300921    0.06290156    0.06290156    0.04334865    0.13830503    0.16373889    0.17077836    0.16543354
T13            0.17974287    0.24422182    0.22993405    0.21983245    0.22503141    0.22209010    0.33471080    0.27975099    0.19245211    0.22647290    0.22176262    0.13536287    0.13536287    0.12012714    0.03931250    0.00000000    0.07381785    0.07632878    0.07632878    0.05633394    0.15363345    0.17974287    0.18688238    0.18137448
T7             0.22209010    0.27220640    0.25738193    0.24533272    0.24763149    0.24458198    0.37268201    0.31496320    0.24458198    0.27920424    0.27058778    0.16702347    0.17008563    0.15627311    0.08300921    0.07381785    0.00000000    0.11756566    0.11756566    0.09636738    0.19438853    0.22503141    0.23256800    0.22666839
T16            0.20855124    0.26081428    0.25229439    0.23588690    0.24422182    0.24120024    0.35475917    0.30470283    0.21368065    0.23660186    0.23786533    0.15795580    0.15533275    0.13954052    0.06290156    0.07632878    0.11756566    0.00000000    0.00000000    0.03067144    0.18137448    0.20632372    0.20452229    0.19890613
T3             0.20855124    0.26081428    0.25229439    0.23588690    0.24422182    0.24120024    0.35475917    0.30470283    0.21368065    0.23660186    0.23786533    0.15795580    0.15533275    0.13954052    0.06290156    0.07632878    0.11756566    0.00000000    0.00000000    0.03067144    0.18137448    0.20632372    0.20452229    0.19890613
T10            0.18937559    0.24020839    0.22315979    0.22176262    0.22698420    0.22405178    0.31646506    0.26980762    0.19438853    0.21657906    0.21794846    0.13302576    0.13266161    0.11756566    0.04334865    0.05633394    0.09636738    0.03067144    0.03067144    0.00000000    0.16036503    0.18164392    0.18559141    0.18015949
T20            0.07861399    0.21336937    0.20538126    0.19275280    0.19777728    0.19496088    0.28576728    0.25032075    0.23359829    0.25649560    0.25536246    0.22242720    0.21368065    0.20452229    0.13830503    0.15363345    0.19438853    0.18137448    0.18137448    0.16036503    0.00000000    0.05426875    0.07163552    0.06715807
T0             0.09452961    0.24495229    0.23889033    0.22277390    0.22799027    0.22503141    0.31701655    0.27654425    0.26316673    0.28386397    0.26980762    0.24533272    0.23925203    0.22666839    0.16373889    0.17974287    0.22503141    0.20632372    0.20632372    0.18164392    0.05426875    0.00000000    0.09901126    0.09431136
T5             0.09665575    0.24288303    0.23457657    0.22436862    0.23554433    0.22960943    0.31146559    0.27184439    0.25689414    0.28213760    0.28737241    0.24387182    0.24690255    0.23723234    0.17077836    0.18688238    0.23256800    0.20452229    0.20452229    0.18559141    0.07163552    0.09901126    0.00000000    0.00401621
T2             0.09197800    0.23693102    0.22869485    0.21853807    0.22960943    0.22374468    0.30470283    0.26561274    0.25069986    0.27574503    0.28095967    0.23786533    0.24085948    0.23133328    0.16543354    0.18137448    0.22666839    0.19890613    0.19890613    0.18015949    0.06715807    0.09431136    0.00401621    0.00000000

