24
T23            0.00000000    0.27312061    0.28876854    0.29013253    0.27756094    0.27478401    0.24670968    0.24603152    0.27273155    0.24539397    0.26574888    0.27629868    0.25413505    0.28469837    0.26299775    0.26645537    0.30179769    0.30883225    0.30509094    0.30468754    0.28215188    0.27652795    0.24372713    0.21580101
T14            0.27312061    0.00000000    0.08330678    0.08060898    0.07162248    0.06944742    0.09859696    0.10803415    0.12215033    0.10784104    0.12193414    0.26292559    0.21369421    0.23915062    0.23302233    0.23620700    0.29360353    0.29402116    0.28148971    0.26541164    0.24964916    0.25019902    0.23594010    0.30439625
T20            0.28876854    0.08330678    0.00000000    0.09978482    0.09516855    0.09294700    0.12600348    0.12600348    0.14058496    0.13315801    0.14018680    0.29423342    0.22976553    0.24706393    0.24368565    0.24706393    0.32362597    0.32420535    0.30740874    0.29013253    0.27393092    0.28358860    0.25899252    0.33552784
T0             0.29013253    0.08060898    0.09978482    0.00000000    0.04330712    0.03272673    0.12253338    0.12994417    0.14455202    0.13212687    0.14931595    0.28876854    0.24035391    0.26407613    0.25446601    0.25787785    0.31797402    0.32195894    0.30535461    0.29489028    0.26921521    0.27235325    0.24905550    0.33308193
T17            0.27756094    0.07162248    0.09516855    0.04330712    0.00000000    0.01417435    0.11294004    0.11563005    0.13212687    0.12484989    0.14185122    0.27614352    0.22013157    0.24302575    0.23677099    0.24003800    0.29250004    0.30199461    0.28595622    0.26958359    0.25048960    0.25480735    0.23737505    0.30585099
T19            0.27478401    0.06944742    0.09294700    0.03272673    0.01417435    0.00000000    0.11065660    0.11334416    0.12979033    0.12253338    0.13948620    0.27661793    0.22329924    0.24636553    0.24003800    0.24335067    0.30635882    0.30924532    0.29296294    0.27629868    0.25685683    0.25515903    0.23769204    0.31319412
T6             0.24670968    0.09859696    0.12600348    0.12253338    0.11294004    0.11065660    0.00000000    0.09877548    0.11031553    0.10349403    0.11270870    0.24136167    0.19236809    0.22274189    0.20830217    0.21416371    0.26574888    0.25991784    0.25413505    0.24479723    0.22678447    0.23012152    0.21067085    0.26171941
T18            0.24603152    0.10803415    0.12600348    0.12994417    0.11563005    0.11334416    0.09877548    0.00000000    0.04988202    0.06276444    0.07374083    0.25048945    0.20295089    0.23090094    0.21912767    0.22509916    0.27513364    0.27551115    0.25718672    0.24778491    0.23835437    0.21629277    0.21067085    0.26958359
T22            0.27273155    0.12215033    0.14058496    0.14455202    0.13212687    0.12979033    0.11031553    0.04988202    0.00000000    0.08281352    0.08947023    0.27756094    0.21629277    0.24240625    0.23277406    0.23302233    0.29645824    0.29687528    0.28430119    0.27441126    0.25837980    0.23620700    0.24155319    0.29730370
T1             0.24539397    0.10784104    0.13315801    0.13212687    0.12484989    0.12253338    0.10349403    0.06276444    0.08281352    0.00000000    0.03492722    0.25978737    0.20061544    0.22854374    0.21675909    0.22274189    0.28792780    0.29489028    0.27589951    0.25991784    0.25622851    0.22484626    0.22484626    0.28229642
T9             0.26574888    0.12193414    0.14018680    0.14931595    0.14185122    0.13948620    0.11270870    0.07374083    0.08947023    0.03492722    0.00000000    0.26882934    0.21912767    0.23887504    0.23277406    0.23887504    0.30304497    0.31018118    0.29076008    0.27755913    0.27062398    0.23860961    0.23860961    0.30060798
T7             0.27629868    0.26292559    0.29423342    0.28876854    0.27614352    0.27661793    0.24136167    0.25048945    0.27756094    0.25978737    0.26882934    0.00000000    0.20295089    0.22509916    0.21629277    0.21936409    0.27273155    0.27312061    0.26407613    0.26682458    0.24839969    0.25752707    0.24905550    0.31454477
T12            0.25413505    0.21369421    0.22976553    0.24035391    0.22013157    0.22329924    0.19236809    0.20295089    0.21629277    0.20061544    0.21912767    0.20295089    0.00000000    0.03066921    0.02853686    0.03480137    0.23012152    0.23037136    0.22484626    0.22174396    0.20217533    0.20852579    0.18157954    0.27792486
T10            0.28469837    0.23915062    0.24706393    0.26407613    0.24302575    0.24636553    0.22274189    0.23090094    0.24240625    0.22854374    0.23887504    0.22509916    0.03066921    0.00000000    0.05185676    0.05835834    0.25320466    0.25350434    0.24778491    0.24451424    0.22414677    0.23090094    0.20573055    0.29645824
T16            0.26299775    0.23302233    0.24368565    0.25446601    0.23677099    0.24003800    0.20830217    0.21912767    0.23277406    0.21675909    0.23277406    0.21629277    0.02853686    0.05185676    0.00000000    0.00602721    0.24694017    0.24128927    0.24155319    0.23835437    0.21547685    0.22773033    0.19724477    0.28469837
T4             0.26645537    0.23620700    0.24706393    0.25787785    0.24003800    0.24335067    0.21416371    0.22509916    0.23302233    0.22274189    0.23887504    0.21936409    0.03480137    0.05835834    0.00602721    0.00000000    0.25564235    0.24991886    0.25019902    0.24694017    0.22373009    0.23620700    0.20530842    0.28834656
T2             0.30179769    0.29360353    0.32362597    0.31797402    0.29250004    0.30635882    0.26574888    0.27513364    0.29645824    0.28792780    0.30304497    0.27273155    0.23012152    0.25320466    0.24694017    0.25564235    0.00000000    0.01822288    0.07186135    0.07387525    0.08298947    0.20495106    0.16714144    0.34337437
T15            0.30883225    0.29402116    0.32420535    0.32195894    0.30199461    0.30924532    0.25991784    0.27551115    0.29687528    0.29489028    0.31018118    0.27312061    0.23037136    0.25350434    0.24128927    0.24991886    0.01822288    0.00000000    0.07195487    0.07395301    0.08308815    0.21035504    0.17224046    0.35116384
T13            0.30509094    0.28148971    0.30740874    0.30535461    0.28595622    0.29296294    0.25413505    0.25718672    0.28430119    0.27589951    0.29076008    0.26407613    0.22484626    0.24778491    0.24155319    0.25019902    0.07186135    0.07195487    0.00000000    0.03492722    0.06727930    0.18548998    0.15446007    0.35057940
T8             0.30468754    0.26541164    0.29013253    0.29489028    0.26958359    0.27629868    0.24479723    0.24778491    0.27441126    0.25991784    0.27755913    0.26682458    0.22174396    0.24451424    0.23835437    0.24694017    0.07387525    0.07395301    0.03492722    0.00000000    0.06931923    0.17717025    0.14915137    0.34282869
T3             0.28215188    0.24964916    0.27393092    0.26921521    0.25048960    0.25685683    0.22678447    0.23835437    0.25837980    0.25622851    0.27062398    0.24839969    0.20217533    0.22414677    0.21547685    0.22373009    0.08298947    0.08308815    0.06727930    0.06931923    0.00000000    0.17450198    0.14631424    0.31848576
T21            0.27652795    0.25019902    0.28358860    0.27235325    0.25480735    0.25515903    0.23012152    0.21629277    0.23620700    0.22484626    0.23860961    0.25752707    0.20852579    0.23090094    0.22773033    0.23620700    0.20495106    0.21035504    0.18548998    0.17717025    0.17450198    0.00000000    0.09216018    0.31174339
T5             0.24372713    0.23594010    0.25899252    0.24905550    0.23737505    0.23769204    0.21067085    0.21067085    0.24155319    0.22484626    0.23860961    0.24905550    0.18157954    0.20573055    0.19724477    0.20530842    0.16714144    0.17224046    0.15446007    0.14915137    0.14631424    0.09216018    0.00000000    0.31601265
T11            0.21580101    0.30439625    0.33552784    0.33308193    0.30585099    0.31319412    0.26171941    0.26958359    0.29730370    0.28229642    0.30060798    0.31454477    0.27792486    0.29645824    0.28469837    0.28834656    0.34337437    0.35116384    0.35057940    0.34282869    0.31848576    0.31174339    0.31601265    0.00000000

