24
T6             0.00000000    0.40276495    0.38743029    0.40604120    0.37359946    0.37099590    0.36793531    0.33814757    0.36529828    0.37470139    0.40606805    0.37270942    0.36586887    0.34933432    0.34989042    0.32819520    0.33865297    0.35716675    0.33265570    0.32180066    0.32916987    0.23672647    0.22850157    0.24297622
T13            0.40276495    0.00000000    0.02027301    0.05412943    0.05418963    0.06081267    0.13903210    0.11333276    0.22616544    0.23113811    0.25713217    0.24504351    0.21490158    0.22385098    0.22709537    0.20435969    0.22677576    0.33165686    0.31932596    0.29558726    0.28950468    0.28593740    0.27960618    0.29197953
T2             0.38743029    0.02027301    0.00000000    0.06060860    0.05626426    0.06288727    0.13878004    0.10824861    0.22270292    0.22769201    0.25953566    0.24447005    0.21437717    0.22325770    0.22646577    0.20384332    0.22616544    0.33070723    0.32180066    0.29807442    0.28558757    0.28276176    0.27895765    0.29127298
T21            0.40604120    0.05412943    0.06060860    0.00000000    0.06937657    0.07613392    0.15096564    0.12730139    0.23939145    0.25345479    0.27400768    0.25861730    0.23142632    0.24598010    0.24934379    0.22587479    0.24598010    0.34521792    0.33165686    0.31082618    0.30133289    0.31082618    0.30422305    0.31709564
T18            0.37359946    0.05418963    0.05626426    0.06937657    0.00000000    0.02236451    0.10531902    0.08750148    0.19550795    0.20592433    0.22506114    0.21648748    0.19298284    0.19597767    0.19901230    0.18004025    0.20155003    0.30542718    0.28066210    0.27089145    0.25891284    0.25861730    0.25259149    0.26748157
T7             0.37099590    0.06081267    0.06288727    0.07613392    0.02236451    0.00000000    0.10767218    0.09449529    0.20384332    0.21437717    0.22795204    0.22218687    0.20129511    0.20435969    0.20746525    0.18819430    0.21002686    0.31209646    0.29352898    0.27400768    0.26196251    0.26165769    0.25559531    0.27056892
T9             0.36793531    0.13903210    0.13878004    0.15096564    0.10531902    0.10767218    0.00000000    0.10824861    0.21982864    0.21344273    0.23672647    0.22744184    0.21389081    0.21697081    0.22009291    0.19507471    0.22036677    0.32300156    0.30172347    0.29162055    0.27304386    0.28089157    0.26912010    0.28430102
T11            0.33814757    0.11333276    0.10824861    0.12730139    0.08750148    0.09449529    0.10824861    0.00000000    0.19370522    0.19850896    0.22094322    0.20155003    0.18073023    0.18922146    0.19228649    0.16798118    0.17604757    0.27544542    0.26401404    0.25204259    0.24030474    0.25680385    0.24534554    0.25408247
T14            0.36529828    0.22616544    0.22270292    0.23939145    0.19550795    0.20384332    0.21982864    0.19370522    0.00000000    0.06714428    0.15393488    0.25275465    0.23336111    0.23672154    0.24012804    0.21091899    0.23145562    0.30673601    0.29722451    0.27192402    0.26915396    0.30008886    0.29028106    0.30628814
T22            0.37470139    0.23113811    0.22769201    0.25345479    0.20592433    0.21437717    0.21344273    0.19850896    0.06714428    0.00000000    0.15096564    0.25170189    0.22124574    0.22811173    0.23145562    0.20491284    0.22515228    0.30963392    0.30673601    0.28423211    0.27823533    0.30875069    0.29884575    0.31501822
T4             0.40606805    0.25713217    0.25953566    0.27400768    0.22506114    0.22795204    0.23672647    0.22094322    0.15393488    0.15096564    0.00000000    0.27942525    0.25621340    0.27151315    0.27514971    0.23830399    0.25350745    0.33117588    0.32324573    0.31932596    0.31300227    0.32430014    0.31501822    0.32475736
T15            0.37270942    0.24504351    0.24447005    0.25861730    0.21648748    0.22218687    0.22744184    0.20155003    0.25275465    0.25170189    0.27942525    0.00000000    0.09185851    0.09876865    0.10338245    0.07380087    0.11499466    0.30585185    0.28423211    0.27192402    0.27544542    0.28242199    0.27056892    0.28593740
T16            0.36586887    0.21490158    0.21437717    0.23142632    0.19298284    0.20129511    0.21389081    0.18073023    0.23336111    0.22124574    0.25621340    0.09185851    0.00000000    0.05867183    0.06304000    0.04349208    0.09204766    0.28503369    0.25475160    0.24297622    0.24631257    0.27156903    0.25986288    0.27506971
T10            0.34933432    0.22385098    0.22325770    0.24598010    0.19597767    0.20435969    0.21697081    0.18922146    0.23672154    0.22811173    0.27151315    0.09876865    0.05867183    0.00000000    0.00401105    0.04776499    0.09662283    0.29437147    0.26054879    0.24867068    0.25204259    0.25713217    0.24565775    0.26054879
T1             0.34989042    0.22709537    0.22646577    0.24934379    0.19901230    0.20746525    0.22009291    0.19228649    0.24012804    0.23145562    0.27514971    0.10338245    0.06304000    0.00401105    0.00000000    0.05206338    0.09909075    0.29480957    0.26090744    0.24900215    0.25239352    0.25747091    0.24598010    0.26090744
T17            0.32819520    0.20435969    0.20384332    0.22587479    0.18004025    0.18819430    0.19507471    0.16798118    0.21091899    0.20491284    0.23830399    0.07380087    0.04349208    0.04776499    0.05206338    0.00000000    0.07394874    0.26952059    0.24598010    0.22850157    0.23172436    0.25408247    0.24266288    0.25747091
T23            0.33865297    0.22677576    0.22616544    0.24598010    0.20155003    0.21002686    0.22036677    0.17604757    0.23145562    0.22515228    0.25350745    0.11499466    0.09204766    0.09662283    0.09909075    0.07394874    0.00000000    0.28545099    0.26439282    0.24329963    0.24363307    0.26401404    0.25239352    0.26752867
T8             0.35716675    0.33165686    0.33070723    0.34521792    0.30542718    0.31209646    0.32300156    0.27544542    0.30673601    0.30963392    0.33117588    0.30585185    0.28503369    0.29437147    0.29480957    0.26952059    0.28545099    0.00000000    0.07840683    0.13211340    0.12730139    0.30719544    0.28587928    0.29857144
T0             0.33265570    0.31932596    0.32180066    0.33165686    0.28066210    0.29352898    0.30172347    0.26401404    0.29722451    0.30673601    0.32324573    0.28423211    0.25475160    0.26054879    0.26090744    0.24598010    0.26439282    0.07840683    0.00000000    0.09886864    0.09428067    0.26328798    0.24631257    0.25510164
T3             0.32180066    0.29558726    0.29807442    0.31082618    0.27089145    0.27400768    0.29162055    0.25204259    0.27192402    0.28423211    0.31932596    0.27192402    0.24297622    0.24867068    0.24900215    0.22850157    0.24329963    0.13211340    0.09886864    0.00000000    0.05194591    0.25074142    0.23407145    0.24565775
T5             0.32916987    0.28950468    0.28558757    0.30133289    0.25891284    0.26196251    0.27304386    0.24030474    0.26915396    0.27823533    0.31300227    0.27544542    0.24631257    0.25204259    0.25239352    0.23172436    0.24363307    0.12730139    0.09428067    0.05194591    0.00000000    0.24447005    0.22795204    0.23939145
T19            0.23672647    0.28593740    0.28276176    0.31082618    0.25861730    0.26165769    0.28089157    0.25680385    0.30008886    0.30875069    0.32430014    0.28242199    0.27156903    0.25713217    0.25747091    0.25408247    0.26401404    0.30719544    0.26328798    0.25074142    0.24447005    0.00000000    0.01617876    0.02650466
T20            0.22850157    0.27960618    0.27895765    0.30422305    0.25259149    0.25559531    0.26912010    0.24534554    0.29028106    0.29884575    0.31501822    0.27056892    0.25986288    0.24565775    0.24598010    0.24266288    0.25239352    0.28587928    0.24631257    0.23407145    0.22795204    0.01617876    0.00000000    0.01417411
T12            0.24297622    0.29197953    0.29127298    0.31709564    0.26748157    0.27056892    0.28430102    0.25408247    0.30628814    0.31501822    0.32475736    0.28593740    0.27506971    0.26054879    0.26090744    0.25747091    0.26752867    0.29857144    0.25510164    0.24565775    0.23939145    0.02650466    0.01417411    0.00000000

