24
T6             0.00000000    0.35961743    0.32916324    0.29766720    0.27983878    0.29716219    0.27427466    0.27266189    0.24899852    0.26875301    0.26370429    0.18210882    0.18480471    0.20921585    0.18501409    0.22009016    0.17428800    0.20974549    0.21179051    0.20462923    0.18751522    0.18795767    0.18751522    0.19648140
T17            0.35961743    0.00000000    0.16673756    0.15003482    0.16692328    0.17447740    0.15908902    0.26717541    0.25169820    0.26054481    0.25854537    0.38721839    0.39106636    0.39885236    0.40748033    0.42404493    0.37016343    0.39239401    0.38918592    0.38851615    0.38721839    0.38851615    0.42710043    0.39561611
T0             0.32916324    0.16673756    0.00000000    0.11522057    0.14821946    0.16639189    0.14365339    0.23432110    0.22719871    0.23085675    0.23172126    0.33323823    0.33669969    0.35335390    0.33369398    0.37675222    0.32341607    0.36529005    0.35853134    0.34825297    0.32980059    0.33416218    0.38278640    0.36730950
T18            0.29766720    0.15003482    0.11522057    0.00000000    0.12483715    0.14016752    0.10837051    0.22270012    0.19954961    0.21060971    0.22030585    0.30718967    0.31055788    0.33369663    0.32238873    0.37268723    0.30525733    0.33952449    0.33295679    0.33237853    0.31055788    0.31838607    0.36270257    0.32721844
T2             0.27983878    0.16692328    0.14821946    0.12483715    0.00000000    0.09642601    0.11499396    0.22389842    0.21130123    0.22009016    0.22384804    0.30253392    0.30584628    0.33464281    0.32570174    0.36956586    0.30628250    0.32619524    0.31980158    0.31931976    0.30584628    0.32619524    0.35965795    0.33615903
T7             0.29716219    0.17447740    0.16639189    0.14016752    0.09642601    0.00000000    0.11547779    0.23643765    0.22677272    0.23599688    0.23408031    0.32721844    0.33071631    0.34495795    0.34193921    0.37582593    0.32184762    0.34615627    0.33593873    0.34980752    0.33423885    0.34253150    0.36206762    0.34437751
T8             0.27427466    0.15908902    0.14365339    0.10837051    0.11499396    0.11547779    0.00000000    0.18943399    0.18231091    0.19573611    0.19648140    0.29027608    0.29352387    0.31591718    0.30477479    0.33214341    0.27942052    0.32479191    0.31838607    0.31786874    0.30673031    0.30766058    0.32619524    0.31638737
T22            0.27266189    0.26717541    0.23432110    0.22270012    0.22389842    0.23643765    0.18943399    0.00000000    0.09204720    0.20236713    0.20265846    0.28704928    0.29027608    0.31346677    0.29393943    0.31839187    0.27228543    0.32721844    0.32916324    0.31104018    0.29027608    0.28462257    0.31591718    0.31299632
T19            0.24899852    0.25169820    0.22719871    0.19954961    0.21130123    0.22677272    0.18231091    0.09204720    0.00000000    0.17555458    0.17630408    0.27228543    0.27544093    0.29241248    0.27582739    0.30295912    0.25474780    0.30477479    0.30673031    0.29241248    0.27861650    0.27304906    0.30052063    0.28141645
T13            0.26875301    0.26054481    0.23085675    0.21060971    0.22009016    0.23599688    0.19573611    0.20236713    0.17555458    0.00000000    0.04133670    0.28722461    0.29051522    0.30965926    0.29099804    0.31546553    0.26285234    0.29051522    0.29241248    0.28817938    0.29382765    0.29482637    0.33057657    0.29666830
T12            0.26370429    0.25854537    0.23172126    0.22030585    0.22384804    0.23408031    0.19648140    0.20265846    0.17630408    0.04133670    0.00000000    0.29432150    0.29766720    0.31708697    0.29818333    0.31945595    0.26962447    0.30103547    0.30287699    0.29199655    0.29432150    0.29534227    0.33476401    0.30389877
T1             0.18210882    0.38721839    0.33323823    0.30718967    0.30253392    0.32721844    0.29027608    0.28704928    0.27228543    0.28722461    0.29432150    0.00000000    0.00200401    0.06944362    0.06060841    0.11020878    0.06262505    0.10371531    0.10338188    0.09684796    0.07818566    0.07832580    0.10824798    0.11292964
T3             0.18480471    0.39106636    0.33669969    0.31055788    0.30584628    0.33071631    0.29352387    0.29027608    0.27544093    0.29051522    0.29766720    0.00200401    0.00000000    0.07169096    0.06282092    0.11259564    0.06482780    0.10610220    0.10575177    0.09921226    0.08045338    0.08060387    0.11064631    0.11534536
T10            0.20921585    0.39885236    0.35335390    0.33369663    0.33464281    0.34495795    0.31591718    0.31346677    0.29241248    0.30965926    0.31708697    0.06944362    0.07169096    0.00000000    0.09886812    0.14127308    0.09618699    0.13963236    0.13916928    0.13242331    0.11259564    0.11281067    0.14183482    0.14489261
T16            0.18501409    0.40748033    0.33369398    0.32238873    0.32570174    0.34193921    0.30477479    0.29393943    0.27582739    0.29099804    0.29818333    0.06060841    0.06282092    0.09886812    0.00000000    0.11269933    0.06487128    0.10384131    0.11064631    0.10172283    0.08280833    0.07840650    0.11319035    0.11791116
T21            0.22009016    0.42404493    0.37675222    0.37268723    0.36956586    0.37582593    0.33214341    0.31839187    0.30295912    0.31546553    0.31945595    0.11020878    0.11259564    0.14127308    0.11269933    0.00000000    0.07578675    0.13242331    0.13445674    0.12528319    0.11281067    0.11064631    0.13711313    0.15186204
T9             0.17428800    0.37016343    0.32341607    0.30525733    0.30628250    0.32184762    0.27942052    0.27228543    0.25474780    0.26285234    0.26962447    0.06262505    0.06482780    0.09618699    0.06487128    0.07578675    0.00000000    0.08510208    0.08716578    0.07840650    0.06926264    0.06937632    0.09886812    0.10348557
T20            0.20974549    0.39239401    0.36529005    0.33952449    0.32619524    0.34615627    0.32479191    0.32721844    0.30477479    0.29051522    0.30103547    0.10371531    0.10610220    0.13963236    0.10384131    0.13242331    0.08510208    0.00000000    0.02234652    0.03497054    0.10878295    0.10667343    0.13313918    0.12760232
T11            0.21179051    0.38918592    0.35853134    0.33295679    0.31980158    0.33593873    0.31838607    0.32916324    0.30673031    0.29241248    0.30287699    0.10338188    0.10575177    0.13916928    0.11064631    0.13445674    0.08716578    0.02234652    0.00000000    0.03697526    0.11077462    0.10863803    0.13259055    0.12497807
T15            0.20462923    0.38851615    0.34825297    0.33237853    0.31931976    0.34980752    0.31786874    0.31104018    0.29241248    0.28817938    0.29199655    0.09684796    0.09921226    0.13242331    0.10172283    0.12528319    0.07840650    0.03497054    0.03697526    0.00000000    0.10186516    0.10217165    0.12811330    0.12544734
T4             0.18751522    0.38721839    0.32980059    0.31055788    0.30584628    0.33423885    0.30673031    0.29027608    0.27861650    0.29382765    0.29432150    0.07818566    0.08045338    0.11259564    0.08280833    0.11281067    0.06926264    0.10878295    0.11077462    0.10186516    0.00000000    0.01620788    0.07621618    0.10597792
T23            0.18795767    0.38851615    0.33416218    0.31838607    0.32619524    0.34253150    0.30766058    0.28462257    0.27304906    0.29482637    0.29534227    0.07832580    0.08060387    0.11281067    0.07840650    0.11064631    0.06937632    0.10667343    0.10863803    0.10217165    0.01620788    0.00000000    0.07412424    0.10623391
T14            0.18751522    0.42710043    0.38278640    0.36270257    0.35965795    0.36206762    0.32619524    0.31591718    0.30052063    0.33057657    0.33476401    0.10824798    0.11064631    0.14183482    0.11319035    0.13711313    0.09886812    0.13313918    0.13259055    0.12811330    0.07621618    0.07412424    0.00000000    0.15262591
T5             0.19648140    0.39561611    0.36730950    0.32721844    0.33615903    0.34437751    0.31638737    0.31299632    0.28141645    0.29666830    0.30389877    0.11292964    0.11534536    0.14489261    0.11791116    0.15186204    0.10348557    0.12760232    0.12497807    0.12544734    0.10597792    0.10623391    0.15262591    0.00000000

