24
T6             0.00000000    0.53991137    0.55095969    0.54381356    0.55381639    0.26843266    0.28911018    0.30872263    0.23828645    0.22938338    0.22970159    0.23762656    0.24328218    0.23966983    0.25103370    0.25745162    0.25406428    0.22242683    0.16607581    0.15392895    0.16168143    0.15908389    0.15908389    0.16168143
T12            0.53991137    0.00000000    0.01414097    0.11561467    0.11561467    0.54202264    0.52821697    0.52164251    0.47456212    0.52383494    0.52491837    0.48624990    0.50182628    0.46458978    0.48766757    0.49742347    0.49211292    0.59567841    0.58262553    0.53991137    0.59178523    0.57325860    0.57325860    0.57325860
T10            0.55095969    0.01414097    0.00000000    0.11332892    0.11332892    0.54310882    0.52917488    0.52438906    0.47544224    0.52491837    0.52602123    0.48715576    0.50276214    0.46105678    0.48845280    0.49826719    0.49291801    0.60225675    0.57852325    0.54095684    0.59310156    0.57444333    0.57444333    0.57444333
T13            0.54381356    0.11561467    0.11332892    0.00000000    0.01826969    0.53888622    0.54962690    0.54277856    0.50371646    0.52553289    0.52172617    0.50647851    0.52250326    0.45681870    0.47964029    0.48925609    0.48402713    0.58923808    0.57171583    0.54670333    0.58262553    0.57501948    0.57501948    0.57501948
T3             0.55381639    0.11561467    0.11332892    0.01826969    0.00000000    0.53888622    0.55460328    0.54765778    0.50371646    0.52553289    0.52172617    0.50647851    0.52250326    0.45542497    0.47816490    0.48766757    0.48251357    0.58923808    0.58208157    0.55670613    0.59338168    0.58554903    0.58554903    0.58554903
T19            0.26843266    0.54202264    0.54310882    0.53888622    0.53888622    0.00000000    0.09177292    0.12035308    0.18296245    0.18296245    0.18319953    0.17981902    0.18003126    0.18422384    0.20014881    0.20591326    0.20568938    0.29635732    0.25889508    0.26913290    0.27303071    0.27066120    0.27066120    0.27703138
T20            0.28911018    0.52821697    0.52917488    0.54962690    0.55460328    0.09177292    0.00000000    0.04776428    0.17713790    0.18842733    0.19093156    0.17981902    0.18003126    0.17858093    0.19940831    0.20507424    0.20214071    0.31121003    0.28556561    0.28101316    0.27859785    0.26987581    0.26987581    0.27620565
T11            0.30872263    0.52164251    0.52438906    0.54277856    0.54765778    0.12035308    0.04776428    0.00000000    0.20461913    0.21378675    0.21636265    0.20461913    0.20489993    0.20568938    0.22742863    0.23349293    0.23031902    0.33861746    0.31498897    0.30382089    0.31150818    0.30911604    0.30911604    0.31596634
T7             0.23828645    0.47456212    0.47544224    0.50371646    0.50371646    0.18296245    0.17713790    0.20461913    0.00000000    0.04994297    0.05001340    0.05200056    0.05632169    0.12266000    0.14199115    0.14983294    0.14964473    0.24128973    0.21803831    0.20518987    0.20803910    0.21090466    0.21090466    0.21668554
T14            0.22938338    0.52383494    0.52491837    0.52553289    0.52553289    0.18296245    0.18842733    0.21378675    0.04994297    0.00000000    0.00401104    0.04776428    0.05206256    0.12512316    0.14452935    0.15241706    0.15222219    0.25658289    0.21230716    0.21090466    0.20803910    0.21668554    0.21668554    0.22253406
T9             0.22970159    0.52491837    0.52602123    0.52172617    0.52172617    0.18319953    0.19093156    0.21636265    0.05001340    0.00401104    0.00000000    0.05206256    0.05638663    0.12527943    0.14470443    0.15262010    0.15241706    0.25387770    0.21258443    0.21122010    0.20834630    0.21701775    0.21701775    0.22288342
T8             0.23762656    0.48624990    0.48715576    0.50647851    0.50647851    0.17981902    0.17981902    0.20461913    0.05200056    0.04776428    0.05206256    0.00000000    0.01210015    0.12483387    0.14420349    0.15203552    0.15185706    0.25581203    0.22035302    0.20745221    0.21604907    0.21894786    0.21894786    0.22479637
T21            0.24328218    0.50182628    0.50276214    0.52250326    0.52250326    0.18003126    0.18003126    0.20489993    0.05632169    0.05206256    0.05638663    0.01210015    0.00000000    0.12962724    0.14912918    0.15702533    0.15684179    0.26163456    0.22586036    0.21287105    0.22154247    0.22446670    0.22446670    0.23036698
T15            0.23966983    0.46458978    0.46105678    0.45681870    0.45542497    0.18422384    0.17858093    0.20568938    0.12266000    0.12512316    0.12527943    0.12483387    0.12962724    0.00000000    0.02439243    0.03271187    0.03062954    0.24328218    0.20547490    0.20383177    0.20946603    0.20946603    0.20946603    0.21516452
T23            0.25103370    0.48766757    0.48845280    0.47964029    0.47816490    0.20014881    0.19940831    0.22742863    0.14199115    0.14452935    0.14470443    0.14420349    0.14912918    0.02439243    0.00000000    0.00805148    0.01010138    0.24094586    0.20591326    0.20383177    0.20946603    0.20946603    0.20946603    0.21516452
T1             0.25745162    0.49742347    0.49826719    0.48925609    0.48766757    0.20591326    0.20507424    0.23349293    0.14983294    0.15241706    0.15262010    0.15203552    0.15702533    0.03271187    0.00805148    0.00000000    0.01829779    0.25040937    0.21462187    0.20690213    0.21258443    0.21258443    0.21258443    0.21833206
T5             0.25406428    0.49211292    0.49291801    0.48402713    0.48251357    0.20568938    0.20214071    0.23031902    0.14964473    0.15222219    0.15241706    0.15185706    0.15684179    0.03062954    0.01010138    0.01829779    0.00000000    0.25003784    0.21436474    0.21803831    0.22383593    0.22383593    0.22383593    0.22970159
T16            0.22242683    0.59567841    0.60225675    0.58923808    0.58923808    0.29635732    0.31121003    0.33861746    0.24128973    0.25658289    0.25387770    0.25581203    0.26163456    0.24328218    0.24094586    0.25040937    0.25003784    0.00000000    0.10863513    0.17487553    0.18296245    0.18025224    0.18025224    0.18568742
T0             0.16607581    0.58262553    0.57852325    0.57171583    0.58208157    0.25889508    0.28556561    0.31498897    0.21803831    0.21230716    0.21258443    0.22035302    0.22586036    0.20547490    0.20591326    0.21462187    0.21436474    0.10863513    0.00000000    0.11488986    0.12213661    0.11970934    0.11970934    0.12457573
T18            0.15392895    0.53991137    0.54095684    0.54670333    0.55670613    0.26913290    0.28101316    0.30382089    0.20518987    0.21090466    0.21122010    0.20745221    0.21287105    0.20383177    0.20383177    0.20690213    0.21803831    0.17487553    0.11488986    0.00000000    0.03272600    0.03483128    0.03483128    0.03483128
T2             0.16168143    0.59178523    0.59310156    0.58262553    0.59338168    0.27303071    0.27859785    0.31150818    0.20803910    0.20803910    0.20834630    0.21604907    0.22154247    0.20946603    0.20946603    0.21258443    0.22383593    0.18296245    0.12213661    0.03272600    0.00000000    0.02648423    0.02648423    0.03066838
T22            0.15908389    0.57325860    0.57444333    0.57501948    0.58554903    0.27066120    0.26987581    0.30911604    0.21090466    0.21668554    0.21701775    0.21894786    0.22446670    0.20946603    0.20946603    0.21258443    0.22383593    0.18025224    0.11970934    0.03483128    0.02648423    0.00000000    0.00000000    0.00401609
T17            0.15908389    0.57325860    0.57444333    0.57501948    0.58554903    0.27066120    0.26987581    0.30911604    0.21090466    0.21668554    0.21701775    0.21894786    0.22446670    0.20946603    0.20946603    0.21258443    0.22383593    0.18025224    0.11970934    0.03483128    0.02648423    0.00000000    0.00000000    0.00401609
T4             0.16168143    0.57325860    0.57444333    0.57501948    0.58554903    0.27703138    0.27620565    0.31596634    0.21668554    0.22253406    0.22288342    0.22479637    0.23036698    0.21516452    0.21516452    0.21833206    0.22970159    0.18568742    0.12457573    0.03483128    0.03066838    0.00401609    0.00401609    0.00000000

