24
T4             0.00000000    0.43416568    0.44250375    0.30814335    0.35594457    0.33018688    0.25345142    0.23968281    0.23864592    0.22908736    0.27622492    0.30914269    0.26875325    0.26558770    0.26918375    0.27150882    0.29571425    0.28306591    0.27385573    0.15722297    0.16186741    0.16429830    0.11052559    0.12021218
T9             0.43416568    0.00000000    0.01826978    0.34798959    0.41413840    0.39428708    0.39121138    0.37098810    0.36473340    0.36003430    0.40076991    0.44099024    0.40275560    0.39887782    0.40731042    0.40603172    0.44369208    0.42392105    0.40864794    0.34115839    0.34321625    0.33926378    0.35853186    0.37211673
T13            0.44250375    0.01826978    0.00000000    0.34918924    0.40365124    0.39561672    0.39502990    0.37469339    0.36473340    0.36731009    0.41263402    0.45365616    0.40666371    0.40275560    0.41126494    0.40995517    0.45635793    0.43612296    0.41665216    0.34825346    0.35028618    0.34274937    0.36586108    0.37211673
T21            0.30814335    0.34798959    0.34918924    0.00000000    0.14353550    0.11305625    0.27434679    0.26019693    0.25931613    0.26165211    0.28115855    0.32884387    0.28070795    0.28070795    0.29334515    0.28350542    0.30575160    0.28958282    0.27559618    0.22354682    0.21982613    0.22243748    0.23108565    0.23335795
T18            0.35594457    0.41413840    0.40365124    0.14353550    0.00000000    0.12690660    0.33039939    0.32776820    0.32089177    0.32341653    0.35500177    0.39063894    0.35191913    0.34839670    0.35953019    0.35500177    0.36120682    0.35903936    0.35953019    0.29093242    0.29892108    0.29285845    0.30832142    0.30832142
T2             0.33018688    0.39428708    0.39561672    0.11305625    0.12690660    0.00000000    0.31003344    0.30500907    0.28869417    0.28462289    0.33969444    0.37768629    0.33316706    0.32274608    0.33615947    0.33615947    0.34218138    0.33564170    0.33369704    0.26364193    0.26260039    0.26535210    0.26875325    0.27108919
T3             0.25345142    0.39121138    0.39502990    0.27434679    0.33039939    0.31003344    0.00000000    0.02444354    0.11791121    0.11764219    0.23498858    0.27427492    0.22939624    0.22939624    0.24096033    0.23202926    0.25781638    0.24597681    0.22616268    0.16901021    0.17377252    0.17100009    0.18252198    0.18751537
T23            0.23968281    0.37098810    0.37469339    0.26019693    0.32776820    0.30500907    0.02444354    0.00000000    0.11120458    0.11091048    0.23038097    0.26962470    0.22480975    0.22480975    0.23635277    0.22155501    0.25312230    0.24130461    0.22155501    0.15926284    0.16135139    0.15861873    0.17264053    0.17756388
T0             0.23864592    0.36473340    0.36473340    0.25931613    0.32089177    0.28869417    0.11791121    0.11120458    0.00000000    0.02450701    0.20435743    0.24165879    0.19674803    0.19674803    0.20208502    0.19422960    0.22384822    0.21259529    0.18594044    0.15523058    0.15722297    0.15443983    0.16603309    0.17089768
T10            0.22908736    0.36003430    0.36731009    0.26165211    0.32341653    0.28462289    0.11764219    0.11091048    0.02450701    0.00000000    0.22094055    0.25931613    0.21317851    0.21317851    0.21864732    0.21060986    0.24096033    0.22939624    0.19648154    0.15481873    0.15169173    0.14897824    0.16289606    0.16775143
T1             0.27622492    0.40076991    0.41263402    0.28115855    0.35500177    0.33969444    0.23498858    0.23038097    0.20435743    0.22094055    0.00000000    0.04965989    0.04538922    0.04969047    0.05616782    0.04750927    0.07818569    0.06482782    0.09897552    0.19901016    0.20104727    0.19804015    0.20550016    0.21928266
T6             0.30914269    0.44099024    0.45365616    0.32884387    0.39063894    0.37768629    0.27427492    0.26962470    0.24165879    0.25931613    0.04965989    0.00000000    0.07598961    0.08052509    0.08962865    0.07818569    0.10802553    0.09633896    0.13242337    0.23900088    0.24096033    0.23764015    0.24012454    0.25470871
T22            0.26875325    0.40275560    0.40666371    0.28070795    0.35191913    0.33316706    0.22939624    0.22480975    0.19674803    0.21317851    0.04538922    0.07598961    0.00000000    0.01214644    0.02037265    0.01822273    0.05632239    0.04120117    0.08992870    0.19422960    0.19622407    0.19321266    0.19570134    0.20933539
T12            0.26558770    0.39887782    0.40275560    0.28070795    0.34839670    0.32274608    0.22939624    0.22480975    0.19674803    0.21317851    0.04969047    0.08052509    0.01214644    0.00000000    0.00805149    0.02234652    0.06073767    0.04549320    0.08992870    0.19145124    0.19345343    0.19046487    0.19288378    0.20645283
T5             0.26918375    0.40731042    0.41126494    0.29334515    0.35953019    0.33615947    0.24096033    0.23635277    0.20208502    0.21864732    0.05616782    0.08962865    0.02037265    0.00805149    0.00000000    0.03066856    0.06959901    0.05412929    0.09449482    0.19674803    0.19875397    0.19573626    0.19821480    0.21189136
T17            0.27150882    0.40603172    0.40995517    0.28350542    0.35500177    0.33615947    0.23202926    0.22155501    0.19422960    0.21060986    0.04750927    0.07818569    0.01822273    0.02234652    0.03066856    0.00000000    0.05846202    0.04330591    0.09215268    0.19674803    0.19597563    0.19298091    0.19821480    0.21189136
T15            0.29571425    0.44369208    0.45635793    0.30575160    0.36120682    0.34218138    0.25781638    0.25312230    0.22384822    0.24096033    0.07818569    0.10802553    0.05632239    0.06073767    0.06959901    0.05846202    0.00000000    0.02650463    0.12281379    0.22709247    0.22325502    0.22009036    0.22883384    0.24317420
T14            0.28306591    0.42392105    0.43612296    0.28958282    0.35903936    0.33564170    0.24597681    0.24130461    0.21259529    0.22939624    0.06482782    0.09633896    0.04120117    0.04549320    0.05412929    0.04330591    0.02650463    0.00000000    0.10837055    0.21002444    0.21204949    0.20896524    0.20645283    0.22030599
T11            0.27385573    0.40864794    0.41665216    0.27559618    0.35953019    0.33369704    0.22616268    0.22155501    0.18594044    0.19648154    0.09897552    0.13242337    0.08992870    0.08992870    0.09449482    0.09215268    0.12281379    0.10837055    0.00000000    0.19172009    0.18819241    0.18523250    0.20326838    0.20835797
T7             0.15722297    0.34115839    0.34825346    0.22354682    0.29093242    0.26364193    0.16901021    0.15926284    0.15523058    0.15481873    0.19901016    0.23900088    0.19422960    0.19145124    0.19674803    0.19674803    0.22709247    0.21002444    0.19172009    0.00000000    0.03280740    0.03488811    0.08298356    0.08760291
T8             0.16186741    0.34321625    0.35028618    0.21982613    0.29892108    0.26260039    0.17377252    0.16135139    0.15722297    0.15169173    0.20104727    0.24096033    0.19622407    0.19345343    0.19875397    0.19597563    0.22325502    0.21204949    0.18819241    0.03280740    0.00000000    0.01414100    0.08501997    0.08962865
T20            0.16429830    0.33926378    0.34274937    0.22243748    0.29285845    0.26535210    0.17100009    0.15861873    0.15443983    0.14897824    0.19804015    0.23764015    0.19321266    0.19046487    0.19573626    0.19298091    0.22009036    0.20896524    0.18523250    0.03488811    0.01414100    0.00000000    0.08723878    0.09185810
T19            0.11052559    0.35853186    0.36586108    0.23108565    0.30832142    0.26875325    0.18252198    0.17264053    0.16603309    0.16289606    0.20550016    0.24012454    0.19570134    0.19288378    0.19821480    0.19821480    0.22883384    0.20645283    0.20326838    0.08298356    0.08501997    0.08723878    0.00000000    0.02444354
T16            0.12021218    0.37211673    0.37211673    0.23335795    0.30832142    0.27108919    0.18751537    0.17756388    0.17089768    0.16775143    0.21928266    0.25470871    0.20933539    0.20645283    0.21189136    0.21189136    0.24317420    0.22030599    0.20835797    0.08760291    0.08962865    0.09185810    0.02444354    0.00000000

