24
T5             0.00000000    0.21544618    0.22153819    0.25710833    0.25710833    0.24563596    0.23966560    0.19045411    0.22383179    0.19646899    0.27898741    0.26949319    0.26949319    0.27226214    0.32271064    0.25929213    0.25348071    0.26201774    0.23006744    0.20638600    0.23031559    0.21647255    0.13170130    0.18500437
T14            0.21544618    0.00000000    0.10836701    0.27189707    0.26877198    0.26745805    0.26134162    0.17427992    0.19780988    0.18273161    0.26949319    0.25405946    0.25405946    0.26291583    0.31928586    0.26872664    0.25657678    0.26201774    0.27086647    0.24361026    0.26809353    0.25646335    0.15443277    0.20335020
T18            0.22153819    0.10836701    0.00000000    0.26601189    0.27226214    0.26777040    0.26163521    0.18024973    0.20689879    0.18618227    0.28347635    0.26750007    0.26750007    0.27660643    0.33831063    0.25427262    0.24237505    0.25387161    0.27342162    0.25157802    0.26986977    0.25507673    0.16553945    0.22122672
T11            0.25710833    0.27189707    0.26601189    0.00000000    0.03277360    0.06708770    0.06266287    0.21955803    0.25374103    0.22007597    0.29719014    0.30049058    0.30049058    0.30336557    0.33233241    0.27154275    0.26257979    0.26809353    0.30092290    0.27189707    0.27893255    0.26964413    0.18750542    0.23881421
T4             0.25710833    0.26877198    0.27226214    0.03277360    0.00000000    0.06487039    0.06046506    0.21955803    0.25374103    0.22007597    0.30049058    0.30381296    0.30381296    0.30669902    0.33233241    0.27154275    0.26257979    0.26809353    0.30169092    0.26326241    0.27644493    0.26715651    0.17981673    0.23642182
T2             0.24563596    0.26745805    0.26777040    0.06708770    0.06487039    0.00000000    0.00401609    0.21863816    0.24661872    0.22192775    0.30209230    0.30539274    0.30539274    0.30829188    0.33754103    0.27644493    0.26745805    0.27301987    0.28427602    0.26193945    0.26909858    0.26003469    0.17640377    0.22432014
T10            0.23966560    0.26134162    0.26163521    0.06266287    0.06046506    0.00401609    0.00000000    0.21302002    0.24073618    0.21624576    0.29555606    0.29881350    0.29881350    0.30169092    0.33073800    0.27023351    0.26134162    0.26686579    0.28427602    0.26193945    0.26909858    0.26003469    0.17114048    0.22432014
T20            0.19045411    0.17427992    0.18024973    0.21955803    0.21955803    0.21863816    0.21302002    0.00000000    0.05418856    0.06081121    0.13492418    0.12744265    0.12744265    0.12977115    0.24897894    0.16731178    0.15962769    0.16185986    0.22455173    0.20207140    0.21721058    0.20920297    0.12251644    0.17446900
T9             0.22383179    0.19780988    0.20689879    0.25374103    0.25374103    0.24661872    0.24073618    0.05418856    0.00000000    0.08770932    0.15721524    0.14946303    0.14946303    0.15185540    0.27541682    0.19394947    0.18867639    0.19646899    0.24985399    0.22092474    0.24832741    0.23996947    0.15203377    0.20638600
T23            0.19646899    0.18273161    0.18618227    0.22007597    0.22007597    0.22192775    0.21624576    0.06081121    0.08770932    0.00000000    0.11820599    0.11090650    0.11090650    0.11318637    0.25815375    0.18396004    0.17603477    0.17824717    0.24264187    0.20834225    0.22007597    0.21203589    0.12527813    0.18024973
T13            0.27898741    0.26949319    0.28347635    0.29719014    0.30049058    0.30209230    0.29555606    0.13492418    0.15721524    0.11820599    0.00000000    0.01010136    0.01214636    0.01212482    0.30539274    0.25040369    0.24163826    0.25003235    0.33560334    0.29712846    0.31391465    0.30474208    0.21029766    0.26830731
T12            0.26949319    0.25405946    0.26750007    0.30049058    0.30381296    0.30539274    0.29881350    0.12744265    0.14946303    0.11090650    0.01010136    0.00000000    0.00200401    0.00602717    0.29555606    0.24128466    0.23265576    0.24094096    0.32863434    0.29048363    0.30715757    0.29807510    0.20461566    0.26201774
T1             0.26949319    0.25405946    0.26750007    0.30049058    0.30381296    0.30539274    0.29881350    0.12744265    0.14946303    0.11090650    0.01214636    0.00200401    0.00000000    0.00805147    0.29555606    0.24128466    0.23265576    0.24094096    0.32863434    0.29048363    0.30715757    0.29807510    0.20461566    0.26201774
T17            0.27226214    0.26291583    0.27660643    0.30336557    0.30669902    0.30829188    0.30169092    0.12977115    0.15185540    0.11318637    0.01212482    0.00602717    0.00805147    0.00000000    0.30498051    0.23794686    0.22937905    0.23762202    0.33161440    0.29331304    0.31005485    0.30093835    0.20716907    0.26475369
T16            0.32271064    0.31928586    0.33831063    0.33233241    0.33233241    0.33754103    0.33073800    0.24897894    0.27541682    0.25815375    0.30539274    0.29555606    0.29555606    0.30498051    0.00000000    0.20689879    0.20382871    0.19549503    0.35542888    0.32863434    0.35590597    0.34622266    0.24967110    0.31491227
T7             0.25929213    0.26872664    0.25427262    0.27154275    0.27154275    0.27644493    0.27023351    0.16731178    0.19394947    0.18396004    0.25040369    0.24128466    0.24128466    0.23794686    0.20689879    0.00000000    0.01619014    0.02238858    0.28626954    0.27106310    0.29309296    0.28420201    0.18671492    0.23669738
T3             0.25348071    0.25657678    0.24237505    0.26257979    0.26257979    0.26745805    0.26134162    0.15962769    0.18867639    0.17603477    0.24163826    0.23265576    0.23265576    0.22937905    0.20382871    0.01619014    0.00000000    0.01823209    0.28027138    0.26515263    0.28702375    0.27820648    0.18148452    0.23333843
T0             0.26201774    0.26201774    0.25387161    0.26809353    0.26809353    0.27301987    0.26686579    0.16185986    0.19646899    0.17824717    0.25003235    0.24094096    0.24094096    0.23762202    0.19549503    0.02238858    0.01823209    0.00000000    0.28910418    0.27382945    0.28947477    0.28063370    0.18369692    0.23333843
T6             0.23006744    0.27086647    0.27342162    0.30092290    0.30169092    0.28427602    0.28427602    0.22455173    0.24985399    0.24264187    0.33560334    0.32863434    0.32863434    0.33161440    0.35542888    0.28626954    0.28027138    0.28910418    0.00000000    0.07379925    0.17200716    0.16185986    0.15185540    0.20663776
T19            0.20638600    0.24361026    0.25157802    0.27189707    0.26326241    0.26193945    0.26193945    0.20207140    0.22092474    0.20834225    0.29712846    0.29048363    0.29048363    0.29331304    0.32863434    0.27106310    0.26515263    0.27382945    0.07379925    0.00000000    0.14452779    0.13225875    0.12330527    0.18096462
T15            0.23031559    0.26809353    0.26986977    0.27893255    0.27644493    0.26909858    0.26909858    0.21721058    0.24832741    0.22007597    0.31391465    0.30715757    0.30715757    0.31005485    0.35590597    0.29309296    0.28702375    0.28947477    0.17200716    0.14452779    0.00000000    0.01007274    0.14436088    0.19023027
T21            0.21647255    0.25646335    0.25507673    0.26964413    0.26715651    0.26003469    0.26003469    0.20920297    0.23996947    0.21203589    0.30474208    0.29807510    0.29807510    0.30093835    0.34622266    0.28420201    0.27820648    0.28063370    0.16185986    0.13225875    0.01007274    0.00000000    0.13210750    0.18251220
T8             0.13170130    0.15443277    0.16553945    0.18750542    0.17981673    0.17640377    0.17114048    0.12251644    0.15203377    0.12527813    0.21029766    0.20461566    0.20461566    0.20716907    0.24967110    0.18671492    0.18148452    0.18369692    0.15185540    0.12330527    0.14436088    0.13210750    0.00000000    0.07849239
T22            0.18500437    0.20335020    0.22122672    0.23881421    0.23642182    0.22432014    0.22432014    0.17446900    0.20638600    0.18024973    0.26830731    0.26201774    0.26201774    0.26475369    0.31491227    0.23669738    0.23333843    0.23333843    0.20663776    0.18096462    0.19023027    0.18251220    0.07849239    0.00000000

