24
T17            0.00000000    0.34139700    0.37838588    0.38853803    0.25929596    0.27512131    0.27191591    0.27191591    0.26202158    0.27342563    0.27702876    0.32825632    0.26606113    0.26303979    0.24662081    0.24933084    0.24933084    0.24933084    0.23538347    0.20197073    0.21843398    0.22410004    0.21582265    0.24361329
T21            0.34139700    0.00000000    0.11763888    0.12251710    0.23248476    0.24771927    0.24771927    0.25374382    0.23909026    0.26777331    0.25343563    0.27644796    0.37522714    0.37165538    0.35634537    0.36299184    0.36028925    0.35594885    0.33641276    0.33037461    0.34708792    0.36028925    0.35016047    0.37884488
T23            0.37838588    0.11763888    0.00000000    0.02444339    0.26225723    0.27226573    0.27859540    0.28500624    0.26566947    0.29635462    0.28702764    0.30209652    0.37882460    0.37522714    0.35284855    0.36299184    0.38203390    0.38575178    0.36362310    0.37250858    0.39059787    0.40090610    0.39382886    0.41321337
T6             0.38853803    0.12251710    0.02444339    0.00000000    0.26777331    0.27783590    0.28420589    0.29065810    0.27120238    0.30209652    0.29270458    0.31120713    0.38890702    0.38525703    0.36258411    0.37286761    0.38473647    0.38845434    0.36987715    0.38254898    0.40090610    0.40360864    0.39651688    0.42790342
T0             0.25929596    0.23248476    0.26225723    0.26777331    0.00000000    0.04549273    0.04120082    0.04549273    0.06282002    0.08060238    0.07386978    0.17531363    0.31256070    0.30927096    0.29517973    0.30458398    0.29481092    0.28027483    0.26500992    0.25831365    0.27333247    0.28027483    0.27120238    0.30522918
T1             0.27512131    0.24771927    0.27226573    0.27783590    0.04549273    0.00000000    0.01415441    0.02241910    0.07903580    0.09029075    0.09042639    0.18451440    0.31748579    0.31412979    0.30915478    0.31882192    0.30293420    0.29391571    0.28139518    0.27120238    0.28664481    0.29963358    0.29025371    0.32235577
T9             0.27191591    0.24771927    0.27859540    0.28420589    0.04120082    0.01415441    0.00000000    0.00806470    0.07443796    0.08561770    0.08574239    0.17901955    0.32086447    0.31748579    0.30915478    0.31882192    0.30293420    0.29391571    0.28139518    0.26809656    0.28344968    0.29635462    0.28702764    0.32235577
T22            0.27191591    0.25374382    0.28500624    0.29065810    0.04549273    0.02241910    0.00806470    0.00000000    0.07903580    0.09264375    0.09042639    0.19007031    0.32769112    0.32426614    0.31588947    0.32567196    0.30960153    0.30049530    0.28782664    0.27432761    0.28986051    0.30293420    0.29350073    0.32937414
T3             0.26202158    0.23909026    0.26566947    0.27120238    0.06282002    0.07903580    0.07443796    0.07903580    0.00000000    0.05840493    0.05407517    0.16797148    0.32635974    0.32296961    0.30871968    0.31836459    0.31162990    0.30250960    0.25374382    0.27398499    0.28627314    0.29595160    0.28664481    0.31491809
T5             0.27342563    0.26777331    0.29635462    0.30209652    0.08060238    0.09029075    0.08561770    0.09264375    0.05840493    0.00000000    0.08298181    0.19170935    0.34576233    0.34226549    0.32769112    0.33761702    0.32382179    0.31791921    0.28627314    0.28556333    0.30458398    0.31455191    0.30498474    0.32718649
T11            0.27702876    0.25343563    0.28702764    0.29270458    0.07386978    0.09042639    0.08574239    0.09042639    0.05407517    0.08298181    0.00000000    0.17824887    0.33320977    0.32977302    0.31882192    0.32863986    0.31588947    0.31588947    0.27468109    0.28344968    0.29595160    0.31251078    0.30293420    0.32181542
T2             0.32825632    0.27644796    0.30209652    0.31120713    0.17531363    0.18451440    0.17901955    0.19007031    0.16797148    0.19170935    0.17824887    0.00000000    0.36469596    0.36104593    0.35347013    0.35290185    0.36271443    0.36761040    0.31748579    0.33276715    0.33320977    0.36051612    0.35025306    0.37073280
T13            0.26606113    0.37522714    0.37882460    0.38890702    0.31256070    0.31748579    0.32086447    0.32769112    0.32635974    0.34576233    0.33320977    0.36469596    0.00000000    0.00200401    0.03062953    0.03481270    0.07363068    0.16607516    0.23006935    0.21451558    0.20942169    0.23111225    0.22844464    0.24613378
T18            0.26303979    0.37165538    0.37522714    0.38525703    0.30927096    0.31412979    0.31748579    0.32426614    0.32296961    0.34226549    0.32977302    0.36104593    0.00200401    0.00000000    0.02854183    0.03271185    0.07139850    0.16348439    0.23006935    0.21727052    0.21216906    0.23395329    0.23127764    0.24908380
T4             0.24662081    0.35634537    0.35284855    0.36258411    0.29517973    0.30915478    0.30915478    0.31588947    0.30871968    0.32769112    0.31882192    0.35347013    0.03062953    0.02854183    0.00000000    0.01619015    0.06492086    0.15408851    0.22242546    0.20712601    0.20213976    0.22368612    0.22105511    0.23881642
T10            0.24933084    0.36299184    0.36299184    0.37286761    0.30458398    0.31882192    0.31882192    0.32567196    0.31836459    0.33761702    0.32863986    0.35290185    0.03481270    0.03271185    0.01619015    0.00000000    0.07379943    0.16429179    0.23084387    0.21525857    0.20784344    0.22960275    0.22695734    0.24149404
T7             0.24933084    0.36028925    0.38203390    0.38473647    0.29481092    0.30293420    0.30293420    0.30960153    0.31162990    0.32382179    0.31588947    0.36271443    0.07363068    0.07139850    0.06492086    0.07379943    0.00000000    0.14946404    0.21695692    0.20697073    0.20471058    0.22632710    0.22368612    0.23855269
T14            0.24933084    0.35594885    0.38575178    0.38845434    0.28027483    0.29391571    0.29391571    0.30049530    0.30250960    0.31791921    0.31588947    0.36761040    0.16607516    0.16348439    0.15408851    0.16429179    0.14946404    0.00000000    0.23140961    0.22050294    0.22349409    0.24613378    0.23759945    0.24985629
T20            0.23538347    0.33641276    0.36362310    0.36987715    0.26500992    0.28139518    0.28139518    0.28782664    0.25374382    0.28627314    0.27468109    0.31748579    0.23006935    0.23006935    0.22242546    0.23084387    0.21695692    0.23140961    0.00000000    0.19957842    0.19975885    0.21322105    0.20784344    0.21387779
T19            0.20197073    0.33037461    0.37250858    0.38254898    0.25831365    0.27120238    0.26809656    0.27432761    0.27398499    0.28556333    0.28344968    0.33276715    0.21451558    0.21727052    0.20712601    0.21525857    0.20697073    0.22050294    0.19957842    0.00000000    0.05395538    0.05402848    0.04756742    0.17713703
T12            0.21843398    0.34708792    0.39059787    0.40090610    0.27333247    0.28664481    0.28344968    0.28986051    0.28627314    0.30458398    0.29595160    0.33320977    0.20942169    0.21216906    0.20213976    0.20784344    0.20471058    0.22349409    0.19975885    0.05395538    0.00000000    0.04972727    0.04330554    0.17961469
T15            0.22410004    0.36028925    0.40090610    0.40360864    0.28027483    0.29963358    0.29635462    0.30293420    0.29595160    0.31455191    0.31251078    0.36051612    0.23111225    0.23395329    0.22368612    0.22960275    0.22632710    0.24613378    0.21322105    0.05402848    0.04972727    0.00000000    0.00602718    0.19045572
T16            0.21582265    0.35016047    0.39382886    0.39651688    0.27120238    0.29025371    0.28702764    0.29350073    0.28664481    0.30498474    0.30293420    0.35025306    0.22844464    0.23127764    0.22105511    0.22695734    0.22368612    0.23759945    0.20784344    0.04756742    0.04330554    0.00602718    0.00000000    0.18522381
T8             0.24361329    0.37884488    0.41321337    0.42790342    0.30522918    0.32235577    0.32235577    0.32937414    0.31491809    0.32718649    0.32181542    0.37073280    0.24613378    0.24908380    0.23881642    0.24149404    0.23855269    0.24985629    0.21387779    0.17713703    0.17961469    0.19045572    0.18522381    0.00000000

