24
T21            0.00000000    0.41807075    0.41807075    0.38463411    0.42549900    0.40206584    0.39103175    0.40073375    0.38848107    0.38782597    0.38145603    0.39626497    0.41072355    0.53213271    0.47726347    0.47461847    0.40891984    0.34378253    0.33613418    0.37839546    0.38336722    0.35434994    0.33511211    0.36105452
T1             0.41807075    0.00000000    0.00806471    0.10441620    0.15702610    0.12035355    0.12020937    0.09662062    0.10893255    0.11363499    0.11397050    0.11105112    0.13800820    0.25678750    0.24234522    0.24663871    0.20408636    0.22446851    0.22414831    0.24699093    0.25619477    0.23828845    0.23003136    0.24264813
T7             0.41807075    0.00806471    0.00000000    0.10441620    0.15702610    0.12035355    0.12020937    0.09662062    0.10893255    0.10878034    0.10909214    0.10623157    0.13294455    0.25678750    0.24234522    0.24663871    0.20408636    0.22446851    0.22414831    0.24699093    0.25619477    0.23233534    0.23003136    0.24264813
T16            0.38463411    0.10441620    0.10441620    0.00000000    0.11090793    0.08318566    0.08308041    0.06282024    0.09264442    0.09515543    0.09547047    0.08794935    0.11397050    0.24264813    0.22269087    0.22970343    0.18868063    0.19729907    0.19701490    0.23670492    0.23972644    0.22219596    0.22288540    0.23828845
T12            0.42549900    0.15702610    0.15702610    0.11090793    0.00000000    0.05632179    0.05626355    0.11950649    0.14436298    0.14453000    0.14488829    0.14183118    0.15462040    0.31006649    0.29025908    0.27821515    0.24629654    0.23530303    0.23497699    0.28585625    0.29239323    0.26163701    0.27192141    0.29066362
T3             0.40206584    0.12035355    0.12035355    0.08318566    0.05632179    0.00000000    0.01210014    0.08716466    0.10597581    0.11090793    0.11120177    0.10836827    0.12050538    0.27784071    0.25374764    0.24833396    0.20920754    0.21803989    0.22063769    0.25544421    0.25544421    0.23233534    0.23828845    0.24802327
T11            0.39103175    0.12020937    0.12020937    0.08308041    0.05626355    0.01210014    0.00000000    0.08254308    0.10585910    0.11077223    0.11105112    0.10824584    0.12035355    0.27747718    0.25343935    0.24802327    0.20895700    0.21775556    0.22035456    0.25508430    0.26125797    0.23201808    0.24396027    0.25984596
T15            0.40073375    0.09662062    0.09662062    0.06282024    0.11950649    0.08716466    0.08254308    0.00000000    0.08971996    0.09215099    0.09238336    0.08760136    0.11077223    0.24715274    0.22719006    0.22531041    0.18210300    0.20717399    0.20408636    0.23497699    0.23497699    0.21775556    0.21545155    0.23084696
T4             0.38848107    0.10893255    0.10893255    0.09264442    0.14436298    0.10597581    0.10585910    0.08971996    0.00000000    0.08782625    0.08807952    0.08538997    0.10637058    0.25711544    0.23967161    0.22676193    0.19093276    0.21668732    0.21060003    0.23299906    0.23598448    0.21863693    0.21636437    0.23171059
T6             0.38782597    0.11363499    0.10878034    0.09515543    0.14453000    0.11090793    0.11077223    0.09215099    0.08782625    0.00000000    0.00804434    0.05185466    0.07387007    0.24296111    0.22296313    0.22645230    0.18568856    0.21122180    0.19673969    0.22741002    0.24238292    0.21316860    0.21668732    0.23201808
T23            0.38145603    0.11397050    0.10909214    0.09547047    0.14488829    0.11120177    0.11105112    0.09238336    0.08807952    0.00804434    0.00000000    0.05412875    0.07630458    0.24061386    0.22063769    0.22414831    0.18344653    0.20325851    0.19171190    0.22219596    0.23707972    0.20804068    0.21154647    0.23266234
T0             0.39626497    0.11105112    0.10623157    0.08794935    0.14183118    0.10836827    0.10824584    0.08760136    0.08538997    0.05185466    0.05412875    0.00000000    0.07155246    0.24502893    0.21647682    0.21462330    0.17734388    0.20235825    0.19647346    0.23898784    0.24810773    0.21863693    0.22219596    0.23762845
T2             0.41072355    0.13800820    0.13294455    0.11397050    0.15462040    0.12050538    0.12035355    0.11077223    0.10637058    0.07387007    0.07630458    0.07155246    0.00000000    0.27505018    0.25711544    0.25853102    0.21287260    0.23071613    0.22741002    0.25970104    0.26283626    0.23863323    0.24238292    0.25816160
T9             0.53213271    0.25678750    0.25678750    0.24264813    0.31006649    0.27784071    0.27747718    0.24715274    0.25711544    0.24296111    0.24061386    0.24502893    0.27505018    0.00000000    0.09238336    0.19572889    0.15168752    0.27107248    0.25816160    0.31929803    0.32719418    0.29808616    0.28348681    0.30671027
T22            0.47726347    0.24234522    0.24234522    0.22269087    0.29025908    0.25374764    0.25343935    0.22719006    0.23967161    0.22296313    0.22063769    0.21647682    0.25711544    0.09238336    0.00000000    0.16394454    0.12202561    0.24629654    0.23405786    0.28703284    0.29434777    0.27542545    0.25202583    0.27747718
T10            0.47461847    0.24663871    0.24663871    0.22970343    0.27821515    0.24833396    0.24802327    0.22531041    0.22676193    0.22645230    0.22414831    0.21462330    0.25853102    0.19572889    0.16394454    0.00000000    0.06959801    0.25004009    0.24061386    0.29523411    0.30623419    0.28348681    0.25658537    0.28220222
T17            0.40891984    0.20408636    0.20408636    0.18868063    0.24629654    0.20920754    0.20895700    0.18210300    0.19093276    0.18568856    0.18344653    0.17734388    0.21287260    0.15168752    0.12202561    0.06959801    0.00000000    0.19369543    0.19069085    0.24328415    0.24699093    0.22938516    0.21030298    0.23435437
T5             0.34378253    0.22446851    0.22446851    0.19729907    0.23530303    0.21803989    0.21775556    0.20717399    0.21668732    0.21122180    0.20325851    0.20235825    0.23071613    0.27107248    0.24629654    0.25004009    0.19369543    0.00000000    0.03705356    0.15721798    0.15982913    0.14488829    0.12579501    0.14690767
T18            0.33613418    0.22414831    0.22414831    0.19701490    0.23497699    0.22063769    0.22035456    0.20408636    0.21060003    0.19673969    0.19171190    0.19647346    0.22741002    0.25816160    0.23405786    0.24061386    0.19069085    0.03705356    0.00000000    0.14929349    0.15185776    0.13710957    0.11576258    0.13666584
T8             0.37839546    0.24699093    0.24699093    0.23670492    0.28585625    0.25544421    0.25508430    0.23497699    0.23299906    0.22741002    0.22219596    0.23898784    0.25970104    0.31929803    0.28703284    0.29523411    0.24328415    0.15721798    0.14929349    0.00000000    0.03694550    0.04760679    0.06073693    0.07592735
T13            0.38336722    0.25619477    0.25619477    0.23972644    0.29239323    0.25544421    0.26125797    0.23497699    0.23598448    0.24238292    0.23707972    0.24810773    0.26283626    0.32719418    0.29434777    0.30623419    0.24699093    0.15982913    0.15185776    0.03694550    0.00000000    0.06073693    0.06519142    0.08045239
T20            0.35434994    0.23828845    0.23233534    0.22219596    0.26163701    0.23233534    0.23201808    0.21775556    0.21863693    0.21316860    0.20804068    0.21863693    0.23863323    0.29808616    0.27542545    0.28348681    0.22938516    0.14488829    0.13710957    0.04760679    0.06073693    0.00000000    0.04994306    0.06492106
T19            0.33511211    0.23003136    0.23003136    0.22288540    0.27192141    0.23828845    0.24396027    0.21545155    0.21636437    0.21668732    0.21154647    0.22219596    0.24238292    0.28348681    0.25202583    0.25658537    0.21030298    0.12579501    0.11576258    0.06073693    0.06519142    0.04994306    0.00000000    0.03692248
T14            0.36105452    0.24264813    0.24264813    0.23828845    0.29066362    0.24802327    0.25984596    0.23084696    0.23171059    0.23201808    0.23266234    0.23762845    0.25816160    0.30671027    0.27747718    0.28220222    0.23435437    0.14690767    0.13666584    0.07592735    0.08045239    0.06492106    0.03692248    0.00000000

