24
T19            0.00000000    0.44394515    0.46141821    0.50878600    0.50985102    0.50773961    0.50299901    0.48520767    0.46783768    0.38876960    0.39768368    0.38876960    0.17309466    0.15113326    0.15400958    0.15137782    0.12313454    0.12083223    0.13080813    0.15113326    0.14312405    0.14785685    0.14488922    0.13946767
T10            0.44394515    0.00000000    0.01214638    0.10610052    0.10383956    0.11105152    0.10383956    0.27982497    0.27066716    0.23598659    0.23829108    0.21960446    0.45778818    0.44570488    0.46236687    0.44914712    0.43459326    0.42117370    0.42950899    0.45005374    0.43372935    0.42532397    0.44308901    0.44997320
T11            0.46141821    0.01214638    0.00000000    0.11090844    0.10863596    0.11591795    0.10863596    0.27343437    0.27066716    0.22415061    0.22645512    0.20804223    0.47557201    0.46333202    0.48055525    0.46685230    0.45191500    0.43798563    0.44660850    0.47697267    0.45982827    0.44227847    0.46048603    0.46752289
T21            0.50878600    0.10610052    0.11090844    0.00000000    0.02650457    0.02859664    0.03271211    0.29923177    0.29557208    0.27860508    0.27155606    0.26437707    0.49930457    0.49873019    0.49298207    0.48372020    0.46846154    0.45430320    0.46307737    0.49401193    0.47653432    0.45430320    0.48636647    0.48447375
T12            0.50985102    0.10383956    0.10863596    0.02650457    0.00000000    0.02236444    0.03483148    0.30626864    0.30252165    0.27900088    0.26878491    0.26476552    0.49562832    0.49980034    0.48470695    0.48470695    0.47851040    0.45083447    0.45957031    0.49505970    0.47751378    0.45518330    0.49463044    0.49268867
T22            0.50773961    0.11105152    0.11591795    0.02859664    0.02236444    0.00000000    0.03694567    0.30294595    0.29923177    0.28220638    0.27505524    0.26791053    0.49830293    0.50241879    0.48733925    0.48733925    0.47200830    0.46660102    0.47557201    0.49767816    0.48011861    0.46660102    0.49664421    0.48541131
T17            0.50299901    0.10383956    0.10863596    0.03271211    0.03483148    0.03694567    0.00000000    0.29964521    0.29596340    0.27265087    0.26878491    0.25853424    0.48636647    0.48832968    0.48275093    0.47369872    0.46307737    0.44912803    0.45778818    0.48832968    0.47106639    0.45343936    0.48541131    0.48355379
T9             0.48520767    0.27982497    0.27343437    0.29923177    0.30626864    0.30294595    0.29964521    0.00000000    0.04133635    0.17064843    0.17825231    0.15222414    0.45607968    0.43121626    0.45191500    0.43459326    0.39990763    0.41948431    0.41535118    0.44846331    0.43209277    0.41535118    0.44570488    0.43288081
T4             0.46783768    0.27066716    0.27066716    0.29557208    0.30252165    0.29923177    0.29596340    0.04133635    0.00000000    0.17358742    0.17850050    0.15762756    0.45083447    0.41948431    0.43976541    0.42699590    0.39518312    0.41046200    0.41046200    0.44317910    0.42699590    0.41866060    0.41551382    0.40744755
T15            0.38876960    0.23598659    0.22415061    0.27860508    0.27900088    0.28220638    0.27265087    0.17064843    0.17358742    0.00000000    0.06081176    0.04559517    0.38211538    0.36708150    0.38169175    0.37019492    0.34737612    0.35651707    0.36023519    0.39822583    0.38314410    0.36023519    0.35042893    0.34930643
T2             0.39768368    0.23829108    0.22645512    0.27155606    0.26878491    0.27505524    0.26878491    0.17825231    0.17850050    0.06081176    0.00000000    0.05200078    0.38464128    0.37332153    0.38804709    0.37646145    0.34978037    0.36642066    0.36642066    0.40877623    0.39345924    0.37019492    0.36390830    0.35543033
T18            0.38876960    0.21960446    0.20804223    0.26437707    0.26476552    0.26791053    0.25853424    0.15222414    0.15762756    0.04559517    0.05200078    0.00000000    0.36824870    0.35716181    0.37155842    0.36023519    0.33412304    0.34310992    0.34674689    0.38389059    0.36914257    0.34310992    0.34076985    0.33967420
T5             0.17309466    0.45778818    0.47557201    0.49930457    0.49562832    0.49830293    0.48636647    0.45607968    0.45083447    0.38211538    0.38464128    0.36824870    0.00000000    0.09427922    0.09673018    0.09438268    0.11521924    0.12512447    0.12759983    0.15283283    0.14745347    0.13979984    0.15963194    0.15666923
T0             0.15113326    0.44570488    0.46333202    0.49873019    0.49980034    0.50241879    0.48832968    0.43121626    0.41948431    0.36708150    0.37332153    0.35716181    0.09427922    0.00000000    0.02875854    0.02454794    0.08329809    0.09933974    0.10651719    0.12598218    0.12579529    0.11347881    0.14016395    0.13727446
T8             0.15400958    0.46236687    0.48055525    0.49298207    0.48470695    0.48733925    0.48275093    0.45191500    0.43976541    0.38169175    0.38804709    0.37155842    0.09673018    0.02875854    0.00000000    0.00806471    0.09961986    0.10909226    0.11642770    0.13630419    0.13608409    0.12348828    0.14548646    0.14252259
T23            0.15137782    0.44914712    0.46685230    0.48372020    0.48470695    0.48733925    0.47369872    0.43459326    0.42699590    0.37019492    0.37646145    0.36023519    0.09438268    0.02454794    0.00806471    0.00000000    0.09486904    0.10426109    0.11152547    0.13121479    0.13100762    0.11853750    0.14035791    0.13744613
T20            0.12313454    0.43459326    0.45191500    0.46846154    0.47851040    0.47200830    0.46307737    0.39990763    0.39518312    0.34737612    0.34978037    0.33412304    0.11521924    0.08329809    0.09961986    0.09486904    0.00000000    0.08088164    0.08782642    0.11152547    0.10411324    0.08992737    0.11561571    0.11292822
T6             0.12083223    0.42117370    0.43798563    0.45430320    0.45083447    0.46660102    0.44912803    0.41948431    0.41046200    0.35651707    0.36642066    0.34310992    0.12512447    0.09933974    0.10909226    0.10426109    0.08088164    0.00000000    0.01007276    0.03715784    0.03284710    0.06944312    0.11820816    0.11547595
T7             0.13080813    0.42950899    0.44660850    0.46307737    0.45957031    0.47557201    0.45778818    0.41535118    0.41046200    0.36023519    0.36642066    0.34674689    0.12759983    0.10651719    0.11642770    0.11152547    0.08782642    0.01007276    0.00000000    0.04362355    0.03924387    0.07621540    0.12561606    0.12281136
T13            0.15113326    0.45005374    0.47697267    0.49401193    0.49505970    0.49767816    0.48832968    0.44846331    0.44317910    0.39822583    0.40877623    0.38389059    0.15283283    0.12598218    0.13630419    0.13121479    0.11152547    0.03715784    0.04362355    0.00000000    0.00805148    0.10172079    0.15089670    0.14527937
T3             0.14312405    0.43372935    0.45982827    0.47653432    0.47751378    0.48011861    0.47106639    0.43209277    0.42699590    0.38314410    0.39345924    0.36914257    0.14745347    0.12579529    0.13608409    0.13100762    0.10411324    0.03284710    0.03924387    0.00805148    0.00000000    0.09238359    0.14291561    0.13744613
T16            0.14785685    0.42532397    0.44227847    0.45430320    0.45518330    0.46660102    0.45343936    0.41535118    0.41866060    0.36023519    0.37019492    0.34310992    0.13979984    0.11347881    0.12348828    0.11853750    0.08992737    0.06944312    0.07621540    0.10172079    0.09238359    0.00000000    0.14252259    0.13962975
T1             0.14488922    0.44308901    0.46048603    0.48636647    0.49463044    0.49664421    0.48541131    0.44570488    0.41551382    0.35042893    0.36390830    0.34076985    0.15963194    0.14016395    0.14548646    0.14035791    0.11561571    0.11820816    0.12561606    0.15089670    0.14291561    0.14252259    0.00000000    0.03694567
T14            0.13946767    0.44997320    0.46752289    0.48447375    0.49268867    0.48541131    0.48355379    0.43288081    0.40744755    0.34930643    0.35543033    0.33967420    0.15666923    0.13727446    0.14252259    0.13744613    0.11292822    0.11547595    0.12281136    0.14527937    0.13744613    0.13962975    0.03694567    0.00000000

