24
T14            0.00000000    0.24278697    0.24240299    0.24975967    0.22155977    0.23532018    0.23235187    0.23797080    0.30497684    0.29980952    0.24399782    0.24442102    0.24529670    0.23372011    0.24737301    0.24433243    0.26559500    0.28442571    0.28489797    0.26415382    0.20081397    0.14378111    0.17393768    0.16853789
T9             0.24278697    0.00000000    0.09909110    0.11890222    0.12266475    0.14153917    0.14405847    0.14420944    0.27838042    0.27330111    0.22811414    0.22550379    0.22921670    0.21546552    0.24433243    0.24131025    0.25546450    0.26127915    0.27194681    0.24933700    0.30719919    0.27305636    0.30526727    0.28503675
T21            0.24240299    0.09909110    0.00000000    0.07858964    0.10371628    0.13890234    0.13641441    0.12912976    0.26518476    0.26644669    0.21606559    0.21348862    0.21189633    0.20384461    0.24330172    0.24030673    0.25204487    0.26165877    0.27305636    0.25043221    0.28463029    0.25105318    0.31300598    0.27435305
T8             0.24975967    0.11890222    0.07858964    0.00000000    0.13295035    0.15204274    0.14947156    0.14965189    0.28029115    0.29187427    0.22660814    0.22400897    0.22479310    0.20520492    0.26055636    0.25742034    0.26963271    0.28210089    0.28723366    0.26415382    0.31495901    0.27705934    0.34254490    0.29811480
T19            0.22155977    0.12266475    0.10371628    0.13295035    0.00000000    0.12679211    0.12924343    0.13183457    0.25893234    0.27283917    0.20463326    0.20208887    0.20836244    0.19827212    0.21179436    0.20896875    0.22065189    0.22909205    0.24900433    0.22481487    0.28142391    0.25105318    0.29068910    0.25953761
T1             0.23532018    0.14153917    0.13890234    0.15204274    0.12679211    0.00000000    0.02034026    0.05621278    0.28066457    0.29153298    0.21983000    0.21722824    0.22940109    0.21626122    0.24475324    0.24178499    0.25044354    0.25922079    0.27192643    0.24934610    0.30629155    0.26055115    0.31932982    0.28347718
T20            0.23235187    0.14405847    0.13641441    0.14947156    0.12924343    0.02034026    0.00000000    0.05402925    0.28705685    0.29811480    0.22559536    0.22297703    0.23532018    0.21909480    0.25376531    0.25074319    0.25345654    0.26845492    0.27507224    0.25855203    0.30543025    0.25986496    0.32180432    0.27960820
T15            0.23797080    0.14420944    0.12912976    0.14965189    0.13183457    0.05621278    0.05402925    0.00000000    0.27157129    0.27583475    0.21722824    0.21463603    0.22677773    0.21085327    0.25044354    0.24744860    0.26227991    0.26503280    0.28347718    0.25441400    0.31254703    0.26639702    0.31981190    0.28385049
T2             0.30497684    0.27838042    0.26518476    0.28029115    0.25893234    0.28066457    0.28705685    0.27157129    0.00000000    0.05194598    0.19228822    0.18701108    0.18759711    0.17778936    0.28307394    0.27984681    0.30576147    0.30526727    0.30815303    0.29005249    0.39129654    0.33779878    0.38669114    0.34989551
T4             0.29980952    0.27330111    0.26644669    0.29187427    0.27283917    0.29153298    0.29811480    0.27583475    0.05194598    0.00000000    0.19886847    0.19352279    0.19419255    0.18397557    0.30002404    0.29667803    0.32002034    0.32058486    0.31892644    0.30731242    0.38956048    0.33953779    0.38491369    0.34800244
T22            0.24399782    0.22811414    0.21606559    0.22660814    0.20463326    0.21983000    0.22559536    0.21722824    0.19228822    0.19886847    0.00000000    0.00401105    0.04349217    0.03485663    0.20947995    0.20665433    0.22124763    0.23797080    0.24063129    0.22124763    0.32240040    0.27428257    0.32534507    0.29526252
T16            0.24442102    0.22550379    0.21348862    0.22400897    0.20208887    0.21722824    0.22297703    0.21463603    0.18701108    0.19352279    0.00401105    0.00000000    0.03924442    0.03272621    0.20691593    0.20409828    0.21865190    0.23532018    0.23499365    0.21576086    0.31600560    0.26834056    0.32240040    0.29242142
T6             0.24529670    0.22921670    0.21189633    0.22479310    0.20836244    0.22940109    0.23532018    0.22677773    0.18759711    0.19419255    0.04349217    0.03924442    0.00000000    0.03483154    0.22188138    0.21896502    0.23109134    0.25120673    0.25081444    0.23408638    0.31019868    0.26919154    0.32351864    0.30002404
T13            0.23372011    0.21546552    0.20384461    0.20520492    0.19827212    0.21626122    0.21909480    0.21085327    0.17778936    0.18397557    0.03485663    0.03272621    0.03483154    0.00000000    0.20872723    0.20592540    0.21805398    0.23999217    0.23672812    0.22036834    0.30719919    0.25747315    0.31347668    0.28423487
T0             0.24737301    0.24433243    0.24330172    0.26055636    0.21179436    0.24475324    0.25376531    0.25044354    0.28307394    0.30002404    0.20947995    0.20691593    0.22188138    0.20872723    0.00000000    0.00200401    0.05412952    0.06288740    0.11534649    0.10597889    0.32227418    0.28745156    0.32030587    0.28745156
T18            0.24433243    0.24131025    0.24030673    0.25742034    0.20896875    0.24178499    0.25074319    0.24744860    0.27984681    0.29667803    0.20665433    0.20409828    0.21896502    0.20592540    0.00200401    0.00000000    0.05194598    0.06066994    0.11293070    0.10359764    0.31885966    0.28423487    0.31687961    0.28423487
T10            0.26559500    0.25546450    0.25204487    0.26963271    0.22065189    0.25044354    0.25345654    0.26227991    0.30576147    0.32002034    0.22124763    0.21865190    0.23109134    0.21805398    0.05412952    0.05194598    0.00000000    0.06296039    0.12497943    0.12281516    0.34989551    0.30673959    0.35046456    0.31592691
T3             0.28442571    0.26127915    0.26165877    0.28210089    0.22909205    0.25922079    0.26845492    0.26503280    0.30526727    0.32058486    0.23797080    0.23532018    0.25120673    0.23999217    0.06288740    0.06066994    0.06296039    0.00000000    0.14234311    0.13510524    0.36146001    0.31981190    0.36085075    0.32571220
T12            0.28489797    0.27194681    0.27305636    0.28723366    0.24900433    0.27192643    0.27507224    0.28347718    0.30815303    0.31892644    0.24063129    0.23499365    0.25081444    0.23672812    0.11534649    0.11293070    0.12497943    0.14234311    0.00000000    0.04966000    0.38350938    0.32722971    0.37160764    0.33537251
T23            0.26415382    0.24933700    0.25043221    0.26415382    0.22481487    0.24934610    0.25855203    0.25441400    0.29005249    0.30731242    0.22124763    0.21576086    0.23408638    0.22036834    0.10597889    0.10359764    0.12281516    0.13510524    0.04966000    0.00000000    0.37473684    0.31547648    0.34678828    0.30864721
T5             0.20081397    0.30719919    0.28463029    0.31495901    0.28142391    0.30629155    0.30543025    0.31254703    0.39129654    0.38956048    0.32240040    0.31600560    0.31019868    0.30719919    0.32227418    0.31885966    0.34989551    0.36146001    0.38350938    0.37473684    0.00000000    0.12690771    0.23142803    0.20548629
T11            0.14378111    0.27305636    0.25105318    0.27705934    0.25105318    0.26055115    0.25986496    0.26639702    0.33779878    0.33953779    0.27428257    0.26834056    0.26919154    0.25747315    0.28745156    0.28423487    0.30673959    0.31981190    0.32722971    0.31547648    0.12690771    0.00000000    0.18962474    0.16078448
T17            0.17393768    0.30526727    0.31300598    0.34254490    0.29068910    0.31932982    0.32180432    0.31981190    0.38669114    0.38491369    0.32534507    0.32240040    0.32351864    0.31347668    0.32030587    0.31687961    0.35046456    0.36085075    0.37160764    0.34678828    0.23142803    0.18962474    0.00000000    0.08494550
T7             0.16853789    0.28503675    0.27435305    0.29811480    0.25953761    0.28347718    0.27960820    0.28385049    0.34989551    0.34800244    0.29526252    0.29242142    0.30002404    0.28423487    0.28745156    0.28423487    0.31592691    0.32571220    0.33537251    0.30864721    0.20548629    0.16078448    0.08494550    0.00000000

