24
T6             0.00000000    0.23002814    0.22707810    0.21604790    0.21347103    0.21121876    0.23112266    0.21347103    0.24395681    0.24932380    0.28420700    0.19045624    0.18545110    0.19874410    0.19045624    0.18296181    0.18545110    0.26125409    0.21894662    0.18190889    0.31206581    0.29922116    0.12729680    0.15943896
T10            0.23002814    0.00000000    0.01210941    0.14592269    0.13842126    0.13630263    0.16602454    0.13934345    0.19820213    0.20325558    0.24200551    0.25078917    0.24849559    0.27834779    0.25698163    0.24810355    0.25698163    0.27620396    0.24663528    0.24502643    0.34015682    0.32934423    0.25003631    0.27939909
T2             0.22707810    0.01210941    0.00000000    0.14592269    0.13842126    0.13630263    0.16870563    0.13934345    0.20104320    0.20611289    0.24200551    0.25078917    0.25158224    0.28159481    0.26010686    0.25118069    0.26010686    0.27620396    0.24663528    0.24502643    0.34719981    0.33621776    0.24698732    0.27620396
T16            0.21604790    0.14592269    0.14592269    0.00000000    0.00602718    0.01210014    0.11521771    0.09250971    0.20677425    0.21187697    0.24810355    0.23563552    0.23934838    0.25929646    0.24772147    0.23299569    0.24164197    0.28348158    0.24361393    0.23614996    0.34366592    0.33276918    0.23795037    0.26673929
T15            0.21347103    0.13842126    0.13842126    0.00602718    0.00000000    0.00602413    0.10813049    0.08561772    0.20423643    0.20932107    0.24542789    0.23299569    0.23670104    0.25658104    0.24504523    0.23036554    0.23898415    0.28719951    0.24698732    0.23937515    0.34770388    0.33667219    0.23529986    0.26399145
T3             0.21121876    0.13630263    0.13630263    0.01210014    0.00602413    0.00000000    0.10597528    0.08354303    0.20205305    0.20711845    0.24315517    0.23071257    0.23443860    0.25427689    0.24276212    0.22809281    0.23670104    0.28486306    0.24467248    0.23700541    0.34517855    0.33413402    0.23299569    0.26163293
T14            0.23112266    0.16602454    0.16870563    0.11521771    0.10813049    0.10597528    0.00000000    0.07403149    0.22219268    0.22740678    0.25815790    0.26088565    0.25852712    0.28542373    0.26711668    0.25202246    0.26088565    0.32077106    0.28500716    0.25831516    0.35591387    0.34836885    0.24802062    0.27398633
T18            0.21347103    0.13934345    0.13934345    0.09250971    0.08561772    0.08354303    0.07403149    0.00000000    0.19633838    0.20137093    0.23707566    0.23670104    0.23443860    0.26368224    0.24276212    0.23406340    0.24276212    0.28719951    0.26325176    0.24295821    0.34517855    0.33413402    0.23002814    0.24629330
T13            0.24395681    0.19820213    0.20104320    0.20677425    0.20423643    0.20205305    0.22219268    0.19633838    0.00000000    0.00804434    0.06050586    0.26831197    0.26283157    0.29331875    0.26831197    0.25003631    0.25890664    0.30094415    0.26475815    0.26225844    0.38593597    0.37409940    0.26750460    0.28782763
T5             0.24932380    0.20325558    0.20611289    0.21187697    0.20932107    0.20711845    0.22740678    0.20137093    0.00804434    0.00000000    0.06043154    0.26202213    0.25658104    0.28673918    0.26202213    0.24395681    0.25273331    0.30005985    0.26399145    0.26163926    0.38854023    0.37671732    0.26673929    0.28702882
T12            0.28420700    0.24200551    0.24200551    0.24810355    0.24542789    0.24315517    0.25815790    0.23707566    0.06050586    0.06043154    0.00000000    0.30427776    0.29854027    0.33068427    0.30427776    0.28500716    0.28867075    0.34822072    0.30625792    0.30419660    0.43266928    0.42790624    0.30005985    0.32567322
T17            0.19045624    0.25078917    0.25078917    0.23563552    0.23299569    0.23071257    0.26088565    0.23670104    0.26831197    0.26202213    0.30427776    0.00000000    0.07640068    0.09215055    0.08078112    0.07403149    0.08078112    0.25237279    0.21863412    0.19177470    0.31079785    0.30788617    0.19673743    0.22970038
T8             0.18545110    0.24849559    0.25158224    0.23934838    0.23670104    0.23443860    0.25852712    0.23443860    0.26283157    0.25658104    0.29854027    0.07640068    0.00000000    0.03483129    0.01617872    0.03077460    0.03710239    0.26475815    0.22154126    0.19213733    0.31163136    0.30872105    0.20011359    0.23334192
T11            0.19874410    0.27834779    0.28159481    0.25929646    0.25658104    0.25427689    0.28542373    0.26368224    0.29331875    0.28673918    0.33068427    0.09215055    0.03483129    0.00000000    0.03694548    0.05412862    0.06066880    0.28542373    0.23265914    0.20826040    0.33461382    0.33162137    0.21668417    0.25078917
T0             0.19045624    0.25698163    0.26010686    0.24772147    0.24504523    0.24276212    0.26711668    0.24276212    0.26831197    0.26202213    0.30427776    0.08078112    0.01617872    0.03694548    0.00000000    0.03492580    0.04128457    0.27342636    0.22970038    0.19994960    0.32426774    0.32131086    0.20235575    0.23563552
T20            0.18296181    0.24810355    0.25118069    0.23299569    0.23036554    0.22809281    0.25202246    0.23406340    0.25003631    0.24395681    0.28500716    0.07403149    0.03077460    0.05412862    0.03492580    0.00000000    0.00602718    0.26750460    0.22122975    0.18924861    0.32131086    0.31836601    0.19982164    0.23299569
T21            0.18545110    0.25698163    0.26010686    0.24164197    0.23898415    0.23670104    0.26088565    0.24276212    0.25890664    0.25273331    0.28867075    0.08078112    0.03710239    0.06066880    0.04128457    0.00602718    0.00000000    0.27661131    0.22970038    0.19720975    0.32426774    0.32131086    0.20803793    0.24164197
T7             0.26125409    0.27620396    0.27620396    0.28348158    0.28719951    0.28486306    0.32077106    0.28719951    0.30094415    0.30005985    0.34822072    0.25237279    0.26475815    0.28542373    0.27342636    0.26750460    0.27661131    0.00000000    0.13566553    0.17734247    0.30474812    0.29434287    0.26873137    0.29478020
T9             0.21894662    0.24663528    0.24663528    0.24361393    0.24698732    0.24467248    0.28500716    0.26325176    0.26475815    0.26399145    0.30625792    0.21863412    0.22154126    0.23265914    0.22970038    0.22122975    0.22970038    0.13566553    0.00000000    0.13727249    0.24596140    0.23435173    0.22881695    0.25658104
T22            0.18190889    0.24502643    0.24502643    0.23614996    0.23937515    0.23700541    0.25831516    0.24295821    0.26225844    0.26163926    0.30419660    0.19177470    0.19213733    0.20826040    0.19994960    0.18924861    0.19720975    0.17734247    0.13727249    0.00000000    0.21365026    0.20547475    0.20638851    0.24205006
T4             0.31206581    0.34015682    0.34719981    0.34366592    0.34770388    0.34517855    0.35591387    0.34517855    0.38593597    0.38854023    0.43266928    0.31079785    0.31163136    0.33461382    0.32426774    0.32131086    0.32426774    0.30474812    0.24596140    0.21365026    0.00000000    0.01623164    0.31589069    0.34112775
T19            0.29922116    0.32934423    0.33621776    0.33276918    0.33667219    0.33413402    0.34836885    0.33413402    0.37409940    0.37671732    0.42790624    0.30788617    0.30872105    0.33162137    0.32131086    0.31836601    0.32131086    0.29434287    0.23435173    0.20547475    0.01623164    0.00000000    0.30960269    0.33461382
T23            0.12729680    0.25003631    0.24698732    0.23795037    0.23529986    0.23299569    0.24802062    0.23002814    0.26750460    0.26673929    0.30005985    0.19673743    0.20011359    0.21668417    0.20235575    0.19982164    0.20803793    0.26873137    0.22881695    0.20638851    0.31589069    0.30960269    0.00000000    0.04760672
T1             0.15943896    0.27939909    0.27620396    0.26673929    0.26399145    0.26163293    0.27398633    0.24629330    0.28782763    0.28702882    0.32567322    0.22970038    0.23334192    0.25078917    0.23563552    0.23299569    0.24164197    0.29478020    0.25658104    0.24205006    0.34112775    0.33461382    0.04760672    0.00000000

