24
T13            0.00000000    0.37955770    0.43038980    0.39879132    0.39422849    0.38716259    0.43376953    0.39422849    0.40530577    0.39422849    0.42397601    0.43978252    0.40858472    0.30005230    0.31296168    0.25815237    0.26088002    0.26986826    0.26436373    0.26532988    0.29065213    0.27226061    0.27226061    0.28100538
T15            0.37955770    0.00000000    0.14785299    0.11790663    0.12948855    0.13680360    0.15203332    0.12483248    0.11547352    0.11534131    0.12251615    0.25472601    0.22323858    0.35040474    0.38483344    0.31343127    0.31296168    0.31343127    0.31343127    0.31588226    0.34491084    0.33419591    0.33419591    0.34623986
T7             0.43038980    0.14785299    0.00000000    0.05867032    0.07168943    0.09672850    0.13800529    0.11396833    0.10893071    0.10666889    0.11104937    0.31358464    0.27556533    0.39371505    0.43972640    0.35280223    0.35218386    0.36264897    0.35524125    0.37397049    0.38069986    0.37153147    0.37153147    0.39193906
T1             0.39879132    0.11790663    0.05867032    0.00000000    0.04538879    0.07379914    0.11332759    0.08528552    0.07849228    0.07630380    0.08981888    0.27424634    0.24466740    0.36388201    0.40715310    0.31683271    0.31635159    0.32270843    0.31588226    0.33664690    0.34975668    0.34131362    0.34131362    0.36449047
T16            0.39422849    0.12948855    0.07168943    0.04538879    0.00000000    0.07802781    0.12238148    0.09409249    0.08954094    0.08731687    0.09401096    0.29390953    0.26361808    0.38079466    0.42947190    0.32912449    0.33210435    0.34213898    0.33509646    0.35652877    0.36264897    0.34433148    0.34433148    0.37763127
T0             0.38716259    0.13680360    0.09672850    0.07379914    0.07802781    0.00000000    0.13210716    0.10574864    0.09876544    0.09651783    0.10802230    0.29193172    0.26162717    0.37763127    0.41944916    0.32962909    0.32912449    0.33912215    0.32863204    0.35346035    0.37850638    0.36950618    0.36950618    0.38208632
T6             0.43376953    0.15203332    0.13800529    0.11332759    0.12238148    0.13210716    0.00000000    0.08740418    0.07832408    0.07613191    0.08962635    0.31005282    0.28541686    0.40741413    0.44135414    0.35711009    0.35770431    0.37072191    0.36328666    0.37576941    0.40874304    0.39912057    0.39912057    0.41217833
T12            0.39422849    0.12483248    0.11396833    0.08528552    0.09409249    0.10574864    0.08740418    0.00000000    0.03069734    0.02862748    0.06937503    0.27226061    0.24595647    0.38079466    0.40487606    0.33611775    0.33210435    0.34928211    0.34213898    0.34569779    0.37397049    0.36885745    0.36885745    0.38143366
T14            0.40530577    0.11547352    0.10893071    0.07849228    0.08954094    0.09876544    0.07832408    0.03069734    0.00000000    0.00602717    0.06055307    0.26326098    0.23434730    0.38526519    0.40965309    0.32962909    0.33260889    0.34266834    0.33560094    0.33560094    0.36705520    0.35831141    0.35831141    0.37072191
T19            0.39422849    0.11534131    0.10666889    0.07630380    0.08731687    0.09651783    0.07613191    0.02862748    0.00602717    0.00000000    0.06060739    0.26361808    0.23465346    0.38208632    0.40637970    0.32666143    0.32962909    0.33965141    0.33260889    0.33260889    0.36395538    0.35524125    0.35524125    0.36759958
T18            0.42397601    0.12251615    0.11104937    0.08981888    0.09401096    0.10802230    0.08962635    0.06937503    0.06055307    0.06060739    0.00000000    0.27898579    0.25472601    0.39555555    0.42447439    0.34266834    0.34569779    0.35596036    0.34873986    0.36328666    0.38095735    0.37958632    0.37958632    0.39233392
T4             0.43978252    0.25472601    0.31358464    0.27424634    0.29390953    0.29193172    0.31005282    0.27226061    0.26326098    0.26361808    0.27898579    0.00000000    0.05189635    0.45602870    0.47910534    0.38273345    0.37206675    0.38912652    0.38532413    0.40858472    0.43457405    0.42624028    0.42212491    0.43144875
T9             0.40858472    0.22323858    0.27556533    0.24466740    0.26361808    0.26162717    0.28541686    0.24595647    0.23434730    0.23465346    0.25472601    0.05189635    0.00000000    0.40927415    0.43457405    0.34465155    0.33460436    0.35433276    0.34718963    0.38016934    0.40889226    0.40089187    0.39693917    0.40599404
T3             0.30005230    0.35040474    0.39371505    0.36388201    0.38079466    0.37763127    0.40741413    0.38079466    0.38526519    0.38208632    0.39555555    0.45602870    0.40927415    0.00000000    0.06937503    0.20153428    0.20461481    0.20153428    0.20434331    0.22268482    0.23794571    0.22675479    0.23265464    0.23140608
T11            0.31296168    0.38483344    0.43972640    0.40715310    0.42947190    0.41944916    0.44135414    0.40487606    0.40965309    0.40637970    0.42447439    0.47910534    0.43457405    0.06937503    0.00000000    0.21544524    0.21286634    0.21544524    0.21832713    0.22820290    0.24966981    0.23232787    0.23828040    0.23700089
T17            0.25815237    0.31343127    0.35280223    0.31683271    0.32912449    0.32962909    0.35711009    0.33611775    0.32962909    0.32666143    0.34266834    0.38273345    0.34465155    0.20153428    0.21544524    0.00000000    0.02855363    0.03694538    0.03062950    0.13653205    0.16508900    0.15501210    0.15501210    0.15943698
T23            0.26088002    0.31296168    0.35218386    0.31635159    0.33210435    0.32912449    0.35770431    0.33210435    0.33260889    0.32962909    0.34569779    0.37206675    0.33460436    0.20461481    0.21286634    0.02855363    0.00000000    0.04116869    0.03481266    0.14643384    0.17285559    0.16530976    0.16530976    0.16975431
T21            0.26986826    0.31343127    0.36264897    0.32270843    0.34213898    0.33912215    0.37072191    0.34928211    0.34266834    0.33965141    0.35596036    0.38912652    0.35433276    0.20153428    0.21544524    0.03694538    0.04116869    0.00000000    0.01826965    0.14629321    0.17531147    0.16508900    0.16508900    0.16955339
T20            0.26436373    0.31343127    0.35524125    0.31588226    0.33509646    0.32863204    0.36328666    0.34213898    0.33560094    0.33260889    0.34873986    0.38532413    0.34718963    0.20434331    0.21832713    0.03062950    0.03481266    0.01826965    0.00000000    0.14882488    0.17800692    0.16508900    0.16508900    0.17220594
T2             0.26532988    0.31588226    0.37397049    0.33664690    0.35652877    0.35346035    0.37576941    0.34569779    0.33560094    0.33260889    0.36328666    0.40858472    0.38016934    0.22268482    0.22820290    0.13653205    0.14643384    0.14629321    0.14882488    0.00000000    0.07818416    0.06708761    0.06708761    0.07144247
T5             0.29065213    0.34491084    0.38069986    0.34975668    0.36264897    0.37850638    0.40874304    0.37397049    0.36705520    0.36395538    0.38095735    0.43457405    0.40889226    0.23794571    0.24966981    0.16508900    0.17285559    0.17531147    0.17800692    0.07818416    0.00000000    0.04765244    0.04765244    0.06055307
T10            0.27226061    0.33419591    0.37153147    0.34131362    0.34433148    0.36950618    0.39912057    0.36885745    0.35831141    0.35524125    0.37958632    0.42624028    0.40089187    0.22675479    0.23232787    0.15501210    0.16530976    0.16508900    0.16508900    0.06708761    0.04765244    0.00000000    0.00401609    0.04972714
T8             0.27226061    0.33419591    0.37153147    0.34131362    0.34433148    0.36950618    0.39912057    0.36885745    0.35831141    0.35524125    0.37958632    0.42212491    0.39693917    0.23265464    0.23828040    0.15501210    0.16530976    0.16508900    0.16508900    0.06708761    0.04765244    0.00401609    0.00000000    0.04972714
T22            0.28100538    0.34623986    0.39193906    0.36449047    0.37763127    0.38208632    0.41217833    0.38143366    0.37072191    0.36759958    0.39233392    0.43144875    0.40599404    0.23140608    0.23700089    0.15943698    0.16975431    0.16955339    0.17220594    0.07144247    0.06055307    0.04972714    0.04972714    0.00000000

