24
T20            0.00000000    0.21230885    0.23334577    0.19596823    0.19826169    0.18172605    0.19527806    0.18981309    0.18691326    0.18440722    0.22719032    0.21365194    0.33913933    0.28207527    0.27958786    0.21388052    0.20848431    0.20235847    0.20207649    0.16467626    0.13417823    0.11499190    0.11471016    0.09375960
T22            0.21230885    0.00000000    0.05432917    0.09897371    0.10585915    0.19320555    0.20434908    0.19874626    0.19849942    0.19596823    0.24802358    0.21671365    0.34466859    0.28490331    0.28175827    0.24094818    0.23233562    0.22361267    0.22621221    0.20774283    0.19900221    0.18320084    0.22479852    0.19673990
T23            0.23334577    0.05432917    0.00000000    0.12348817    0.12810966    0.21636462    0.22513775    0.21927192    0.21894986    0.21636462    0.27107288    0.24735353    0.35042407    0.30916153    0.31929859    0.26412873    0.25511461    0.23427105    0.23689662    0.22958362    0.22845417    0.21188057    0.25199891    0.21668758
T7             0.19596823    0.09897371    0.12348817    0.00000000    0.08060276    0.17923616    0.19549902    0.19001906    0.19253811    0.19001906    0.22743032    0.20547624    0.30459006    0.27244015    0.27552693    0.23563917    0.22708145    0.20677786    0.20932468    0.18273535    0.19297402    0.18818545    0.21258617    0.19069103
T5             0.19826169    0.10585915    0.12810966    0.08060276    0.00000000    0.18691326    0.20057640    0.19506625    0.19760355    0.19506625    0.23615233    0.21908321    0.32131650    0.29125339    0.29125339    0.23731357    0.22877800    0.21701984    0.21960336    0.19320555    0.20639059    0.17734404    0.22353680    0.19572908
T21            0.18172605    0.19320555    0.21636462    0.17923616    0.18691326    0.00000000    0.02660332    0.02241914    0.03910274    0.03701107    0.16955704    0.15702622    0.25168585    0.22479808    0.23405814    0.21489018    0.20664253    0.21545179    0.22383790    0.18479879    0.19233378    0.17146370    0.21129355    0.16868096
T14            0.19527806    0.20434908    0.22513775    0.19549902    0.20057640    0.02660332    0.00000000    0.00401609    0.04554070    0.04343525    0.17755781    0.16488035    0.25473500    0.23349480    0.24296142    0.21489018    0.20946766    0.22708145    0.23563917    0.20128519    0.20057640    0.17942199    0.21411867    0.17923616
T10            0.18981309    0.19874626    0.21927192    0.19001906    0.19506625    0.02241914    0.00401609    0.00000000    0.04123953    0.03914331    0.17220976    0.15963058    0.24865518    0.22768021    0.23700831    0.22063794    0.21516628    0.22123280    0.22970371    0.19572908    0.19506625    0.17410241    0.21129355    0.17393070
T11            0.18691326    0.19849942    0.21894986    0.19253811    0.19760355    0.03910274    0.04554070    0.04123953    0.00000000    0.00200301    0.16488035    0.15241797    0.26202679    0.22269112    0.23201836    0.22676220    0.21833394    0.23036922    0.23898815    0.20383327    0.20312892    0.18191015    0.22479808    0.18138470
T12            0.18440722    0.19596823    0.21636462    0.19001906    0.19506625    0.03701107    0.04343525    0.03914331    0.00200301    0.00000000    0.16731498    0.15481393    0.26476280    0.22531067    0.23466105    0.22414857    0.21574671    0.22774872    0.23634015    0.20128519    0.20057640    0.17942199    0.22217564    0.17889113
T8             0.22719032    0.24802358    0.27107288    0.22743032    0.23615233    0.16955704    0.17755781    0.17220976    0.16488035    0.16731498    0.00000000    0.05425571    0.26399567    0.20507550    0.21106337    0.25508464    0.24629686    0.26516202    0.26399567    0.23937783    0.23855605    0.23057905    0.25889736    0.21322355
T15            0.21365194    0.21671365    0.24735353    0.20547624    0.21908321    0.15702622    0.16488035    0.15963058    0.15241797    0.15481393    0.05425571    0.00000000    0.24361752    0.18388727    0.18422489    0.23201836    0.22938544    0.24772581    0.24663903    0.22558159    0.22768021    0.21411867    0.23588702    0.19721093
T16            0.33913933    0.34466859    0.35042407    0.30459006    0.32131650    0.25168585    0.25473500    0.24865518    0.26202679    0.26476280    0.26399567    0.24361752    0.00000000    0.20103972    0.19874626    0.34875787    0.36021210    0.35235566    0.34822794    0.31749256    0.34367222    0.32427336    0.37641717    0.33067934
T13            0.28207527    0.28490331    0.30916153    0.27244015    0.29125339    0.22479808    0.23349480    0.22768021    0.22269112    0.22531067    0.20507550    0.18388727    0.20103972    0.00000000    0.03701107    0.31294112    0.31332757    0.31040324    0.32001760    0.29481643    0.28490331    0.28274284    0.32514555    0.28115800
T0             0.27958786    0.28175827    0.31929859    0.27552693    0.29125339    0.23405814    0.24296142    0.23700831    0.23201836    0.23466105    0.21106337    0.18422489    0.19874626    0.03701107    0.00000000    0.31372598    0.31413634    0.31792614    0.32769857    0.30210270    0.28490331    0.28274284    0.32256842    0.28175827
T4             0.21388052    0.24094818    0.26412873    0.23563917    0.23731357    0.21489018    0.21489018    0.22063794    0.22676220    0.22414857    0.25508464    0.23201836    0.34875787    0.31294112    0.31372598    0.00000000    0.01824780    0.24504958    0.24772581    0.21721563    0.24328446    0.22063794    0.26258732    0.21084270
T9             0.20848431    0.23233562    0.25511461    0.22708145    0.22877800    0.20664253    0.20946766    0.21516628    0.21833394    0.21574671    0.24629686    0.22938544    0.36021210    0.31332757    0.31413634    0.01824780    0.00000000    0.23935257    0.24200968    0.20895722    0.23700831    0.21462353    0.25374797    0.20270592
T19            0.20235847    0.22361267    0.23427105    0.20677786    0.21701984    0.21545179    0.22708145    0.22123280    0.23036922    0.22774872    0.26516202    0.24772581    0.35235566    0.31040324    0.31792614    0.24504958    0.23935257    0.00000000    0.01414097    0.11332943    0.22584462    0.20072756    0.24011073    0.19198954
T3             0.20207649    0.22621221    0.23689662    0.20932468    0.21960336    0.22383790    0.23563917    0.22970371    0.23898815    0.23634015    0.26399567    0.24663903    0.34822794    0.32001760    0.32769857    0.24772581    0.24200968    0.01414097    0.00000000    0.11561518    0.22548645    0.20041754    0.23670524    0.18618668
T1             0.16467626    0.20774283    0.22958362    0.18273535    0.19320555    0.18479879    0.20128519    0.19572908    0.20383327    0.20128519    0.23937783    0.22558159    0.31749256    0.29481643    0.30210270    0.21721563    0.20895722    0.11332943    0.11561518    0.00000000    0.18644881    0.16774559    0.20153982    0.16448062
T17            0.13417823    0.19900221    0.22845417    0.19297402    0.20639059    0.19233378    0.20057640    0.19506625    0.20312892    0.20057640    0.23855605    0.22768021    0.34367222    0.28490331    0.28490331    0.24328446    0.23700831    0.22584462    0.22548645    0.18644881    0.00000000    0.04987921    0.15392971    0.11719451
T2             0.11499190    0.18320084    0.21188057    0.18818545    0.17734404    0.17146370    0.17942199    0.17410241    0.18191015    0.17942199    0.23057905    0.21411867    0.32427336    0.28274284    0.28274284    0.22063794    0.21462353    0.20072756    0.20041754    0.16774559    0.04987921    0.00000000    0.13916607    0.10084794
T6             0.11471016    0.22479852    0.25199891    0.21258617    0.22353680    0.21129355    0.21411867    0.21129355    0.22479808    0.22217564    0.25889736    0.23588702    0.37641717    0.32514555    0.32256842    0.26258732    0.25374797    0.24011073    0.23670524    0.20153982    0.15392971    0.13916607    0.00000000    0.06735078
T18            0.09375960    0.19673990    0.21668758    0.19069103    0.19572908    0.16868096    0.17923616    0.17393070    0.18138470    0.17889113    0.21322355    0.19721093    0.33067934    0.28115800    0.28175827    0.21084270    0.20270592    0.19198954    0.18618668    0.16448062    0.11719451    0.10084794    0.06735078    0.00000000

