24
T20            0.00000000    0.25789330    0.24369940    0.27313813    0.26098323    0.27831969    0.31850995    0.33082629    0.26611327    0.27036958    0.17290083    0.15705762    0.20085292    0.18029586    0.17805464    0.18573481    0.16676592    0.16596284    0.15879098    0.15850154    0.18911795    0.17661148    0.18029586    0.18300792
T9             0.25789330    0.00000000    0.02656514    0.11593707    0.10638676    0.15810548    0.18573481    0.33085683    0.26884661    0.28548400    0.30797445    0.31031946    0.35366064    0.34757642    0.34154205    0.33430886    0.31031946    0.30108039    0.27847492    0.28879623    0.30263930    0.28512579    0.29937906    0.30278579
T10            0.24369940    0.02656514    0.00000000    0.09949083    0.09252322    0.14058949    0.16756364    0.30826392    0.24820169    0.26424206    0.28268599    0.28499865    0.32659882    0.32071711    0.32188698    0.30455614    0.28499865    0.28273515    0.26063978    0.27077010    0.28432017    0.27036958    0.28420650    0.28753376
T6             0.27313813    0.11593707    0.09949083    0.00000000    0.09488268    0.16098730    0.19427507    0.34699332    0.26294208    0.27293196    0.30743212    0.30743212    0.34935530    0.34329971    0.33729361    0.32308426    0.30978827    0.30587369    0.28648723    0.29915240    0.30306674    0.29206859    0.30334981    0.30679184
T17            0.26098323    0.10638676    0.09252322    0.09488268    0.00000000    0.15547898    0.18573481    0.32534587    0.25246532    0.26842441    0.29678481    0.29015280    0.32735477    0.32492984    0.31905057    0.31559690    0.29915240    0.28150830    0.25629139    0.26098323    0.28959262    0.27237058    0.29830787    0.30169142
T1             0.27831969    0.15810548    0.14058949    0.16098730    0.15547898    0.00000000    0.06528235    0.36350349    0.27757932    0.30013419    0.32308426    0.31507692    0.36598204    0.35737124    0.35366064    0.34269170    0.32547418    0.28638359    0.27353804    0.28074544    0.29282243    0.28997714    0.29394312    0.29728132
T7             0.31850995    0.18573481    0.16756364    0.19427507    0.18573481    0.06528235    0.00000000    0.40818016    0.31699379    0.33737778    0.36288230    0.36161833    0.40698071    0.39941391    0.39543724    0.39149202    0.35792167    0.33382088    0.31265331    0.31426490    0.33382088    0.33082629    0.33551086    0.33195885
T13            0.33082629    0.33085683    0.30826392    0.34699332    0.32534587    0.36350349    0.40818016    0.00000000    0.13713335    0.14748256    0.36350349    0.35868769    0.39838242    0.38805386    0.38167974    0.39192236    0.36721379    0.35608600    0.33527056    0.33939038    0.39462368    0.38236437    0.39077639    0.39470602
T14            0.26611327    0.26884661    0.24820169    0.26294208    0.25246532    0.27757932    0.31699379    0.13713335    0.00000000    0.05441420    0.29963765    0.30201654    0.34935530    0.35302490    0.33968327    0.34329971    0.31667199    0.28355897    0.26135413    0.27164622    0.31806154    0.30684371    0.29778901    0.30116109
T15            0.27036958    0.28548400    0.26424206    0.27293196    0.26842441    0.30013419    0.33737778    0.14748256    0.05441420    0.00000000    0.32777130    0.31959430    0.37249604    0.37635002    0.36247556    0.36247556    0.33492672    0.29362386    0.27757932    0.28794735    0.33930542    0.32788732    0.32248954    0.32604182
T12            0.17290083    0.30797445    0.28268599    0.30743212    0.29678481    0.32308426    0.36288230    0.36350349    0.29963765    0.32777130    0.00000000    0.04559802    0.10339220    0.09205610    0.09227519    0.08761147    0.07380569    0.16270479    0.14274378    0.15265386    0.16714766    0.16292830    0.18331513    0.18611104
T11            0.15705762    0.31031946    0.28499865    0.30743212    0.29015280    0.31507692    0.36161833    0.35868769    0.30201654    0.31959430    0.04559802    0.00000000    0.10320650    0.09186615    0.09205610    0.08741414    0.07368544    0.15705762    0.13729813    0.14710914    0.16939919    0.16248967    0.17717406    0.17992368
T5             0.20085292    0.35366064    0.32659882    0.34935530    0.32735477    0.36598204    0.40698071    0.39838242    0.34935530    0.37249604    0.10339220    0.10320650    0.00000000    0.03270509    0.03063036    0.04966179    0.08940072    0.20133744    0.17805464    0.18847670    0.21209866    0.20723225    0.20586317    0.20873125
T2             0.18029586    0.34757642    0.32071711    0.34329971    0.32492984    0.35737124    0.39941391    0.38805386    0.35302490    0.37635002    0.09205610    0.09186615    0.03270509    0.00000000    0.01415469    0.04120272    0.08053122    0.18300792    0.17045300    0.17313595    0.20133744    0.19427507    0.19293436    0.19575388
T18            0.17805464    0.34154205    0.32188698    0.33729361    0.31905057    0.35366064    0.39543724    0.38167974    0.33968327    0.36247556    0.09227519    0.09205610    0.03063036    0.01415469    0.00000000    0.03914524    0.07841286    0.18349366    0.16558272    0.17093435    0.19626751    0.18926395    0.18794867    0.19075238
T4             0.18573481    0.33430886    0.30455614    0.32308426    0.31559690    0.34269170    0.39149202    0.39192236    0.34329971    0.36247556    0.08761147    0.08741414    0.04966179    0.04120272    0.03914524    0.00000000    0.06728027    0.18076674    0.16292830    0.17045300    0.19349518    0.18101528    0.17963090    0.18238811
T21            0.16676592    0.31031946    0.28499865    0.30978827    0.29915240    0.32547418    0.35792167    0.36721379    0.31667199    0.33492672    0.07380569    0.07368544    0.08940072    0.08053122    0.07841286    0.06728027    0.00000000    0.16228296    0.14491689    0.15225368    0.17204644    0.16778440    0.17717406    0.17443951
T0             0.16596284    0.30108039    0.28273515    0.30587369    0.28150830    0.28638359    0.33382088    0.35608600    0.28355897    0.29362386    0.16270479    0.15705762    0.20133744    0.18300792    0.18349366    0.18076674    0.16228296    0.00000000    0.04327733    0.04323694    0.09163631    0.08510926    0.12530133    0.12778403
T23            0.15879098    0.27847492    0.26063978    0.28648723    0.25629139    0.27353804    0.31265331    0.33527056    0.26135413    0.27757932    0.14274378    0.13729813    0.17805464    0.17045300    0.16558272    0.16292830    0.14491689    0.04327733    0.00000000    0.02854252    0.08045924    0.07403896    0.11855875    0.12102921
T22            0.15850154    0.28879623    0.27077010    0.29915240    0.26098323    0.28074544    0.31426490    0.33939038    0.27164622    0.28794735    0.15265386    0.14710914    0.18847670    0.17313595    0.17093435    0.17045300    0.15225368    0.04323694    0.02854252    0.00000000    0.08033685    0.07387642    0.11822743    0.12068568
T8             0.18911795    0.30263930    0.28432017    0.30306674    0.28959262    0.29282243    0.33382088    0.39462368    0.31806154    0.33930542    0.16714766    0.16939919    0.21209866    0.20133744    0.19626751    0.19349518    0.17204644    0.09163631    0.08045924    0.08033685    0.00000000    0.04330753    0.13462575    0.13713335
T16            0.17661148    0.28512579    0.27036958    0.29206859    0.27237058    0.28997714    0.33082629    0.38236437    0.30684371    0.32788732    0.16292830    0.16248967    0.20723225    0.19427507    0.18926395    0.18101528    0.16778440    0.08510926    0.07403896    0.07387642    0.04330753    0.00000000    0.12298967    0.12546622
T3             0.18029586    0.29937906    0.28420650    0.30334981    0.29830787    0.29394312    0.33551086    0.39077639    0.29778901    0.32248954    0.18331513    0.17717406    0.20586317    0.19293436    0.18794867    0.17963090    0.17717406    0.12530133    0.11855875    0.11822743    0.13462575    0.12298967    0.00000000    0.00200402
T19            0.18300792    0.30278579    0.28753376    0.30679184    0.30169142    0.29728132    0.33195885    0.39470602    0.30116109    0.32604182    0.18611104    0.17992368    0.20873125    0.19575388    0.19075238    0.18238811    0.17443951    0.12778403    0.12102921    0.12068568    0.13713335    0.12546622    0.00200402    0.00000000

