24
T10            0.00000000    0.31692468    0.31890396    0.34142699    0.30531016    0.30006665    0.30057282    0.29623568    0.32190771    0.32244994    0.31897458    0.37461635    0.34805955    0.33485834    0.32835233    0.32244994    0.27473864    0.29928957    0.28426918    0.27438404    0.27438404    0.28033380    0.27752421    0.29772033
T14            0.31692468    0.00000000    0.08972518    0.18674678    0.14727815    0.14529486    0.15068598    0.14766671    0.16533391    0.17091370    0.17686480    0.25516929    0.20902574    0.20329189    0.18178860    0.17904759    0.23380811    0.27789532    0.25411109    0.24238523    0.24238523    0.24268896    0.22711996    0.24169064
T3             0.31890396    0.08972518    0.00000000    0.19372230    0.15445132    0.14984974    0.16049482    0.15743597    0.17265556    0.17827459    0.18151482    0.25703930    0.20869932    0.20807394    0.19201805    0.18923893    0.25379154    0.28954207    0.26538663    0.26263444    0.26263444    0.25379154    0.24703696    0.25896214
T9             0.34142699    0.18674678    0.19372230    0.00000000    0.08289556    0.08550608    0.08795555    0.07869415    0.14490339    0.15025164    0.15592370    0.22778909    0.18426337    0.17335881    0.16338091    0.16072728    0.24033098    0.28185439    0.26955414    0.24238523    0.24238523    0.23735308    0.23602750    0.24855035
T16            0.30531016    0.14727815    0.15445132    0.08289556    0.00000000    0.01824801    0.03284790    0.03277435    0.10837623    0.11091670    0.12350052    0.19732924    0.15046477    0.14017795    0.13062942    0.12812234    0.20851206    0.23300576    0.21934897    0.20594201    0.20594201    0.20851206    0.21836856    0.22158123
T12            0.30006665    0.14529486    0.14984974    0.08550608    0.01824801    0.00000000    0.03087829    0.03077547    0.10159316    0.10412135    0.12158903    0.18980628    0.14854058    0.13822708    0.12870363    0.12619022    0.20923740    0.24268896    0.22589739    0.20949799    0.20949799    0.21207164    0.21930914    0.22552739
T0             0.30057282    0.15068598    0.16049482    0.08795555    0.03284790    0.03087829    0.00000000    0.02034046    0.10894193    0.11153572    0.12430144    0.19290568    0.15139795    0.14100388    0.12639296    0.12639296    0.21519890    0.24903054    0.23799510    0.21261838    0.21261838    0.21519890    0.22257578    0.23186051
T4             0.29623568    0.14766671    0.15743597    0.07869415    0.03277435    0.03077547    0.02034046    0.00000000    0.09909506    0.10637906    0.12139126    0.18951821    0.14831008    0.13802319    0.12850219    0.12350052    0.21181240    0.24537199    0.23439283    0.20923740    0.20923740    0.21181240    0.21382423    0.22292619
T21            0.32190771    0.16533391    0.17265556    0.14490339    0.10837623    0.10159316    0.10894193    0.09909506    0.00000000    0.06296201    0.12830841    0.19424963    0.15285001    0.14509511    0.14057511    0.14057511    0.21959431    0.25348241    0.24300281    0.22220749    0.22220749    0.22246105    0.22158123    0.23007152
T5             0.32244994    0.17091370    0.17827459    0.15025164    0.11091670    0.10412135    0.11153572    0.10637906    0.06296201    0.00000000    0.12350052    0.19173985    0.15568876    0.14787312    0.13314915    0.13822708    0.20898619    0.25750102    0.24332674    0.22011400    0.22011400    0.22038829    0.22711996    0.22744972
T22            0.31897458    0.17686480    0.18151482    0.15592370    0.12350052    0.12158903    0.12430144    0.12139126    0.12830841    0.12350052    0.00000000    0.14293101    0.09016910    0.08319080    0.08539520    0.09004734    0.22974266    0.27709393    0.25624560    0.23534413    0.23534413    0.23568091    0.25290784    0.25966477
T1             0.37461635    0.25516929    0.25703930    0.22778909    0.19732924    0.18980628    0.19290568    0.18951821    0.19424963    0.19173985    0.14293101    0.00000000    0.15786220    0.15263824    0.16823159    0.17852364    0.27438404    0.33519626    0.31597063    0.28670761    0.28670761    0.29356887    0.29246022    0.29623568
T7             0.34805955    0.20902574    0.20869932    0.18426337    0.15046477    0.14854058    0.15139795    0.14831008    0.15285001    0.15568876    0.09016910    0.15786220    0.00000000    0.04334340    0.10623971    0.11106025    0.26207951    0.30869136    0.29339445    0.26717385    0.26717385    0.27071988    0.27287484    0.27333747
T13            0.33485834    0.20329189    0.20807394    0.17335881    0.14017795    0.13822708    0.14100388    0.13802319    0.14509511    0.14787312    0.08319080    0.15263824    0.04334340    0.00000000    0.10598332    0.10837623    0.25207192    0.30195170    0.28681024    0.26093913    0.26093913    0.26130884    0.26648022    0.27011958
T6             0.32835233    0.18178860    0.19201805    0.16338091    0.13062942    0.12870363    0.12639296    0.12850219    0.14057511    0.13314915    0.08539520    0.16823159    0.10623971    0.10598332    0.00000000    0.02857240    0.23439283    0.27548047    0.26093913    0.23409551    0.23409551    0.24033098    0.25745147    0.26418762
T17            0.32244994    0.17904759    0.18923893    0.16072728    0.12812234    0.12619022    0.12639296    0.12350052    0.14057511    0.13822708    0.09004734    0.17852364    0.11106025    0.10837623    0.02857240    0.00000000    0.23439283    0.28185439    0.25785073    0.23409551    0.23409551    0.23735308    0.25516929    0.26191593
T23            0.27473864    0.23380811    0.25379154    0.24033098    0.20851206    0.20923740    0.21519890    0.21181240    0.21959431    0.20898619    0.22974266    0.27438404    0.26207951    0.25207192    0.23439283    0.23439283    0.00000000    0.07149704    0.06498091    0.07613628    0.08069288    0.07380296    0.17020653    0.16776600
T2             0.29928957    0.27789532    0.28954207    0.28185439    0.23300576    0.24268896    0.24903054    0.24537199    0.25348241    0.25750102    0.27709393    0.33519626    0.30869136    0.30195170    0.27548047    0.28185439    0.07149704    0.00000000    0.04977285    0.09409869    0.09877251    0.09438814    0.19903029    0.19650138
T11            0.28426918    0.25411109    0.26538663    0.26955414    0.21934897    0.22589739    0.23799510    0.23439283    0.24300281    0.24332674    0.25624560    0.31597063    0.29339445    0.28681024    0.26093913    0.25785073    0.06498091    0.04977285    0.00000000    0.09652474    0.10123163    0.09662672    0.19147053    0.18896845
T15            0.27438404    0.24238523    0.26263444    0.24238523    0.20594201    0.20949799    0.21261838    0.20923740    0.22220749    0.22011400    0.23534413    0.28670761    0.26717385    0.26093913    0.23409551    0.23409551    0.07613628    0.09409869    0.09652474    0.00000000    0.00401611    0.03904196    0.16431096    0.17243829
T20            0.27438404    0.24238523    0.26263444    0.24238523    0.20594201    0.20949799    0.21261838    0.20923740    0.22220749    0.22011400    0.23534413    0.28670761    0.26717385    0.26093913    0.23409551    0.23409551    0.08069288    0.09877251    0.10123163    0.00401611    0.00000000    0.04330668    0.16431096    0.17243829
T8             0.28033380    0.24268896    0.25379154    0.23735308    0.20851206    0.21207164    0.21519890    0.21181240    0.22246105    0.22038829    0.23568091    0.29356887    0.27071988    0.26130884    0.24033098    0.23735308    0.07380296    0.09438814    0.09662672    0.03904196    0.04330668    0.00000000    0.16187985    0.16998782
T18            0.27752421    0.22711996    0.24703696    0.23602750    0.21836856    0.21930914    0.22257578    0.21382423    0.22158123    0.22711996    0.25290784    0.29246022    0.27287484    0.26648022    0.25745147    0.25516929    0.17020653    0.19903029    0.19147053    0.16431096    0.16431096    0.16187985    0.00000000    0.03910367
T19            0.29772033    0.24169064    0.25896214    0.24855035    0.22158123    0.22552739    0.23186051    0.22292619    0.23007152    0.22744972    0.25966477    0.29623568    0.27333747    0.27011958    0.26418762    0.26191593    0.16776600    0.19650138    0.18896845    0.17243829    0.17243829    0.16998782    0.03910367    0.00000000

