24
T20            0.00000000    0.43340093    0.51024753    0.49635358    0.47044974    0.48484453    0.47607006    0.44501416    0.46849528    0.44916455    0.45284186    0.45711651    0.47205436    0.45264602    0.43413937    0.42329424    0.16378624    0.15876586    0.16918361    0.16135002    0.15363729    0.16639058    0.15876586    0.17164034
T2             0.43340093    0.00000000    0.17140489    0.16336112    0.13727496    0.14929560    0.14420618    0.12949217    0.13997849    0.10359569    0.12251931    0.11547629    0.16673552    0.15619500    0.23731833    0.22615678    0.36213674    0.35545628    0.36262613    0.36624999    0.34489073    0.38420329    0.39622746    0.39825928
T1             0.51024753    0.17140489    0.00000000    0.01415443    0.16797531    0.18048562    0.17509429    0.16488239    0.17089276    0.14233862    0.14983537    0.14508092    0.25311263    0.22878247    0.31202359    0.30624036    0.43681396    0.42931135    0.42931135    0.42524533    0.42121211    0.47547005    0.47905591    0.47205436
T8             0.49635358    0.16336112    0.01415443    0.00000000    0.16003801    0.17242027    0.16711477    0.15702824    0.16289192    0.13476224    0.14470677    0.13744667    0.24396487    0.22008569    0.29524074    0.28956944    0.42456554    0.41721118    0.40930413    0.41324202    0.40930413    0.46224972    0.46577706    0.45906318
T22            0.47044974    0.13727496    0.16797531    0.16003801    0.00000000    0.03710256    0.03284714    0.02660333    0.11625078    0.08308089    0.09934006    0.09251075    0.20180663    0.18772878    0.26126346    0.24968348    0.38155948    0.37470565    0.37836934    0.37938536    0.37106862    0.42524533    0.42189093    0.42390115
T5             0.48484453    0.14929560    0.18048562    0.17242027    0.03710256    0.00000000    0.00401609    0.02029404    0.12793269    0.09427943    0.10597676    0.09908902    0.21489412    0.19507036    0.26602629    0.25440132    0.39822284    0.39121525    0.39496129    0.39600234    0.38749707    0.44295127    0.43951753    0.44986720
T19            0.47607006    0.14420618    0.17509429    0.16711477    0.03284714    0.00401609    0.00000000    0.01617876    0.12296957    0.08962806    0.10122592    0.09438290    0.20921168    0.18962027    0.26602629    0.25440132    0.39073066    0.38380635    0.38749707    0.38848195    0.38014268    0.43471867    0.43131868    0.44156626
T6             0.44501416    0.12949217    0.16488239    0.15702824    0.02660333    0.02029404    0.01617876    0.00000000    0.11347922    0.08060335    0.09673043    0.08992760    0.19297744    0.17923976    0.24533655    0.23406315    0.36615684    0.35948325    0.36301741    0.36387301    0.35597391    0.40808609    0.40868767    0.41864942
T18            0.46849528    0.13997849    0.17089276    0.16289192    0.11625078    0.12793269    0.12296957    0.11347922    0.00000000    0.04554085    0.09947651    0.09264480    0.20774569    0.18522902    0.27746858    0.26557603    0.39947481    0.39238047    0.39622746    0.40534449    0.38477420    0.44998042    0.44225563    0.44404932
T12            0.44916455    0.10359569    0.14233862    0.13476224    0.08308089    0.09427943    0.08962806    0.08060335    0.04554085    0.00000000    0.06727511    0.06073719    0.16955960    0.15634483    0.24664358    0.23530734    0.37154288    0.36478312    0.36839388    0.37673901    0.35763891    0.41855175    0.41522765    0.41721118
T11            0.45284186    0.12251931    0.14983537    0.14470677    0.09934006    0.10597676    0.10122592    0.09673043    0.09947651    0.06727511    0.00000000    0.01413376    0.18003520    0.16655875    0.24468046    0.23334912    0.38535910    0.37840913    0.38216931    0.38338002    0.35642341    0.42628344    0.42706876    0.42475842
T14            0.45711651    0.11547629    0.14508092    0.13744667    0.09251075    0.09908902    0.09438290    0.08992760    0.09264480    0.06073719    0.01413376    0.00000000    0.17242027    0.15908726    0.23634351    0.22809961    0.37783865    0.37097259    0.37467703    0.37583115    0.34930460    0.41808449    0.41883604    0.41662619
T16            0.47205436    0.16673552    0.25311263    0.24396487    0.20180663    0.21489412    0.20921168    0.19297744    0.20774569    0.16955960    0.18003520    0.17242027    0.00000000    0.06504290    0.27236627    0.26053640    0.37991432    0.37304826    0.38420329    0.38045722    0.36574751    0.42811812    0.41260916    0.42401873
T7             0.45264602    0.15619500    0.22878247    0.22008569    0.18772878    0.19507036    0.18962027    0.17923976    0.18522902    0.15634483    0.16655875    0.15908726    0.06504290    0.00000000    0.25544940    0.24095245    0.37106862    0.36432126    0.37887036    0.37887036    0.35720250    0.41388893    0.39119523    0.40212111
T4             0.43413937    0.23731833    0.31202359    0.29524074    0.26126346    0.26602629    0.26602629    0.24533655    0.27746858    0.24664358    0.24468046    0.23634351    0.27236627    0.25544940    0.00000000    0.01620784    0.34986515    0.34572522    0.34931013    0.34114476    0.34467897    0.38464604    0.37766439    0.37959133
T9             0.42329424    0.22615678    0.30624036    0.28956944    0.24968348    0.25440132    0.25440132    0.23406315    0.26557603    0.23530734    0.23334912    0.22809961    0.26053640    0.24095245    0.01620784    0.00000000    0.33667273    0.33263413    0.33614354    0.34216584    0.33163728    0.37075373    0.36391256    0.36584295
T10            0.16378624    0.36213674    0.43681396    0.42456554    0.38155948    0.39822284    0.39073066    0.36615684    0.39947481    0.37154288    0.38535910    0.37783865    0.37991432    0.37106862    0.34986515    0.33667273    0.00000000    0.00401105    0.01623167    0.04760704    0.06060817    0.11547629    0.11591838    0.12281179
T21            0.15876586    0.35545628    0.42931135    0.41721118    0.37470565    0.39121525    0.38380635    0.35948325    0.39238047    0.36478312    0.37840913    0.37097259    0.37304826    0.36432126    0.34572522    0.33263413    0.00401105    0.00000000    0.01214639    0.04334246    0.05626386    0.11077319    0.11363570    0.12050637
T17            0.16918361    0.36262613    0.42931135    0.40930413    0.37836934    0.39496129    0.38749707    0.36301741    0.39622746    0.36839388    0.38216931    0.37467703    0.38420329    0.37887036    0.34931013    0.33614354    0.01623167    0.01214639    0.00000000    0.04982215    0.06959834    0.12050637    0.12348882    0.13043285
T23            0.16135002    0.36624999    0.42524533    0.41324202    0.37938536    0.39600234    0.38848195    0.36387301    0.40534449    0.37673901    0.38338002    0.37583115    0.38045722    0.37887036    0.34114476    0.34216584    0.04760704    0.04334246    0.04982215    0.00000000    0.05846172    0.10597676    0.10637126    0.11805525
T13            0.15363729    0.34489073    0.42121211    0.40930413    0.37106862    0.38749707    0.38014268    0.35597391    0.38477420    0.35763891    0.35642341    0.34930460    0.36574751    0.35720250    0.34467897    0.33163728    0.06060817    0.05626386    0.06959834    0.05846172    0.00000000    0.10597676    0.10637126    0.11805525
T15            0.16639058    0.38420329    0.47547005    0.46224972    0.42524533    0.44295127    0.43471867    0.40808609    0.44998042    0.41855175    0.42628344    0.41808449    0.42811812    0.41388893    0.38464604    0.37075373    0.11547629    0.11077319    0.12050637    0.10597676    0.10597676    0.00000000    0.11805525    0.12992727
T0             0.15876586    0.39622746    0.47905591    0.46577706    0.42189093    0.43951753    0.43131868    0.40868767    0.44225563    0.41522765    0.42706876    0.41883604    0.41260916    0.39119523    0.37766439    0.36391256    0.11591838    0.11363570    0.12348882    0.10637126    0.10637126    0.11805525    0.00000000    0.07879844
T3             0.17164034    0.39825928    0.47205436    0.45906318    0.42390115    0.44986720    0.44156626    0.41864942    0.44404932    0.41721118    0.42475842    0.41662619    0.42401873    0.40212111    0.37959133    0.36584295    0.12281179    0.12050637    0.13043285    0.11805525    0.11805525    0.12992727    0.07879844    0.00000000

