24
T3             0.00000000    0.67066812    0.71874483    0.66024539    0.64981028    0.62942711    0.65692672    0.67841935    0.67530513    0.66147926    0.66147926    0.67841935    0.68330968    0.68635653    0.68802706    0.67548969    0.66942277    0.64360186    0.66147926    0.64055465    0.71674869    0.72496828    0.70374608    0.71509392
T22            0.67066812    0.00000000    0.04776494    0.03705389    0.03284736    0.16246029    0.15742409    0.21703236    0.21123368    0.20296031    0.20296031    0.21480062    0.20867608    0.20867608    0.20612761    0.23864777    0.24166069    0.20463071    0.21380045    0.19622528    0.21575795    0.21606254    0.21575795    0.22124459
T6             0.71874483    0.04776494    0.00000000    0.06727570    0.06288719    0.18569672    0.18049078    0.23038270    0.22448133    0.21961599    0.21961599    0.23408230    0.22776206    0.22776206    0.22515097    0.25854779    0.26165435    0.22354841    0.23599888    0.22064914    0.22908904    0.22939792    0.22908904    0.24297492
T8             0.66024539    0.03705389    0.06727570    0.00000000    0.00805149    0.16673854    0.16168773    0.21259672    0.20691352    0.19875521    0.19875521    0.21317997    0.20435875    0.20435875    0.20181316    0.22822082    0.23113699    0.20615701    0.21517695    0.19782177    0.20921740    0.21179210    0.21154273    0.22270190
T4             0.64981028    0.03284736    0.06288719    0.00805149    0.00000000    0.16429913    0.15926362    0.20718426    0.20154913    0.19345460    0.19345460    0.20775343    0.19901141    0.19901141    0.19648276    0.22270190    0.22559276    0.20639987    0.21546275    0.19804138    0.20947755    0.21205091    0.21179210    0.22297442
T13            0.62942711    0.16246029    0.18569672    0.16673854    0.16429913    0.00000000    0.01824787    0.15481948    0.14965063    0.14726793    0.14726793    0.15523134    0.14726793    0.14983904    0.14489333    0.16673854    0.16412030    0.18441397    0.19850813    0.18710988    0.21932811    0.22194250    0.21696986    0.20872522
T0             0.65692672    0.15742409    0.18049078    0.16168773    0.15926362    0.01824787    0.00000000    0.14726793    0.14216505    0.13980344    0.13980344    0.14765585    0.13980344    0.14234190    0.13744980    0.15908991    0.16168773    0.17658250    0.20154913    0.18460546    0.20548462    0.21085153    0.20313740    0.20058476
T21            0.67841935    0.21703236    0.23038270    0.21259672    0.20718426    0.15481948    0.14726793    0.00000000    0.01209707    0.01824787    0.01824787    0.04559563    0.03705389    0.04338589    0.03914364    0.06708885    0.06931615    0.23203098    0.25389741    0.23796736    0.26054727    0.27266459    0.26127491    0.26328645
T10            0.67530513    0.21123368    0.22448133    0.20691352    0.20154913    0.14965063    0.14216505    0.01209707    0.00000000    0.01414101    0.01414101    0.04128506    0.03697530    0.03910304    0.03488814    0.06487143    0.06708885    0.22850046    0.25005598    0.23436711    0.25680246    0.27506804    0.26364418    0.25713074
T5             0.66147926    0.20296031    0.21961599    0.19875521    0.19345460    0.14726793    0.13980344    0.01824787    0.01414101    0.00000000    0.00000000    0.03492615    0.03066858    0.03277391    0.02859675    0.06270933    0.06492185    0.22009189    0.24130649    0.22587369    0.24803708    0.26603615    0.25475014    0.24834809
T7             0.66147926    0.20296031    0.21961599    0.19875521    0.19345460    0.14726793    0.13980344    0.01824787    0.01414101    0.00000000    0.00000000    0.03492615    0.03066858    0.03277391    0.02859675    0.06270933    0.06492185    0.22009189    0.24130649    0.22587369    0.24803708    0.26603615    0.25475014    0.24834809
T23            0.67841935    0.21480062    0.23408230    0.21317997    0.20775343    0.15523134    0.14765585    0.04559563    0.04128506    0.03492615    0.03492615    0.00000000    0.02447215    0.02656426    0.02241929    0.06944378    0.07169113    0.23499035    0.25700399    0.23499035    0.25204114    0.27028406    0.26204417    0.25170048
T11            0.68330968    0.20867608    0.22776206    0.20435875    0.19901141    0.14726793    0.13980344    0.03705389    0.03697530    0.03066858    0.03066858    0.02447215    0.00000000    0.00602414    0.00200301    0.06050657    0.06270933    0.22064914    0.23900275    0.22939792    0.24565644    0.26364418    0.25239203    0.25441045
T18            0.68635653    0.20867608    0.22776206    0.20435875    0.19901141    0.14983904    0.14234190    0.04338589    0.03910304    0.03277391    0.03277391    0.02656426    0.00602414    0.00000000    0.00401105    0.06270933    0.06492185    0.22064914    0.23900275    0.22939792    0.24565644    0.26364418    0.25239203    0.25204114
T15            0.68802706    0.20612761    0.22515097    0.20181316    0.19648276    0.14489333    0.13744980    0.03914364    0.03488814    0.02859675    0.02859675    0.02241929    0.00200301    0.00401105    0.00000000    0.05835621    0.06055413    0.22036572    0.23864777    0.22908904    0.24534427    0.26328645    0.25204114    0.25170048
T14            0.67548969    0.23864777    0.25854779    0.22822082    0.22270190    0.16673854    0.15908991    0.06708885    0.06487143    0.06270933    0.06270933    0.06944378    0.06050657    0.06270933    0.05835621    0.00000000    0.00200401    0.25044063    0.27583017    0.25953425    0.27646887    0.29520462    0.27714187    0.28311101
T19            0.66942277    0.24166069    0.26165435    0.23113699    0.22559276    0.16412030    0.16168773    0.06931615    0.06708885    0.06492185    0.06492185    0.07169113    0.06270933    0.06492185    0.06055413    0.00200401    0.00000000    0.25345348    0.27901593    0.26260261    0.27960460    0.29845244    0.28029742    0.28629673
T2             0.64360186    0.20463071    0.22354841    0.20615701    0.20639987    0.18441397    0.17658250    0.23203098    0.22850046    0.22009189    0.22009189    0.23499035    0.22064914    0.22064914    0.22036572    0.25044063    0.25345348    0.00000000    0.06546706    0.04765319    0.11030718    0.11982590    0.11052596    0.11020921
T17            0.66147926    0.21380045    0.23599888    0.21517695    0.21546275    0.19850813    0.20154913    0.25389741    0.25005598    0.24130649    0.24130649    0.25700399    0.23900275    0.23900275    0.23864777    0.27583017    0.27901593    0.06546706    0.00000000    0.06321969    0.12760287    0.13493054    0.12793580    0.12252128
T1             0.64055465    0.19622528    0.22064914    0.19782177    0.19804138    0.18710988    0.18460546    0.23796736    0.23436711    0.22587369    0.22587369    0.23499035    0.22939792    0.22939792    0.22908904    0.25953425    0.26260261    0.04765319    0.06321969    0.00000000    0.11030718    0.11740432    0.11052596    0.11020921
T12            0.71674869    0.21575795    0.22908904    0.20921740    0.20947755    0.21932811    0.20548462    0.26054727    0.25680246    0.24803708    0.24803708    0.25204114    0.24565644    0.24565644    0.24534427    0.27646887    0.27960460    0.11030718    0.12760287    0.11030718    0.00000000    0.02650465    0.02648436    0.12174118
T16            0.72496828    0.21606254    0.22939792    0.21179210    0.21205091    0.22194250    0.21085153    0.27266459    0.27506804    0.26603615    0.26603615    0.27028406    0.26364418    0.26364418    0.26328645    0.29520462    0.29845244    0.11982590    0.13493054    0.11740432    0.02650465    0.00000000    0.03274682    0.13137131
T20            0.70374608    0.21575795    0.22908904    0.21154273    0.21179210    0.21696986    0.20313740    0.26127491    0.26364418    0.25475014    0.25475014    0.26204417    0.25239203    0.25239203    0.25204114    0.27714187    0.28029742    0.11052596    0.12793580    0.11052596    0.02648436    0.03274682    0.00000000    0.12192480
T9             0.71509392    0.22124459    0.24297492    0.22270190    0.22297442    0.20872522    0.20058476    0.26328645    0.25713074    0.24834809    0.24834809    0.25170048    0.25441045    0.25204114    0.25170048    0.28311101    0.28629673    0.11020921    0.12252128    0.11020921    0.12174118    0.13137131    0.12192480    0.00000000

