24
T18            0.00000000    0.27126869    0.28280839    0.26264569    0.23972060    0.24641938    0.40106019    0.39376116    0.39376116    0.27906999    0.29685584    0.29011102    0.28032916    0.28032916    0.30738265    0.29723608    0.23327082    0.23327082    0.23062139    0.25108933    0.25717308    0.24748173    0.24635215    0.25380182
T4             0.27126869    0.00000000    0.01210022    0.05638962    0.06960238    0.08982679    0.33472317    0.29486976    0.30149900    0.22943373    0.24601858    0.23206708    0.22273222    0.22273222    0.24601858    0.23471019    0.23238573    0.23238573    0.22975338    0.22943373    0.23535530    0.21493011    0.22780086    0.23800623
T16            0.28280839    0.01210022    0.00000000    0.06504588    0.07387428    0.09887411    0.34124154    0.30679968    0.31354073    0.23800623    0.25479331    0.23767973    0.23117004    0.23117004    0.25479331    0.24333779    0.24034154    0.24034154    0.23767973    0.23736316    0.24333779    0.22273222    0.23569261    0.24601858
T2             0.26264569    0.05638962    0.06504588    0.00000000    0.06288962    0.08289663    0.32975144    0.28682904    0.28682904    0.22191408    0.23535530    0.22681007    0.21752127    0.21752127    0.24066704    0.22943373    0.21262693    0.21262693    0.21005581    0.21262693    0.21549416    0.19853281    0.20808347    0.21808288
T7             0.23972060    0.06960238    0.07387428    0.06288962    0.00000000    0.06498146    0.32382617    0.28776532    0.28776532    0.19677625    0.21262693    0.20778411    0.19878072    0.19878072    0.22127852    0.21034484    0.19677625    0.19677625    0.19425759    0.19677625    0.19398903    0.18299326    0.19231390    0.20211465
T1             0.24641938    0.08982679    0.09887411    0.08289663    0.06498146    0.00000000    0.33724676    0.30635026    0.30635026    0.20642606    0.22246847    0.23440245    0.22221445    0.22221445    0.24538191    0.23410462    0.19489188    0.19489188    0.18693891    0.20038936    0.20316097    0.18675757    0.19576113    0.20017992
T19            0.40106019    0.33472317    0.34124154    0.32975144    0.32382617    0.33724676    0.00000000    0.10123324    0.10123324    0.40987012    0.43142981    0.41724799    0.40761789    0.40761789    0.43733530    0.42470812    0.38611462    0.38611462    0.39858243    0.41144461    0.41144461    0.39785103    0.41144461    0.41886039
T11            0.39376116    0.29486976    0.30679968    0.28682904    0.28776532    0.30635026    0.10123324    0.00000000    0.00401612    0.40570533    0.42720806    0.40086189    0.39535369    0.39535369    0.41637587    0.40411029    0.35295968    0.35295968    0.36859733    0.37941789    0.39921409    0.37798760    0.38878857    0.39841382
T22            0.39376116    0.30149900    0.31354073    0.28682904    0.28776532    0.30635026    0.10123324    0.00401612    0.00000000    0.40570533    0.42720806    0.40897233    0.40333429    0.40333429    0.42472368    0.41225376    0.35295968    0.35295968    0.36859733    0.38331480    0.39921409    0.37798760    0.38878857    0.39841382
T20            0.27906999    0.22943373    0.23800623    0.22191408    0.19677625    0.20642606    0.40987012    0.40570533    0.40570533    0.00000000    0.01209711    0.16713585    0.16153034    0.16153034    0.18254345    0.17223456    0.23535530    0.23535530    0.22975338    0.24437152    0.23238573    0.23471019    0.23375791    0.25317091
T5             0.29685584    0.24601858    0.25479331    0.23535530    0.21262693    0.22246847    0.43142981    0.42720806    0.42720806    0.01209711    0.00000000    0.18233181    0.17659930    0.17659930    0.19806450    0.18753728    0.25208396    0.25208396    0.24333779    0.25822396    0.24601858    0.24838714    0.24134797    0.26718809
T6             0.29011102    0.23206708    0.23767973    0.22681007    0.20778411    0.23440245    0.41724799    0.40086189    0.40897233    0.16713585    0.18233181    0.00000000    0.04355649    0.04572601    0.05884811    0.05017740    0.24549522    0.24549522    0.23904510    0.24778741    0.24778741    0.24100252    0.24322394    0.24511069
T15            0.28032916    0.22273222    0.23117004    0.21752127    0.19878072    0.22221445    0.40761789    0.39535369    0.40333429    0.16153034    0.17659930    0.04355649    0.00000000    0.00200402    0.03919183    0.03077573    0.24170337    0.24170337    0.23535530    0.24704963    0.24704963    0.24034154    0.24244389    0.24134797
T0             0.28032916    0.22273222    0.23117004    0.21752127    0.19878072    0.22221445    0.40761789    0.39535369    0.40333429    0.16153034    0.17659930    0.04572601    0.00200402    0.00000000    0.04133802    0.03289459    0.23868894    0.23868894    0.23535530    0.24704963    0.24704963    0.24034154    0.24244389    0.24134797
T8             0.30738265    0.24601858    0.25479331    0.24066704    0.22127852    0.24538191    0.43733530    0.41637587    0.42472368    0.18254345    0.19806450    0.05884811    0.03919183    0.04133802    0.00000000    0.00804438    0.26606535    0.26606535    0.25936822    0.26523199    0.27156693    0.26132252    0.26694038    0.26249597
T9             0.29723608    0.23471019    0.24333779    0.22943373    0.21034484    0.23410462    0.42470812    0.40411029    0.41225376    0.17223456    0.18753728    0.05017740    0.03077573    0.03289459    0.00804438    0.00000000    0.25434960    0.25434960    0.24778741    0.25355364    0.25977029    0.24973778    0.25518608    0.25085748
T12            0.23327082    0.23238573    0.24034154    0.21262693    0.19677625    0.19489188    0.38611462    0.35295968    0.35295968    0.23535530    0.25208396    0.24549522    0.24170337    0.23868894    0.26606535    0.25434960    0.00000000    0.00000000    0.04133802    0.08099496    0.08099496    0.07169416    0.07662125    0.08783391
T17            0.23327082    0.23238573    0.24034154    0.21262693    0.19677625    0.19489188    0.38611462    0.35295968    0.35295968    0.23535530    0.25208396    0.24549522    0.24170337    0.23868894    0.26606535    0.25434960    0.00000000    0.00000000    0.04133802    0.08099496    0.08099496    0.07169416    0.07662125    0.08783391
T23            0.23062139    0.22975338    0.23767973    0.21005581    0.19425759    0.18693891    0.39858243    0.36859733    0.36859733    0.22975338    0.24333779    0.23904510    0.23535530    0.23535530    0.25936822    0.24778741    0.04133802    0.04133802    0.00000000    0.08110937    0.07880463    0.06952100    0.07444478    0.08562583
T21            0.25108933    0.22943373    0.23736316    0.21262693    0.19677625    0.20038936    0.41144461    0.37941789    0.38331480    0.24437152    0.25822396    0.24778741    0.24704963    0.24704963    0.26523199    0.25355364    0.08099496    0.08099496    0.08110937    0.00000000    0.03914461    0.03272662    0.04343698    0.05413111
T10            0.25717308    0.23535530    0.24333779    0.21549416    0.19398903    0.20316097    0.41144461    0.39921409    0.39921409    0.23238573    0.24601858    0.24778741    0.24704963    0.24704963    0.27156693    0.25977029    0.08099496    0.08099496    0.07880463    0.03914461    0.00000000    0.02854226    0.03701219    0.04760843
T13            0.24748173    0.21493011    0.22273222    0.19853281    0.18299326    0.18675757    0.39785103    0.37798760    0.37798760    0.23471019    0.24838714    0.24100252    0.24034154    0.24034154    0.26132252    0.24973778    0.07169416    0.07169416    0.06952100    0.03272662    0.02854226    0.00000000    0.02854226    0.03900656
T3             0.24635215    0.22780086    0.23569261    0.20808347    0.19231390    0.19576113    0.41144461    0.38878857    0.38878857    0.23375791    0.24134797    0.24322394    0.24244389    0.24244389    0.26694038    0.25518608    0.07662125    0.07662125    0.07444478    0.04343698    0.03701219    0.02854226    0.00000000    0.03910388
T14            0.25380182    0.23800623    0.24601858    0.21808288    0.20211465    0.20017992    0.41886039    0.39841382    0.39841382    0.25317091    0.26718809    0.24511069    0.24134797    0.24134797    0.26249597    0.25085748    0.08783391    0.08783391    0.08562583    0.05413111    0.04760843    0.03900656    0.03910388    0.00000000

