24
T2             0.00000000    0.19852129    0.23567379    0.21724137    0.17757552    0.17736122    0.21963525    0.20776956    0.25820229    0.23303365    0.21004167    0.19703938    0.23533707    0.23533707    0.19397678    0.19575011    0.22880783    0.17243464    0.16469143    0.30681643    0.31448527    0.31157615    0.31791252    0.18232267
T9             0.19852129    0.00000000    0.08783120    0.08519397    0.03701180    0.03910349    0.13026581    0.13418702    0.16854483    0.15138329    0.13477102    0.11806255    0.15463403    0.15463403    0.11764696    0.14184190    0.15909772    0.15635414    0.16169591    0.31713417    0.33783670    0.32779506    0.33076371    0.20617065
T7             0.23567379    0.08783120    0.00000000    0.08318996    0.06762311    0.06752636    0.16049158    0.16998428    0.21180684    0.18547246    0.16776251    0.15024882    0.18050226    0.18050226    0.15223641    0.17287772    0.19095409    0.18298297    0.19703938    0.35484943    0.36276312    0.35229054    0.36651196    0.24064859
T14            0.21724137    0.08519397    0.08318996    0.00000000    0.06511593    0.06504473    0.15984407    0.15123761    0.19997027    0.17943841    0.15927169    0.14490082    0.18797078    0.18797078    0.14914141    0.16693320    0.18481665    0.18461589    0.19025345    0.35291121    0.35971285    0.35663061    0.37083425    0.23380126
T12            0.17757552    0.03701180    0.06762311    0.06511593    0.00000000    0.00401105    0.11091522    0.11995150    0.16395805    0.14184190    0.11777783    0.10146403    0.13711998    0.13711998    0.10348924    0.12252616    0.13432102    0.13917581    0.14691949    0.29103661    0.31448527    0.30481435    0.31791252    0.19047801
T17            0.17736122    0.03910349    0.06752636    0.06504473    0.00401105    0.00000000    0.11077919    0.11983015    0.16379609    0.14168903    0.12252616    0.10610644    0.14200287    0.14200287    0.10813694    0.12239108    0.13418702    0.13903740    0.14675373    0.29720234    0.31399053    0.30434242    0.31740605    0.19025345
T11            0.21963525    0.13026581    0.16049158    0.15984407    0.11091522    0.11077919    0.00000000    0.09487496    0.15243179    0.12812028    0.15785908    0.13548194    0.17043014    0.17043014    0.13493691    0.14471720    0.15945410    0.16977415    0.17265189    0.33014883    0.34258548    0.33957798    0.35354459    0.23567379
T10            0.20776956    0.13418702    0.16998428    0.15123761    0.11995150    0.11983015    0.09487496    0.00000000    0.07599138    0.05413030    0.15204925    0.12745351    0.16449531    0.16449531    0.13446305    0.14898560    0.16120467    0.16656981    0.15893220    0.32472243    0.33269488    0.34028647    0.34689164    0.22010796
T8             0.25820229    0.16854483    0.21180684    0.19997027    0.16395805    0.16379609    0.15243179    0.07599138    0.00000000    0.02648453    0.19277117    0.18005035    0.20923197    0.20923197    0.18212029    0.19488245    0.20786657    0.21934299    0.21673810    0.36150388    0.36478678    0.36167889    0.37590796    0.27124767
T19            0.23303365    0.15138329    0.18547246    0.17943841    0.14184190    0.14168903    0.12812028    0.05413030    0.02648453    0.00000000    0.17243464    0.15482791    0.18298297    0.18298297    0.15685589    0.16919531    0.18174224    0.19828297    0.18481665    0.33957798    0.35243385    0.34937801    0.36339253    0.24869070
T3             0.21004167    0.13477102    0.16776251    0.15927169    0.11777783    0.12252616    0.15785908    0.15204925    0.19277117    0.17243464    0.00000000    0.06527884    0.10146403    0.10146403    0.06504473    0.14930548    0.15927169    0.17183468    0.18547246    0.35384819    0.36032557    0.35967744    0.36651196    0.22417936
T16            0.19703938    0.11806255    0.15024882    0.14490082    0.10146403    0.10610644    0.13548194    0.12745351    0.18005035    0.15482791    0.06527884    0.00000000    0.06727715    0.06727715    0.03910349    0.13477102    0.15187033    0.15945410    0.17020295    0.33544649    0.34199210    0.33186173    0.33130665    0.21033021
T20            0.23533707    0.15463403    0.18050226    0.18797078    0.13711998    0.14200287    0.17043014    0.16449531    0.20923197    0.18298297    0.10146403    0.06727715    0.00000000    0.00401611    0.07155486    0.16169591    0.17147812    0.19828297    0.20182766    0.36785169    0.37083425    0.36029680    0.36089382    0.22851796
T18            0.23533707    0.15463403    0.18050226    0.18797078    0.13711998    0.14200287    0.17043014    0.16449531    0.20923197    0.18298297    0.10146403    0.06727715    0.00401611    0.00000000    0.07155486    0.16169591    0.17147812    0.19828297    0.20182766    0.36785169    0.37083425    0.36029680    0.36089382    0.23144332
T0             0.19397678    0.11764696    0.15223641    0.14914141    0.10348924    0.10813694    0.13493691    0.13446305    0.18212029    0.15685589    0.06504473    0.03910349    0.07155486    0.07155486    0.00000000    0.13681542    0.14914141    0.16187667    0.16733084    0.33843215    0.34863767    0.33484312    0.33428768    0.20437341
T5             0.19575011    0.14184190    0.17287772    0.16693320    0.12252616    0.12239108    0.14471720    0.14898560    0.19488245    0.16919531    0.14930548    0.13477102    0.16169591    0.16169591    0.13681542    0.00000000    0.06288848    0.17287772    0.17580855    0.33972598    0.34258548    0.32889243    0.33541078    0.21750737
T21            0.22880783    0.15909772    0.19095409    0.18481665    0.13432102    0.13418702    0.15945410    0.16120467    0.20786657    0.18174224    0.15927169    0.15187033    0.17147812    0.17147812    0.14914141    0.06288848    0.00000000    0.17202601    0.17757552    0.35690183    0.37341625    0.35904221    0.36586178    0.23380126
T22            0.17243464    0.15635414    0.18298297    0.18461589    0.13917581    0.13903740    0.16977415    0.16656981    0.21934299    0.19828297    0.17183468    0.15945410    0.19828297    0.19828297    0.16187667    0.17287772    0.17202601    0.00000000    0.03715891    0.29486706    0.30579255    0.29955972    0.31260051    0.18570881
T6             0.16469143    0.16169591    0.19703938    0.19025345    0.14691949    0.14675373    0.17265189    0.15893220    0.21673810    0.18481665    0.18547246    0.17020295    0.20182766    0.20182766    0.16733084    0.17580855    0.17757552    0.03715891    0.00000000    0.30788588    0.31208253    0.30579255    0.31896079    0.17736122
T23            0.30681643    0.31713417    0.35484943    0.35291121    0.29103661    0.29720234    0.33014883    0.32472243    0.36150388    0.33957798    0.35384819    0.33544649    0.36785169    0.36785169    0.33843215    0.33972598    0.35690183    0.29486706    0.30788588    0.00000000    0.12021743    0.12036195    0.14017552    0.27666442
T1             0.31448527    0.33783670    0.36276312    0.35971285    0.31448527    0.31399053    0.34258548    0.33269488    0.36478678    0.35243385    0.36032557    0.34199210    0.37083425    0.37083425    0.34863767    0.34258548    0.37341625    0.30579255    0.31208253    0.12021743    0.00000000    0.02245633    0.03722079    0.28829993
T13            0.31157615    0.32779506    0.35229054    0.35663061    0.30481435    0.30434242    0.33957798    0.34028647    0.36167889    0.34937801    0.35967744    0.33186173    0.36029680    0.36029680    0.33484312    0.32889243    0.35904221    0.29955972    0.30579255    0.12036195    0.02245633    0.00000000    0.02664948    0.28872844
T15            0.31791252    0.33076371    0.36651196    0.37083425    0.31791252    0.31740605    0.35354459    0.34689164    0.37590796    0.36339253    0.36651196    0.33130665    0.36089382    0.36089382    0.33428768    0.33541078    0.36586178    0.31260051    0.31896079    0.14017552    0.03722079    0.02664948    0.00000000    0.30146749
T4             0.18232267    0.20617065    0.24064859    0.23380126    0.19047801    0.19025345    0.23567379    0.22010796    0.27124767    0.24869070    0.22417936    0.21033021    0.22851796    0.23144332    0.20437341    0.21750737    0.23380126    0.18570881    0.17736122    0.27666442    0.28829993    0.28872844    0.30146749    0.00000000

