24
T22            0.00000000    0.21869437    0.21933237    0.20779486    0.24706491    0.23341434    0.23272764    0.30585193    0.28639861    0.26996418    0.17759220    0.17470195    0.16958721    0.16958721    0.17582676    0.18549081    0.17512589    0.18872273    0.19373840    0.18649161    0.20668897    0.20363263    0.16939378    0.18504359
T14            0.21869437    0.00000000    0.04559759    0.03488910    0.13462227    0.12717473    0.11282101    0.16188985    0.15910988    0.30775770    0.24551129    0.24512642    0.23641119    0.23641119    0.23267383    0.24364535    0.24758455    0.24140495    0.23980231    0.23530096    0.25978802    0.24403170    0.23078440    0.23905982
T8             0.21933237    0.04559759    0.00000000    0.02236488    0.12746202    0.12746202    0.11548972    0.16006608    0.15171097    0.29204965    0.22816406    0.23377229    0.22520276    0.22520276    0.23130553    0.24448518    0.24848304    0.23612317    0.24058407    0.23612317    0.26378187    0.24171827    0.23151135    0.23980231
T3             0.20779486    0.03488910    0.02236488    0.00000000    0.11306747    0.11306747    0.10134885    0.15484111    0.14185186    0.28552738    0.22816406    0.22781430    0.21933237    0.21933237    0.22147191    0.23227675    0.23612317    0.22406217    0.22852341    0.22406217    0.24818761    0.23570655    0.21966551    0.22781430
T6             0.24706491    0.13462227    0.12746202    0.11306747    0.00000000    0.09450302    0.08078875    0.13010614    0.11765376    0.30439781    0.25707239    0.25666946    0.24780332    0.24780332    0.25653586    0.28088124    0.27207667    0.26241839    0.26378187    0.25608188    0.28124394    0.26484878    0.26062377    0.26926242
T1             0.23341434    0.12717473    0.12746202    0.11306747    0.09450302    0.00000000    0.02648480    0.11053570    0.10329374    0.31797534    0.26422521    0.26696008    0.25790891    0.25790891    0.27035234    0.27759839    0.27207667    0.26561708    0.26787752    0.26017827    0.29209530    0.27201832    0.26787752    0.27661807
T9             0.23272764    0.11282101    0.11548972    0.10134885    0.08078875    0.02648480    0.00000000    0.09186466    0.08260392    0.31454615    0.25167159    0.25436694    0.24551129    0.24551129    0.26066256    0.27862101    0.27309820    0.25699991    0.25834246    0.25070330    0.27661807    0.26566197    0.25834246    0.26696008
T16            0.30585193    0.16188985    0.16006608    0.15484111    0.13010614    0.11053570    0.09186466    0.00000000    0.06727942    0.36285037    0.29013337    0.29627925    0.28685073    0.28685073    0.29544416    0.33552773    0.32601425    0.30166894    0.30635957    0.29828604    0.32142826    0.30728467    0.28639861    0.29534305
T18            0.28639861    0.15910988    0.15171097    0.14185186    0.11765376    0.10329374    0.08260392    0.06727942    0.00000000    0.35363835    0.27670989    0.28271754    0.27352169    0.27352169    0.31195751    0.32774442    0.31834674    0.30795104    0.30348431    0.29109231    0.32437333    0.29360571    0.29913191    0.30487104
T21            0.26996418    0.30775770    0.29204965    0.28552738    0.30439781    0.31797534    0.31454615    0.36285037    0.35363835    0.00000000    0.15686832    0.15669224    0.14915216    0.14915216    0.23605397    0.26566197    0.24475152    0.25396353    0.25011667    0.24551129    0.24940001    0.24003957    0.21182982    0.21700843
T4             0.17759220    0.24551129    0.22816406    0.22816406    0.25707239    0.26422521    0.25167159    0.29013337    0.27670989    0.15686832    0.00000000    0.00805156    0.01415465    0.01415465    0.13746702    0.18153107    0.16050713    0.16849113    0.16269923    0.15570094    0.18052023    0.17490957    0.13447190    0.14422505
T13            0.17470195    0.24512642    0.23377229    0.22781430    0.25666946    0.26696008    0.25436694    0.29627925    0.28271754    0.15669224    0.00805156    0.00000000    0.01414114    0.01414114    0.13729437    0.17853863    0.15765621    0.16292258    0.16248425    0.15547366    0.18028933    0.17470195    0.13184710    0.14155354
T19            0.16958721    0.23641119    0.22520276    0.21933237    0.24780332    0.25790891    0.24551129    0.28685073    0.27352169    0.14915216    0.01415465    0.01414114    0.00000000    0.00000000    0.13999995    0.17879689    0.15787394    0.16581557    0.16006608    0.15308155    0.18323944    0.16694717    0.13697303    0.14676434
T0             0.16958721    0.23641119    0.22520276    0.21933237    0.24780332    0.25790891    0.24551129    0.28685073    0.27352169    0.14915216    0.01415465    0.01414114    0.00000000    0.00000000    0.13999995    0.17879689    0.15787394    0.16581557    0.16006608    0.15308155    0.18323944    0.16694717    0.13697303    0.14676434
T5             0.17582676    0.23267383    0.23130553    0.22147191    0.25653586    0.27035234    0.26066256    0.29544416    0.31195751    0.23605397    0.13746702    0.13729437    0.13999995    0.13999995    0.00000000    0.12332683    0.10412661    0.09462165    0.10624470    0.09963309    0.12761743    0.16512436    0.11535680    0.12485036
T15            0.18549081    0.24364535    0.24448518    0.23227675    0.28088124    0.27759839    0.27862101    0.33552773    0.32774442    0.26566197    0.18153107    0.17853863    0.17879689    0.17879689    0.12332683    0.00000000    0.02862853    0.07662285    0.13823697    0.13611021    0.16292258    0.20270060    0.15504372    0.16248425
T11            0.17512589    0.24758455    0.24848304    0.23612317    0.27207667    0.27207667    0.27309820    0.32601425    0.31834674    0.24475152    0.16050713    0.15765621    0.15787394    0.15787394    0.10412661    0.02862853    0.00000000    0.06098651    0.12102589    0.11891695    0.15286115    0.18100825    0.13999995    0.14728738
T23            0.18872273    0.24140495    0.23612317    0.22406217    0.26241839    0.26561708    0.25699991    0.30166894    0.30795104    0.25396353    0.16849113    0.16292258    0.16581557    0.16581557    0.09462165    0.07662285    0.06098651    0.00000000    0.11365140    0.11154238    0.14767681    0.18100825    0.13494690    0.14218268
T2             0.19373840    0.23980231    0.24058407    0.22852341    0.26378187    0.26787752    0.25834246    0.30635957    0.30348431    0.25011667    0.16269923    0.16248425    0.16006608    0.16006608    0.10624470    0.13823697    0.12102589    0.11365140    0.00000000    0.03066925    0.09643324    0.17512589    0.13999995    0.14728738
T10            0.18649161    0.23530096    0.23612317    0.22406217    0.25608188    0.26017827    0.25070330    0.29828604    0.29109231    0.24551129    0.15570094    0.15547366    0.15308155    0.15308155    0.09963309    0.13611021    0.11891695    0.11154238    0.03066925    0.00000000    0.09450302    0.16269923    0.13315808    0.14294100
T20            0.20668897    0.25978802    0.26378187    0.24818761    0.28124394    0.29209530    0.27661807    0.32142826    0.32437333    0.24940001    0.18052023    0.18028933    0.18323944    0.18323944    0.12761743    0.16292258    0.15286115    0.14767681    0.09643324    0.09450302    0.00000000    0.20212466    0.16248425    0.17266821
T7             0.20363263    0.24403170    0.24171827    0.23570655    0.26484878    0.27201832    0.26566197    0.30728467    0.29360571    0.24003957    0.17490957    0.17470195    0.16694717    0.16694717    0.16512436    0.20270060    0.18100825    0.18100825    0.17512589    0.16269923    0.20212466    0.00000000    0.14455254    0.15705278
T12            0.16939378    0.23078440    0.23151135    0.21966551    0.26062377    0.26787752    0.25834246    0.28639861    0.29913191    0.21182982    0.13447190    0.13184710    0.13697303    0.13697303    0.11535680    0.15504372    0.13999995    0.13494690    0.13999995    0.13315808    0.16248425    0.14455254    0.00000000    0.02034068
T17            0.18504359    0.23905982    0.23980231    0.22781430    0.26926242    0.27661807    0.26696008    0.29534305    0.30487104    0.21700843    0.14422505    0.14155354    0.14676434    0.14676434    0.12485036    0.16248425    0.14728738    0.14218268    0.14728738    0.14294100    0.17266821    0.15705278    0.02034068    0.00000000

