24
T12            0.00000000    0.33043741    0.32991401    0.33695014    0.23095747    0.22597352    0.23743919    0.30180058    0.28001623    0.15072786    0.19352907    0.19378130    0.14220483    0.15949380    0.16230680    0.15008364    0.16031366    0.13105554    0.13338174    0.16295527    0.07380960    0.13684260    0.13200030    0.09869150
T14            0.33043741    0.00000000    0.00200301    0.06074513    0.24061286    0.24430129    0.26825174    0.40611173    0.36247425    0.28439479    0.31903248    0.32278476    0.27348671    0.29177557    0.30112128    0.28326351    0.28290884    0.27722739    0.27680426    0.30983564    0.28929082    0.35979107    0.36030096    0.31687374
T5             0.32991401    0.00200301    0.00000000    0.06289465    0.24330856    0.24700061    0.27102615    0.40938728    0.36558429    0.28721820    0.32199605    0.32575864    0.27628420    0.29463564    0.30401396    0.28608960    0.28573601    0.27766134    0.27959357    0.31274688    0.29213843    0.36290113    0.36341078    0.31982316
T1             0.33695014    0.06074513    0.06289465    0.00000000    0.26792457    0.27206959    0.29741038    0.41754740    0.38821272    0.30451268    0.33301255    0.33692940    0.28645451    0.30769254    0.31477910    0.29656008    0.29942712    0.30989661    0.30937415    0.34050585    0.31185510    0.39273463    0.39335700    0.33692940
T18            0.23095747    0.24061286    0.24330856    0.26792457    0.00000000    0.02233007    0.09216968    0.32155164    0.29108443    0.20856973    0.25192312    0.24624536    0.20496220    0.22419407    0.22114304    0.19420863    0.20772793    0.21297924    0.20983619    0.23979522    0.22179188    0.28823341    0.28857444    0.24971031
T19            0.22597352    0.24430129    0.24700061    0.27206959    0.02233007    0.00000000    0.09018355    0.32643289    0.29537078    0.20648041    0.24971031    0.24403747    0.20278229    0.22202796    0.21330591    0.19201902    0.20555583    0.21101859    0.20784742    0.23775790    0.21966018    0.28608960    0.28645451    0.24755647
T4             0.23743919    0.26825174    0.27102615    0.29741038    0.09216968    0.09018355    0.00000000    0.32940289    0.31142708    0.22919576    0.27070019    0.26177880    0.22227389    0.24217385    0.23599641    0.21114970    0.22515162    0.23421371    0.23384393    0.26180435    0.22568973    0.28892692    0.28929082    0.25327116
T20            0.30180058    0.40611173    0.40938728    0.41754740    0.32155164    0.32643289    0.32940289    0.00000000    0.09686750    0.28181579    0.34524831    0.33506424    0.29072098    0.32264532    0.31624118    0.28369322    0.31333014    0.29045004    0.27999282    0.32377516    0.28001623    0.33238509    0.33289617    0.32104017
T21            0.28001623    0.36247425    0.36558429    0.38821272    0.29108443    0.29537078    0.31142708    0.09686750    0.00000000    0.26493559    0.32297595    0.32347498    0.27361288    0.29545257    0.29499854    0.26378762    0.28239371    0.26892488    0.26219819    0.30117155    0.27206959    0.34090773    0.33439508    0.31906779
T6             0.15072786    0.28439479    0.28721820    0.30451268    0.20856973    0.20648041    0.22919576    0.28181579    0.26493559    0.00000000    0.10785126    0.10794447    0.07156148    0.08947734    0.08725104    0.07614415    0.08061552    0.14082313    0.13551681    0.16251452    0.15467298    0.21786095    0.21814842    0.16416760
T13            0.19352907    0.31903248    0.32199605    0.33301255    0.25192312    0.24971031    0.27070019    0.34524831    0.32297595    0.10785126    0.00000000    0.01210035    0.06055982    0.07819507    0.07599879    0.11754344    0.12719066    0.17762647    0.17473350    0.20599921    0.20321006    0.25629740    0.25660801    0.21611852
T8             0.19378130    0.32278476    0.32575864    0.33692940    0.24624536    0.24403747    0.26177880    0.33506424    0.32347498    0.10794447    0.01210035    0.00000000    0.06061472    0.07826222    0.07606791    0.11766760    0.12733116    0.18327823    0.18032516    0.21187674    0.19789074    0.25055540    0.25085804    0.21071298
T7             0.14220483    0.27348671    0.27628420    0.28645451    0.20496220    0.20278229    0.22227389    0.29072098    0.27361288    0.07156148    0.06055982    0.06061472    0.00000000    0.02440606    0.02647125    0.07162745    0.07833652    0.13496756    0.13229815    0.16434819    0.15397484    0.21397039    0.21421122    0.16612475
T0             0.15949380    0.29177557    0.29463564    0.30769254    0.22419407    0.22202796    0.24217385    0.32264532    0.29545257    0.08947734    0.07819507    0.07826222    0.02440606    0.00000000    0.03692440    0.08955635    0.09410939    0.15208634    0.14933938    0.17948470    0.17151842    0.22728787    0.22753064    0.18394556
T16            0.16230680    0.30112128    0.30401396    0.31477910    0.22114304    0.21330591    0.23599641    0.31624118    0.29499854    0.08725104    0.07599879    0.07606791    0.02647125    0.03692440    0.00000000    0.08733201    0.09419925    0.15227500    0.14951308    0.18237280    0.17169382    0.23042502    0.23068625    0.18411172
T2             0.15008364    0.28326351    0.28608960    0.29656008    0.19420863    0.19201902    0.21114970    0.28369322    0.26378762    0.07614415    0.11754344    0.11766760    0.07162745    0.08955635    0.08733201    0.00000000    0.05867964    0.14021097    0.13496756    0.15930990    0.15413678    0.21705613    0.21731477    0.16627752
T22            0.16031366    0.28290884    0.28573601    0.29942712    0.20772793    0.20555583    0.22515162    0.31333014    0.28239371    0.08061552    0.12719066    0.12733116    0.07833652    0.09410939    0.09419925    0.05867964    0.00000000    0.14770347    0.14238334    0.16697566    0.16173451    0.22252965    0.22279519    0.17663437
T17            0.13105554    0.27722739    0.27766134    0.30989661    0.21297924    0.21101859    0.23421371    0.29045004    0.26892488    0.14082313    0.17762647    0.18327823    0.13496756    0.15208634    0.15227500    0.14021097    0.14770347    0.00000000    0.02859817    0.05836130    0.12284509    0.18303857    0.18327823    0.14203443
T10            0.13338174    0.27680426    0.27959357    0.30937415    0.20983619    0.20784742    0.23384393    0.27999282    0.26219819    0.13551681    0.17473350    0.18032516    0.13229815    0.14933938    0.14951308    0.13496756    0.14238334    0.02859817    0.00000000    0.03697751    0.12269336    0.18280776    0.18303857    0.14187216
T3             0.16295527    0.30983564    0.31274688    0.34050585    0.23979522    0.23775790    0.26180435    0.32377516    0.30117155    0.16251452    0.20599921    0.21187674    0.16434819    0.17948470    0.18237280    0.15930990    0.16697566    0.05836130    0.03697751    0.00000000    0.15173394    0.21213815    0.20956401    0.17207093
T23            0.07380960    0.28929082    0.29213843    0.31185510    0.22179188    0.21966018    0.22568973    0.28001623    0.27206959    0.15467298    0.20321006    0.19789074    0.15397484    0.17151842    0.17169382    0.15413678    0.16173451    0.12284509    0.12269336    0.15173394    0.00000000    0.06932347    0.06492832    0.06263020
T15            0.13684260    0.35979107    0.36290113    0.39273463    0.28823341    0.28608960    0.28892692    0.33238509    0.34090773    0.21786095    0.25629740    0.25055540    0.21397039    0.22728787    0.23042502    0.21705613    0.22252965    0.18303857    0.18280776    0.21213815    0.06932347    0.00000000    0.00805164    0.11953013
T9             0.13200030    0.36030096    0.36341078    0.39335700    0.28857444    0.28645451    0.28929082    0.33289617    0.33439508    0.21814842    0.25660801    0.25085804    0.21421122    0.22753064    0.23068625    0.21731477    0.22279519    0.18327823    0.18303857    0.20956401    0.06492832    0.00805164    0.00000000    0.11962890
T11            0.09869150    0.31687374    0.31982316    0.33692940    0.24971031    0.24755647    0.25327116    0.32104017    0.31906779    0.16416760    0.21611852    0.21071298    0.16612475    0.18394556    0.18411172    0.16627752    0.17663437    0.14203443    0.14187216    0.17207093    0.06263020    0.11953013    0.11962890    0.00000000

