24
T6             0.00000000    0.29506986    0.32809644    0.31085536    0.29506986    0.36747102    0.34253553    0.38196385    0.37185127    0.38013558    0.31037766    0.31037766    0.30322491    0.29704792    0.32460005    0.33460104    0.32165328    0.32864629    0.44986219    0.29838011    0.29748052    0.30079064    0.24917488    0.24952132
T14            0.29506986    0.00000000    0.02236567    0.01823281    0.01210981    0.14458986    0.11767690    0.13465380    0.12501946    0.12764807    0.15229238    0.14971159    0.15210306    0.15749452    0.17640483    0.16806501    0.17999416    0.17724171    0.29981522    0.23317869    0.23020455    0.23918089    0.20881755    0.20340487
T20            0.32809644    0.02236567    0.00000000    0.03701483    0.03073591    0.16455630    0.13936397    0.15691077    0.14696818    0.14971159    0.17835269    0.17564548    0.17810951    0.18107472    0.20372755    0.19491308    0.20764683    0.19900684    0.31925535    0.26307784    0.25993455    0.26942469    0.23163328    0.22603007
T4             0.31085536    0.01823281    0.03701483    0.00000000    0.02653317    0.16193484    0.13936397    0.15691077    0.14696818    0.14971159    0.17027490    0.16761121    0.17005367    0.17564548    0.19803391    0.18656392    0.19900684    0.18216476    0.32387407    0.25370697    0.25062220    0.25993455    0.22864102    0.22306454
T19            0.29506986    0.01210981    0.03073591    0.02653317    0.00000000    0.14425935    0.11743549    0.13435837    0.12474186    0.12734237    0.15229238    0.14971159    0.15210306    0.15749452    0.17640483    0.16587468    0.17999416    0.17724171    0.29314985    0.23020455    0.22138744    0.23020455    0.20594619    0.20340487
T7             0.36747102    0.14458986    0.16455630    0.16193484    0.14425935    0.00000000    0.15383578    0.16645619    0.15640301    0.15656377    0.23482722    0.23482722    0.23451621    0.24079297    0.25024500    0.25913225    0.24297766    0.25451135    0.36809085    0.29552569    0.28569267    0.29222635    0.25874674    0.25294367
T18            0.34253553    0.11767690    0.13936397    0.13936397    0.11743549    0.15383578    0.00000000    0.07870995    0.06979783    0.07217509    0.22108078    0.22108078    0.22078377    0.22692412    0.23918089    0.23882100    0.23126151    0.24645224    0.35879100    0.29838011    0.28851476    0.29506986    0.25681101    0.25332018
T8             0.38196385    0.13465380    0.15691077    0.15691077    0.13435837    0.16645619    0.07870995    0.00000000    0.02440633    0.02650621    0.23218309    0.23218309    0.23187098    0.23813110    0.25993455    0.25952819    0.26438948    0.24954690    0.38649074    0.31425607    0.30747776    0.31425607    0.27494941    0.27131982
T17            0.37185127    0.12501946    0.14696818    0.14696818    0.12474186    0.15640301    0.06979783    0.02440633    0.00000000    0.01008438    0.21818467    0.22108078    0.21559507    0.22692412    0.25140720    0.24793432    0.25266095    0.24337673    0.37249890    0.30506750    0.29506986    0.30171256    0.26307784    0.25952819
T1             0.38013558    0.12764807    0.14971159    0.14971159    0.12734237    0.15656377    0.07217509    0.02650621    0.01008438    0.00000000    0.22138744    0.22430914    0.22399387    0.23020455    0.25492890    0.25140720    0.25624278    0.24687086    0.37697844    0.30894648    0.29884707    0.30555716    0.26667807    0.26307784
T3             0.31037766    0.15229238    0.17835269    0.17027490    0.15229238    0.23482722    0.22108078    0.23218309    0.21818467    0.22138744    0.00000000    0.02444505    0.02442249    0.02444505    0.09699993    0.09687466    0.09476634    0.10400713    0.25634214    0.22230665    0.21944419    0.21659812    0.19011543    0.19033360
T10            0.31037766    0.14971159    0.17564548    0.16761121    0.14971159    0.23482722    0.22108078    0.23218309    0.22108078    0.22430914    0.02444505    0.00000000    0.00804341    0.02029494    0.10148898    0.09900107    0.09924080    0.10640754    0.26245372    0.22808149    0.22808149    0.23099427    0.19560390    0.19583736
T16            0.30322491    0.15210306    0.17810951    0.17005367    0.15210306    0.23451621    0.22078377    0.23187098    0.21559507    0.22399387    0.02442249    0.00804341    0.00000000    0.02028108    0.10136714    0.10125276    0.09911723    0.10626669    0.26830202    0.22781778    0.22781778    0.23072200    0.19537967    0.19560390
T9             0.29704792    0.15749452    0.18107472    0.17564548    0.15749452    0.24079297    0.22692412    0.23813110    0.22692412    0.23020455    0.02444505    0.02029494    0.02028108    0.00000000    0.09675675    0.09664621    0.09451974    0.09924080    0.26864138    0.23099427    0.22808149    0.23099427    0.19011543    0.19033360
T23            0.32460005    0.17640483    0.20372755    0.19803391    0.17640483    0.25024500    0.23918089    0.25993455    0.25140720    0.25492890    0.09699993    0.10148898    0.10136714    0.09675675    0.00000000    0.06090605    0.08552463    0.11666631    0.27924375    0.24380292    0.23780115    0.24079297    0.19686287    0.19714205
T12            0.33460104    0.16806501    0.19491308    0.18656392    0.16587468    0.25913225    0.23882100    0.25952819    0.24793432    0.25140720    0.09687466    0.09900107    0.10125276    0.09664621    0.06090605    0.00000000    0.08310139    0.11612682    0.29506986    0.23451621    0.22863874    0.23156879    0.19608001    0.19355683
T2             0.32165328    0.17999416    0.20764683    0.19900684    0.17999416    0.24297766    0.23126151    0.26438948    0.25266095    0.25624278    0.09476634    0.09924080    0.09911723    0.09451974    0.08552463    0.08310139    0.00000000    0.11192906    0.29268248    0.22923556    0.22630541    0.22923556    0.18555383    0.18579299
T5             0.32864629    0.17724171    0.19900684    0.18216476    0.17724171    0.25451135    0.24645224    0.24954690    0.24337673    0.24687086    0.10400713    0.10640754    0.10626669    0.09924080    0.11666631    0.11612682    0.11192906    0.00000000    0.29932544    0.23514820    0.24415115    0.24718874    0.21362496    0.21394411
T13            0.44986219    0.29981522    0.31925535    0.32387407    0.29314985    0.36809085    0.35879100    0.38649074    0.37249890    0.37697844    0.25634214    0.26245372    0.26830202    0.26864138    0.27924375    0.29506986    0.29268248    0.29932544    0.00000000    0.31778940    0.31282829    0.31614874    0.31282363    0.32011378
T0             0.29838011    0.23317869    0.26307784    0.25370697    0.23020455    0.29552569    0.29838011    0.31425607    0.30506750    0.30894648    0.22230665    0.22808149    0.22781778    0.23099427    0.24380292    0.23451621    0.22923556    0.23514820    0.31778940    0.00000000    0.11525329    0.11284144    0.16517723    0.16540124
T22            0.29748052    0.23020455    0.25993455    0.25062220    0.22138744    0.28569267    0.28851476    0.30747776    0.29506986    0.29884707    0.21944419    0.22808149    0.22781778    0.22808149    0.23780115    0.22863874    0.22630541    0.24415115    0.31282829    0.11525329    0.00000000    0.00603651    0.16783384    0.16806501
T21            0.30079064    0.23918089    0.26942469    0.25993455    0.23020455    0.29222635    0.29506986    0.31425607    0.30171256    0.30555716    0.21659812    0.23099427    0.23072200    0.23099427    0.24079297    0.23156879    0.22923556    0.24718874    0.31614874    0.11284144    0.00603651    0.00000000    0.17050473    0.17074314
T15            0.24917488    0.20881755    0.23163328    0.22864102    0.20594619    0.25874674    0.25681101    0.27494941    0.26307784    0.26667807    0.19011543    0.19560390    0.19537967    0.19011543    0.19686287    0.19608001    0.18555383    0.21362496    0.31282363    0.16517723    0.16783384    0.17050473    0.00000000    0.00805169
T11            0.24952132    0.20340487    0.22603007    0.22306454    0.20340487    0.25294367    0.25332018    0.27131982    0.25952819    0.26307784    0.19033360    0.19583736    0.19560390    0.19033360    0.19714205    0.19355683    0.18579299    0.21394411    0.32011378    0.16540124    0.16806501    0.17074314    0.00805169    0.00000000

