24
T10            0.00000000    0.18930663    0.18896325    0.22006498    0.18615002    0.25842537    0.20877174    0.21680056    0.23841657    0.23458364    0.22711735    0.24638514    0.24371917    0.21199532    0.25522595    0.24712926    0.22617501    0.24060241    0.27872776    0.27493299    0.29209421    0.15050125    0.17857306    0.19896118
T18            0.18930663    0.00000000    0.00200301    0.10361544    0.06763175    0.13966788    0.08964155    0.11984799    0.13714681    0.13463845    0.12779734    0.16272651    0.16030956    0.13012294    0.17719844    0.16453330    0.11139056    0.13847282    0.24990400    0.24106301    0.26347268    0.14790788    0.15726934    0.17937768
T15            0.18896325    0.00200301    0.00000000    0.10135828    0.06979275    0.14203142    0.09187119    0.11754145    0.13698932    0.13448728    0.12763331    0.16251043    0.16009209    0.12996051    0.17700004    0.16434419    0.11123098    0.13825961    0.24947748    0.24065533    0.26298574    0.14769999    0.15707550    0.17910084
T22            0.22006498    0.10361544    0.10135828    0.00000000    0.10373508    0.16416365    0.12437381    0.14118089    0.16643500    0.16123537    0.15156689    0.18486219    0.18236784    0.15654440    0.20257656    0.18948876    0.14220177    0.15988299    0.28837398    0.29555497    0.32029212    0.18032018    0.19282138    0.20471171
T17            0.18615002    0.06763175    0.06979275    0.10373508    0.00000000    0.13731235    0.09439979    0.12732877    0.14493364    0.14457175    0.12547949    0.16560652    0.16318387    0.13280171    0.18507360    0.17226811    0.10460873    0.13105253    0.25887145    0.24990400    0.27268496    0.15288670    0.17024804    0.18184416
T4             0.25842537    0.13966788    0.14203142    0.16416365    0.13731235    0.00000000    0.08947622    0.19767244    0.21730760    0.21680012    0.20136708    0.22918754    0.23182247    0.19282138    0.24377515    0.23572990    0.19152534    0.20499550    0.31969258    0.30308395    0.33381491    0.20391589    0.21680012    0.22918754
T23            0.20877174    0.08964155    0.09187119    0.12437381    0.09439979    0.08947622    0.00000000    0.14356357    0.16139188    0.16108748    0.14662396    0.16678402    0.16923244    0.14143153    0.20238638    0.18661709    0.13983984    0.15747154    0.27487078    0.26259095    0.28460039    0.16941827    0.17947995    0.19882745
T8             0.21680056    0.11984799    0.11754145    0.14118089    0.12732877    0.19767244    0.14356357    0.00000000    0.04973128    0.04966273    0.04334548    0.07614331    0.07395801    0.09888445    0.19691593    0.18127844    0.13199776    0.15486471    0.27319879    0.28561312    0.30935764    0.16643500    0.17381695    0.21240208
T13            0.23841657    0.13714681    0.13698932    0.16643500    0.14493364    0.21730760    0.16139188    0.04973128    0.00000000    0.04966273    0.05200608    0.08761737    0.08540579    0.11321447    0.21633137    0.20021967    0.13698932    0.16537494    0.29259562    0.30209740    0.32318579    0.18507360    0.20088019    0.22687529
T12            0.23458364    0.13463845    0.13448728    0.16123537    0.14457175    0.21680012    0.16108748    0.04966273    0.04966273    0.00000000    0.05190106    0.08973518    0.08751465    0.11295143    0.20514431    0.18930804    0.14678278    0.16493713    0.29022979    0.29972048    0.32433884    0.17472893    0.19304625    0.21874436
T9             0.22711735    0.12779734    0.12763331    0.15156689    0.12547949    0.20136708    0.14662396    0.04334548    0.05200608    0.05190106    0.00000000    0.06520070    0.06304807    0.09936209    0.19534858    0.18465978    0.13012294    0.15310820    0.27809290    0.28740964    0.31151576    0.16716760    0.18258081    0.21357965
T20            0.24638514    0.16272651    0.16251043    0.18486219    0.16560652    0.22918754    0.16678402    0.07614331    0.08761737    0.08973518    0.06520070    0.00000000    0.00200301    0.13280171    0.21611161    0.20554958    0.16515180    0.18404453    0.29214149    0.30258496    0.32613259    0.18757529    0.20904133    0.23542612
T6             0.24371917    0.16030956    0.16009209    0.18236784    0.16318387    0.23182247    0.16923244    0.07395801    0.08540579    0.08751465    0.06304807    0.00200301    0.00000000    0.13047137    0.21351095    0.20298536    0.16272651    0.18156837    0.28930988    0.30546078    0.32318579    0.18507360    0.20647395    0.23278446
T7             0.21199532    0.13012294    0.12996051    0.15654440    0.13280171    0.19282138    0.14143153    0.09888445    0.11321447    0.11295143    0.09936209    0.13280171    0.13047137    0.00000000    0.20298536    0.18987775    0.14001983    0.15812802    0.26807479    0.27083243    0.28413457    0.16961277    0.19328024    0.20189095
T19            0.25522595    0.17719844    0.17700004    0.20257656    0.18507360    0.24377515    0.20238638    0.19691593    0.21633137    0.20514431    0.19534858    0.21611161    0.21351095    0.20298536    0.00000000    0.01824842    0.19882745    0.21584984    0.34220679    0.33803987    0.35684736    0.20812325    0.24377515    0.24754717
T1             0.24712926    0.16453330    0.16434419    0.18948876    0.17226811    0.23572990    0.18661709    0.18127844    0.20021967    0.18930804    0.18465978    0.20554958    0.20298536    0.18987775    0.01824842    0.00000000    0.18576150    0.20245160    0.31225646    0.30834801    0.32613259    0.20043050    0.23281889    0.23359788
T3             0.22617501    0.11139056    0.11123098    0.14220177    0.10460873    0.19152534    0.13983984    0.13199776    0.13698932    0.14678278    0.13012294    0.16515180    0.16272651    0.14001983    0.19882745    0.18576150    0.00000000    0.07434050    0.28377395    0.27347080    0.29379809    0.17637256    0.19710390    0.20655224
T5             0.24060241    0.13847282    0.13825961    0.15988299    0.13105253    0.20499550    0.15747154    0.15486471    0.16537494    0.16493713    0.15310820    0.18404453    0.18156837    0.15812802    0.21584984    0.20245160    0.07434050    0.00000000    0.27623726    0.29220258    0.30288363    0.18680297    0.21357965    0.20877174
T2             0.27872776    0.24990400    0.24947748    0.28837398    0.25887145    0.31969258    0.27487078    0.27319879    0.29259562    0.29022979    0.27809290    0.29214149    0.28930988    0.26807479    0.34220679    0.31225646    0.28377395    0.27623726    0.00000000    0.06704599    0.08733093    0.20499550    0.23245396    0.25798950
T0             0.27493299    0.24106301    0.24065533    0.29555497    0.24990400    0.30308395    0.26259095    0.28561312    0.30209740    0.29972048    0.28740964    0.30258496    0.30546078    0.27083243    0.33803987    0.30834801    0.27347080    0.29220258    0.06704599    0.00000000    0.04338911    0.20528850    0.23509657    0.25756387
T21            0.29209421    0.26347268    0.26298574    0.32029212    0.27268496    0.33381491    0.28460039    0.30935764    0.32318579    0.32433884    0.31151576    0.32613259    0.32318579    0.28413457    0.35684736    0.32613259    0.29379809    0.30288363    0.08733093    0.04338911    0.00000000    0.21133002    0.24749543    0.26431151
T14            0.15050125    0.14790788    0.14769999    0.18032018    0.15288670    0.20391589    0.16941827    0.16643500    0.18507360    0.17472893    0.16716760    0.18757529    0.18507360    0.16961277    0.20812325    0.20043050    0.17637256    0.18680297    0.20499550    0.20528850    0.21133002    0.00000000    0.04969363    0.07641432
T16            0.17857306    0.15726934    0.15707550    0.19282138    0.17024804    0.21680012    0.17947995    0.17381695    0.20088019    0.19304625    0.18258081    0.20904133    0.20647395    0.19328024    0.24377515    0.23281889    0.19710390    0.21357965    0.23245396    0.23509657    0.24749543    0.04969363    0.00000000    0.08511387
T11            0.19896118    0.17937768    0.17910084    0.20471171    0.18184416    0.22918754    0.19882745    0.21240208    0.22687529    0.21874436    0.21357965    0.23542612    0.23278446    0.20189095    0.24754717    0.23359788    0.20655224    0.20877174    0.25798950    0.25756387    0.26431151    0.07641432    0.08511387    0.00000000

