24
T8             0.00000000    0.37429863    0.30880616    0.25255871    0.24944811    0.25441389    0.32608427    0.27115530    0.23798141    0.22893165    0.22893165    0.24635680    0.24862695    0.22820120    0.22489653    0.22717759    0.27945426    0.20908072    0.26793413    0.24710520    0.23381108    0.23984397    0.20390202    0.21904089
T10            0.37429863    0.00000000    0.04969313    0.29040724    0.28077621    0.27099191    0.34339567    0.31315697    0.25657693    0.25962989    0.25962989    0.26821776    0.27377691    0.29938143    0.29571271    0.30805074    0.35511259    0.26963065    0.33883456    0.31199967    0.29819808    0.31723922    0.33386518    0.34953349
T17            0.30880616    0.04969313    0.00000000    0.24607002    0.23710274    0.22802216    0.29571271    0.26725198    0.22304618    0.22016095    0.22016095    0.22594822    0.23121298    0.25385352    0.25052656    0.26205527    0.29979900    0.23414916    0.30112076    0.26975776    0.25962989    0.27445742    0.29001041    0.29780357
T7             0.25255871    0.29040724    0.24607002    0.00000000    0.02862904    0.08511174    0.15466100    0.11138503    0.08079270    0.07850343    0.07850343    0.08732880    0.08963922    0.18678814    0.18376495    0.18874564    0.22335027    0.15505913    0.22449208    0.21038447    0.19767019    0.19767019    0.20588367    0.21267538
T14            0.24944811    0.28077621    0.23710274    0.02862904    0.00000000    0.07825976    0.14439636    0.10413408    0.07395622    0.07169809    0.07169809    0.08502905    0.08732880    0.17314923    0.17023726    0.17514435    0.21387820    0.14219471    0.20976448    0.19907166    0.18651513    0.19206144    0.19178178    0.19828801
T4             0.25441389    0.27099191    0.22802216    0.08511174    0.07825976    0.00000000    0.13420417    0.09663546    0.06704512    0.06483217    0.06483217    0.07133681    0.08028796    0.17246809    0.16433581    0.17451959    0.21295485    0.14677610    0.22263623    0.19238871    0.17987201    0.19075249    0.18824629    0.19681085
T2             0.32608427    0.34339567    0.29571271    0.15466100    0.14439636    0.13420417    0.00000000    0.09888146    0.13683431    0.12938531    0.12938531    0.13656041    0.14156367    0.22947978    0.22916862    0.23741058    0.27163804    0.19579183    0.28737341    0.25626722    0.24274732    0.25484902    0.25213914    0.26176601
T9             0.27115530    0.31315697    0.26725198    0.11138503    0.10413408    0.09663546    0.09888146    0.00000000    0.09698713    0.09462742    0.09462742    0.08973264    0.09674535    0.20180241    0.19861034    0.20366347    0.23271695    0.16851119    0.24453333    0.22392798    0.21099273    0.21678047    0.21068395    0.21454044
T11            0.23798141    0.25657693    0.22304618    0.08079270    0.07395622    0.06704512    0.13683431    0.09698713    0.00000000    0.01420045    0.01420045    0.05846665    0.06067479    0.16029936    0.15746229    0.16229349    0.20019493    0.13245007    0.19828801    0.18485183    0.17246809    0.18326049    0.17537002    0.18651513
T13            0.22893165    0.25962989    0.22016095    0.07850343    0.07169809    0.06483217    0.12938531    0.09462742    0.01420045    0.00000000    0.00000000    0.05626826    0.05846665    0.15245954    0.14968373    0.15447439    0.19178178    0.12500081    0.18985087    0.17680164    0.16452447    0.17514435    0.17001740    0.18102987
T23            0.22893165    0.25962989    0.22016095    0.07850343    0.07169809    0.06483217    0.12938531    0.09462742    0.01420045    0.00000000    0.00000000    0.05626826    0.05846665    0.15245954    0.14968373    0.15447439    0.19178178    0.12500081    0.18985087    0.17680164    0.16452447    0.17514435    0.17001740    0.18102987
T6             0.24635680    0.26821776    0.22594822    0.08732880    0.08502905    0.07133681    0.13656041    0.08973264    0.05846665    0.05626826    0.05626826    0.00000000    0.02236514    0.17001740    0.16715830    0.17205720    0.21038447    0.13714052    0.21131079    0.19766151    0.18506271    0.19326765    0.19029180    0.19099636
T18            0.24862695    0.27377691    0.23121298    0.08963922    0.08732880    0.08028796    0.14156367    0.09674535    0.06067479    0.05846665    0.05846665    0.02236514    0.00000000    0.17001740    0.16715830    0.17205720    0.21038447    0.14474116    0.22004333    0.20041900    0.18778271    0.19603293    0.19579183    0.19654246
T1             0.22820120    0.29938143    0.25385352    0.18678814    0.17314923    0.17246809    0.22947978    0.20180241    0.16029936    0.15245954    0.15245954    0.17001740    0.17001740    0.00000000    0.01417452    0.01414122    0.06322733    0.12254227    0.19485792    0.17186479    0.14932901    0.15967347    0.17225830    0.16757524
T12            0.22489653    0.29571271    0.25052656    0.18376495    0.17023726    0.16433581    0.22916862    0.19861034    0.15746229    0.14968373    0.14968373    0.16715830    0.16715830    0.01417452    0.00000000    0.01210965    0.06537647    0.11996601    0.19178178    0.17432884    0.15172347    0.16209476    0.16980612    0.16514156
T22            0.22717759    0.30805074    0.26205527    0.18874564    0.17514435    0.17451959    0.23741058    0.20366347    0.16229349    0.15447439    0.15447439    0.17205720    0.17205720    0.01414122    0.01210965    0.00000000    0.06519907    0.12459874    0.19681085    0.17928325    0.15653732    0.16696267    0.17471911    0.17001740
T20            0.27945426    0.35511259    0.29979900    0.22335027    0.21387820    0.21295485    0.27163804    0.23271695    0.20019493    0.19178178    0.19178178    0.21038447    0.21038447    0.06322733    0.06537647    0.06519907    0.00000000    0.16250068    0.23719631    0.20928003    0.18551132    0.19654246    0.21841991    0.21356106
T21            0.20908072    0.26963065    0.23414916    0.15505913    0.14219471    0.14677610    0.19579183    0.16851119    0.13245007    0.12500081    0.12500081    0.13714052    0.14474116    0.12254227    0.11996601    0.12459874    0.16250068    0.00000000    0.16271628    0.15366699    0.13420417    0.14170920    0.15172347    0.14968373
T0             0.26793413    0.33883456    0.30112076    0.22449208    0.20976448    0.22263623    0.28737341    0.24453333    0.19828801    0.18985087    0.18985087    0.21131079    0.22004333    0.19485792    0.19178178    0.19681085    0.23719631    0.16271628    0.00000000    0.17881909    0.15859538    0.17474243    0.20049842    0.20433197
T19            0.24710520    0.31199967    0.26975776    0.21038447    0.19907166    0.19238871    0.25626722    0.22392798    0.18485183    0.17680164    0.17680164    0.19766151    0.20041900    0.17186479    0.17432884    0.17928325    0.20928003    0.15366699    0.17881909    0.00000000    0.05825167    0.06483217    0.16138481    0.16452447
T3             0.23381108    0.29819808    0.25962989    0.19767019    0.18651513    0.17987201    0.24274732    0.21099273    0.17246809    0.16452447    0.16452447    0.18506271    0.18778271    0.14932901    0.15172347    0.15653732    0.18551132    0.13420417    0.15859538    0.05825167    0.00000000    0.02236514    0.14423621    0.14730069
T15            0.23984397    0.31723922    0.27445742    0.19767019    0.19206144    0.19075249    0.25484902    0.21678047    0.18326049    0.17514435    0.17514435    0.19326765    0.19603293    0.15967347    0.16209476    0.16696267    0.19654246    0.14170920    0.17474243    0.06483217    0.02236514    0.00000000    0.14932901    0.15767235
T5             0.20390202    0.33386518    0.29001041    0.20588367    0.19178178    0.18824629    0.25213914    0.21068395    0.17537002    0.17001740    0.17001740    0.19029180    0.19579183    0.17225830    0.16980612    0.17471911    0.21841991    0.15172347    0.20049842    0.16138481    0.14423621    0.14932901    0.00000000    0.03919323
T16            0.21904089    0.34953349    0.29780357    0.21267538    0.19828801    0.19681085    0.26176601    0.21454044    0.18651513    0.18102987    0.18102987    0.19099636    0.19654246    0.16757524    0.16514156    0.17001740    0.21356106    0.14968373    0.20433197    0.16452447    0.14730069    0.15767235    0.03919323    0.00000000

