24
T12            0.00000000    0.24022447    0.26472505    0.27206332    0.27896949    0.30513689    0.31169438    0.31511369    0.35183884    0.33854950    0.34035363    0.30932409    0.30977470    0.31723107    0.27724500    0.27480778    0.28358329    0.30266843    0.30888524    0.30398791    0.26763637    0.27039447    0.25903185    0.25555834
T10            0.24022447    0.00000000    0.05001855    0.07850290    0.09725702    0.11683538    0.10838681    0.16316984    0.20619867    0.18430072    0.23917996    0.20697367    0.23873585    0.25113536    0.21524257    0.21295055    0.20724618    0.22947487    0.24709917    0.22455899    0.19205753    0.19737064    0.18706605    0.19515012
T0             0.26472505    0.05001855    0.00000000    0.08761390    0.10188245    0.12410982    0.11307377    0.16029680    0.20302672    0.18955740    0.25082342    0.21524257    0.23242837    0.25384839    0.21783287    0.20697367    0.20697367    0.21755593    0.23475223    0.21553026    0.19177803    0.19708435    0.18678441    0.19485384
T3             0.27206332    0.07850290    0.08761390    0.00000000    0.11350137    0.13612237    0.12979901    0.16850809    0.21488006    0.19545531    0.25294768    0.21728858    0.25248660    0.26512164    0.22857140    0.22332613    0.22332613    0.23414466    0.24875607    0.23210866    0.20160636    0.20697367    0.19653887    0.20469203
T2             0.27896949    0.09725702    0.10188245    0.11350137    0.00000000    0.06558050    0.06498415    0.16779381    0.21677541    0.20019066    0.26788621    0.23149879    0.25519559    0.28678292    0.23709804    0.23772328    0.23475223    0.24574017    0.26137716    0.24371904    0.20469203    0.21009020    0.20526716    0.21355639
T20            0.30513689    0.11683538    0.12410982    0.13612237    0.06558050    0.00000000    0.08319785    0.17881568    0.24409984    0.22669562    0.25596340    0.22304207    0.23444348    0.27132199    0.22566111    0.22916392    0.22623648    0.23709804    0.25484320    0.23507091    0.20214705    0.20187212    0.19708435    0.20526716
T11            0.31169438    0.10838681    0.11307377    0.12979901    0.06498415    0.08319785    0.00000000    0.18030598    0.23838840    0.22131737    0.29104139    0.25353766    0.25930570    0.29746092    0.24724213    0.24482802    0.24482802    0.25294768    0.27098632    0.25384839    0.23179879    0.23149879    0.22361988    0.23507091
T23            0.31511369    0.16316984    0.16029680    0.16850809    0.16779381    0.17881568    0.18030598    0.00000000    0.16209258    0.15987141    0.27283398    0.23280065    0.25930570    0.27844522    0.24427132    0.23890388    0.24131812    0.25294768    0.26788621    0.25689183    0.22594391    0.23149879    0.22071797    0.23210866
T22            0.35183884    0.20619867    0.20302672    0.21488006    0.21677541    0.24409984    0.23838840    0.16209258    0.00000000    0.04128745    0.35456612    0.29284870    0.34703679    0.36074480    0.31900394    0.31996258    0.32586571    0.33581724    0.34952127    0.33387873    0.29918531    0.29871049    0.30016890    0.30641781
T17            0.33854950    0.18430072    0.18955740    0.19545531    0.20019066    0.22669562    0.22131737    0.15987141    0.04128745    0.00000000    0.34487380    0.29039977    0.33741934    0.33339654    0.29979092    0.30066001    0.30642450    0.32290815    0.33633884    0.32202351    0.28689998    0.28644669    0.29114566    0.29731582
T21            0.34035363    0.23917996    0.25082342    0.25294768    0.26788621    0.25596340    0.29104139    0.27283398    0.35456612    0.34487380    0.00000000    0.09888074    0.16433377    0.19182389    0.14129610    0.13631809    0.13858014    0.14846313    0.15111945    0.15140382    0.14564957    0.15055689    0.14584080    0.15582268
T6             0.30932409    0.20697367    0.21524257    0.21728858    0.23149879    0.22304207    0.25353766    0.23280065    0.29284870    0.29039977    0.09888074    0.00000000    0.12514912    0.15637600    0.10576573    0.10339497    0.10556845    0.11500964    0.12459772    0.11294644    0.10526550    0.11227062    0.11013178    0.11481265
T7             0.30977470    0.23873585    0.23242837    0.25248660    0.25519559    0.23444348    0.25930570    0.25930570    0.34703679    0.33741934    0.16433377    0.12514912    0.00000000    0.12283582    0.08100044    0.06979004    0.07641138    0.07631426    0.08540232    0.08355821    0.11721185    0.12194088    0.11984304    0.12459772
T4             0.31723107    0.25113536    0.25384839    0.26512164    0.28678292    0.27132199    0.29746092    0.27844522    0.36074480    0.33339654    0.19182389    0.15637600    0.12283582    0.00000000    0.08061215    0.08520107    0.08732829    0.11054136    0.12009467    0.11335126    0.14584080    0.15328306    0.14858622    0.15352958
T14            0.27724500    0.21524257    0.21783287    0.22857140    0.23709804    0.22566111    0.24724213    0.24427132    0.31900394    0.29979092    0.14129610    0.10576573    0.08100044    0.08061215    0.00000000    0.03914571    0.04120313    0.06282590    0.07169769    0.06528390    0.09602386    0.10526550    0.09382131    0.09838954
T8             0.27480778    0.21295055    0.20697367    0.22332613    0.23772328    0.22916392    0.24482802    0.23890388    0.31996258    0.30066001    0.13631809    0.10339497    0.06979004    0.08520107    0.03914571    0.00000000    0.01827033    0.05632666    0.06512027    0.05876101    0.08923268    0.09838954    0.09163809    0.09619675
T15            0.28358329    0.20724618    0.20697367    0.22332613    0.23475223    0.22623648    0.24482802    0.24131812    0.32586571    0.30642450    0.13858014    0.10556845    0.07641138    0.08732829    0.04120313    0.01827033    0.00000000    0.05840971    0.06721197    0.06081814    0.08915676    0.09828625    0.09382131    0.09607393
T1             0.30266843    0.22947487    0.21755593    0.23414466    0.24574017    0.23709804    0.25294768    0.25294768    0.33581724    0.32290815    0.14846313    0.11500964    0.07631426    0.11054136    0.06282590    0.05632666    0.05840971    0.00000000    0.03271294    0.03919307    0.10292821    0.10755179    0.10540163    0.11004863
T19            0.30888524    0.24709917    0.23475223    0.24875607    0.26137716    0.25484320    0.27098632    0.26788621    0.34952127    0.33633884    0.15111945    0.12459772    0.08540232    0.12009467    0.07169769    0.06512027    0.06721197    0.03271294    0.00000000    0.04776845    0.11227062    0.11695777    0.11481265    0.11952425
T13            0.30398791    0.22455899    0.21553026    0.23210866    0.24371904    0.23507091    0.25384839    0.25689183    0.33387873    0.32202351    0.15140382    0.11294644    0.08355821    0.11335126    0.06528390    0.05876101    0.06081814    0.03919307    0.04776845    0.00000000    0.10312731    0.10776109    0.10329818    0.10793918
T5             0.26763637    0.19205753    0.19177803    0.20160636    0.20469203    0.20214705    0.23179879    0.22594391    0.29918531    0.28689998    0.14564957    0.10526550    0.11721185    0.14584080    0.09602386    0.08923268    0.08915676    0.10292821    0.11227062    0.10312731    0.00000000    0.02031459    0.03066963    0.03485791
T18            0.27039447    0.19737064    0.19708435    0.20697367    0.21009020    0.20187212    0.23149879    0.23149879    0.29871049    0.28644669    0.15055689    0.11227062    0.12194088    0.15328306    0.10526550    0.09838954    0.09828625    0.10755179    0.11695777    0.10776109    0.02031459    0.00000000    0.03910488    0.04334484
T9             0.25903185    0.18706605    0.18678441    0.19653887    0.20526716    0.19708435    0.22361988    0.22071797    0.30016890    0.29114566    0.14584080    0.11013178    0.11984304    0.14858622    0.09382131    0.09163809    0.09382131    0.10540163    0.11481265    0.10329818    0.03066963    0.03910488    0.00000000    0.02028076
T16            0.25555834    0.19515012    0.19485384    0.20469203    0.21355639    0.20526716    0.23507091    0.23210866    0.30641781    0.29731582    0.15582268    0.11481265    0.12459772    0.15352958    0.09838954    0.09619675    0.09607393    0.11004863    0.11952425    0.10793918    0.03485791    0.04334484    0.02028076    0.00000000

