24
T19            0.00000000    0.37226065    0.39256452    0.42621788    0.39196656    0.42076568    0.42279675    0.40420419    0.38934178    0.37857902    0.40748659    0.40093646    0.40622161    0.22159887    0.21095432    0.21900233    0.19793479    0.19824533    0.20108761    0.24403714    0.18981428    0.19824533    0.18952744    0.18872003
T23            0.37226065    0.00000000    0.04343714    0.07150141    0.05206537    0.08298980    0.08308766    0.07205337    0.07859414    0.07186071    0.35737375    0.34768322    0.33895787    0.43154967    0.40172037    0.42815995    0.40951006    0.40231920    0.40621401    0.43563562    0.39845454    0.41409596    0.39256452    0.40621401
T22            0.39256452    0.04343714    0.00000000    0.05613442    0.03705492    0.08529434    0.07869561    0.06999540    0.08088810    0.07412863    0.36449671    0.35470606    0.34593180    0.43975528    0.40951006    0.43633203    0.42142731    0.41409596    0.41808410    0.44809800    0.41013943    0.42615721    0.41612168    0.42210434
T20            0.42621788    0.07150141    0.05613442    0.00000000    0.03063127    0.11042559    0.11053802    0.09909895    0.11042559    0.10339363    0.38591972    0.38311585    0.37396261    0.46702859    0.43581327    0.46347314    0.45222509    0.44873827    0.46135781    0.49777631    0.44460166    0.46135781    0.44390922    0.45290945
T16            0.39196656    0.05206537    0.03705492    0.03063127    0.00000000    0.09450257    0.09017079    0.07904214    0.09004957    0.08319264    0.36405113    0.35427132    0.34548136    0.44319461    0.41282110    0.43975528    0.42076568    0.41742321    0.42953314    0.46009289    0.41345096    0.42953314    0.41543134    0.41742321
T15            0.42076568    0.08298980    0.08529434    0.11042559    0.09450257    0.00000000    0.09439214    0.07859414    0.10825950    0.10598854    0.38496094    0.37489038    0.36230276    0.46995157    0.43837665    0.46639169    0.45083889    0.44736587    0.44736587    0.46995157    0.43088590    0.44736587    0.42210434    0.43495518
T18            0.42279675    0.08308766    0.07869561    0.11053802    0.09017079    0.09439214    0.00000000    0.03914492    0.10838139    0.10134931    0.39947308    0.38919289    0.37270785    0.48118722    0.45736725    0.48656350    0.47663212    0.45982187    0.47305522    0.50601373    0.45816874    0.45816874    0.44247745    0.44005338
T14            0.40420419    0.07205337    0.06999540    0.09909895    0.07904214    0.07859414    0.03914492    0.00000000    0.09697930    0.09004957    0.38649633    0.37270785    0.36745775    0.47399656    0.45039281    0.47932774    0.46334013    0.45548755    0.45982187    0.49203998    0.44270588    0.45119054    0.43663889    0.43436299
T8             0.38934178    0.07859414    0.08088810    0.11042559    0.09004957    0.10825950    0.10838139    0.09697930    0.00000000    0.00602722    0.36495603    0.35515421    0.34639525    0.44884653    0.41808410    0.43851701    0.42759061    0.42015823    0.42422768    0.45200467    0.40814517    0.40814517    0.42496619    0.42686615
T0             0.37857902    0.07186071    0.07412863    0.10339363    0.08319264    0.10598854    0.10134931    0.09004957    0.00602722    0.00000000    0.35470606    0.34504398    0.33637385    0.43704441    0.40684287    0.42686615    0.41612168    0.40881858    0.41280679    0.44693019    0.39704158    0.40486197    0.41351104    0.41543134
T1             0.40748659    0.35737375    0.36449671    0.38591972    0.36405113    0.38496094    0.39947308    0.38649633    0.36495603    0.35470606    0.00000000    0.05393451    0.06932178    0.45157227    0.42478588    0.43563562    0.43436299    0.43510583    0.44772604    0.47485769    0.41475609    0.42015823    0.41682711    0.41876024
T3             0.40093646    0.34768322    0.35470606    0.38311585    0.35427132    0.37489038    0.38919289    0.37270785    0.35515421    0.34504398    0.05393451    0.00000000    0.06932178    0.44319461    0.41677759    0.42749688    0.43024324    0.42279675    0.43510583    0.46603589    0.40293279    0.41211750    0.42088007    0.41211750
T10            0.40622161    0.33895787    0.34593180    0.37396261    0.34548136    0.36230276    0.37270785    0.36745775    0.34639525    0.33637385    0.06932178    0.06932178    0.00000000    0.44884653    0.42210434    0.43292470    0.42350453    0.42422768    0.43663889    0.46773160    0.40814517    0.41351104    0.41166039    0.40295105
T6             0.22159887    0.43154967    0.43975528    0.46702859    0.44319461    0.46995157    0.48118722    0.47399656    0.44884653    0.43704441    0.45157227    0.44319461    0.44884653    0.00000000    0.02442195    0.03064719    0.10556929    0.10329821    0.10566272    0.13933589    0.09860253    0.10784800    0.24101462    0.24303255
T9             0.21095432    0.40172037    0.40951006    0.43581327    0.41282110    0.43837665    0.45736725    0.45039281    0.41808410    0.40684287    0.42478588    0.41677759    0.42210434    0.02442195    0.00000000    0.01827001    0.08963705    0.08741407    0.08972927    0.12267730    0.08281561    0.09653017    0.22713899    0.22621308
T7             0.21900233    0.42815995    0.43633203    0.46347314    0.43975528    0.46639169    0.48656350    0.47932774    0.43851701    0.42686615    0.43563562    0.42749688    0.43292470    0.03064719    0.01827001    0.00000000    0.09195763    0.08972927    0.09205526    0.12514098    0.08741407    0.10123696    0.23536628    0.24035876
T21            0.19793479    0.40951006    0.42142731    0.45222509    0.42076568    0.45083889    0.47663212    0.46334013    0.42759061    0.41612168    0.43436299    0.43024324    0.42350453    0.10556929    0.08963705    0.09195763    0.00000000    0.01414125    0.03280832    0.06074081    0.04760962    0.07177482    0.20015884    0.19931165
T2             0.19824533    0.40231920    0.41409596    0.44873827    0.41742321    0.44736587    0.45982187    0.45548755    0.42015823    0.40881858    0.43510583    0.42279675    0.42422768    0.10329821    0.08741407    0.08972927    0.01414125    0.00000000    0.03073381    0.06304280    0.04549526    0.06960305    0.19763323    0.19678259
T13            0.20108761    0.40621401    0.41808410    0.46135781    0.42953314    0.44736587    0.47305522    0.45982187    0.42422768    0.41280679    0.44772604    0.43510583    0.43663889    0.10566272    0.08972927    0.09205526    0.03280832    0.03073381    0.00000000    0.04776658    0.04765528    0.07186071    0.20616019    0.20523728
T5             0.24403714    0.43563562    0.44809800    0.49777631    0.46009289    0.46995157    0.50601373    0.49203998    0.45200467    0.44693019    0.47485769    0.46603589    0.46773160    0.13933589    0.12267730    0.12514098    0.06074081    0.06304280    0.04776658    0.00000000    0.07849973    0.10638210    0.23412557    0.24207351
T12            0.18981428    0.39845454    0.41013943    0.44460166    0.41345096    0.43088590    0.45816874    0.44270588    0.40814517    0.39704158    0.41475609    0.40293279    0.40814517    0.09860253    0.08281561    0.08741407    0.04760962    0.04549526    0.04765528    0.07849973    0.00000000    0.06511812    0.19426258    0.19904748
T17            0.19824533    0.41409596    0.42615721    0.46135781    0.42953314    0.44736587    0.45816874    0.45119054    0.40814517    0.40486197    0.42015823    0.41211750    0.41351104    0.10784800    0.09653017    0.10123696    0.07177482    0.06960305    0.07186071    0.10638210    0.06511812    0.00000000    0.20269350    0.20750211
T4             0.18952744    0.39256452    0.41612168    0.44390922    0.41543134    0.42210434    0.44247745    0.43663889    0.42496619    0.41351104    0.41682711    0.42088007    0.41166039    0.24101462    0.22713899    0.23536628    0.20015884    0.19763323    0.20616019    0.23412557    0.19426258    0.20269350    0.00000000    0.06492671
T11            0.18872003    0.40621401    0.42210434    0.45290945    0.41742321    0.43495518    0.44005338    0.43436299    0.42686615    0.41543134    0.41876024    0.41211750    0.40295105    0.24303255    0.22621308    0.24035876    0.19931165    0.19678259    0.20523728    0.24207351    0.19904748    0.20750211    0.06492671    0.00000000

