24
T14            0.00000000    0.41133760    0.51304057    0.44394732    0.25451211    0.28246527    0.28569982    0.29337328    0.25635611    0.25909299    0.26279661    0.25875216    0.30219593    0.28852285    0.27409309    0.27451712    0.27091013    0.26074606    0.25155049    0.25188444    0.27327751    0.26074606    0.24649048    0.28936644
T5             0.41133760    0.00000000    0.14903589    0.07607271    0.38297954    0.41361645    0.41361645    0.43714755    0.39181834    0.39503586    0.37946564    0.37452434    0.43623831    0.43108589    0.43285164    0.43807252    0.43714755    0.38014083    0.37630849    0.35818058    0.39975855    0.38400294    0.36315755    0.40731998
T1             0.51304057    0.14903589    0.00000000    0.13201500    0.49457459    0.52835160    0.52351529    0.52659483    0.48000558    0.49264061    0.47640381    0.48441298    0.54769310    0.52383900    0.53871263    0.54495395    0.54377106    0.48622289    0.47724729    0.46488307    0.50667144    0.49263677    0.45948642    0.50373025
T6             0.44394732    0.07607271    0.13201500    0.00000000    0.41852377    0.44475487    0.44903116    0.46038742    0.42204407    0.42539481    0.41060785    0.42185203    0.48875476    0.46038742    0.46675498    0.47229080    0.47128508    0.41947156    0.40731998    0.38835503    0.44040840    0.42358899    0.39754357    0.43404392
T8             0.25451211    0.38297954    0.49457459    0.41852377    0.00000000    0.18283639    0.18012954    0.20249387    0.16699946    0.16944711    0.17475963    0.15488872    0.19714393    0.18082644    0.18741375    0.19051286    0.19020447    0.17272738    0.15210589    0.14714663    0.17589132    0.16517930    0.15010277    0.19033995
T4             0.28246527    0.41361645    0.52835160    0.44475487    0.18283639    0.00000000    0.01415503    0.10175502    0.07632262    0.07851155    0.08310181    0.12229754    0.17541243    0.15970777    0.16321123    0.16612372    0.16587491    0.13985928    0.12517153    0.12011456    0.14240043    0.13231282    0.12532949    0.15933152
T10            0.28569982    0.41361645    0.52351529    0.44903116    0.18012954    0.01415503    0.00000000    0.10414959    0.07860722    0.08080139    0.08541294    0.12229754    0.17811207    0.16232916    0.16056175    0.16345284    0.16321123    0.14240043    0.12764944    0.12256194    0.15010277    0.13985928    0.12781362    0.16193908
T22            0.29337328    0.43714755    0.52659483    0.46038742    0.20249387    0.10175502    0.10414959    0.00000000    0.06979767    0.07196573    0.07881981    0.13450517    0.18604380    0.16212985    0.15249164    0.15530476    0.15509258    0.14222185    0.12256194    0.11513747    0.14476948    0.13465636    0.12270591    0.15656899
T17            0.25635611    0.39181834    0.48000558    0.42204407    0.16699946    0.07632262    0.07860722    0.06979767    0.00000000    0.00602728    0.01824874    0.10087368    0.14173510    0.12940657    0.12502142    0.12764944    0.12749313    0.10567800    0.08948420    0.08711779    0.11044376    0.10095749    0.08956310    0.12186373
T23            0.25909299    0.39503586    0.49264061    0.42539481    0.16944711    0.07851155    0.08080139    0.07196573    0.00602728    0.00000000    0.02029504    0.10314099    0.14411092    0.13422706    0.12734474    0.12997719    0.12982257    0.10795443    0.09171825    0.08934863    0.10558296    0.10087368    0.08948420    0.12419263
T15            0.26279661    0.37946564    0.47640381    0.41060785    0.17475963    0.08310181    0.08541294    0.07881981    0.01824874    0.02029504    0.00000000    0.10786138    0.14919290    0.13921980    0.12734474    0.12997719    0.12982257    0.10795443    0.09171825    0.08934863    0.11273157    0.10322274    0.09179514    0.12887451
T7             0.25875216    0.37452434    0.48441298    0.42185203    0.15488872    0.12229754    0.12229754    0.13450517    0.10087368    0.10314099    0.10786138    0.00000000    0.09900231    0.08974299    0.11841592    0.12566883    0.12088167    0.10125431    0.08282587    0.08062087    0.10626730    0.09675770    0.08310181    0.11974783
T2             0.30219593    0.43623831    0.54769310    0.48875476    0.19714393    0.17541243    0.17811207    0.18604380    0.14173510    0.14411092    0.14919290    0.09900231    0.00000000    0.08530837    0.15838951    0.16612372    0.16103907    0.13985928    0.12517153    0.12532949    0.15575398    0.14534942    0.13067478    0.16719560
T0             0.28852285    0.43108589    0.52383900    0.46038742    0.18082644    0.15970777    0.16232916    0.16212985    0.12940657    0.13422706    0.13921980    0.08974299    0.08530837    0.00000000    0.15074762    0.15838951    0.15336240    0.13498286    0.11795071    0.10840331    0.13534136    0.12532949    0.11596233    0.15210589
T21            0.27409309    0.43285164    0.53871263    0.46675498    0.18741375    0.16321123    0.16056175    0.15249164    0.12502142    0.12734474    0.12734474    0.11841592    0.15838951    0.15074762    0.00000000    0.00602728    0.00200403    0.09924131    0.08310181    0.08552470    0.10881974    0.09713249    0.08344226    0.11284389
T18            0.27451712    0.43807252    0.54495395    0.47229080    0.19051286    0.16612372    0.16345284    0.15530476    0.12764944    0.12997719    0.12997719    0.12566883    0.16612372    0.15838951    0.00602728    0.00000000    0.00805169    0.10626730    0.08995216    0.09241147    0.11109118    0.09937193    0.08564363    0.11998447
T13            0.27091013    0.43714755    0.54377106    0.47128508    0.19020447    0.16587491    0.16321123    0.15509258    0.12749313    0.12982257    0.12982257    0.12088167    0.16103907    0.15336240    0.00200403    0.00805169    0.00000000    0.10161868    0.08541294    0.08785208    0.11124346    0.09950992    0.08576970    0.11525565
T19            0.26074606    0.38014083    0.48622289    0.41947156    0.17272738    0.13985928    0.14240043    0.14222185    0.10567800    0.10795443    0.10795443    0.10125431    0.13985928    0.13498286    0.09924131    0.10626730    0.10161868    0.00000000    0.03295061    0.05207129    0.08733837    0.07607271    0.06728775    0.10314099
T9             0.25155049    0.37630849    0.47724729    0.40731998    0.15210589    0.12517153    0.12764944    0.12256194    0.08948420    0.09171825    0.09171825    0.08282587    0.12517153    0.11795071    0.08310181    0.08995216    0.08541294    0.03295061    0.00000000    0.03492960    0.07381414    0.06277136    0.04977804    0.08251123
T16            0.25188444    0.35818058    0.46488307    0.38835503    0.14714663    0.12011456    0.12256194    0.11513747    0.08711779    0.08934863    0.08934863    0.08062087    0.12532949    0.10840331    0.08552470    0.09241147    0.08785208    0.05207129    0.03492960    0.00000000    0.07163168    0.06061774    0.04765911    0.08255950
T11            0.27327751    0.39975855    0.50667144    0.44040840    0.17589132    0.14240043    0.15010277    0.14476948    0.11044376    0.10558296    0.11273157    0.10626730    0.15575398    0.13534136    0.10881974    0.11109118    0.11124346    0.08733837    0.07381414    0.07163168    0.00000000    0.01007300    0.03910688    0.10314099
T12            0.26074606    0.38400294    0.49263677    0.42358899    0.16517930    0.13231282    0.13985928    0.13465636    0.10095749    0.10087368    0.10322274    0.09675770    0.14534942    0.12532949    0.09713249    0.09937193    0.09950992    0.07607271    0.06277136    0.06061774    0.01007300    0.00000000    0.02859883    0.09164882
T3             0.24649048    0.36315755    0.45948642    0.39754357    0.15010277    0.12532949    0.12781362    0.12270591    0.08956310    0.08948420    0.09179514    0.08310181    0.13067478    0.11596233    0.08344226    0.08564363    0.08576970    0.06728775    0.04977804    0.04765911    0.03910688    0.02859883    0.00000000    0.07814048
T20            0.28936644    0.40731998    0.50373025    0.43404392    0.19033995    0.15933152    0.16193908    0.15656899    0.12186373    0.12419263    0.12887451    0.11974783    0.16719560    0.15210589    0.11284389    0.11998447    0.11525565    0.10314099    0.08251123    0.08255950    0.10314099    0.09164882    0.07814048    0.00000000

