24
T17            0.00000000    0.22311634    0.21735901    0.25565742    0.24079931    0.23954793    0.23917999    0.28096091    0.24683615    0.30125236    0.29463384    0.24167157    0.25004612    0.25699203    0.28617091    0.23846969    0.22184300    0.23579581    0.20116233    0.19331952    0.24184055    0.23582170    0.22463475    0.22139055
T16            0.22311634    0.00000000    0.01827081    0.15933319    0.14953265    0.13768549    0.13750426    0.19886851    0.18306756    0.17564656    0.17787846    0.19244157    0.20303307    0.20651987    0.24252583    0.19771748    0.18469814    0.19517773    0.15673942    0.13450637    0.17787846    0.17518642    0.17295445    0.16517871
T18            0.21735901    0.01827081    0.00000000    0.15415911    0.14697216    0.13515737    0.13498258    0.19608628    0.18035352    0.17835332    0.18058514    0.18972037    0.20026654    0.20371421    0.23955272    0.19497381    0.17666601    0.19244157    0.15159211    0.12953873    0.17518642    0.17250888    0.17027683    0.16253662
T0             0.25565742    0.15933319    0.15415911    0.00000000    0.16496446    0.15598797    0.15838677    0.18805895    0.20788340    0.21559937    0.20987483    0.23422696    0.24852589    0.24952769    0.27846290    0.23100871    0.22894109    0.23718249    0.19356197    0.17765422    0.20759193    0.21394220    0.21976764    0.21943304
T23            0.24079931    0.14953265    0.14697216    0.16496446    0.00000000    0.14577407    0.14814425    0.19434400    0.18905793    0.19381355    0.19104672    0.20026654    0.21378577    0.21450514    0.24790991    0.21970715    0.21191854    0.21710132    0.18555880    0.17250888    0.20788340    0.21074577    0.21137333    0.21105487
T1             0.23954793    0.13768549    0.13515737    0.15598797    0.14577407    0.00000000    0.02239019    0.15770613    0.19551338    0.20308868    0.20025069    0.20421543    0.21790347    0.21879247    0.24347257    0.20677376    0.19633648    0.20987483    0.17860388    0.16563277    0.19520754    0.20086758    0.19020001    0.18711861
T13            0.23917999    0.13750426    0.13498258    0.15838677    0.14814425    0.02239019    0.00000000    0.16011719    0.19520754    0.21137333    0.20849431    0.20396013    0.21762640    0.21272886    0.24314676    0.20651987    0.20166639    0.20960340    0.17835332    0.16540148    0.19491068    0.19491068    0.19551338    0.19240149
T7             0.28096091    0.19886851    0.19608628    0.18805895    0.19434400    0.15770613    0.16011719    0.00000000    0.23727647    0.27494703    0.27174398    0.26247285    0.27736304    0.28165530    0.31194820    0.27143470    0.26624308    0.26385055    0.23250942    0.22661547    0.24683615    0.25294715    0.24755728    0.24415475
T19            0.24683615    0.18306756    0.18035352    0.20788340    0.18905793    0.19551338    0.19520754    0.23727647    0.00000000    0.19056807    0.19331952    0.25258311    0.26186365    0.27090802    0.31086159    0.24551681    0.24952769    0.24884947    0.21879247    0.20166639    0.23125726    0.23054648    0.21879247    0.21559937
T21            0.30125236    0.17564656    0.17835332    0.21559937    0.19381355    0.20308868    0.21137333    0.27494703    0.19056807    0.00000000    0.01413425    0.25155328    0.26624308    0.27288688    0.29378450    0.26900681    0.26385055    0.26624308    0.24755728    0.22792344    0.25534787    0.24603737    0.26711715    0.26034683
T9             0.29463384    0.17787846    0.18058514    0.20987483    0.19104672    0.20025069    0.20849431    0.27174398    0.19331952    0.01413425    0.00000000    0.24852589    0.26314024    0.26973483    0.29378450    0.27213891    0.26074761    0.26314024    0.25062226    0.23089699    0.25849051    0.24912155    0.27032040    0.26349927
T14            0.24167157    0.19244157    0.18972037    0.23422696    0.20026654    0.20421543    0.20396013    0.26247285    0.25258311    0.25155328    0.24852589    0.00000000    0.01007302    0.05002222    0.08552409    0.12928645    0.11024051    0.12694935    0.18761363    0.17951600    0.21272886    0.20987483    0.21848653    0.21531142
T8             0.25004612    0.20303307    0.20026654    0.24852589    0.21378577    0.21790347    0.21762640    0.27736304    0.26186365    0.26624308    0.26314024    0.01007302    0.00000000    0.06090547    0.09699959    0.13646226    0.11723231    0.13163157    0.19539097    0.18720471    0.22661547    0.21790347    0.22661547    0.22340053
T12            0.25699203    0.20651987    0.20371421    0.24952769    0.21450514    0.21879247    0.21272886    0.28165530    0.27090802    0.27288688    0.26973483    0.05002222    0.06090547    0.00000000    0.09504012    0.13686001    0.12734543    0.13700892    0.20730982    0.19331952    0.22758183    0.22463475    0.22170503    0.21848653
T15            0.28617091    0.24252583    0.23955272    0.27846290    0.24790991    0.24347257    0.24314676    0.31194820    0.31086159    0.29378450    0.29378450    0.08552409    0.09699959    0.09504012    0.00000000    0.18261615    0.16456166    0.18013077    0.23452590    0.22573731    0.26735402    0.25801570    0.26814828    0.26148106
T5             0.23846969    0.19771748    0.19497381    0.23100871    0.21970715    0.20677376    0.20651987    0.27143470    0.24551681    0.26900681    0.27213891    0.12928645    0.13646226    0.13686001    0.18261615    0.00000000    0.04977824    0.05853464    0.19012588    0.17932900    0.20069563    0.20347771    0.22108571    0.21790347
T2             0.22184300    0.18469814    0.17666601    0.22894109    0.21191854    0.19633648    0.20166639    0.26624308    0.24952769    0.26385055    0.26074761    0.11024051    0.11723231    0.12734543    0.16456166    0.04977824    0.00000000    0.05200865    0.18261615    0.17456201    0.20421543    0.20140970    0.20759193    0.20448010
T10            0.23579581    0.19517773    0.19244157    0.23718249    0.21710132    0.20987483    0.20960340    0.26385055    0.24884947    0.26624308    0.26314024    0.12694935    0.13163157    0.13700892    0.18013077    0.05853464    0.05200865    0.00000000    0.19584527    0.18220059    0.20651987    0.20934144    0.22139055    0.21531142
T11            0.20116233    0.15673942    0.15159211    0.19356197    0.18555880    0.17860388    0.17835332    0.23250942    0.21879247    0.24755728    0.25062226    0.18761363    0.19539097    0.20730982    0.23452590    0.19012588    0.18261615    0.19584527    0.00000000    0.04542242    0.10114869    0.09645055    0.09664790    0.09889458
T22            0.19331952    0.13450637    0.12953873    0.17765422    0.17250888    0.16563277    0.16540148    0.22661547    0.20166639    0.22792344    0.23089699    0.17951600    0.18720471    0.19331952    0.22573731    0.17932900    0.17456201    0.18220059    0.04542242    0.00000000    0.09900257    0.09197174    0.09217661    0.09207050
T6             0.24184055    0.17787846    0.17518642    0.20759193    0.20788340    0.19520754    0.19491068    0.24683615    0.23125726    0.25534787    0.25849051    0.21272886    0.22661547    0.22758183    0.26735402    0.20069563    0.20421543    0.20651987    0.10114869    0.09900257    0.00000000    0.03067095    0.11336959    0.11565632
T4             0.23582170    0.17518642    0.17250888    0.21394220    0.21074577    0.20086758    0.19491068    0.25294715    0.23054648    0.24603737    0.24912155    0.20987483    0.21790347    0.22463475    0.25801570    0.20347771    0.20140970    0.20934144    0.09645055    0.09197174    0.03067095    0.00000000    0.10374562    0.10600913
T3             0.22463475    0.17295445    0.17027683    0.21976764    0.21137333    0.19020001    0.19551338    0.24755728    0.21879247    0.26711715    0.27032040    0.21848653    0.22661547    0.22170503    0.26814828    0.22108571    0.20759193    0.22139055    0.09664790    0.09217661    0.11336959    0.10374562    0.00000000    0.01006789
T20            0.22139055    0.16517871    0.16253662    0.21943304    0.21105487    0.18711861    0.19240149    0.24415475    0.21559937    0.26034683    0.26349927    0.21531142    0.22340053    0.21848653    0.26148106    0.21790347    0.20448010    0.21531142    0.09889458    0.09207050    0.11565632    0.10600913    0.01006789    0.00000000

