24
T22            0.00000000    0.38166200    0.38864317    0.39824980    0.39435494    0.40150002    0.39435494    0.41012005    0.41745394    0.40220547    0.42871555    0.43840258    0.41067420    0.41797007    0.42545449    0.39894371    0.36532030    0.37160301    0.37160301    0.37311646    0.38371980    0.36845593    0.36845593    0.34330858
T4             0.38166200    0.00000000    0.04124042    0.07185856    0.06960090    0.07403498    0.06960090    0.08078530    0.08529066    0.07807591    0.23174247    0.25662938    0.22679388    0.22648346    0.28953248    0.25410379    0.24567787    0.22299177    0.23115542    0.21627415    0.22745752    0.21584824    0.21584824    0.23618256
T15            0.38864317    0.04124042    0.00000000    0.08088548    0.07859152    0.08308453    0.07859152    0.08529066    0.08982450    0.08481907    0.22851866    0.24776622    0.21836309    0.21806855    0.30215649    0.26606152    0.26057207    0.24032439    0.24869149    0.22507692    0.23645858    0.22745752    0.22745752    0.24775709
T20            0.39824980    0.07185856    0.08088548    0.00000000    0.01620799    0.02031417    0.01620799    0.04139569    0.04133743    0.08519406    0.24204836    0.26782827    0.23711895    0.23075182    0.29769425    0.25241602    0.25314953    0.23006530    0.23832434    0.22010862    0.23144403    0.22245561    0.22245561    0.23734669
T14            0.39435494    0.06960090    0.07859152    0.01620799    0.00000000    0.00804334    0.00401206    0.03710344    0.03705440    0.08060617    0.24204836    0.26145451    0.23110954    0.22483150    0.28465567    0.25241602    0.24702978    0.22417991    0.23236880    0.21439178    0.22561033    0.21673882    0.21673882    0.23144403
T11            0.40150002    0.07403498    0.08308453    0.02031417    0.00804334    0.00000000    0.00401105    0.04133743    0.03914417    0.08281070    0.24776622    0.26736561    0.23674319    0.23040373    0.28506256    0.25820307    0.25277767    0.22973653    0.23798855    0.21984400    0.23115542    0.22220210    0.22220210    0.23704067
T12            0.39435494    0.06960090    0.07859152    0.01620799    0.00401206    0.00401105    0.00000000    0.03710344    0.03705440    0.07832793    0.24204836    0.26145451    0.23110954    0.22483150    0.28465567    0.25241602    0.24702978    0.22417991    0.23236880    0.21439178    0.22561033    0.21673882    0.21673882    0.23144403
T3             0.41012005    0.08078530    0.08529066    0.04139569    0.03710344    0.04133743    0.03710344    0.00000000    0.01417420    0.08963142    0.24435176    0.27011034    0.23939088    0.23902552    0.30343412    0.25784305    0.25241602    0.22648346    0.24365387    0.21958903    0.23380204    0.22482491    0.22482491    0.23674462
T6             0.41745394    0.08529066    0.08982450    0.04133743    0.03705440    0.03914417    0.03705440    0.01417420    0.00000000    0.09418692    0.25008028    0.27609348    0.24508960    0.24471570    0.30299670    0.26992355    0.26441794    0.23205074    0.24936555    0.22507692    0.23940984    0.23034896    0.23034896    0.24536523
T8             0.40220547    0.07807591    0.08481907    0.08519406    0.08060617    0.08281070    0.07832793    0.08963142    0.09418692    0.00000000    0.24064928    0.25432608    0.23338151    0.23303421    0.29523491    0.25955751    0.25410379    0.22533874    0.23940984    0.22721693    0.23325724    0.22963213    0.22963213    0.23970465
T2             0.42871555    0.23174247    0.22851866    0.24204836    0.24204836    0.24776622    0.24204836    0.24435176    0.25008028    0.24064928    0.00000000    0.11764715    0.08494736    0.08716822    0.30677783    0.28068841    0.27437550    0.24775709    0.24477054    0.23885051    0.24395542    0.24077048    0.24077048    0.26138441
T23            0.43840258    0.25662938    0.24776622    0.26782827    0.26145451    0.26736561    0.26145451    0.27011034    0.27609348    0.25432608    0.11764715    0.00000000    0.06107911    0.06098401    0.33121413    0.29769425    0.29113240    0.28030222    0.28267103    0.27547166    0.27752198    0.27716847    0.27716847    0.27826188
T17            0.41067420    0.22679388    0.21836309    0.23711895    0.23110954    0.23674319    0.23110954    0.23939088    0.24508960    0.23338151    0.08494736    0.06107911    0.00000000    0.02866551    0.31798643    0.27547166    0.26296380    0.25477386    0.25715421    0.24805830    0.25317662    0.24989298    0.24989298    0.25378432
T1             0.41797007    0.22648346    0.21806855    0.23075182    0.22483150    0.23040373    0.22483150    0.23902552    0.24471570    0.23303421    0.08716822    0.06098401    0.02866551    0.00000000    0.30754471    0.26882212    0.26882212    0.25139251    0.25076161    0.23885051    0.24395542    0.24077048    0.24077048    0.25347525
T5             0.42545449    0.28953248    0.30215649    0.29769425    0.28465567    0.28506256    0.28465567    0.30343412    0.30299670    0.29523491    0.30677783    0.33121413    0.31798643    0.30754471    0.00000000    0.15024903    0.12745370    0.13259763    0.12730649    0.14898593    0.15170000    0.14366018    0.14366018    0.21108674
T18            0.39894371    0.25410379    0.26606152    0.25241602    0.25241602    0.25820307    0.25241602    0.25784305    0.26992355    0.25955751    0.28068841    0.29769425    0.27547166    0.26882212    0.15024903    0.00000000    0.07849661    0.10442400    0.10412010    0.12239128    0.13211887    0.11971682    0.11971682    0.19852180
T21            0.36532030    0.24567787    0.26057207    0.25314953    0.24702978    0.25277767    0.24702978    0.25241602    0.26441794    0.25410379    0.27437550    0.29113240    0.26296380    0.26882212    0.12745370    0.07849661    0.00000000    0.08550525    0.08760587    0.10320046    0.10547256    0.09157026    0.09157026    0.17943889
T13            0.37160301    0.22299177    0.24032439    0.23006530    0.22417991    0.22973653    0.22417991    0.22648346    0.23205074    0.22533874    0.24775709    0.28030222    0.25477386    0.25139251    0.13259763    0.10442400    0.08550525    0.00000000    0.03924495    0.08963142    0.09418692    0.08260137    0.08260137    0.15410250
T7             0.37160301    0.23115542    0.24869149    0.23832434    0.23236880    0.23798855    0.23236880    0.24365387    0.24936555    0.23940984    0.24477054    0.28267103    0.25715421    0.25076161    0.12730649    0.10412010    0.08760587    0.03924495    0.00000000    0.09177723    0.09634198    0.08476586    0.08476586    0.16712811
T10            0.37311646    0.21627415    0.22507692    0.22010862    0.21439178    0.21984400    0.21439178    0.21958903    0.22507692    0.22721693    0.23885051    0.27547166    0.24805830    0.23885051    0.14898593    0.12239128    0.10320046    0.08963142    0.09177723    0.00000000    0.02028049    0.02233501    0.02233501    0.15378971
T9             0.38371980    0.22745752    0.23645858    0.23144403    0.22561033    0.23115542    0.22561033    0.23380204    0.23940984    0.23325724    0.24395542    0.27752198    0.25317662    0.24395542    0.15170000    0.13211887    0.10547256    0.09418692    0.09634198    0.02028049    0.00000000    0.02647062    0.02647062    0.15620416
T0             0.36845593    0.21584824    0.22745752    0.22245561    0.21673882    0.22220210    0.21673882    0.22482491    0.23034896    0.22963213    0.24077048    0.27716847    0.24989298    0.24077048    0.14366018    0.11971682    0.09157026    0.08260137    0.08476586    0.02233501    0.02647062    0.00000000    0.00000000    0.14593282
T19            0.36845593    0.21584824    0.22745752    0.22245561    0.21673882    0.22220210    0.21673882    0.22482491    0.23034896    0.22963213    0.24077048    0.27716847    0.24989298    0.24077048    0.14366018    0.11971682    0.09157026    0.08260137    0.08476586    0.02233501    0.02647062    0.00000000    0.00000000    0.14593282
T16            0.34330858    0.23618256    0.24775709    0.23734669    0.23144403    0.23704067    0.23144403    0.23674462    0.24536523    0.23970465    0.26138441    0.27826188    0.25378432    0.25347525    0.21108674    0.19852180    0.17943889    0.15410250    0.16712811    0.15378971    0.15620416    0.14593282    0.14593282    0.00000000

