24
T21            0.00000000    0.42267960    0.34757215    0.37893339    0.38747762    0.38108419    0.38484667    0.40652113    0.41744587    0.41011226    0.36649725    0.37588438    0.37145466    0.37523153    0.36709506    0.44584137    0.42129052    0.40652113    0.45356947    0.46142460    0.38664910    0.42004899    0.42004899    0.29769058
T10            0.42267960    0.00000000    0.14630574    0.16395789    0.17943812    0.16430730    0.16957209    0.26881977    0.28211633    0.27929889    0.24989164    0.25682342    0.25650526    0.25046004    0.23884914    0.30545586    0.29275756    0.28224933    0.35549906    0.36591273    0.30588096    0.32479034    0.32479034    0.20272603
T0             0.34757215    0.14630574    0.00000000    0.03284773    0.08519383    0.07621815    0.08308424    0.25347350    0.25755993    0.25184020    0.20699220    0.21584756    0.21564935    0.21007638    0.21546092    0.27027821    0.26443319    0.25046004    0.31225454    0.31519483    0.27306515    0.28778492    0.28778492    0.17087062
T4             0.37893339    0.16395789    0.03284773    0.00000000    0.10134329    0.08750365    0.09449792    0.27437324    0.27527807    0.26940818    0.23186355    0.24126443    0.24101186    0.22941255    0.22920389    0.29810080    0.29200478    0.27751959    0.33157896    0.33458896    0.30754202    0.31966371    0.31966371    0.18374763
T8             0.38747762    0.17943812    0.08519383    0.10134329    0.00000000    0.03284773    0.03924486    0.29275756    0.30315090    0.29702952    0.25184020    0.24962308    0.25533783    0.25234248    0.26109929    0.30061306    0.29450449    0.27997022    0.36944643    0.37259498    0.30677554    0.32559660    0.32559660    0.21025898
T15            0.38108419    0.16430730    0.07621815    0.08750365    0.03284773    0.00000000    0.00603634    0.28068588    0.28462872    0.27867213    0.25835125    0.26229818    0.26813941    0.25893218    0.25863639    0.31126729    0.30504242    0.29030702    0.37049497    0.37364321    0.31419069    0.33327872    0.33327872    0.19687362
T7             0.38484667    0.16957209    0.08308424    0.09449792    0.03924486    0.00603634    0.00000000    0.29030702    0.29415780    0.28811119    0.26138296    0.26537665    0.27124660    0.26198243    0.26781538    0.32137509    0.31504899    0.30011718    0.38165675    0.38484667    0.32433266    0.34373924    0.34373924    0.20509563
T12            0.40652113    0.26881977    0.25347350    0.27437324    0.29275756    0.28068588    0.29030702    0.00000000    0.10338532    0.10586482    0.17265109    0.17335388    0.17311107    0.17311107    0.16532958    0.21350132    0.21381655    0.20075322    0.25548255    0.25512187    0.22778037    0.23567195    0.23567195    0.20209998
T2             0.41744587    0.28211633    0.25755993    0.27527807    0.30315090    0.28462872    0.29415780    0.10338532    0.00000000    0.00401105    0.19047733    0.19397562    0.19649546    0.19095315    0.17448768    0.22648150    0.22973432    0.21350132    0.28829753    0.28788035    0.23500867    0.24064705    0.24064705    0.20873850
T14            0.41011226    0.27929889    0.25184020    0.26940818    0.29702952    0.27867213    0.28811119    0.10586482    0.00401105    0.00000000    0.18524430    0.18870124    0.19120448    0.18570790    0.17202556    0.22095819    0.22417778    0.21093341    0.28224933    0.28184201    0.22941539    0.24032231    0.24032231    0.20617007
T1             0.36649725    0.24989164    0.20699220    0.23186355    0.25184020    0.25835125    0.26138296    0.17265109    0.19047733    0.18524430    0.00000000    0.01824796    0.01823226    0.01823226    0.06937784    0.13477058    0.12993511    0.12314316    0.20437233    0.20410930    0.16026654    0.17287680    0.17287680    0.17925195
T18            0.37588438    0.25682342    0.21584756    0.24126443    0.24962308    0.26229818    0.26537665    0.17335388    0.19397562    0.18870124    0.01824796    0.00000000    0.00401105    0.02037285    0.07185834    0.13277214    0.13295522    0.12870052    0.20806682    0.20776811    0.15831705    0.17090882    0.17090882    0.18524430
T9             0.37145466    0.25650526    0.21564935    0.24101186    0.25533783    0.26813941    0.27124660    0.17311107    0.19649546    0.19120448    0.01823226    0.00401105    0.00000000    0.02034038    0.07177202    0.13763604    0.13277214    0.12849920    0.20776811    0.20747861    0.16337631    0.17605756    0.17605756    0.18502581
T22            0.37523153    0.25046004    0.21007638    0.22941255    0.25234248    0.25893218    0.26198243    0.17311107    0.19095315    0.18570790    0.01823226    0.02037285    0.02034038    0.00000000    0.06727706    0.13259689    0.12777083    0.12349783    0.20209998    0.20182653    0.15808349    0.17066476    0.17066476    0.17963316
T23            0.36709506    0.23884914    0.21546092    0.22920389    0.26109929    0.25863639    0.26781538    0.16532958    0.17448768    0.17202556    0.06937784    0.07185834    0.07177202    0.06727706    0.00000000    0.13242949    0.12760809    0.11872247    0.19623772    0.19598903    0.15263454    0.16510823    0.16510823    0.17411731
T11            0.44584137    0.30545586    0.27027821    0.29810080    0.30061306    0.31126729    0.32137509    0.21350132    0.22648150    0.22095819    0.13477058    0.13277214    0.13763604    0.13259689    0.13242949    0.00000000    0.08069197    0.07422463    0.20521659    0.20492600    0.15568460    0.16604391    0.16604391    0.22299017
T3             0.42129052    0.29275756    0.26443319    0.29200478    0.29450449    0.30504242    0.31504899    0.21381655    0.22973432    0.22417778    0.12993511    0.13295522    0.13277214    0.12777083    0.12760809    0.08069197    0.00000000    0.06304124    0.20492600    0.20464457    0.15808349    0.16579745    0.16579745    0.22327264
T17            0.40652113    0.28224933    0.25046004    0.27751959    0.27997022    0.29030702    0.30011718    0.20075322    0.21350132    0.21093341    0.12314316    0.12870052    0.12849920    0.12349783    0.11872247    0.07422463    0.06304124    0.00000000    0.19201189    0.19173387    0.15377391    0.15880873    0.15880873    0.21289878
T20            0.45356947    0.35549906    0.31225454    0.33157896    0.36944643    0.37049497    0.38165675    0.25548255    0.28829753    0.28224933    0.20437233    0.20806682    0.20776811    0.20209998    0.19623772    0.20521659    0.20492600    0.19201189    0.00000000    0.00602720    0.12084081    0.12745313    0.12745313    0.28829753
T6             0.46142460    0.36591273    0.31519483    0.33458896    0.37259498    0.37364321    0.38484667    0.25512187    0.28788035    0.28184201    0.20410930    0.20776811    0.20747861    0.20182653    0.19598903    0.20492600    0.20464457    0.19173387    0.00602720    0.00000000    0.11821584    0.12484237    0.12484237    0.29439905
T16            0.38664910    0.30588096    0.27306515    0.30754202    0.30677554    0.31419069    0.32433266    0.22778037    0.23500867    0.22941539    0.16026654    0.15831705    0.16337631    0.15808349    0.15263454    0.15568460    0.15808349    0.15377391    0.12084081    0.11821584    0.00000000    0.03919125    0.03919125    0.24399531
T19            0.42004899    0.32479034    0.28778492    0.31966371    0.32559660    0.33327872    0.34373924    0.23567195    0.24064705    0.24032231    0.17287680    0.17090882    0.17605756    0.17066476    0.16510823    0.16604391    0.16579745    0.15880873    0.12745313    0.12484237    0.03919125    0.00000000    0.00000000    0.25820041
T13            0.42004899    0.32479034    0.28778492    0.31966371    0.32559660    0.33327872    0.34373924    0.23567195    0.24064705    0.24032231    0.17287680    0.17090882    0.17605756    0.17066476    0.16510823    0.16604391    0.16579745    0.15880873    0.12745313    0.12484237    0.03919125    0.00000000    0.00000000    0.25820041
T5             0.29769058    0.20272603    0.17087062    0.18374763    0.21025898    0.19687362    0.20509563    0.20209998    0.20873850    0.20617007    0.17925195    0.18524430    0.18502581    0.17963316    0.17411731    0.22299017    0.22327264    0.21289878    0.28829753    0.29439905    0.24399531    0.25820041    0.25820041    0.00000000

